600850 华东电脑 日线 前复权
      日期	    开盘	    最高	    最低	    收盘	    成交量	    成交额
2011/10/10	17.96	18.57	17.96	18.22	550830	10268402.00
2011/10/11	18.78	18.95	17.40	17.85	1328135	24459820.00
2011/10/12	17.85	18.52	17.35	18.46	1399816	26097366.00
2011/10/13	18.67	19.07	18.46	19.04	1637491	31560582.00
2011/10/14	19.01	19.20	18.65	19.06	1192797	23083992.00
2011/10/17	19.06	20.81	18.89	20.74	3450016	70417512.00
2011/10/18	20.52	22.84	20.37	21.59	8362820	185654144.00
2011/10/19	21.23	21.86	20.70	20.98	4019273	87237384.00
2011/10/20	20.96	21.26	19.77	20.39	3068309	63580364.00
2011/10/21	20.30	20.88	20.07	20.45	2580252	54075060.00
2011/10/24	20.47	20.69	19.10	20.29	3283030	67000948.00
2011/10/25	20.33	21.53	20.17	21.20	4723003	101610424.00
2011/10/26	20.58	21.42	20.58	20.83	4015474	85811064.00
2011/10/27	20.89	22.15	20.68	21.41	4950744	108239560.00
2011/10/28	21.67	21.75	21.09	21.56	3898938	85144080.00
2011/10/31	21.50	22.15	21.12	21.76	3831737	84792728.00
2011/11/01	21.45	22.02	21.18	21.29	2905562	63824752.00
2011/11/02	20.96	22.51	20.81	22.26	5563438	123974928.00
2011/11/03	22.55	23.07	21.97	21.98	6019403	137917712.00
2011/11/04	22.11	22.33	21.59	21.76	2893831	64556928.00
2011/11/07	21.72	22.62	21.60	22.55	3969102	90368480.00
2011/11/08	22.72	22.77	22.15	22.20	3109976	71079584.00
2011/11/09	22.20	22.45	21.77	22.20	2424179	54739600.00
2011/11/10	22.18	22.87	22.08	22.32	4515870	103949280.00
2011/11/11	22.09	22.42	21.77	21.94	2394275	53654108.00
2011/11/14	22.07	22.42	22.07	22.25	1906910	43230112.00
2011/11/15	22.24	22.70	22.09	22.33	1792514	40896264.00
2011/11/16	22.33	23.02	22.22	22.23	4771064	110215072.00
2011/11/17	22.05	22.22	21.47	21.67	3079136	68452872.00
2011/11/18	21.57	21.57	21.07	21.13	1740475	37701496.00
2011/11/21	21.22	22.00	21.17	21.78	1565396	34547540.00
2011/11/22	21.57	21.95	21.32	21.51	1464775	32348110.00
2011/11/23	21.75	21.84	21.39	21.53	724248	15953798.00
2011/11/24	21.52	22.49	21.18	22.46	2935338	66060676.00
2011/11/25	22.79	23.67	22.52	22.70	5537949	130163336.00
2011/11/28	22.29	22.67	22.15	22.56	1964154	44726828.00
2011/11/29	22.62	23.35	22.62	22.92	2553419	59822584.00
2011/11/30	22.79	23.17	21.78	22.22	3047343	69696056.00
2011/12/01	22.87	23.07	22.45	22.76	2210481	51275536.00
2011/12/02	22.57	22.77	21.68	21.85	2403583	54056964.00
2011/12/05	21.85	22.02	20.27	20.44	1727561	37357196.00
2011/12/06	20.44	20.66	19.64	20.15	1578381	32518718.00
2011/12/07	20.24	20.76	20.10	20.70	1058099	22081824.00
2011/12/08	20.68	21.07	20.05	20.66	1137667	23842240.00
2011/12/09	20.51	20.96	20.17	20.57	934132	19736248.00
2011/12/12	20.57	21.34	20.27	20.96	1660476	35516584.00
2011/12/13	20.96	21.28	20.77	21.11	1802623	38636604.00
2011/12/14	21.16	21.16	19.45	19.55	1671720	34701416.00
2011/12/15	19.51	19.51	18.45	18.98	1738698	33639176.00
2011/12/16	18.96	19.94	18.57	19.90	1171327	23007172.00
2011/12/19	19.90	20.47	18.98	20.20	777660	15707497.00
2011/12/20	20.12	20.90	19.83	20.36	1264112	26526008.00
2011/12/21	20.70	20.73	20.07	20.09	1290590	26987820.00
2011/12/22	19.90	20.32	18.87	19.90	981122	19582480.00
2011/12/23	19.90	20.29	19.57	19.97	996333	20294958.00
2011/12/26	20.07	20.65	19.87	20.37	1489410	30738468.00
2011/12/27	20.37	20.51	19.73	19.84	1267349	26078376.00
2011/12/28	19.64	19.92	19.18	19.91	855813	17079280.00
2011/12/29	19.93	20.14	19.65	19.91	614807	12507223.00
2011/12/30	20.12	20.32	19.94	20.15	413606	8501760.00
2012/01/04	20.42	20.42	20.14	20.17	798069	16465593.00
2012/01/05	19.58	20.24	19.57	20.05	996730	20309094.00
2012/01/06	19.97	20.39	19.67	20.37	540665	11042064.00
2012/01/09	20.37	20.85	20.22	20.80	782685	16486087.00
2012/01/10	20.81	21.23	20.67	21.18	1212354	26003412.00
2012/01/11	21.20	22.57	21.05	21.49	1964190	43572248.00
2012/01/12	21.22	21.66	21.14	21.52	1110322	24298870.00
2012/01/13	21.44	21.57	21.15	21.51	1246238	27201232.00
2012/01/16	21.27	21.87	21.27	21.37	1008396	22157704.00
2012/01/17	21.35	22.35	20.59	22.31	1908764	42423224.00
2012/01/18	22.24	22.54	21.89	22.37	1462631	33287876.00
2012/01/19	22.38	22.82	22.13	22.77	1554917	35755608.00
2012/01/20	22.53	23.04	22.48	22.77	1028309	23849528.00
2012/01/30	22.87	22.87	22.17	22.38	691978	15883677.00
2012/01/31	22.28	22.56	22.17	22.47	401868	9150311.00
2012/02/01	22.54	22.54	22.28	22.46	531311	12126672.00
2012/02/02	22.37	22.59	22.17	22.57	528254	12094205.00
2012/02/03	22.77	22.92	22.39	22.85	911574	21112648.00
2012/02/06	22.84	22.85	22.49	22.55	955842	22012232.00
2012/02/07	22.42	22.43	21.99	22.03	1012134	22819796.00
2012/02/08	22.07	22.57	21.87	22.57	730257	16603610.00
2012/02/09	22.55	22.67	22.25	22.48	728222	16677557.00
2012/02/10	22.50	23.60	22.37	23.56	2805850	66624128.00
2012/02/13	23.56	25.37	23.18	24.61	3641443	91239720.00
2012/02/14	24.37	25.05	24.07	24.35	1664217	41449544.00
2012/02/15	24.57	24.66	24.18	24.51	1192904	29725552.00
2012/02/16	24.56	25.01	24.33	24.63	2148530	53833024.00
2012/02/17	24.48	24.83	24.13	24.55	1417839	35161252.00
2012/02/20	24.77	24.96	24.37	24.53	1643085	41120956.00
2012/02/21	24.45	25.54	24.19	25.42	2526350	64405040.00
2012/02/22	25.46	25.58	24.99	25.49	1646154	42436928.00
2012/02/23	25.45	26.67	25.45	26.57	2914958	77940096.00
2012/02/24	26.66	27.07	26.18	26.79	2429460	65941776.00
2012/02/27	26.80	26.97	26.42	26.56	2474878	66959704.00
2012/02/28	26.19	26.87	25.95	26.79	1884254	50794944.00
2012/02/29	26.82	27.22	26.59	26.83	1634105	44711956.00
2012/03/01	26.84	26.95	26.37	26.91	973118	26413940.00
2012/03/02	26.91	27.67	26.73	27.60	2009002	55472384.00
2012/03/05	27.57	28.47	27.37	28.22	1798565	51275316.00
2012/03/06	28.19	29.77	27.97	29.55	3073719	90874576.00
2012/03/14	31.57	31.57	27.88	28.24	6736741	200366272.00
2012/03/15	28.17	31.11	27.07	31.11	4961016	144457312.00
2012/03/16	31.41	33.47	31.33	31.91	6915929	227139856.00
2012/03/19	31.70	32.77	31.07	32.19	2958144	95218360.00
2012/03/20	31.93	31.93	30.57	30.66	2124192	67240920.00
2012/03/21	30.67	30.77	27.77	29.58	3517980	105214240.00
2012/03/22	29.07	29.37	28.57	28.68	1724346	50593560.00
2012/03/23	28.57	29.57	28.18	29.46	1930119	56683908.00
2012/03/26	29.25	29.25	28.11	28.25	1865666	54135608.00
2012/03/27	28.25	28.57	27.24	27.58	2183596	61596152.00
2012/03/28	27.59	27.67	26.17	26.24	2409786	66036120.00
2012/03/29	26.20	26.86	25.67	26.68	1968547	52730040.00
2012/03/30	26.62	27.07	26.24	26.64	2265379	61197616.00
2012/04/05	26.64	27.95	26.64	27.71	1917752	53614484.00
2012/04/06	27.58	28.77	27.32	28.56	1689435	48422172.00
2012/04/09	28.57	29.05	28.10	28.84	1281034	37164716.00
2012/04/10	29.07	29.15	27.60	29.06	1444279	41959220.00
2012/04/11	28.58	29.04	28.29	28.77	826942	24050052.00
2012/04/12	28.67	29.82	28.28	29.68	3085306	91226704.00
2012/04/13	29.67	29.81	29.26	29.38	1165595	34887208.00
2012/04/16	29.13	29.57	28.40	28.59	1068849	31183368.00
2012/04/17	28.56	28.66	28.13	28.39	750691	21633344.00
2012/04/18	28.40	28.90	28.33	28.79	859826	25034220.00
2012/04/20	28.77	28.97	28.53	28.87	980262	28573842.00
2012/04/23	29.37	29.37	27.69	28.25	1132467	32768124.00
2012/04/25	28.57	30.67	28.57	30.54	3689623	112901792.00
2012/04/26	30.12	30.57	29.93	30.24	1493651	45697468.00
2012/04/27	30.17	30.17	29.58	30.06	806571	24415534.00
2012/05/02	30.57	30.57	29.35	29.39	1534756	45986456.00
2012/05/03	29.39	29.85	28.41	29.51	1584987	46824464.00
2012/05/04	29.97	30.27	29.29	29.55	2004474	60255408.00
2012/05/07	28.57	29.38	28.57	29.10	895964	26263672.00
2012/05/08	28.96	29.30	28.58	28.80	951068	27972116.00
2012/05/09	28.80	28.96	28.07	28.42	1805887	52024824.00
2012/05/10	28.11	28.86	27.70	28.31	1491417	42725012.00
2012/05/11	27.82	29.15	27.35	28.31	1490378	43069296.00
2012/05/14	28.38	28.92	28.35	28.43	813083	23587080.00
2012/05/15	28.12	29.06	27.92	28.76	1666366	48257020.00
2012/05/16	28.43	29.55	28.35	29.26	2015653	59542276.00
2012/05/17	29.37	29.97	28.65	29.24	2609143	77240128.00
2012/05/18	28.98	29.06	28.01	28.53	1434505	41403612.00
2012/05/21	28.01	28.77	27.45	27.54	1020892	28858476.00
2012/05/22	27.61	28.22	27.55	27.95	988943	27958922.00
2012/05/23	28.28	28.55	27.78	28.19	730550	20853326.00
2012/05/24	28.48	28.48	27.92	28.36	902447	25903274.00
2012/05/25	28.02	28.27	27.57	27.93	669603	19038616.00
2012/05/28	28.07	28.07	27.56	28.00	844883	23802428.00
2012/05/29	27.99	28.07	27.64	28.03	950536	26959644.00
2012/05/30	28.12	28.12	27.61	27.72	836863	23559388.00
2012/05/31	27.72	28.32	27.57	28.27	1802915	51310708.00
2012/06/01	28.21	28.47	27.72	28.19	1519155	43475496.00
2012/06/04	27.67	27.83	27.13	27.54	822770	23042692.00
2012/06/05	27.48	27.57	27.14	27.48	692495	19257344.00
2012/06/06	27.29	27.65	27.22	27.47	297146	8261914.00
2012/06/07	27.69	27.73	27.12	27.35	343527	9542887.00
2012/06/08	27.45	27.51	27.07	27.36	322335	8925998.00
2012/06/11	27.47	27.67	27.17	27.51	861622	23980724.00
2012/06/12	27.29	27.32	26.89	27.22	780726	21580016.00
2012/06/13	27.27	27.53	27.08	27.37	707170	19614242.00
2012/06/14	27.14	27.49	27.14	27.35	622891	17293728.00
2012/06/15	27.37	27.46	27.07	27.45	1047548	29040698.00
2012/06/18	27.43	28.74	27.43	28.32	1661272	47374380.00
2012/06/19	28.30	28.30	27.69	27.74	563355	16041075.00
2012/06/20	27.83	28.37	27.75	27.89	1813482	51458672.00
2012/06/21	28.27	28.27	26.37	26.78	1922525	52993056.00
2012/06/25	26.57	26.77	24.61	24.90	2357796	61307976.00
2012/06/26	24.57	24.92	23.69	24.73	856875	21215952.00
2012/06/27	24.57	24.87	24.53	24.71	1227040	30812312.00
2012/06/28	24.54	24.77	24.28	24.39	1531251	38364596.00
2012/06/29	24.37	24.82	24.11	24.76	396896	9858867.00
2012/07/02	24.96	26.67	24.86	26.65	2160722	56729400.00
2012/07/03	26.55	26.82	26.28	26.56	447976	12039377.00
2012/07/04	26.56	26.82	26.20	26.51	993747	26770648.00
2012/07/05	26.67	26.67	25.88	26.20	790315	21106256.00
2012/07/06	26.35	26.42	24.97	26.20	809646	21359504.00
2012/07/09	25.97	26.31	25.78	25.98	585477	15565445.00
2012/07/10	25.62	26.07	25.59	25.72	456014	11988579.00
2012/07/11	25.84	25.84	25.03	25.06	442805	11418613.00
2012/07/12	25.07	25.67	25.04	25.33	517414	13341197.00
2012/07/13	25.41	25.57	24.58	25.26	614291	15706468.00
2012/07/16	25.22	25.24	24.30	24.39	347500	8707310.00
2012/07/17	24.37	25.22	24.37	24.72	432192	10898653.00
2012/07/18	24.75	25.07	23.75	24.96	777102	19485672.00
2012/07/19	24.86	25.17	24.67	25.02	684563	17417848.00
2012/07/20	25.02	25.37	24.65	25.15	650120	16594717.00
2012/07/23	25.21	25.31	24.57	24.95	603801	15299558.00
2012/07/24	24.81	25.06	23.57	24.49	799678	19735892.00
2012/07/25	24.36	24.57	22.08	23.17	2606407	61055300.00
2012/07/26	22.56	22.92	22.25	22.37	821814	18881446.00
2012/07/27	22.37	22.67	22.13	22.53	461021	10483359.00
2012/07/30	22.40	22.53	22.07	22.07	584363	13191293.00
2012/07/31	22.40	22.40	21.56	21.85	448358	9963095.00
2012/08/01	20.60	22.02	20.60	21.88	270569	6024293.00
2012/08/02	21.81	22.39	19.67	22.03	443750	9796030.00
2012/08/03	21.87	22.45	21.74	22.43	260048	5880496.00
2012/08/06	22.15	23.07	20.62	23.00	679292	15443931.00
2012/08/07	22.96	23.22	22.67	23.04	391088	9139695.00
2012/08/08	23.03	23.24	22.79	22.83	235506	5526389.00
2012/08/09	22.84	23.42	22.59	23.27	388996	9124872.00
2012/08/10	23.26	23.57	22.87	23.31	585093	13916318.00
2012/08/13	24.36	25.68	23.83	24.67	1297770	32821960.00
2012/08/14	24.52	26.58	23.57	25.73	2045435	51276464.00
2012/08/15	25.34	25.67	24.87	25.05	412643	10607349.00
2012/08/16	25.14	25.14	24.64	24.66	286099	7225715.00
2012/08/17	24.64	24.71	24.17	24.58	277499	6907914.00
2012/08/20	24.38	25.77	23.07	25.67	2205301	54588412.00
2012/08/21	26.96	26.96	24.67	26.27	3127265	81622112.00
2012/08/22	25.57	26.55	24.68	26.46	3423505	89530216.00
2012/08/23	25.77	26.37	25.58	26.25	1155000	30700964.00
2012/08/24	26.05	26.17	25.58	26.10	494214	12990776.00
2012/08/27	26.12	26.12	25.36	25.39	264821	6924837.00
2012/08/28	25.26	25.57	25.07	25.09	339407	8708426.00
2012/08/29	25.07	25.67	24.96	25.35	316839	8194789.00
2012/08/30	25.35	25.67	24.89	25.36	284553	7310042.00
2012/08/31	25.39	25.87	25.27	25.80	394841	10275108.00
2012/09/03	25.82	26.39	25.37	26.24	344011	9133929.00
2012/09/04	26.24	26.42	26.13	26.41	592305	15836536.00
2012/09/05	26.41	27.03	26.18	26.19	269881	7240148.00
2012/09/06	26.07	26.40	25.67	25.75	361343	9556822.00
2012/09/07	25.93	26.57	25.93	26.49	609211	16306140.00
2012/09/10	26.67	28.07	26.37	27.78	1106963	30855268.00
2012/09/11	27.97	27.97	27.37	27.40	532113	14897281.00
2012/09/12	27.95	28.16	27.49	27.62	363461	10250734.00
2012/09/13	27.91	27.91	27.18	27.27	311189	8659012.00
2012/09/14	27.53	27.95	27.08	27.36	227258	6302842.00
2012/09/17	27.10	27.41	26.15	26.17	345600	9429379.00
2012/09/18	26.23	26.26	25.37	26.11	509152	13365328.00
2012/09/19	26.12	27.57	26.12	26.97	1654501	45397144.00
2012/09/20	26.49	26.92	26.27	26.32	604101	16305276.00
2012/09/21	26.42	26.55	25.57	25.74	581414	15348782.00
2012/09/24	25.74	26.17	24.87	25.73	655927	17203232.00
2012/09/25	25.67	25.67	25.26	25.27	163415	4216844.00
2012/09/26	25.26	25.55	24.14	24.95	295619	7479337.00
2012/09/27	24.38	25.35	24.38	25.08	143970	3657801.00
2012/09/28	25.07	25.56	25.07	25.56	157411	4052677.00
2012/10/08	25.28	25.57	25.28	25.52	92802	2404032.00
2012/10/09	25.47	25.82	25.45	25.73	712575	18600984.00
2012/10/10	25.67	26.17	25.26	25.40	1068156	27751336.00
2012/10/11	25.32	25.63	24.77	24.78	1245483	32040516.00
2012/10/12	24.78	24.99	24.25	24.45	374910	9350870.00
2012/10/15	24.45	24.47	23.77	23.80	309689	7586740.00
2012/10/16	23.80	24.34	23.80	24.18	344985	8487794.00
2012/10/17	24.18	24.47	24.08	24.35	322901	8008162.00
2012/10/18	24.45	24.69	24.35	24.53	469258	11735700.00
2012/10/19	24.72	25.02	24.45	24.48	424760	10690160.00
2012/10/22	24.49	24.89	24.37	24.74	534478	13455169.00
2012/10/23	24.97	24.97	24.44	24.45	266110	6654465.00
2012/10/24	24.26	24.45	24.03	24.08	261522	6454190.00
2012/10/25	24.09	24.09	23.27	23.37	387262	9329384.00
2012/10/26	23.38	23.73	22.97	23.15	284331	6718087.00
2012/10/29	23.57	23.57	22.15	22.24	369009	8532494.00
2012/10/30	22.57	22.57	22.23	22.24	386029	8785814.00
2012/10/31	22.27	22.27	21.77	21.96	310240	6924856.00
2012/11/01	22.02	22.44	21.93	22.30	394098	8959156.00
2012/11/02	22.25	22.67	22.25	22.40	300223	6869395.00
2012/11/05	22.54	22.77	22.35	22.47	643128	14773933.00
2012/11/06	22.42	22.43	21.69	22.02	365493	8177828.00
2012/11/07	21.97	22.18	21.83	21.98	267100	5979888.00
2012/11/08	21.83	21.83	21.22	21.24	354188	7754323.00
2012/11/09	21.12	21.40	20.69	20.86	401855	8612059.00
2012/11/12	20.85	21.14	20.67	20.90	299995	6411671.00
2012/11/13	20.91	21.12	20.07	20.08	315824	6608325.00
2012/11/14	20.13	20.45	19.78	20.27	276511	5714870.00
2012/11/15	20.27	20.72	19.57	20.66	691326	14177718.00
2012/11/16	20.59	21.06	20.28	21.03	663199	14053876.00
2012/11/19	21.05	21.45	20.79	21.45	437970	9486582.00
2012/11/20	21.59	21.59	21.12	21.12	223896	4857747.00
2012/11/21	21.27	21.56	20.90	21.13	265878	5731815.00
2012/11/22	20.93	20.93	20.33	20.39	383146	8025277.00
2012/11/23	20.40	20.53	20.17	20.42	196153	4091095.00
2012/11/26	20.23	20.52	19.57	20.30	556170	11333230.00
2012/11/27	20.12	20.40	18.67	19.43	890799	17876266.00
2012/11/28	19.34	19.34	18.02	18.20	532308	10076907.00
2012/11/29	18.19	18.43	17.87	18.06	243139	4521481.00
2012/11/30	18.03	18.10	17.72	17.98	298961	5476931.00
2012/12/03	17.98	18.32	17.39	17.40	310209	5602173.00
2012/12/04	17.32	17.32	16.41	17.11	497056	8548257.00
2012/12/05	16.78	17.97	16.77	17.77	506331	9182017.00
2012/12/06	17.75	18.21	17.72	17.87	615150	11285460.00
2012/12/07	17.82	18.07	17.57	17.97	941681	17311986.00
2012/12/10	18.09	18.42	17.87	18.31	1382293	25663698.00
2012/12/11	18.31	18.46	18.07	18.28	1223830	22873304.00
2012/12/12	18.23	18.39	17.57	17.76	1099742	20254668.00
2012/12/13	17.83	17.83	16.89	17.01	1579936	27830432.00
2012/12/14	16.93	17.87	16.55	17.71	4185229	74261048.00
2012/12/17	17.70	18.69	17.67	18.62	6944206	129537544.00
2012/12/18	18.67	18.77	18.35	18.57	5322117	100979560.00
2012/12/19	18.47	18.60	18.23	18.45	2389884	45112432.00
2012/12/20	18.38	18.91	18.28	18.89	2872301	54867744.00
2012/12/21	18.92	19.14	18.66	18.75	3105560	59964888.00
2012/12/24	18.70	18.82	18.32	18.45	1971407	37339192.00
2012/12/25	18.47	18.98	18.42	18.89	3187978	61339800.00
2012/12/26	18.91	19.77	18.85	19.74	3721125	73293008.00
2012/12/27	19.82	19.94	19.32	19.39	2580863	51466112.00
2012/12/28	19.36	19.79	19.29	19.54	2098497	41882872.00
2012/12/31	19.57	19.72	19.42	19.55	2051823	41026528.00
2013/01/04	19.83	19.92	19.17	19.61	2637402	52513392.00
2013/01/07	19.62	20.10	19.47	20.02	2491285	50336880.00
2013/01/08	19.97	20.42	19.80	20.40	3373081	69471872.00
2013/01/09	20.42	20.42	19.97	20.09	2227155	45942088.00
2013/01/10	20.12	20.37	20.04	20.20	1912055	39437708.00
2013/01/11	20.27	21.27	20.20	20.55	4405049	92867632.00
2013/01/14	20.55	21.46	20.22	21.27	4347905	93411776.00
2013/01/15	21.25	22.34	21.10	21.70	4483009	99030768.00
2013/01/16	21.58	21.93	21.07	21.42	3139342	68619144.00
2013/01/17	21.32	21.63	20.77	20.78	2531925	54334048.00
2013/01/18	20.88	21.03	20.35	20.92	2099170	44441996.00
2013/01/21	21.07	21.24	20.67	21.21	2234880	48071856.00
2013/01/22	21.21	22.11	21.07	21.62	4050402	89571136.00
2013/01/23	21.37	21.92	21.13	21.47	3515648	77702416.00
2013/01/24	21.38	21.72	19.90	20.06	4827732	101984832.00
2013/01/25	20.09	20.22	19.17	19.48	2304352	45946848.00
2013/01/28	19.24	19.85	19.24	19.81	1562902	31449520.00
2013/01/29	19.88	20.44	19.82	20.05	1307989	26816984.00
2013/01/30	20.17	20.17	19.37	19.55	2421382	48703580.00
2013/01/31	19.57	19.93	19.50	19.89	1660061	33480168.00
2013/02/01	19.87	20.02	19.65	19.80	1526129	30865918.00
2013/02/04	19.82	20.42	19.82	20.26	2689133	55647380.00
2013/02/05	20.15	22.33	20.07	22.33	7038295	157022512.00
2013/02/06	22.37	22.78	21.85	22.72	5439673	123949600.00
2013/02/07	22.60	23.18	22.34	23.05	3320174	77311120.00
2013/02/08	23.11	23.17	22.58	22.83	2463609	57577844.00
2013/02/18	22.95	23.45	22.73	22.81	2385928	56200872.00
2013/02/19	22.82	23.22	22.29	22.38	1954386	45169512.00
2013/02/20	22.18	23.01	22.18	22.89	1519671	35125488.00
2013/02/21	22.84	23.47	22.29	22.47	2357188	54814368.00
2013/02/22	22.45	23.05	22.17	22.26	1244405	28690544.00
2013/02/25	22.36	22.84	22.26	22.77	1489413	34110612.00
2013/02/26	22.70	23.63	22.47	23.13	2649965	62895952.00
2013/02/27	23.27	23.45	22.30	22.91	1481480	34488108.00
2013/02/28	22.91	23.42	22.71	23.34	1353480	31876448.00
2013/03/01	23.07	24.67	22.86	24.54	3173771	77757016.00
2013/03/04	24.17	25.47	24.08	24.51	2790929	70167632.00
2013/03/05	24.58	25.42	24.25	25.29	1841270	46804488.00
2013/03/06	25.27	27.06	24.87	26.44	2762882	74047552.00
2013/03/07	26.52	26.87	25.72	26.17	2015459	53866924.00
2013/03/08	26.08	26.35	24.81	25.25	2195339	56576328.00
2013/03/11	25.25	26.32	24.98	25.76	1214367	31842848.00
2013/03/12	25.35	26.04	24.16	24.54	1324788	33415016.00
2013/03/13	24.73	24.84	23.53	23.87	1280689	30967420.00
2013/03/14	23.77	24.10	23.40	23.43	1088328	26374888.00
2013/03/15	23.47	24.38	23.47	23.83	1381214	33670836.00
2013/03/18	23.88	24.38	23.81	24.20	1139103	27952532.00
2013/03/19	23.86	23.87	21.74	22.07	5584221	125732112.00
2013/03/20	21.74	22.59	21.15	22.52	2942607	65807980.00
2013/03/21	22.27	22.48	21.97	22.32	2174766	49230496.00
2013/03/22	22.27	22.75	22.27	22.49	2320933	53329912.00
2013/03/25	22.39	22.89	22.37	22.87	1486539	34367112.00
2013/03/26	22.75	22.96	22.51	22.92	1394339	32314222.00
2013/03/27	22.92	22.93	22.37	22.73	1681044	38702860.00
2013/03/28	22.50	22.53	21.84	22.37	1060635	24061410.00
2013/03/29	22.44	23.87	22.36	23.85	3356608	80257376.00
2013/04/01	23.86	24.87	22.58	24.35	2437092	60217940.00
2013/04/02	24.28	24.37	22.70	24.30	2211339	53460240.00
2013/04/03	24.10	24.92	24.07	24.53	1618144	40457432.00
2013/04/08	24.08	24.86	23.27	24.55	1430850	35431208.00
2013/04/09	24.72	24.89	24.42	24.52	1228226	30855238.00
2013/04/10	24.29	24.77	24.29	24.71	951765	23857766.00
2013/04/11	24.94	25.46	24.58	24.86	1247506	31782108.00
2013/04/12	24.72	25.02	24.62	24.73	710710	17919620.00
2013/04/15	24.58	24.92	23.90	23.98	1268518	31519196.00
2013/04/16	23.86	24.06	22.90	24.00	727173	17386252.00
2013/04/17	24.00	24.25	23.58	24.16	629597	15330328.00
2013/04/18	23.70	24.82	23.70	24.68	934950	23340746.00
2013/04/19	24.71	25.05	24.67	24.82	1165004	29472892.00
2013/04/22	24.44	25.67	24.44	25.40	2114402	54185940.00
2013/04/23	25.57	25.76	24.77	25.34	1307072	33540136.00
2013/04/24	25.17	25.83	24.97	25.56	1870661	48654128.00
2013/04/25	25.07	25.55	24.80	25.18	1392977	35527488.00
2013/04/26	25.17	25.47	24.82	25.17	826960	21103260.00
2013/05/02	25.17	25.27	24.90	25.06	833307	21255160.00
2013/05/03	25.08	26.55	24.55	25.35	2783977	70899696.00
2013/05/06	25.26	25.45	24.97	25.37	1532257	39397172.00
2013/05/07	25.17	25.50	24.99	25.27	624429	16012454.00
2013/05/08	25.32	25.32	24.82	24.87	679023	17269708.00
2013/05/09	24.86	25.03	24.57	24.61	818517	20666896.00
2013/05/10	24.65	24.83	24.37	24.73	1054274	26418540.00
2013/05/13	24.73	24.78	24.42	24.76	885369	22117904.00
2013/05/14	24.82	25.67	24.52	25.50	3256242	84082784.00
2013/05/15	25.47	25.56	24.98	25.50	1269615	32642840.00
2013/05/16	25.46	25.80	25.18	25.56	1411639	36664520.00
2013/05/17	25.86	26.34	25.56	25.93	1976560	51993520.00
2013/05/20	25.87	26.12	25.43	25.55	2785906	72707784.00
2013/05/21	25.85	27.67	25.67	27.24	7301005	199353984.00
2013/05/22	27.21	27.32	26.45	26.75	3102011	84776720.00
2013/05/23	26.63	26.93	26.29	26.59	1752107	47378912.00
2013/05/24	26.59	26.87	26.23	26.66	1217149	32858946.00
2013/05/27	26.95	26.95	26.27	26.42	2215851	59521784.00
2013/05/28	26.39	26.64	26.07	26.25	1631943	43595824.00
2013/05/29	26.37	26.37	25.57	26.02	1312044	34640516.00
2013/05/30	25.93	26.76	25.82	26.63	1812602	48652248.00
2013/05/31	26.78	27.04	26.27	26.59	1296214	35040908.00
2013/06/03	26.76	27.47	25.97	27.01	3064082	83233192.00
2013/06/04	26.99	26.99	25.52	26.16	3929617	103727472.00
2013/06/05	25.87	26.03	24.78	25.03	3170572	80602296.00
2013/06/06	25.03	25.22	24.46	24.56	1165804	29002040.00
2013/06/07	24.77	24.87	23.98	24.36	1419609	35174360.00
2013/06/13	24.22	24.22	22.65	22.88	1398870	32281740.00
2013/06/14	22.92	23.05	22.39	22.92	1434342	32947788.00
2013/06/17	22.92	23.12	22.42	22.84	1117391	25549878.00
2013/06/18	22.85	22.91	22.47	22.62	780021	17804148.00
2013/06/19	22.40	22.55	21.42	21.77	1243657	27317004.00
2013/06/20	21.75	22.12	21.46	21.99	1434771	31803580.00
2013/06/21	21.67	21.77	20.81	21.64	1113580	23899910.00
2013/06/24	21.64	21.65	20.27	20.88	1198697	25329016.00
2013/06/25	20.32	21.57	19.27	21.44	3419524	71145784.00
2013/06/26	21.44	21.91	20.97	21.80	1839838	40182480.00
2013/06/27	21.67	22.38	21.27	21.38	2007295	44347176.00
2013/06/28	21.57	22.44	21.12	22.42	2005724	44298564.00
2013/07/01	22.46	22.66	22.05	22.56	1343006	30353724.00
2013/07/02	22.64	22.79	22.34	22.47	1817976	41493420.00
2013/07/03	22.44	22.44	21.43	21.66	1346420	29792670.00
2013/07/04	21.56	21.58	21.17	21.38	1029153	22225740.00
2013/07/05	21.45	21.45	20.97	21.06	1113488	23768824.00
2013/07/08	20.94	21.70	19.62	19.70	1271404	25691864.00
2013/07/09	19.44	19.75	18.75	19.59	1278241	24813436.00
2013/07/10	19.36	21.28	19.18	21.25	2379130	48089764.00
2013/07/11	20.97	21.53	20.67	21.27	1373187	29343460.00
2013/07/12	21.35	21.65	20.62	20.74	994240	21212956.00
2013/07/15	20.74	21.35	20.74	21.11	974338	20731798.00
2013/07/16	20.94	21.52	20.94	21.14	2694724	58066152.00
2013/07/17	21.17	21.17	20.25	20.45	1306831	27369048.00
2013/07/18	20.66	20.72	19.97	20.40	911538	18814268.00
2013/07/19	20.57	21.52	20.30	20.88	4196771	88966952.00
2013/07/22	20.64	20.64	19.70	20.32	2375299	48217536.00
2013/07/23	20.34	21.07	20.31	21.06	2580751	54253656.00
2013/07/24	21.05	21.82	20.84	21.67	3590698	77849032.00
2013/07/25	21.67	21.73	20.77	20.78	2121038	45431716.00
2013/07/26	20.66	20.83	20.14	20.49	1016792	21047018.00
2013/07/29	20.37	20.37	19.57	19.93	2560469	51397132.00
2013/07/30	19.91	20.17	19.38	19.49	934409	18570182.00
2013/07/31	19.52	20.03	19.52	19.70	795075	15893914.00
2013/08/01	19.96	20.54	19.66	20.49	2213473	45267464.00
2013/08/02	20.49	21.14	20.22	20.24	2788616	58296676.00
2013/08/05	20.27	20.47	19.88	20.19	1884145	38212404.00
2013/08/06	20.08	20.52	20.08	20.46	1457992	29990724.00
2013/08/07	20.45	20.45	19.67	19.75	1987461	40089272.00
2013/08/08	19.73	19.92	19.57	19.84	1023637	20486686.00
2013/08/09	20.02	20.10	19.42	19.53	1530762	30360676.00
2013/08/12	19.61	19.94	19.57	19.87	2084635	41683500.00
2013/08/13	20.10	20.10	19.80	20.03	1788302	36073784.00
2013/08/14	20.12	20.97	20.09	20.63	3702440	77278344.00
2013/08/15	20.77	20.95	20.18	20.21	2052519	42613592.00
2013/08/16	20.12	22.25	20.05	21.58	8703365	191603024.00
2013/08/19	21.26	22.72	21.15	22.69	10186070	228490288.00
2013/08/20	22.60	23.16	22.19	22.57	4947456	113156288.00
2013/08/21	22.37	24.12	22.02	23.22	6919465	161838624.00
2013/08/22	23.22	23.75	22.91	22.94	4446869	104663320.00
2013/08/23	23.07	23.26	21.67	22.43	4235302	95855944.00
2013/08/26	22.27	22.76	22.27	22.61	2827318	64547728.00
2013/08/27	22.65	23.27	22.28	23.05	3532908	81311912.00
2013/08/28	22.82	22.82	21.96	22.09	3656020	82868736.00
2013/08/29	22.15	22.34	21.67	21.77	2037414	45236200.00
2013/08/30	21.85	22.13	21.38	21.74	2906664	63864820.00
2013/09/02	21.52	22.10	21.35	21.59	1775072	38800872.00
2013/09/03	21.59	22.32	21.39	22.00	2544486	56312848.00
2013/09/04	22.05	22.05	21.37	21.61	2642298	57891240.00
2013/09/05	21.63	21.97	21.47	21.71	1685170	36950872.00
2013/09/06	21.71	22.20	21.67	22.06	2026530	44992596.00
2013/09/09	22.22	22.45	21.68	22.12	3240493	72299952.00
2013/09/10	21.99	22.05	21.29	21.59	4283622	93494192.00
2013/09/11	21.62	21.84	21.07	21.17	2498504	54168144.00
2013/09/12	20.88	21.30	20.55	20.63	2443919	51543308.00
2013/09/13	20.60	21.37	20.57	21.23	1805706	38489720.00
2013/09/16	21.17	21.19	20.70	20.77	1839037	38742248.00
2013/09/17	20.90	20.99	20.53	20.55	1494455	31302032.00
2013/09/18	20.66	20.70	20.31	20.53	1337104	27617244.00
2013/09/23	21.02	21.02	20.66	20.83	1468571	30876108.00
2013/09/24	20.92	20.99	20.67	20.76	1405830	29620832.00
2013/09/25	20.76	20.76	20.10	20.36	2590212	53415808.00
2013/09/26	20.36	20.62	20.20	20.31	1629920	33592916.00
2013/09/27	20.27	20.65	20.10	20.47	1153309	23813760.00
2013/09/30	20.63	20.97	20.31	20.78	1237139	25716184.00
2013/10/08	20.75	21.66	20.54	21.49	2885846	62005820.00
2013/10/09	21.32	22.14	21.32	22.05	4148420	91851328.00
2013/10/10	21.78	22.92	21.76	22.65	4188770	94789808.00
2013/10/11	22.52	23.27	22.39	22.99	3034401	70026208.00
2013/10/14	22.93	23.22	22.42	22.59	2034594	46767584.00
2013/10/15	22.47	22.59	21.59	21.64	2953150	65386676.00
2013/10/16	21.59	21.62	20.47	20.58	3387753	71098776.00
2013/10/17	20.67	20.86	20.55	20.75	3129695	65432904.00
2013/10/18	20.77	21.14	20.56	21.11	1671279	35396156.00
2013/10/21	21.30	23.24	21.25	23.24	7377501	171417248.00
2013/10/22	23.32	23.72	22.24	22.37	4924717	113945112.00
2013/10/23	22.44	22.61	21.27	21.60	3370791	74100560.00
2013/10/24	21.52	21.92	21.27	21.85	2026957	44326404.00
2013/10/25	21.65	21.92	20.65	20.93	2038607	43602044.00
2013/10/28	20.77	21.13	20.31	20.98	2239924	46720340.00
2013/10/29	20.67	20.88	20.22	20.58	2159695	44851596.00
2013/10/30	20.76	20.76	20.27	20.65	4351956	89907712.00
2013/10/31	20.57	21.62	19.70	21.35	2813855	58299288.00
2013/11/01	20.78	21.09	20.59	20.82	1064351	22460154.00
2013/11/04	20.83	20.87	20.22	20.52	1197382	24708654.00
2013/11/05	20.47	20.59	19.97	20.55	834190	17126682.00
2013/11/06	20.51	20.76	20.28	20.36	919206	19109608.00
2013/11/07	20.37	20.42	19.82	19.96	1265273	25614200.00
2013/11/08	19.85	19.95	19.23	19.37	1557919	30766036.00
2013/11/11	19.42	19.49	19.07	19.33	621105	12112697.00
2013/11/12	19.47	19.60	19.12	19.53	912266	17877188.00
2013/11/13	19.39	19.96	19.39	19.77	1534394	30720572.00
2013/11/14	19.77	20.28	19.53	20.13	1538107	30984096.00
2013/11/15	20.14	20.65	19.95	20.41	1685641	34769000.00
2013/11/18	20.43	20.62	20.29	20.41	2041857	42189744.00
2013/11/19	20.53	20.73	20.18	20.33	1408290	29159692.00
2013/11/20	20.33	20.74	20.12	20.69	2019772	41968896.00
2013/11/21	20.60	20.67	19.90	20.19	1295462	26492300.00
2013/11/22	20.20	20.28	19.93	19.97	868961	17613316.00
2013/11/25	19.97	20.16	19.69	20.09	1879817	37862548.00
2013/11/26	20.05	20.10	19.82	19.93	1023132	20617410.00
2013/11/27	19.91	20.40	19.77	20.38	2162658	43884620.00
2013/11/28	20.26	20.74	20.25	20.39	1874331	38936408.00
2013/11/29	20.40	21.15	20.02	21.09	3833418	79815088.00
2013/12/02	20.61	20.85	20.03	20.47	2816526	58278808.00
2013/12/03	20.27	20.63	19.96	20.56	1337486	27551434.00
2013/12/04	20.56	20.98	20.39	20.74	1826984	38442752.00
2013/12/05	20.67	20.85	20.48	20.62	794941	16555164.00
2013/12/06	20.61	20.61	20.25	20.30	1088229	22407540.00
2013/12/09	20.30	20.42	20.05	20.23	1082025	22056858.00
2013/12/10	20.23	21.08	20.13	20.55	4162813	86849384.00
2013/12/11	20.42	20.67	20.09	20.27	1528685	31414228.00
2013/12/12	20.12	20.61	20.12	20.24	2542932	52265344.00
2013/12/13	20.15	20.16	19.88	19.97	1191715	24125176.00
2013/12/16	20.04	20.04	19.38	19.40	1807833	35894848.00
2013/12/17	19.37	19.55	19.22	19.30	829239	16233066.00
2013/12/18	19.41	19.65	19.35	19.56	800566	15820051.00
2013/12/19	19.57	19.76	19.22	19.42	751204	14742431.00
2013/12/20	19.28	20.07	18.83	19.96	1589152	31100172.00
2013/12/23	19.57	19.74	19.37	19.46	565909	11171064.00
2013/12/24	19.47	19.62	19.33	19.56	726136	14344977.00
2013/12/25	19.58	19.77	19.40	19.75	890109	17669792.00
2013/12/26	19.75	20.03	19.37	19.66	1351286	27123600.00
2013/12/27	19.77	19.77	19.47	19.66	1005872	19996948.00
2013/12/30	19.46	19.74	19.43	19.69	1067786	21154722.00
2013/12/31	19.58	20.75	19.52	20.71	3744947	77009360.00
2014/01/02	20.52	20.92	20.32	20.57	1680383	34996064.00
2014/01/03	20.57	20.57	20.18	20.38	1659699	34117840.00
2014/01/06	20.33	20.40	19.61	19.64	812584	16300102.00
2014/01/07	19.47	19.72	19.47	19.56	514341	10175381.00
2014/01/08	19.65	20.00	19.37	19.44	1553639	30834938.00
2014/01/09	19.38	19.63	19.33	19.45	1622444	31950142.00
2014/01/10	19.35	19.42	17.85	18.17	1772957	33240628.00
2014/01/13	18.17	18.53	17.98	18.23	828422	15338591.00
2014/01/14	18.42	18.49	18.15	18.43	478703	8877923.00
2014/01/15	18.46	18.51	18.02	18.16	698782	12868194.00
2014/01/16	18.26	18.47	18.11	18.30	551257	10202006.00
2014/01/17	18.24	18.24	17.47	17.74	777276	14046326.00
2014/01/20	17.75	17.89	17.59	17.73	445380	7994447.00
2014/01/21	17.77	17.92	17.72	17.86	905862	16330351.00
2014/01/22	17.97	18.55	17.80	18.39	1521397	28077424.00
2014/01/23	18.36	18.72	18.25	18.57	2355598	44118924.00
2014/01/24	18.56	19.22	18.37	19.02	1838765	35038616.00
2014/01/27	19.02	19.88	18.65	19.52	2241368	43977404.00
2014/01/28	19.52	19.72	19.14	19.18	914112	17832108.00
2014/01/29	19.18	19.54	19.18	19.35	763849	14938043.00
2014/01/30	19.22	19.82	19.22	19.73	1188629	23593238.00
2014/02/07	19.77	19.77	18.96	19.24	1716657	33319468.00
2014/02/10	19.25	20.16	19.08	19.93	2547997	50542656.00
2014/02/11	19.93	20.23	19.67	19.70	3304505	66908560.00
2014/02/12	19.72	20.06	19.63	19.80	1263776	25358404.00
2014/02/13	19.58	19.94	19.20	19.33	1459638	29009984.00
2014/02/14	19.33	19.62	19.28	19.49	843923	16606395.00
2014/02/17	19.54	20.22	19.54	20.12	2300420	46626984.00
2014/02/18	20.08	20.42	19.97	20.13	1870806	38210252.00
2014/02/19	20.13	20.72	19.91	20.61	2420424	49927756.00
2014/02/20	20.64	20.64	19.83	19.91	1712692	35024880.00
2014/02/21	19.68	21.24	19.68	20.77	2767235	57792232.00
2014/02/24	20.74	21.26	20.48	20.96	2085814	43916988.00
2014/02/25	21.03	21.15	19.29	19.48	2932366	60140016.00
2014/02/26	19.52	19.52	18.77	18.97	1531909	29346088.00
2014/02/27	18.92	19.57	18.76	19.29	1347735	26032384.00
2014/02/28	19.50	20.76	19.28	20.71	2424143	49308648.00
2014/03/03	20.68	21.05	20.37	20.70	1769067	36960872.00
2014/03/04	20.65	20.70	20.05	20.47	1225235	25223880.00
2014/03/05	20.50	20.66	20.17	20.49	1130258	23325768.00
2014/03/06	20.22	20.49	19.99	20.23	648559	13266740.00
2014/03/07	20.22	20.63	20.08	20.16	1091269	22420036.00
2014/03/10	20.15	20.16	18.83	18.96	1153157	22589996.00
2014/03/11	18.87	19.35	18.77	19.16	603333	11617552.00
2014/03/12	19.07	19.17	18.77	19.16	442099	8502700.00
2014/03/13	19.37	19.45	19.00	19.20	554557	10771441.00
2014/03/14	19.10	19.32	18.83	18.97	536697	10348710.00
2014/03/17	18.93	19.24	18.93	19.20	558018	10795796.00
2014/03/18	19.59	21.14	19.59	21.07	6412936	135256352.00
2014/03/19	20.74	20.93	20.35	20.57	2642008	54964912.00
2014/03/20	20.37	20.72	19.77	20.20	2233316	45393800.00
2014/03/21	19.79	20.21	19.38	20.06	1801357	36146448.00
2014/03/24	20.08	20.29	19.62	19.76	1804033	36284784.00
2014/03/25	19.79	20.04	19.38	19.76	1193989	23915752.00
2014/03/26	19.76	20.24	19.64	20.21	1820234	36932484.00
2014/03/27	20.22	20.37	19.65	19.68	1225263	24661540.00
2014/03/28	19.65	19.83	19.19	19.35	1750146	34348956.00
2014/03/31	19.37	20.77	19.29	20.40	1849533	37490256.00
2014/04/01	20.16	20.25	19.94	20.09	1302433	26424360.00
2014/04/02	20.08	20.23	19.59	19.74	765356	15316759.00
2014/04/03	19.58	19.87	19.47	19.56	795251	15820933.00
2014/07/11	21.52	21.52	21.52	21.52	75270	1619810.00
2014/07/14	23.67	23.67	23.67	23.67	169945	4022598.00
2014/07/15	26.04	26.04	26.04	26.04	897533	23371760.00
2014/07/16	27.98	27.98	25.00	25.22	11609594	308937088.00
2014/07/17	24.53	25.84	24.45	24.85	4830845	121301704.00
2014/07/18	24.40	25.22	24.17	24.52	3604356	88804792.00
2014/07/21	24.39	24.60	23.35	23.58	2975791	70580768.00
2014/07/22	23.63	24.40	23.42	24.24	3025771	72797672.00
2014/07/23	24.11	24.11	23.22	23.51	3284205	77492216.00
2014/07/24	23.42	23.55	22.64	22.85	2351513	54142012.00
2014/07/25	22.81	23.49	22.81	23.35	1308312	30387486.00
2014/07/28	23.56	24.85	23.41	24.57	4054676	98605520.00
2014/07/29	24.60	25.53	24.58	25.04	3210428	80183680.00
2014/07/30	24.92	25.79	24.14	25.41	3260157	82106560.00
2014/07/31	25.05	25.70	24.80	25.27	2057220	51818384.00
2014/08/01	25.00	25.26	24.52	24.54	1175053	29150686.00
2014/08/04	24.65	25.36	24.65	24.85	1228945	30733764.00
2014/08/05	24.85	25.04	24.60	24.72	1066851	26448096.00
2014/08/06	24.70	24.78	24.35	24.49	1740330	42659744.00
2014/08/07	24.40	24.61	24.18	24.26	951010	23173780.00
2014/08/08	24.37	26.56	24.30	26.16	5298333	136540752.00
2014/08/11	25.71	27.49	25.71	27.30	4604434	123376800.00
2014/08/12	27.05	27.30	26.44	27.10	1895343	50687248.00
2014/08/13	27.28	27.28	26.25	26.58	1609200	42730444.00
2014/08/14	26.58	26.77	26.10	26.25	2212286	58427720.00
2014/08/15	26.55	26.55	25.80	26.04	2586125	67553440.00
2014/08/18	26.00	27.05	26.00	26.85	3587563	95618128.00
2014/08/19	26.56	27.45	26.40	26.94	3778869	101935576.00
2014/08/20	27.00	27.24	26.62	27.06	1913852	51283524.00
2014/08/21	27.06	27.15	26.50	26.93	1655762	44302224.00
2014/08/22	26.80	26.94	26.61	26.71	988144	26436856.00
2014/08/25	26.80	27.00	26.46	26.69	1139883	30517214.00
2014/08/26	26.68	26.88	26.12	26.17	1257764	33163340.00
2014/08/27	26.00	26.74	26.00	26.47	1043763	27662508.00
2014/08/28	26.30	26.66	26.30	26.31	983919	26144142.00
2014/08/29	26.50	27.05	26.31	26.97	1972761	53019460.00
2014/09/01	27.17	28.29	27.10	27.68	2756801	76775216.00
2014/09/02	28.00	28.50	27.77	28.24	5789302	162854048.00
2014/09/03	28.24	28.80	27.91	28.14	3016152	85420168.00
2014/09/04	28.14	28.30	27.80	28.09	1571925	44044996.00
2014/09/05	28.15	28.19	27.36	27.76	2456997	67818904.00
2014/09/09	27.76	28.13	27.60	27.94	2847982	79301120.00
2014/09/10	27.94	28.00	27.44	27.47	2050602	56519116.00
2014/09/11	27.50	28.47	27.40	28.28	6742488	188832720.00
2014/09/12	28.91	31.11	28.91	31.11	9278772	287523840.00
2014/09/15	33.50	34.22	32.67	34.22	8714931	296782784.00
2014/09/16	35.00	37.50	34.51	34.66	14590604	518229504.00
2014/09/17	34.88	35.15	33.10	33.84	5869677	199062272.00
2014/09/18	33.50	37.22	33.25	37.22	11131143	405330528.00
2014/09/19	37.23	38.56	35.50	36.01	6369653	232926736.00
2014/09/22	36.61	39.61	35.00	39.42	8544472	315789792.00
2014/09/23	38.29	39.78	38.03	39.05	5011857	195147408.00
2014/09/24	38.60	39.41	37.09	37.52	5253487	201709472.00
2014/09/25	37.61	41.00	37.61	39.10	7116267	282042496.00
2014/09/26	38.71	40.99	37.70	40.18	4556899	178262800.00
2014/09/29	39.60	40.98	39.50	40.08	3265707	131739176.00
2014/09/30	39.73	40.30	37.88	38.55	3911141	151971424.00
2014/10/08	38.21	39.39	38.18	38.49	2933143	113284976.00
2014/10/09	38.58	38.80	36.68	37.51	3834873	142882720.00
2014/10/10	37.39	37.97	36.60	37.60	2560288	95196304.00
2014/10/13	37.49	39.29	36.72	38.91	5016386	190664464.00
2014/10/14	38.65	41.00	38.23	39.67	3110013	123566544.00
2014/10/15	39.60	39.60	38.01	38.62	1645545	63439592.00
2014/10/16	38.81	38.99	37.51	37.52	1557505	59284344.00
2014/10/17	36.85	37.30	35.30	36.03	3131900	112968328.00
2014/10/20	37.00	39.50	36.31	39.49	3489497	133427440.00
2014/10/21	39.11	39.88	38.37	38.57	1759453	68764272.00
2014/10/22	38.85	40.52	38.20	38.71	2769267	108442000.00
2014/10/23	38.04	40.40	38.04	39.88	3694772	145879360.00
2014/10/24	39.88	42.68	39.80	41.04	4548746	188570256.00
2014/10/27	40.80	41.50	39.58	40.86	1610074	65431320.00
2014/10/28	41.32	42.80	41.02	41.86	2826322	118391656.00
2014/10/29	41.76	45.00	41.63	43.37	2964352	128446288.00
2014/10/30	43.30	45.28	43.00	43.47	2555162	112124384.00
2014/10/31	43.66	44.48	41.10	41.93	4260392	179273360.00
2014/11/03	41.50	44.40	41.20	44.36	3523951	153495840.00
2014/11/04	44.00	47.30	44.00	46.13	3081694	141605600.00
2014/11/05	46.16	47.20	45.00	45.68	1348218	62105388.00
2014/11/06	45.05	47.20	45.05	47.08	1181599	54626852.00
2014/11/07	47.00	48.41	46.28	47.96	1504832	71739744.00
2014/11/10	48.22	48.37	45.50	46.14	1841092	85819920.00
2014/11/11	45.70	45.80	41.53	41.53	5747510	244013120.00
2014/11/12	40.21	42.22	40.04	40.92	4554767	187062720.00
2014/11/13	40.92	41.00	38.50	40.55	3359642	133347176.00
2014/11/14	40.88	41.37	39.80	40.22	1615553	65488140.00
2014/11/17	40.38	41.88	38.80	40.56	2310140	94631632.00
2014/11/18	40.63	41.90	40.34	41.54	1532180	62971552.00
2014/11/19	41.70	45.08	41.03	43.86	2959258	127999864.00
2014/11/20	43.90	43.99	42.80	43.63	2009871	86828128.00
2014/11/21	43.99	44.99	43.01	43.63	861931	37798024.00
2014/11/24	43.80	43.80	42.27	42.68	1380835	59270236.00
2014/11/25	42.02	43.89	42.02	43.07	2319761	100273648.00
2014/11/26	43.03	43.48	40.89	40.99	3424107	141869984.00
2014/11/27	41.00	41.98	40.10	40.59	3036575	124007680.00
2014/11/28	40.01	40.55	39.61	40.26	3498978	139613152.00
2014/12/01	40.21	40.65	38.80	39.24	3006970	118667048.00
2014/12/02	38.81	40.98	38.80	40.33	1922466	77229504.00
2014/12/03	40.33	41.50	37.90	41.14	5548676	218030720.00
2014/12/04	40.80	41.94	40.31	41.25	3239906	133869840.00
2014/12/05	41.25	43.70	39.69	42.60	5002135	209718880.00
2014/12/08	42.38	46.86	42.00	45.27	7330119	332938880.00
2014/12/09	44.10	47.02	40.74	40.74	7510468	330959872.00
2014/12/10	39.99	44.81	38.99	43.85	2799225	117941000.00
2014/12/11	43.39	44.97	42.55	42.75	2106275	92309104.00
2014/12/12	42.64	43.02	41.22	41.97	1787832	75012464.00
2014/12/15	41.10	46.00	40.73	45.00	2944761	129641424.00
2014/12/16	44.57	46.50	44.53	44.96	2014770	91170648.00
2014/12/17	44.30	44.50	43.09	43.30	1713253	75057616.00
2014/12/18	43.28	44.47	42.02	43.78	2685224	116581072.00
2014/12/19	43.48	43.80	41.50	41.85	2277648	95999016.00
2014/12/22	41.79	41.79	37.67	38.56	3497132	136453008.00
2014/12/23	38.28	38.87	34.70	34.70	4601284	167794592.00
2014/12/24	35.00	36.50	35.00	36.01	2580598	92058696.00
2014/12/25	36.20	37.30	35.60	37.16	2257830	82878632.00
2014/12/26	36.94	37.49	35.76	36.09	1994608	72178496.00
2014/12/29	36.06	36.06	34.03	34.92	3145575	109121888.00
2014/12/30	36.20	36.60	34.90	35.31	1618928	57614748.00
2014/12/31	35.40	36.31	35.20	35.64	1480232	53053776.00
2015/01/05	35.71	35.71	33.40	34.15	4036876	137501648.00
2015/01/06	34.10	35.42	33.53	35.04	2747859	95130664.00
2015/01/07	35.00	35.53	34.80	35.20	2188892	77168824.00
2015/01/08	35.36	36.20	34.20	34.80	2390712	83722056.00
2015/01/09	34.75	37.50	34.29	35.86	4401807	158452736.00
2015/01/12	35.70	36.85	34.28	36.17	2737964	98415584.00
2015/01/13	35.61	39.79	35.61	39.43	7507135	293562400.00
2015/01/14	39.49	39.49	37.80	38.56	4442041	170955840.00
2015/01/15	37.90	39.87	37.90	38.24	2164391	84564440.00
2015/01/16	38.00	40.92	37.70	40.49	4361806	172571968.00
2015/01/19	40.00	44.28	38.50	41.98	5172488	218483280.00
2015/01/20	42.00	46.16	42.00	45.70	4468675	200650624.00
2015/01/21	45.71	47.20	44.00	44.80	2927567	133510896.00
2015/01/22	44.70	46.00	43.88	45.45	1964162	88344632.00
2015/01/23	45.70	45.80	42.41	42.77	2311150	100305656.00
2015/01/26	42.88	44.98	42.88	44.17	2270240	100616768.00
2015/01/27	44.19	45.59	43.60	44.55	2343603	104814912.00
2015/01/28	44.60	47.38	43.82	46.21	3033028	139411296.00
2015/01/29	45.20	46.87	44.88	45.78	1389631	63598544.00
2015/01/30	45.89	46.60	41.79	42.57	3251294	141835824.00
2015/02/02	41.51	43.43	41.00	41.87	1495484	63653264.00
2015/02/03	41.70	43.47	41.70	42.60	1588024	68149064.00
2015/02/04	42.77	43.46	41.80	42.01	1249176	53154188.00
2015/02/05	41.90	42.78	41.00	42.09	2505566	104702696.00
2015/02/06	41.78	42.30	38.98	39.12	3350426	133467472.00
2015/02/09	39.33	39.99	39.10	39.63	1514237	59848860.00
2015/02/10	39.63	40.11	39.27	40.04	1109289	43985936.00
2015/02/11	40.04	42.60	39.00	41.88	1488472	62093396.00
2015/02/12	41.99	44.45	41.57	43.78	2765253	119830376.00
2015/02/13	43.70	43.91	42.00	43.39	1634961	70288880.00
2015/02/16	43.00	43.48	42.36	43.25	2652632	113436784.00
2015/02/17	43.35	46.30	42.81	45.80	3078661	137694464.00
2015/02/25	45.85	48.19	44.88	47.36	3379468	157957584.00
2015/02/26	46.62	48.50	46.00	46.70	3723070	175846736.00
2015/02/27	46.65	48.50	46.21	47.67	2602138	124548936.00
2015/03/02	48.20	48.80	47.30	47.89	2734713	130895320.00
2015/03/03	47.28	48.00	45.36	46.65	4826204	224049200.00
2015/03/04	46.63	51.32	46.20	51.32	5726799	288076960.00
2015/03/05	53.90	56.45	51.91	56.43	10541501	580872512.00
2015/03/06	55.30	55.30	51.95	52.45	4641640	246929760.00
2015/03/09	52.50	55.28	51.20	54.44	5217132	277814528.00
2015/03/10	53.71	59.05	53.04	57.74	5164827	291439968.00
2015/03/11	57.11	63.51	57.11	60.99	7039754	435203872.00
2015/03/12	59.90	62.69	58.82	60.45	3470488	208968192.00
2015/03/13	60.45	62.98	58.88	61.62	3593288	219025104.00
2015/03/16	61.72	62.90	58.87	61.98	4769191	291194848.00
2015/03/17	61.28	62.39	60.30	60.80	2427057	148488544.00
2015/03/18	61.46	61.46	58.82	60.67	3716251	221819232.00
2015/03/19	60.64	60.64	58.68	60.00	3072768	182097344.00
2015/03/20	60.00	62.60	59.00	60.37	3010115	182897504.00
2015/03/23	59.77	66.18	59.33	65.38	4461402	280724704.00
2015/03/24	64.50	64.97	60.16	63.01	3020835	190421968.00
2015/03/25	62.38	63.50	61.00	62.79	2338885	145676784.00
2015/03/26	62.00	62.00	58.39	58.59	2881385	172705552.00
2015/03/27	59.35	59.76	56.36	58.37	2266128	131004592.00
2015/03/30	54.50	60.02	54.38	57.29	2179198	125581352.00
2015/03/31	57.20	57.31	56.29	57.27	2800763	159057728.00
2015/04/01	57.40	57.75	56.95	57.70	4202827	241138464.00
2015/04/02	58.34	58.70	57.00	57.97	3885633	225511632.00
2015/04/03	57.70	57.78	55.98	56.57	5723772	323026112.00
2015/04/07	57.05	60.28	56.05	59.91	7460556	428707424.00
2015/04/08	61.50	61.95	59.00	59.88	7158814	435581504.00
2015/04/09	59.88	59.88	54.87	56.56	5146982	292071968.00
2015/04/10	56.67	57.58	55.15	57.25	5263808	299164960.00
2015/04/13	57.20	58.78	56.31	57.22	4684235	269598304.00
2015/04/14	57.20	57.20	55.25	55.85	4573303	255330784.00
2015/04/15	55.40	55.60	52.00	52.13	3405280	183479488.00
2015/04/16	51.50	53.84	50.30	52.45	3789065	197463200.00
2015/04/17	53.24	54.40	52.10	54.34	3727757	199206224.00
2015/04/20	54.19	55.10	51.13	51.39	4993952	264311536.00
2015/04/21	50.68	54.10	50.65	53.72	6695773	354319712.00
2015/04/22	54.15	57.89	54.15	56.19	7288189	411892288.00
2015/04/23	56.08	57.30	55.60	56.92	4314038	244103232.00
2015/04/24	56.00	61.56	54.88	60.79	8529286	502797952.00
2015/04/27	61.20	62.49	59.58	60.55	5808998	353184640.00
2015/04/28	59.99	60.00	56.78	57.77	5612415	327702240.00
2015/04/29	57.47	60.00	56.80	59.59	2877994	169806688.00
2015/04/30	59.80	61.39	58.33	58.45	3448393	205411248.00
2015/05/05	56.44	56.44	56.44	56.44	0	0.00
数据来源:通达信
