600535 天士力 日线 前复权
      日期	    开盘	    最高	    最低	    收盘	    成交量	    成交额
2011/10/10	18.95	19.40	18.66	19.32	2003777	79038376.00
2011/10/11	19.45	19.75	19.01	19.42	1653805	66631664.00
2011/10/12	19.25	19.98	19.11	19.97	1718861	70448976.00
2011/10/13	19.88	20.20	19.65	19.84	1611425	66675660.00
2011/10/14	19.82	19.87	19.51	19.59	1249615	51219776.00
2011/10/17	19.80	19.99	19.55	19.79	1218624	50138272.00
2011/10/18	19.65	19.70	18.95	19.50	729951	29535602.00
2011/10/19	19.40	19.63	19.08	19.47	966437	39150864.00
2011/10/20	19.25	19.30	18.53	18.55	2920369	114088504.00
2011/10/21	18.45	18.79	18.28	18.60	907869	35074372.00
2011/10/24	18.67	19.04	18.47	18.92	555389	21741298.00
2011/10/25	18.93	19.69	18.67	19.54	1699466	68101280.00
2011/10/26	19.55	20.31	19.33	19.81	2994830	123566776.00
2011/10/27	19.90	20.13	19.80	19.86	1399601	58023656.00
2011/10/28	20.14	20.45	19.85	20.05	1291799	53834232.00
2011/10/31	20.10	20.32	19.71	20.31	1756780	73444432.00
2011/11/01	20.26	20.81	20.19	20.56	1200028	51421284.00
2011/11/02	20.35	21.07	20.13	20.93	1543335	66247072.00
2011/11/03	20.96	21.65	20.96	21.04	2031237	89965328.00
2011/11/04	21.35	21.44	20.71	20.90	1279772	55858672.00
2011/11/07	20.81	21.65	20.81	21.54	2128135	94792912.00
2011/11/08	21.58	21.64	21.18	21.37	1518784	67275864.00
2011/11/09	21.39	21.46	21.10	21.44	1176180	52027016.00
2011/11/10	21.24	21.50	21.14	21.15	1246844	55060244.00
2011/11/11	21.13	21.33	21.01	21.15	1015928	44637548.00
2011/11/14	21.30	21.43	21.14	21.32	2000281	88384328.00
2011/11/15	21.33	21.36	21.05	21.13	888345	39048936.00
2011/11/16	21.18	21.28	20.54	20.70	1337946	57670876.00
2011/11/17	20.78	21.07	20.58	20.79	1186930	51363096.00
2011/11/18	20.68	21.10	20.60	20.76	2262411	97662656.00
2011/11/21	20.90	21.62	20.86	21.24	2775427	122324080.00
2011/11/22	21.15	21.44	21.01	21.29	1486752	65632620.00
2011/11/23	21.30	21.35	21.10	21.23	1368414	60268968.00
2011/11/24	21.23	21.82	21.20	21.81	2031064	91072680.00
2011/11/25	21.71	22.04	21.60	21.78	1546939	69994544.00
2011/11/28	21.76	22.04	21.57	21.89	1283420	57949316.00
2011/11/29	22.20	22.20	21.72	21.94	1319387	59995544.00
2011/11/30	21.81	22.06	21.25	21.28	2006929	90020848.00
2011/12/01	21.70	22.20	21.35	21.70	2453327	110476896.00
2011/12/02	21.49	22.00	21.37	21.91	1352835	60878700.00
2011/12/05	22.20	22.20	20.88	20.94	2877572	127151688.00
2011/12/06	20.99	21.10	20.63	20.85	2756489	119431952.00
2011/12/07	20.90	20.95	20.46	20.82	1256215	54117376.00
2011/12/08	20.71	21.00	20.40	20.92	1136680	48817104.00
2011/12/09	20.72	21.00	20.16	20.68	1369312	58283924.00
2011/12/12	20.52	20.95	20.51	20.68	1147427	49500392.00
2011/12/13	20.68	20.88	20.31	20.60	1319744	56481380.00
2011/12/14	20.41	20.45	19.95	19.96	1586246	66592336.00
2011/12/15	19.76	20.09	19.76	19.77	2016155	83333488.00
2011/12/16	19.89	20.35	19.77	20.22	1614287	67081076.00
2011/12/19	20.14	20.50	19.01	20.43	3047180	125402152.00
2011/12/20	20.31	20.93	20.26	20.80	2110103	90898296.00
2011/12/21	20.87	20.94	20.20	20.22	1370703	58571056.00
2011/12/22	20.20	20.87	19.70	20.85	1822609	77126312.00
2011/12/23	20.66	20.95	20.60	20.85	838547	36240796.00
2011/12/26	20.71	20.88	20.20	20.35	723351	30788004.00
2011/12/27	20.30	20.44	20.00	20.04	1777236	75000984.00
2011/12/28	19.99	20.29	19.74	20.05	1239242	51534952.00
2011/12/29	20.04	20.24	19.91	20.17	626264	26247280.00
2012/01/04	20.56	20.56	19.06	19.11	1744881	71309712.00
2012/01/05	19.05	19.18	17.85	18.50	6161361	235848640.00
2012/01/06	18.46	18.50	17.83	18.44	3580809	135495216.00
2012/01/09	18.43	18.65	18.11	18.65	2031606	78085360.00
2012/01/10	18.60	19.45	18.51	19.37	2437931	97286328.00
2012/01/11	19.43	19.48	19.18	19.29	1270429	51145880.00
2012/01/12	19.20	19.47	19.00	19.06	1035731	41461228.00
2012/01/13	19.06	19.14	18.44	18.60	1913286	74873344.00
2012/01/16	18.45	18.45	17.39	17.68	3564620	132892672.00
2012/01/17	17.68	17.98	16.70	17.70	3835669	139253952.00
2012/01/18	17.75	17.80	15.85	16.37	7161685	247421328.00
2012/01/19	16.20	16.90	16.06	16.71	4091277	142466720.00
2012/01/20	16.80	18.46	16.76	18.33	7531903	282748416.00
2012/01/30	18.34	18.40	17.45	17.49	2540070	94590016.00
2012/01/31	17.59	17.88	17.48	17.66	949009	34900432.00
2012/02/01	17.57	17.80	17.28	17.30	1812983	66543632.00
2012/02/02	17.37	17.45	17.01	17.30	2424263	87614080.00
2012/02/03	17.35	17.62	17.14	17.51	3661961	132976720.00
2012/02/06	17.52	18.04	17.52	17.99	3919274	146141216.00
2012/02/07	17.78	17.98	17.53	17.76	1558410	57842176.00
2012/02/08	17.77	18.05	17.58	18.00	1401881	52356948.00
2012/02/09	18.00	18.39	17.78	18.15	2021746	76632088.00
2012/02/10	18.07	18.22	17.91	18.00	1168247	43996972.00
2012/02/13	17.76	18.43	17.72	18.39	2046567	77673640.00
2012/02/14	18.24	18.95	18.10	18.69	2604811	101375288.00
2012/02/15	18.68	18.78	18.45	18.75	1268494	49408508.00
2012/02/16	18.70	18.85	18.48	18.56	1189639	46156336.00
2012/02/17	18.77	18.84	18.55	18.59	1815027	70615912.00
2012/02/20	18.80	18.80	18.40	18.57	1073534	41558552.00
2012/02/21	18.61	18.78	18.42	18.76	974387	37939392.00
2012/02/22	18.65	19.16	18.65	19.10	1393052	54992932.00
2012/02/23	19.19	19.29	18.96	18.97	1284467	51084584.00
2012/02/24	18.99	19.18	18.91	19.18	1205302	47716320.00
2012/02/27	19.20	19.44	19.06	19.25	2997595	120445016.00
2012/02/28	19.27	19.43	19.10	19.18	1720349	69027968.00
2012/02/29	19.18	19.18	18.53	18.65	2870366	112389104.00
2012/03/01	18.70	18.79	18.26	18.64	3089433	118913232.00
2012/03/02	18.51	18.78	18.35	18.70	2507940	97081712.00
2012/03/05	18.70	18.71	18.25	18.33	3981432	152793184.00
2012/03/06	18.35	18.43	18.08	18.25	2617561	99603552.00
2012/03/07	18.20	18.47	18.06	18.36	2011223	77134192.00
2012/03/08	18.42	18.45	18.21	18.40	1579192	60430292.00
2012/03/09	18.43	18.60	18.17	18.55	3096902	118490472.00
2012/03/12	18.59	19.29	18.54	19.21	4913138	195725408.00
2012/03/13	19.18	19.39	19.18	19.28	2257137	90541168.00
2012/03/14	19.31	19.94	19.06	19.17	4899687	199134240.00
2012/03/15	19.12	20.24	19.12	20.09	4399910	181154560.00
2012/03/16	20.01	20.30	19.83	20.27	3486090	145700000.00
2012/03/19	20.24	20.28	19.88	19.96	2438335	101981544.00
2012/03/20	19.84	20.00	19.15	19.21	3702896	149738928.00
2012/03/21	19.20	19.22	18.64	18.87	4136743	163347152.00
2012/03/22	18.88	19.13	18.69	18.75	3102217	122562248.00
2012/03/23	18.75	18.80	18.52	18.65	1584612	61630504.00
2012/03/26	18.70	18.70	17.61	18.16	9420925	352355200.00
2012/03/27	18.01	18.15	16.89	17.00	11596672	422587008.00
2012/03/28	17.13	17.23	16.70	16.87	6278965	222679744.00
2012/03/29	16.81	17.23	16.75	17.10	3684919	131803288.00
2012/03/30	17.13	17.19	16.69	16.92	2248911	79567544.00
2012/04/05	17.05	17.11	16.76	17.10	2598483	92495480.00
2012/04/06	17.05	17.36	16.94	17.19	2597984	93535856.00
2012/04/09	17.14	17.26	16.85	16.95	1384957	49368112.00
2012/04/10	16.93	17.19	16.85	17.17	1703337	60703424.00
2012/04/11	17.18	17.65	17.15	17.38	2981884	108951680.00
2012/04/12	17.61	17.95	17.55	17.83	3303100	122531080.00
2012/04/13	17.83	17.97	17.55	17.71	3091493	114747968.00
2012/04/16	17.71	17.91	17.63	17.80	1553777	57828696.00
2012/04/17	17.94	18.05	17.77	17.81	2004628	74702104.00
2012/04/18	17.97	17.97	17.50	17.85	2953192	109337856.00
2012/04/19	17.86	17.86	17.41	17.55	2956302	108538800.00
2012/04/20	17.55	17.60	17.41	17.56	1736050	63500336.00
2012/04/24	17.38	17.83	17.20	17.63	2978660	109382672.00
2012/04/25	17.64	18.36	17.64	18.18	3694518	140030016.00
2012/04/26	18.23	18.29	18.06	18.09	1258452	47642328.00
2012/04/27	18.20	18.28	17.95	18.03	1015530	38348692.00
2012/05/02	18.15	18.42	18.01	18.29	1521910	58116052.00
2012/05/03	18.29	18.73	18.29	18.61	2470098	95839208.00
2012/05/04	18.65	19.15	18.61	19.00	2546733	100593592.00
2012/05/07	18.79	19.23	18.79	19.05	3313072	131983096.00
2012/05/08	19.14	19.14	18.67	18.82	2587893	101952304.00
2012/05/09	18.72	18.72	18.21	18.42	2747083	105519744.00
2012/05/10	18.48	19.12	18.42	18.82	2659241	104771848.00
2012/05/11	18.71	19.00	18.66	18.71	1958851	76642208.00
2012/05/14	18.80	19.00	18.59	18.88	2700568	106104624.00
2012/05/15	18.66	18.90	18.55	18.78	1841894	71955304.00
2012/05/16	18.78	18.88	18.45	18.48	1376331	53549672.00
2012/05/17	18.31	18.52	17.70	18.10	2390236	90220720.00
2012/05/18	18.00	18.10	17.89	17.90	1628792	61068072.00
2012/05/21	17.90	18.08	17.80	17.88	1086615	40603960.00
2012/05/22	17.91	18.15	17.76	18.15	1763848	66181296.00
2012/05/23	18.08	18.38	17.93	18.34	1772567	67462480.00
2012/05/24	18.30	18.49	18.25	18.28	989287	37917304.00
2012/05/25	18.26	18.30	17.95	18.00	1026692	38695712.00
2012/05/28	17.82	18.45	17.81	18.20	1178447	44793208.00
2012/05/29	18.36	18.40	18.15	18.33	959810	36675824.00
2012/05/30	18.33	18.45	18.25	18.30	837514	32067790.00
2012/05/31	18.23	18.78	17.96	18.70	3005653	115825360.00
2012/06/01	18.60	19.23	18.60	19.20	3533444	139964288.00
2012/06/04	18.97	20.01	18.97	19.47	8077388	331138848.00
2012/06/05	19.50	20.23	19.45	19.61	6414961	265497152.00
2012/06/07	19.79	19.79	19.31	19.48	1673067	66787408.00
2012/06/08	19.48	19.65	19.31	19.55	1129298	45080564.00
2012/06/11	19.55	20.50	19.38	20.28	2895328	119571576.00
2012/06/12	20.11	20.86	20.11	20.81	2944624	124006768.00
2012/06/13	20.80	21.00	20.51	20.83	2332252	98962600.00
2012/06/14	20.65	20.98	20.65	20.87	1762099	74942072.00
2012/06/15	20.86	21.10	20.73	20.95	1173772	50169312.00
2012/06/18	20.80	21.25	20.76	21.19	1949985	84119608.00
2012/06/19	21.12	21.30	20.95	21.00	2481805	107007760.00
2012/06/20	21.05	21.10	20.35	20.55	2875414	120675216.00
2012/06/21	20.36	20.65	20.23	20.55	2759872	115355768.00
2012/06/25	20.50	21.63	20.50	21.00	3985734	171780976.00
2012/06/26	20.90	21.14	20.59	20.99	2040289	87415128.00
2012/06/27	20.88	21.54	20.88	21.41	2615300	114014248.00
2012/06/28	21.55	21.55	21.00	21.50	2358875	102902960.00
2012/06/29	21.24	21.75	21.24	21.41	2638239	116236472.00
2012/07/02	21.44	22.10	21.37	22.07	2009989	90060992.00
2012/07/03	22.07	22.15	21.68	21.79	2421673	108676032.00
2012/07/04	21.79	21.99	21.38	21.45	1598210	70276704.00
2012/07/05	21.25	21.65	21.15	21.43	1088841	47388744.00
2012/07/06	21.46	22.54	21.46	22.35	3664232	165994496.00
2012/07/09	22.35	22.84	22.35	22.43	2661911	123001968.00
2012/07/10	22.25	22.55	21.74	22.01	2009265	90763048.00
2012/07/11	21.86	22.65	21.62	22.55	2731094	124407552.00
2012/07/12	22.40	23.49	21.81	22.25	5803072	266537152.00
2012/07/13	22.10	22.78	21.88	22.59	2100433	95420776.00
2012/07/16	22.56	23.39	22.56	22.94	3492906	164466832.00
2012/07/17	22.57	23.48	22.23	22.96	2503232	117276600.00
2012/07/18	22.78	23.54	22.05	23.09	3367762	155899072.00
2012/07/19	22.95	23.08	22.42	22.93	1326171	61750552.00
2012/07/20	22.80	23.28	22.80	23.07	1530577	72067056.00
2012/07/23	22.85	23.19	22.85	23.06	1592846	74918088.00
2012/07/24	22.98	23.23	22.55	23.16	1977886	92104520.00
2012/07/25	22.88	23.15	22.64	22.83	1008516	46891384.00
2012/07/26	22.78	22.87	22.45	22.46	1617861	74477024.00
2012/07/27	22.68	22.78	21.85	22.05	2980599	133989568.00
2012/07/30	21.90	22.43	21.90	22.05	868581	39231576.00
2012/07/31	22.06	22.73	22.06	22.50	2230764	102670152.00
2012/08/01	22.55	23.39	22.55	23.30	2388910	112787200.00
2012/08/02	23.42	23.80	23.10	23.48	2684975	128562488.00
2012/08/03	23.53	23.73	23.23	23.58	1473955	70804768.00
2012/08/06	23.55	24.15	23.55	23.75	2628193	127788608.00
2012/08/07	23.58	23.90	23.05	23.81	2233832	106298664.00
2012/08/08	23.75	23.79	23.14	23.36	1024257	48735108.00
2012/08/09	23.56	25.26	23.56	25.04	6349781	315984736.00
2012/08/10	25.05	25.25	24.86	24.87	4620007	235183440.00
2012/08/13	24.73	25.49	24.73	24.86	3187174	163302464.00
2012/08/14	24.75	25.43	24.08	24.95	3220807	162559120.00
2012/08/15	24.83	25.34	24.55	24.96	2082813	106236224.00
2012/08/16	24.88	25.04	24.08	24.39	2277359	112913032.00
2012/08/17	24.53	24.53	23.70	24.07	2575568	125447696.00
2012/08/20	23.99	24.47	23.59	24.30	1572182	77408080.00
2012/08/21	24.33	25.28	24.06	25.25	2097119	106558240.00
2012/08/22	25.29	25.45	24.80	25.14	1532749	78438448.00
2012/08/23	25.15	25.25	24.60	24.76	1420424	71853144.00
2012/08/24	24.70	24.99	24.55	24.81	846343	42707524.00
2012/08/27	24.57	24.79	23.98	24.51	1782097	88096640.00
2012/08/28	24.52	24.70	23.95	23.99	1793710	88142320.00
2012/08/29	23.81	24.38	23.80	23.84	1135332	55655032.00
2012/08/30	23.85	24.00	23.12	23.51	2690620	129222600.00
2012/08/31	23.56	24.26	23.31	24.15	1954514	95243096.00
2012/09/03	24.15	25.13	24.07	24.81	2920011	146694960.00
2012/09/04	24.77	25.02	24.41	24.58	854411	42847244.00
2012/09/05	24.48	24.78	24.30	24.69	931470	46546680.00
2012/09/06	24.72	24.82	24.29	24.46	1345086	66821600.00
2012/09/07	24.55	25.54	24.55	25.14	2454301	125408392.00
2012/09/10	25.13	25.47	25.04	25.15	989163	50764880.00
2012/09/11	24.96	26.14	24.90	25.95	1716668	89675248.00
2012/09/12	26.08	26.23	25.45	26.06	1261494	66339348.00
2012/09/13	25.94	26.35	25.70	25.72	1802141	95176616.00
2012/09/14	25.68	25.90	25.15	25.50	2171154	112242352.00
2012/09/17	25.40	25.68	25.30	25.31	1107117	57452008.00
2012/09/18	25.45	25.90	25.12	25.78	1573691	82057672.00
2012/09/19	25.75	25.94	25.48	25.68	896773	46944188.00
2012/09/20	25.59	25.61	24.95	24.98	1572199	80431656.00
2012/09/21	24.89	25.03	24.51	24.66	1738191	87320376.00
2012/09/24	24.55	24.94	24.30	24.68	984467	49350112.00
2012/09/25	24.68	25.38	24.68	25.29	1277133	65414672.00
2012/09/26	25.30	25.30	24.53	24.70	1007129	50883724.00
2012/09/27	24.78	25.55	24.28	25.06	2586496	130974368.00
2012/09/28	24.78	25.30	24.70	25.27	2084646	105961400.00
2012/10/08	25.25	25.57	25.05	25.27	953290	49151820.00
2012/10/09	25.34	26.04	25.34	25.83	1616688	84833360.00
2012/10/10	25.84	26.15	25.74	26.02	1114300	58879368.00
2012/10/11	26.04	26.25	25.70	25.70	1500556	79080976.00
2012/10/12	25.90	26.03	25.25	25.37	1111239	57649784.00
2012/10/15	25.34	26.14	25.30	26.12	1775221	92964488.00
2012/10/16	26.16	26.30	25.86	26.14	1775105	94241728.00
2012/10/17	26.15	26.29	25.91	26.10	1442759	76537640.00
2012/10/18	26.18	26.75	26.18	26.47	2178600	117493016.00
2012/10/19	26.48	26.65	25.90	25.95	1622898	86310064.00
2012/10/22	25.92	26.24	25.78	25.88	1203576	63597156.00
2012/10/23	25.82	26.11	25.22	25.45	2296210	119409960.00
2012/10/24	25.69	25.69	25.04	25.40	1653203	84812168.00
2012/10/25	25.30	25.45	25.05	25.17	1096207	56197032.00
2012/10/26	25.18	25.52	24.85	25.36	1651525	84108928.00
2012/10/29	25.13	25.54	24.99	25.29	1107235	56839120.00
2012/10/30	25.35	25.73	25.21	25.62	1615914	83910048.00
2012/10/31	25.63	25.99	25.60	25.97	1951986	102431784.00
2012/11/01	25.96	26.18	25.85	25.87	1950295	103306576.00
2012/11/02	25.87	25.97	25.35	25.51	2154602	112269864.00
2012/11/05	25.50	25.75	25.26	25.37	1620287	84136096.00
2012/11/06	25.36	25.72	25.14	25.51	1457748	75022496.00
2012/11/07	25.64	25.64	25.00	25.09	2261648	116306136.00
2012/11/08	25.02	25.39	24.81	24.94	1512977	77211440.00
2012/11/09	24.94	25.05	24.40	24.47	1659473	83375992.00
2012/11/12	24.48	24.65	23.80	24.38	2093516	103668248.00
2012/11/13	24.33	24.35	23.55	23.91	2736513	133316680.00
2012/11/14	24.00	24.13	23.90	24.05	2444316	119576256.00
2012/11/15	23.86	25.55	23.86	24.79	4176553	211933968.00
2012/11/16	24.86	25.63	24.86	25.49	4657507	240745488.00
2012/11/19	25.55	25.74	25.31	25.51	1277243	66348832.00
2012/11/20	25.51	25.63	25.35	25.48	731673	37934456.00
2012/11/21	25.61	25.94	25.17	25.44	979921	50955476.00
2012/11/22	25.30	25.34	24.79	24.81	1165082	59450424.00
2012/11/23	24.95	25.20	24.76	25.15	1058907	54086548.00
2012/11/26	24.83	25.30	24.76	24.89	871788	44239320.00
2012/11/27	24.73	24.88	24.13	24.26	2418781	120665680.00
2012/11/28	24.29	24.44	23.30	23.36	3951000	191016144.00
2012/11/29	23.35	23.78	23.31	23.48	2066309	99442360.00
2012/11/30	23.48	24.56	23.48	24.49	1691286	82416056.00
2012/12/03	24.45	24.55	24.04	24.38	1335609	66117988.00
2012/12/04	24.38	24.56	24.14	24.46	1078251	53710240.00
2012/12/05	24.55	25.08	24.38	25.00	2908155	146563856.00
2012/12/06	24.96	25.19	24.70	24.85	2108373	106782864.00
2012/12/07	24.90	25.05	24.63	24.94	1910234	96769568.00
2012/12/10	25.08	25.10	24.57	24.65	2337670	117746952.00
2012/12/11	24.60	24.94	24.41	24.92	1003753	50362336.00
2012/12/12	24.94	25.05	24.52	24.59	1676882	84365328.00
2012/12/13	24.58	24.95	24.30	24.90	961603	48400332.00
2012/12/14	24.90	25.95	24.90	25.80	1987823	102882488.00
2012/12/17	25.66	25.90	24.85	25.05	3095937	158273152.00
2012/12/18	25.05	25.34	24.30	24.37	4176916	209274352.00
2012/12/19	24.46	24.75	24.33	24.55	1337577	66919828.00
2012/12/20	24.55	24.70	24.38	24.52	1916433	95818576.00
2012/12/21	24.56	25.05	24.40	24.88	1725608	86757224.00
2012/12/24	24.85	25.85	24.85	25.56	2636225	136724864.00
2012/12/25	25.55	26.65	25.50	26.61	3957560	211424096.00
2012/12/26	26.55	26.55	25.97	26.50	3299067	175695120.00
2012/12/27	26.45	26.65	26.19	26.62	2349917	126197608.00
2012/12/28	26.61	27.12	26.40	27.09	3088436	168266512.00
2012/12/31	27.05	27.27	26.15	27.19	7469939	405495200.00
2013/01/04	26.82	26.83	25.19	25.34	8263861	432135520.00
2013/01/07	25.34	25.83	24.90	25.44	3989039	206272160.00
2013/01/08	25.57	26.40	25.45	26.23	6937750	368006880.00
2013/01/09	26.05	26.95	26.05	26.85	4137563	225126832.00
2013/01/10	26.86	27.05	26.55	26.77	3421773	186534816.00
2013/01/11	26.78	27.22	26.46	27.10	3855294	210763568.00
2013/01/14	27.10	28.20	26.80	28.16	4332880	243841424.00
2013/01/15	27.90	28.23	27.73	28.00	2545599	144918528.00
2013/01/16	28.00	28.78	27.06	27.78	2564333	146465664.00
2013/01/17	27.66	28.57	27.65	28.43	2948281	168916368.00
2013/01/18	28.53	29.08	28.11	28.77	4132272	240116640.00
2013/01/21	28.90	28.95	28.13	28.34	2318391	133358640.00
2013/01/22	28.18	28.71	27.89	28.11	2590282	149250080.00
2013/01/23	28.43	28.43	27.88	28.29	2068569	118184792.00
2013/01/24	28.32	29.07	28.00	28.23	2358459	136593936.00
2013/01/25	28.19	29.07	28.15	28.93	2763762	161956320.00
2013/01/28	29.09	29.64	28.85	29.11	3513184	208789312.00
2013/01/29	28.90	29.09	28.41	28.53	4638447	269976960.00
2013/01/30	28.39	28.66	27.94	28.25	2702467	154677808.00
2013/01/31	28.35	28.55	27.80	28.32	1836183	105063920.00
2013/02/01	28.29	28.55	28.01	28.25	1325114	75846728.00
2013/02/04	28.15	28.22	27.38	28.09	2328121	131146176.00
2013/02/05	28.06	28.84	28.05	28.56	1777910	103162160.00
2013/02/06	28.50	28.64	27.80	28.37	2804211	161039360.00
2013/02/07	28.15	28.96	27.90	28.93	3376911	195618896.00
2013/02/08	28.95	30.04	28.81	29.55	3254993	195584032.00
2013/02/18	29.58	29.73	28.72	29.17	1652457	97738496.00
2013/02/19	29.05	29.24	28.76	29.02	1926601	113348552.00
2013/02/20	29.00	30.05	28.85	29.85	4859893	292493984.00
2013/02/21	29.93	31.05	29.31	30.04	4683399	286971072.00
2013/02/22	29.86	30.81	29.78	29.80	2110712	129171600.00
2013/02/25	29.70	30.65	29.58	30.39	2166667	133864992.00
2013/02/26	30.40	31.69	30.30	31.04	3228726	204037200.00
2013/02/27	31.11	31.58	30.70	31.40	1911760	120463432.00
2013/02/28	31.40	31.52	30.57	31.01	2699106	169376192.00
2013/03/01	30.85	31.44	30.73	31.31	2203067	138651568.00
2013/03/04	31.56	32.70	31.40	32.05	4549931	297691200.00
2013/03/05	32.25	32.95	32.05	32.81	2827707	187185904.00
2013/03/06	32.86	34.17	32.86	33.26	4006668	270767872.00
2013/03/07	33.05	33.23	32.23	32.64	2864743	189720880.00
2013/03/08	32.45	33.35	31.90	32.09	3147961	206531104.00
2013/03/11	32.14	32.61	31.70	32.52	2027150	132562808.00
2013/03/12	32.39	33.31	31.70	32.38	2714809	177600864.00
2013/03/13	32.06	33.05	31.60	32.42	2417991	159296880.00
2013/03/14	32.15	34.45	32.15	34.36	4406555	299964416.00
2013/03/15	34.37	35.16	33.76	34.60	2917961	204440992.00
2013/03/18	34.87	35.20	33.85	34.74	2412644	169112672.00
2013/03/19	34.51	34.88	33.90	34.04	1929034	133510808.00
2013/03/20	34.06	34.85	33.65	34.29	2441751	169454640.00
2013/03/21	34.38	35.07	33.91	35.01	2758609	192687952.00
2013/03/22	34.99	35.04	34.55	34.96	1868012	131767792.00
2013/03/25	35.06	35.28	34.30	34.50	1535073	107816480.00
2013/03/26	34.20	34.48	33.80	34.40	1552232	107229832.00
2013/03/27	34.25	34.90	34.23	34.43	1388075	97181872.00
2013/03/28	34.39	34.63	33.85	34.26	2313030	160748768.00
2013/03/29	34.46	34.63	34.10	34.53	1952682	136016688.00
2013/04/01	34.58	34.80	33.86	34.49	1961207	136247712.00
2013/04/02	35.49	35.50	32.60	33.04	8591870	585132928.00
2013/04/03	32.70	33.38	32.40	32.43	3638694	242462880.00
2013/04/08	32.30	33.54	31.70	33.37	4211145	279958976.00
2013/04/09	33.55	33.62	32.66	33.30	2347631	157761136.00
2013/04/10	32.99	33.25	31.80	32.50	3298574	215932160.00
2013/04/11	32.50	32.67	31.96	31.98	2019743	131894192.00
2013/04/12	31.90	32.52	31.72	32.20	1243581	81414128.00
2013/04/15	32.15	32.58	31.90	32.26	1302081	85129512.00
2013/04/16	32.10	33.19	32.10	32.98	1823419	120482024.00
2013/04/17	33.01	33.64	32.88	33.42	1943886	131640080.00
2013/04/18	33.46	34.32	33.31	33.93	2235957	153681424.00
2013/04/19	33.96	34.52	33.94	34.15	1940656	134887312.00
2013/04/22	34.39	34.55	33.89	34.21	1529407	105862688.00
2013/04/23	34.09	35.00	34.00	34.29	2494501	174857648.00
2013/04/24	34.42	36.30	34.42	36.23	2963826	211996928.00
2013/04/25	36.05	36.30	35.19	35.74	3504167	254245152.00
2013/04/26	36.15	37.15	35.75	36.81	4097690	303607136.00
2013/05/02	36.55	39.66	36.23	39.49	3989827	309422432.00
2013/05/03	39.47	39.83	38.95	39.65	3003936	239509664.00
2013/05/06	39.55	40.20	39.08	39.50	2221559	177641072.00
2013/05/07	39.38	39.39	38.00	38.41	3684680	286932864.00
2013/05/08	38.41	39.85	38.06	39.76	2639940	208158224.00
2013/05/09	39.60	39.70	38.45	39.41	1937310	153028608.00
2013/05/10	38.95	39.45	38.20	38.97	2292260	179654368.00
2013/05/13	38.80	39.03	37.99	38.30	2470542	191401120.00
2013/05/14	38.23	38.30	37.73	37.99	2306637	176615312.00
2013/05/15	37.89	38.73	37.85	38.65	2265480	175577136.00
2013/05/16	38.80	40.64	38.71	39.72	4594827	370016032.00
2013/05/17	39.75	40.29	39.55	39.73	2601861	210095792.00
2013/05/20	39.69	39.69	36.81	37.51	8735677	669360192.00
2013/05/21	37.57	39.20	37.57	38.33	4094011	318420992.00
2013/05/22	38.86	41.63	38.86	39.88	9121402	373701792.00
2013/05/23	39.45	41.62	38.45	41.25	10540524	429500064.00
2013/05/24	41.38	42.49	40.98	42.20	7752914	327428672.00
2013/05/27	42.36	42.59	40.65	41.47	9054692	377903360.00
2013/05/28	40.90	42.37	40.88	41.43	6288699	263524784.00
2013/05/29	41.63	41.85	40.65	41.17	4394972	182914176.00
2013/05/30	41.08	42.54	41.01	42.07	6159981	259517648.00
2013/05/31	42.20	42.60	41.91	42.05	4367249	185886448.00
2013/06/03	42.05	42.48	41.00	41.19	5426648	227401200.00
2013/06/04	40.98	40.98	39.15	39.46	7484980	300225408.00
2013/06/05	39.55	40.01	39.18	39.49	4054911	162098224.00
2013/06/06	39.65	39.84	38.36	38.54	5092675	199360960.00
2013/06/07	38.54	38.95	37.81	38.29	3949158	153114112.00
2013/06/13	37.80	39.45	36.63	39.19	7561369	292072192.00
2013/06/14	39.44	40.44	38.87	39.96	5702907	229005984.00
2013/06/17	39.96	41.61	39.96	40.96	5702596	235201648.00
2013/06/18	41.15	41.62	39.68	40.59	3555894	145476208.00
2013/06/19	40.30	41.15	39.78	40.45	3902290	158875264.00
2013/06/20	40.16	40.95	38.65	38.94	4364042	175163472.00
2013/06/21	38.33	39.45	38.13	39.25	4753629	186842144.00
2013/06/24	39.01	39.01	37.24	37.62	7154711	273387712.00
2013/06/25	37.25	38.03	35.66	37.60	10574891	394153472.00
2013/06/26	37.65	39.41	37.15	39.26	10574155	410785184.00
2013/06/27	39.35	39.95	38.60	39.12	6886999	272977344.00
2013/06/28	38.74	39.46	38.18	38.80	5038186	198143648.00
2013/07/01	38.76	41.04	38.56	40.92	7177948	290461056.00
2013/07/02	40.92	43.64	40.68	42.95	12180617	523703136.00
2013/07/03	42.98	44.86	42.42	44.22	10531224	462368992.00
2013/07/04	43.75	44.85	43.26	43.65	6163530	274201664.00
2013/07/05	43.55	43.85	42.65	42.73	5000729	217111168.00
2013/07/08	42.11	43.43	41.26	42.46	4559507	195352576.00
2013/07/09	42.43	44.15	42.33	43.62	4956242	217562448.00
2013/07/10	43.45	44.05	42.86	43.69	4235824	185587888.00
2013/07/11	43.65	45.00	43.25	44.62	5490659	244612048.00
2013/07/12	44.56	47.45	44.45	45.74	8651216	400054112.00
2013/07/15	46.06	47.65	45.96	47.26	5570374	263607952.00
2013/07/16	47.31	48.31	46.74	47.05	5706270	272495904.00
2013/07/17	46.95	47.18	45.95	46.42	4497745	210944752.00
2013/07/18	46.35	47.95	45.82	47.21	5222866	247211584.00
2013/07/19	47.08	47.78	46.05	46.10	4883731	230421504.00
2013/07/22	45.85	47.05	45.28	46.58	4352443	203519472.00
2013/07/23	46.80	48.55	46.65	48.34	6404236	309410240.00
2013/07/24	48.20	49.66	47.75	49.39	5735984	283465280.00
2013/07/25	49.55	49.70	47.73	48.56	5403147	264256688.00
2013/07/26	48.15	49.12	46.90	47.10	7221686	347842624.00
2013/07/29	46.65	47.80	46.22	46.38	5757994	272083520.00
2013/07/30	46.95	47.15	45.26	45.59	5562662	258513328.00
2013/07/31	45.59	46.57	45.16	45.26	4817939	222038512.00
2013/08/01	45.79	46.95	45.26	46.93	6607914	305698560.00
2013/08/02	47.07	47.65	45.83	46.34	6279743	294234336.00
2013/08/05	46.12	46.65	45.21	46.64	8068461	373007936.00
2013/08/06	46.14	48.11	45.71	48.09	9266856	438749696.00
2013/08/07	47.35	47.43	44.91	45.53	19365473	898768448.00
2013/08/08	45.45	46.05	45.15	45.54	6958858	318962816.00
2013/08/09	45.54	45.60	44.56	44.93	8567587	387271872.00
2013/08/12	45.23	45.34	43.52	44.47	15430302	683979008.00
2013/08/13	43.85	44.09	43.15	43.95	10009771	440084000.00
2013/08/14	43.88	44.63	43.66	44.20	6451507	287917312.00
2013/08/15	44.21	44.34	42.75	42.95	8852745	386293024.00
2013/08/16	42.94	44.15	41.15	41.63	13724507	584320192.00
2013/08/19	41.35	42.95	41.23	42.87	6528575	279905984.00
2013/08/20	42.68	43.84	42.65	42.89	6044053	263816800.00
2013/08/21	42.65	43.10	41.71	42.00	5692413	241813248.00
2013/08/22	41.93	43.75	41.36	43.50	10328940	444906816.00
2013/08/23	43.55	44.75	43.26	44.08	10929150	487181760.00
2013/08/26	44.33	44.73	44.04	44.42	5260249	235653168.00
2013/08/27	44.42	45.15	43.60	43.99	4576259	204161600.00
2013/08/28	44.01	44.01	42.65	43.07	5170814	224825664.00
2013/08/29	43.07	43.33	42.51	43.04	3546458	152935600.00
2013/08/30	43.15	43.15	41.84	42.14	4324122	184713440.00
2013/09/02	42.13	42.70	41.40	42.21	4482013	189749168.00
2013/09/03	42.54	43.05	41.95	42.85	4744415	203616544.00
2013/09/04	42.80	42.84	41.85	41.98	3926204	167435072.00
2013/09/05	41.95	41.96	41.00	41.10	8369684	347807136.00
2013/09/06	41.05	42.12	40.95	41.84	6725529	282788480.00
2013/09/09	41.96	42.05	41.15	41.63	7163988	298558688.00
2013/09/10	41.45	41.45	39.69	40.36	15469645	630148224.00
2013/09/11	39.98	40.85	39.05	40.80	10148405	409290400.00
2013/09/12	40.25	41.13	39.60	40.40	6957618	284008512.00
2013/09/13	40.75	41.63	40.15	41.61	8010718	332740064.00
2013/09/16	41.65	42.22	41.45	41.48	6769277	285229856.00
2013/09/17	41.52	42.41	41.41	42.36	10110937	428647008.00
2013/09/18	42.25	43.75	42.15	43.51	10073573	439923936.00
2013/09/23	43.48	44.54	42.95	44.08	8726323	386851008.00
2013/09/24	44.10	44.93	43.67	43.72	7475656	333520448.00
2013/09/25	44.15	44.91	42.25	42.82	9154501	401500640.00
2013/09/26	42.83	44.35	42.65	43.95	7316755	323394080.00
2013/09/27	43.95	45.13	43.95	44.47	7895833	355234176.00
2013/09/30	44.65	45.25	43.86	44.67	3946939	176990752.00
2013/10/08	44.41	44.95	44.04	44.69	6265400	280758560.00
2013/10/09	44.49	44.49	43.03	43.77	11531494	505956192.00
2013/10/10	43.30	43.65	43.05	43.37	4343403	189423152.00
2013/10/11	43.31	43.63	43.03	43.25	4464012	194482096.00
2013/10/14	43.37	43.53	41.65	41.90	11663293	495196448.00
2013/10/15	41.94	43.15	41.84	42.49	8305704	356100416.00
2013/10/16	42.25	43.35	41.61	42.68	6604083	283082528.00
2013/10/17	42.95	43.33	42.21	42.38	3640906	157328592.00
2013/10/18	42.40	42.65	41.45	42.07	4418655	186285056.00
2013/10/21	42.01	42.63	41.06	42.59	6550680	276289600.00
2013/10/22	42.58	43.50	42.17	43.04	6286963	271837440.00
2013/10/23	43.06	43.22	42.17	42.37	3883028	166540752.00
2013/10/24	42.45	43.02	42.00	42.51	3294546	141590704.00
2013/10/25	42.55	42.59	40.74	41.25	5952808	249267760.00
2013/10/28	41.15	41.25	39.53	39.74	8533359	344458816.00
2013/10/29	39.65	40.92	39.58	39.85	5913622	237984256.00
2013/10/30	39.93	40.70	39.83	40.42	4390223	178838832.00
2013/10/31	40.33	40.57	39.33	40.42	4654060	187138592.00
2013/11/01	40.42	40.53	39.75	40.15	2722958	110137168.00
2013/11/04	39.95	40.26	39.66	39.74	3162065	127186952.00
2013/11/05	39.65	39.65	37.65	38.80	8324392	322977120.00
2013/11/06	38.76	38.76	38.04	38.24	5141733	199168800.00
2013/11/07	38.21	38.21	37.05	37.85	5007025	190238208.00
2013/11/08	37.77	37.93	37.25	37.52	3789782	143787824.00
2013/11/11	37.45	39.51	37.05	39.35	8326996	322131520.00
2013/11/12	39.25	41.25	39.25	40.64	8220213	336458400.00
2013/11/13	40.29	40.55	39.55	39.77	3738272	150497296.00
2013/11/14	39.75	40.17	39.43	39.79	3911764	157013248.00
2013/11/15	39.87	40.15	39.25	39.59	5580571	223473024.00
2013/11/18	39.79	39.88	38.68	39.25	7551022	297935520.00
2013/11/19	39.10	39.51	38.63	38.84	5505588	216024848.00
2013/11/20	39.15	39.53	38.75	39.05	3843408	151607856.00
2013/11/21	39.09	40.15	38.85	40.11	6892853	275777760.00
2013/11/22	40.12	40.27	39.45	39.63	4331159	174096384.00
2013/11/25	39.62	40.60	39.62	40.24	4511888	183533744.00
2013/11/26	40.25	40.71	40.04	40.45	3245024	132739520.00
2013/11/27	40.41	41.19	40.16	40.85	3722194	153550288.00
2013/11/28	41.15	41.22	40.47	40.71	5686961	234136192.00
2013/11/29	40.73	42.56	40.65	42.03	6606050	279332704.00
2013/12/02	41.35	42.03	40.95	41.23	4132169	172640144.00
2013/12/03	41.18	42.14	40.93	41.92	5088420	214487392.00
2013/12/04	41.75	42.80	41.64	42.39	4507973	193279008.00
2013/12/05	42.35	42.35	41.40	41.44	3191411	134006768.00
2013/12/06	41.50	41.70	40.45	40.89	4474716	184011152.00
2013/12/09	40.95	41.13	40.12	41.00	3921980	160276176.00
2013/12/10	40.94	41.16	39.56	39.79	9157176	368848896.00
2013/12/11	39.66	40.05	39.56	39.95	3098868	124559256.00
2013/12/12	39.95	40.95	39.70	40.55	3313970	135761680.00
2013/12/13	40.05	41.00	40.05	40.52	3085474	126399400.00
2013/12/16	40.58	41.15	40.47	40.73	2904796	119617440.00
2013/12/17	40.85	42.55	40.65	42.03	8615391	364065568.00
2013/12/18	42.04	42.25	41.35	41.75	4758000	200360592.00
2013/12/19	41.84	42.00	40.88	41.03	3695322	153679744.00
2013/12/20	41.40	41.89	41.00	41.33	4747618	198550240.00
2013/12/23	41.46	42.59	41.45	42.43	6177856	263036208.00
2013/12/24	42.40	43.45	42.15	42.63	8650269	374558272.00
2013/12/25	42.61	42.80	42.23	42.55	3068194	131517008.00
2013/12/26	42.26	42.86	42.23	42.55	3446731	147825168.00
2013/12/27	42.85	43.19	42.45	42.78	2852722	123443488.00
2013/12/30	42.95	43.03	41.95	42.05	3568460	152167296.00
2013/12/31	41.63	42.90	41.56	42.54	4174134	178616960.00
2014/01/02	42.51	44.73	42.15	44.35	10606190	470490336.00
2014/01/03	44.35	45.44	44.06	45.04	7916595	356692256.00
2014/01/06	44.80	44.83	43.67	43.97	3973336	176305152.00
2014/01/07	43.21	45.30	43.21	45.07	5817080	263461056.00
2014/01/08	45.08	45.64	44.38	45.44	5169715	235590336.00
2014/01/09	45.45	47.83	44.98	46.75	9468096	448627328.00
2014/01/10	46.64	47.60	45.14	45.15	4698984	217945168.00
2014/01/13	44.75	46.42	44.70	45.78	5450660	250903936.00
2014/01/14	45.65	46.23	44.65	45.41	3977502	180940224.00
2014/01/15	45.41	46.30	44.66	45.54	4153649	189990464.00
2014/01/16	45.70	45.92	44.11	44.26	4813240	216949296.00
2014/01/17	44.23	44.91	43.65	43.82	3663186	163686368.00
2014/01/20	43.74	44.45	43.50	43.78	2714908	120558736.00
2014/01/21	43.75	44.30	43.74	44.05	1786591	79176376.00
2014/01/22	44.09	46.14	44.05	44.94	5055192	230714112.00
2014/01/23	44.95	46.04	44.15	45.59	4841002	220224064.00
2014/01/24	45.43	45.89	44.97	45.31	3482094	159149568.00
2014/01/27	45.10	45.25	43.95	44.10	4294354	192748608.00
2014/01/28	44.25	44.62	43.92	44.46	2956239	132038368.00
2014/01/29	44.46	45.42	44.46	45.12	2506619	113607960.00
2014/01/30	45.15	45.47	44.37	44.49	2419246	109929920.00
2014/02/07	43.95	44.10	42.63	43.37	5619920	245173952.00
2014/02/10	43.22	44.50	42.35	43.97	13423774	582034368.00
2014/02/11	43.97	44.65	43.82	44.19	7168303	319772512.00
2014/02/12	44.20	44.45	42.96	43.31	7050479	307767712.00
2014/02/13	43.08	43.08	41.53	41.82	10671694	455813312.00
2014/02/14	41.90	42.62	41.60	42.47	5009233	212181696.00
2014/02/17	42.44	42.44	41.36	42.03	11478187	483226112.00
2014/02/18	41.84	42.85	41.67	42.18	6878496	292807200.00
2014/02/19	42.18	45.09	42.11	44.69	17557272	778212992.00
2014/02/20	44.55	44.93	43.65	44.63	7511581	336513952.00
2014/02/21	44.85	46.01	44.47	45.46	10201431	467301440.00
2014/02/24	45.46	45.53	43.99	45.25	6026390	272742816.00
2014/02/25	45.43	47.25	44.56	44.64	11340864	526739616.00
2014/02/26	44.09	46.75	44.09	46.30	9265968	427942080.00
2014/02/27	46.55	47.15	44.27	44.76	6603852	303737760.00
2014/02/28	44.65	45.45	43.66	44.53	6695466	300496096.00
2014/03/03	44.53	45.10	42.65	43.42	10624806	467662304.00
2014/03/04	43.52	44.16	43.16	43.65	6208505	273339584.00
2014/03/05	43.83	43.95	42.03	42.46	7658422	327895200.00
2014/03/06	42.40	42.40	39.62	40.92	14756933	604332352.00
2014/03/07	40.85	41.65	40.08	41.14	8336603	344172832.00
2014/03/10	40.66	41.65	40.24	41.12	6076227	249867232.00
2014/03/11	41.05	42.11	40.97	41.54	5226421	219252384.00
2014/03/12	41.95	42.64	41.15	41.59	6223425	262340272.00
2014/03/13	41.61	42.06	41.15	41.93	2623872	110515184.00
2014/03/14	41.65	42.05	41.27	41.68	3067171	128678976.00
2014/03/17	41.95	41.98	40.15	40.67	10249894	419260576.00
2014/03/18	40.65	40.67	39.84	40.26	8592156	348395232.00
2014/03/19	40.24	40.28	39.76	39.95	4766111	192095744.00
2014/03/20	39.87	40.33	39.33	39.72	4887506	196004560.00
2014/03/21	39.30	40.25	39.30	40.22	5347223	214479040.00
2014/03/24	40.22	40.35	39.23	39.40	6059344	241164912.00
2014/03/25	39.40	40.05	39.05	39.65	4429612	177256288.00
2014/03/26	39.65	40.95	39.65	40.31	4678508	190526736.00
2014/03/27	40.33	40.33	39.36	39.58	3232975	129317512.00
2014/03/28	39.58	39.97	39.06	39.53	2801321	111586456.00
2014/03/31	39.51	39.65	37.90	38.64	7214032	281826368.00
2014/04/01	38.59	38.71	37.82	38.35	5609289	216466560.00
2014/04/02	38.25	38.32	36.96	37.68	11433802	431501696.00
2014/04/03	37.65	38.05	37.26	37.80	5462924	207777184.00
2014/04/04	37.84	38.01	37.46	37.86	3015570	114783520.00
2014/04/08	37.80	40.65	37.65	40.62	13917963	557655296.00
2014/04/09	40.37	40.53	39.83	40.38	5891698	238610928.00
2014/04/10	40.40	40.58	39.42	39.65	7625857	305917984.00
2014/04/11	39.79	41.14	39.76	40.75	9055801	373071776.00
2014/04/14	41.15	41.50	40.40	41.19	6987207	289459488.00
2014/04/15	40.85	41.55	40.50	40.64	5681462	235467632.00
2014/04/16	40.55	41.52	40.42	41.25	5458612	226370160.00
2014/04/17	41.45	41.75	40.65	40.69	4070061	168265072.00
2014/04/18	40.65	40.87	39.89	40.07	4855651	196864608.00
2014/04/21	40.07	40.10	39.50	39.84	4847822	194402032.00
2014/04/22	38.15	38.95	37.05	37.67	16589955	632779968.00
2014/04/23	37.67	37.67	36.31	37.02	9620824	358785024.00
2014/04/24	36.95	37.31	36.55	36.85	4906962	182911520.00
2014/04/25	37.15	37.16	35.86	36.17	8704935	318881568.00
2014/04/28	36.17	36.17	35.00	35.80	7105686	256160816.00
2014/04/29	35.82	36.55	35.80	36.39	4203513	154088128.00
2014/04/30	36.20	37.45	36.20	37.16	4103604	153569568.00
2014/05/05	36.70	37.32	36.35	36.92	3238373	120111776.00
2014/05/06	36.90	37.15	36.83	36.99	2670089	99847088.00
2014/05/07	36.80	37.34	36.70	36.86	3127113	116835800.00
2014/05/08	36.70	37.20	36.65	36.74	2453580	91423152.00
2014/05/09	36.78	37.20	36.65	36.85	2600859	96988088.00
2014/05/12	37.12	37.41	36.73	37.30	3035737	113879232.00
2014/05/13	37.55	37.60	37.05	37.09	2197006	82522144.00
2014/05/14	37.10	37.21	36.72	37.03	2339117	87145208.00
2014/05/15	36.98	37.32	36.65	36.66	2682989	99789776.00
2014/05/16	36.68	36.93	36.25	36.63	2186819	80872032.00
2014/05/19	36.63	36.63	35.78	36.09	2834309	102986792.00
2014/05/20	35.86	36.31	35.60	35.83	3339174	120961272.00
2014/05/21	35.55	36.32	35.53	36.22	1967454	71636792.00
2014/05/22	35.99	36.83	35.99	36.16	2720011	100099032.00
2014/05/23	36.25	36.53	36.17	36.44	1842129	67680504.00
2014/05/26	36.75	37.75	36.54	37.74	7327301	277562528.00
2014/05/27	37.76	37.83	37.05	37.45	3483250	131600048.00
2014/05/28	37.45	37.75	37.15	37.64	2637410	100067360.00
2014/05/29	37.80	38.42	37.14	37.38	4459497	170214400.00
2014/05/30	37.38	37.53	36.70	37.14	2904718	108891200.00
2014/06/18	38.74	39.77	38.35	38.46	19344654	761487744.00
2014/06/19	38.81	39.19	38.22	38.59	7388824	286345792.00
2014/06/20	38.35	38.94	38.30	38.76	4566963	176644464.00
2014/06/23	38.88	39.00	38.28	38.33	5770496	221890816.00
2014/06/24	38.41	39.68	38.41	39.52	6545777	254759072.00
2014/06/25	39.48	39.48	38.93	39.04	3356915	131236408.00
2014/06/26	39.28	39.66	39.00	39.52	4501722	177238272.00
2014/06/27	39.40	39.49	39.20	39.41	2983966	117461432.00
2014/06/30	39.41	39.64	38.60	38.77	6602176	256456016.00
2014/07/01	38.80	38.88	38.23	38.76	2741990	105806528.00
2014/07/02	38.76	38.77	38.28	38.58	3472943	133560976.00
2014/07/03	38.49	38.94	38.32	38.76	4757782	183797408.00
2014/07/04	38.80	38.80	38.10	38.18	3994001	153158752.00
2014/07/07	38.12	38.23	37.20	37.46	6636023	249572800.00
2014/07/08	37.46	37.78	37.15	37.39	4791464	178857296.00
2014/07/09	37.39	37.39	36.20	36.42	8358178	306741344.00
2014/07/10	36.43	37.14	36.40	36.65	4067110	149398512.00
2014/07/11	36.68	36.85	36.18	36.29	4641011	168942432.00
2014/07/14	36.28	36.81	35.83	36.79	4370470	159050032.00
2014/07/15	36.78	38.30	36.55	38.18	10070163	380885280.00
2014/07/16	38.20	39.07	37.80	38.21	5185964	199693536.00
2014/07/17	38.10	38.10	37.48	37.50	2415938	91136128.00
2014/07/18	37.48	38.99	37.30	38.25	5066580	194628240.00
2014/07/21	38.35	39.18	38.22	38.60	6128539	237217904.00
2014/07/22	38.59	39.05	38.35	38.74	5872949	227900080.00
2014/07/23	38.76	38.76	37.80	38.06	4349497	165656720.00
2014/07/24	38.23	38.89	37.65	38.75	4445104	169888256.00
2014/07/25	38.81	39.08	38.28	38.70	3172194	122561632.00
2014/07/28	38.69	39.65	38.65	39.42	8149316	320144224.00
2014/07/29	39.50	40.05	38.85	39.87	6562041	259514176.00
2014/07/30	39.87	40.89	39.80	40.24	7148077	288117536.00
2014/07/31	40.19	40.25	39.81	40.13	3630677	145390688.00
2014/08/01	40.00	41.13	40.00	40.32	6562801	266909632.00
2014/08/04	40.29	41.08	40.19	40.40	6717055	272444096.00
2014/08/05	40.59	40.90	40.00	40.45	3786603	153167920.00
2014/08/06	40.20	40.45	39.85	40.01	6092823	243843216.00
2014/08/07	39.99	40.28	39.13	39.20	5038096	199333088.00
2014/08/08	39.23	39.85	39.16	39.55	2310027	91194272.00
2014/08/11	40.00	40.79	40.00	40.46	5328541	215422608.00
2014/08/12	40.62	40.62	39.82	40.19	4784188	191656096.00
2014/08/13	40.19	40.39	39.60	39.74	4289611	170761184.00
2014/08/14	39.58	39.85	39.21	39.40	4599605	181294768.00
2014/08/15	39.41	40.10	39.40	39.99	5449828	217233552.00
2014/08/18	40.01	40.25	39.69	40.02	5045883	201088640.00
2014/08/19	40.08	40.13	39.65	39.78	4796442	190577008.00
2014/08/20	39.78	39.88	39.40	39.69	3176266	125766064.00
2014/08/21	39.60	39.88	39.26	39.79	4572468	181139104.00
2014/08/22	39.80	39.80	39.30	39.63	5325780	210173632.00
2014/08/25	39.67	39.75	38.69	38.75	5572873	217312704.00
2014/08/26	38.90	38.94	37.99	38.05	7230106	277336896.00
2014/08/27	38.08	38.47	37.65	38.43	4379011	166301296.00
2014/08/28	38.38	38.38	37.90	38.04	2689802	102361328.00
2014/08/29	38.05	38.29	37.87	38.17	4933068	187646160.00
2014/09/01	38.24	38.89	38.05	38.88	5291774	203333680.00
2014/09/02	38.89	39.15	38.56	39.05	4880363	189504144.00
2014/09/03	39.30	39.72	39.20	39.42	7961697	313855552.00
2014/09/04	39.39	39.47	38.97	39.22	7955960	311393888.00
2014/09/05	39.40	39.76	39.02	39.25	8596947	337319136.00
2014/09/09	39.28	39.68	38.96	39.46	8314440	326856320.00
2014/09/10	39.40	39.65	39.20	39.39	4731830	186330608.00
2014/09/11	39.35	39.70	39.08	39.15	6988639	275017152.00
2014/09/12	39.13	39.15	38.75	39.11	6462290	251541712.00
2014/09/15	38.91	39.00	38.60	38.91	7427252	287898656.00
2014/09/16	38.95	39.66	38.82	38.83	10942529	430428160.00
2014/09/17	38.85	39.20	38.50	38.76	5046567	195615472.00
2014/09/18	38.78	40.29	38.30	40.19	15399248	611291648.00
2014/09/19	40.18	40.77	39.91	40.46	10041689	406003008.00
2014/09/22	40.26	40.33	39.38	39.65	5881340	234120304.00
2014/09/23	39.63	40.58	39.63	40.20	6670997	268862624.00
2014/09/24	40.02	40.35	39.88	40.21	6198143	248686464.00
2014/09/25	40.26	40.65	39.77	40.08	5311029	212621056.00
2014/09/26	40.00	41.66	39.70	41.14	9653744	393548608.00
2014/09/29	41.43	41.80	41.08	41.60	7829892	325278624.00
2014/09/30	41.61	41.80	41.12	41.58	5917088	245063056.00
2014/10/08	41.58	43.86	41.30	43.75	13914273	599679552.00
2014/10/09	43.40	43.86	42.58	43.36	6762480	292986720.00
2014/10/10	42.94	43.77	42.88	42.92	5575776	241403728.00
2014/10/13	42.52	43.28	41.70	43.18	7187722	306282112.00
2014/10/14	42.83	43.18	41.88	42.22	6005435	255438720.00
2014/10/15	42.00	43.28	42.00	42.78	5445273	232628816.00
2014/10/16	42.76	43.66	42.41	42.43	7153320	308688480.00
2014/10/17	42.50	43.26	42.08	43.19	5894540	252066400.00
2014/10/20	43.33	43.95	43.08	43.21	5015065	217874784.00
2014/10/21	43.20	43.20	42.27	42.33	4504255	192016000.00
2014/10/22	42.30	42.40	41.01	41.09	6587744	273213472.00
2014/10/23	41.36	41.36	40.11	40.51	4187909	169906400.00
2014/10/24	40.51	40.74	40.26	40.56	3832634	154983664.00
2014/10/27	40.55	40.66	39.70	40.64	7581906	303640640.00
2014/10/28	40.75	41.40	40.54	41.35	6686517	273543456.00
2014/10/29	41.45	41.67	40.91	41.65	6893781	284883744.00
2014/10/30	41.53	42.20	41.12	41.38	6379103	265574224.00
2014/10/31	41.25	41.85	40.99	41.23	6023079	248806720.00
2014/11/03	41.48	41.48	40.29	40.81	9060732	368383488.00
2014/11/04	40.70	40.71	39.88	40.10	8026674	322327040.00
2014/11/05	40.00	40.16	39.50	39.66	8480361	336512960.00
2014/11/06	39.99	40.11	39.61	40.04	6517755	260016672.00
2014/11/07	40.08	40.30	39.46	39.66	7694663	306316512.00
2014/11/10	40.07	40.84	39.96	40.38	9237365	372848992.00
2014/11/11	40.60	41.67	40.60	41.30	14261123	585351808.00
2014/11/12	41.32	41.32	40.26	40.98	6695471	272736512.00
2014/11/13	41.00	41.00	39.89	40.17	6118477	245914576.00
2014/11/14	40.10	41.71	40.00	41.59	10830917	445904800.00
2014/11/17	42.80	42.85	41.00	41.35	13196236	552969472.00
2014/11/18	41.20	41.23	40.39	40.56	4949422	201151504.00
2014/11/19	40.56	41.00	40.15	40.42	5303343	214464112.00
2014/11/20	40.42	40.50	40.00	40.09	4347074	174531264.00
2014/11/21	40.15	40.48	39.91	40.40	7093775	284998240.00
2014/11/24	40.41	40.60	39.65	39.87	13884717	553143680.00
2014/11/25	39.87	40.15	39.66	40.03	8800001	351492544.00
2014/11/26	40.09	40.10	39.76	40.01	11712542	467003104.00
2014/11/27	40.60	40.91	39.96	40.32	17489065	705001920.00
2014/11/28	40.40	40.50	39.64	40.28	18704601	747144192.00
2014/12/01	40.18	41.66	39.65	41.49	22055755	894355648.00
2014/12/02	41.40	41.60	40.76	41.48	18933693	778738624.00
2014/12/03	41.39	42.05	40.91	41.27	15540833	643488384.00
2014/12/04	41.49	42.40	41.39	42.08	18507128	775899072.00
2014/12/05	42.09	42.50	40.33	41.41	16400509	682189504.00
2014/12/08	41.00	41.80	40.55	41.75	18116861	742672064.00
2014/12/09	41.50	43.75	41.25	41.87	23534591	997700736.00
2014/12/10	42.09	43.52	42.09	43.10	16613534	712984768.00
2014/12/11	43.10	43.44	42.21	42.60	11188428	478885280.00
2014/12/12	42.59	43.10	41.60	41.87	11735481	493180096.00
2014/12/15	41.83	42.53	41.47	42.30	11780858	495044960.00
2014/12/16	42.11	42.25	41.23	41.52	12718825	528121696.00
2014/12/17	41.22	41.51	40.81	41.06	10573131	434453600.00
2014/12/18	41.00	41.56	40.85	40.89	8471180	348667488.00
2014/12/19	40.87	41.16	40.58	40.90	7618881	311283168.00
2014/12/22	40.85	41.10	39.50	40.99	12774764	513305024.00
2014/12/23	40.99	41.50	40.28	40.73	6918616	282673632.00
2014/12/24	41.07	41.11	40.00	40.70	7146603	289586432.00
2014/12/25	40.70	40.95	40.21	40.63	7016743	284238528.00
2014/12/26	40.65	40.77	40.10	40.73	9277249	375165088.00
2014/12/29	40.77	40.79	40.20	40.40	8697694	352519424.00
2014/12/30	40.40	41.30	39.80	40.03	10275589	417565024.00
2014/12/31	39.80	41.90	39.42	41.10	16382077	659002944.00
2015/01/05	40.94	42.06	40.75	41.59	13995755	580900800.00
2015/01/06	41.59	44.75	41.36	43.58	25930780	1123575040.00
2015/01/07	43.50	44.10	42.82	43.29	11509239	501241728.00
2015/01/08	43.09	44.57	43.01	43.33	11492795	502672512.00
2015/01/09	43.33	44.30	42.55	42.83	13951870	608446656.00
2015/01/12	42.97	43.50	42.01	43.39	9687246	413586912.00
2015/01/13	43.40	44.15	43.00	43.82	9133711	398936896.00
2015/01/14	43.84	43.98	43.06	43.49	6610817	287651648.00
2015/01/15	43.59	43.80	43.33	43.66	6016427	261871696.00
2015/01/16	43.66	43.93	42.90	43.31	9134536	394225632.00
2015/01/19	42.40	43.88	41.16	42.17	10499744	446759232.00
2015/01/20	42.30	42.68	41.82	42.38	12737777	537493312.00
2015/01/21	42.38	43.35	42.02	43.04	13262544	569948480.00
2015/01/22	43.04	44.36	42.82	43.99	13701521	600786688.00
2015/01/23	44.07	44.87	43.88	44.25	13023816	578749760.00
2015/01/26	44.43	46.60	44.39	45.98	15053391	690585664.00
2015/01/27	46.20	46.86	45.40	46.13	8927496	411912032.00
2015/01/28	46.13	46.13	45.28	45.52	4890601	223205408.00
2015/01/29	45.24	45.24	44.09	44.26	7109565	316293344.00
2015/01/30	44.55	44.87	43.67	44.30	6420492	283762752.00
2015/02/02	43.84	44.30	43.48	43.72	7708568	337645088.00
2015/02/03	44.34	44.34	43.64	43.99	5124652	225268000.00
2015/02/04	43.98	44.60	43.89	44.22	7427697	329348768.00
2015/02/05	44.35	44.57	43.19	43.36	8056099	351957504.00
2015/02/06	43.45	43.64	41.90	42.28	13512250	574000512.00
2015/02/09	42.40	42.86	42.11	42.60	5093271	216796960.00
2015/02/10	42.55	42.93	42.18	42.79	7213185	306786272.00
2015/02/11	42.79	43.16	42.20	42.68	9744165	415916608.00
2015/02/12	42.69	44.10	42.58	44.07	10557437	459979200.00
2015/02/13	44.15	44.30	43.85	44.07	7366176	324723168.00
2015/02/16	44.06	44.50	43.95	44.21	6614680	292363904.00
2015/02/17	44.44	44.80	43.80	44.24	7196709	317566272.00
2015/02/25	44.40	44.40	43.66	44.02	6913017	303825664.00
2015/02/26	44.00	44.55	43.76	44.53	6301246	278016128.00
2015/02/27	44.53	44.65	43.90	44.02	7301142	322732192.00
2015/03/02	44.01	44.22	43.31	44.10	10531035	460245920.00
2015/03/03	43.90	44.46	43.50	43.77	9637321	424197184.00
2015/03/04	43.55	45.14	43.55	44.87	10677735	472775072.00
2015/03/05	44.58	45.18	44.15	44.52	8787515	391767200.00
2015/03/06	44.52	44.52	43.57	43.98	6839077	300500768.00
2015/03/09	43.53	44.19	43.39	44.01	7409683	323517376.00
2015/03/10	43.85	44.46	43.72	44.43	8416048	371164704.00
2015/03/11	44.50	44.80	43.68	44.22	7675323	338776512.00
2015/03/12	44.23	44.47	43.63	44.01	8399877	370168736.00
2015/03/13	43.80	44.06	43.58	43.90	9301015	407286176.00
2015/03/16	44.44	46.12	43.78	45.81	16296396	737290112.00
2015/03/17	45.99	46.99	45.77	46.02	14036316	650829440.00
2015/03/18	46.30	46.64	45.97	46.45	9062587	419677856.00
2015/03/19	46.78	46.78	45.98	46.16	7929306	366448800.00
2015/03/20	46.30	46.44	45.40	45.93	9258286	424627744.00
2015/03/23	46.05	46.75	45.90	46.23	10698971	495443776.00
2015/03/24	46.45	46.90	45.50	46.55	16799954	775705088.00
2015/03/25	46.69	47.77	46.37	47.50	19220500	906766144.00
2015/03/26	47.49	48.38	46.79	47.98	12721191	602901696.00
2015/03/27	47.95	48.21	47.30	47.94	9127282	435206624.00
2015/03/30	48.45	49.98	48.42	48.78	15356383	755693120.00
2015/03/31	48.73	49.47	47.50	48.22	16842346	817745792.00
2015/04/01	48.15	48.83	47.60	48.59	15351302	741748096.00
2015/04/02	48.84	49.77	48.51	49.02	11770433	577696896.00
2015/04/03	48.89	49.63	48.55	49.17	11327369	555940352.00
2015/04/07	49.29	50.70	49.15	50.14	15624877	780200320.00
2015/04/08	50.02	50.54	49.01	49.56	16318489	811920768.00
2015/04/09	49.12	49.41	47.11	48.41	14807801	712086144.00
2015/04/10	47.94	50.33	47.81	49.81	14941876	731642624.00
2015/04/13	50.25	51.39	49.61	51.13	25736515	1297909760.00
2015/04/14	51.13	51.43	49.52	50.04	14302168	720933312.00
2015/04/15	50.00	50.39	47.90	48.58	16806406	820059776.00
2015/04/16	48.58	49.87	48.00	49.10	13702045	673035584.00
2015/04/17	49.84	49.97	48.07	49.35	16249700	795966272.00
2015/04/20	48.90	48.93	47.13	48.00	17643868	850128384.00
2015/04/21	48.30	49.32	47.88	49.26	12666103	618374400.00
2015/04/22	49.28	50.09	49.25	49.68	12896014	639948480.00
2015/04/23	49.87	49.95	48.77	49.06	12597023	621783104.00
2015/04/24	48.33	50.57	48.33	50.08	19062132	951264128.00
2015/04/27	50.60	51.18	49.67	50.47	13428327	676229056.00
2015/04/28	50.60	50.72	48.40	48.46	12261831	603479104.00
2015/04/29	48.40	48.77	47.71	48.49	13608543	658862272.00
2015/04/30	48.35	48.48	47.65	47.93	16567734	793949184.00
2015/05/05	47.10	47.10	47.10	47.10	0	0.00
数据来源:通达信
