600869 智慧能源 日线 前复权
      日期	    开盘	    最高	    最低	    收盘	    成交量	    成交额
2011/10/10	10.65	10.65	10.38	10.38	382404	8597683.00
2011/10/11	10.53	10.78	10.11	10.25	1039579	23265420.00
2011/10/12	10.20	10.85	10.01	10.84	1041061	23854100.00
2011/10/13	11.10	11.41	11.06	11.26	1756610	42252944.00
2011/10/14	11.20	11.44	11.10	11.43	1375389	33255852.00
2011/10/17	11.55	11.55	11.23	11.38	720829	17506178.00
2011/10/18	11.31	11.37	10.93	10.97	675520	16123517.00
2011/10/19	11.01	11.30	11.01	11.19	1407293	33724240.00
2011/10/20	11.16	11.16	10.88	10.93	1537407	36290636.00
2011/10/21	10.93	11.00	10.78	10.90	599072	13964263.00
2011/10/24	10.89	11.34	10.89	11.28	2183791	52308496.00
2011/10/25	11.21	11.50	11.18	11.48	1872657	45466296.00
2011/10/26	11.38	11.71	11.31	11.66	2096204	51444872.00
2011/10/27	11.60	11.70	11.45	11.57	1264395	31271674.00
2011/10/28	11.69	11.71	11.47	11.69	1572761	38975960.00
2011/10/31	11.55	11.95	11.53	11.94	1090720	27316576.00
2011/11/01	11.78	12.14	11.74	12.04	1464575	37108564.00
2011/11/02	11.82	11.93	11.55	11.85	1614133	40557504.00
2011/11/03	11.85	12.63	11.85	12.31	2817573	73519616.00
2011/11/04	12.40	12.44	11.90	12.16	6464873	167123728.00
2011/11/07	12.18	12.34	12.05	12.20	6970180	180935568.00
2011/11/08	12.20	12.78	12.11	12.53	7931684	209196464.00
2011/11/09	12.58	12.70	12.27	12.50	9726541	257024992.00
2011/11/10	12.34	12.34	11.91	11.99	7341199	188691376.00
2011/11/11	11.98	12.08	11.76	11.86	3401041	86323376.00
2011/11/14	11.95	12.30	11.89	12.15	4345991	111877384.00
2011/11/15	12.03	12.13	11.95	12.07	2693963	69193712.00
2011/11/16	12.07	12.23	11.83	11.86	3395401	87098000.00
2011/11/17	11.86	12.10	11.70	11.92	2195500	55713696.00
2011/11/18	11.79	11.85	11.21	11.23	3175199	78010688.00
2011/11/21	11.07	11.34	10.96	11.12	1690334	40221456.00
2011/11/22	11.00	11.16	10.86	10.99	1165146	27478104.00
2011/11/23	10.98	11.18	10.98	11.04	1117855	26559672.00
2011/11/24	10.93	11.18	10.81	11.14	1461699	34697800.00
2011/11/25	11.08	11.27	11.00	11.15	1201895	28731216.00
2011/11/28	10.82	11.20	10.62	10.66	1670257	38888476.00
2011/11/29	10.76	10.84	10.61	10.81	1549185	35788768.00
2011/11/30	10.71	10.82	10.05	10.06	1754718	39191144.00
2011/12/01	10.43	10.50	10.17	10.23	1976229	43885088.00
2011/12/02	10.20	10.23	9.60	9.68	1821056	38652392.00
2011/12/05	9.65	9.67	8.96	9.34	2505346	50284604.00
2011/12/06	9.20	9.25	9.01	9.13	1772387	35239172.00
2011/12/07	9.17	9.32	9.11	9.26	1139737	22881064.00
2011/12/08	9.32	9.45	9.08	9.39	1229358	24848952.00
2011/12/09	9.30	9.63	9.22	9.43	1261350	25963596.00
2011/12/12	9.43	9.43	8.80	8.85	1685975	33421860.00
2011/12/13	8.80	8.80	7.91	7.95	2712474	48627396.00
2011/12/14	7.85	8.00	7.80	7.83	1281605	22276496.00
2011/12/15	7.83	7.86	7.40	7.42	1922334	32069132.00
2011/12/16	7.45	7.71	7.40	7.71	1190773	19930900.00
2011/12/19	7.55	7.64	7.23	7.61	1409089	23250588.00
2011/12/20	7.58	7.90	7.46	7.68	1573643	26835832.00
2011/12/21	7.78	7.89	7.56	7.60	1738031	29847276.00
2011/12/22	7.49	7.62	7.21	7.28	2160513	35084312.00
2011/12/23	7.26	7.50	7.19	7.37	1561496	25559344.00
2011/12/26	7.39	7.54	7.33	7.36	870378	14315071.00
2011/12/27	7.44	7.44	7.25	7.27	862048	13966540.00
2011/12/28	7.21	7.28	6.87	7.04	1415660	22180140.00
2011/12/29	6.96	7.15	6.96	7.08	876190	13831413.00
2011/12/30	7.15	7.44	6.99	7.43	1554814	25189444.00
2012/01/04	7.48	7.55	7.26	7.27	1167677	19162240.00
2012/01/06	6.96	6.96	6.47	6.50	2673958	39167584.00
2012/01/09	6.54	7.04	6.48	7.00	1704436	26011290.00
2012/01/10	6.95	7.78	6.95	7.78	4191096	69985504.00
2012/01/11	7.79	7.90	7.71	7.82	2769192	47746828.00
2012/01/12	7.76	7.91	7.58	7.82	2696300	46240680.00
2012/01/13	7.75	7.83	7.36	7.41	2407525	40070264.00
2012/01/16	7.29	7.40	7.06	7.08	1165008	18741440.00
2012/01/17	6.99	7.70	6.99	7.69	1975570	32619490.00
2012/01/18	7.86	7.86	7.32	7.39	1555758	26087148.00
2012/01/19	7.44	7.59	7.21	7.43	838412	13816855.00
2012/01/20	7.49	7.62	7.30	7.56	988413	16432889.00
2012/01/30	7.63	7.85	7.40	7.69	1359709	22895852.00
2012/01/31	7.63	7.82	7.51	7.80	1101602	18614092.00
2012/02/01	7.75	7.94	7.63	7.67	1932309	33194208.00
2012/02/02	7.69	7.81	7.56	7.80	1329008	22620330.00
2012/02/03	7.85	8.08	7.80	7.99	1751597	30742914.00
2012/02/06	7.94	8.05	7.82	7.91	1755256	30579204.00
2012/02/07	7.88	7.88	7.56	7.66	1403901	23799652.00
2012/02/08	7.59	7.89	7.56	7.88	1846649	31517296.00
2012/02/09	7.89	8.07	7.85	7.89	1967581	34443972.00
2012/02/10	7.89	8.13	7.79	8.06	2102295	37038652.00
2012/02/13	8.05	8.30	7.94	8.24	2779790	49825512.00
2012/02/14	8.20	8.25	7.96	8.21	1887817	33735724.00
2012/02/15	8.09	8.43	7.98	8.30	3611142	65414904.00
2012/02/16	8.29	8.35	8.10	8.20	2518421	45438400.00
2012/02/17	8.20	8.30	8.04	8.14	1802691	32207290.00
2012/02/20	8.26	8.26	8.05	8.07	2125749	38151504.00
2012/02/21	8.05	8.17	7.93	8.13	1513591	26757334.00
2012/02/22	8.12	8.43	8.00	8.42	3935596	71639728.00
2012/02/23	8.45	8.56	8.35	8.51	3321627	61365652.00
2012/02/24	8.49	8.58	8.37	8.55	3067512	56968804.00
2012/02/27	8.58	8.75	8.50	8.74	4877014	92032456.00
2012/02/28	8.70	8.73	8.49	8.58	3005221	56463632.00
2012/02/29	8.57	8.85	8.50	8.50	2990032	56648108.00
2012/03/01	8.44	8.60	8.37	8.57	1595281	29763100.00
2012/03/02	8.57	8.77	8.57	8.71	1923123	36429884.00
2012/03/05	8.73	8.85	8.67	8.83	2492275	47557612.00
2012/03/06	8.82	8.82	8.59	8.60	2488497	47148796.00
2012/03/07	8.49	8.61	8.37	8.49	1502692	28002514.00
2012/03/08	8.52	8.63	8.42	8.61	1829467	34232124.00
2012/03/09	8.62	8.75	8.60	8.74	1900258	36089000.00
2012/03/12	8.83	9.13	8.70	9.03	3174258	62169760.00
2012/03/13	9.03	9.08	8.90	9.06	1688950	33025256.00
2012/03/14	9.15	9.54	8.91	8.91	6542734	130850640.00
2012/03/15	8.92	9.46	8.86	9.32	4959503	99095000.00
2012/03/16	9.33	9.70	9.21	9.69	3425621	70135392.00
2012/03/19	9.76	9.85	9.53	9.78	2820691	59292920.00
2012/03/20	9.78	9.78	9.23	9.29	2788276	57436956.00
2012/03/21	9.34	9.48	9.13	9.43	1889849	38240604.00
2012/03/22	9.43	9.54	9.26	9.30	761335	15441722.00
2012/03/23	9.21	9.30	9.05	9.08	1351787	26846380.00
2012/03/26	9.05	9.20	9.01	9.13	961601	19020380.00
2012/03/27	9.18	9.34	9.07	9.23	1100031	21985580.00
2012/03/28	9.23	9.33	8.40	8.43	1854682	35923360.00
2012/03/29	8.21	8.43	7.86	7.99	1711842	30542172.00
2012/03/30	7.99	8.19	7.96	8.14	1719123	30572388.00
2012/04/05	8.35	9.03	8.20	8.90	2039674	38549024.00
2012/04/06	8.90	9.10	8.80	9.06	1697903	33101840.00
2012/04/09	9.03	9.23	8.71	9.04	1122854	22131112.00
2012/04/10	8.84	9.28	8.62	9.22	1294149	25122480.00
2012/04/11	9.03	9.24	8.88	9.18	1274989	25323308.00
2012/04/12	9.20	9.55	9.00	9.55	1961038	39920600.00
2012/04/13	9.55	10.31	9.45	10.11	4008887	86181752.00
2012/04/16	10.00	10.14	9.80	9.99	1672797	36067472.00
2012/04/17	9.80	10.08	9.76	9.94	1329147	28445184.00
2012/04/18	9.89	10.28	9.86	10.08	1500400	32799424.00
2012/04/19	10.05	10.29	9.73	9.96	1313199	28446914.00
2012/04/20	10.06	10.60	9.80	10.52	2429638	53524476.00
2012/04/23	10.53	10.80	10.33	10.64	2543301	58121120.00
2012/04/24	10.68	11.68	10.53	10.82	8448321	198206240.00
2012/04/25	10.63	10.64	9.95	10.20	3866912	85627320.00
2012/04/26	10.14	10.43	10.14	10.22	1854584	41032932.00
2012/04/27	10.18	10.21	9.98	10.01	1712535	37139968.00
2012/05/02	10.20	10.27	10.05	10.12	1597720	35097152.00
2012/05/03	10.16	10.67	10.15	10.61	2056770	46252352.00
2012/05/04	10.67	10.84	10.54	10.81	1536620	35450008.00
2012/05/07	10.80	11.30	10.65	11.27	2835282	67777080.00
2012/05/08	11.23	11.45	11.10	11.17	2894716	69867312.00
2012/05/09	11.17	11.17	10.75	10.86	1949189	45727024.00
2012/05/10	10.84	11.30	10.81	11.23	1820244	43513144.00
2012/05/11	11.26	11.36	11.10	11.11	1203523	28864816.00
2012/05/14	11.30	11.30	10.90	10.92	1395126	33019550.00
2012/05/15	10.85	10.85	10.55	10.74	1310306	30049498.00
2012/05/16	10.74	10.90	10.50	10.68	705602	16267778.00
2012/05/17	10.70	11.16	10.60	11.13	1466131	34453080.00
2012/05/21	11.00	11.13	10.75	10.89	1015461	23930820.00
2012/05/22	11.05	11.08	10.83	10.90	919642	21530034.00
2012/05/23	10.72	10.85	10.42	10.75	1529466	34902512.00
2012/05/24	10.65	10.78	10.49	10.52	799336	18205360.00
2012/05/25	10.53	10.77	10.48	10.65	785353	17963248.00
2012/05/28	10.58	10.70	10.43	10.66	551931	12540342.00
2012/05/29	10.56	10.92	10.56	10.85	895930	20725922.00
2012/05/30	10.80	10.94	10.76	10.88	706039	16460085.00
2012/05/31	10.85	11.02	10.71	10.94	1592972	37412808.00
2012/06/01	10.98	11.02	10.79	10.89	843653	19737120.00
2012/06/04	10.65	10.77	10.41	10.57	1103892	25251986.00
2012/06/05	10.55	10.77	10.55	10.66	921236	21123138.00
2012/06/06	10.73	10.73	10.51	10.55	749100	17088192.00
2012/06/07	10.65	10.85	10.52	10.65	1403065	32310456.00
2012/06/08	10.83	10.83	10.61	10.65	546369	12545233.00
2012/06/11	10.64	10.94	10.61	10.90	976096	22729112.00
2012/06/12	10.80	10.92	10.78	10.83	597390	13914191.00
2012/06/13	10.85	10.96	10.80	10.95	961846	22549624.00
2012/06/14	10.96	10.98	10.79	10.81	1017907	23732688.00
2012/06/15	10.85	10.96	10.76	10.95	955743	22314232.00
2012/06/18	10.98	11.05	10.91	10.94	1417263	33353208.00
2012/06/19	10.90	10.95	10.83	10.84	661225	15436939.00
2012/06/20	10.93	10.95	10.82	10.88	642133	14983288.00
2012/06/21	10.85	11.29	10.85	11.10	2345790	55884396.00
2012/06/25	11.04	11.28	10.83	11.02	2175927	51660528.00
2012/06/26	11.15	11.15	9.98	10.24	2943530	66084508.00
2012/06/27	10.25	10.50	10.08	10.46	1767143	39590176.00
2012/06/28	10.45	11.13	10.44	10.82	2431485	56578820.00
2012/06/29	10.89	11.05	10.68	10.93	2654156	61814788.00
2012/07/02	10.81	11.30	10.51	11.20	3965780	44456648.00
2012/07/03	11.10	11.10	10.56	10.70	4859489	53846524.00
2012/07/04	10.59	10.59	10.00	10.04	4140740	43644000.00
2012/07/05	10.04	10.22	9.31	9.92	3794799	38048304.00
2012/07/09	9.94	10.17	9.70	9.70	3731288	38214612.00
2012/07/10	9.60	9.70	9.18	9.21	2812784	27112060.00
2012/07/11	9.20	9.37	8.90	9.34	2339510	22167868.00
2012/07/12	9.30	9.43	9.05	9.28	2428430	23293236.00
2012/07/13	9.18	9.34	9.11	9.13	1917125	18177060.00
2012/07/16	9.08	9.25	8.47	8.49	3217404	29221952.00
2012/07/17	8.49	8.55	7.91	8.18	3959826	33396304.00
2012/07/18	8.15	8.23	7.93	8.22	2528215	21076280.00
2012/07/19	8.21	8.46	8.08	8.37	2855576	24769092.00
2012/07/20	8.37	9.23	8.26	8.92	4812653	44226652.00
2012/07/23	9.10	9.60	8.76	9.26	4882018	47042756.00
2012/07/24	9.25	9.42	8.95	9.27	2718650	25881526.00
2012/07/25	9.18	9.29	8.84	8.89	2338272	21741972.00
2012/07/26	8.83	8.95	8.60	8.70	1647389	14953592.00
2012/07/27	8.58	8.68	8.20	8.35	2006649	17470236.00
2012/07/30	8.34	9.22	8.26	9.22	6769749	62807824.00
2012/07/31	9.30	9.30	8.70	8.99	4508176	41777256.00
2012/08/01	8.89	9.17	8.86	9.07	3385545	31608452.00
2012/08/02	9.03	9.13	8.81	9.03	2544004	23560198.00
2012/08/03	8.98	9.06	8.71	9.05	2647859	24396996.00
2012/08/06	8.98	9.25	8.85	9.18	2820432	26495794.00
2012/08/07	9.17	9.24	8.98	9.03	3280474	30706104.00
2012/08/08	9.02	9.95	8.96	9.68	7992618	78384312.00
2012/08/09	9.41	9.73	9.33	9.59	5864690	57450436.00
2012/08/10	9.59	9.65	9.34	9.41	3194017	31144706.00
2012/08/13	9.44	9.44	9.15	9.17	2266115	21634176.00
2012/08/14	9.17	9.46	8.98	9.36	2432617	23043932.00
2012/08/15	9.50	9.89	9.40	9.49	5336005	53118080.00
2012/08/16	9.32	9.48	9.22	9.30	2121207	20397336.00
2012/08/17	9.27	9.42	9.24	9.39	1464687	14104315.00
2012/08/20	9.39	9.52	9.25	9.45	1470663	14226824.00
2012/08/21	9.24	9.24	8.71	9.01	6787216	62807552.00
2012/08/22	8.90	8.95	8.51	8.68	3710805	33629004.00
2012/08/23	8.67	8.70	8.36	8.52	2600174	22911202.00
2012/08/24	8.48	8.66	8.47	8.53	1780610	15770866.00
2012/08/27	8.47	8.49	8.18	8.20	1636192	14141343.00
2012/08/28	7.96	7.99	7.40	7.73	4785118	38199328.00
2012/08/29	7.68	7.85	7.50	7.72	1874885	14994877.00
2012/08/30	7.65	7.80	7.55	7.70	1488823	11903103.00
2012/08/31	7.70	7.85	7.68	7.70	993454	7991030.00
2012/09/03	7.72	7.90	7.66	7.85	1380877	11180390.00
2012/09/04	7.85	8.05	7.82	7.88	1647295	13521517.00
2012/09/05	7.91	7.97	7.80	7.84	850834	6939812.00
2012/09/06	7.90	7.90	7.76	7.81	1233920	9997476.00
2012/09/07	8.21	8.45	8.10	8.30	4124511	35331112.00
2012/09/10	8.32	8.41	8.21	8.38	3703278	31918100.00
2012/09/11	8.43	8.45	8.28	8.44	2370636	20553076.00
2012/09/12	8.65	9.23	8.65	8.98	6837007	63418536.00
2012/09/13	8.84	8.94	8.70	8.73	3007588	27457262.00
2012/09/14	8.84	8.94	8.71	8.85	2316544	21183800.00
2012/09/17	8.78	8.89	8.35	8.37	2080940	18478364.00
2012/09/18	8.37	8.44	8.22	8.27	1024373	8842009.00
2012/09/19	8.32	8.40	8.21	8.31	803158	6911899.00
2012/09/20	8.38	8.38	7.95	7.98	1755644	14655171.00
2012/09/21	8.05	8.12	7.90	8.03	1151667	9589378.00
2012/09/24	7.91	8.18	7.85	8.13	1012630	8445159.00
2012/09/25	8.16	8.16	7.97	7.98	573693	4780045.00
2012/09/26	7.99	8.07	7.70	7.71	654017	5339163.00
2012/09/27	7.76	7.98	7.71	7.90	1078284	8785028.00
2012/09/28	7.80	8.04	7.77	8.02	1011697	8340607.00
2012/10/08	7.87	8.12	7.80	7.90	953784	7859240.00
2012/10/09	7.94	8.16	7.93	8.14	1284831	10730041.00
2012/10/10	8.10	8.27	8.06	8.21	1393645	11839486.00
2012/10/11	8.26	8.28	7.92	7.96	1184158	9961819.00
2012/10/12	8.02	8.07	7.85	7.96	828035	6836269.00
2012/10/15	8.00	8.70	8.00	8.68	4109356	35577808.00
2012/10/16	8.58	8.59	8.36	8.38	3259845	28566152.00
2012/10/17	8.40	8.46	8.15	8.31	1808095	15517846.00
2012/10/18	8.32	8.40	8.26	8.33	1833540	15837740.00
2012/10/19	8.30	8.37	8.16	8.27	1454124	12416078.00
2012/10/22	8.22	8.27	8.12	8.24	709193	6032395.00
2012/10/23	8.24	8.24	8.07	8.09	1159100	9807666.00
2012/10/24	8.05	8.15	7.97	8.06	803888	6714491.00
2012/10/25	8.09	8.22	8.06	8.06	1039404	8734939.00
2012/10/26	8.06	8.12	7.84	7.88	917151	7555246.00
2012/10/29	7.80	7.92	7.75	7.82	548098	4453502.00
2012/10/30	7.80	7.91	7.76	7.80	645494	5240568.00
2012/11/02	8.16	8.20	7.86	7.91	3372077	28003924.00
2012/11/05	7.75	7.82	7.52	7.79	2852218	22713284.00
2012/11/06	7.74	7.75	7.52	7.65	1152364	9136941.00
2012/11/07	7.65	7.69	7.57	7.59	967090	7642925.00
2012/11/08	7.50	7.50	7.33	7.35	1373790	10551410.00
2012/11/09	7.40	7.62	7.38	7.46	1085167	8473714.00
2012/11/12	7.43	7.55	7.30	7.34	1005721	7706855.00
2012/11/13	7.37	7.37	7.10	7.24	1238574	9309492.00
2012/11/14	7.20	7.27	7.03	7.11	715209	5295846.00
2012/11/15	7.10	7.20	6.91	6.92	640625	4738345.00
2012/11/16	6.92	6.94	6.65	6.89	980981	6936310.00
2012/11/19	7.56	7.56	7.12	7.41	2353022	17977008.00
2012/11/20	7.41	7.42	7.19	7.23	1592361	12087388.00
2012/11/21	7.19	7.23	7.00	7.17	829602	6157465.00
2012/11/22	7.06	7.14	6.94	6.96	673215	4926010.00
2012/11/23	7.00	7.00	6.90	6.93	862108	6252074.00
2012/11/26	7.04	7.57	7.00	7.12	1659764	12612059.00
2012/11/27	6.96	7.08	6.88	6.89	724790	5247375.00
2012/11/28	6.85	6.99	6.80	6.83	709497	5102086.00
2012/11/29	6.81	6.96	6.73	6.76	399385	2849955.00
2012/11/30	6.71	6.83	6.71	6.80	428786	3036695.00
2012/12/03	6.82	6.88	6.71	6.72	393696	2794501.00
2012/12/04	6.75	6.79	6.66	6.78	577181	4057202.00
2012/12/05	6.75	7.15	6.74	6.98	1719633	12445787.00
2012/12/06	6.98	7.00	6.88	6.94	845500	6116050.00
2012/12/07	6.98	7.10	6.90	7.06	1361077	9960083.00
2012/12/10	7.14	7.21	7.02	7.14	1496820	11111869.00
2012/12/11	7.14	7.24	7.02	7.23	2237048	16650941.00
2012/12/12	7.19	7.27	7.16	7.22	1744149	13103183.00
2012/12/13	7.23	7.24	7.06	7.20	2133109	15899481.00
2012/12/14	7.19	7.90	7.19	7.70	5261432	41451400.00
2012/12/17	7.59	7.68	7.51	7.63	2817515	22159492.00
2012/12/18	7.62	7.75	7.51	7.54	1720009	13537896.00
2012/12/19	7.54	7.80	7.51	7.66	2430498	19281736.00
2012/12/20	7.69	7.69	7.50	7.58	1065961	8380294.00
2012/12/21	7.58	7.90	7.58	7.63	2360817	18915874.00
2012/12/24	7.60	7.69	7.55	7.56	1675026	13196139.00
2012/12/25	7.65	7.69	7.53	7.56	3921280	30966928.00
2012/12/26	7.59	7.63	7.46	7.59	2689914	21102820.00
2012/12/27	7.58	7.70	7.55	7.55	2687727	21260388.00
2012/12/28	7.53	7.59	7.32	7.49	2411381	18651054.00
2012/12/31	7.51	7.58	7.44	7.57	1596113	12499714.00
2013/01/04	7.63	7.69	7.35	7.41	4628948	35889184.00
2013/01/07	7.42	7.53	7.30	7.38	5120402	39259336.00
2013/01/08	7.37	7.48	7.35	7.44	3186267	24602460.00
2013/01/09	7.43	7.61	7.35	7.57	5343647	41680292.00
2013/01/10	7.55	7.68	7.53	7.60	4850896	38344888.00
2013/01/11	7.60	7.65	7.32	7.35	3404430	26546370.00
2013/01/14	7.28	7.54	7.09	7.51	4557606	34910744.00
2013/01/15	7.51	7.72	7.43	7.61	8130402	64122432.00
2013/01/16	7.64	7.98	7.60	7.95	14658824	118719176.00
2013/01/17	7.95	7.95	7.65	7.66	6089841	49168824.00
2013/01/18	7.74	7.78	7.57	7.74	5870048	46814668.00
2013/01/21	7.75	7.90	7.73	7.82	4641623	37624000.00
2013/01/22	7.82	7.85	7.52	7.61	4074204	32428012.00
2013/01/23	7.55	7.79	7.54	7.68	2836469	22606250.00
2013/01/24	7.70	7.81	7.38	7.43	4275484	33908032.00
2013/01/25	7.45	7.56	7.40	7.45	1658938	12854222.00
2013/01/28	7.45	7.65	7.39	7.63	2680188	21029932.00
2013/01/29	7.62	7.68	7.55	7.58	2259100	17810076.00
2013/01/30	7.51	7.60	7.43	7.49	2956258	23048260.00
2013/01/31	7.49	7.53	7.41	7.47	2037335	15783559.00
2013/02/01	7.41	7.51	7.41	7.46	2176528	16864068.00
2013/02/04	7.47	7.66	7.47	7.51	2497618	19591444.00
2013/02/05	7.45	7.51	7.35	7.48	2725227	21052420.00
2013/02/06	7.46	7.58	7.45	7.50	2693197	21023558.00
2013/02/07	7.45	7.55	7.38	7.53	1778228	13874793.00
2013/02/08	7.53	7.91	7.53	7.78	5584843	45014940.00
2013/02/18	7.80	7.88	7.72	7.75	3430473	27735296.00
2013/02/19	7.73	8.24	7.71	8.13	9348198	77521784.00
2013/02/20	8.11	8.27	8.01	8.23	6242679	52871064.00
2013/02/21	8.20	8.20	7.87	7.91	4487149	37345080.00
2013/02/22	7.95	8.08	7.82	7.84	3280320	27118058.00
2013/02/25	7.90	7.98	7.80	7.85	1947542	15878462.00
2013/02/26	7.85	7.96	7.66	7.68	3642834	29489044.00
2013/02/27	7.68	7.81	7.55	7.59	3847660	30565800.00
2013/02/28	7.59	7.78	7.59	7.77	3291776	26246642.00
2013/03/01	7.76	7.82	7.66	7.78	2947800	23715766.00
2013/03/04	7.78	7.78	7.51	7.56	2977902	23498296.00
2013/03/05	7.55	7.67	7.51	7.65	1924355	15209183.00
2013/03/06	7.66	8.05	7.62	7.97	6268638	51644092.00
2013/03/07	7.97	8.25	7.80	8.13	8316655	69456496.00
2013/03/08	8.09	8.12	7.84	7.88	4268108	35334448.00
2013/03/11	7.95	7.96	7.78	7.87	2032289	16552875.00
2013/03/12	7.88	7.91	7.65	7.79	2459385	19843738.00
2013/03/13	7.75	7.75	7.62	7.66	1774003	14140117.00
2013/03/14	7.69	7.92	7.66	7.91	2958270	24025456.00
2013/03/15	7.91	8.15	7.90	7.92	5847219	48723616.00
2013/03/18	7.91	8.15	7.80	8.02	3676321	30567604.00
2013/03/19	7.96	8.04	7.74	7.88	3001430	24488236.00
2013/03/20	7.88	8.23	7.83	8.18	8297158	69934712.00
2013/03/21	8.18	8.18	7.96	8.03	9972577	83025744.00
2013/03/22	8.03	8.17	7.93	8.13	7859900	65755652.00
2013/03/25	8.13	8.13	7.90	7.91	6428796	53263032.00
2013/03/26	7.89	7.89	7.74	7.77	3978295	32138912.00
2013/03/27	7.78	7.85	7.69	7.74	3948131	31797772.00
2013/03/28	7.74	7.74	7.30	7.32	5048708	39202760.00
2013/03/29	7.25	7.40	7.25	7.30	2806903	21351004.00
2013/04/01	7.28	7.43	7.28	7.36	2173518	16622520.00
2013/04/02	7.37	7.40	7.12	7.12	2480569	18693872.00
2013/04/03	7.14	7.50	7.02	7.37	3844334	29207656.00
2013/04/08	7.40	7.56	7.15	7.55	4461189	34591760.00
2013/04/09	7.61	7.61	7.39	7.47	3043819	23647204.00
2013/04/10	7.65	7.74	7.48	7.52	2645606	20778998.00
2013/04/11	7.54	8.30	7.41	7.96	17042803	142188592.00
2013/04/12	7.88	8.08	7.69	7.70	10272218	83986960.00
2013/04/15	7.70	8.06	7.60	7.88	7819236	64195416.00
2013/04/16	7.72	7.87	7.59	7.78	4758033	38140460.00
2013/04/17	7.78	7.95	7.70	7.80	3954729	32080650.00
2013/04/18	7.73	7.80	7.45	7.74	5777442	45897584.00
2013/04/19	7.69	7.92	7.62	7.80	4221938	34182848.00
2013/04/22	7.90	7.99	7.78	7.85	5760286	47120540.00
2013/04/23	7.76	7.85	7.48	7.58	4957240	39163764.00
2013/04/24	7.51	7.56	7.31	7.51	4163529	32193554.00
2013/04/25	7.43	7.84	7.43	7.69	5609424	44783292.00
2013/04/26	7.35	7.53	7.30	7.38	3984207	30672992.00
2013/05/02	7.38	7.38	6.95	7.00	3677316	27387076.00
2013/05/03	7.01	7.23	7.01	7.11	3041920	22551192.00
2013/05/06	7.00	7.18	7.00	7.14	2234180	16547310.00
2013/05/07	7.14	7.27	7.08	7.23	1904259	14268151.00
2013/05/08	7.25	7.26	7.09	7.10	2803285	20813944.00
2013/05/09	7.07	7.14	6.86	6.95	4806192	35037064.00
2013/05/10	6.91	7.14	6.84	7.09	3591153	26123148.00
2013/05/13	7.09	7.14	7.04	7.05	1848770	13635702.00
2013/05/14	7.11	7.25	7.03	7.20	3708193	27657890.00
2013/05/15	7.18	7.23	7.07	7.13	2852797	21215772.00
2013/05/16	7.13	7.18	7.03	7.16	2609439	19355812.00
2013/05/17	7.16	7.40	7.07	7.39	6499675	49025868.00
2013/05/20	7.52	7.57	7.30	7.39	9516808	73456152.00
2013/05/21	7.36	7.49	7.35	7.41	6073799	46782568.00
2013/05/22	7.42	7.42	7.25	7.28	4200253	32083052.00
2013/05/23	7.26	7.32	7.08	7.14	5143775	38387996.00
2013/05/24	7.13	7.24	7.11	7.21	2563947	19203620.00
2013/05/27	7.20	7.42	7.18	7.40	4864442	37151512.00
2013/05/28	7.38	7.45	7.34	7.39	4126634	31793644.00
2013/05/29	7.39	7.75	7.28	7.59	12403981	97047464.00
2013/05/30	7.58	7.65	7.45	7.56	4012696	30689904.00
2013/05/31	7.59	7.68	7.49	7.66	4363898	33589372.00
2013/06/03	7.67	7.67	7.49	7.51	3299271	25315964.00
2013/06/04	7.53	7.55	7.29	7.33	2785769	20735724.00
2013/06/05	7.32	7.39	7.30	7.35	1798362	13385130.00
2013/06/06	7.36	7.36	7.15	7.17	2890949	21177364.00
2013/06/07	7.18	7.25	7.05	7.11	1398787	10114164.00
2013/06/13	7.08	7.08	6.64	6.77	2738561	18831912.00
2013/06/14	6.82	6.89	6.75	6.80	1702398	11763890.00
2013/06/17	6.80	6.95	6.76	6.87	1356772	9409856.00
2013/06/18	6.89	6.92	6.80	6.89	1218602	8479822.00
2013/06/19	6.90	6.90	6.65	6.74	1444370	9842313.00
2013/06/20	6.71	6.74	6.50	6.52	1093864	7345089.00
2013/06/21	6.41	6.47	6.34	6.43	1377432	8940808.00
2013/06/24	6.43	6.49	5.83	5.85	3021109	18612364.00
2013/06/25	5.80	5.93	5.26	5.92	3040096	17375744.00
2013/06/26	5.88	6.06	5.73	6.04	2174334	13033267.00
2013/06/27	6.05	6.25	6.02	6.06	2367638	14675990.00
2013/06/28	6.06	6.18	5.80	6.16	1462927	8988477.00
2013/07/01	6.03	6.24	6.03	6.13	1601357	9986707.00
2013/07/02	6.13	6.48	6.00	6.31	2972176	18699360.00
2013/07/03	6.20	6.24	6.05	6.10	2734849	17003380.00
2013/07/04	6.12	6.17	5.90	6.13	2016793	12434016.00
2013/07/05	6.11	6.15	6.06	6.14	2193110	13594726.00
2013/07/08	6.06	6.06	5.80	5.80	1391688	8340858.00
2013/07/09	5.77	5.99	5.65	5.94	2030958	11900018.00
2013/07/10	5.90	6.12	5.82	6.09	1550233	9493434.00
2013/07/11	6.09	6.24	6.09	6.16	2393619	15010752.00
2013/07/12	6.25	6.29	6.10	6.12	2219282	13909650.00
2013/07/15	6.18	6.18	6.06	6.17	1935741	12053792.00
2013/07/16	6.27	6.80	6.16	6.80	9901858	66133032.00
2013/07/17	6.88	6.88	6.48	6.68	7327741	49573672.00
2013/07/18	6.52	7.18	6.48	6.93	9157521	64313316.00
2013/07/19	7.02	7.63	7.02	7.63	9424434	71493832.00
2013/07/22	7.70	8.20	7.58	7.84	25170626	200026304.00
2013/07/23	8.00	8.05	7.61	7.85	12442591	98103360.00
2013/07/24	7.72	7.98	7.64	7.85	9826702	77722800.00
2013/07/25	8.00	8.54	7.69	7.72	19242832	158546448.00
2013/07/26	7.48	7.88	7.42	7.58	9147374	70491144.00
2013/07/29	7.58	7.80	7.48	7.71	7350664	56907292.00
2013/07/30	7.65	7.76	7.25	7.44	6814022	51836440.00
2013/07/31	7.48	7.68	7.32	7.34	5410678	40931344.00
2013/08/01	7.37	7.57	7.25	7.56	6437320	48459876.00
2013/08/02	7.54	7.69	7.37	7.43	7142257	54592104.00
2013/08/05	7.41	7.61	7.31	7.57	5265183	39762624.00
2013/08/06	7.55	7.84	7.48	7.71	11938726	93115248.00
2013/08/07	7.68	7.78	7.42	7.53	5685473	43594076.00
2013/08/08	7.50	7.60	7.39	7.45	4392494	33245466.00
2013/08/09	7.44	7.58	7.31	7.35	4565293	34286424.00
2013/08/12	7.44	7.44	7.31	7.33	5464174	40773760.00
2013/08/13	7.35	7.68	7.33	7.61	7727640	58844640.00
2013/08/14	7.61	7.74	7.50	7.65	9004517	69607928.00
2013/08/15	7.90	8.43	7.82	8.43	29045429	244833264.00
2013/08/16	8.43	9.28	8.25	9.16	50543773	457641408.00
2013/08/19	9.15	9.46	8.63	9.21	37667468	347147680.00
2013/08/20	9.27	9.32	8.91	9.03	25674409	235265280.00
2013/08/21	9.05	9.14	8.68	9.09	20044015	180963776.00
2013/08/22	8.95	9.66	8.85	9.33	29403353	272906752.00
2013/08/23	9.40	9.40	8.96	9.08	19928108	184403216.00
2013/08/26	9.00	9.36	8.75	9.28	27263214	251499072.00
2013/08/27	9.16	9.99	9.13	9.88	43152931	418056448.00
2013/08/28	10.00	10.02	9.46	9.71	37706176	369170528.00
2013/08/29	9.56	9.82	9.35	9.58	27932812	271975136.00
2013/08/30	9.60	9.78	9.06	9.57	30914461	296076000.00
2013/09/02	9.60	9.60	9.21	9.33	11873209	112071552.00
2013/09/03	9.26	9.42	9.09	9.23	9612071	89966104.00
2013/09/04	9.24	9.25	8.89	9.08	11508006	105090480.00
2013/09/05	9.01	9.66	8.94	9.55	18011620	169647104.00
2013/09/06	9.55	9.55	9.20	9.37	12454243	117693064.00
2013/09/09	9.28	9.77	9.13	9.47	38461490	368292992.00
2013/09/10	9.45	9.45	9.21	9.25	15781448	147866576.00
2013/09/11	9.11	9.21	8.32	8.32	26138428	225681936.00
2013/09/12	8.08	8.30	7.81	8.20	12702100	103811144.00
2013/09/13	8.05	8.19	7.92	7.98	7675737	62454448.00
2013/09/16	8.04	8.13	7.94	8.02	6308425	51274616.00
2013/09/17	8.03	8.13	7.95	8.09	6952911	56558632.00
2013/09/18	8.26	8.57	8.25	8.32	10997146	93262008.00
2013/09/23	8.19	8.32	8.00	8.20	9183449	75594136.00
2013/09/24	8.15	8.15	8.01	8.02	6111831	49744676.00
2013/09/25	8.03	8.51	7.93	8.49	14028019	116514488.00
2013/09/26	8.31	8.41	8.00	8.01	8971682	74649200.00
2013/09/27	7.90	8.17	7.86	7.91	4370052	35318272.00
2013/09/30	7.92	8.15	7.92	7.99	3667579	29956136.00
2013/10/08	8.00	8.07	7.66	8.02	7287414	58074260.00
2013/10/09	7.96	8.36	7.87	8.16	7462174	61587900.00
2013/10/10	8.11	8.29	7.99	8.06	6540609	53789536.00
2013/10/11	8.12	8.33	8.07	8.23	7531801	62839756.00
2013/10/14	8.24	8.26	8.10	8.19	6178182	51031872.00
2013/10/15	8.20	8.27	8.04	8.08	5077204	41764548.00
2013/10/16	8.01	8.03	7.67	7.69	6457796	51190680.00
2013/10/17	7.78	7.85	7.61	7.66	4377485	34105664.00
2013/10/18	7.88	7.89	7.74	7.82	2957327	23429984.00
2013/10/21	7.88	7.90	7.76	7.89	4221321	33502700.00
2013/10/22	7.92	8.21	7.84	8.10	6623884	54000968.00
2013/10/23	8.12	8.16	7.80	7.83	4440129	35796412.00
2013/10/24	7.80	7.98	7.72	7.85	3133223	25040704.00
2013/10/25	7.80	7.92	7.70	7.73	2610278	20581710.00
2013/10/28	7.65	7.76	7.15	7.21	5859605	44101176.00
2013/10/29	7.20	7.32	6.70	6.94	5206032	37060608.00
2013/10/30	6.99	7.09	6.94	7.01	2422014	17222664.00
2013/10/31	7.18	7.38	7.08	7.17	3513092	25788516.00
2013/11/01	7.14	7.27	7.00	7.10	1716668	12372691.00
2013/11/04	7.15	7.19	7.10	7.15	1176937	8540597.00
2013/11/05	7.15	7.44	7.10	7.41	3874500	28844044.00
2013/11/06	7.41	7.58	7.31	7.32	2237863	16899082.00
2013/11/07	7.51	7.55	7.33	7.35	2689631	20176432.00
2013/11/08	7.34	7.43	7.01	7.07	2895634	20991644.00
2013/11/11	7.08	7.15	6.95	7.14	2192471	15648230.00
2013/11/12	7.25	7.36	7.16	7.29	2803040	20642950.00
2013/11/13	7.31	7.40	7.16	7.30	2694840	19979564.00
2013/11/14	7.30	7.39	7.21	7.36	2119477	15767948.00
2013/11/15	7.39	7.50	7.30	7.44	3895695	29250778.00
2013/11/18	7.43	7.59	7.38	7.51	4155268	31448232.00
2013/11/19	7.49	7.51	7.34	7.42	3964990	29711472.00
2013/11/20	7.41	7.50	7.36	7.49	3900543	29417898.00
2013/11/21	7.48	7.72	7.44	7.71	6580745	50773852.00
2013/11/22	7.72	7.78	7.59	7.67	3515306	27295104.00
2013/11/25	7.67	7.89	7.62	7.79	7643490	60368312.00
2013/11/26	7.78	7.87	7.73	7.80	7068626	55951104.00
2013/11/27	7.81	7.83	7.72	7.81	3711115	29238436.00
2013/11/28	7.80	7.95	7.74	7.88	8789376	70199432.00
2013/11/29	7.84	8.03	7.81	8.02	8994546	72501432.00
2013/12/02	7.85	7.97	7.41	7.70	9399383	73712688.00
2013/12/03	7.66	7.89	7.53	7.85	8248664	64927456.00
2013/12/04	7.77	8.12	7.77	8.09	11472976	93039664.00
2013/12/05	8.01	8.14	7.99	7.99	7170454	58314468.00
2013/12/06	8.00	8.00	7.70	7.78	4835793	38356640.00
2013/12/09	7.76	7.92	7.72	7.81	2684455	21262416.00
2013/12/10	7.80	7.83	7.66	7.71	2822201	22150234.00
2013/12/11	7.69	7.71	7.50	7.59	4001753	30665716.00
2013/12/12	7.60	7.63	7.43	7.49	3490998	26614604.00
2013/12/13	7.46	7.60	7.44	7.52	2381429	18203528.00
2013/12/16	7.51	7.52	7.23	7.25	3833405	28619464.00
2013/12/17	7.28	7.45	7.25	7.45	2517466	18810176.00
2013/12/18	7.45	7.48	7.32	7.38	1525536	11394117.00
2013/12/19	7.39	7.43	7.26	7.31	1270643	9422339.00
2013/12/20	7.30	7.38	7.11	7.14	1658631	12126461.00
2013/12/23	7.17	7.17	6.99	7.07	1762493	12600938.00
2013/12/24	7.10	7.17	7.01	7.09	1212164	8727443.00
2013/12/25	7.06	7.16	7.06	7.08	1449140	10430691.00
2013/12/26	7.13	7.15	6.91	6.94	1860582	13203562.00
2013/12/27	6.94	7.01	6.94	6.99	1727469	12225819.00
2013/12/30	7.00	7.05	6.96	7.02	1837773	13069411.00
2013/12/31	7.07	7.07	6.97	7.05	1996701	14206845.00
2014/01/02	7.05	7.26	7.02	7.24	2881499	20874948.00
2014/01/03	7.22	7.23	7.13	7.20	1748772	12703734.00
2014/01/06	7.26	7.35	7.06	7.10	2911733	21176300.00
2014/01/07	7.10	7.19	7.05	7.16	2019033	14552815.00
2014/01/08	7.17	7.22	7.10	7.17	2905805	21092200.00
2014/01/09	7.17	7.23	7.06	7.12	2237646	16215068.00
2014/01/10	7.08	7.40	7.00	7.38	6752942	49758088.00
2014/01/13	7.35	7.35	6.85	6.93	6252930	44753400.00
2014/01/14	6.93	6.93	6.66	6.81	3479112	23882620.00
2014/01/15	6.81	6.87	6.77	6.84	1667983	11539280.00
2014/01/16	6.82	6.83	6.68	6.73	2068555	14187808.00
2014/01/17	6.72	6.72	6.50	6.54	2856921	19116066.00
2014/01/20	6.52	6.53	5.88	6.21	2788522	17702396.00
2014/01/21	6.24	6.35	6.11	6.33	1794673	11499466.00
2014/01/22	6.60	6.85	6.50	6.70	3802968	25799794.00
2014/01/23	6.63	6.74	6.57	6.71	1994012	13482300.00
2014/01/24	6.66	6.84	6.66	6.70	2136926	14626504.00
2014/01/27	6.76	7.09	6.73	6.96	4202279	29522180.00
2014/01/28	6.95	6.98	6.82	6.91	2144727	15017914.00
2014/01/29	6.96	7.12	6.91	7.00	2547386	18206288.00
2014/01/30	7.00	7.14	6.90	6.91	1852327	13174682.00
2014/02/07	6.87	7.08	6.78	7.00	1947921	13713002.00
2014/02/10	7.02	7.24	6.96	7.19	3550225	25827998.00
2014/02/11	7.15	7.34	7.13	7.21	3617059	26409156.00
2014/02/12	7.26	7.68	7.21	7.58	11586778	88125824.00
2014/02/13	7.83	8.35	7.80	8.35	13388119	111909664.00
2014/02/14	8.70	9.09	8.48	8.92	31930307	283733344.00
2014/02/17	8.95	9.34	8.70	9.11	18722685	169788112.00
2014/02/18	8.96	9.24	8.79	8.98	14472081	131092544.00
2014/02/19	8.99	9.09	8.84	8.85	8551745	77309192.00
2014/02/20	8.83	8.94	8.27	8.31	10947257	93956040.00
2014/02/21	8.33	8.53	8.30	8.45	8095027	68947792.00
2014/02/24	8.39	8.58	8.35	8.48	6272620	53771564.00
2014/02/25	8.55	9.09	8.52	8.62	13533431	121162160.00
2014/02/26	8.61	8.74	7.91	8.37	6929517	58750664.00
2014/02/27	8.39	9.08	8.39	8.98	12973898	116356808.00
2014/02/28	8.95	9.10	8.71	9.06	8844959	80085296.00
2014/03/03	9.07	9.30	8.86	9.11	7851535	72547192.00
2014/03/04	9.12	9.12	8.67	8.80	4604590	41282412.00
2014/03/05	8.73	9.28	8.72	8.90	6865126	62489528.00
2014/03/06	8.85	8.85	8.55	8.75	4458613	39103272.00
2014/03/07	8.77	8.82	8.50	8.53	2672667	23319664.00
2014/03/10	8.56	9.30	8.45	8.70	7564577	67740944.00
2014/03/11	8.48	8.74	8.40	8.68	3205077	27763596.00
2014/03/12	8.56	8.71	8.39	8.48	2671378	23016708.00
2014/03/13	8.50	9.34	8.48	9.34	9132825	83628656.00
2014/03/14	9.75	10.28	9.55	10.13	22273151	225016960.00
2014/03/17	10.19	10.19	9.73	10.04	15095986	151289792.00
2014/03/18	9.95	10.04	9.74	9.95	10448423	104543192.00
2014/03/19	9.93	10.08	9.44	9.62	11601462	113293424.00
2014/03/20	9.73	9.85	9.45	9.63	8603801	84013808.00
2014/03/21	9.30	9.30	8.66	8.88	16718298	149524928.00
2014/03/24	8.85	8.85	8.41	8.73	9709872	84935888.00
2014/03/25	8.75	8.76	8.52	8.56	6931639	60436684.00
2014/03/26	8.70	8.70	8.50	8.68	5691973	49590048.00
2014/03/27	8.61	8.65	8.41	8.43	3778910	32578422.00
2014/03/28	8.47	8.50	8.01	8.10	6267259	51689292.00
2014/03/31	8.05	8.15	7.77	7.82	4759431	38206856.00
2014/04/01	7.82	8.07	7.82	8.04	3793177	30603804.00
2014/04/02	8.01	8.26	8.01	8.05	4266064	35133164.00
2014/04/03	7.99	8.13	7.95	7.98	3115064	25277708.00
2014/04/04	8.00	8.04	7.75	8.01	3481190	27836292.00
2014/04/08	7.93	8.05	7.88	7.99	4281392	34512536.00
2014/04/09	7.94	8.55	7.94	8.41	8578356	72364720.00
2014/04/10	8.37	8.52	8.26	8.38	5318855	45172016.00
2014/04/11	8.35	8.35	8.18	8.20	4068246	33885940.00
2014/04/14	8.20	8.35	8.10	8.33	2265248	18846472.00
2014/04/15	8.35	8.42	8.22	8.23	4465688	37603816.00
2014/04/16	8.24	8.35	8.05	8.12	3606145	29937896.00
2014/04/17	8.08	8.19	8.04	8.09	2948888	24155820.00
2014/04/18	8.10	8.17	8.04	8.16	1774781	14579538.00
2014/04/21	8.09	8.15	7.88	7.90	2054321	16710865.00
2014/04/22	7.91	7.96	7.72	7.86	2644818	20982152.00
2014/04/23	7.87	7.89	7.70	7.81	2417056	19075692.00
2014/04/24	7.75	7.81	7.72	7.74	1341636	10536832.00
2014/04/25	7.74	8.02	7.71	7.89	3404206	27151204.00
2014/04/28	7.86	7.98	7.81	7.84	3378189	26975674.00
2014/04/29	7.86	7.86	7.30	7.81	3826384	29478624.00
2014/04/30	7.80	8.24	7.66	8.06	4551795	36884144.00
2014/05/05	8.06	8.35	7.98	8.35	6503102	53939824.00
2014/05/06	8.72	9.12	8.61	8.78	11141432	99034304.00
2014/05/07	8.79	8.82	8.40	8.41	5138574	44354440.00
2014/05/08	8.32	8.50	8.29	8.32	4718205	39938496.00
2014/05/09	8.26	8.36	8.01	8.11	3684380	30434344.00
2014/05/12	8.20	8.30	8.04	8.29	4989080	41279792.00
2014/05/13	8.30	8.35	8.12	8.22	3436751	28596080.00
2014/05/14	8.16	8.31	8.14	8.22	1587204	13197025.00
2014/05/15	8.17	8.26	7.88	7.90	3064725	24839956.00
2014/05/16	7.89	7.90	7.62	7.78	2909724	22893084.00
2014/05/19	7.71	7.87	7.66	7.77	1478348	11613154.00
2014/05/20	7.83	7.89	7.65	7.71	1657119	13077702.00
2014/05/21	7.71	7.79	7.58	7.78	1341062	10462701.00
2014/05/22	7.81	7.91	7.76	7.77	1766262	14009828.00
2014/05/23	7.73	7.84	7.70	7.83	1198420	9417918.00
2014/05/26	7.82	8.01	7.79	8.00	2410443	19305560.00
2014/05/27	7.93	8.27	7.93	8.09	3034768	25015954.00
2014/05/28	8.06	8.39	8.06	8.18	3603208	30097076.00
2014/05/29	8.20	8.24	8.03	8.04	2002736	16434243.00
2014/05/30	8.08	8.17	8.02	8.09	1923613	15779886.00
2014/06/03	8.09	8.15	8.02	8.02	1290096	10540962.00
2014/06/04	8.20	8.67	8.16	8.17	5133524	43026704.00
2014/06/05	8.21	8.57	8.21	8.40	5102219	43390452.00
2014/06/06	8.35	8.40	8.20	8.33	3416444	28719376.00
2014/06/09	8.28	8.28	8.12	8.15	2245811	18647300.00
2014/06/10	8.11	8.21	8.05	8.15	2441244	20124848.00
2014/06/11	8.12	8.22	8.12	8.19	1744610	14415595.00
2014/06/12	8.19	8.19	7.88	7.89	4704420	37928776.00
2014/06/13	7.89	8.00	7.84	7.97	2606059	20986376.00
2014/06/16	7.97	8.18	7.97	8.14	3712775	30306064.00
2014/06/17	8.23	8.23	7.91	7.91	3778010	30228008.00
2014/06/18	7.92	7.98	7.81	7.83	2156595	16925026.00
2014/06/19	7.85	7.99	7.74	7.81	2383795	18735484.00
2014/06/20	7.78	7.82	7.70	7.73	2068151	15976476.00
2014/06/23	7.74	7.90	7.74	7.85	1484806	11639888.00
2014/06/25	7.99	8.32	7.94	7.98	5154390	41797936.00
2014/06/26	7.92	8.07	7.89	8.00	2227901	17803942.00
2014/06/27	8.02	8.05	7.91	7.93	2518931	20059446.00
2014/06/30	7.92	8.15	7.91	8.15	3812625	30806036.00
2014/07/01	8.15	8.15	8.05	8.08	3196363	25828736.00
2014/07/02	8.11	8.12	8.05	8.10	3410356	27544800.00
2014/07/03	8.10	8.21	8.07	8.20	4280276	34842924.00
2014/07/04	8.20	8.22	7.90	8.07	4012820	32342788.00
2014/07/07	8.01	8.09	7.96	8.07	2349574	18881504.00
2014/07/08	8.07	8.09	7.95	8.07	2718372	21821634.00
2014/07/09	8.08	8.16	7.98	8.00	2927964	23619252.00
2014/07/10	7.95	8.08	7.95	8.03	2261533	18141272.00
2014/07/11	7.98	8.16	7.97	8.15	3319831	26860372.00
2014/07/14	8.18	8.34	8.12	8.31	5509756	45507132.00
2014/07/15	8.31	8.38	8.17	8.27	3863978	31842704.00
2014/07/16	9.10	9.10	9.10	9.10	5393424	49080160.00
2014/07/17	9.69	10.01	9.32	10.01	46441353	455069760.00
2014/07/24	10.65	11.01	10.21	10.59	50810522	546338944.00
2014/07/25	10.10	10.20	9.53	9.62	34643695	339106112.00
2014/07/28	9.72	9.83	9.47	9.78	20062652	193480256.00
2014/07/29	9.70	10.16	9.58	10.08	23541528	233227600.00
2014/07/30	9.86	10.01	9.73	9.88	13232017	130647304.00
2014/07/31	9.87	10.25	9.76	10.04	15945204	160891408.00
2014/08/01	9.95	10.10	9.81	9.90	10531072	104688784.00
2014/08/04	9.85	10.05	9.81	9.97	8253081	82142488.00
2014/08/05	10.11	10.18	9.84	9.98	8392459	83636056.00
2014/08/06	9.90	9.93	9.71	9.84	8084232	79367888.00
2014/08/07	9.83	9.92	9.52	9.53	9698772	93593144.00
2014/08/08	9.59	10.48	9.51	10.28	23239789	234330736.00
2014/08/11	10.35	10.90	10.20	10.76	22727766	239149616.00
2014/08/12	10.50	10.79	10.25	10.35	16671942	173548784.00
2014/08/13	10.40	10.43	9.99	10.19	12248913	124794560.00
2014/08/14	10.13	10.38	10.00	10.28	9354612	95237944.00
2014/08/15	10.13	10.27	10.09	10.14	6423550	65383480.00
2014/08/18	10.13	10.28	10.09	10.19	6646608	67660112.00
2014/08/19	10.20	10.72	10.20	10.44	13648052	143196352.00
2014/08/20	10.48	10.48	10.14	10.26	7925758	81180504.00
2014/08/21	10.23	10.24	9.85	9.99	7877345	78826000.00
2014/08/22	9.95	10.16	9.81	10.09	6169337	61490592.00
2014/08/25	10.04	10.04	9.88	9.89	4512704	44932696.00
2014/08/26	9.85	9.99	9.71	9.74	4270587	42099600.00
2014/08/27	9.68	9.99	9.68	9.99	4319509	42647860.00
2014/08/28	9.97	10.14	9.82	10.00	5390584	53897672.00
2014/08/29	9.98	10.21	9.80	10.14	5596272	56329444.00
2014/09/01	10.14	10.20	9.99	10.18	5916849	59761544.00
2014/09/02	10.25	10.49	10.22	10.41	9085216	94046504.00
2014/09/03	10.39	10.49	10.27	10.31	7025941	72771312.00
2014/09/04	10.38	10.38	10.18	10.33	7181115	73794704.00
2014/09/05	10.33	10.55	10.29	10.36	7149009	74409096.00
2014/09/09	10.45	10.45	10.26	10.29	4904369	50624040.00
2014/09/10	10.30	10.65	10.30	10.63	11716332	123443744.00
2014/09/11	10.69	10.95	10.36	10.51	12020107	128132760.00
2014/09/12	10.48	10.90	10.45	10.89	13273045	142395264.00
2014/09/15	10.88	11.23	10.77	10.98	11794493	129201112.00
2014/09/16	11.33	11.66	10.60	10.74	20083107	224896512.00
2014/09/17	10.75	10.79	10.30	10.50	10260679	107194240.00
2014/09/18	10.45	10.55	10.30	10.43	5248019	54714468.00
2014/09/19	10.43	10.52	10.11	10.40	7723994	79631696.00
2014/09/22	10.40	10.42	10.13	10.18	5329717	54411504.00
2014/09/23	10.20	10.39	10.16	10.36	4611575	47344360.00
2014/09/24	10.33	10.50	10.23	10.47	6153530	64031200.00
2014/09/25	10.50	10.58	10.35	10.38	7155072	74811888.00
2014/09/26	10.40	10.40	10.16	10.29	5901931	60554508.00
2014/09/29	10.29	10.59	10.16	10.58	7070005	73106080.00
2014/09/30	10.60	10.65	10.39	10.46	6454139	67594192.00
2014/10/08	10.45	10.61	10.30	10.58	6981530	73044032.00
2014/10/09	10.60	10.91	10.56	10.81	12480366	134026232.00
2014/10/10	10.78	10.79	10.57	10.68	6281781	67154896.00
2014/10/13	10.63	10.63	10.20	10.41	5878259	61017768.00
2014/10/14	10.44	10.45	10.26	10.32	5048234	52234076.00
2014/10/15	10.34	10.46	10.20	10.40	5797832	59891044.00
2014/10/16	10.49	10.94	10.49	10.63	16285876	175322496.00
2014/10/17	10.56	11.22	10.45	11.18	20032008	218007472.00
2014/10/20	11.30	11.36	10.90	11.11	13819477	152725728.00
2014/10/21	11.12	11.34	10.91	11.00	10339119	114735496.00
2014/10/22	11.02	11.13	10.62	10.70	8350782	90785440.00
2014/10/23	10.64	10.70	10.15	10.19	9144772	94858016.00
2014/10/24	10.15	10.25	9.89	10.06	5428770	54716296.00
2014/10/27	10.07	10.20	9.96	10.14	3261669	33038492.00
2014/10/28	10.19	10.42	10.16	10.37	5246949	53902816.00
2014/10/29	10.43	10.47	10.26	10.40	8568962	88814840.00
2014/10/30	10.44	10.67	10.31	10.63	11287530	119009096.00
2014/10/31	10.62	10.67	10.41	10.53	6897721	72522896.00
2014/11/03	10.60	10.84	10.49	10.79	9273815	99178464.00
2014/11/04	10.79	10.79	10.41	10.45	8807013	93174408.00
2014/11/05	10.45	10.54	10.23	10.42	6471639	67190648.00
2014/11/06	10.42	10.46	10.15	10.29	7695895	78975528.00
2014/11/07	10.25	10.41	10.14	10.18	5863800	60173508.00
2014/11/10	10.25	10.35	10.12	10.34	5874020	60193852.00
2014/11/11	10.34	10.38	9.69	9.93	10040068	100539880.00
2014/11/12	9.85	9.94	9.71	9.89	7727610	75938744.00
2014/11/13	9.87	9.89	9.56	9.63	6316250	61109456.00
2014/11/14	9.64	9.73	9.58	9.71	4149549	40094164.00
2014/11/17	9.76	9.77	9.60	9.68	5464270	53006644.00
2014/11/18	9.69	9.82	9.68	9.77	4507191	43952572.00
2014/11/19	9.73	9.73	9.58	9.64	6525009	62893760.00
2014/11/20	9.61	9.61	9.46	9.48	6513820	61999068.00
2014/11/21	9.52	9.62	9.48	9.55	6197781	59131832.00
2014/11/24	9.64	9.86	9.57	9.80	11051821	107742208.00
2014/11/25	9.80	9.92	9.79	9.89	8648187	85263024.00
2014/11/26	9.89	9.90	9.75	9.89	8972766	87967728.00
2014/11/27	9.89	10.36	9.82	10.30	19049478	192045632.00
2014/11/28	10.29	10.70	10.23	10.40	25180699	265077472.00
2014/12/01	10.50	10.69	10.22	10.35	11095673	115581520.00
2014/12/02	10.31	10.36	10.10	10.28	10067516	102970144.00
2014/12/03	10.26	10.29	10.02	10.26	12074975	122570904.00
2014/12/04	10.26	10.45	10.18	10.44	14673515	152498000.00
2014/12/05	10.45	10.46	9.65	9.86	16821431	169125168.00
2014/12/08	9.82	9.98	9.71	9.86	9996761	98345792.00
2014/12/09	9.82	9.84	9.11	9.15	11576903	110974704.00
2014/12/10	9.15	9.70	9.11	9.61	8589511	80844200.00
2014/12/11	9.65	9.73	9.48	9.61	6782437	65010532.00
2014/12/12	9.62	9.94	9.55	9.93	7183723	70036584.00
2014/12/15	9.88	10.12	9.83	10.10	7883013	78542856.00
2014/12/16	10.00	10.07	9.93	9.98	6346599	63383860.00
2014/12/17	9.93	10.06	9.61	9.79	8002286	78521272.00
2014/12/18	9.76	9.77	9.58	9.58	7283427	70182784.00
2014/12/19	9.77	9.85	9.31	9.47	8132630	77422280.00
2014/12/22	9.31	9.37	8.87	8.99	9156777	83100760.00
2014/12/23	9.05	9.11	8.81	8.93	5612191	50448720.00
2014/12/24	8.95	9.12	8.95	9.10	5690577	51263616.00
2014/12/25	9.11	9.35	9.07	9.17	4884024	44915856.00
2014/12/26	9.17	9.20	8.95	9.01	7216875	65159552.00
2014/12/29	9.01	9.01	8.80	8.85	5964907	52899276.00
2014/12/30	8.86	8.96	8.61	8.65	5181595	45499096.00
2014/12/31	8.70	8.83	8.60	8.82	4072428	35640928.00
2015/01/05	8.82	9.12	8.82	9.08	6500846	58632972.00
2015/01/06	9.05	9.49	8.96	9.41	10644263	99363440.00
2015/01/07	9.37	9.39	9.16	9.29	5765048	53494592.00
2015/01/08	9.48	9.55	9.27	9.30	6620781	62131392.00
2015/01/09	9.30	9.35	9.06	9.12	5360598	49411320.00
2015/01/12	9.11	9.20	8.85	9.19	4798926	43274848.00
2015/01/13	9.15	9.28	9.08	9.20	3788127	34793120.00
2015/01/14	9.16	9.25	9.00	9.03	3147207	28626538.00
2015/01/15	9.03	9.26	9.00	9.25	4323842	39780952.00
2015/01/16	9.31	9.69	9.27	9.64	11875777	112817712.00
2015/01/19	9.38	9.85	9.30	9.49	11224223	107532216.00
2015/01/20	9.49	9.80	9.49	9.78	10382563	100770632.00
2015/01/21	9.78	9.93	9.73	9.86	11509925	113018664.00
2015/01/22	9.88	9.97	9.79	9.90	8135800	80300904.00
2015/01/23	9.91	9.93	9.65	9.69	8527487	83097104.00
2015/01/26	9.75	10.30	9.74	10.11	20356038	205748560.00
2015/01/27	10.15	10.22	9.85	9.97	13094148	130926472.00
2015/01/28	10.00	10.08	9.80	9.92	7981003	79366656.00
2015/01/29	9.85	10.27	9.81	10.07	13941225	140666464.00
2015/01/30	10.09	10.19	9.69	9.70	9397078	93410312.00
2015/02/02	9.55	9.90	9.49	9.76	6574735	64124480.00
2015/02/03	9.77	10.36	9.68	10.26	20750634	210971136.00
2015/02/04	10.45	11.29	10.41	11.29	54503751	600069504.00
2015/02/05	11.30	12.42	10.98	12.12	67003768	796629888.00
2015/02/06	12.62	13.19	12.30	12.60	50761397	642999168.00
2015/02/09	12.30	13.08	12.25	12.64	24594368	310519456.00
2015/02/10	12.70	12.98	12.15	12.93	22281912	279502016.00
2015/02/11	12.90	13.46	12.67	13.23	20291514	266255120.00
2015/02/12	13.16	13.16	12.81	12.86	11773957	152207792.00
2015/02/13	12.93	13.32	12.83	13.17	18357221	239238256.00
2015/02/16	13.21	14.49	12.88	14.16	22028637	297376352.00
2015/02/17	14.00	14.49	13.50	14.15	16480883	230660512.00
2015/02/25	14.00	14.39	13.30	13.75	13550461	185228192.00
2015/02/26	13.75	13.76	13.00	13.52	16622068	223259904.00
2015/02/27	13.34	13.96	13.11	13.76	14207376	191992944.00
2015/03/02	13.77	13.78	13.19	13.56	26296641	351552736.00
2015/03/03	13.65	14.42	13.36	13.99	24833337	345796480.00
2015/03/04	14.00	15.39	14.00	15.39	37015624	555213184.00
2015/03/05	15.80	16.68	15.36	15.84	32567892	516720640.00
2015/03/06	15.88	16.24	14.95	15.28	21300577	328790304.00
2015/03/09	15.27	15.83	14.87	15.44	13333628	205466928.00
2015/03/10	15.18	15.65	15.18	15.30	9502037	146328496.00
2015/03/11	15.30	15.60	14.91	15.20	7717405	116784312.00
2015/03/12	15.17	15.18	14.28	14.77	15358716	224612704.00
2015/03/13	14.70	15.20	14.60	15.03	10072520	150115536.00
2015/03/16	15.08	15.68	15.06	15.46	19032494	292774176.00
2015/03/17	15.50	15.60	15.01	15.15	17464910	265435008.00
2015/03/18	15.48	16.67	15.30	16.67	34379599	553140480.00
2015/03/19	16.99	17.00	16.00	16.17	21951763	357758048.00
2015/03/20	16.17	16.54	15.98	16.12	13987697	227246560.00
2015/03/23	16.15	16.37	16.00	16.19	13881865	224593152.00
2015/03/24	16.27	16.27	15.30	16.21	18087575	286608704.00
2015/03/25	16.00	16.67	15.73	16.26	18694491	304145696.00
2015/03/26	16.46	16.50	15.67	15.94	16179863	260547600.00
2015/03/27	16.03	17.43	15.97	16.95	32150257	536587328.00
2015/03/30	16.86	18.65	16.65	18.13	26228715	466916672.00
2015/03/31	18.08	18.49	17.67	17.89	15693760	283980896.00
2015/04/01	17.70	18.46	17.00	18.39	30857689	544739072.00
2015/04/02	18.47	20.23	18.47	20.23	17600365	350579840.00
2015/04/03	21.02	21.89	19.90	21.48	33651108	705472640.00
2015/04/07	21.25	22.40	20.51	21.99	21498062	465128480.00
2015/04/08	23.05	23.68	20.81	22.03	26275875	595288192.00
2015/04/09	21.96	21.98	20.00	20.92	22567593	468939584.00
2015/04/10	21.81	21.85	20.89	21.37	25923376	551138048.00
2015/04/13	21.47	23.02	21.00	22.50	24085897	533953408.00
2015/04/14	22.55	24.20	22.52	22.75	18351933	428201856.00
2015/04/15	22.15	22.51	20.95	21.10	20468255	438708864.00
2015/04/16	20.80	21.95	19.57	21.36	14060784	293395968.00
2015/04/17	21.46	22.90	21.42	22.19	18219195	406649568.00
2015/04/20	22.16	22.64	20.66	21.15	18874396	408172000.00
2015/04/21	21.15	23.27	21.09	23.27	26071467	581340608.00
2015/04/22	23.67	25.28	23.40	24.18	28801401	700635200.00
2015/04/23	24.20	25.12	23.56	24.69	19824891	481135040.00
2015/04/24	24.15	24.68	23.70	24.03	14631271	352607488.00
2015/04/27	24.10	24.59	23.32	23.83	17134354	409586688.00
2015/04/28	24.65	25.50	23.60	24.52	23243111	576097344.00
2015/04/29	24.50	25.21	23.88	24.63	14546565	356862816.00
2015/04/30	24.93	27.00	24.35	26.46	23873615	609887296.00
2015/05/05	27.52	27.52	27.52	27.52	0	0.00
数据来源:通达信
