600639 浦东金桥 日线 前复权
      日期	    开盘	    最高	    最低	    收盘	    成交量	    成交额
2011/10/10	7.71	7.73	7.59	7.61	1017876	8106853.00
2011/10/11	7.74	7.80	7.59	7.68	2119560	16973890.00
2011/10/12	7.64	7.95	7.59	7.86	4875242	39717864.00
2011/10/13	7.86	7.92	7.79	7.87	4468784	36650832.00
2011/10/14	7.89	7.89	7.76	7.83	3132408	25505932.00
2011/10/17	7.85	7.87	7.76	7.80	1580335	12873397.00
2011/10/18	7.77	7.77	7.56	7.57	2323540	18481746.00
2011/10/19	7.60	7.70	7.58	7.61	1272931	10140598.00
2011/10/20	7.58	7.65	7.21	7.27	1363322	10485561.00
2011/10/21	7.30	7.32	7.12	7.17	711391	5364344.00
2011/10/24	7.17	7.42	7.10	7.34	1705939	12928863.00
2011/10/25	7.31	7.48	7.27	7.45	1942082	15002254.00
2011/10/26	7.38	7.56	7.35	7.47	2599030	20311100.00
2011/10/27	7.49	7.77	7.49	7.68	5428300	43444848.00
2011/10/28	7.75	7.95	7.68	7.87	3742581	30668356.00
2011/10/31	7.78	8.36	7.77	8.08	6069121	51132172.00
2011/11/01	7.97	8.27	7.90	7.96	2514201	21129980.00
2011/11/02	7.87	7.99	7.68	7.97	2178428	17731652.00
2011/11/03	7.97	8.14	7.86	7.87	3196642	26556096.00
2011/11/04	7.92	7.96	7.79	7.89	2142937	17597574.00
2011/11/07	7.89	7.93	7.81	7.82	1379221	11297364.00
2011/11/08	7.80	7.93	7.72	7.85	2140322	17428758.00
2011/11/09	7.85	7.98	7.73	7.93	1363164	11163737.00
2011/11/10	7.85	7.85	7.72	7.76	1197189	9709639.00
2011/11/11	7.76	8.14	7.72	7.84	2686136	22209078.00
2011/11/14	7.82	7.95	7.82	7.94	2520972	20665352.00
2011/11/15	7.88	7.93	7.86	7.87	1791466	14716375.00
2011/11/16	7.88	7.92	7.61	7.64	1671899	13524608.00
2011/11/17	7.60	7.68	7.58	7.61	1046028	8313464.00
2011/11/18	7.59	7.65	7.40	7.41	1180066	9255646.00
2011/11/21	7.44	7.47	7.36	7.41	455771	3526936.00
2011/11/22	7.37	7.43	7.35	7.42	457183	3530483.00
2011/11/23	7.40	7.45	7.34	7.35	600148	4629578.00
2011/11/24	7.33	7.40	7.25	7.38	1122733	8606390.00
2011/11/25	7.37	7.42	7.24	7.27	595630	4562290.00
2011/11/28	7.28	7.34	7.22	7.25	508733	3862165.00
2011/11/29	7.32	7.42	7.28	7.40	1171569	9001191.00
2011/11/30	7.34	7.39	6.97	7.03	2175608	16322143.00
2011/12/01	7.25	7.38	7.15	7.18	1739154	13172276.00
2011/12/02	7.12	7.17	6.95	6.97	1087086	7970832.00
2011/12/05	6.97	6.97	6.67	6.73	1198313	8549326.00
2011/12/06	6.73	6.81	6.72	6.74	1082773	7682837.00
2011/12/07	6.74	6.84	6.73	6.80	748202	5334734.00
2011/12/08	6.78	6.84	6.67	6.83	811051	5765553.00
2011/12/09	6.79	6.87	6.77	6.79	762519	5456880.00
2011/12/12	6.79	6.84	6.65	6.66	522069	3683681.00
2011/12/13	6.67	6.71	6.37	6.47	1149565	7815961.00
2011/12/14	6.49	6.52	6.39	6.40	673893	4568086.00
2011/12/15	6.40	6.41	6.24	6.25	1055014	7015992.00
2011/12/16	6.34	6.38	6.22	6.36	1007459	6691904.00
2011/12/19	6.32	6.37	6.26	6.34	1251384	8296105.00
2011/12/20	6.31	6.47	6.31	6.37	1275602	8587550.00
2011/12/21	6.42	6.70	6.37	6.37	2774321	19095774.00
2011/12/22	6.33	6.44	6.09	6.41	2631559	17399712.00
2011/12/23	6.42	6.53	6.31	6.46	1145647	7756685.00
2011/12/26	6.48	6.56	6.41	6.50	1108714	7591835.00
2011/12/27	6.48	6.49	6.28	6.28	918249	6181472.00
2011/12/28	6.29	6.29	6.05	6.26	726703	4733196.00
2011/12/29	6.24	6.31	6.19	6.29	771164	5081817.00
2011/12/30	6.31	6.47	6.30	6.44	986393	6614594.00
2012/01/04	6.42	6.47	6.25	6.29	478620	3207489.00
2012/01/05	6.23	6.28	5.99	6.08	570915	3699965.00
2012/01/06	6.08	6.12	5.82	6.11	612130	3889022.00
2012/01/09	6.16	6.32	5.97	6.31	1254903	8215002.00
2012/01/10	6.31	6.53	6.27	6.49	2438418	16522927.00
2012/01/11	6.47	6.50	6.34	6.36	3960501	26689744.00
2012/01/12	6.35	6.56	6.35	6.40	3692261	25039364.00
2012/01/13	6.39	6.40	6.07	6.09	2531118	16532071.00
2012/01/16	6.03	6.13	5.92	5.95	1250360	7898385.00
2012/01/17	5.95	6.22	5.90	6.20	5106081	32929940.00
2012/01/18	6.20	6.27	5.93	5.97	4251364	27372880.00
2012/01/19	5.99	6.11	5.95	6.07	2641196	16833726.00
2012/01/20	6.12	6.24	6.04	6.19	2134665	13864399.00
2012/01/30	6.21	6.21	6.08	6.08	1585205	10258698.00
2012/01/31	6.08	6.14	6.05	6.14	831513	5344710.00
2012/02/01	6.13	6.17	6.04	6.06	1199109	7711801.00
2012/02/02	6.09	6.17	6.03	6.16	1181390	7600808.00
2012/02/03	6.16	6.27	6.12	6.26	3321885	21762042.00
2012/02/06	6.27	6.35	6.22	6.34	3625864	24000040.00
2012/02/07	6.30	6.30	6.16	6.19	1432817	9365357.00
2012/02/08	6.19	6.39	6.18	6.38	3426094	22814740.00
2012/02/09	6.39	6.56	6.35	6.42	4318388	29346106.00
2012/02/10	6.43	6.61	6.41	6.55	5679826	39068000.00
2012/02/13	6.46	6.54	6.38	6.53	2694949	18326704.00
2012/02/14	6.53	6.54	6.40	6.54	2019703	13742401.00
2012/02/15	6.51	6.69	6.46	6.65	4303189	29836528.00
2012/02/16	6.66	6.71	6.52	6.64	3942886	27477336.00
2012/02/17	6.67	6.70	6.53	6.62	2321584	16140487.00
2012/02/20	6.70	6.75	6.65	6.65	4775564	33508108.00
2012/02/21	6.63	6.72	6.58	6.71	2218064	15482484.00
2012/02/22	6.73	7.02	6.71	6.89	6015727	43449108.00
2012/02/23	6.83	6.94	6.82	6.87	3138238	22619196.00
2012/02/24	6.87	7.54	6.84	7.43	13050765	98736160.00
2012/02/27	7.37	7.52	7.30	7.31	7123588	55131632.00
2012/02/28	7.29	7.40	7.22	7.29	3759272	28629830.00
2012/02/29	7.23	7.23	6.98	6.99	3096087	22932032.00
2012/03/01	6.99	7.08	6.98	7.01	1755591	12928601.00
2012/03/02	7.04	7.65	7.02	7.57	8495565	65567944.00
2012/03/05	7.55	7.72	7.43	7.58	6594436	52060408.00
2012/03/06	7.54	7.57	7.42	7.54	2365437	18541302.00
2012/03/07	7.45	7.90	7.45	7.52	4642120	37163884.00
2012/03/08	7.54	7.77	7.46	7.64	4656066	36913964.00
2012/03/09	7.66	7.77	7.57	7.66	2897225	23115050.00
2012/03/12	7.62	7.64	7.42	7.53	4452528	34862312.00
2012/03/13	7.53	7.54	7.43	7.53	2969604	23213784.00
2012/03/14	7.56	7.61	6.89	6.98	6118949	46915900.00
2012/03/15	6.99	7.05	6.70	6.79	4153996	29635152.00
2012/03/16	6.85	6.98	6.69	6.81	11690727	83340560.00
2012/03/19	6.80	6.83	6.67	6.82	6260161	44328640.00
2012/03/20	6.80	6.85	6.68	6.77	4070962	28958268.00
2012/03/21	6.79	6.92	6.76	6.92	4726444	33864688.00
2012/03/22	6.89	6.94	6.79	6.85	2671276	19211888.00
2012/03/23	6.84	6.84	6.64	6.68	3410825	24084084.00
2012/03/26	6.68	6.72	6.57	6.64	1243586	8667768.00
2012/03/27	6.67	6.72	6.62	6.65	1505944	10544855.00
2012/03/28	6.62	6.66	6.42	6.46	2297310	15821855.00
2012/03/29	6.45	6.51	6.31	6.41	1932485	13006084.00
2012/03/30	6.38	6.47	6.35	6.41	1150721	7753583.00
2012/04/05	6.42	6.59	6.38	6.56	1484769	10158775.00
2012/04/06	6.56	6.70	6.53	6.55	2440602	16895456.00
2012/04/09	6.52	6.54	6.39	6.51	1659539	11321216.00
2012/04/10	6.49	6.62	6.45	6.61	1907842	13097829.00
2012/04/11	6.55	6.86	6.51	6.74	3671638	25973910.00
2012/04/12	6.74	6.95	6.72	6.91	5251071	37639904.00
2012/04/13	6.97	7.15	6.91	6.96	6618340	48676068.00
2012/04/16	6.92	7.35	6.88	7.18	8533475	63832496.00
2012/04/17	7.23	7.87	7.03	7.09	18974505	147396128.00
2012/04/18	6.99	7.24	6.84	7.17	11183091	82357504.00
2012/04/19	7.09	7.25	7.01	7.10	5970018	44529504.00
2012/04/20	7.09	7.41	7.00	7.31	8095092	61317964.00
2012/04/23	7.47	7.77	7.27	7.40	15532891	122999648.00
2012/04/24	7.30	7.57	7.09	7.49	9038776	69551416.00
2012/04/25	7.42	7.85	7.42	7.70	16513120	132907448.00
2012/04/26	7.74	7.75	7.45	7.51	10119997	80019632.00
2012/04/27	7.67	7.81	7.32	7.36	7057627	55654776.00
2012/05/02	7.45	7.48	7.31	7.40	5377172	41493528.00
2012/05/03	7.37	7.40	7.21	7.34	5369957	41007636.00
2012/05/04	7.32	7.41	7.24	7.39	4878277	37385376.00
2012/05/07	7.37	7.38	7.18	7.33	4093264	31128776.00
2012/05/08	7.32	7.38	7.25	7.30	3472476	26542212.00
2012/05/09	7.27	7.28	7.12	7.13	3861722	29086284.00
2012/05/10	7.14	7.19	7.06	7.07	2609763	19408856.00
2012/05/11	7.13	7.18	7.08	7.10	2293311	17093814.00
2012/05/14	7.17	7.21	7.06	7.08	2313209	17277916.00
2012/05/15	7.02	7.06	6.89	6.98	2552706	18580822.00
2012/05/16	6.97	7.02	6.90	6.91	1476367	10755357.00
2012/05/17	6.91	7.04	6.85	7.01	2230473	16262979.00
2012/05/18	6.97	7.01	6.84	6.99	2445664	17755656.00
2012/05/21	6.95	7.24	6.90	6.99	3013437	22118520.00
2012/05/22	7.02	7.09	6.95	7.09	4731727	34821560.00
2012/05/23	7.05	7.08	6.94	7.01	2160201	15867484.00
2012/05/24	6.98	7.07	6.90	6.92	1586266	11595038.00
2012/05/25	6.93	6.95	6.85	6.88	2027900	14662723.00
2012/05/28	6.79	6.95	6.69	6.94	1742614	12450954.00
2012/05/29	6.94	7.06	6.92	7.03	3661739	26863006.00
2012/05/30	7.03	7.14	6.98	7.05	2797142	20701144.00
2012/05/31	7.01	7.06	6.95	7.05	2822747	20675200.00
2012/06/01	7.06	7.06	6.89	6.97	2335320	17101524.00
2012/06/04	6.85	6.87	6.58	6.59	3015031	21271404.00
2012/06/05	6.59	6.67	6.56	6.60	1715727	11916458.00
2012/06/06	6.58	6.66	6.54	6.58	1662358	11507634.00
2012/06/07	6.63	6.95	6.58	6.60	2179999	15249826.00
2012/06/08	6.66	6.67	6.55	6.62	2733083	18945916.00
2012/06/11	6.58	6.75	6.58	6.72	1927654	13503336.00
2012/06/12	6.71	6.90	6.66	6.84	3850177	27376340.00
2012/06/13	6.85	6.92	6.79	6.92	2889010	20831172.00
2012/06/14	6.90	6.92	6.82	6.84	1320688	9521975.00
2012/06/15	6.82	6.91	6.75	6.84	1639353	11726293.00
2012/06/18	6.87	6.88	6.81	6.86	1059245	7598517.00
2012/06/19	6.85	6.85	6.76	6.83	695182	4953825.00
2012/06/20	6.84	6.93	6.79	6.90	1433564	10313430.00
2012/06/21	6.87	6.92	6.76	6.86	1587774	11362324.00
2012/06/25	6.83	6.85	6.64	6.74	1882880	13354808.00
2012/06/26	6.68	6.87	6.64	6.74	1047599	7410746.00
2012/06/27	6.75	6.81	6.71	6.76	1152025	8174286.00
2012/06/28	6.97	7.22	6.76	6.76	6842178	50027880.00
2012/07/02	6.78	6.85	6.70	6.76	3691444	26154070.00
2012/07/03	6.76	6.83	6.68	6.76	1717408	12174297.00
2012/07/04	6.76	6.79	6.72	6.75	1100595	7787974.00
2012/07/05	6.75	6.75	6.54	6.56	1781432	12379299.00
2012/07/06	6.62	6.84	6.55	6.70	4924292	34544352.00
2012/07/09	6.63	6.72	6.49	6.59	1765717	12292471.00
2012/07/10	6.59	6.61	6.39	6.45	1024853	6991429.00
2012/07/11	6.42	6.48	6.41	6.48	712239	4828922.00
2012/07/12	6.49	6.63	6.43	6.58	1269859	8744701.00
2012/07/13	6.55	6.85	6.55	6.75	4098909	28860368.00
2012/07/16	6.75	6.75	6.55	6.56	1311761	9166901.00
2012/07/17	6.54	6.66	6.45	6.65	678193	4705547.00
2012/07/18	6.65	6.65	6.50	6.62	1804257	12447673.00
2012/07/19	6.65	6.90	6.62	6.71	9024599	63988000.00
2012/07/20	6.72	6.75	6.54	6.58	3918978	27231812.00
2012/07/23	6.53	6.53	6.38	6.43	2254779	15253617.00
2012/07/24	6.40	6.49	6.35	6.44	1075697	7254214.00
2012/07/25	6.43	6.45	6.34	6.40	1121765	7532235.00
2012/07/26	6.36	6.52	6.31	6.44	2113536	14268482.00
2012/07/27	6.44	6.47	6.37	6.45	1166960	7861419.00
2012/07/30	6.45	6.45	6.24	6.27	796599	5294976.00
2012/07/31	6.27	6.27	6.14	6.23	1269228	8271113.00
2012/08/01	6.21	6.67	6.16	6.42	1412451	9469682.00
2012/08/02	6.37	6.44	6.29	6.36	836966	5591333.00
2012/08/03	6.36	6.57	6.31	6.47	1173838	7930022.00
2012/08/06	6.47	6.82	6.46	6.52	6417865	43943924.00
2012/08/07	6.50	6.52	6.45	6.48	1932846	13168377.00
2012/08/08	6.47	6.52	6.41	6.45	1398344	9493901.00
2012/08/09	6.47	6.48	6.38	6.46	914463	6115862.00
2012/08/10	6.44	6.51	6.44	6.46	957991	6442794.00
2012/08/13	6.46	6.46	6.24	6.24	1277759	8404300.00
2012/08/14	6.21	6.30	6.17	6.27	786464	5086883.00
2012/08/15	6.27	6.27	6.17	6.17	868268	5618280.00
2012/08/16	6.16	6.20	6.16	6.18	491686	3160466.00
2012/08/17	6.18	6.24	6.17	6.20	614532	3957219.00
2012/08/20	6.19	6.21	6.15	6.17	1249355	8025136.00
2012/08/21	6.17	6.25	6.17	6.23	837750	5419299.00
2012/08/22	6.22	6.25	6.16	6.21	1276900	8233820.00
2012/08/23	6.21	6.24	6.18	6.24	921344	5959347.00
2012/08/24	6.24	6.24	6.13	6.19	1223475	7839861.00
2012/08/27	6.14	6.15	6.05	6.09	1005992	6363046.00
2012/08/28	6.07	6.13	6.03	6.09	754148	4777645.00
2012/08/29	6.08	6.16	6.02	6.11	1446083	9195024.00
2012/08/30	6.08	6.12	5.99	6.06	1009320	6340672.00
2012/08/31	6.03	6.08	5.99	6.04	568037	3560934.00
2012/09/03	6.05	6.18	6.02	6.11	970738	6174811.00
2012/09/04	6.10	6.12	6.05	6.11	1210916	7671079.00
2012/09/05	6.14	6.16	6.09	6.13	537079	3418966.00
2012/09/06	6.12	6.18	6.10	6.16	912113	5822361.00
2012/09/07	6.19	6.36	6.17	6.33	5476678	35870328.00
2012/09/10	6.33	6.38	6.27	6.34	1813612	11927558.00
2012/09/11	6.31	6.34	6.25	6.28	892554	5826442.00
2012/09/12	6.29	6.34	6.27	6.31	976769	6388397.00
2012/09/13	6.31	6.33	6.25	6.26	996007	6517942.00
2012/09/14	6.30	6.30	6.22	6.26	686383	4471906.00
2012/09/17	6.25	6.30	6.11	6.14	1427703	9221799.00
2012/09/18	6.17	6.17	6.07	6.14	552490	3520374.00
2012/09/19	6.14	6.16	6.09	6.14	1058064	6739327.00
2012/09/20	6.13	6.14	5.93	5.99	1036031	6493001.00
2012/09/21	5.94	6.10	5.94	5.99	1382567	8682024.00
2012/09/24	5.98	6.06	5.85	6.02	757717	4703000.00
2012/09/25	6.00	6.01	5.90	6.00	543661	3378560.00
2012/09/26	5.99	5.99	5.87	5.91	585800	3606287.00
2012/09/27	5.91	6.03	5.87	6.00	1259941	7832388.00
2012/09/28	6.00	6.08	6.00	6.07	819908	5160245.00
2012/10/08	6.07	6.11	6.00	6.01	625186	3934345.00
2012/10/09	6.01	6.25	6.01	6.20	2045261	13144570.00
2012/10/10	6.19	6.21	6.14	6.20	1097076	7049733.00
2012/10/11	6.19	6.21	6.11	6.18	1188210	7616864.00
2012/10/12	6.18	6.31	6.16	6.20	1094509	7067696.00
2012/10/15	6.23	6.25	6.00	6.07	1746753	11068806.00
2012/10/16	6.08	6.10	6.02	6.06	1056377	6665851.00
2012/10/17	6.10	6.12	6.02	6.12	766506	4847584.00
2012/10/18	6.10	6.23	6.10	6.19	1557176	10024084.00
2012/10/19	6.19	6.38	6.19	6.22	2391188	15644688.00
2012/10/22	6.18	6.24	6.12	6.23	1234597	7932527.00
2012/10/23	6.24	6.38	6.23	6.27	3159747	20725876.00
2012/10/24	6.23	6.31	6.19	6.25	900528	5856379.00
2012/10/25	6.23	6.32	6.17	6.19	830331	5380900.00
2012/10/26	6.22	6.22	6.04	6.04	1537661	9739018.00
2012/10/29	5.90	6.18	5.90	6.15	1437076	9095429.00
2012/10/30	6.15	6.23	6.09	6.22	1061853	6802781.00
2012/10/31	6.23	6.26	6.16	6.22	556080	3582007.00
2012/11/01	6.23	6.40	6.22	6.31	5812593	38239320.00
2012/11/02	6.33	6.42	6.25	6.38	3829808	25301832.00
2012/11/05	6.38	6.38	6.27	6.31	3440640	22606618.00
2012/11/06	6.33	6.34	6.17	6.23	1852549	11986817.00
2012/11/07	6.27	6.36	6.23	6.27	2027562	13292443.00
2012/11/08	6.25	6.37	6.17	6.20	2796752	18173220.00
2012/11/09	6.19	6.22	6.14	6.21	1295769	8329281.00
2012/11/12	6.20	6.33	6.17	6.25	1845384	11987195.00
2012/11/13	6.25	6.25	6.06	6.08	2168452	13814347.00
2012/11/14	6.08	6.11	6.02	6.04	1240300	7812972.00
2012/11/15	6.02	6.09	5.98	6.01	760224	4768725.00
2012/11/16	5.95	6.04	5.90	5.96	739813	4605376.00
2012/11/19	5.96	6.13	5.96	6.05	1179358	7429915.00
2012/11/20	6.03	6.11	5.96	6.02	474260	2986017.00
2012/11/21	6.04	6.15	5.96	6.13	1622916	10266132.00
2012/11/22	6.08	6.08	6.00	6.04	564900	3550707.00
2012/11/23	6.05	6.09	6.01	6.05	963782	6066450.00
2012/11/26	6.03	6.12	5.99	6.07	829949	5246552.00
2012/11/27	5.97	6.03	5.89	5.93	1577801	9790220.00
2012/11/28	5.90	5.91	5.75	5.75	1242092	7510765.00
2012/11/29	5.78	5.80	5.67	5.70	755289	4528495.00
2012/11/30	5.70	5.90	5.70	5.88	1524600	9263335.00
2012/12/03	5.86	5.99	5.79	5.84	1412408	8656555.00
2012/12/04	5.82	5.86	5.76	5.86	1150926	6968295.00
2012/12/05	5.83	6.07	5.83	6.04	3609566	22600328.00
2012/12/06	5.98	6.10	5.96	6.02	1465835	9206228.00
2012/12/07	6.03	6.14	5.99	6.08	2090328	13224272.00
2012/12/10	6.08	6.18	6.08	6.15	2396591	15296326.00
2012/12/11	6.13	6.24	6.09	6.19	2147627	13792868.00
2012/12/12	6.14	6.20	6.03	6.14	2124497	13494428.00
2012/12/13	6.13	6.28	6.07	6.26	5829107	37604560.00
2012/12/14	6.26	6.44	6.22	6.40	6660507	44116440.00
2012/12/17	6.41	6.47	6.32	6.42	3642293	24215336.00
2012/12/18	6.41	6.51	6.36	6.43	2537158	16985722.00
2012/12/19	6.40	6.45	6.34	6.37	1091401	7237632.00
2012/12/20	6.35	6.47	6.35	6.45	2514035	16770987.00
2012/12/21	6.45	6.83	6.37	6.65	6139082	42213920.00
2012/12/24	6.58	7.21	6.56	7.07	10121221	73459656.00
2012/12/25	7.01	7.37	6.97	7.28	10358473	77583568.00
2012/12/26	7.29	8.03	7.29	8.03	9987689	81370000.00
2012/12/27	8.53	8.66	7.81	7.86	17486673	147462320.00
2012/12/28	7.87	8.67	7.80	8.67	25058510	215574000.00
2012/12/31	8.98	9.33	8.65	8.75	17870298	163899024.00
2013/01/04	8.77	9.03	8.62	8.75	11529622	104062792.00
2013/01/07	8.59	8.86	8.57	8.74	8218578	73562448.00
2013/01/08	8.90	9.03	8.47	8.54	13040095	116011144.00
2013/01/09	8.37	8.65	8.29	8.45	7492958	65313708.00
2013/01/10	8.35	9.05	8.35	8.74	19964698	179005856.00
2013/01/11	8.70	8.73	8.36	8.39	5595916	49243024.00
2013/01/14	8.39	8.77	8.35	8.70	6698517	59494404.00
2013/01/15	8.66	8.82	8.52	8.70	5691486	50681404.00
2013/01/16	8.69	8.69	8.27	8.42	8175335	70817064.00
2013/01/17	8.30	8.51	8.23	8.34	6304253	54326188.00
2013/01/18	8.34	8.56	8.25	8.54	5473518	47606092.00
2013/01/21	8.68	9.13	8.59	8.82	11943695	108770128.00
2013/01/22	8.71	9.72	8.46	9.11	15997585	149067488.00
2013/01/23	8.85	9.24	8.73	8.95	8939360	82577584.00
2013/01/24	8.93	9.00	8.50	8.51	8956738	80416728.00
2013/01/25	8.49	8.59	8.30	8.34	5127233	44438488.00
2013/01/28	8.55	8.65	8.40	8.58	5538848	48767756.00
2013/01/29	8.60	8.66	8.43	8.52	3551516	31225452.00
2013/01/30	8.51	8.56	8.33	8.55	4929197	42794856.00
2013/01/31	8.52	8.64	8.36	8.38	4776840	41687560.00
2013/02/01	8.41	8.48	8.22	8.40	4789715	41083104.00
2013/02/04	8.45	8.45	8.03	8.05	5996585	50494232.00
2013/02/05	8.01	8.25	7.97	8.24	5300464	44423312.00
2013/02/06	8.20	8.28	8.10	8.22	3834960	32275122.00
2013/02/07	8.25	8.31	8.08	8.21	3758748	31739012.00
2013/02/08	8.21	8.32	8.16	8.24	4647423	39488904.00
2013/02/18	8.33	8.33	8.18	8.22	1993164	16909980.00
2013/02/19	8.21	8.25	7.89	8.08	6548103	53872976.00
2013/02/20	8.02	8.14	7.94	8.12	2462599	20362136.00
2013/02/21	8.20	8.41	8.13	8.16	9900703	83902864.00
2013/02/22	8.02	8.64	8.00	8.44	11331706	98637816.00
2013/02/25	8.39	8.54	8.26	8.37	6278737	54538872.00
2013/02/26	8.29	8.61	8.09	8.23	5452714	47366936.00
2013/02/27	8.23	9.02	8.23	8.94	15947575	142662256.00
2013/02/28	8.87	9.53	8.72	9.13	14120826	132806288.00
2013/03/01	9.14	9.31	8.86	9.13	7177934	66816580.00
2013/03/04	8.74	8.74	8.19	8.19	13202866	112475968.00
2013/03/05	7.95	8.31	7.95	8.24	5368231	45214796.00
2013/03/06	8.21	8.77	8.21	8.54	6811103	60100720.00
2013/03/07	8.55	8.85	8.33	8.43	7204036	64146328.00
2013/03/08	8.46	8.59	8.16	8.24	5079902	43503144.00
2013/03/11	8.24	8.40	8.11	8.25	2171583	18485096.00
2013/03/12	8.32	8.32	7.97	8.07	2125249	17791292.00
2013/03/13	8.03	8.09	7.85	7.91	1725885	14114529.00
2013/03/14	7.89	8.03	7.83	8.03	1457477	11883598.00
2013/03/15	8.00	8.17	7.90	8.12	3280579	27306770.00
2013/03/18	8.03	8.16	7.91	7.95	1139969	9395188.00
2013/03/19	7.91	8.06	7.83	8.00	1194474	9781268.00
2013/03/20	7.99	8.18	7.90	8.16	3256520	27082256.00
2013/03/21	8.17	8.22	8.11	8.13	2076531	17442680.00
2013/03/22	8.07	8.25	7.97	8.04	2049536	17108868.00
2013/03/25	8.03	8.15	8.00	8.03	1814091	15093978.00
2013/03/26	8.05	8.22	8.05	8.13	2952188	24751980.00
2013/03/27	8.16	8.73	7.98	8.63	9313331	80162944.00
2013/03/28	8.43	8.45	8.15	8.16	5051432	43353848.00
2013/03/29	8.15	8.64	8.05	8.41	6732252	57948528.00
2013/04/01	8.27	8.62	8.23	8.39	4828679	41829952.00
2013/04/02	8.38	8.68	8.15	8.35	7826997	67664336.00
2013/04/03	8.26	8.37	7.90	8.04	6227235	51880264.00
2013/04/08	7.90	7.90	7.55	7.80	2493658	19964300.00
2013/04/09	7.82	7.93	7.76	7.86	2058276	16660792.00
2013/04/10	7.86	7.93	7.75	7.84	2257999	18221080.00
2013/04/11	7.85	7.90	7.68	7.71	1812862	14493873.00
2013/04/12	7.70	7.97	7.70	7.76	4159423	33647304.00
2013/04/15	7.83	8.10	7.77	7.95	6645483	54521312.00
2013/04/16	7.90	8.05	7.85	7.98	5030881	41132160.00
2013/04/17	8.01	8.20	7.90	8.10	5642519	46961272.00
2013/04/18	7.97	8.21	7.95	8.00	4971096	41334636.00
2013/04/19	7.96	8.57	7.96	8.32	10215405	87581560.00
2013/04/22	8.25	8.35	8.11	8.25	3591718	30359810.00
2013/04/23	8.20	8.31	7.92	8.06	4772812	39527300.00
2013/04/24	8.04	8.17	7.93	8.08	2344163	19523912.00
2013/04/25	8.05	8.13	7.77	7.79	3506610	28667332.00
2013/04/26	7.83	7.91	7.65	7.66	1807139	14501030.00
2013/05/02	7.70	7.90	7.65	7.79	1224280	9819891.00
2013/05/03	7.80	7.99	7.76	7.90	2157970	17579206.00
2013/05/06	7.92	8.00	7.85	7.96	1892908	15485234.00
2013/05/07	7.96	8.08	7.92	7.99	2063563	17040752.00
2013/05/08	8.06	8.08	7.75	7.90	3653079	29811748.00
2013/05/09	7.91	7.92	7.77	7.84	2202694	17797528.00
2013/05/10	7.81	7.89	7.75	7.85	4699412	37845380.00
2013/05/13	7.87	7.87	7.65	7.80	5579989	44626564.00
2013/05/14	7.92	8.39	7.92	8.14	13864304	116507072.00
2013/05/15	8.05	8.23	7.98	8.17	6521963	54216264.00
2013/05/16	8.15	8.49	8.03	8.44	11001009	94078152.00
2013/05/17	8.49	8.56	8.30	8.45	7841067	68040224.00
2013/05/20	8.44	8.67	8.42	8.49	7225100	63753412.00
2013/05/21	8.46	8.62	8.29	8.56	6361531	55299552.00
2013/05/22	8.49	8.75	8.45	8.59	7431129	65768600.00
2013/05/23	8.55	8.55	8.33	8.53	7046414	61179848.00
2013/05/24	8.50	8.60	8.43	8.55	4129415	36269488.00
2013/05/27	8.63	8.91	8.56	8.90	8416554	76037536.00
2013/05/28	8.89	9.07	8.79	8.92	5260458	48243048.00
2013/05/29	8.92	8.94	8.75	8.81	4712410	42818648.00
2013/05/30	8.78	8.78	8.57	8.60	5599759	49818640.00
2013/05/31	8.61	8.69	8.41	8.68	5736020	50652228.00
2013/06/03	8.65	8.96	8.56	8.87	4778517	43453040.00
2013/06/04	8.85	8.85	8.45	8.46	3385109	30004724.00
2013/06/05	8.46	8.90	8.45	8.85	7050455	62919216.00
2013/06/06	8.83	8.91	8.58	8.61	5916017	53312840.00
2013/06/07	8.63	8.67	8.20	8.47	5371742	46441880.00
2013/06/13	8.31	8.35	7.89	7.93	4163900	34334580.00
2013/06/14	7.97	8.05	7.93	7.94	2141125	17588042.00
2013/06/17	7.93	8.11	7.70	8.06	5257469	42590308.00
2013/06/18	8.06	8.06	7.76	7.90	3297050	26897226.00
2013/06/19	7.84	7.84	7.68	7.79	2296309	18377704.00
2013/06/20	7.78	7.81	7.62	7.67	1906971	15181183.00
2013/06/21	7.52	7.73	7.48	7.60	4182257	32657744.00
2013/06/24	7.50	7.59	6.90	6.96	4526010	33850424.00
2013/06/25	6.96	7.11	6.25	6.97	4300373	30317150.00
2013/06/26	7.00	7.20	6.91	7.01	3244553	23711426.00
2013/06/27	6.95	7.10	6.82	6.83	3168913	22948804.00
2013/06/28	6.85	7.08	6.53	6.88	3839411	27378396.00
2013/07/01	6.95	7.32	6.89	7.28	7122062	52542880.00
2013/07/02	7.19	7.74	7.17	7.60	8004903	61962300.00
2013/07/03	7.65	7.66	7.35	7.58	4675950	36480828.00
2013/07/04	7.75	8.07	7.65	7.78	14416585	116922800.00
2013/07/05	7.71	7.81	7.52	7.53	5420305	42564980.00
2013/07/08	7.53	7.53	6.90	6.95	4994233	36946984.00
2013/07/09	6.95	7.01	6.67	6.82	3637514	25656348.00
2013/07/10	6.81	7.09	6.77	7.07	3273820	23650836.00
2013/07/11	7.10	7.38	7.06	7.26	4874569	36465004.00
2013/07/12	7.27	7.36	7.16	7.17	3348420	25148976.00
2013/07/15	7.15	7.26	7.10	7.14	4324823	32043556.00
2013/07/16	7.14	7.17	6.98	7.14	2606450	19141096.00
2013/07/17	7.20	7.52	7.12	7.35	7671806	58209952.00
2013/07/18	7.30	7.32	7.00	7.04	4359208	32213788.00
2013/07/19	7.06	7.11	6.81	6.82	3274260	23552850.00
2013/07/22	6.85	6.95	6.78	6.94	2101734	14960210.00
2013/07/23	6.92	7.11	6.90	7.08	3287162	23996824.00
2013/07/24	7.08	7.09	6.90	7.01	2538723	18348606.00
2013/07/25	7.01	7.08	6.90	6.94	1735803	12584298.00
2013/07/26	6.96	6.98	6.77	6.90	1698851	12104512.00
2013/07/29	6.89	6.89	6.69	6.72	2385792	16692097.00
2013/07/30	6.67	6.79	6.61	6.71	1431154	9973213.00
2013/07/31	6.80	7.01	6.75	6.78	2066342	14710809.00
2013/08/01	6.88	6.94	6.77	6.93	1911475	13664613.00
2013/08/02	7.01	7.06	6.95	7.00	2479854	18005380.00
2013/08/05	6.99	7.07	6.93	7.03	2464889	17929878.00
2013/08/06	7.11	7.19	7.04	7.11	3530357	25968982.00
2013/08/07	7.18	7.35	7.06	7.07	3672226	27335844.00
2013/08/08	7.23	7.36	7.15	7.25	5463974	41050316.00
2013/08/09	7.32	7.33	7.14	7.24	3562934	26249220.00
2013/08/12	7.26	7.63	7.21	7.56	8186385	62501200.00
2013/08/13	7.60	7.61	7.47	7.55	4489841	34476304.00
2013/08/14	7.59	8.32	7.55	8.32	15756890	129347064.00
2013/08/15	8.44	8.89	8.38	8.53	27050094	237582560.00
2013/08/16	8.35	8.55	7.98	8.06	13602442	114603536.00
2013/08/19	8.24	8.88	8.24	8.56	20479604	179727744.00
2013/08/20	8.46	8.76	8.26	8.41	15942134	137485472.00
2013/08/21	8.31	8.51	8.19	8.44	9414361	79290608.00
2013/08/22	8.36	8.47	8.25	8.28	7832326	66287872.00
2013/08/23	8.74	9.12	8.45	8.65	28258654	253085936.00
2013/08/26	8.66	9.53	8.47	9.53	35604000	335820896.00
2013/08/27	9.88	10.50	9.86	10.50	45685710	477594560.00
2013/08/28	10.96	11.56	10.96	11.56	35235550	406229504.00
2013/08/29	12.15	12.73	11.96	12.73	54725065	688570688.00
2013/08/30	13.18	14.02	12.81	14.02	39055624	545716224.00
2013/09/02	15.22	15.44	12.87	13.74	82966059	1182475264.00
2013/09/03	13.68	14.08	13.21	13.70	48245851	663407296.00
2013/09/04	13.80	15.08	13.58	14.18	63779609	926563776.00
2013/09/05	13.77	13.85	13.24	13.70	44690751	611112896.00
2013/09/06	13.86	15.08	13.85	15.08	57294120	842596864.00
2013/09/09	15.26	15.35	14.02	14.37	57530763	842024896.00
2013/09/10	14.26	15.82	14.11	15.44	76904338	1195062144.00
2013/09/11	15.26	15.26	14.30	15.06	47985893	716254464.00
2013/09/12	14.66	14.95	14.17	14.46	36282219	532031136.00
2013/09/13	14.61	14.80	13.64	14.00	30474567	432949120.00
2013/09/16	14.00	15.14	13.97	14.21	33212732	487545536.00
2013/09/17	13.91	13.94	13.07	13.14	26158482	356747520.00
2013/09/18	13.25	14.24	13.15	13.97	28920885	403525920.00
2013/09/23	14.46	15.38	14.21	15.38	59288312	909389184.00
2013/09/24	15.76	16.93	15.56	16.93	67484225	1114692608.00
2013/09/26	16.93	16.93	15.22	15.22	57627889	919338112.00
2013/09/27	14.16	14.50	13.68	13.70	43416981	610108160.00
2013/09/30	13.56	14.01	13.25	13.67	23743784	328749536.00
2013/10/08	13.57	13.73	12.96	13.62	22926048	309308672.00
2013/10/09	13.43	13.98	13.36	13.84	24803785	341482784.00
2013/10/10	13.70	14.00	13.18	13.36	20598222	281729376.00
2013/10/11	13.46	14.71	13.30	14.71	34672408	503873696.00
2013/10/14	14.93	15.61	13.98	14.23	43985008	649334528.00
2013/10/15	13.81	14.84	13.66	14.61	28643414	414619264.00
2013/10/16	14.39	14.43	13.14	13.32	22702735	311425024.00
2013/10/17	13.48	13.76	12.38	12.52	22192680	292417760.00
2013/10/18	12.56	12.66	12.06	12.59	11647409	146274096.00
2013/10/21	12.63	12.99	12.44	12.85	11887295	153846144.00
2013/10/22	12.68	12.81	12.10	12.45	12684004	159256192.00
2013/10/23	12.45	12.96	12.14	12.69	14296583	181522976.00
2013/10/24	12.92	13.23	12.55	12.59	13312086	173410608.00
2013/10/25	12.42	12.42	11.44	11.61	16446947	195227344.00
2013/10/28	11.64	12.04	11.40	11.81	10945077	129828720.00
2013/10/29	11.72	11.76	10.74	11.46	15195862	173345824.00
2013/10/30	11.35	11.45	10.97	11.30	10036065	114447968.00
2013/10/31	11.32	11.81	11.01	11.04	10683996	123325016.00
2013/11/01	10.86	11.50	10.72	11.22	9947463	111754400.00
2013/11/04	11.16	11.31	10.97	11.10	6189475	69873624.00
2013/11/05	11.04	11.37	10.87	11.35	7671867	87333208.00
2013/11/06	11.35	11.53	10.97	11.01	8840925	100935128.00
2013/11/07	10.96	11.27	10.81	11.08	6506325	72920224.00
2013/11/08	11.08	11.81	10.88	11.40	18570173	214652032.00
2013/11/11	11.19	11.25	10.51	10.57	12009719	131790448.00
2013/11/12	10.64	10.99	10.58	10.86	8094282	88727296.00
2013/11/13	10.76	11.06	10.64	10.69	6450374	70764216.00
2013/11/14	10.58	10.79	10.37	10.74	5827998	62618540.00
2013/11/15	10.74	11.40	10.71	11.11	14290143	162366368.00
2013/11/18	11.15	11.66	11.12	11.61	13737486	159466080.00
2013/11/19	11.56	12.24	11.36	11.81	15576881	185155248.00
2013/11/20	12.01	12.21	11.75	11.93	10890751	131502576.00
2013/11/21	11.83	12.04	11.67	11.89	8246770	98964992.00
2013/11/22	11.86	11.91	11.37	11.38	9485799	110954760.00
2013/11/25	11.36	11.48	11.02	11.22	7929527	90235848.00
2013/11/26	11.22	11.28	10.96	11.17	6321177	71445928.00
2013/11/27	11.05	11.43	11.05	11.23	6924148	78693432.00
2013/11/28	11.27	11.36	11.19	11.21	7047374	80421144.00
2013/11/29	11.25	11.35	11.07	11.23	6814197	77461056.00
2013/12/02	10.98	11.04	10.16	10.33	11668079	125761888.00
2013/12/03	10.39	10.63	10.37	10.55	5245226	56040500.00
2013/12/04	10.64	11.62	10.56	11.62	16544520	190460976.00
2014/02/26	10.44	11.74	10.44	11.29	37151214	408489760.00
2014/02/27	11.05	11.55	10.57	10.77	19784531	220771696.00
2014/02/28	10.55	10.61	9.82	10.01	18127128	186203872.00
2014/03/03	10.01	10.38	9.91	10.31	11607306	120274568.00
2014/03/04	10.42	10.60	10.11	10.34	9218086	96748880.00
2014/03/05	10.35	10.54	10.15	10.17	7502390	78600104.00
2014/03/06	10.18	10.48	10.18	10.41	8961051	94134352.00
2014/03/07	10.36	10.56	10.06	10.49	9057360	94693744.00
2014/03/10	10.31	10.31	9.86	9.90	6830321	69751792.00
2014/03/11	9.90	10.04	9.81	9.92	3852249	38735588.00
2014/03/12	9.92	10.16	9.84	10.09	4895456	49733752.00
2014/03/13	10.12	10.20	9.90	10.12	5508975	56231904.00
2014/03/14	10.03	10.03	9.77	9.80	6331923	63413096.00
2014/03/17	9.81	9.97	9.78	9.95	4632178	46457472.00
2014/03/18	10.01	10.17	9.90	10.05	6005296	61326076.00
2014/03/19	10.02	10.06	9.82	9.98	4724934	47556128.00
2014/03/20	10.03	10.14	9.79	9.81	5928676	60265144.00
2014/03/21	9.76	10.13	9.56	10.11	7704631	77334376.00
2014/03/24	10.11	10.31	10.04	10.24	8013019	82813136.00
2014/03/25	10.31	11.28	10.27	11.28	34380758	386954240.00
2014/03/26	11.24	11.33	10.81	10.93	22914611	255936512.00
2014/03/27	10.87	11.15	10.72	10.87	13813208	153155328.00
2014/03/28	10.83	11.16	10.46	10.54	12123073	133317256.00
2014/03/31	10.57	10.75	10.01	10.07	8554957	89134976.00
2014/04/01	10.11	10.26	9.95	10.23	4820326	49610032.00
2014/04/02	10.21	10.44	10.17	10.31	5931908	62000344.00
2014/04/03	10.37	10.41	10.02	10.09	5538555	56856984.00
2014/04/04	10.02	10.50	10.02	10.34	6734578	70079792.00
2014/04/08	10.21	10.45	10.16	10.39	5483510	57380340.00
2014/04/09	10.44	10.65	10.34	10.44	6550153	69612848.00
2014/04/10	10.50	10.62	10.44	10.61	7743728	82799448.00
2014/04/11	10.58	10.58	10.37	10.45	5180879	54883028.00
2014/04/14	10.46	10.75	10.44	10.75	7692833	82760312.00
2014/04/15	10.73	11.71	10.73	11.11	22544374	258389520.00
2014/04/16	10.95	11.34	10.88	11.28	11235561	126987024.00
2014/04/17	11.36	12.41	11.36	12.22	32392228	395357312.00
2014/04/18	12.08	12.51	11.76	12.46	21816992	266652832.00
2014/04/21	12.36	13.72	12.24	12.80	35607247	469726720.00
2014/04/22	13.06	13.64	12.29	13.06	34927614	460743296.00
2014/04/23	13.08	13.08	12.06	12.14	24925892	313604288.00
2014/04/24	12.14	12.21	11.54	11.55	18475260	220499536.00
2014/04/25	11.55	11.73	11.30	11.31	12443464	144697296.00
2014/04/28	11.24	11.35	10.54	10.59	11560835	127040968.00
2014/04/29	10.66	11.03	10.61	10.99	9642782	105877064.00
2014/04/30	10.80	10.93	10.67	10.81	8190658	89676208.00
2014/05/05	10.81	10.85	10.43	10.67	6905561	73966512.00
2014/05/06	10.61	10.94	10.61	10.79	6898639	75575920.00
2014/05/07	10.79	11.21	10.67	11.00	10920210	121487072.00
2014/05/08	10.96	11.15	10.76	10.80	7472404	82999568.00
2014/05/09	10.84	10.94	10.38	10.49	8624500	92424360.00
2014/05/12	10.56	10.79	10.48	10.78	5560328	60017536.00
2014/05/13	10.74	10.92	10.67	10.87	4869615	53219832.00
2014/05/14	10.91	11.02	10.78	10.94	6245074	69136344.00
2014/05/15	11.03	11.34	11.02	11.12	10700691	121143520.00
2014/05/16	11.01	11.12	10.78	10.98	6406237	70798016.00
2014/05/19	11.01	11.09	10.66	10.76	3984760	43680960.00
2014/05/20	10.88	10.95	10.56	10.62	4479668	48608868.00
2014/05/21	10.64	10.66	10.40	10.57	5160009	55085324.00
2014/05/22	10.53	10.91	10.53	10.64	6054071	65793068.00
2014/05/23	10.59	10.89	10.56	10.87	5522567	60124372.00
2014/05/26	10.86	10.95	10.70	10.87	6002677	65564500.00
2014/05/27	10.86	10.86	10.69	10.70	3987953	43446224.00
2014/05/28	10.91	10.91	10.77	10.85	4849579	53265280.00
2014/05/29	10.85	11.36	10.72	11.02	12488042	139611104.00
2014/05/30	10.94	10.97	10.76	10.81	5876747	64483632.00
2014/06/03	10.78	10.84	10.63	10.65	4435301	48185660.00
2014/06/04	10.67	10.82	10.55	10.60	3430770	37105576.00
2014/06/05	10.52	10.66	10.52	10.65	2310884	24804204.00
2014/06/06	10.66	10.78	10.55	10.61	3200468	34478736.00
2014/06/09	10.58	10.62	10.47	10.49	3091286	33016360.00
2014/06/10	10.51	10.58	10.46	10.55	2937556	31340872.00
2014/06/11	10.60	10.64	10.52	10.59	2277632	24410998.00
2014/06/12	10.56	10.65	10.54	10.55	2694823	28900832.00
2014/06/13	10.52	10.60	10.48	10.55	3397735	36284948.00
2014/06/16	10.55	10.58	10.43	10.45	5362097	56963464.00
2014/06/17	10.49	10.60	10.45	10.49	3984972	42433676.00
2014/06/18	10.49	10.49	10.05	10.13	6621219	68778200.00
2014/06/19	10.13	10.33	9.86	9.88	4819857	49407720.00
2014/06/20	9.92	9.99	9.80	9.90	2826423	28315560.00
2014/06/23	9.90	9.99	9.86	9.90	2428708	24394740.00
2014/06/24	9.92	9.96	9.87	9.94	2250694	22616592.00
2014/06/25	9.92	9.92	9.66	9.71	4321491	42846900.00
2014/06/26	9.78	9.95	9.76	9.91	3065566	30666748.00
2014/06/27	9.95	10.03	9.89	9.98	3110923	31404924.00
2014/06/30	9.99	10.11	9.98	10.04	3215595	32758008.00
2014/07/01	10.04	10.10	10.00	10.06	2421700	24682948.00
2014/07/02	10.07	10.12	10.02	10.10	2941432	30048588.00
2014/07/03	10.11	10.33	10.03	10.25	6044846	62435676.00
2014/07/04	10.19	10.26	10.08	10.16	3669350	37741176.00
2014/07/07	10.22	10.29	10.08	10.16	3355565	34678344.00
2014/07/08	10.15	10.16	10.02	10.06	3007889	30702292.00
2014/07/09	10.07	10.10	9.87	9.90	3535085	35791184.00
2014/07/10	9.88	10.16	9.88	10.10	4512528	46040876.00
2014/07/11	10.04	10.09	9.97	10.01	2985713	30378824.00
2014/07/14	10.01	10.07	9.96	10.06	2673710	27135996.00
2014/07/15	10.04	10.34	10.02	10.29	7463824	77334128.00
2014/07/16	10.32	10.34	10.12	10.20	3628312	37512280.00
2014/07/17	10.20	10.23	10.01	10.06	2894720	29586334.00
2014/07/18	10.05	10.18	9.97	10.14	2672226	27404102.00
2014/07/21	10.14	10.18	10.02	10.03	1691830	17282840.00
2014/07/22	10.03	10.14	10.00	10.09	2697122	27556552.00
2014/07/23	10.06	10.09	9.99	10.02	3050395	31035198.00
2014/07/24	10.01	10.17	10.00	10.14	4278362	43848096.00
2014/07/25	10.14	10.23	10.08	10.22	4509689	46495304.00
2014/07/28	10.32	10.76	10.28	10.69	14905779	158951616.00
2014/07/29	10.66	11.77	10.66	11.63	32664388	382188960.00
2014/07/30	11.56	11.58	11.25	11.32	18655154	215227328.00
2014/07/31	11.30	11.43	11.20	11.37	8107934	92842288.00
2014/08/01	11.28	11.36	10.90	10.93	10585889	119337104.00
2014/08/04	10.94	11.21	10.94	11.20	5972478	67222656.00
2014/08/05	11.20	11.23	10.99	11.22	6532388	73507088.00
2014/08/06	11.21	11.24	11.12	11.13	4959632	55346480.00
2014/08/07	11.12	11.28	11.08	11.13	5723849	63897872.00
2014/08/08	11.10	11.16	11.02	11.10	3706069	41097880.00
2014/08/11	11.15	11.55	11.13	11.43	9401143	107325984.00
2014/08/12	11.49	11.58	11.28	11.43	6223553	70862152.00
2014/08/13	11.44	12.39	11.34	12.05	23983617	284675392.00
2014/08/14	12.06	12.07	11.61	11.66	12740645	150253040.00
2014/08/15	11.70	11.97	11.56	11.69	8873840	104523288.00
2014/08/18	11.70	11.76	11.63	11.71	6754021	78960368.00
2014/08/19	11.70	11.77	11.52	11.57	7855703	91303072.00
2014/08/20	11.56	11.75	11.52	11.62	5632239	65625332.00
2014/08/21	11.63	11.66	11.25	11.36	9734817	110946584.00
2014/08/22	11.37	11.53	11.36	11.49	5549960	63605484.00
2014/08/25	11.50	11.50	11.30	11.34	3879984	44119300.00
2014/08/26	11.36	11.43	10.88	10.96	6812380	75522920.00
2014/08/27	10.89	11.17	10.89	10.93	3507403	38567952.00
2014/08/28	10.95	11.44	10.74	11.19	7691399	85572776.00
2014/08/29	11.06	11.17	10.94	11.12	3834196	42379568.00
2014/09/01	11.29	11.29	11.13	11.27	4122819	46222056.00
2014/09/02	11.34	11.54	11.22	11.48	7557799	86262352.00
2014/09/03	11.43	11.56	11.41	11.51	6395258	73499472.00
2014/09/04	11.51	11.66	11.48	11.55	6317250	73077072.00
2014/09/05	11.56	12.09	11.47	11.78	13799006	163039168.00
2014/09/09	11.78	11.92	11.64	11.82	8471070	99639160.00
2014/09/10	11.79	11.79	11.58	11.63	7120105	82858776.00
2014/09/11	11.65	11.78	11.50	11.56	7133316	82949128.00
2014/09/12	11.56	11.83	11.51	11.80	10159308	119132960.00
2014/09/15	11.78	12.17	11.65	12.09	16057715	192036256.00
2014/09/16	12.21	13.20	12.18	12.33	32540251	411141408.00
2014/09/17	12.42	12.60	11.97	12.51	15143008	185813024.00
2014/09/18	12.55	12.75	12.37	12.66	14176240	177882608.00
2014/09/19	12.74	12.75	12.17	12.30	14798297	183150736.00
2014/09/22	12.28	12.28	11.79	11.85	11370028	135794496.00
2014/09/23	11.84	11.99	11.83	11.87	7151356	85028112.00
2014/09/24	11.85	12.09	11.82	12.05	9144665	109532176.00
2014/09/25	12.19	12.23	12.02	12.08	9095954	110220912.00
2014/09/26	12.00	12.20	11.91	12.15	5498424	66598080.00
2014/09/29	12.42	12.65	12.22	12.33	12149150	150472064.00
2014/09/30	12.34	12.39	12.21	12.33	6736130	82830832.00
2014/10/08	12.39	12.81	12.34	12.79	17462313	220149408.00
2014/10/09	12.78	12.78	12.51	12.70	13302462	168104032.00
2014/10/10	12.68	13.18	12.57	13.00	32499886	419861280.00
2014/10/13	12.93	13.33	12.88	13.23	21786186	285067360.00
2014/10/14	13.24	13.36	12.85	12.93	14935465	195148640.00
2014/10/15	12.93	12.99	12.71	12.86	8995309	115500560.00
2014/10/16	12.84	13.06	12.71	12.78	9817757	126778344.00
2014/10/17	12.75	12.88	12.35	12.52	11295860	142064784.00
2014/10/20	12.60	12.74	12.53	12.63	6124304	77335552.00
2014/10/21	12.67	12.74	12.41	12.50	6191951	77823472.00
2014/10/22	12.48	12.52	12.10	12.14	7263090	89666896.00
2014/10/23	12.12	12.26	11.59	11.71	9043130	107652344.00
2014/10/24	11.74	12.10	11.56	11.83	8446106	99719072.00
2014/10/27	11.70	12.04	11.61	11.98	5552957	65686296.00
2014/10/28	11.98	12.37	11.95	12.31	10741397	130948032.00
2014/10/29	12.35	13.21	12.35	12.87	16638723	212685904.00
2014/10/30	12.80	13.79	12.68	13.31	26257931	347955104.00
2014/10/31	13.10	13.50	13.00	13.06	16260844	214862768.00
2014/11/03	13.13	13.47	13.10	13.15	14585325	193503744.00
2014/11/04	13.11	13.12	12.75	12.96	10185521	131484832.00
2014/11/05	12.90	12.95	12.76	12.80	5054442	64975816.00
2014/11/06	12.81	13.34	12.81	13.23	12615247	165497664.00
2014/11/07	13.28	13.50	13.00	13.06	13623702	181025040.00
2014/11/10	13.08	13.46	12.98	13.26	9284246	122940272.00
2014/11/11	13.32	13.60	12.61	12.82	13613677	178139856.00
2014/11/12	12.81	14.10	12.72	14.10	25892670	357307456.00
2014/11/13	14.78	15.40	14.30	14.47	56557225	837173568.00
2014/11/14	14.30	15.68	14.16	15.02	42958296	643986624.00
2014/11/17	15.10	15.60	14.13	14.71	37747259	559896512.00
2014/11/18	14.48	14.77	14.21	14.37	17731690	256364096.00
2014/11/19	14.29	14.52	14.15	14.22	16332685	233789792.00
2014/11/20	14.22	14.54	14.14	14.34	13385907	192384080.00
2014/11/21	14.37	14.68	14.31	14.56	16492773	239098400.00
2014/11/24	15.00	15.35	14.72	15.18	31850443	478420160.00
2014/11/25	15.25	16.70	15.15	16.29	44908620	724004800.00
2014/11/26	16.01	16.18	15.71	16.10	26185295	417537216.00
2014/11/27	16.15	16.20	15.71	15.92	17674857	279548288.00
2014/11/28	16.05	16.66	15.81	16.18	28028087	456315712.00
2014/12/01	16.00	16.00	15.30	15.42	19439617	302367840.00
2014/12/02	15.72	16.96	15.62	16.48	32297713	531784448.00
2014/12/03	16.30	17.09	16.10	16.63	28102517	466458912.00
2014/12/04	16.50	16.98	16.30	16.97	25750350	429396000.00
2014/12/05	17.24	17.24	15.60	16.21	24633329	403850624.00
2014/12/08	16.50	17.61	16.50	16.91	26172381	444004160.00
2014/12/09	16.60	17.35	15.49	15.63	30194990	500545344.00
2014/12/10	16.61	17.00	15.75	16.74	22133540	365197504.00
2014/12/11	16.51	17.36	16.38	16.90	19659508	332426304.00
2014/12/12	17.02	17.09	16.58	16.93	16420968	276223936.00
2014/12/15	17.08	17.55	16.71	17.54	26766990	460334784.00
2014/12/16	17.59	18.82	17.46	18.47	30321957	551021248.00
2014/12/17	18.71	19.48	18.01	18.58	30522418	572337344.00
2014/12/18	18.35	20.44	18.15	20.44	44491739	877684352.00
2014/12/19	20.39	22.48	20.03	21.58	43616636	939939648.00
2014/12/22	21.08	22.12	19.50	20.03	33431183	688220608.00
2014/12/23	19.96	20.47	18.78	19.05	23714633	463821344.00
2014/12/24	19.23	19.63	19.00	19.52	14461705	279335136.00
2014/12/25	19.60	20.69	19.34	20.67	19501660	390040000.00
2014/12/26	21.11	22.74	21.11	22.74	30096713	663071936.00
2014/12/29	23.80	25.01	22.74	24.05	52777628	1286416896.00
2014/12/30	23.53	23.92	22.78	22.95	29048975	672097536.00
2014/12/31	22.75	24.07	22.66	23.79	22576359	533283360.00
2015/01/05	23.70	25.21	23.53	23.57	26808290	651431104.00
2015/01/06	22.88	23.48	22.28	22.84	18796789	430185792.00
2015/01/07	22.65	23.63	22.63	23.41	16374506	380537440.00
2015/01/08	23.49	24.29	22.80	22.84	14635505	343582112.00
2015/01/09	22.61	22.80	21.75	21.84	21419635	473712608.00
2015/01/12	21.50	22.50	21.28	21.86	12185374	266932880.00
2015/01/13	21.78	22.16	20.80	21.12	12402587	266199904.00
2015/01/14	21.11	21.46	20.90	21.34	9986747	211604560.00
2015/01/15	21.55	22.28	21.55	22.20	15580771	342561344.00
2015/01/16	22.36	23.47	21.86	23.38	20856126	471698720.00
2015/01/19	21.90	23.24	21.04	21.21	24961044	550747584.00
2015/01/20	21.50	22.38	21.42	22.02	18164513	398059584.00
2015/01/21	22.30	23.78	22.18	23.49	28166851	655759872.00
2015/01/22	23.85	24.56	23.37	23.84	26083201	623689984.00
2015/01/23	23.90	24.18	23.38	23.60	18472606	436689504.00
2015/01/26	24.95	25.96	24.30	25.96	49439735	1244865280.00
2015/01/27	26.24	26.67	25.26	26.10	37415706	970986688.00
2015/01/28	26.00	26.45	25.10	25.25	27175098	698590784.00
2015/01/29	25.01	25.01	23.70	23.99	25344074	615350848.00
2015/01/30	24.05	24.38	23.30	23.41	15792225	374537728.00
2015/02/02	22.70	23.74	22.50	23.09	12674282	294249568.00
2015/02/03	23.35	23.70	22.63	23.33	14301531	330280192.00
2015/02/04	23.38	23.97	23.01	23.24	12800646	300438848.00
2015/02/05	23.82	23.90	22.67	22.70	12462172	290470688.00
2015/02/06	22.59	22.90	21.56	21.83	13185546	292566400.00
2015/02/09	21.61	22.14	21.51	21.81	6446529	140834336.00
2015/02/10	21.80	22.73	21.71	22.69	7895158	175425152.00
2015/02/11	22.86	23.15	22.63	22.90	7741765	177258688.00
2015/02/12	22.90	23.34	22.51	22.98	7994038	183402656.00
2015/02/13	23.33	23.74	23.15	23.42	11932967	280031936.00
2015/02/16	23.46	23.58	23.20	23.34	10106844	235987488.00
2015/02/17	23.37	24.31	23.37	24.02	13170658	314895488.00
2015/02/25	23.91	24.88	23.86	24.70	14269373	349911424.00
2015/02/26	24.62	24.62	24.01	24.54	10807103	263174192.00
2015/02/27	24.58	25.09	24.31	24.51	10612631	261137776.00
2015/03/02	24.75	24.98	24.40	24.80	12678866	313463712.00
2015/03/03	25.69	25.80	24.32	24.44	31692924	798498624.00
2015/03/04	24.55	24.87	23.54	24.47	24460362	590278592.00
2015/03/05	24.38	24.49	23.90	24.02	12540153	302669888.00
2015/03/06	24.06	24.36	23.66	24.26	13021733	313730144.00
2015/03/09	24.53	25.49	24.53	25.43	35956525	903890304.00
2015/03/10	25.44	25.58	24.76	25.34	19528643	490768032.00
2015/03/11	25.13	25.32	24.25	24.42	17079521	421046560.00
2015/03/12	24.37	24.43	23.89	24.19	12389497	298848896.00
2015/03/13	24.10	24.49	23.96	24.47	10106508	244089872.00
2015/03/16	24.86	25.51	24.28	25.17	25307835	628001664.00
2015/03/17	25.01	25.08	24.63	24.82	17741433	441385664.00
2015/03/18	24.89	25.30	24.85	25.19	18179307	455755264.00
2015/03/19	25.23	26.57	24.90	26.50	28103068	715966016.00
2015/03/20	26.45	27.26	25.90	26.97	34784772	923229376.00
2015/03/23	27.70	27.92	26.28	26.50	35888641	962918528.00
2015/03/24	26.51	26.60	24.70	25.55	33452724	854430336.00
2015/03/25	25.54	25.54	25.07	25.19	15578936	392980800.00
2015/03/26	25.00	25.06	24.51	24.77	12577877	311987648.00
2015/03/27	24.83	25.29	24.83	25.05	11112348	279214048.00
2015/03/30	25.15	25.77	24.75	25.46	22815836	576156288.00
2015/03/31	25.84	25.93	24.81	24.84	21337422	539541888.00
2015/04/01	24.72	25.13	24.70	24.97	13284156	330994336.00
2015/04/02	25.18	25.19	24.81	24.95	14089039	351590080.00
2015/04/03	24.82	25.06	24.50	24.90	14451092	359122048.00
2015/04/07	24.95	25.55	24.88	25.53	25451503	643529984.00
2015/04/08	25.63	26.90	24.84	26.69	46253012	1194644736.00
2015/04/09	26.15	27.11	25.36	26.81	45174440	1193894272.00
2015/04/10	26.88	26.88	26.31	26.50	26810093	712973312.00
2015/04/13	26.53	27.26	25.89	26.86	33159831	879777024.00
2015/04/14	26.57	27.97	26.46	27.50	42947417	1175373312.00
2015/04/15	27.22	27.29	25.20	25.24	27214909	710206592.00
2015/04/16	24.85	25.20	24.30	24.96	18802380	464676640.00
2015/04/17	25.15	25.57	25.00	25.06	17892072	450616480.00
2015/04/20	25.13	25.88	24.68	25.06	20490184	521289248.00
2015/04/21	25.15	25.55	25.00	25.53	15250551	386262080.00
2015/04/22	25.80	26.56	25.56	26.29	23673109	616973184.00
2015/04/23	26.48	26.79	26.00	26.21	20650990	543132672.00
2015/04/24	25.80	27.39	25.56	27.10	32904331	876244480.00
2015/04/27	27.40	27.40	26.32	26.93	28741786	774357440.00
2015/04/28	26.89	27.15	25.41	25.55	20560021	537304256.00
2015/04/29	25.57	25.97	25.01	25.82	10619131	272240736.00
2015/04/30	25.80	26.00	25.36	25.39	11540968	297100256.00
2015/05/05	25.27	25.27	25.27	25.27	0	0.00
数据来源:通达信
