600993 马应龙 日线 前复权
      日期	    开盘	    最高	    最低	    收盘	    成交量	    成交额
2011/10/10	16.86	17.07	16.39	16.45	476766	8155695.00
2011/10/11	16.84	16.96	16.43	16.51	549506	9362551.00
2011/10/12	16.53	17.44	16.44	17.16	759962	13232466.00
2011/10/13	17.18	17.76	17.06	17.74	1640345	29489848.00
2011/10/14	17.66	17.72	17.18	17.62	850445	15243234.00
2011/10/17	17.62	17.86	17.56	17.67	782824	14207733.00
2011/10/18	17.55	17.56	17.16	17.30	648936	11510297.00
2011/10/19	17.36	17.46	17.09	17.24	314110	5557621.00
2011/10/20	17.24	17.36	16.66	16.89	733104	12750673.00
2011/10/21	16.89	16.89	16.14	16.54	1931014	32534380.00
2011/10/24	16.46	16.65	16.01	16.60	900450	15091583.00
2011/10/25	16.64	17.11	16.35	16.96	881852	15090537.00
2011/10/26	16.86	17.47	16.66	17.01	1484078	26076148.00
2011/10/27	16.88	17.27	16.74	16.87	735667	12862409.00
2011/10/28	17.01	17.27	16.94	17.25	1147754	20169020.00
2011/10/31	17.26	17.82	17.17	17.78	1780099	32068094.00
2011/11/01	17.59	17.93	17.55	17.74	1143079	20766376.00
2011/11/02	17.41	18.06	17.41	17.99	1701813	30911016.00
2011/11/03	18.02	18.82	18.02	18.27	3354264	63222260.00
2011/11/04	18.27	18.46	18.16	18.30	1032988	19336332.00
2011/11/07	18.27	18.49	18.16	18.42	1144691	21558876.00
2011/11/08	18.44	18.54	18.23	18.49	1168084	22015388.00
2011/11/09	18.48	18.64	18.17	18.63	1080352	20408626.00
2011/11/10	18.55	18.96	18.36	18.56	2744428	52537432.00
2011/11/11	18.47	18.80	18.47	18.56	1071373	20391924.00
2011/11/14	18.64	18.98	18.64	18.91	1932107	37325628.00
2011/11/15	18.91	19.20	18.76	19.14	1642439	31927768.00
2011/11/16	19.19	19.31	18.36	18.56	1644638	31495436.00
2011/11/17	18.56	18.76	18.06	18.27	1354914	25474854.00
2011/11/18	18.08	18.26	17.68	18.20	1288301	23715260.00
2011/11/21	18.20	18.20	17.86	18.07	866603	15993075.00
2011/11/22	18.04	18.38	17.88	18.34	1216537	22549272.00
2011/11/23	18.43	18.46	18.24	18.40	659622	12401665.00
2011/11/24	18.26	18.88	18.07	18.86	1633552	31171800.00
2011/11/25	19.02	19.06	18.57	18.85	1659830	32022848.00
2011/11/28	18.76	19.13	18.38	19.06	1671471	32180436.00
2011/11/29	19.09	20.06	19.04	20.04	7923536	158094880.00
2011/11/30	19.91	19.96	18.76	18.85	3786780	75095504.00
2011/12/01	19.35	19.72	18.96	19.09	3493656	68980384.00
2011/12/02	18.87	19.39	18.62	18.64	2219044	43284844.00
2011/12/05	18.59	18.59	17.73	18.14	1494407	27705920.00
2011/12/06	18.06	18.30	17.66	18.02	821489	15048961.00
2011/12/07	18.11	18.25	17.95	18.18	435508	8083218.00
2011/12/08	18.18	18.32	17.86	17.99	606827	11212559.00
2011/12/09	17.96	18.09	17.74	17.84	563952	10348537.00
2011/12/12	17.71	17.96	17.59	17.62	448801	8130481.00
2011/12/13	17.62	17.74	16.96	17.24	1007239	17742034.00
2011/12/14	17.06	17.36	17.02	17.18	425137	7491312.00
2011/12/15	17.06	17.16	16.58	16.64	629524	10847174.00
2011/12/16	16.73	17.26	16.66	17.24	648211	11288254.00
2011/12/19	17.24	17.36	16.96	17.32	475179	8349869.00
2011/12/20	17.32	17.46	17.07	17.23	372030	6617867.00
2011/12/21	17.33	17.46	16.96	16.96	400038	7058060.00
2011/12/22	16.96	17.06	16.58	16.86	447534	7687016.00
2011/12/23	16.76	17.31	16.76	17.23	351897	6169224.00
2011/12/26	17.06	17.45	16.96	17.06	358548	6333245.00
2011/12/27	16.97	17.23	16.56	16.67	377335	6493780.00
2011/12/28	16.81	16.81	16.26	16.66	615780	10396260.00
2011/12/29	16.66	16.91	16.01	16.35	1793427	30073644.00
2011/12/30	16.37	17.05	16.36	16.85	1308047	22444812.00
2012/01/04	17.02	17.02	16.34	16.37	525369	8962052.00
2012/01/05	16.36	16.36	14.96	15.06	1624870	25983120.00
2012/01/06	15.06	15.30	13.96	15.04	3751535	55880288.00
2012/01/09	14.76	15.67	14.61	15.51	1802532	28267376.00
2012/01/10	15.45	16.07	15.30	16.00	1564539	25535262.00
2012/01/11	16.06	16.06	15.68	15.72	978464	15949891.00
2012/01/12	15.89	15.89	15.41	15.42	1149308	18396672.00
2012/01/13	15.41	15.41	14.46	14.55	4219493	63701144.00
2012/01/16	14.50	14.58	13.87	13.93	1266763	18609864.00
2012/01/17	13.92	14.56	13.71	14.42	1818750	26629330.00
2012/01/18	14.46	14.70	13.86	14.01	1921095	28096700.00
2012/01/19	14.01	14.27	13.77	14.07	1515422	21807696.00
2012/01/20	14.10	14.62	14.08	14.56	2824052	41633360.00
2012/01/30	14.59	14.59	14.06	14.15	1840968	27214460.00
2012/01/31	14.16	14.31	13.88	14.19	1449976	21036472.00
2012/02/01	14.26	14.31	14.11	14.24	952072	13975226.00
2012/02/02	14.26	14.55	14.21	14.50	1425198	21045266.00
2012/02/03	14.50	14.90	14.38	14.79	2570043	38748632.00
2012/02/06	14.78	15.08	14.61	14.74	2285480	34929368.00
2012/02/07	14.73	14.74	14.31	14.40	1515479	22616268.00
2012/02/08	14.47	14.80	14.31	14.70	1648594	24779700.00
2012/02/09	14.70	15.02	14.67	14.88	2415206	36865152.00
2012/02/10	14.86	15.00	14.76	14.90	1499629	22999680.00
2012/02/13	14.88	15.45	14.72	15.22	2970361	46276792.00
2012/02/14	15.22	15.22	14.91	15.06	2427801	37596300.00
2012/02/15	15.06	15.21	14.80	15.11	3193561	49407068.00
2012/02/16	15.10	15.32	14.88	15.09	2861014	44515620.00
2012/02/17	15.09	15.20	14.90	15.04	1401310	21663072.00
2012/02/20	15.21	15.24	14.96	14.99	2261540	35110920.00
2012/02/21	14.99	15.07	14.76	15.06	1762919	27088620.00
2012/02/22	15.08	15.36	14.98	15.30	3189673	49904464.00
2012/02/23	15.45	15.59	15.16	15.34	3237760	51142836.00
2012/02/24	15.34	15.80	15.19	15.66	5330273	84439072.00
2012/02/27	15.66	15.96	15.53	15.54	6186000	100034384.00
2012/02/28	15.45	15.53	15.08	15.31	4353772	68439840.00
2012/02/29	15.29	15.34	15.08	15.20	2584877	40377072.00
2012/03/01	15.09	15.35	15.09	15.23	1514258	23726368.00
2012/03/02	15.25	15.43	15.21	15.43	2184448	34430660.00
2012/03/05	15.43	15.61	15.29	15.39	2661953	42332372.00
2012/03/06	15.40	15.45	15.11	15.14	1714246	26822806.00
2012/03/07	15.01	15.41	14.97	15.11	1850393	28926336.00
2012/03/08	15.25	15.25	14.96	15.09	3341007	51932544.00
2012/03/09	15.15	15.36	15.06	15.32	3015050	47257340.00
2012/03/12	15.30	16.14	15.30	16.04	7314089	118376032.00
2012/03/13	15.96	16.32	15.87	16.10	6200006	102478528.00
2012/03/14	16.12	16.32	15.16	15.41	5894862	96381896.00
2012/03/15	15.36	15.69	14.91	15.55	3882709	61204096.00
2012/03/16	15.61	16.04	15.51	15.99	5317913	86138368.00
2012/03/19	15.99	16.15	15.68	16.00	4550592	74680840.00
2012/03/20	16.03	16.03	15.43	15.45	3521723	56660264.00
2012/03/21	15.55	15.80	15.21	15.58	2459752	39120556.00
2012/03/22	15.56	15.56	15.28	15.37	1245763	19726908.00
2012/03/23	15.31	15.31	14.99	15.08	1893938	29434892.00
2012/03/26	15.10	15.13	14.90	15.04	1494808	23057968.00
2012/03/27	15.04	15.17	14.87	14.91	1274874	19706524.00
2012/03/28	14.86	14.86	14.26	14.31	2536550	37806548.00
2012/03/29	14.27	14.64	13.95	14.61	2216353	32658100.00
2012/03/30	14.52	14.58	14.29	14.36	1981151	29454000.00
2012/04/05	14.27	14.61	14.27	14.57	1841966	27547588.00
2012/04/06	14.57	14.61	14.39	14.47	1438150	21498482.00
2012/04/09	14.48	14.55	14.15	14.16	1373477	20298160.00
2012/04/10	14.16	14.28	13.81	14.26	1473354	21270460.00
2012/04/11	14.16	14.25	13.97	14.10	1052461	15293942.00
2012/04/12	14.05	14.32	13.95	14.31	2632445	38417596.00
2012/04/13	14.31	14.61	14.25	14.59	2178046	32496022.00
2012/04/16	14.58	14.72	14.46	14.54	1296209	19460540.00
2012/04/17	14.56	14.70	14.46	14.54	1450169	21793560.00
2012/04/18	14.56	14.83	14.47	14.72	1964542	29672412.00
2012/04/19	14.69	14.81	14.67	14.75	1050474	15934595.00
2012/04/20	14.75	14.81	14.51	14.56	3129883	47077820.00
2012/04/23	14.56	14.60	14.26	14.49	3053582	45258224.00
2012/04/24	14.33	14.59	14.02	14.32	3040904	44765728.00
2012/04/25	14.31	14.48	14.26	14.45	1598435	23710028.00
2012/04/26	14.45	14.63	14.45	14.61	2693349	40333136.00
2012/04/27	14.66	15.01	14.62	14.77	4618575	70601376.00
2012/05/02	15.05	15.05	14.79	14.91	2818801	43260272.00
2012/05/03	14.90	15.36	14.86	15.07	4068774	63307540.00
2012/05/04	15.07	15.20	14.87	15.17	2956770	45743936.00
2012/05/07	15.11	15.50	15.03	15.39	3902465	61459396.00
2012/05/08	15.39	15.46	15.15	15.25	1885070	29652728.00
2012/05/09	15.22	15.22	14.84	14.86	2396901	36896804.00
2012/05/10	14.86	15.25	14.86	14.99	2749444	42667812.00
2012/05/11	15.09	15.21	14.99	15.16	2131981	33194454.00
2012/05/14	15.34	15.59	14.99	15.21	4326099	68233120.00
2012/05/16	15.10	15.10	14.69	15.01	3331112	50939496.00
2012/05/17	14.82	15.00	14.71	14.94	1643086	25126340.00
2012/05/18	14.86	14.86	14.44	14.45	2010025	30261568.00
2012/05/21	14.45	14.60	14.14	14.44	1502192	22318012.00
2012/05/22	14.63	14.76	14.46	14.72	2362910	35635536.00
2012/05/23	14.74	14.74	14.36	14.63	1597986	23934316.00
2012/05/24	14.51	14.66	14.43	14.52	1038179	15545695.00
2012/05/25	14.55	14.55	14.27	14.33	1280655	19003532.00
2012/05/28	14.16	14.40	14.06	14.39	1514129	22225832.00
2012/05/29	14.46	14.79	14.36	14.70	1990681	29968832.00
2012/05/30	14.70	14.90	13.19	13.64	2290645	34255992.00
2012/05/31	14.44	14.79	14.31	14.45	4984768	74463440.00
2012/06/01	14.51	14.63	14.36	14.48	1763860	26304232.00
2012/06/04	14.38	14.38	14.01	14.02	3160327	46160748.00
2012/06/05	14.04	14.49	14.04	14.44	3033312	44738200.00
2012/06/06	14.43	14.59	14.21	14.34	1882023	27959896.00
2012/06/07	14.46	14.59	14.29	14.43	1929378	28749120.00
2012/06/08	14.56	14.63	14.37	14.50	1605991	24033184.00
2012/06/11	14.50	14.85	14.46	14.81	6051512	92040896.00
2012/06/12	14.77	15.59	14.77	15.10	9673559	152105696.00
2012/06/13	15.17	16.24	15.16	16.13	16869347	273645888.00
2012/06/14	15.94	16.53	15.77	15.90	10739301	178428096.00
2012/06/15	15.96	16.62	15.96	16.09	10503102	176027088.00
2012/06/18	16.26	16.51	16.21	16.34	4931064	82750344.00
2012/06/19	16.42	17.02	16.25	16.42	5910410	100056264.00
2012/06/20	16.42	16.45	15.90	16.06	5623728	92236904.00
2012/06/21	16.03	16.26	15.87	16.11	3931582	64616888.00
2012/06/25	16.07	16.53	15.83	15.85	3055001	50617200.00
2012/06/26	15.62	15.76	15.23	15.63	3007986	47673644.00
2012/06/27	15.63	15.99	15.53	15.65	3250839	52281016.00
2012/06/28	15.71	16.59	15.71	16.28	5829428	96558608.00
2012/06/29	16.27	16.94	16.17	16.92	6140172	104279808.00
2012/07/02	16.99	17.33	16.68	16.96	6368211	110514296.00
2012/07/03	16.86	17.33	16.55	17.22	5742284	99046264.00
2012/07/04	17.09	17.47	16.87	17.38	5396806	94759144.00
2012/07/05	17.27	17.27	16.67	16.69	4784648	82568240.00
2012/07/06	16.82	17.37	16.67	17.25	5997811	104610736.00
2012/07/09	17.17	17.80	17.17	17.46	7280932	130325184.00
2012/07/10	17.47	17.47	16.62	17.02	6900681	119785024.00
2012/07/11	16.97	17.78	16.72	17.76	5096311	89963648.00
2012/07/12	17.76	18.25	17.34	17.49	7434988	135136384.00
2012/07/13	17.41	17.82	17.32	17.71	3705546	66453336.00
2012/07/16	17.81	18.12	17.06	17.09	3862849	69289392.00
2012/07/17	16.96	17.09	16.02	16.85	3976736	67521136.00
2012/07/18	16.69	16.94	16.40	16.73	2792748	47161408.00
2012/07/19	16.62	16.93	16.52	16.67	2622440	44795516.00
2012/07/20	16.66	17.35	16.49	16.82	4414295	76295704.00
2012/07/23	16.67	17.02	16.57	16.88	1973088	33834372.00
2012/07/24	16.75	17.13	16.58	17.07	1969428	33993400.00
2012/07/25	17.02	17.94	16.95	17.61	4772824	85474304.00
2012/07/26	17.67	17.83	17.24	17.27	2540593	45409796.00
2012/07/27	17.30	17.51	16.45	16.92	3681792	63046064.00
2012/07/30	16.90	16.90	16.16	16.18	3008075	50414812.00
2012/07/31	16.15	16.28	15.77	15.94	1816677	29817888.00
2012/08/01	16.02	16.42	16.02	16.32	1257368	20861256.00
2012/08/02	16.37	16.82	16.18	16.72	2519944	42750040.00
2012/08/03	16.67	16.97	16.52	16.87	1225214	20927280.00
2012/08/06	16.77	17.25	16.71	17.12	1951912	33878124.00
2012/08/07	17.17	17.23	16.95	17.09	1348159	23483064.00
2012/08/08	17.09	17.12	16.45	16.76	3104744	52685268.00
2012/08/09	16.61	17.17	16.50	17.12	2084985	35866888.00
2012/08/10	17.13	17.37	16.72	17.26	2322527	40449536.00
2012/08/13	17.16	17.56	16.85	16.94	2798517	49389880.00
2012/08/14	16.94	17.27	16.74	17.20	2020398	34968648.00
2012/08/15	17.22	17.46	17.00	17.17	1737461	30569264.00
2012/08/16	17.17	17.25	16.69	16.76	1654599	28485980.00
2012/08/17	16.69	16.77	16.26	16.50	1707090	28659982.00
2012/08/20	16.35	16.64	16.31	16.62	999756	16818552.00
2012/08/21	16.63	17.07	16.63	16.96	1689778	29171356.00
2012/08/22	16.97	17.15	16.87	17.02	1675916	29086710.00
2012/08/23	17.06	17.14	16.94	17.06	916181	15924785.00
2012/08/24	17.07	17.07	16.65	16.78	1065048	18233996.00
2012/08/27	16.48	16.48	15.64	15.92	6059494	98198880.00
2012/08/28	15.87	16.03	15.79	15.86	2742101	44486112.00
2012/08/29	15.85	16.02	15.47	15.74	1932585	31067356.00
2012/08/30	15.71	15.93	14.65	15.13	2707958	42056468.00
2012/08/31	15.14	15.30	15.05	15.18	975309	15122981.00
2012/09/03	15.18	15.78	15.17	15.77	1065391	16947392.00
2012/09/04	15.67	15.91	15.50	15.52	826515	13267378.00
2012/09/05	15.52	15.78	15.27	15.60	1263242	20127884.00
2012/09/06	15.62	15.78	15.50	15.64	443373	7067438.00
2012/09/07	15.70	16.22	15.70	16.12	2457409	40193320.00
2012/09/10	16.17	16.28	15.79	16.12	2239503	36645576.00
2012/09/11	16.06	16.30	15.87	16.20	1914499	31531588.00
2012/09/12	16.19	16.64	16.19	16.40	1704550	28600984.00
2012/09/13	16.54	16.54	16.24	16.24	941055	15688730.00
2012/09/14	16.35	16.46	16.02	16.10	1086812	17923784.00
2012/09/17	16.15	16.18	15.45	15.67	1445994	23330600.00
2012/09/18	15.57	16.17	15.39	16.12	1412674	22882788.00
2012/09/19	16.11	16.31	15.90	16.27	1350798	22297624.00
2012/09/20	16.32	16.32	15.68	15.83	1152463	18760544.00
2012/09/21	15.77	15.86	15.43	15.43	853186	13590418.00
2012/09/24	15.37	15.58	15.29	15.49	758236	11962833.00
2012/09/25	15.49	15.59	15.19	15.26	793765	12445766.00
2012/09/26	15.28	15.44	14.97	15.09	824417	12741004.00
2012/09/27	15.09	15.47	15.05	15.35	654285	10210526.00
2012/09/28	15.31	15.62	15.22	15.58	739813	11671756.00
2012/10/08	15.59	15.79	15.41	15.75	839990	13451673.00
2012/10/09	15.75	16.19	15.67	16.02	1328523	21750410.00
2012/10/10	16.06	16.17	15.79	15.96	1446809	23488286.00
2012/10/11	15.96	16.18	15.85	15.86	844035	13793764.00
2012/10/12	15.85	16.06	15.67	15.80	522361	8439844.00
2012/10/15	15.80	16.64	15.73	16.59	3266446	54472132.00
2012/10/16	16.52	17.05	16.46	16.76	3407045	58463376.00
2012/10/17	16.75	16.84	16.50	16.65	1021413	17373632.00
2012/10/18	16.67	16.90	16.57	16.71	1752766	29905848.00
2012/10/19	16.69	16.80	16.43	16.55	1217342	20580228.00
2012/10/22	16.56	16.84	16.43	16.78	1311913	22389104.00
2012/10/23	16.87	16.89	16.32	16.47	1281069	21607804.00
2012/10/24	16.45	16.45	16.05	16.10	1271932	21011600.00
2012/10/25	16.09	16.29	15.88	15.91	706241	11589464.00
2012/10/26	15.92	16.02	15.67	15.82	731866	11822323.00
2012/10/29	15.78	16.17	15.78	16.13	805682	13179412.00
2012/10/30	16.12	16.27	15.99	16.04	616873	10158414.00
2012/10/31	16.02	16.20	15.92	16.03	646330	10584578.00
2012/11/01	16.04	16.38	16.02	16.35	1322912	21897772.00
2012/11/02	16.35	16.50	16.24	16.45	763228	12731856.00
2012/11/05	16.47	16.49	15.77	15.90	2005520	32899400.00
2012/11/06	15.88	15.96	15.75	15.92	1171141	18954796.00
2012/11/07	15.93	15.97	15.75	15.84	455727	7361139.00
2012/11/08	15.77	15.94	15.64	15.83	1194004	19280232.00
2012/11/09	15.70	15.85	15.45	15.51	819955	13090369.00
2012/11/12	15.51	15.78	15.40	15.52	1152400	18322624.00
2012/11/13	15.42	15.70	15.41	15.61	1073294	17082580.00
2012/11/14	15.48	15.67	15.48	15.67	496686	7918371.00
2012/11/15	15.67	15.67	15.42	15.52	582781	9237229.00
2012/11/16	15.39	15.44	14.62	14.89	2068292	31247780.00
2012/11/19	14.68	14.85	13.87	14.18	2181620	31993988.00
2012/11/20	14.18	14.27	13.91	14.07	1702991	24605696.00
2012/11/21	13.88	14.12	13.74	14.02	1750739	24964580.00
2012/11/22	13.91	13.92	13.58	13.66	1434679	20163762.00
2012/11/23	13.67	14.02	13.67	13.89	796510	11311710.00
2012/11/26	13.88	13.95	13.65	13.68	898224	12638439.00
2012/11/27	13.67	13.68	13.19	13.23	1159411	15919553.00
2012/11/28	13.30	13.30	12.74	12.80	1173913	15483953.00
2012/11/29	12.82	12.96	12.72	12.76	812502	10695083.00
2012/11/30	12.76	12.92	12.67	12.77	847125	11099381.00
2012/12/03	12.81	12.87	12.27	12.29	1071932	13911817.00
2012/12/04	12.05	12.22	11.56	11.98	2608146	31751176.00
2012/12/05	11.87	13.17	11.75	12.79	3814108	48810348.00
2012/12/06	12.67	12.89	12.46	12.69	2186165	28364952.00
2012/12/07	12.67	13.12	12.53	12.95	2063996	27309400.00
2012/12/10	12.95	13.20	12.56	13.18	5889491	77201624.00
2012/12/11	12.98	13.04	12.78	12.88	3724703	49164624.00
2012/12/12	12.83	12.91	12.62	12.73	2217554	29045954.00
2012/12/13	12.73	12.74	12.45	12.51	1953552	25192792.00
2012/12/14	12.47	13.07	12.42	12.94	3893995	51346260.00
2012/12/17	12.94	13.37	12.81	13.33	5463473	73327688.00
2012/12/18	13.28	13.76	13.24	13.42	5621183	77746632.00
2012/12/19	13.27	13.54	13.26	13.44	2466212	33923984.00
2012/12/20	13.44	13.44	13.19	13.35	1463726	19958286.00
2012/12/21	13.39	13.59	13.31	13.53	2141091	29483720.00
2012/12/24	13.52	13.78	13.36	13.66	2663645	37079640.00
2012/12/25	13.65	13.98	13.53	13.78	3810966	53896048.00
2012/12/26	13.85	14.02	13.75	13.97	2970124	42221516.00
2012/12/27	13.98	14.06	13.64	13.71	2544309	35871928.00
2012/12/28	13.63	13.80	13.47	13.74	1946526	27249870.00
2012/12/31	13.75	13.91	13.54	13.69	2314447	32420416.00
2013/01/04	13.82	13.97	13.35	13.55	2677745	37196880.00
2013/01/07	13.55	13.81	13.47	13.67	3843732	53865120.00
2013/01/08	13.69	14.22	13.67	14.16	7738272	110907320.00
2013/01/09	14.07	14.29	13.93	14.11	3804694	55033588.00
2013/01/10	14.07	14.34	13.94	14.17	2699300	39051628.00
2013/01/11	14.17	14.24	13.67	13.73	2808171	40016104.00
2013/01/14	13.73	14.21	13.72	14.20	4946098	71090776.00
2013/01/15	14.20	14.74	14.12	14.60	5326823	79203104.00
2013/01/16	14.58	15.27	14.48	15.09	7608024	116845736.00
2013/01/17	15.18	15.79	15.04	15.77	9575823	151081360.00
2013/01/18	15.56	16.47	15.45	16.18	7877449	128499352.00
2013/01/21	16.22	16.25	15.70	15.80	5197830	84149464.00
2013/01/22	15.83	15.99	15.46	15.59	5041377	80785696.00
2013/01/23	15.50	15.94	15.41	15.90	4089903	65590088.00
2013/01/24	15.89	15.89	15.20	15.23	3723940	58831632.00
2013/01/25	15.37	15.73	15.17	15.45	2358389	37388948.00
2013/01/28	15.45	15.97	15.45	15.96	2720100	43652880.00
2013/01/29	15.96	16.07	15.57	15.74	3301781	53076176.00
2013/01/30	15.79	15.97	15.35	15.85	9740476	155321824.00
2013/01/31	15.77	16.27	15.69	16.08	5153211	83893880.00
2013/02/01	16.09	16.09	15.74	15.77	2715793	43805424.00
2013/02/04	15.75	15.77	15.17	15.28	4003143	63257596.00
2013/02/05	15.23	15.27	14.86	15.16	3983402	61397132.00
2013/02/06	15.45	15.69	15.16	15.47	3103039	49045728.00
2013/02/07	15.45	16.06	15.42	16.03	3548990	57065396.00
2013/02/08	16.05	16.97	15.94	16.69	5351300	90582400.00
2013/02/18	16.69	16.84	16.48	16.50	3234484	54964120.00
2013/02/19	16.50	16.62	16.00	16.02	2787851	46148968.00
2013/02/20	15.95	17.15	15.88	17.13	5038860	85658768.00
2013/02/21	17.05	17.05	16.33	16.59	4642224	78830104.00
2013/02/22	16.52	16.77	16.37	16.57	2496124	42104988.00
2013/02/25	16.61	16.76	16.29	16.64	2607287	44136964.00
2013/02/26	16.79	17.27	16.46	16.47	4345811	74827320.00
2013/02/27	16.47	16.66	16.02	16.07	3439216	57102580.00
2013/02/28	16.26	16.53	16.09	16.49	2163709	36103900.00
2013/03/01	16.48	16.78	16.33	16.68	3686775	62341800.00
2013/03/04	16.63	16.92	16.17	16.32	4310770	72864232.00
2013/03/05	16.32	17.10	16.25	16.98	4105834	70393272.00
2013/03/06	17.07	17.56	16.92	17.32	5488006	96556144.00
2013/03/07	17.33	17.33	16.66	16.94	4166611	72112192.00
2013/03/08	16.94	17.15	16.56	16.62	2321456	39732480.00
2013/03/11	16.60	16.67	16.30	16.46	3297800	55344308.00
2013/03/12	16.55	16.55	15.67	15.86	3597331	58909980.00
2013/03/13	15.87	15.91	15.54	15.65	1629408	26164892.00
2013/03/14	15.67	16.11	15.67	15.93	2506046	40844864.00
2013/03/15	15.90	16.40	15.77	15.99	1989910	32758888.00
2013/03/18	15.92	16.24	15.65	15.77	1483481	24128016.00
2013/03/19	15.77	15.87	14.65	15.14	5915479	91361912.00
2013/03/20	15.13	15.63	15.00	15.58	3174978	49991552.00
2013/03/21	15.58	15.83	15.48	15.67	2402597	38474232.00
2013/03/22	15.67	16.12	15.57	16.02	3118999	50719144.00
2013/03/25	16.04	16.13	15.82	16.00	1706561	27866258.00
2013/03/26	16.00	16.44	15.68	16.11	3928520	64584780.00
2013/03/27	16.06	16.84	16.06	16.81	7187521	121376224.00
2013/03/28	16.57	16.74	16.34	16.52	4574800	77257312.00
2013/03/29	16.52	16.80	16.25	16.28	2876650	48509616.00
2013/04/01	16.45	16.53	16.03	16.49	2727029	45410004.00
2013/04/02	16.45	16.58	15.35	15.59	4744423	76591088.00
2013/04/03	15.61	15.91	15.51	15.58	1936878	31036750.00
2013/04/08	15.46	15.92	15.17	15.82	1769152	28274008.00
2013/04/09	15.84	15.86	15.52	15.61	1443253	23054484.00
2013/04/10	15.61	15.74	15.29	15.72	2173078	34421856.00
2013/04/11	15.69	15.76	15.60	15.64	1275207	20393728.00
2013/04/12	15.67	15.77	15.30	15.47	1898682	30061592.00
2013/04/15	15.46	15.46	14.92	14.94	2742172	42335240.00
2013/04/16	14.93	15.11	14.72	15.01	2259029	34463216.00
2013/04/17	15.02	15.20	14.76	15.17	2906573	44663744.00
2013/04/18	15.06	15.32	14.80	14.96	3077528	47049192.00
2013/04/19	14.95	15.69	14.95	15.59	4128368	64524652.00
2013/04/22	15.48	15.87	15.35	15.74	2728834	43391264.00
2013/04/23	15.77	15.77	14.88	15.09	2577723	40105472.00
2013/04/24	15.11	15.42	14.95	15.25	1577303	24446074.00
2013/04/25	15.30	16.17	15.07	15.84	5935979	95185080.00
2013/04/26	15.73	16.16	15.40	15.56	3011829	48253960.00
2013/05/02	15.32	15.53	14.98	15.44	3152324	49051248.00
2013/05/03	15.32	15.97	15.32	15.89	3710968	59905692.00
2013/05/06	15.89	16.52	15.89	16.26	5308224	88217952.00
2013/05/07	16.27	16.47	16.06	16.31	3194189	52917876.00
2013/05/08	16.35	16.44	16.17	16.40	2706951	45017952.00
2013/05/09	16.40	16.44	15.88	16.18	3310023	54421800.00
2013/05/10	16.25	16.91	16.07	16.75	7040716	119417968.00
2013/05/13	16.75	16.91	16.50	16.72	3634279	61739792.00
2013/05/14	16.67	16.76	16.24	16.66	2972630	49932600.00
2013/05/15	16.60	17.05	16.50	16.95	3473172	59533072.00
2013/05/16	16.69	16.98	16.64	16.80	3994010	68491024.00
2013/05/17	16.82	16.96	16.56	16.77	3435834	58665344.00
2013/05/20	16.84	16.84	16.15	16.45	6997580	116832648.00
2013/05/21	16.42	16.55	16.22	16.55	3139896	52459824.00
2013/05/22	16.55	16.56	16.16	16.23	5220790	87042688.00
2013/05/23	16.16	16.22	15.96	16.02	4031151	66056044.00
2013/05/24	16.05	16.26	16.00	16.21	2403005	39548116.00
2013/05/27	16.28	16.40	16.11	16.38	3286057	54471432.00
2013/05/28	16.36	16.74	16.19	16.68	4782710	80428472.00
2013/05/29	16.80	17.21	16.78	16.85	6547930	113362688.00
2013/05/30	16.87	17.35	16.87	17.16	7410182	129482088.00
2013/05/31	17.70	18.91	17.69	18.91	21507313	406813792.00
2013/06/03	19.03	19.54	18.72	19.26	21602160	420943648.00
2013/06/04	19.17	19.17	18.32	18.55	10736448	203502944.00
2013/06/05	18.57	19.04	18.00	19.03	11099761	209162576.00
2013/06/06	18.87	18.87	18.09	18.13	8099191	152238432.00
2013/06/07	18.14	18.31	17.48	17.68	6700777	121858320.00
2013/06/13	17.36	17.36	16.48	17.02	6448039	110829712.00
2013/06/14	16.97	17.56	16.86	17.39	6205684	109188208.00
2013/06/17	17.33	18.17	17.25	18.04	6255683	113330160.00
2013/06/18	18.07	18.16	17.57	17.79	4929065	89282928.00
2013/06/19	17.66	17.66	17.08	17.41	4369207	76968976.00
2013/06/20	17.30	17.72	16.78	16.80	5405468	94777192.00
2013/06/21	16.36	16.74	16.07	16.59	4604282	77160496.00
2013/06/24	16.63	16.63	15.15	15.68	5301100	85973808.00
2013/06/25	15.08	15.68	14.20	15.30	6507957	100341440.00
2013/06/26	15.42	15.67	15.08	15.63	5679105	89338600.00
2013/06/27	15.58	16.15	15.29	15.34	5537412	89114976.00
2013/06/28	15.27	15.55	14.82	15.47	3001775	46768240.00
2013/07/01	15.42	15.84	15.27	15.82	3389508	53965364.00
2013/07/02	15.87	16.35	15.68	16.32	5508028	90365792.00
2013/07/03	16.09	16.24	15.74	16.16	3954419	64719504.00
2013/07/04	15.97	16.30	15.88	16.04	3485850	57400104.00
2013/07/05	16.02	16.17	15.75	15.78	2945578	48174832.00
2013/07/08	15.52	15.52	14.72	14.86	3707544	57414824.00
2013/07/09	14.90	15.06	14.74	14.86	3454978	52634704.00
2013/07/10	14.96	15.30	14.75	15.30	3244465	49719656.00
2013/07/11	15.22	15.96	15.17	15.77	5628095	90051200.00
2013/07/12	15.79	16.02	15.65	15.67	5041359	81574800.00
2013/07/15	15.78	16.42	15.65	16.37	4555555	74219808.00
2013/07/16	16.33	16.50	16.17	16.36	3842348	63383408.00
2013/07/17	16.36	16.36	15.69	15.70	5453592	87979696.00
2013/07/18	15.72	15.94	15.59	15.73	4158496	66343236.00
2013/07/19	15.74	15.93	15.22	15.23	4772584	75745344.00
2013/07/22	15.08	16.09	15.01	16.04	3565994	56187008.00
2013/07/23	16.04	17.44	16.03	17.42	12712304	215264544.00
2013/07/24	17.19	17.49	16.98	17.36	6700870	116699840.00
2013/07/25	17.35	17.48	16.66	16.72	5440357	93097248.00
2013/07/26	16.73	17.13	16.28	16.66	5925275	99404184.00
2013/07/29	16.43	16.72	16.23	16.42	3192447	53056332.00
2013/07/30	16.47	16.61	15.83	16.04	5043878	82250328.00
2013/07/31	16.09	16.30	15.95	16.13	3019188	49310892.00
2013/08/01	16.12	16.65	16.06	16.63	4884150	81079832.00
2013/08/02	16.73	16.81	16.37	16.52	4089122	68365016.00
2013/08/05	16.36	17.22	16.27	17.06	6911580	117927424.00
2013/08/06	17.01	17.13	16.82	17.05	5508587	94402672.00
2013/08/07	16.98	17.43	16.86	16.92	6814996	117696816.00
2013/08/08	16.82	17.63	16.70	17.32	8294094	145221888.00
2013/08/09	17.33	17.49	16.90	17.17	5985392	104037400.00
2013/08/12	17.17	17.32	17.03	17.29	5139626	89276728.00
2013/08/13	17.33	17.40	17.10	17.13	3235401	56094380.00
2013/08/14	17.13	17.23	16.73	16.73	7136390	121379800.00
2013/08/15	16.72	16.81	16.42	16.44	4744856	79361136.00
2013/08/16	16.33	16.86	16.08	16.18	4963095	82574416.00
2013/08/19	16.04	16.52	16.03	16.51	3446354	56826324.00
2013/08/20	16.53	16.60	16.03	16.31	4260095	70174480.00
2013/08/21	16.29	16.33	16.03	16.28	2856724	46641120.00
2013/08/22	16.22	16.73	16.18	16.68	4412008	73705904.00
2013/08/23	16.66	16.76	16.01	16.33	3827205	63642544.00
2013/08/26	16.23	17.00	16.08	16.97	9803233	164003008.00
2013/08/27	16.90	17.01	16.70	16.94	5654503	96437312.00
2013/08/28	16.78	16.88	16.33	16.40	5653190	94834544.00
2013/08/29	16.54	16.63	16.13	16.16	4781382	78666872.00
2013/08/30	16.11	16.31	15.81	15.94	4818321	78179416.00
2013/09/02	15.83	16.11	15.83	16.07	3255665	52543804.00
2013/09/03	16.01	16.33	16.01	16.29	2712316	44454480.00
2013/09/04	16.31	16.33	16.13	16.20	2116217	34683952.00
2013/09/05	16.21	16.21	15.95	16.12	2772363	44948500.00
2013/09/06	16.11	16.17	16.01	16.12	2606159	42375408.00
2013/09/09	16.12	16.17	15.81	16.00	5925854	95477552.00
2013/09/10	16.00	16.00	15.59	15.73	8661154	137820528.00
2013/09/11	15.72	15.72	15.38	15.58	5323528	83516928.00
2013/09/12	15.53	15.76	15.45	15.71	3285178	52035292.00
2013/09/13	15.67	15.72	15.49	15.69	2689285	42383076.00
2013/09/16	15.69	15.98	15.64	15.87	3765597	60292568.00
2013/09/17	15.87	15.92	15.57	15.58	2272538	36076424.00
2013/09/18	15.52	15.69	15.52	15.66	1761360	27816284.00
2013/09/23	15.66	16.07	15.64	16.00	4225499	67893584.00
2013/09/24	15.98	15.98	15.74	15.91	3084903	49442508.00
2013/09/25	15.91	16.00	15.82	15.95	3464246	55739948.00
2013/09/26	15.92	16.27	15.84	16.10	5890064	95915112.00
2013/09/27	16.13	16.66	16.13	16.40	8443391	140376144.00
2013/09/30	16.49	16.59	16.18	16.44	5238576	86546936.00
2013/10/08	16.32	16.69	16.32	16.55	5188292	86853880.00
2013/10/09	16.52	16.70	16.42	16.52	4860641	81130304.00
2013/10/10	16.45	16.61	16.09	16.10	4809683	79104496.00
2013/10/11	16.16	16.33	16.14	16.26	3165888	51932996.00
2013/10/14	16.30	17.00	16.16	16.83	9760072	164720800.00
2013/10/15	17.23	18.02	17.22	17.32	17220468	304974944.00
2013/10/16	17.34	18.12	16.84	18.03	22575607	403384672.00
2013/10/17	18.28	18.63	17.54	17.71	17537635	320493024.00
2013/10/18	17.57	18.15	17.21	17.90	10469857	186557808.00
2013/10/21	17.85	19.33	17.69	19.23	21754631	412779968.00
2013/10/22	19.07	19.79	18.78	19.03	18374209	356755840.00
2013/10/23	18.94	19.12	18.33	18.49	9308932	175806640.00
2013/10/24	18.51	19.21	18.23	18.52	10975201	208914816.00
2013/10/25	18.43	18.43	17.51	17.67	10509767	189588624.00
2013/10/28	17.64	18.28	17.49	17.70	7956738	143811296.00
2013/10/29	17.70	17.92	16.64	17.29	8586498	149975216.00
2013/10/30	17.31	17.88	17.23	17.85	5369408	95417408.00
2013/10/31	17.63	17.78	17.33	17.46	4369892	77422320.00
2013/11/01	17.59	18.09	17.41	17.52	4822946	86141264.00
2013/11/04	17.42	17.53	17.08	17.26	3956546	69194240.00
2013/11/05	17.23	17.62	17.05	17.55	4535205	79276272.00
2013/11/06	17.50	17.52	16.93	16.95	5679024	98759664.00
2013/11/07	16.84	16.87	16.43	16.48	5632148	94667208.00
2013/11/08	16.45	16.52	16.10	16.19	4273769	70279848.00
2013/11/11	16.23	16.66	16.03	16.56	3574252	59128736.00
2013/11/12	16.32	17.42	16.32	17.02	5270290	89855192.00
2013/11/13	16.87	17.00	16.44	16.51	2828340	47693536.00
2013/11/14	16.52	17.12	16.51	16.97	3535399	60277724.00
2013/11/15	17.01	17.26	16.92	16.95	5201046	89847672.00
2013/11/18	17.21	17.72	17.18	17.62	6670074	117904216.00
2013/11/19	17.65	17.79	17.33	17.70	4880272	86701560.00
2013/11/20	17.66	17.78	17.39	17.58	3691589	65528020.00
2013/11/21	17.53	17.76	17.42	17.61	3847996	68379792.00
2013/11/22	17.64	17.71	16.98	17.03	5491230	95614280.00
2013/11/25	16.98	17.28	16.85	17.07	2331430	40193572.00
2013/11/26	17.05	17.13	16.79	17.06	2173190	37288808.00
2013/11/27	17.02	17.13	16.88	17.12	2378682	40923908.00
2013/11/28	17.17	17.45	17.06	17.25	3395317	59297284.00
2013/11/29	17.00	17.72	17.00	17.53	5121418	90468024.00
2013/12/02	17.04	17.43	16.74	16.84	4922764	84523184.00
2013/12/03	16.84	17.14	16.79	17.04	4368677	74697016.00
2013/12/04	17.03	17.58	16.98	17.47	6554264	114835680.00
2013/12/05	17.43	17.75	17.29	17.53	4671242	82862056.00
2013/12/06	17.53	17.71	17.30	17.51	3754565	66459472.00
2013/12/09	17.53	17.76	17.46	17.58	3272160	58010608.00
2013/12/10	17.82	17.82	17.22	17.30	4281360	75308984.00
2013/12/11	17.23	17.24	16.81	16.98	4343174	74497176.00
2013/12/12	16.96	17.12	16.86	17.01	2362814	40599292.00
2013/12/13	16.94	17.24	16.94	17.06	2132521	36848676.00
2013/12/16	16.99	17.16	16.43	16.45	3691885	62336940.00
2013/12/17	16.48	16.60	16.36	16.39	3382491	56254476.00
2013/12/18	16.41	16.91	16.39	16.70	3631161	61188484.00
2013/12/19	16.70	16.85	16.46	16.52	2009242	33772204.00
2013/12/20	16.51	16.73	16.34	16.53	2561215	42776236.00
2013/12/23	16.54	17.20	16.46	17.18	6626508	113505384.00
2013/12/24	17.03	17.12	16.75	16.96	2912095	49831480.00
2013/12/25	16.93	16.97	16.68	16.96	2370726	40380412.00
2013/12/26	16.93	17.15	16.54	16.59	2608730	44592504.00
2013/12/27	16.56	16.89	16.56	16.78	1942434	32823760.00
2013/12/30	16.88	17.00	16.72	16.75	1607731	27270932.00
2013/12/31	16.72	17.23	16.63	17.15	3982749	68294712.00
2014/01/02	17.11	17.32	17.01	17.22	4181973	72461192.00
2014/01/03	17.58	17.58	16.74	16.81	3942276	67525888.00
2014/01/06	16.64	16.73	16.03	16.07	3803869	62749920.00
2014/01/07	16.04	16.28	15.83	16.03	3465982	56206272.00
2014/01/08	16.08	16.27	15.88	16.11	2503485	40758700.00
2014/01/09	16.13	16.33	15.78	15.81	2891708	46964124.00
2014/01/10	15.72	15.87	15.43	15.48	2357969	37188856.00
2014/01/13	15.53	15.73	15.48	15.56	1288811	20288112.00
2014/01/14	15.56	15.78	15.41	15.77	2081222	32804080.00
2014/01/15	15.74	15.74	15.36	15.69	3899113	61123028.00
2014/01/16	15.67	15.88	15.48	15.53	3783283	59682112.00
2014/01/17	15.53	15.60	15.33	15.34	1997521	31148720.00
2014/01/20	15.31	15.45	15.13	15.22	2218954	34206552.00
2014/01/21	15.22	15.45	15.19	15.33	1864359	28851892.00
2014/01/22	15.33	15.76	15.33	15.73	2931191	46180820.00
2014/01/23	15.73	15.80	15.53	15.62	3293695	52171940.00
2014/01/24	15.62	15.92	15.52	15.84	2930828	46781616.00
2014/01/27	15.74	15.91	15.64	15.86	2031879	32435164.00
2014/01/28	15.84	15.93	15.54	15.76	2377768	37745792.00
2014/01/29	15.78	15.88	15.72	15.84	1699277	27143004.00
2014/01/30	15.79	15.91	15.70	15.71	1397325	22312092.00
2014/02/07	15.67	16.06	15.53	16.03	2085720	33479648.00
2014/02/10	16.07	16.38	16.02	16.34	4370299	71873272.00
2014/02/11	16.42	16.51	16.24	16.32	3333991	55146940.00
2014/02/12	16.37	16.47	16.09	16.47	3835069	63244916.00
2014/02/13	16.47	16.81	16.32	16.36	4683009	78495752.00
2014/02/14	16.33	16.95	16.23	16.89	6488022	109068872.00
2014/02/17	16.95	17.01	16.80	16.96	5579373	95299376.00
2014/02/18	16.95	16.98	16.71	16.79	4517263	76638624.00
2014/02/19	16.83	17.36	16.81	17.07	7344084	127340672.00
2014/02/20	17.17	17.33	16.70	16.72	5434194	93070512.00
2014/02/21	16.73	16.97	16.46	16.68	3104280	52482172.00
2014/02/24	16.63	16.96	16.31	16.95	5612941	94443632.00
2014/02/25	17.04	18.27	16.96	17.57	20517090	367727200.00
2014/02/26	17.48	17.86	17.16	17.80	11551368	205044384.00
2014/02/27	18.06	18.59	17.29	17.34	14692729	267166528.00
2014/02/28	17.35	17.83	16.89	17.52	8485845	148910224.00
2014/03/03	17.51	18.30	17.34	18.27	11216103	203890800.00
2014/03/04	18.16	18.16	17.73	17.96	7138689	129518632.00
2014/03/05	18.00	18.10	17.53	17.62	4676040	83681832.00
2014/03/06	17.63	18.47	17.46	18.22	9644602	176197200.00
2014/03/07	18.18	18.66	18.01	18.29	10511148	194729216.00
2014/03/10	18.08	18.10	17.01	17.10	7683821	136036448.00
2014/03/11	17.13	17.29	16.70	16.83	5083912	87042072.00
2014/03/12	16.83	17.15	16.53	16.97	4291174	73045880.00
2014/03/13	16.99	17.13	16.79	16.99	2666409	45638168.00
2014/03/14	16.96	17.17	16.66	17.04	2669538	45741384.00
2014/03/17	17.03	17.67	16.93	17.65	4944330	87366760.00
2014/03/18	17.63	17.78	17.33	17.39	4280715	75741960.00
2014/03/19	17.33	17.47	16.91	17.34	4078910	70485632.00
2014/03/20	17.28	17.40	16.58	16.64	4261129	73253280.00
2014/03/21	16.53	16.87	16.21	16.82	4642545	77524944.00
2014/03/24	16.76	16.98	16.66	16.96	3136209	53389904.00
2014/03/25	16.83	16.90	16.71	16.83	2450709	41549888.00
2014/03/26	16.93	17.33	16.93	17.02	4269944	73687912.00
2014/03/27	17.03	17.03	16.58	16.62	2851988	48344340.00
2014/03/28	16.49	16.64	15.79	15.93	7230862	117710736.00
2014/03/31	15.94	16.01	15.52	15.79	3362874	53375160.00
2014/04/01	15.79	16.08	15.68	16.06	1886270	30448788.00
2014/04/02	16.09	16.09	15.82	15.88	2290967	36793568.00
2014/04/03	15.93	16.01	15.83	15.89	1315574	21166054.00
2014/04/04	15.84	16.13	15.84	16.10	1965979	31879040.00
2014/04/08	16.10	16.34	16.01	16.29	2304417	37799384.00
2014/04/09	16.32	16.89	16.24	16.81	4744658	79079880.00
2014/04/10	16.71	16.89	16.63	16.70	3559051	60165660.00
2014/04/11	16.63	16.83	16.50	16.67	2735881	46005292.00
2014/04/14	16.63	16.80	16.63	16.73	2017758	34052376.00
2014/04/15	16.63	16.63	16.28	16.31	2488260	41301872.00
2014/04/16	16.13	16.36	16.03	16.22	2339303	38276840.00
2014/04/17	16.23	16.39	16.13	16.23	1219421	20031126.00
2014/04/18	16.23	16.32	16.05	16.28	1489984	24388402.00
2014/04/21	16.19	16.36	16.03	16.06	1859993	30375372.00
2014/04/22	16.03	16.12	15.79	16.11	2011149	32395764.00
2014/04/23	16.04	16.24	16.00	16.12	1257188	20473452.00
2014/04/24	16.11	16.14	15.83	15.93	1360403	21933362.00
2014/04/25	15.93	15.93	15.31	15.34	5864291	92139000.00
2014/04/28	15.36	15.47	15.23	15.24	2157642	33429212.00
2014/04/29	15.34	15.45	15.13	15.39	1733299	26808766.00
2014/04/30	15.39	15.60	15.34	15.54	1703883	26671360.00
2014/05/05	15.53	15.70	15.36	15.63	1665903	26215498.00
2014/05/06	15.64	15.77	15.53	15.62	1287676	20370496.00
2014/05/07	15.62	15.63	15.31	15.32	1607864	25110900.00
2014/05/08	15.28	15.47	15.14	15.21	2483352	38453924.00
2014/05/09	15.21	15.29	15.13	15.24	1664116	25576818.00
2014/05/12	15.44	15.61	15.24	15.61	2405330	37609380.00
2014/05/13	15.61	15.67	15.43	15.53	1790072	28130892.00
2014/05/14	15.57	15.63	15.44	15.50	1583574	24868542.00
2014/05/15	15.45	15.56	15.17	15.24	2238082	34812588.00
2014/05/16	15.21	15.29	14.85	15.00	3270376	49702916.00
2014/05/19	14.95	15.02	14.83	14.98	2114016	31917292.00
2014/05/20	14.96	15.16	14.88	14.96	1810022	27467720.00
2014/05/21	14.89	15.08	14.89	15.05	1837966	27855752.00
2014/05/22	15.02	15.22	14.93	15.02	3055161	46642404.00
2014/05/23	15.02	15.19	14.98	15.18	1706527	26067470.00
2014/05/26	15.23	15.49	15.18	15.45	2926295	45569588.00
2014/05/27	15.43	15.49	15.34	15.38	1747870	27207622.00
2014/05/28	15.38	15.50	15.23	15.48	2700239	42083792.00
2014/05/29	15.58	15.91	15.49	15.51	4521933	71758904.00
2014/05/30	15.53	15.60	15.34	15.46	2172714	33879424.00
2014/06/03	15.50	15.52	15.29	15.29	1972538	30691644.00
2014/06/04	15.32	15.33	14.88	14.99	3134401	47611628.00
2014/06/05	15.01	15.09	14.90	15.08	3203066	48552320.00
2014/06/06	15.05	15.44	14.99	15.42	4505079	69290552.00
2014/06/09	15.38	15.93	15.36	15.75	9807642	156133232.00
2014/06/10	15.72	15.78	15.48	15.68	4621368	72983552.00
2014/06/11	15.68	15.88	15.55	15.81	4301715	68345808.00
2014/06/12	15.79	16.08	15.60	16.04	6356287	101649232.00
2014/06/13	16.06	16.23	15.93	16.06	6035430	97965368.00
2014/06/16	16.03	16.16	15.78	15.98	6087241	97897144.00
2014/06/17	15.93	15.93	15.67	15.78	3943716	62836928.00
2014/06/18	15.68	15.81	14.99	15.22	10123271	156616624.00
2014/06/19	15.11	15.27	14.99	15.17	4066958	62190880.00
2014/06/20	15.13	15.27	15.11	15.21	1637329	25150798.00
2014/06/23	15.21	15.33	15.21	15.25	1866723	28811898.00
2014/06/24	15.21	15.31	15.11	15.28	1986404	30592164.00
2014/06/25	15.27	15.27	15.03	15.19	1593180	24404112.00
2014/06/26	15.19	15.41	15.18	15.38	2881636	44702416.00
2014/06/27	15.39	15.48	15.30	15.44	2648801	41237716.00
2014/06/30	15.44	15.55	15.39	15.54	2667957	41767908.00
2014/07/01	15.56	15.60	15.45	15.55	2379726	37331232.00
2014/07/02	15.55	15.59	15.43	15.54	2768158	43413956.00
2014/07/03	15.53	16.29	15.38	16.15	13122266	212320304.00
2014/07/04	16.08	16.12	15.89	15.90	5246649	84654088.00
2014/07/07	15.94	16.01	15.86	15.94	2782108	44754896.00
2014/07/08	15.97	16.08	15.70	15.89	3524356	56491524.00
2014/07/09	15.93	16.08	15.71	15.73	4252698	68480672.00
2014/07/10	15.73	15.97	15.67	15.83	3146167	50457512.00
2014/07/11	15.84	16.07	15.78	15.97	3209997	51877272.00
2014/07/14	16.09	16.38	16.02	16.14	5627258	91966456.00
2014/07/15	16.20	16.20	15.96	16.14	4163712	67659984.00
2014/07/16	16.10	16.22	15.99	16.10	3237587	52653112.00
2014/07/17	16.11	16.11	15.80	15.89	2458014	39514432.00
2014/07/18	15.83	16.11	15.79	15.95	2410203	38870796.00
2014/07/21	16.01	16.09	15.80	16.01	2476889	39580208.00
2014/07/22	15.93	16.13	15.89	16.10	2905709	46711188.00
2014/07/23	16.09	16.25	15.92	15.98	2971743	47745344.00
2014/07/24	15.88	16.10	15.86	16.01	3268299	52276824.00
2014/07/25	16.05	16.28	16.03	16.26	4566053	73853904.00
2014/07/28	16.39	16.50	16.28	16.43	6720690	110255504.00
2014/07/29	16.44	16.60	16.35	16.41	6073678	99974392.00
2014/07/30	16.39	16.69	16.34	16.60	6095142	100904984.00
2014/07/31	16.58	16.72	16.51	16.66	4182309	69462768.00
2014/08/01	16.70	16.93	16.30	16.46	7093282	118421328.00
2014/08/04	16.49	16.70	16.49	16.61	5127611	85037848.00
2014/08/05	16.65	16.79	16.53	16.75	4839038	80492648.00
2014/08/06	16.71	16.71	16.56	16.63	4525160	75241448.00
2014/08/07	16.63	16.69	16.34	16.37	4655428	76842600.00
2014/08/08	16.38	16.56	16.35	16.50	3297207	54312300.00
2014/08/11	16.50	16.70	16.50	16.70	4109913	68384864.00
2014/08/12	16.72	16.84	16.63	16.79	5254649	87987960.00
2014/08/13	16.78	16.79	16.48	16.65	4690702	78103928.00
2014/08/14	16.68	16.85	16.61	16.66	5489351	91951592.00
2014/08/15	16.62	16.86	16.61	16.82	5804395	97381720.00
2014/08/18	16.86	17.32	16.82	17.13	7299983	124834568.00
2014/08/19	17.17	18.00	17.14	17.67	11352244	197324352.00
2014/08/20	17.50	17.50	17.15	17.26	9581755	165739584.00
2014/08/21	17.27	17.35	16.92	17.13	6426951	109859512.00
2014/08/22	17.05	17.46	17.05	17.40	6463745	111789976.00
2014/08/25	17.41	17.43	17.08	17.17	4818931	83062688.00
2014/08/26	17.15	17.23	16.63	16.67	6506124	109886040.00
2014/08/27	16.68	17.04	16.59	17.00	6771398	113835160.00
2014/08/28	17.00	17.00	16.67	16.74	4609286	77635640.00
2014/08/29	16.63	17.27	16.63	17.11	4970354	84764680.00
2014/09/01	17.12	17.70	17.10	17.62	8884354	155253664.00
2014/09/02	17.79	17.79	17.51	17.69	6753494	119208200.00
2014/09/03	17.68	18.15	17.59	18.01	10656066	190944816.00
2014/09/04	18.01	18.10	17.82	17.98	5286270	94984008.00
2014/09/05	17.95	18.46	17.95	18.08	9062097	165408672.00
2014/09/09	18.09	19.00	18.08	18.88	14000618	261913952.00
2014/09/10	18.75	18.98	18.58	18.73	7601164	142428352.00
2014/09/11	18.73	18.99	18.35	18.52	8131861	152049040.00
2014/09/12	18.50	19.17	18.41	18.99	11299263	214406320.00
2014/09/15	18.90	19.37	18.75	18.86	6691562	127414896.00
2014/09/16	18.80	19.05	17.94	17.99	10367721	190970400.00
2014/09/17	18.05	18.35	17.94	18.17	7240291	131366736.00
2014/09/18	18.22	18.62	18.14	18.46	7009450	128934152.00
2014/09/19	18.48	18.78	18.35	18.63	4993207	92951920.00
2014/09/22	18.66	18.70	18.20	18.34	5499437	101449144.00
2014/09/23	18.27	19.36	18.27	19.33	9888992	186619824.00
2014/09/24	19.09	19.79	19.07	19.70	12721816	248777376.00
2014/09/25	19.70	20.00	19.30	19.65	9800744	192435040.00
2014/09/26	19.45	20.26	19.41	19.98	9559153	190857888.00
2014/09/29	20.00	20.15	19.74	19.97	8027209	159740080.00
2014/09/30	19.90	20.10	19.71	19.80	4885243	96939120.00
2014/10/08	19.88	21.08	19.88	20.90	10933213	225887616.00
2014/10/09	20.88	21.47	20.50	20.95	10459504	219541888.00
2014/10/10	20.90	22.20	20.71	21.61	11375140	245876560.00
2014/10/13	21.61	22.07	21.27	21.85	8462377	182434560.00
2014/10/14	21.71	21.82	20.83	21.08	8582605	183144752.00
2014/10/15	21.05	22.50	20.95	22.24	11106830	242554064.00
2014/10/16	22.01	22.76	21.26	21.38	10790714	236963584.00
2014/10/17	21.42	21.52	20.22	20.94	9522334	197630656.00
2014/10/20	20.93	21.65	20.93	21.16	6700853	142318208.00
2014/10/21	21.16	21.60	20.80	21.19	6259059	133275784.00
2014/10/22	21.05	21.67	20.73	20.97	7053263	150295760.00
2014/10/23	20.88	21.14	20.20	20.30	5833905	119771384.00
2014/10/24	20.32	20.98	20.20	20.75	5137652	105584128.00
2014/10/27	20.74	21.06	20.45	21.03	5811989	120980648.00
2014/10/28	20.95	21.50	20.91	21.42	7358069	156498880.00
2014/10/29	21.45	21.95	21.37	21.61	7209788	155975776.00
2014/10/30	21.55	22.33	21.54	21.62	7663316	168400880.00
2014/10/31	21.74	22.00	21.33	21.79	6883233	148488608.00
2014/11/03	21.76	21.78	21.04	21.31	8852112	189104448.00
2014/11/04	21.21	21.47	20.63	20.99	7966205	167758016.00
2014/11/05	20.90	21.94	20.90	21.89	8738096	188659104.00
2014/11/06	21.86	22.05	21.62	21.99	6018425	131452704.00
2014/11/07	22.02	22.41	21.57	21.60	7533608	165567968.00
2014/11/10	21.66	21.80	21.17	21.53	6026047	129105016.00
2014/11/11	21.70	21.79	20.72	20.96	6804800	143841648.00
2014/11/12	20.88	21.06	20.18	20.87	5678824	117346488.00
2014/11/13	20.62	20.87	20.45	20.49	4792442	98623040.00
2014/11/14	20.41	21.05	20.15	20.72	4592356	94918104.00
2014/11/17	20.96	21.16	20.50	20.83	4025151	84220680.00
2014/11/18	20.87	21.49	20.72	21.19	6051192	127824800.00
2014/11/19	21.20	21.80	21.01	21.73	6202273	133579056.00
2014/11/20	21.68	21.77	21.30	21.41	3723533	80156480.00
2014/11/21	21.50	22.18	21.39	21.73	8862000	193448704.00
2014/11/24	21.80	22.40	21.60	22.09	7979133	176092208.00
2014/11/25	22.08	23.29	22.00	23.02	9685513	221887600.00
2014/11/26	22.91	23.84	22.91	23.36	9266240	216324000.00
2014/11/27	23.37	23.94	23.21	23.30	9612228	226635216.00
2014/11/28	23.30	23.46	22.17	22.51	10331504	233292272.00
2014/12/01	22.53	22.98	22.00	22.20	8274120	185459920.00
2014/12/02	22.10	22.81	21.91	22.44	7295449	163269616.00
2014/12/03	22.47	22.60	22.00	22.33	6974418	154816208.00
2014/12/04	22.33	22.95	22.25	22.73	8660481	196369760.00
2014/12/05	22.70	22.73	21.78	21.80	8806864	194444304.00
2014/12/08	21.54	22.40	21.00	21.76	7609006	164472992.00
2014/12/09	21.75	21.76	20.31	20.69	14305024	300945888.00
2014/12/10	20.65	21.25	20.25	21.11	6843735	142977312.00
2014/12/11	21.11	21.24	20.79	21.11	5529678	116212416.00
2014/12/12	21.20	21.50	20.93	21.14	6382285	135322896.00
2014/12/15	21.15	22.94	21.12	22.89	13077103	289766784.00
2014/12/16	22.91	23.62	22.35	22.70	10370964	237260272.00
2014/12/17	22.68	22.68	21.83	22.30	6384360	141891408.00
2014/12/18	22.00	22.72	21.90	22.27	6138623	136839664.00
2014/12/19	22.30	22.30	21.44	21.82	6131458	133142528.00
2014/12/22	21.81	21.81	20.50	20.77	6409933	133921560.00
2014/12/23	20.74	21.38	20.54	20.80	3672456	77126864.00
2014/12/24	21.10	21.30	20.78	21.24	3649198	76831000.00
2014/12/25	21.28	21.83	21.11	21.34	3416033	73324360.00
2014/12/26	21.26	21.63	21.05	21.53	2999168	64048896.00
2014/12/29	21.50	21.50	20.15	20.76	7404398	154154544.00
2014/12/30	20.65	20.69	20.15	20.24	5339432	108469120.00
2014/12/31	20.25	20.48	19.34	20.28	9285633	184692768.00
2015/01/05	20.29	20.94	20.05	20.77	6654105	137041184.00
2015/01/06	20.77	22.02	20.45	21.77	11274882	242428960.00
2015/01/07	21.80	21.83	21.35	21.78	6040676	130242320.00
2015/01/08	21.77	21.96	21.07	21.47	4400322	94633296.00
2015/01/09	21.40	21.50	21.00	21.29	3474796	73846248.00
2015/01/12	21.00	21.29	20.51	20.73	2396273	49828680.00
2015/01/13	20.70	20.89	20.60	20.78	2482242	51528616.00
2015/01/14	20.83	20.99	20.36	20.50	3271904	67646456.00
2015/01/15	20.51	20.76	20.46	20.66	2808397	57818856.00
2015/01/16	20.55	20.76	20.50	20.69	3601072	74244960.00
2015/01/19	20.34	20.79	19.83	20.30	5841224	118626872.00
2015/01/20	20.21	20.96	20.21	20.91	4120530	85140672.00
2015/01/21	20.79	21.61	20.79	21.44	6356459	136292512.00
2015/01/22	21.53	21.63	21.26	21.45	4313591	92495000.00
2015/01/23	21.45	21.49	21.12	21.28	4333781	92119200.00
2015/01/26	21.35	21.94	21.31	21.88	6605176	143964400.00
2015/01/27	21.87	22.18	21.40	21.80	5332964	116225216.00
2015/01/28	21.72	21.85	21.55	21.75	3460756	75200352.00
2015/01/29	21.65	21.65	21.28	21.50	3091985	66395704.00
2015/01/30	21.45	21.68	21.30	21.40	2215022	47454388.00
2015/02/02	21.44	21.94	21.22	21.75	4401170	95534256.00
2015/02/03	21.85	22.10	21.68	21.76	3575395	77987096.00
2015/02/04	21.80	21.95	21.50	21.57	2472548	53579208.00
2015/02/05	21.66	21.80	21.31	21.43	2364617	50868128.00
2015/02/06	21.45	21.45	20.60	20.75	2779079	58408648.00
2015/02/09	20.76	20.76	20.35	20.44	2801645	57699304.00
2015/02/10	20.50	20.72	20.40	20.62	1878913	38706648.00
2015/02/11	20.75	20.90	20.50	20.60	2439050	50507888.00
2015/02/12	20.69	20.83	20.55	20.80	2936193	60872712.00
2015/02/13	20.95	21.59	20.77	21.37	5582670	118747080.00
2015/02/16	21.37	21.84	21.30	21.54	6834859	147458640.00
2015/02/17	21.58	21.90	21.47	21.57	5847538	126650128.00
2015/02/25	21.51	21.82	21.43	21.79	5268064	113932704.00
2015/02/26	21.80	21.89	21.60	21.82	3660732	79577296.00
2015/02/27	21.82	21.89	21.50	21.62	5373128	116206656.00
2015/03/02	21.65	22.77	21.50	22.54	15816620	351750304.00
2015/03/03	22.45	23.53	22.27	23.02	16363780	378545792.00
2015/03/04	23.26	25.30	23.09	24.89	22457281	547287104.00
2015/03/05	24.80	25.35	24.32	24.61	13046938	321762784.00
2015/03/06	24.50	24.50	23.69	23.73	10546952	253332160.00
2015/03/09	23.76	26.10	23.71	26.10	25036096	642351040.00
2015/03/10	26.15	27.35	25.92	26.59	23960648	636922240.00
2015/03/11	26.65	26.89	25.75	26.18	11680668	305249728.00
2015/03/12	26.00	26.72	25.71	26.08	11113214	291174048.00
2015/03/13	25.93	26.58	25.45	26.42	9755306	254038976.00
2015/03/16	26.40	27.45	26.40	27.02	12211154	329416032.00
2015/03/17	27.02	27.17	26.20	26.65	13002573	345904128.00
2015/03/18	26.29	26.65	26.06	26.63	11984848	315388288.00
2015/03/19	26.50	26.50	26.00	26.11	10263215	268218912.00
2015/03/20	26.00	26.88	25.86	26.13	9029863	238087824.00
2015/03/23	26.08	26.76	25.90	26.35	10411702	273959936.00
2015/03/24	26.32	28.97	26.08	28.84	20050174	550427264.00
2015/03/25	28.80	29.97	28.05	29.21	15718481	455281312.00
2015/03/26	29.00	29.58	28.15	28.28	9715000	278040128.00
2015/03/27	28.10	29.29	28.09	28.73	7177970	205745680.00
2015/03/30	28.74	29.24	28.50	28.80	6422412	184455344.00
2015/03/31	28.91	29.78	28.50	29.29	8832860	257328672.00
2015/04/01	29.29	30.94	29.20	30.48	9789280	297360832.00
2015/04/02	30.50	31.54	29.84	30.37	8046002	245722080.00
2015/04/03	30.29	30.43	29.70	29.90	6992256	209602240.00
2015/04/07	29.89	31.18	29.80	30.87	9880232	302110112.00
2015/04/08	30.75	31.09	29.60	29.72	8312245	249954592.00
2015/04/09	29.72	29.76	27.18	28.44	10424123	294244320.00
2015/04/10	28.20	29.45	27.90	29.08	8584595	247092912.00
2015/04/13	29.12	30.95	28.83	30.67	11876747	359224224.00
2015/04/14	30.79	30.85	29.45	29.71	9810019	295135232.00
2015/04/15	29.40	29.50	28.10	28.36	7315524	210495536.00
2015/04/16	28.20	29.58	27.40	28.77	6545369	188063392.00
2015/04/17	28.90	29.34	28.22	28.82	8308512	237711312.00
2015/04/20	28.63	28.80	27.50	27.89	7262995	205129712.00
2015/04/21	28.30	28.96	27.85	28.83	9005418	256907648.00
2015/04/22	29.16	29.98	29.16	29.60	8958594	265465488.00
2015/04/23	29.63	30.85	29.36	30.66	13587888	410754368.00
2015/04/24	30.62	31.45	30.13	31.02	11929649	368440320.00
2015/04/27	31.50	32.23	30.30	30.33	13811713	431000576.00
2015/04/28	30.21	30.80	28.87	29.00	9593821	282482368.00
2015/04/29	28.62	29.59	28.60	29.23	5019313	146479536.00
2015/04/30	29.58	29.59	28.63	29.26	8303151	241686464.00
2015/05/05	30.30	30.30	30.30	30.30	0	0.00
数据来源:通达信
