600229 青岛碱业 日线 前复权
      日期	    开盘	    最高	    最低	    收盘	    成交量	    成交额
2011/10/10	7.16	7.23	7.05	7.15	7279093	51946232.00
2011/10/11	7.37	7.53	7.13	7.28	13889682	102046120.00
2011/10/12	7.23	7.66	7.05	7.60	19654974	147066000.00
2011/10/13	7.51	7.74	7.45	7.60	14339792	108920384.00
2011/10/14	7.59	8.00	7.51	7.72	18817585	146290688.00
2011/10/17	7.68	7.75	7.51	7.61	13337504	101712976.00
2011/10/18	7.52	7.54	7.12	7.13	13332615	97190144.00
2011/10/19	7.14	7.28	7.06	7.18	8042735	57840328.00
2011/10/20	7.15	7.15	6.80	6.88	9630766	66700104.00
2011/10/21	6.82	6.92	6.54	6.59	6700575	44811056.00
2011/10/24	6.62	6.89	6.35	6.83	9809793	65236264.00
2011/10/25	6.75	7.10	6.75	7.00	11463288	79680440.00
2011/10/26	6.89	7.08	6.85	6.98	10878510	75932720.00
2011/10/27	6.98	7.10	6.90	6.97	9318509	65110008.00
2011/10/28	7.05	7.14	6.99	7.11	13451587	95062216.00
2011/10/31	7.06	7.19	7.05	7.11	9253365	65794748.00
2011/11/01	7.01	7.28	6.98	7.25	16043995	115058016.00
2011/11/02	7.09	7.25	7.01	7.20	13457232	96057528.00
2011/11/03	7.21	7.40	7.15	7.22	16218895	118000456.00
2011/11/04	7.24	7.34	7.18	7.28	11071631	80361696.00
2011/11/07	7.27	7.65	7.21	7.40	24460580	182218256.00
2011/11/08	7.33	7.58	7.31	7.40	18447698	137553696.00
2011/11/09	7.36	7.43	7.08	7.35	16245825	117741208.00
2011/11/10	7.22	7.39	7.12	7.17	10867018	78864520.00
2011/11/11	7.19	7.22	7.01	7.06	11026052	78100712.00
2011/11/14	7.10	7.22	7.09	7.21	9771482	70034592.00
2011/11/15	7.21	7.36	7.15	7.33	13062446	94928048.00
2011/11/16	7.30	7.88	7.29	7.73	50427379	384363392.00
2011/11/17	7.61	7.93	7.42	7.87	40451386	310979552.00
2011/11/18	7.70	7.98	7.64	7.87	36048002	281684512.00
2011/11/21	7.80	8.03	7.71	7.92	24518555	193537312.00
2011/11/22	7.81	8.17	7.52	8.06	36382200	286455968.00
2011/11/23	8.26	8.26	7.72	7.74	31604282	252447408.00
2011/11/24	7.54	7.92	7.52	7.89	20206973	156067488.00
2011/11/25	7.82	7.96	7.63	7.65	16484259	128508512.00
2011/11/28	7.61	7.77	7.50	7.68	11225392	86003568.00
2011/11/29	7.76	8.45	7.68	8.40	55004688	450257120.00
2011/11/30	8.20	8.68	8.06	8.49	70530254	590388288.00
2011/12/01	8.65	9.18	8.33	8.79	74091794	644376832.00
2011/12/02	8.75	8.75	8.16	8.26	38109410	321046592.00
2011/12/05	8.20	8.56	8.14	8.22	27078871	226321648.00
2011/12/06	8.09	8.10	7.58	7.88	25511026	199663856.00
2011/12/07	7.80	8.14	7.66	8.11	26022263	205378240.00
2011/12/08	8.12	8.38	7.85	8.21	27401067	223441904.00
2011/12/09	8.05	8.21	7.85	7.89	14850704	118987992.00
2011/12/12	7.87	8.09	7.63	7.65	16495378	129224528.00
2011/12/13	7.45	7.45	6.89	6.90	25330750	178555936.00
2011/12/14	6.72	6.94	6.40	6.57	15484118	103285344.00
2011/12/15	6.53	6.65	6.45	6.54	11701523	76855504.00
2011/12/16	6.57	6.75	6.28	6.72	14118741	92437672.00
2011/12/19	6.66	6.66	6.30	6.52	11351127	73607008.00
2011/12/20	6.48	6.79	6.45	6.62	14393648	95829024.00
2011/12/21	6.70	6.74	6.31	6.32	12324567	80463496.00
2011/12/22	6.00	6.18	5.70	5.95	12935841	76402032.00
2011/12/23	5.86	6.09	5.82	5.93	8745888	52398368.00
2011/12/26	5.86	6.15	5.86	6.06	9281033	55824472.00
2011/12/27	6.02	6.04	5.68	5.71	8040111	47094968.00
2011/12/28	5.60	5.70	5.43	5.64	9185237	50979256.00
2011/12/29	5.61	5.75	5.55	5.56	6551936	36947388.00
2011/12/30	5.61	5.71	5.55	5.69	6879999	38898184.00
2012/01/04	5.75	5.81	5.44	5.45	7548903	42867756.00
2012/01/05	5.45	5.49	4.95	5.01	9691886	50048176.00
2012/01/06	5.00	5.14	4.87	5.08	7141810	35660256.00
2012/01/09	5.09	5.46	5.00	5.41	11830647	62382496.00
2012/01/10	5.41	5.95	5.35	5.95	29918215	172382224.00
2012/01/11	5.88	6.20	5.81	6.17	29634040	178148976.00
2012/01/12	6.08	6.65	6.02	6.10	27838802	174657632.00
2012/01/13	5.99	6.11	5.83	5.99	19932839	118771568.00
2012/01/16	5.87	5.96	5.73	5.83	8107224	47246692.00
2012/01/17	5.88	6.24	5.83	6.19	24476897	148065056.00
2012/01/18	6.19	6.27	5.97	6.03	20004112	122515792.00
2012/01/19	6.04	6.12	5.92	6.08	10186749	61511288.00
2012/01/20	6.11	6.15	5.92	5.94	11658703	69898272.00
2012/01/30	5.96	5.97	5.80	5.84	6271652	36955896.00
2012/01/31	5.85	5.96	5.81	5.94	5564599	32849852.00
2012/02/01	5.90	6.04	5.88	5.90	7144512	42489212.00
2012/02/02	5.95	6.03	5.84	6.02	8063685	47889132.00
2012/02/03	5.97	6.47	5.97	6.32	25394867	158485568.00
2012/02/06	6.35	6.95	6.22	6.95	54694494	367115904.00
2012/02/07	6.80	6.97	6.77	6.93	32608620	223734144.00
2012/02/08	6.87	7.55	6.82	7.51	63349427	461541312.00
2012/02/15	7.52	7.85	7.29	7.51	58971883	444704640.00
2012/02/16	7.51	7.64	7.35	7.47	40236018	302339872.00
2012/02/17	7.40	7.51	7.15	7.31	25552221	187152320.00
2012/02/20	7.35	7.50	7.16	7.18	30595328	224494944.00
2012/02/21	7.16	7.44	7.06	7.35	26985054	195992656.00
2012/02/22	7.30	7.44	7.23	7.39	25229670	185066640.00
2012/02/23	7.40	7.40	7.21	7.25	21437202	156458352.00
2012/02/24	7.22	7.41	7.20	7.36	21381487	156107232.00
2012/02/27	7.41	7.80	7.34	7.42	40359380	304167328.00
2012/02/28	7.30	7.39	7.12	7.20	19989730	144612176.00
2012/02/29	7.21	7.62	7.21	7.24	20844908	154215216.00
2012/03/01	7.14	7.30	7.06	7.24	11041449	79509384.00
2012/03/02	7.24	7.40	7.24	7.38	15634622	114760352.00
2012/03/05	7.43	7.58	7.40	7.51	22962583	171991872.00
2012/03/06	7.51	7.53	7.23	7.30	13791004	101138384.00
2012/03/07	7.13	7.32	7.11	7.16	12897465	92852344.00
2012/03/08	7.18	7.35	7.18	7.27	10154177	73714424.00
2012/03/09	7.31	7.70	7.26	7.55	29209135	219214560.00
2012/03/12	7.50	7.76	7.41	7.67	29193700	221478832.00
2012/03/13	7.61	8.44	7.51	8.44	66111992	541535296.00
2012/03/14	8.49	8.88	8.01	8.28	85871809	724590016.00
2012/03/15	8.21	8.46	8.02	8.21	48930061	405917984.00
2012/03/16	8.06	8.35	7.75	8.10	38670690	311288000.00
2012/03/19	8.10	8.25	7.88	8.18	23627675	191601648.00
2012/03/20	8.10	8.13	7.66	7.69	22027565	173602448.00
2012/03/21	7.75	7.94	7.50	7.88	21306381	165096976.00
2012/03/22	7.81	7.86	7.65	7.69	11972352	92686888.00
2012/03/23	7.66	7.66	7.21	7.22	17444755	129084368.00
2012/03/26	7.21	7.28	6.86	7.05	14142735	100062520.00
2012/03/27	7.13	7.23	7.05	7.14	11287081	80528504.00
2012/03/28	7.08	7.08	6.59	6.64	11908555	81259416.00
2012/03/29	6.58	6.59	6.25	6.36	12520108	80509160.00
2012/03/30	6.36	6.48	6.27	6.43	8302317	53068012.00
2012/04/05	6.48	6.75	6.41	6.75	11687412	77374080.00
2012/04/06	6.71	6.90	6.68	6.80	11553597	78540512.00
2012/04/09	6.65	6.68	6.50	6.52	10909335	71759544.00
2012/04/10	6.35	6.45	6.06	6.42	16291877	101789248.00
2012/04/11	6.25	7.06	6.19	7.06	28818984	195020304.00
2012/04/12	7.07	7.27	6.90	7.20	27629760	196870288.00
2012/04/13	7.17	7.49	7.11	7.25	35392593	257262160.00
2012/04/16	7.10	7.15	6.92	7.01	19913971	139779104.00
2012/04/17	6.95	7.04	6.85	6.93	11494175	79739880.00
2012/04/18	6.94	7.15	6.94	7.13	14380631	101657912.00
2012/04/19	7.09	7.19	7.05	7.10	10503234	74690088.00
2012/04/20	7.11	7.29	7.00	7.20	17765911	127333968.00
2012/04/23	7.15	7.43	7.10	7.18	20005283	145230992.00
2012/04/24	7.10	7.24	6.62	6.95	15725191	108996000.00
2012/04/25	6.87	7.10	6.75	7.00	13650386	94848368.00
2012/04/26	6.93	7.17	6.92	6.97	10224784	72001928.00
2012/05/02	6.60	6.90	6.60	6.66	17893244	119899528.00
2012/05/03	6.63	6.63	6.34	6.48	16869581	108748464.00
2012/05/04	6.40	6.63	6.40	6.58	10765516	70635976.00
2012/05/07	6.56	6.61	6.45	6.58	7307483	47701308.00
2012/05/08	6.60	7.24	6.56	7.03	28868036	200995088.00
2012/05/09	6.89	7.15	6.79	7.05	21562609	150636320.00
2012/05/10	7.04	7.20	6.95	6.99	15501361	109624224.00
2012/05/11	6.97	7.10	6.78	6.79	10493480	72627136.00
2012/05/14	6.85	6.97	6.70	6.79	7490443	51204584.00
2012/05/15	6.69	6.92	6.64	6.90	8545155	58329824.00
2012/05/16	6.94	7.49	6.88	7.12	31763148	230272560.00
2012/05/17	7.12	7.48	6.98	7.40	37594124	273281440.00
2012/05/18	7.45	7.88	7.30	7.34	48319009	366567776.00
2012/05/21	7.28	7.32	6.69	6.84	29314746	203544160.00
2012/05/22	6.82	7.12	6.75	7.07	18252677	126733984.00
2012/05/23	6.98	7.12	6.81	7.04	16093702	112386456.00
2012/05/24	7.05	7.16	6.90	6.96	13898709	98149680.00
2012/05/25	6.90	7.09	6.76	6.92	14418479	99262832.00
2012/05/28	6.81	7.06	6.75	7.02	12018510	83318824.00
2012/05/29	7.03	7.35	6.95	7.29	22966987	164240480.00
2012/05/30	7.25	7.32	7.12	7.16	14852413	107014608.00
2012/05/31	7.12	7.38	7.05	7.35	18151287	131869712.00
2012/06/01	7.30	7.50	7.18	7.22	16588878	121470224.00
2012/06/04	7.05	7.17	6.91	6.92	12195319	86148048.00
2012/06/05	6.87	7.04	6.87	6.92	7974831	55409128.00
2012/06/06	6.97	7.05	6.61	6.71	11608333	79143376.00
2012/06/07	6.78	6.90	6.56	6.64	8961172	60252388.00
2012/06/08	6.75	6.75	6.53	6.54	5844662	38687680.00
2012/06/11	6.55	6.68	6.50	6.67	4576071	30271656.00
2012/06/12	6.65	6.70	6.58	6.64	4638866	30777684.00
2012/06/13	6.69	6.78	6.63	6.78	6926083	46499380.00
2012/06/14	6.76	6.90	6.66	6.67	7810886	52919556.00
2012/06/15	6.69	6.69	6.37	6.51	13286187	86543768.00
2012/06/18	6.50	6.57	6.47	6.52	7171214	46692580.00
2012/06/19	6.54	6.54	6.37	6.38	6889591	44147560.00
2012/06/20	6.41	6.44	6.34	6.38	3835398	24433788.00
2012/06/21	6.37	6.37	6.17	6.19	4944478	30784828.00
2012/06/25	6.17	6.18	5.93	5.97	5443207	32892856.00
2012/06/26	5.96	5.98	5.65	5.92	5761547	33587736.00
2012/06/27	5.91	6.03	5.81	5.84	5520318	32716910.00
2012/06/28	5.84	5.94	5.65	5.69	4086933	23814420.00
2012/06/29	5.64	5.80	5.56	5.77	4282827	24300920.00
2012/07/02	5.79	5.95	5.79	5.86	3830582	22468680.00
2012/07/03	5.87	5.96	5.82	5.87	4302981	25364988.00
2012/07/04	5.87	5.92	5.71	5.76	3879806	22443480.00
2012/07/05	5.74	5.74	5.51	5.52	4384969	24462404.00
2012/07/06	5.62	5.66	5.45	5.64	4038086	22509296.00
2012/07/09	5.62	5.67	5.47	5.49	3378297	18835346.00
2012/07/10	5.30	5.30	5.01	5.12	6803757	35102048.00
2012/07/11	5.09	5.46	5.04	5.36	7204223	37975828.00
2012/07/12	5.25	5.40	5.20	5.34	5369390	28475652.00
2012/07/13	5.30	5.44	5.26	5.30	3904398	20910880.00
2012/07/16	5.30	5.30	5.00	5.05	4954230	25439540.00
2012/07/17	5.05	5.27	5.02	5.20	4400114	22780680.00
2012/07/18	5.16	5.29	5.08	5.27	5753817	29883126.00
2012/07/19	5.27	5.44	5.23	5.35	8909058	47698884.00
2012/07/20	5.35	5.42	5.29	5.32	5517290	29536770.00
2012/07/23	5.20	5.31	5.19	5.24	3503804	18336224.00
2012/07/24	5.24	5.36	5.20	5.36	4417153	23413902.00
2012/07/25	5.36	5.36	5.21	5.23	4000565	21084510.00
2012/07/26	5.22	5.30	5.12	5.17	3640631	18979144.00
2012/07/27	5.25	5.28	5.12	5.25	3932694	20507420.00
2012/07/30	5.24	5.28	5.04	5.07	4034260	20648632.00
2012/07/31	5.08	5.11	4.88	4.95	3978318	19708552.00
2012/08/01	4.95	5.06	4.95	5.04	2777793	13944364.00
2012/08/02	5.00	5.05	4.89	4.94	3021872	14951189.00
2012/08/03	4.97	5.23	4.94	5.15	5510577	28118892.00
2012/08/06	5.09	5.29	5.06	5.27	6094508	31669538.00
2012/08/07	5.25	5.76	5.22	5.50	14613744	79846016.00
2012/08/08	5.48	6.05	5.45	6.05	41131188	242812192.00
2012/08/09	6.05	6.66	5.91	6.66	44318020	277778016.00
2012/08/10	6.66	6.80	6.50	6.51	45858027	304379744.00
2012/08/13	6.54	6.65	6.42	6.45	16371048	106609280.00
2012/08/14	6.38	6.56	6.06	6.46	16239426	103414448.00
2012/08/15	6.37	6.63	6.35	6.43	10317134	67024264.00
2012/08/16	6.42	6.49	6.23	6.43	9386146	59851864.00
2012/08/17	6.40	6.74	6.38	6.61	27654402	182801920.00
2012/08/20	6.47	7.27	6.31	7.27	65891754	457692480.00
2012/08/21	7.26	7.32	6.83	6.94	71472975	501669216.00
2012/08/22	6.90	6.90	6.26	6.45	46989873	306081504.00
2012/08/23	6.29	6.43	6.17	6.29	25721408	161743760.00
2012/08/24	6.24	6.25	6.06	6.07	18924704	116092072.00
2012/08/27	6.00	6.00	5.74	5.76	16355696	95792936.00
2012/08/28	5.70	5.86	5.69	5.78	11489661	66553312.00
2012/08/29	5.78	5.78	5.52	5.53	11950811	67533592.00
2012/08/30	5.54	5.69	5.36	5.58	13500899	75010256.00
2012/08/31	5.55	5.68	5.46	5.62	10451257	58266860.00
2012/09/03	5.60	5.77	5.52	5.75	11820209	67250280.00
2012/09/04	5.77	5.77	5.52	5.53	10494899	59097540.00
2012/09/05	5.47	5.66	5.46	5.60	7017472	39149204.00
2012/09/06	5.60	5.68	5.54	5.68	8251666	46461632.00
2012/09/07	5.72	6.04	5.70	5.84	21520100	126259592.00
2012/09/10	5.85	6.03	5.79	5.94	16451279	97254248.00
2012/09/11	5.88	6.12	5.81	6.10	23495610	140533936.00
2012/09/12	6.10	6.21	6.02	6.13	20008941	122225744.00
2012/09/13	6.12	6.15	5.79	5.80	16496036	98454424.00
2012/09/14	5.81	5.95	5.65	5.82	12815658	74616928.00
2012/09/17	5.81	6.40	5.71	6.40	54835672	340658720.00
2012/09/18	6.29	6.49	6.24	6.43	48667645	310255520.00
2012/09/19	6.36	6.39	6.24	6.28	16571726	104407952.00
2012/09/20	6.24	6.25	6.05	6.14	17903714	109904208.00
2012/09/21	6.06	6.51	6.03	6.28	27034179	171339312.00
2012/09/24	6.20	6.37	6.06	6.34	12793551	80111448.00
2012/09/25	6.32	6.66	6.22	6.26	35532572	229163904.00
2012/09/26	6.08	6.25	5.94	6.05	16936356	102959096.00
2012/09/27	6.05	6.35	6.02	6.20	28270259	174913280.00
2012/09/28	6.10	6.82	6.08	6.82	61672136	403594592.00
2012/10/08	6.77	6.92	6.71	6.84	53923745	367701120.00
2012/10/09	6.80	7.52	6.72	7.47	58975564	423733184.00
2012/10/10	7.35	7.52	7.10	7.47	71661221	525503264.00
2012/10/11	7.32	7.55	7.20	7.21	65368413	480872928.00
2012/10/12	7.13	7.55	6.95	7.48	60606860	441276640.00
2012/10/15	7.35	7.43	7.16	7.40	41424664	301923488.00
2012/10/16	7.33	7.55	7.24	7.36	40618468	298523456.00
2012/10/17	7.26	7.41	7.01	7.31	46878284	338808672.00
2012/10/18	7.27	7.28	6.96	7.01	40566954	286589952.00
2012/10/19	6.87	6.96	6.75	6.77	22386834	153291584.00
2012/10/22	6.69	7.00	6.60	6.88	26480143	182449008.00
2012/10/23	6.75	6.90	6.71	6.78	15007047	102245104.00
2012/10/24	6.72	6.83	6.69	6.74	11551873	78106480.00
2012/10/25	6.72	6.82	6.33	6.36	17964633	118143704.00
2012/10/26	6.33	6.66	6.33	6.47	31012939	202771232.00
2012/10/29	6.36	6.55	6.34	6.42	19686148	126934160.00
2012/10/30	6.36	6.40	6.09	6.25	18191813	112951856.00
2012/10/31	6.25	6.26	6.15	6.24	8224303	51008008.00
2012/11/01	6.22	6.59	6.22	6.49	22075745	142078032.00
2012/11/02	6.43	6.57	6.41	6.51	14567862	94810032.00
2012/11/05	6.55	6.74	6.39	6.40	14605500	95813112.00
2012/11/06	6.40	6.45	6.13	6.26	11662926	72914320.00
2012/11/07	6.26	6.37	6.20	6.32	6882405	43407616.00
2012/11/08	6.28	6.28	6.09	6.10	9328213	57452136.00
2012/11/09	6.04	6.12	5.92	5.95	7619623	45794292.00
2012/11/12	6.00	6.12	5.96	6.06	4828691	29217856.00
2012/11/13	6.01	6.12	5.90	5.91	6012982	36239212.00
2012/11/14	5.92	5.93	5.72	5.83	6381834	37044680.00
2012/11/15	5.76	5.87	5.63	5.65	5181471	29781800.00
2012/11/16	5.65	5.72	5.56	5.69	5433830	30761940.00
2012/11/19	5.69	5.89	5.62	5.85	5889828	34020488.00
2012/11/20	5.85	5.89	5.70	5.73	4883028	28404928.00
2012/11/21	5.80	6.00	5.76	5.90	8564084	50447032.00
2012/11/22	5.90	5.99	5.82	5.90	6892801	40771956.00
2012/11/23	5.91	5.94	5.81	5.83	4969780	29165428.00
2012/11/26	5.82	5.82	5.62	5.63	5162008	29368184.00
2012/11/27	5.63	5.63	5.36	5.38	5665990	30814796.00
2012/11/28	5.44	5.44	5.06	5.17	7708132	39954052.00
2012/11/29	5.25	5.27	5.11	5.16	6533656	34035260.00
2012/11/30	5.13	5.32	5.13	5.27	5726209	30067436.00
2012/12/03	5.24	5.32	5.07	5.11	4876974	25376778.00
2012/12/04	5.08	5.30	4.98	5.28	7247132	37392684.00
2012/12/05	5.24	5.59	5.24	5.49	10607416	57758028.00
2012/12/06	5.47	5.59	5.39	5.44	7196647	39429512.00
2012/12/07	5.47	5.86	5.42	5.76	15814904	89304176.00
2012/12/10	5.70	5.93	5.68	5.81	14375432	83388672.00
2012/12/11	5.81	5.83	5.60	5.66	11017211	62820416.00
2012/12/12	5.65	5.74	5.60	5.71	7138729	40496768.00
2012/12/13	5.67	5.88	5.62	5.63	10459344	60118256.00
2012/12/14	5.64	5.88	5.64	5.85	15022193	87182720.00
2012/12/17	5.85	5.93	5.81	5.88	12801110	75226088.00
2012/12/18	5.91	6.16	5.85	5.89	18746965	112604528.00
2012/12/19	5.79	5.92	5.76	5.86	10167776	59222684.00
2012/12/20	5.88	6.07	5.79	6.00	15972080	94976656.00
2012/12/21	6.00	6.04	5.86	5.89	11601858	68761472.00
2013/03/22	6.48	6.48	6.01	6.18	46644681	291801344.00
2013/03/25	6.08	6.16	5.78	5.82	32099264	190838560.00
2013/03/26	5.73	5.76	5.56	5.65	18125929	102582608.00
2013/03/27	5.66	5.74	5.62	5.71	11263500	63989960.00
2013/03/28	5.67	5.67	5.40	5.41	11601195	63413500.00
2013/03/29	5.44	5.47	5.35	5.36	7849505	42431744.00
2013/04/01	5.33	5.42	5.32	5.41	8339306	44828432.00
2013/04/02	5.38	5.79	5.37	5.65	25334913	142401296.00
2013/04/03	5.62	5.73	5.42	5.49	12719577	70687744.00
2013/04/08	5.45	5.48	5.21	5.41	9544997	51021268.00
2013/04/09	5.40	5.58	5.38	5.50	11899650	65358896.00
2013/04/10	5.49	5.49	5.32	5.42	7753682	41827304.00
2013/04/11	5.42	5.56	5.36	5.50	14608987	80045864.00
2013/04/12	5.48	5.54	5.23	5.30	9315405	50317908.00
2013/04/15	5.28	5.40	5.23	5.24	4951937	26359372.00
2013/04/16	5.19	5.34	5.13	5.31	5121002	27032118.00
2013/04/17	5.32	5.36	5.19	5.29	6018099	31676098.00
2013/04/18	5.26	5.33	5.21	5.32	4720711	24910212.00
2013/04/19	5.29	5.39	5.29	5.38	10417364	55806184.00
2013/04/22	5.34	5.36	5.20	5.23	8752176	46048992.00
2013/04/23	5.25	5.26	5.03	5.04	9027876	46329896.00
2013/04/24	5.04	5.18	5.03	5.14	6323275	32329228.00
2013/04/25	5.14	5.32	5.03	5.11	11112218	57563236.00
2013/04/26	5.11	5.14	4.98	5.03	7298706	36921596.00
2013/05/02	5.01	5.10	5.00	5.06	3008042	15190840.00
2013/05/03	5.06	5.20	5.06	5.14	5914419	30410276.00
2013/05/06	5.13	5.24	5.12	5.22	9310196	48303632.00
2013/05/07	5.19	5.21	5.15	5.20	5662427	29346972.00
2013/05/08	5.22	5.27	5.18	5.23	6353034	33185580.00
2013/05/09	5.22	5.22	5.07	5.11	5768977	29571688.00
2013/05/10	5.11	5.19	5.07	5.18	4899490	25244232.00
2013/05/13	5.18	5.20	5.09	5.15	5159897	26458928.00
2013/05/14	5.13	5.16	5.05	5.08	4347515	22121066.00
2013/05/15	5.08	5.14	5.07	5.10	5338240	27228014.00
2013/05/16	5.13	5.57	5.12	5.47	33613919	182203152.00
2013/05/17	5.41	5.52	5.36	5.46	17693002	96149328.00
2013/05/20	5.43	5.55	5.42	5.50	13110114	71968168.00
2013/05/21	5.50	5.74	5.50	5.58	19180477	107994552.00
2013/05/22	5.53	5.64	5.47	5.49	11097494	61344008.00
2013/05/23	5.49	5.54	5.38	5.44	8897258	48388424.00
2013/05/24	5.44	5.58	5.42	5.55	9046631	49763008.00
2013/05/27	5.53	5.82	5.53	5.72	20078933	114004504.00
2013/05/28	5.69	5.84	5.62	5.76	14878428	85001432.00
2013/05/29	5.78	5.80	5.65	5.67	9155262	52314568.00
2013/05/30	5.64	5.70	5.60	5.67	7202233	40704960.00
2013/05/31	5.66	5.83	5.60	5.64	12040378	68734632.00
2013/06/03	5.61	5.63	5.51	5.53	7176505	39894460.00
2013/06/04	5.51	5.61	5.46	5.50	6824300	37730168.00
2013/06/05	5.50	5.90	5.45	5.86	17705817	100522136.00
2013/06/06	5.78	5.97	5.61	5.64	21760051	126514720.00
2013/06/07	5.64	5.70	5.44	5.54	8989699	50136964.00
2013/06/13	5.50	5.50	5.20	5.29	7531246	39766832.00
2013/06/14	5.23	5.41	5.23	5.35	5377704	28700628.00
2013/06/17	5.36	5.37	5.27	5.29	4006842	21277382.00
2013/06/18	5.31	5.40	5.29	5.35	3085447	16484927.00
2013/06/19	5.34	5.34	5.10	5.30	4964979	25952596.00
2013/06/20	5.28	5.83	5.22	5.72	34362050	193620240.00
2013/06/21	5.60	5.81	5.49	5.66	21376544	120698384.00
2013/06/24	5.65	5.72	5.09	5.19	19200013	104481744.00
2013/06/25	5.01	5.14	4.67	5.03	17933801	88219560.00
2013/06/26	5.03	5.14	4.93	5.08	9376319	47387316.00
2013/06/27	5.05	5.32	5.05	5.24	13630777	70910896.00
2013/06/28	5.20	5.35	5.06	5.15	8263951	42975376.00
2013/07/01	5.17	5.24	5.10	5.20	4202629	21752448.00
2013/07/02	5.19	5.32	5.19	5.30	6257173	32902760.00
2013/07/03	5.28	5.28	5.12	5.17	4693898	24380782.00
2013/07/04	5.12	5.32	5.11	5.22	5894751	30965898.00
2013/07/05	5.22	5.26	5.15	5.16	5094792	26565200.00
2013/07/08	5.10	5.10	4.80	4.81	6064085	29882596.00
2013/07/09	4.81	4.90	4.81	4.83	2392835	11617830.00
2013/07/10	4.89	4.98	4.82	4.98	3366242	16485280.00
2013/07/11	4.99	5.18	4.94	5.13	5572175	28398902.00
2013/07/12	5.09	5.16	5.04	5.06	4796339	24434086.00
2013/07/15	5.07	5.13	5.00	5.12	3823282	19484734.00
2013/07/16	5.11	5.19	5.08	5.18	4199084	21639944.00
2013/07/17	5.18	5.23	5.12	5.15	4222903	21849048.00
2013/07/18	5.12	5.18	5.00	5.03	3177748	16193357.00
2013/07/19	5.03	5.07	4.88	4.89	4470592	22357580.00
2013/07/22	4.83	4.99	4.83	4.96	5060182	24824872.00
2013/07/23	4.96	5.23	4.95	5.21	11259000	57618892.00
2013/07/24	5.20	5.73	5.09	5.73	33541138	183640832.00
2013/07/25	5.65	5.94	5.51	5.63	37061499	210708912.00
2013/07/26	5.60	5.77	5.46	5.57	23655964	132661464.00
2013/07/29	5.49	5.49	5.25	5.32	10149893	54335204.00
2013/07/30	5.31	5.69	5.31	5.60	13433058	73693136.00
2013/07/31	5.56	5.74	5.41	5.42	19087043	106742888.00
2013/08/01	5.42	5.64	5.36	5.54	15472631	85445800.00
2013/08/02	5.50	5.64	5.49	5.54	13219868	73768680.00
2013/08/05	5.59	5.67	5.56	5.60	9476433	53032456.00
2013/08/06	5.60	5.62	5.43	5.53	8833765	48682096.00
2013/08/07	5.55	5.57	5.44	5.50	6886957	37725584.00
2013/08/08	5.48	5.52	5.42	5.45	5623097	30730686.00
2013/08/09	5.45	5.56	5.40	5.56	7575714	41559264.00
2013/08/12	5.57	5.66	5.52	5.58	11416431	63908284.00
2013/08/13	5.56	5.66	5.56	5.60	8525831	47881392.00
2013/08/14	5.63	5.71	5.55	5.60	9769472	55024988.00
2013/08/15	5.62	5.66	5.48	5.49	7756804	43103388.00
2013/08/16	5.42	5.59	5.37	5.38	6270328	34240176.00
2013/08/19	5.35	5.46	5.33	5.43	3938678	21286864.00
2013/08/20	5.49	5.57	5.45	5.47	6318495	34880132.00
2013/08/21	5.45	5.50	5.38	5.48	5047134	27404214.00
2013/08/22	5.44	5.51	5.42	5.42	3891026	21245320.00
2013/08/23	5.42	5.58	5.41	5.52	8842952	48728800.00
2013/08/26	5.49	5.55	5.41	5.54	8117582	44623552.00
2013/08/27	5.51	5.73	5.51	5.64	14993806	84487416.00
2013/08/28	5.66	5.88	5.56	5.69	21720643	124236584.00
2013/08/29	5.66	5.92	5.57	5.89	27680481	159830880.00
2013/08/30	6.08	6.38	6.00	6.01	46145726	284494176.00
2013/09/02	5.85	5.96	5.55	5.67	21462151	122890144.00
2013/09/03	5.67	5.72	5.59	5.69	10277948	58227928.00
2013/09/04	5.67	5.81	5.63	5.80	12172053	69746136.00
2013/09/05	5.80	5.94	5.71	5.89	14224778	83509272.00
2013/09/06	5.83	6.04	5.80	5.92	15434760	91491328.00
2013/09/09	5.92	5.94	5.82	5.86	11471051	67387264.00
2013/09/10	5.84	6.15	5.79	6.00	18150376	108106256.00
2013/09/11	5.94	5.96	5.75	5.93	15189207	89007072.00
2013/09/12	5.88	5.96	5.82	5.84	9326623	54934940.00
2013/09/13	5.85	5.89	5.79	5.88	6464545	37775576.00
2013/09/16	5.87	5.93	5.81	5.82	6468795	37963832.00
2013/09/17	5.82	5.84	5.58	5.59	9663410	55050976.00
2013/09/18	5.58	5.97	5.53	5.96	17851331	103911184.00
2013/09/23	5.92	6.20	5.85	6.09	20230075	122447776.00
2013/09/24	6.06	6.23	6.01	6.05	17790940	108792904.00
2013/09/25	6.05	6.05	5.80	5.84	11316309	67245072.00
2013/09/26	5.80	5.84	5.66	5.69	9023202	51724948.00
2013/09/27	5.69	5.83	5.65	5.69	6450174	36989624.00
2013/09/30	5.72	5.75	5.60	5.65	6946941	39308972.00
2013/10/08	5.66	5.87	5.66	5.79	6297239	36320624.00
2013/10/09	5.75	6.08	5.74	6.02	14033922	83470520.00
2013/10/10	6.00	6.08	5.86	5.93	13748898	82369008.00
2013/10/11	6.00	6.06	5.96	6.00	10989281	66143384.00
2013/10/14	6.00	6.15	5.94	6.03	11848099	71621616.00
2013/10/15	6.02	6.07	5.91	5.99	7987905	47735064.00
2013/10/16	6.00	6.00	5.76	5.78	8458774	49358276.00
2013/10/17	5.81	6.10	5.81	5.98	13598745	81602768.00
2013/10/18	5.94	6.03	5.92	6.01	6670921	39946844.00
2013/10/21	6.02	6.11	5.93	6.08	11561867	69879664.00
2013/10/22	6.09	6.24	6.02	6.18	18085753	111138608.00
2013/10/23	6.19	6.28	5.95	5.98	12986379	79117472.00
2013/10/24	5.97	6.07	5.88	6.00	8845009	53016176.00
2013/10/25	5.98	6.04	5.80	5.86	7659748	45345816.00
2013/10/28	5.91	5.99	5.84	5.97	4933224	29210244.00
2013/10/29	5.99	6.05	5.55	5.68	11868245	68508816.00
2013/10/30	5.64	5.74	5.63	5.74	6926682	39399200.00
2013/10/31	5.72	5.83	5.61	5.74	5382861	30866280.00
2013/11/01	5.70	5.74	5.63	5.71	4413755	25080496.00
2013/11/04	5.72	5.73	5.66	5.69	3314543	18868216.00
2013/11/05	5.68	5.72	5.55	5.69	5477949	30852272.00
2013/11/06	5.69	5.87	5.66	5.76	7548750	43536072.00
2013/11/07	5.72	5.94	5.71	5.83	8747650	51174868.00
2013/11/08	5.76	5.86	5.59	5.68	5634028	32420732.00
2013/11/11	5.66	5.76	5.64	5.70	2595789	14805663.00
2013/11/12	5.68	5.88	5.67	5.82	4932431	28453266.00
2013/11/13	5.78	6.05	5.74	5.91	12268649	72666376.00
2013/11/14	5.91	6.03	5.84	6.00	10386652	61723704.00
2013/11/15	5.95	6.20	5.95	6.05	15575048	94810944.00
2013/11/18	6.05	6.14	6.01	6.09	10973495	66524392.00
2013/11/19	6.08	6.16	6.01	6.05	9839540	59872092.00
2013/11/20	6.03	6.24	5.96	6.22	16098235	98667064.00
2013/11/21	6.19	6.28	6.08	6.10	11932875	73918456.00
2013/11/22	6.11	6.42	6.07	6.22	16580860	103902688.00
2013/11/25	6.16	6.44	6.12	6.14	14967739	93962168.00
2013/11/26	6.15	6.22	6.00	6.03	8996934	54528884.00
2013/11/27	6.03	6.12	5.98	6.09	6714125	40721552.00
2013/11/28	6.09	6.24	6.06	6.13	8655056	53191604.00
2013/11/29	6.15	6.18	6.05	6.08	6731827	41098276.00
2013/12/02	5.95	5.95	5.65	5.71	13184341	76328552.00
2013/12/03	5.70	5.86	5.66	5.83	6281929	36348760.00
2013/12/04	5.82	5.95	5.79	5.88	6674055	39349648.00
2013/12/05	5.88	5.96	5.84	5.89	4901031	28982458.00
2013/12/06	6.00	6.05	5.89	5.94	7641691	45616092.00
2013/12/09	5.93	6.01	5.93	5.99	5699117	34051284.00
2013/12/10	5.97	6.27	5.97	6.11	14503221	89215168.00
2013/12/11	6.05	6.23	5.99	6.15	11296974	69069672.00
2013/12/12	6.13	6.25	6.08	6.19	8357312	51666520.00
2013/12/13	6.19	6.21	6.08	6.13	6921906	42420384.00
2013/12/16	6.38	6.74	6.22	6.24	29374826	188492320.00
2013/12/17	6.15	6.24	6.05	6.11	10910110	66822476.00
2013/12/18	6.14	6.17	6.01	6.05	6233979	38014336.00
2013/12/19	6.07	6.11	5.95	5.97	5728281	34492384.00
2013/12/20	5.95	6.04	5.83	6.03	4691236	27802036.00
2013/12/23	6.03	6.03	5.75	5.95	3945099	23283656.00
2013/12/24	5.92	6.03	5.88	5.97	3822861	22737124.00
2013/12/25	5.95	6.03	5.93	6.00	2887793	17248000.00
2013/12/26	6.00	6.01	5.80	5.80	5229986	30670004.00
2013/12/27	5.78	5.90	5.78	5.90	3605529	21131636.00
2013/12/30	5.95	6.12	5.94	6.09	6438586	38869940.00
2013/12/31	6.09	6.12	6.00	6.04	4792963	28964268.00
2014/01/02	6.07	6.09	5.94	5.99	4571696	27455114.00
2014/01/03	5.98	5.98	5.84	5.91	3612192	21309404.00
2014/01/06	5.93	5.94	5.72	5.78	4043973	23527392.00
2014/01/07	5.76	5.85	5.61	5.75	4533585	26049158.00
2014/01/08	5.75	5.84	5.68	5.78	3056964	17646344.00
2014/01/09	5.79	5.81	5.60	5.62	3109881	17757778.00
2014/01/10	5.57	5.64	5.40	5.41	4441250	24640146.00
2014/01/13	5.40	5.50	5.21	5.30	3408990	18281268.00
2014/01/14	5.29	5.44	5.25	5.43	2622756	14062223.00
2014/01/15	5.42	5.46	5.30	5.38	2546089	13678438.00
2014/01/16	5.36	5.52	5.34	5.45	2665611	14522207.00
2014/01/17	5.45	5.48	5.36	5.43	1884053	10194841.00
2014/01/20	5.41	5.45	5.34	5.40	1554792	8397208.00
2014/01/21	5.45	5.64	5.40	5.58	3547150	19561510.00
2014/01/22	5.55	5.75	5.55	5.69	4327559	24604036.00
2014/01/23	5.69	5.75	5.62	5.64	3470735	19714808.00
2014/01/24	5.65	5.78	5.60	5.63	4981066	28284416.00
2014/01/27	5.62	5.62	5.47	5.49	6037190	33338638.00
2014/01/28	5.50	5.54	5.42	5.51	2812580	15431101.00
2014/01/29	5.51	5.61	5.47	5.57	2931376	16303841.00
2014/01/30	5.55	5.57	5.46	5.52	3111485	17170370.00
2014/02/07	5.56	5.66	5.56	5.62	4574035	25637362.00
2014/02/10	5.67	5.77	5.62	5.77	6136865	35083924.00
2014/02/11	5.77	6.00	5.70	5.86	9631463	56267096.00
2014/02/12	5.85	5.89	5.81	5.88	4393888	25706060.00
2014/02/13	5.83	5.98	5.79	5.80	5479059	32303024.00
2014/02/14	5.82	5.96	5.82	5.91	6223711	36669028.00
2014/02/17	5.87	6.03	5.87	5.96	7968950	47521428.00
2014/02/18	5.97	6.08	5.90	6.03	9001416	53998176.00
2014/02/19	6.04	6.08	5.96	6.06	7008239	42066984.00
2014/02/20	6.08	6.08	5.90	5.91	5565500	33244456.00
2014/02/21	5.86	5.96	5.79	5.84	3737756	21924172.00
2014/02/24	5.80	5.82	5.71	5.81	3104277	17897964.00
2014/02/25	5.79	5.88	5.70	5.79	6186912	35927696.00
2014/02/26	5.82	5.99	5.71	5.97	7185427	42230772.00
2014/02/27	5.97	6.18	5.94	6.05	11536342	70128216.00
2014/02/28	6.07	6.15	5.97	6.10	8757890	53260152.00
2014/03/03	6.21	6.25	6.07	6.11	9304078	57020184.00
2014/03/04	6.10	6.22	6.04	6.13	7324678	44888184.00
2014/03/05	6.14	6.17	5.93	5.94	6391608	38601816.00
2014/03/06	6.03	6.05	5.92	6.05	5234297	31418540.00
2014/03/07	6.10	6.12	5.87	5.87	5567456	33243578.00
2014/03/10	5.94	6.06	5.71	5.75	7146655	42187612.00
2014/03/11	5.79	5.83	5.63	5.76	6006260	34429608.00
2014/03/12	5.82	5.82	5.61	5.71	3253811	18554960.00
2014/03/13	5.75	5.82	5.68	5.80	3721679	21481662.00
2014/03/14	5.80	5.87	5.75	5.81	3308926	19210590.00
2014/03/17	5.80	5.99	5.77	5.99	5690806	33532948.00
2014/03/18	5.95	6.02	5.91	5.94	4566208	27281284.00
2014/03/19	6.02	6.07	5.93	6.06	6371856	38325868.00
2014/03/20	6.09	6.09	5.85	5.87	5097677	30406216.00
2014/03/21	5.87	6.02	5.75	6.01	5691730	33669860.00
2014/03/24	6.06	6.06	5.96	6.01	4879338	29310696.00
2014/03/25	6.01	6.22	5.96	6.17	12022171	73662976.00
2014/03/26	6.13	6.18	6.00	6.05	6630417	40268628.00
2014/03/27	6.08	6.08	5.89	5.93	7644624	45458892.00
2014/03/28	5.94	6.00	5.83	5.84	4383774	25967064.00
2014/03/31	5.84	5.91	5.75	5.78	4011437	23387088.00
2014/04/03	5.92	6.27	5.87	5.99	15851069	96016456.00
2014/04/04	6.04	6.04	5.83	5.89	7651548	45082772.00
2014/04/08	5.86	5.95	5.83	5.95	4757748	28099936.00
2014/04/09	5.97	5.97	5.89	5.94	6393026	37883256.00
2014/04/10	5.96	6.01	5.94	5.95	8087380	48307024.00
2014/04/11	5.99	6.08	5.92	6.05	11403317	68647024.00
2014/04/14	6.08	6.08	5.95	6.00	6925698	41543484.00
2014/04/15	6.00	6.02	5.89	5.90	6048951	35988128.00
2014/04/16	5.92	5.94	5.85	5.92	5890482	34703236.00
2014/04/17	5.93	6.10	5.92	6.07	13979689	84427704.00
2014/04/18	6.04	6.11	5.98	6.03	7169429	43369404.00
2014/04/21	6.01	6.11	5.96	5.97	7706912	46656948.00
2014/04/22	6.00	6.10	5.90	6.09	9587674	57610772.00
2014/04/23	6.07	6.39	6.06	6.21	25133924	156510448.00
2014/04/24	6.16	6.29	6.06	6.16	15249509	94196280.00
2014/04/25	6.12	6.46	6.11	6.33	26660617	168348208.00
2014/04/28	6.30	6.57	5.70	5.71	34640757	215970192.00
2014/04/29	5.55	5.58	5.29	5.42	20974767	113999592.00
2014/04/30	5.43	5.50	5.39	5.48	10976037	59837940.00
2014/05/05	5.50	5.67	5.43	5.56	9680482	53866312.00
2014/05/06	5.53	5.64	5.50	5.58	8271496	46146176.00
2014/05/07	5.56	5.56	5.30	5.38	8528617	46196576.00
2014/05/08	5.38	5.52	5.33	5.42	5993163	32672656.00
2014/05/09	5.47	5.47	5.34	5.37	3941315	21217404.00
2014/05/12	5.40	5.54	5.40	5.49	7168364	39414336.00
2014/05/13	5.50	5.59	5.48	5.54	9563848	52974632.00
2014/05/14	5.56	5.56	5.46	5.51	4321430	23739242.00
2014/05/15	5.54	5.54	5.35	5.39	4983341	26989308.00
2014/05/16	5.43	5.43	5.35	5.40	2733044	14714537.00
2014/05/19	5.45	5.45	5.35	5.37	2267517	12212504.00
2014/05/20	5.40	5.48	5.40	5.46	2546368	13864206.00
2014/05/21	5.50	5.50	5.42	5.49	2278757	12444583.00
2014/05/22	5.50	5.55	5.43	5.44	4839111	26599444.00
2014/05/23	5.42	5.48	5.38	5.44	2851533	15465765.00
2014/05/26	5.48	5.52	5.43	5.49	3672605	20108126.00
2014/05/27	5.49	5.51	5.42	5.46	3906531	21369938.00
2014/05/28	5.47	5.47	5.35	5.45	4671467	25316368.00
2014/05/29	5.43	5.47	5.39	5.40	4421774	24023684.00
2014/05/30	5.43	5.43	5.34	5.34	5076044	27253946.00
2014/06/03	5.42	5.42	5.35	5.36	2795249	15036043.00
2014/06/04	5.40	5.40	5.27	5.31	2876520	15281967.00
2014/06/05	5.34	5.37	5.29	5.37	1892728	10091242.00
2014/06/06	5.38	5.38	5.30	5.33	1563500	8355317.00
2014/06/09	5.35	5.45	5.30	5.39	4462867	24139784.00
2014/06/10	5.41	5.42	5.32	5.39	4322003	23198560.00
2014/06/11	5.40	5.40	5.31	5.33	3793163	20299040.00
2014/06/12	5.32	5.37	5.31	5.32	2689423	14350671.00
2014/06/13	5.34	5.39	5.31	5.35	3912346	20934636.00
2014/06/16	5.37	5.40	5.35	5.39	4237019	22769008.00
2014/06/17	5.39	5.40	5.32	5.32	2744401	14685405.00
2014/06/18	5.33	5.50	5.31	5.41	7538342	40890816.00
2014/06/19	5.37	5.40	5.11	5.15	7095047	37347640.00
2014/06/20	5.18	5.21	5.14	5.19	2267961	11711901.00
2014/06/23	5.24	5.24	5.15	5.17	3699152	19146268.00
2014/06/24	5.21	5.27	5.16	5.23	3870103	20170812.00
2014/06/25	5.21	5.24	5.16	5.19	2330348	12095722.00
2014/06/26	5.22	5.26	5.20	5.23	3145007	16464524.00
2014/06/27	5.25	5.37	5.21	5.33	10153363	53761896.00
2014/06/30	5.36	5.41	5.29	5.37	8686798	46505024.00
2014/07/01	5.37	5.44	5.34	5.42	6506547	35097576.00
2014/07/02	5.41	5.65	5.35	5.53	15427847	85112320.00
2014/07/03	5.56	5.64	5.47	5.49	12759355	70495992.00
2014/07/04	5.49	5.54	5.40	5.43	9854204	53752948.00
2014/07/07	5.46	5.47	5.41	5.44	3927513	21362530.00
2014/07/08	5.44	5.48	5.42	5.46	3989264	21737184.00
2014/07/09	5.48	5.59	5.43	5.44	10680057	58920312.00
2014/07/10	5.49	5.52	5.40	5.41	5850909	31889750.00
2014/07/11	5.42	5.48	5.40	5.47	4654442	25401438.00
2014/07/14	5.47	5.56	5.45	5.54	5574351	30788150.00
2014/07/15	5.55	5.60	5.51	5.58	6134836	34118348.00
2014/07/16	5.58	5.58	5.51	5.54	4566870	25290930.00
2014/07/17	5.55	5.56	5.43	5.48	4573436	25012464.00
2014/07/18	5.48	5.54	5.45	5.49	3951484	21720740.00
2014/07/21	5.50	5.51	5.45	5.46	3082102	16882462.00
2014/07/22	5.47	5.66	5.44	5.59	11759752	65670440.00
2014/07/23	5.60	5.64	5.50	5.52	6219482	34553816.00
2014/07/24	5.61	5.68	5.55	5.60	11846664	66606496.00
2014/07/25	5.61	5.68	5.60	5.67	10252456	57946688.00
2014/07/28	5.72	5.75	5.65	5.74	14461627	82477488.00
2014/07/29	5.74	5.78	5.68	5.76	10960975	62842152.00
2014/07/30	5.76	5.84	5.74	5.79	13812738	80118784.00
2014/07/31	5.82	5.82	5.76	5.80	6784007	39272448.00
2014/08/01	5.79	5.82	5.67	5.68	9881175	56822172.00
2014/08/04	5.70	5.95	5.70	5.88	16869457	98265368.00
2014/08/05	5.88	5.92	5.83	5.90	8930806	52510904.00
2014/08/06	5.86	5.90	5.80	5.86	8058480	47175864.00
2014/08/07	5.86	5.96	5.80	5.80	8039073	47268152.00
2014/08/08	5.81	5.88	5.80	5.84	5561919	32476328.00
2014/08/11	5.86	5.97	5.84	5.91	10788324	63865856.00
2014/08/12	5.92	5.95	5.88	5.92	6417109	37928656.00
2014/08/13	5.93	5.96	5.85	5.91	8934857	52788088.00
2014/08/14	5.92	6.10	5.88	6.01	17962538	107797120.00
2014/08/15	6.00	6.15	5.97	6.10	16964216	103161280.00
2014/08/18	6.12	6.19	6.06	6.10	15431699	94289784.00
2014/08/19	6.11	6.14	6.04	6.10	11004729	66968836.00
2014/08/20	6.08	6.12	6.03	6.09	11931285	72562512.00
2014/08/21	6.06	6.08	5.96	6.01	8533778	51375632.00
2014/08/22	6.01	6.07	5.98	6.05	8206600	49504228.00
2014/12/12	6.66	6.66	6.66	6.66	260681	1736135.00
2014/12/15	7.33	7.33	7.33	7.33	687318	5038041.00
2014/12/16	8.06	8.06	8.06	8.06	345315	2783239.00
2014/12/17	8.87	8.87	8.87	8.87	509041	4515194.00
2014/12/18	9.76	9.76	9.76	9.76	1071401	10456874.00
2014/12/19	10.74	10.74	10.20	10.25	78337273	825594496.00
2014/12/22	9.99	10.05	9.23	9.23	40647293	383825824.00
2014/12/23	8.87	9.29	8.84	8.87	20323403	184238240.00
2014/12/24	9.10	9.26	9.00	9.20	17745223	162301200.00
2014/12/25	9.13	9.23	8.98	9.18	14885713	135389296.00
2014/12/26	9.26	9.33	9.08	9.12	13605809	124317864.00
2014/12/29	9.09	9.33	8.77	9.28	23443735	212586384.00
2014/12/30	9.19	9.28	8.95	8.97	12538740	114151168.00
2014/12/31	8.88	8.98	8.41	8.62	18294206	158832464.00
2015/01/05	8.51	8.71	8.43	8.69	13170268	113844960.00
2015/01/06	8.64	8.84	8.57	8.81	11824299	103449488.00
2015/01/07	8.82	8.83	8.66	8.72	9055736	79057432.00
2015/01/08	8.71	8.86	8.58	8.83	11791796	102789064.00
2015/01/09	8.78	9.47	8.71	9.03	26827612	245139232.00
2015/01/12	8.91	9.00	8.51	8.58	11755988	103017960.00
2015/01/13	8.58	8.83	8.58	8.70	7998327	69676032.00
2015/01/14	8.70	9.20	8.70	8.96	13772884	123676776.00
2015/01/15	8.98	9.18	8.89	9.04	8355579	75329024.00
2015/01/16	8.97	9.17	8.85	9.04	10918136	98564048.00
2015/01/19	8.77	9.03	8.43	8.63	10961198	96072752.00
2015/01/20	8.77	9.29	8.68	9.18	15312556	137722224.00
2015/01/21	9.31	9.45	9.18	9.35	21089968	196666496.00
2015/01/22	9.34	9.56	9.28	9.41	16221541	152769952.00
2015/01/23	9.70	10.35	9.59	10.35	19332361	196504448.00
2015/01/26	10.68	10.68	10.00	10.28	35168357	360647392.00
2015/01/27	10.35	10.99	10.20	10.65	31682688	337875712.00
2015/01/28	10.48	10.58	10.20	10.22	20174500	208863072.00
2015/01/29	10.01	10.15	9.82	9.84	16153872	160601328.00
2015/01/30	9.84	9.94	9.76	9.77	9201742	90716312.00
2015/02/02	9.67	10.10	9.59	10.09	10478276	104137432.00
2015/02/03	10.04	10.40	10.04	10.35	12784938	131065120.00
2015/02/04	10.50	10.50	10.15	10.21	11087687	114221464.00
2015/02/05	10.32	10.37	9.95	10.03	10956522	110657808.00
2015/02/06	10.02	10.96	9.76	10.66	22006718	230268800.00
2015/02/09	10.65	10.73	10.35	10.37	11689285	123343480.00
2015/02/10	10.23	10.31	9.96	10.15	11067837	112082664.00
2015/02/11	10.35	10.75	10.22	10.41	16291512	172013808.00
2015/02/12	10.35	10.64	10.27	10.44	10203576	106670560.00
2015/02/13	10.53	10.72	10.41	10.49	13328187	140765504.00
2015/02/16	10.50	11.14	10.44	11.00	24299562	264433200.00
2015/02/17	11.00	11.29	10.85	11.15	18154564	201089312.00
2015/02/25	11.27	12.27	11.21	11.90	31655303	376086752.00
2015/02/26	11.88	12.28	11.66	12.07	21497053	257839408.00
2015/02/27	12.00	12.26	11.80	12.04	17111842	205202800.00
2015/03/02	12.10	12.15	11.82	11.90	19046215	226447536.00
2015/03/03	11.88	11.88	11.47	11.50	19003377	220835264.00
2015/03/04	11.43	11.83	11.42	11.72	11348045	132741352.00
2015/03/05	11.72	11.72	11.43	11.53	9496380	109610864.00
2015/03/06	11.55	11.82	11.52	11.54	9222456	107618416.00
2015/03/09	11.56	12.20	11.55	12.03	14113825	167900464.00
2015/03/10	12.00	12.04	11.87	11.90	10275322	122634088.00
2015/03/11	11.95	12.10	11.82	11.85	9067425	108225376.00
2015/03/12	11.89	12.26	11.81	12.04	12773555	154024128.00
2015/03/13	12.09	12.23	11.96	12.08	8761414	105758960.00
2015/03/16	12.28	12.53	12.16	12.30	12014423	148072048.00
2015/03/17	12.29	12.42	12.11	12.28	14119049	173260192.00
2015/03/18	12.30	12.70	12.21	12.67	17624081	220984704.00
2015/03/19	12.68	12.68	12.41	12.51	13966319	174875184.00
2015/03/20	12.50	12.81	12.45	12.59	11678023	147144640.00
2015/03/23	12.60	12.94	12.48	12.88	17619294	223168432.00
2015/03/24	12.81	12.85	12.30	12.66	15281744	192699904.00
2015/03/25	12.65	12.69	12.46	12.59	11058633	138785456.00
2015/03/26	12.50	12.79	12.39	12.56	10509742	132267296.00
2015/03/27	12.57	12.92	12.57	12.74	14186008	181488608.00
2015/03/30	12.74	12.91	12.48	12.65	16291563	206420432.00
2015/03/31	12.62	12.68	12.46	12.47	11475494	144004640.00
2015/04/01	12.40	12.59	12.39	12.57	10730843	134389152.00
2015/04/02	12.59	13.83	12.47	13.82	29440158	390314784.00
2015/04/03	13.46	14.10	13.45	13.89	24761101	342033664.00
2015/04/07	14.11	14.29	13.88	13.99	17784023	248952864.00
2015/04/08	13.99	14.10	13.53	13.88	14479367	199775760.00
2015/04/09	15.26	15.26	14.57	14.68	38967095	579113408.00
2015/04/10	14.74	14.98	14.50	14.84	19072246	282715072.00
2015/04/13	14.86	16.00	14.63	15.55	22377646	347118304.00
2015/04/14	15.45	15.98	15.33	15.77	19084262	300536064.00
2015/04/15	15.98	15.98	14.69	14.89	17435131	267208128.00
2015/04/16	14.60	15.15	14.35	14.83	12478292	184521312.00
2015/04/17	15.02	15.49	14.89	15.22	15659204	237303040.00
2015/04/20	15.24	15.24	14.41	14.44	19426114	288743584.00
2015/04/21	14.20	14.91	14.20	14.86	11056647	161830464.00
2015/04/22	14.92	15.21	14.92	15.15	13862528	209353408.00
2015/04/23	15.36	15.48	15.01	15.40	15581348	237885344.00
2015/04/24	15.07	16.93	15.07	16.81	29914034	485488672.00
2015/04/27	16.81	17.89	16.60	16.96	24343436	419095456.00
2015/04/28	16.98	17.13	15.93	16.16	16318122	268207712.00
2015/04/29	16.15	16.89	15.95	16.74	12272439	203274288.00
2015/04/30	16.76	17.35	16.76	16.83	13402668	228435408.00
2015/05/05	17.57	17.57	17.57	17.57	0	0.00
数据来源:通达信
