600548 深高速 日线 前复权
      日期	    开盘	    最高	    最低	    收盘	    成交量	    成交额
2011/10/10	3.34	3.39	3.32	3.33	774981	2951853.00
2011/10/11	3.39	3.45	3.34	3.35	1343200	5166897.00
2011/10/12	3.36	3.48	3.33	3.45	1517201	5877723.00
2011/10/13	3.45	3.53	3.45	3.52	1412402	5563366.00
2011/10/14	3.52	3.54	3.46	3.50	1332300	5244541.00
2011/10/17	3.51	3.52	3.46	3.48	810860	3195743.00
2011/10/18	3.48	3.48	3.37	3.38	1354697	5257662.00
2011/10/19	3.40	3.41	3.21	3.30	8761156	32791214.00
2011/10/20	3.25	3.26	3.16	3.21	3714347	13578664.00
2011/10/21	3.19	3.22	3.17	3.18	1340190	4879534.00
2011/10/24	3.20	3.24	3.15	3.23	1624969	5931186.00
2011/10/25	3.23	3.32	3.21	3.30	2783009	10347351.00
2011/10/26	3.29	3.35	3.26	3.31	3131208	11809138.00
2011/10/27	3.33	3.35	3.31	3.32	1518570	5741106.00
2011/10/28	3.39	3.44	3.38	3.43	3432455	13248277.00
2011/10/31	3.43	3.45	3.39	3.43	1434224	5561189.00
2011/11/01	3.42	3.46	3.39	3.44	2044005	7930651.00
2011/11/02	3.40	3.47	3.36	3.47	2307262	8927325.00
2011/11/03	3.48	3.52	3.45	3.49	3080731	12153025.00
2011/11/04	3.50	3.56	3.49	3.52	3536800	14077830.00
2011/11/07	3.55	3.60	3.53	3.58	4460940	17963872.00
2011/11/08	3.58	3.61	3.51	3.60	3764400	15153804.00
2011/11/09	3.60	3.62	3.51	3.58	3126601	12558270.00
2011/11/10	3.54	3.55	3.51	3.53	2374930	9457028.00
2011/11/11	3.53	3.54	3.50	3.52	1534009	6092063.00
2011/11/14	3.52	3.63	3.52	3.62	3210835	12974357.00
2011/11/15	3.63	3.63	3.56	3.60	1306512	5274254.00
2011/11/16	3.60	3.61	3.49	3.51	1698162	6775354.00
2011/11/17	3.52	3.53	3.49	3.52	584332	2316547.00
2011/11/18	3.51	3.52	3.40	3.41	1915714	7486167.00
2011/11/21	3.41	3.49	3.41	3.45	1019706	3985137.00
2011/11/22	3.45	3.53	3.45	3.51	2180454	8605776.00
2011/11/23	3.51	3.58	3.51	3.57	3096283	12402981.00
2011/11/25	3.57	3.57	3.47	3.49	1238092	4904527.00
2011/11/28	3.49	3.51	3.43	3.44	882120	3443232.00
2011/11/29	3.47	3.56	3.46	3.55	2205495	8752522.00
2011/11/30	3.57	3.57	3.41	3.46	2000118	7854697.00
2011/12/01	3.51	3.57	3.51	3.54	1604918	6420376.00
2011/12/02	3.52	3.56	3.45	3.49	1035445	4092661.00
2011/12/05	3.49	3.49	3.38	3.41	1459644	5664637.00
2011/12/06	3.42	3.46	3.39	3.41	647438	2507586.00
2011/12/07	3.39	3.46	3.39	3.45	822613	3189214.00
2011/12/08	3.43	3.47	3.41	3.45	918440	3579403.00
2011/12/09	3.41	3.47	3.41	3.46	686835	2679927.00
2011/12/12	3.46	3.63	3.42	3.63	6631394	26761284.00
2011/12/13	3.65	3.72	3.55	3.66	6190081	25352952.00
2011/12/14	3.62	3.71	3.54	3.58	4520345	18462060.00
2011/12/15	3.55	3.61	3.53	3.57	2670270	10729185.00
2011/12/16	3.56	3.74	3.53	3.73	4372357	17968974.00
2011/12/19	3.72	3.72	3.58	3.70	3228364	13277672.00
2011/12/20	3.65	3.69	3.59	3.61	1957118	7990550.00
2011/12/21	3.61	3.67	3.56	3.57	1810292	7353693.00
2011/12/22	3.55	3.55	3.28	3.46	3879650	14921050.00
2011/12/23	3.39	3.50	3.39	3.43	1452933	5674526.00
2011/12/26	3.41	3.51	3.41	3.47	870970	3406729.00
2011/12/27	3.43	3.46	3.39	3.42	620964	2406220.00
2011/12/28	3.40	3.45	3.37	3.41	1113206	4291186.00
2011/12/30	3.43	3.43	3.38	3.42	1299596	5009658.00
2012/01/04	3.45	3.52	3.43	3.47	1941759	7615888.00
2012/01/05	3.47	3.68	3.44	3.51	3395449	13548505.00
2012/01/06	3.52	3.53	3.40	3.48	1453266	5670381.00
2012/01/09	3.48	3.60	3.41	3.59	4186622	16575676.00
2012/01/10	3.57	3.70	3.54	3.67	4312300	17546798.00
2012/01/11	3.66	3.66	3.56	3.60	4617708	18696720.00
2012/01/12	3.58	3.62	3.54	3.59	2490019	10065882.00
2012/01/13	3.59	3.59	3.43	3.48	3564348	14075234.00
2012/01/16	3.42	3.51	3.40	3.45	1728184	6791945.00
2012/01/17	3.43	3.63	3.43	3.59	4264883	16986928.00
2012/01/18	3.58	3.61	3.50	3.52	3608600	14454838.00
2012/01/19	3.50	3.58	3.49	3.55	3457674	13829872.00
2012/01/20	3.55	3.60	3.53	3.60	3668244	14760290.00
2012/01/30	3.62	3.62	3.57	3.58	3463628	14008728.00
2012/01/31	3.56	3.60	3.54	3.59	1274464	5119325.00
2012/02/01	3.59	3.65	3.55	3.62	4782120	19439940.00
2012/02/02	3.62	3.67	3.60	3.66	3631132	14848412.00
2012/02/03	3.66	3.71	3.65	3.67	3704927	15299529.00
2012/02/06	3.64	3.68	3.63	3.67	2379215	9762083.00
2012/02/07	3.65	3.65	3.58	3.61	2357066	9569232.00
2012/02/08	3.61	3.65	3.59	3.65	5103038	20814020.00
2012/02/09	3.64	3.67	3.61	3.63	2242469	9174506.00
2012/02/10	3.63	3.67	3.63	3.64	2005721	8217935.00
2012/02/13	3.63	3.66	3.60	3.63	2189156	8929262.00
2012/02/14	3.62	3.64	3.57	3.63	2527846	10252456.00
2012/02/15	3.62	3.72	3.60	3.70	5124492	21210396.00
2012/02/16	3.70	3.72	3.65	3.67	2599848	10725798.00
2012/02/17	3.68	3.70	3.64	3.65	2488119	10241696.00
2012/02/20	3.70	3.70	3.63	3.64	2374701	9762513.00
2012/02/21	3.65	3.65	3.60	3.65	1960712	7984005.00
2012/02/22	3.65	3.69	3.63	3.69	2899302	11927624.00
2012/02/23	3.69	3.73	3.68	3.71	3821238	15870015.00
2012/02/24	3.72	3.80	3.70	3.77	5825059	24474012.00
2012/02/27	3.76	3.82	3.72	3.77	9256112	39221292.00
2012/02/28	3.77	3.79	3.73	3.78	3273758	13776499.00
2012/02/29	3.78	3.78	3.71	3.72	2682501	11231696.00
2012/03/01	3.71	3.74	3.69	3.72	2197748	9156170.00
2012/03/02	3.72	3.75	3.71	3.75	3650948	15267131.00
2012/03/05	3.76	3.78	3.69	3.70	6228059	25988212.00
2012/03/06	3.70	3.70	3.61	3.62	4065511	16637162.00
2012/03/07	3.59	3.66	3.58	3.61	2415863	9841338.00
2012/03/08	3.61	3.66	3.61	3.63	3425297	13998701.00
2012/03/09	3.65	3.69	3.63	3.67	3253490	13349445.00
2012/03/12	3.67	3.67	3.61	3.64	2571077	10525833.00
2012/03/13	3.64	3.68	3.62	3.68	2496089	10245398.00
2012/03/14	3.68	3.71	3.55	3.57	4714674	19336652.00
2012/03/15	3.55	3.57	3.49	3.49	3335121	13262675.00
2012/03/16	3.50	3.55	3.49	3.55	2098621	8321427.00
2012/03/19	3.54	3.56	3.50	3.55	1671203	6641914.00
2012/03/20	3.53	3.53	3.47	3.48	1644783	6495050.00
2012/03/21	3.49	3.52	3.46	3.52	2002550	7888719.00
2012/03/22	3.52	3.53	3.48	3.51	1346407	5324713.00
2012/03/23	3.49	3.51	3.45	3.47	2031795	7972797.00
2012/03/26	3.47	3.53	3.46	3.50	1135101	4477920.00
2012/03/27	3.51	3.52	3.48	3.49	841157	3319154.00
2012/03/28	3.49	3.51	3.38	3.41	3323026	12974825.00
2012/03/29	3.41	3.44	3.35	3.40	1955798	7513440.00
2012/03/30	3.40	3.48	3.37	3.45	2658094	10300041.00
2012/04/05	3.45	3.50	3.41	3.47	2977265	11643333.00
2012/04/06	3.47	3.49	3.43	3.45	1657474	6457594.00
2012/04/09	3.45	3.58	3.42	3.50	4320945	17175392.00
2012/04/10	3.47	3.49	3.41	3.49	1835666	7165522.00
2012/04/11	3.47	3.52	3.44	3.50	1579830	6228217.00
2012/04/12	3.49	3.58	3.49	3.56	2965189	11828098.00
2012/04/13	3.60	3.63	3.56	3.57	3733163	15087848.00
2012/04/16	3.57	3.63	3.52	3.60	3583557	14465907.00
2012/04/17	3.60	3.66	3.54	3.54	2627919	10629154.00
2012/04/18	3.55	3.62	3.55	3.61	2731313	11015396.00
2012/04/19	3.61	3.62	3.55	3.58	1838302	7397090.00
2012/04/20	3.57	3.60	3.55	3.60	2880995	11604378.00
2012/04/23	3.59	3.61	3.57	3.59	2000038	8079347.00
2012/04/24	3.57	3.62	3.53	3.61	5348167	21521180.00
2012/04/25	3.60	3.67	3.56	3.66	4059623	16527003.00
2012/04/26	3.66	3.66	3.60	3.63	2077236	8472753.00
2012/04/27	3.63	3.67	3.60	3.61	2840906	11561908.00
2012/05/02	3.64	3.69	3.63	3.67	3564553	14651625.00
2012/05/03	3.67	3.69	3.62	3.65	1799707	7386049.00
2012/05/04	3.64	3.66	3.59	3.64	2125309	8668361.00
2012/05/07	3.62	3.64	3.60	3.64	1621760	6610747.00
2012/05/08	3.64	3.64	3.61	3.63	1783717	7264561.00
2012/05/09	3.62	3.62	3.57	3.58	1790300	7237607.00
2012/05/10	3.57	3.59	3.55	3.57	878476	3532195.00
2012/05/11	3.57	3.58	3.54	3.55	1084780	4347773.00
2012/05/14	3.58	3.59	3.54	3.55	1556686	6236282.00
2012/05/15	3.55	3.56	3.50	3.54	1271140	5051186.00
2012/05/16	3.54	3.56	3.51	3.54	918053	3659404.00
2012/05/17	3.52	3.69	3.52	3.64	4290712	17511798.00
2012/05/18	3.61	3.82	3.60	3.65	8276752	34372288.00
2012/05/21	3.68	3.68	3.60	3.64	2842270	11607529.00
2012/05/22	3.65	3.66	3.60	3.63	3213415	13090604.00
2012/05/23	3.63	3.63	3.56	3.56	2957344	11943599.00
2012/05/24	3.55	3.58	3.53	3.55	2173350	8700986.00
2012/05/25	3.54	3.58	3.53	3.54	1285878	5151299.00
2012/05/29	3.59	3.64	3.56	3.63	2038210	8256798.00
2012/05/30	3.63	3.64	3.59	3.61	1396120	5667452.00
2012/05/31	3.60	3.62	3.58	3.61	1010949	4092798.00
2012/06/01	3.58	3.61	3.55	3.56	2300707	9273812.00
2012/06/04	3.53	3.53	3.48	3.49	2261806	8946883.00
2012/06/05	3.49	3.49	3.44	3.47	1611013	6298934.00
2012/06/06	3.47	3.51	3.46	3.48	650116	2551920.00
2012/06/07	3.50	3.51	3.43	3.45	793270	3106565.00
2012/06/08	3.49	3.49	3.45	3.46	721615	2822134.00
2012/06/11	3.47	3.51	3.47	3.50	1069633	4215203.00
2012/06/12	3.48	3.51	3.48	3.50	774513	3054796.00
2012/06/13	3.49	3.57	3.49	3.57	2462364	9821669.00
2012/06/14	3.54	3.56	3.51	3.52	1167588	4458561.00
2012/06/15	3.54	3.54	3.48	3.53	776304	2946801.00
2012/06/18	3.53	3.54	3.51	3.51	1132281	4314964.00
2012/06/19	3.52	3.53	3.47	3.49	1475837	5582947.00
2012/06/20	3.49	3.51	3.49	3.49	1022158	3873878.00
2012/06/21	3.49	3.50	3.46	3.47	1129635	4256216.00
2012/06/25	3.47	3.47	3.43	3.43	700831	2619602.00
2012/06/26	3.43	3.43	3.39	3.43	952774	3527195.00
2012/06/27	3.43	3.45	3.40	3.42	872308	3239155.00
2012/06/28	3.42	3.43	3.37	3.38	874025	3219321.00
2012/06/29	3.38	3.42	3.35	3.42	654506	2401940.00
2012/07/02	3.42	3.45	3.41	3.44	929155	3458278.00
2012/07/03	3.44	3.47	3.42	3.45	703746	2630363.00
2012/07/04	3.46	3.48	3.42	3.44	347995	1297973.00
2012/07/05	3.43	3.43	3.35	3.38	1213964	4440357.00
2012/07/06	3.40	3.41	3.36	3.41	740936	2721600.00
2012/07/09	3.41	3.41	3.31	3.33	1253629	4563132.00
2012/07/10	3.33	3.40	3.30	3.34	2329898	8470983.00
2012/07/11	3.35	3.35	3.29	3.34	1562348	5624591.00
2012/07/12	3.32	3.34	3.27	3.34	1065199	3831848.00
2012/07/13	3.33	3.33	3.30	3.32	468917	1690676.00
2012/07/16	3.31	3.32	3.22	3.24	1102457	3912511.00
2012/07/17	3.23	3.52	3.23	3.37	6489630	23678706.00
2012/07/18	3.36	3.37	3.29	3.34	1899059	6881400.00
2012/07/19	3.34	3.38	3.33	3.33	1461869	5328832.00
2012/07/20	3.33	3.36	3.31	3.32	624900	2263272.00
2012/07/23	3.31	3.31	3.23	3.26	1271855	4503653.00
2012/07/24	3.26	3.28	3.23	3.25	1019496	3617803.00
2012/07/25	3.26	3.29	3.25	3.27	1011194	3597098.00
2012/07/26	3.28	3.30	3.25	3.26	817960	2912676.00
2012/07/27	3.26	3.47	3.19	3.33	1783577	6358596.00
2012/07/30	3.33	3.40	3.20	3.29	2328174	8343985.00
2012/07/31	3.27	3.32	3.23	3.30	789600	2819688.00
2012/08/01	3.30	3.33	3.28	3.31	1074896	3869668.00
2012/08/02	3.30	3.32	3.24	3.26	1258686	4484780.00
2012/08/03	3.26	3.29	3.20	3.25	2650310	9329213.00
2012/08/06	3.22	3.29	3.21	3.29	2046126	7234803.00
2012/08/07	3.27	3.30	3.27	3.30	912014	3260696.00
2012/08/08	3.30	3.31	3.26	3.30	1218235	4363576.00
2012/08/09	3.30	3.35	3.28	3.34	1923904	6940106.00
2012/08/10	3.34	3.35	3.31	3.33	1364372	4937026.00
2012/08/13	3.32	3.33	3.28	3.28	758210	2722815.00
2012/08/14	3.26	3.30	3.24	3.27	2454615	8705852.00
2012/08/15	3.26	3.26	3.21	3.23	1230200	4337548.00
2012/08/16	3.24	3.29	3.21	3.23	960200	3401582.00
2012/08/17	3.23	3.27	3.21	3.26	836728	2951278.00
2012/08/20	3.25	3.25	3.21	3.23	646360	2275592.00
2012/08/21	3.23	3.26	3.21	3.24	816100	2880382.00
2012/08/22	3.24	3.25	3.21	3.22	997529	3504169.00
2012/08/23	3.21	3.25	3.20	3.25	1104837	3898899.00
2012/08/24	3.23	3.25	3.20	3.24	1108200	3891950.00
2012/08/27	3.24	3.24	3.15	3.15	1107496	3839910.00
2012/08/28	3.13	3.18	3.13	3.14	940065	3239407.00
2012/08/29	3.17	3.19	3.13	3.17	747025	2580607.00
2012/08/30	3.16	3.17	3.10	3.12	1176951	4021253.00
2012/08/31	3.12	3.15	3.12	3.14	770469	2640386.00
2012/09/03	3.14	3.17	3.10	3.15	524151	1800059.00
2012/09/04	3.13	3.15	3.10	3.13	870841	2971114.00
2012/09/05	3.11	3.12	3.08	3.10	861401	2916371.00
2012/09/06	3.12	3.13	3.08	3.12	797151	2701406.00
2012/09/07	3.14	3.25	3.12	3.21	4023885	13992774.00
2012/09/10	3.22	3.23	3.18	3.21	1645461	5736877.00
2012/09/11	3.21	3.21	3.17	3.18	777101	2695599.00
2012/09/12	3.17	3.21	3.16	3.19	815610	2833260.00
2012/09/13	3.20	3.20	3.16	3.16	631352	2187980.00
2012/09/14	3.17	3.23	3.13	3.21	1468051	5091229.00
2012/09/17	3.20	3.21	3.01	3.11	5185238	17411742.00
2012/09/18	3.03	3.07	3.03	3.05	1289852	4305701.00
2012/09/19	3.05	3.06	3.03	3.06	483650	1614766.00
2012/09/20	3.03	3.17	2.98	3.03	2739285	9160554.00
2012/09/21	3.03	3.10	2.98	3.03	2528065	8418312.00
2012/09/24	3.02	3.04	2.95	3.00	1550800	5099258.00
2012/09/25	2.99	2.99	2.90	2.93	4472901	14387576.00
2012/09/26	2.91	3.00	2.85	2.91	3639725	11694943.00
2012/09/27	2.91	2.97	2.88	2.96	3064599	9860818.00
2012/09/28	2.94	2.98	2.90	2.98	2044343	6598189.00
2012/10/08	2.96	3.00	2.94	2.95	821400	2672229.00
2012/10/09	2.96	3.03	2.95	3.01	2262498	7439316.00
2012/10/10	3.01	3.08	2.97	3.04	3515242	11656100.00
2012/10/11	3.04	3.04	2.99	3.00	1662515	5474326.00
2012/10/12	3.00	3.02	2.97	3.02	1474312	4840644.00
2012/10/15	3.01	3.01	2.96	2.98	652756	2134932.00
2012/10/16	2.99	3.00	2.91	2.96	2101918	6826950.00
2012/10/17	2.94	2.98	2.92	2.97	776700	2524822.00
2012/10/18	2.98	3.04	2.97	3.03	1930722	6390845.00
2012/10/19	3.02	3.04	3.01	3.03	1671598	5546878.00
2012/10/22	3.01	3.04	3.00	3.03	781083	2583234.00
2012/10/23	3.03	3.06	3.01	3.04	1961209	6532574.00
2012/10/24	3.03	3.09	3.00	3.08	2802736	9402515.00
2012/10/25	3.08	3.14	3.05	3.07	2298039	7794287.00
2012/10/26	3.05	3.06	2.97	3.00	1705918	5614520.00
2012/10/29	2.98	3.06	2.97	3.03	846400	2803190.00
2012/10/30	3.03	3.03	2.98	2.99	775400	2553639.00
2012/10/31	2.99	3.00	2.96	2.99	499378	1631138.00
2012/11/01	3.00	3.05	2.97	3.02	2240954	7382521.00
2012/11/02	3.02	3.05	3.00	3.04	1255025	4160577.00
2012/11/05	3.03	3.04	3.00	3.00	1225781	4047794.00
2012/11/06	3.00	3.01	2.97	2.99	827211	2706152.00
2012/11/07	2.99	3.00	2.97	2.99	648400	2120317.00
2012/11/08	2.97	2.98	2.92	2.93	1104381	3578583.00
2012/11/09	2.95	2.95	2.91	2.93	648566	2085200.00
2012/11/12	2.93	2.97	2.93	2.96	740820	2398568.00
2012/11/13	2.95	2.96	2.91	2.93	635900	2043079.00
2012/11/14	2.92	3.02	2.90	2.97	1616345	5243575.00
2012/11/15	2.95	2.95	2.90	2.91	1431325	4583759.00
2012/11/16	2.89	2.90	2.85	2.88	853072	2695991.00
2012/11/19	2.88	2.90	2.86	2.89	347834	1101504.00
2012/11/20	2.90	2.92	2.89	2.90	304600	972474.00
2012/11/21	2.92	2.94	2.86	2.93	638791	2040900.00
2012/11/22	2.93	2.93	2.86	2.87	726590	2308021.00
2012/11/23	2.87	2.90	2.86	2.87	797301	2521355.00
2012/11/26	2.87	2.87	2.85	2.85	414300	1305741.00
2012/11/27	2.85	2.86	2.75	2.76	1837800	5689974.00
2012/11/28	2.77	2.78	2.74	2.75	843245	2573445.00
2012/11/29	2.77	2.82	2.75	2.77	1018606	3133646.00
2012/11/30	2.77	2.81	2.76	2.81	502258	1542964.00
2012/12/03	2.81	2.81	2.76	2.76	653901	2008868.00
2012/12/04	2.75	2.80	2.75	2.80	482858	1478936.00
2012/12/05	2.78	2.90	2.77	2.90	2296399	7248988.00
2012/12/06	2.89	2.89	2.84	2.86	1137798	3582435.00
2012/12/07	2.86	2.92	2.85	2.90	1260251	4012456.00
2012/12/10	2.90	2.94	2.90	2.93	1493345	4798700.00
2012/12/11	2.94	2.94	2.89	2.90	758511	2423247.00
2012/12/12	2.90	2.90	2.86	2.89	889200	2815848.00
2012/12/13	2.88	2.92	2.81	2.82	1506695	4754571.00
2012/12/14	2.84	2.98	2.83	2.96	4005450	12888904.00
2012/12/17	2.97	2.99	2.94	2.97	2099951	6842026.00
2012/12/18	2.97	3.00	2.95	2.96	1666247	5437993.00
2012/12/19	2.96	2.99	2.95	2.97	1576402	5143573.00
2012/12/20	2.96	2.97	2.94	2.96	1338760	4349458.00
2012/12/21	2.97	3.00	2.96	2.97	1008140	3292472.00
2012/12/24	2.95	2.98	2.95	2.98	1149331	3744058.00
2012/12/25	2.97	3.05	2.95	3.05	3381205	11190178.00
2012/12/26	3.06	3.08	3.03	3.06	2383450	7988115.00
2012/12/27	3.06	3.08	3.02	3.02	1764775	5891000.00
2012/12/28	3.03	3.08	3.02	3.07	1812142	6062686.00
2012/12/31	3.09	3.13	3.06	3.11	2618148	8874687.00
2013/01/04	3.13	3.14	3.10	3.11	1562796	5323001.00
2013/01/07	3.12	3.13	3.09	3.11	1149415	3905311.00
2013/01/08	3.11	3.12	3.05	3.10	2445778	8246908.00
2013/01/09	3.10	3.17	3.07	3.14	2433404	8312600.00
2013/01/10	3.12	3.21	3.11	3.16	2895989	10031848.00
2013/01/11	3.19	3.19	3.06	3.08	1578849	5392225.00
2013/01/14	3.06	3.16	3.05	3.16	2986786	10166422.00
2013/01/15	3.16	3.17	3.13	3.16	3179557	10949501.00
2013/01/16	3.16	3.16	3.07	3.10	2454252	8362112.00
2013/01/17	3.11	3.12	3.08	3.10	1314151	4449830.00
2013/01/18	3.10	3.13	3.09	3.13	1647994	5605429.00
2013/01/21	3.13	3.18	3.12	3.17	2839929	9796254.00
2013/01/22	3.17	3.20	3.13	3.16	2877961	9943425.00
2013/01/23	3.14	3.19	3.12	3.16	1501689	5173835.00
2013/01/24	3.16	3.18	3.09	3.11	2874910	9850231.00
2013/01/25	3.10	3.13	3.01	3.05	2692961	9049132.00
2013/01/28	3.05	3.12	3.04	3.11	1891179	6376738.00
2013/01/29	3.11	3.14	3.09	3.13	1760812	5999514.00
2013/01/30	3.12	3.28	3.11	3.25	10556256	37093544.00
2013/01/31	3.24	3.26	3.18	3.22	4510429	15827582.00
2013/02/01	3.28	3.31	3.23	3.25	4588229	16288458.00
2013/02/04	3.26	3.29	3.24	3.25	3470208	12325339.00
2013/02/05	3.24	3.26	3.20	3.26	2382317	8396730.00
2013/02/06	3.24	3.27	3.23	3.25	1646515	5826557.00
2013/02/07	3.24	3.28	3.21	3.28	2213174	7826353.00
2013/02/08	3.27	3.30	3.25	3.27	1953893	6968162.00
2013/02/18	3.29	3.30	3.26	3.28	1861881	6647755.00
2013/02/19	3.27	3.29	3.20	3.23	1994710	7031843.00
2013/02/20	3.21	3.24	3.21	3.24	951587	3345473.00
2013/02/21	3.24	3.25	3.14	3.17	2174942	7536879.00
2013/02/22	3.21	3.21	3.15	3.16	1560834	5419821.00
2013/02/25	3.16	3.19	3.16	3.19	668785	2317979.00
2013/02/26	3.18	3.19	3.08	3.10	1742500	5961754.00
2013/02/27	3.16	3.16	3.08	3.11	1435004	4896911.00
2013/02/28	3.11	3.15	3.10	3.15	3153717	10770113.00
2013/03/01	3.13	3.16	3.12	3.16	3002677	10299493.00
2013/03/04	3.14	3.14	3.02	3.06	2540100	8550197.00
2013/03/05	3.06	3.09	3.04	3.08	1956170	6559597.00
2013/03/06	3.09	3.13	3.05	3.13	2721890	9233212.00
2013/03/07	3.12	3.14	3.09	3.10	1450331	4941043.00
2013/03/08	3.09	3.12	3.09	3.09	810092	2746103.00
2013/03/11	3.11	3.11	3.08	3.10	964033	3258141.00
2013/03/12	3.10	3.12	3.01	3.04	2147392	7170069.00
2013/03/13	3.03	3.04	2.98	2.98	1345411	4428571.00
2013/03/14	3.00	3.01	2.97	2.99	632551	2075697.00
2013/03/15	3.00	3.03	2.95	2.98	1438206	4709322.00
2013/03/18	2.98	2.99	2.95	2.96	774555	2519130.00
2013/03/19	2.98	2.99	2.95	2.99	709350	2312859.00
2013/03/20	2.97	3.06	2.97	3.05	1685925	5598166.00
2013/03/21	3.05	3.08	3.04	3.06	1068442	3577679.00
2013/03/22	3.06	3.08	3.05	3.08	777787	2613377.00
2013/03/25	3.07	3.09	3.05	3.07	608709	2039424.00
2013/03/26	3.07	3.07	3.02	3.03	949700	3158248.00
2013/03/27	3.03	3.06	3.02	3.03	531645	1764955.00
2013/03/28	3.02	3.02	2.96	2.97	1220157	3994829.00
2013/03/29	2.98	3.00	2.96	2.99	399957	1308377.00
2013/04/01	2.99	3.00	2.97	2.99	784901	2572796.00
2013/04/02	2.98	3.02	2.95	2.97	690662	2264693.00
2013/04/03	2.96	2.98	2.95	2.95	522672	1701868.00
2013/04/08	2.96	2.96	2.91	2.94	912418	2935766.00
2013/04/09	2.94	3.01	2.92	3.00	1330617	4337441.00
2013/04/10	3.05	3.17	3.05	3.11	5856485	19847504.00
2013/04/11	3.08	3.10	3.01	3.02	2177400	7259035.00
2013/04/12	3.01	3.01	2.95	2.97	1264796	4134822.00
2013/04/15	2.96	2.98	2.91	2.94	1008758	3256936.00
2013/04/16	2.94	2.97	2.92	2.97	698173	2265803.00
2013/04/17	2.97	3.00	2.95	2.96	662041	2159675.00
2013/04/18	2.94	2.97	2.93	2.95	524624	1699507.00
2013/04/19	2.94	3.00	2.94	3.00	924848	3027425.00
2013/04/22	3.00	3.00	2.96	2.99	1129600	3690342.00
2013/04/23	2.99	2.99	2.93	2.95	909585	2947652.00
2013/04/24	2.94	2.98	2.93	2.95	507437	1647192.00
2013/04/25	2.97	2.98	2.92	2.93	820130	2653975.00
2013/04/26	2.94	3.02	2.92	2.96	2192292	7148823.00
2013/05/02	2.94	2.96	2.89	2.93	1114993	3587109.00
2013/05/03	2.93	2.97	2.92	2.95	965244	3125245.00
2013/05/06	2.95	2.98	2.95	2.97	949749	3092835.00
2013/05/07	2.97	2.98	2.95	2.97	712160	2320996.00
2013/05/08	2.97	3.00	2.96	2.97	1019164	3325199.00
2013/05/09	2.99	2.99	2.93	2.96	731944	2379130.00
2013/05/10	2.96	2.97	2.94	2.96	693560	2251670.00
2013/05/13	2.97	2.99	2.95	2.98	860136	2809483.00
2013/05/14	2.97	3.00	2.95	2.97	545720	1778094.00
2013/05/15	2.97	2.99	2.96	2.97	410189	1338119.00
2013/05/16	2.98	3.01	2.94	3.00	1274018	4161858.00
2013/05/17	2.99	3.04	2.98	3.03	1875228	6188488.00
2013/05/20	3.03	3.13	3.01	3.11	6807128	22898420.00
2013/05/21	3.11	3.19	3.06	3.09	6993217	23746502.00
2013/05/22	3.10	3.12	3.07	3.09	2919651	9881539.00
2013/05/23	3.09	3.09	3.06	3.07	1211000	4069301.00
2013/05/24	3.06	3.09	3.05	3.08	1131539	3803585.00
2013/05/27	3.09	3.10	3.06	3.08	2063088	6939906.00
2013/05/28	3.08	3.10	3.06	3.10	1337608	4332004.00
2013/05/29	3.10	3.10	3.07	3.10	1085296	3521446.00
2013/05/30	3.07	3.09	3.07	3.07	959321	3106196.00
2013/05/31	3.08	3.09	3.07	3.08	1201420	3890185.00
2013/06/03	3.09	3.09	3.06	3.08	1359770	4398893.00
2013/06/04	3.04	3.08	3.04	3.06	2258775	7255604.00
2013/06/05	3.04	3.08	3.04	3.06	1398945	4502718.00
2013/06/06	3.06	3.07	3.03	3.04	1181866	3796196.00
2013/06/07	3.05	3.05	2.97	2.98	1065220	3373021.00
2013/06/13	2.99	3.12	2.88	3.01	4991931	15753476.00
2013/06/14	3.00	3.05	2.95	3.03	2947469	9300528.00
2013/06/17	3.02	3.03	2.99	3.00	987589	3120579.00
2013/06/18	2.99	3.10	2.98	3.03	1653242	5271572.00
2013/06/19	3.02	3.02	2.97	2.98	906264	2853665.00
2013/06/20	2.97	2.98	2.84	2.92	1283000	3923135.00
2013/06/21	2.86	2.89	2.84	2.86	1187233	3585302.00
2013/06/24	2.85	2.87	2.72	2.75	1648850	4842578.00
2013/06/25	2.73	2.77	2.59	2.72	1263549	3595654.00
2013/06/26	2.72	2.72	2.67	2.70	975035	2781405.00
2013/06/27	2.74	2.75	2.66	2.69	1284868	3673625.00
2013/06/28	2.69	2.75	2.67	2.71	556790	1601420.00
2013/07/01	2.71	2.75	2.69	2.74	535051	1541573.00
2013/07/02	2.75	2.75	2.66	2.72	856150	2466194.00
2013/07/03	2.70	2.72	2.60	2.65	1749215	4891809.00
2013/07/04	2.63	2.67	2.57	2.62	13027092	36155448.00
2013/07/05	2.59	2.63	2.57	2.61	5959216	16458377.00
2013/07/08	2.58	2.59	2.49	2.50	3738111	10097829.00
2013/07/09	2.50	2.51	2.47	2.49	1067151	2829383.00
2013/07/10	2.48	2.55	2.48	2.54	1660416	4444749.00
2013/07/11	2.54	2.64	2.54	2.61	4627547	12732638.00
2013/07/12	2.61	2.62	2.58	2.59	2563101	7081116.00
2013/07/15	2.59	2.63	2.59	2.60	1266201	3503253.00
2013/07/16	2.62	2.62	2.58	2.60	1463333	4041791.00
2013/07/17	2.59	2.62	2.58	2.58	1984235	5469914.00
2013/07/18	2.57	2.58	2.54	2.55	992615	2698259.00
2013/07/19	2.55	2.57	2.50	2.50	1110460	2997856.00
2013/07/22	2.50	2.52	2.48	2.49	1116643	2962404.00
2013/07/23	2.50	2.56	2.49	2.55	1149451	3096558.00
2013/07/24	2.55	2.55	2.50	2.53	941998	2528449.00
2013/07/25	2.54	2.56	2.53	2.54	859321	2320785.00
2013/07/26	2.53	2.54	2.50	2.51	713277	1906973.00
2013/07/29	2.49	2.50	2.47	2.47	1317086	3477236.00
2013/07/30	2.48	2.52	2.47	2.50	705352	1874789.00
2013/07/31	2.51	2.53	2.49	2.50	711074	1897473.00
2013/08/01	2.49	2.56	2.49	2.54	2456517	6562942.00
2013/08/02	2.54	2.59	2.52	2.54	2386334	6472674.00
2013/08/05	2.54	2.59	2.53	2.57	1367803	3726071.00
2013/08/06	2.58	2.59	2.55	2.59	1376581	3758056.00
2013/08/07	2.59	2.59	2.56	2.57	1378249	3770171.00
2013/08/08	2.58	2.58	2.55	2.56	615400	1678150.00
2013/08/09	2.57	2.59	2.55	2.58	912952	2493014.00
2013/08/12	2.57	2.66	2.57	2.65	2467419	6856397.00
2013/08/13	2.64	2.67	2.64	2.66	2416411	6808071.00
2013/08/14	2.67	2.72	2.64	2.64	3021990	8579487.00
2013/08/15	2.62	2.70	2.61	2.67	1943404	5463784.00
2013/08/16	2.76	2.79	2.69	2.70	10812335	31299384.00
2013/08/19	2.66	2.69	2.61	2.66	4928278	13848474.00
2013/08/20	2.65	2.68	2.64	2.64	3062144	8643865.00
2013/08/21	2.64	2.64	2.61	2.62	1483227	4126988.00
2013/08/22	2.62	2.64	2.60	2.62	1547734	4309802.00
2013/08/23	2.62	2.72	2.62	2.69	5067476	14324921.00
2013/08/26	2.69	2.71	2.67	2.69	3365616	9584305.00
2013/08/27	2.69	2.76	2.67	2.75	5013000	14385252.00
2013/08/28	2.72	2.76	2.70	2.74	3533327	10212401.00
2013/08/29	2.74	2.90	2.72	2.84	8828929	26287790.00
2013/08/30	2.83	2.95	2.81	2.89	8518180	25977936.00
2013/09/02	2.91	2.91	2.79	2.80	4704392	14112790.00
2013/09/03	2.80	2.85	2.79	2.84	2451962	7303029.00
2013/09/04	2.84	2.84	2.80	2.82	1986708	5918848.00
2013/09/05	2.81	2.82	2.76	2.77	1900340	5592199.00
2013/09/06	2.74	2.80	2.74	2.78	2157026	6318593.00
2013/09/09	2.78	2.89	2.77	2.87	4217690	12723992.00
2013/09/10	2.86	3.01	2.84	2.96	7131910	22212732.00
2013/09/11	2.97	3.08	2.95	2.98	7271032	23063228.00
2013/09/12	2.98	3.26	2.93	3.10	11113922	36243268.00
2013/09/13	3.09	3.19	2.99	3.08	5944315	19294832.00
2013/09/16	3.06	3.09	2.94	3.00	3668998	11656564.00
2013/09/17	3.02	3.06	2.92	2.93	3226900	10110774.00
2013/09/18	2.97	2.97	2.89	2.96	1986423	6142030.00
2013/09/23	2.96	3.13	2.93	3.04	2987872	9505900.00
2013/09/24	3.05	3.07	2.97	3.00	2106562	6670743.00
2013/09/25	3.00	3.02	2.96	3.00	2311707	7268683.00
2013/09/26	2.99	2.99	2.90	2.90	2496310	7749130.00
2013/09/27	2.89	2.93	2.87	2.92	1839028	5611790.00
2013/09/30	2.92	2.99	2.89	2.96	2376276	7377237.00
2013/10/08	2.95	3.03	2.90	3.02	2995430	9444440.00
2013/10/09	3.01	3.34	2.99	3.34	18772931	63666228.00
2013/10/10	3.35	3.35	3.26	3.34	7378858	25503380.00
2013/10/11	3.34	3.59	3.29	3.56	10409364	37231916.00
2013/10/14	3.48	3.59	3.46	3.53	6938089	25513488.00
2013/10/15	3.57	3.82	3.51	3.64	9573954	36014628.00
2013/10/16	3.67	3.67	3.46	3.53	6170221	22661584.00
2013/10/17	3.52	3.56	3.43	3.48	3556815	12925986.00
2013/10/18	3.48	3.51	3.44	3.50	1678508	6095703.00
2013/10/21	3.51	3.60	3.50	3.55	3747906	13898902.00
2013/10/22	3.56	3.56	3.44	3.47	3427200	12465514.00
2013/10/23	3.48	3.55	3.43	3.49	2732793	9923172.00
2013/10/24	3.46	3.50	3.40	3.46	3207744	11587650.00
2013/10/25	3.43	3.48	3.35	3.41	2055990	7326143.00
2013/10/28	3.41	3.42	3.36	3.38	1362401	4823342.00
2013/10/29	3.41	3.43	3.28	3.33	3138895	11006532.00
2013/10/30	3.33	3.38	3.29	3.37	1795670	6299425.00
2013/10/31	3.37	3.43	3.27	3.32	2700109	9493909.00
2013/11/01	3.32	3.32	3.24	3.27	2414366	8294091.00
2013/11/04	3.25	3.33	3.25	3.32	2019002	6977758.00
2013/11/05	3.31	3.33	3.24	3.33	1013174	3497226.00
2013/11/06	3.31	3.36	3.30	3.33	794082	2771659.00
2013/11/07	3.34	3.37	3.31	3.34	1648866	5773986.00
2013/11/08	3.34	3.40	3.32	3.38	1230474	4317652.00
2013/11/11	3.42	3.42	3.31	3.36	1219372	4308746.00
2013/11/12	3.36	3.37	3.30	3.31	1690035	5901398.00
2013/11/13	3.31	3.33	3.23	3.26	1194043	4084481.00
2013/11/14	3.21	3.27	3.21	3.27	913799	3107144.00
2013/11/15	3.29	3.36	3.25	3.30	1856520	6437217.00
2013/11/18	3.29	3.35	3.29	3.35	2482708	8631119.00
2013/11/19	3.33	3.37	3.32	3.36	2596184	9096543.00
2013/11/20	3.36	3.36	3.32	3.35	1927031	6727152.00
2013/11/21	3.33	3.37	3.31	3.34	2040711	7115943.00
2013/11/22	3.34	3.37	3.31	3.36	3074318	10770670.00
2013/11/25	3.36	3.44	3.35	3.40	4399443	15711605.00
2013/11/26	3.38	3.41	3.36	3.40	2002900	7093050.00
2013/11/27	3.38	3.67	3.38	3.65	18046359	66895356.00
2013/11/28	3.65	3.72	3.54	3.66	9901295	37385440.00
2013/11/29	3.64	3.72	3.60	3.68	5801566	22212528.00
2013/12/02	3.66	3.66	3.53	3.55	4085388	15246505.00
2013/12/03	3.51	3.65	3.51	3.65	1970991	7398983.00
2013/12/04	3.65	3.80	3.62	3.75	8556232	33388214.00
2013/12/05	3.74	3.74	3.68	3.70	2330480	8997589.00
2013/12/06	3.74	3.90	3.74	3.80	8680481	34781252.00
2013/12/09	3.80	3.80	3.70	3.77	3099279	12086335.00
2013/12/10	3.77	3.77	3.71	3.74	1732459	6734562.00
2013/12/11	3.73	3.74	3.68	3.69	1567427	6045002.00
2013/12/12	3.69	3.70	3.65	3.67	1197190	4588248.00
2013/12/13	3.67	3.70	3.65	3.69	1242338	4760719.00
2013/12/16	3.69	3.71	3.46	3.52	2664006	9974371.00
2013/12/17	3.52	3.53	3.48	3.52	878939	3218494.00
2013/12/18	3.50	3.58	3.50	3.54	782601	2898615.00
2013/12/19	3.54	3.57	3.39	3.46	1310782	4778606.00
2013/12/20	3.44	3.49	3.17	3.25	13112900	44867464.00
2013/12/23	3.23	3.24	3.16	3.21	3147069	10583900.00
2013/12/24	3.20	3.26	3.20	3.23	2187030	7435970.00
2013/12/25	3.23	3.30	3.21	3.24	853950	2901985.00
2013/12/26	3.26	3.26	3.12	3.14	2782870	9278940.00
2013/12/27	3.17	3.25	3.15	3.20	3999618	13459741.00
2013/12/30	3.24	3.28	3.05	3.07	6643046	21931992.00
2013/12/31	3.08	3.21	3.07	3.21	5156188	17057850.00
2014/01/02	3.20	3.25	3.18	3.22	1759985	5959227.00
2014/01/03	3.23	3.23	3.14	3.20	1242357	4144097.00
2014/01/06	3.20	3.20	3.10	3.12	1320459	4360165.00
2014/01/07	3.11	3.24	3.10	3.17	895759	2979305.00
2014/01/08	3.18	3.20	3.08	3.11	928812	3062389.00
2014/01/09	3.10	3.17	3.10	3.12	869295	2861240.00
2014/01/10	3.10	3.10	3.04	3.06	753072	2430583.00
2014/01/13	3.05	3.10	3.04	3.06	1145357	3693289.00
2014/01/14	3.09	3.11	3.05	3.11	945463	3053590.00
2014/01/15	3.11	3.15	3.08	3.12	1122773	3681312.00
2014/01/16	3.09	3.34	3.09	3.28	3375039	11389930.00
2014/01/17	3.32	3.33	3.22	3.26	2289308	7801773.00
2014/01/20	3.25	3.26	3.21	3.23	1132566	3842745.00
2014/01/21	3.24	3.32	3.20	3.24	3976885	13555681.00
2014/01/22	3.25	3.34	3.24	3.32	5173539	17910706.00
2014/01/23	3.34	3.55	3.32	3.54	11517552	41660880.00
2014/01/24	3.50	3.71	3.50	3.68	13290318	50259980.00
2014/01/28	3.54	3.54	3.30	3.41	15626895	55515744.00
2014/01/29	3.38	3.49	3.33	3.42	7812068	27922072.00
2014/01/30	3.36	3.44	3.32	3.35	3165810	11128887.00
2014/02/07	3.33	3.37	3.31	3.35	1994220	6971936.00
2014/02/10	3.35	3.42	3.35	3.41	6180629	21968458.00
2014/02/11	3.40	3.41	3.34	3.38	4540067	16078285.00
2014/02/12	3.37	3.50	3.36	3.48	8996225	32460124.00
2014/02/13	3.46	3.50	3.41	3.42	4512159	16254634.00
2014/02/14	3.40	3.46	3.40	3.45	1956911	7027324.00
2014/02/17	3.46	3.51	3.43	3.45	3841146	13906850.00
2014/02/18	3.46	3.47	3.39	3.40	2030522	7254854.00
2014/02/19	3.38	3.48	3.38	3.46	3314111	11847004.00
2014/02/20	3.46	3.48	3.38	3.44	2948046	10592990.00
2014/02/21	3.43	3.45	3.35	3.36	1614620	5729236.00
2014/02/24	3.32	3.36	3.22	3.25	3854217	13229237.00
2014/02/25	3.26	3.29	3.21	3.24	3161071	10788002.00
2014/02/26	3.27	3.29	3.20	3.26	1358541	4620297.00
2014/02/27	3.26	3.41	3.26	3.31	2146134	7458351.00
2014/02/28	3.32	3.35	3.28	3.34	1619437	5638848.00
2014/03/03	3.37	3.49	3.30	3.39	2796936	9924060.00
2014/03/04	3.35	3.41	3.32	3.38	2619343	9212300.00
2014/03/05	3.42	3.42	3.36	3.41	1410918	5007735.00
2014/03/06	3.37	3.43	3.34	3.41	2621595	9307041.00
2014/03/07	3.41	3.43	3.38	3.41	1375033	4901154.00
2014/03/10	3.42	3.42	3.32	3.32	2097000	7363142.00
2014/03/11	3.28	3.33	3.25	3.32	1246641	4303640.00
2014/03/12	3.26	3.32	3.26	3.30	624833	2156205.00
2014/03/13	3.30	3.42	3.30	3.35	1001131	3525667.00
2014/03/14	3.34	3.38	3.32	3.37	956363	3354857.00
2014/03/17	3.40	3.40	3.35	3.38	1375525	4859712.00
2014/03/18	3.38	3.41	3.35	3.37	1886160	6677391.00
2014/03/19	3.36	3.47	3.34	3.46	5818890	20763922.00
2014/03/20	3.44	3.50	3.38	3.39	2618663	9445728.00
2014/03/21	3.31	3.49	3.31	3.45	2925861	10519078.00
2014/03/24	3.47	3.59	3.43	3.55	5437107	19988234.00
2014/03/25	3.53	3.62	3.53	3.56	4536427	16971284.00
2014/03/26	3.55	3.59	3.50	3.52	2047360	7562200.00
2014/03/27	3.52	3.66	3.46	3.47	4222854	15659949.00
2014/03/28	3.49	3.52	3.47	3.48	2042142	7442161.00
2014/03/31	3.48	3.52	3.39	3.44	1795535	6492706.00
2014/04/01	3.42	3.47	3.41	3.44	1216568	4371515.00
2014/04/02	3.44	3.46	3.38	3.41	1800408	6463612.00
2014/04/03	3.40	3.44	3.39	3.43	1232191	4399098.00
2014/04/04	3.43	3.43	3.39	3.42	1209350	4306122.00
2014/04/08	3.42	3.46	3.40	3.45	1973914	7105539.00
2014/04/09	3.45	3.48	3.44	3.46	2483438	8999051.00
2014/04/10	3.48	3.60	3.46	3.54	3928514	14484251.00
2014/04/11	3.56	3.68	3.55	3.57	6199162	23314088.00
2014/04/14	3.54	3.54	3.46	3.52	5664603	20678690.00
2014/04/15	3.49	3.50	3.45	3.48	3400217	12368241.00
2014/04/16	3.47	3.56	3.45	3.50	7394035	27129540.00
2014/04/17	3.49	3.56	3.45	3.46	2477170	9042605.00
2014/04/18	3.45	3.46	3.41	3.45	1727505	6209056.00
2014/04/21	3.44	3.49	3.39	3.40	2458871	8862207.00
2014/04/22	3.37	3.45	3.37	3.45	2475503	8860446.00
2014/04/23	3.45	3.47	3.41	3.46	1384143	4997541.00
2014/04/24	3.48	3.51	3.44	3.49	2353157	8584281.00
2014/04/25	3.47	3.49	3.41	3.43	1598166	5753711.00
2014/04/28	3.40	3.44	3.32	3.33	1923234	6807181.00
2014/04/29	3.32	3.37	3.30	3.34	2454937	8562091.00
2014/04/30	3.39	3.40	3.35	3.39	1422711	5037128.00
2014/05/05	3.39	3.56	3.38	3.54	4798333	17543842.00
2014/05/06	3.56	3.59	3.51	3.55	5442196	20212976.00
2014/05/07	3.54	3.55	3.50	3.54	3931245	14489631.00
2014/05/08	3.55	3.64	3.55	3.61	4847513	18286552.00
2014/05/09	3.61	3.67	3.59	3.61	2819478	10665434.00
2014/05/12	3.63	3.66	3.56	3.61	3433056	12955850.00
2014/05/13	3.60	3.65	3.59	3.60	3324860	12546802.00
2014/05/14	3.58	3.63	3.57	3.62	4408969	16650758.00
2014/05/15	3.62	3.63	3.54	3.55	2817292	10565863.00
2014/05/16	3.56	3.58	3.54	3.57	1439179	5360703.00
2014/05/19	3.58	3.58	3.51	3.53	2238037	8263363.00
2014/05/20	3.55	3.61	3.53	3.55	3353518	12552691.00
2014/05/21	3.56	3.61	3.54	3.61	2156174	8044717.00
2014/05/22	3.61	3.67	3.58	3.59	2832890	10727543.00
2014/05/23	3.58	3.63	3.57	3.63	2078073	7799087.00
2014/05/26	3.64	3.73	3.61	3.67	9680456	37194464.00
2014/05/27	3.72	3.72	3.65	3.65	3159298	11609477.00
2014/05/28	3.65	3.67	3.61	3.65	2882306	10501553.00
2014/05/29	3.65	3.68	3.60	3.61	3738179	13560517.00
2014/05/30	3.62	3.62	3.56	3.57	3182636	11420421.00
2014/06/03	3.58	3.60	3.56	3.57	1794319	6411557.00
2014/06/04	3.57	3.60	3.51	3.55	2727032	9670674.00
2014/06/05	3.56	3.56	3.51	3.54	2557035	9028788.00
2014/06/06	3.55	3.55	3.46	3.51	3234104	11328862.00
2014/06/09	3.48	3.52	3.48	3.52	1940547	6795724.00
2014/06/10	3.52	3.56	3.51	3.55	2434448	8615765.00
2014/06/11	3.54	3.56	3.52	3.55	1631587	5781102.00
2014/06/12	3.54	3.55	3.51	3.53	1410316	4964107.00
2014/06/13	3.53	3.60	3.51	3.59	3007536	10719514.00
2014/06/16	3.58	3.61	3.56	3.58	1853920	6648020.00
2014/06/17	3.58	3.58	3.53	3.54	1899800	6751879.00
2014/06/18	3.55	3.56	3.47	3.49	4132012	14528716.00
2014/06/19	3.51	3.52	3.44	3.45	2691386	9375668.00
2014/06/20	3.47	3.49	3.45	3.48	2100438	7303619.00
2014/06/23	3.49	3.53	3.46	3.52	2816620	9851249.00
2014/06/24	3.51	3.55	3.48	3.54	2382208	8364363.00
2014/06/25	3.54	3.56	3.49	3.55	2579260	9121257.00
2014/06/26	3.55	3.60	3.55	3.59	2543998	9107942.00
2014/06/27	3.59	3.62	3.57	3.60	2071588	7472276.00
2014/06/30	3.62	3.66	3.60	3.66	3435735	12500427.00
2014/07/01	3.66	3.67	3.61	3.64	2404046	8744217.00
2014/07/02	3.64	3.67	3.62	3.66	1825232	6653870.00
2014/07/03	3.66	3.73	3.65	3.67	3279572	12108561.00
2014/07/04	3.68	3.68	3.65	3.67	2286677	8376344.00
2014/07/07	3.67	3.68	3.63	3.66	1373871	5022348.00
2014/07/08	3.65	3.75	3.65	3.71	3322387	12278079.00
2014/07/09	3.69	3.71	3.59	3.61	3108435	11336092.00
2014/07/10	3.61	3.65	3.60	3.64	1920864	6974192.00
2014/07/11	3.63	3.82	3.63	3.74	5718159	21387034.00
2014/07/14	3.72	3.81	3.72	3.80	4744717	17979286.00
2014/07/15	3.80	3.83	3.76	3.80	3826176	14543586.00
2014/07/16	3.82	3.87	3.79	3.82	3246031	12418777.00
2014/07/17	3.82	3.84	3.75	3.79	2869868	10891816.00
2014/07/18	3.77	3.83	3.75	3.80	2410185	9169001.00
2014/07/21	3.79	3.84	3.76	3.84	2753904	10463928.00
2014/07/22	3.84	3.87	3.80	3.84	2773684	10642175.00
2014/07/23	3.83	3.96	3.83	3.91	7415069	28764756.00
2014/07/24	3.90	3.96	3.88	3.94	4935632	19301532.00
2014/07/25	3.94	4.14	3.91	4.06	6507893	25910088.00
2014/07/28	4.03	4.18	4.03	4.15	8867412	36367088.00
2014/07/29	4.15	4.19	4.04	4.07	9241852	37922376.00
2014/07/30	4.05	4.12	4.04	4.10	4622766	18892920.00
2014/07/31	4.09	4.15	4.05	4.15	4074055	16679490.00
2014/08/01	4.12	4.16	4.09	4.11	4593478	18967804.00
2014/08/04	4.11	4.15	4.08	4.14	4289898	17702840.00
2014/08/05	4.15	4.28	4.14	4.28	6075576	25729976.00
2014/08/06	4.26	4.29	4.22	4.28	2438661	10365353.00
2014/08/07	4.28	4.32	4.20	4.21	3570979	15199254.00
2014/08/08	4.20	4.24	4.19	4.22	2141568	9035575.00
2014/08/11	4.25	4.29	4.24	4.26	2336865	9969937.00
2014/08/12	4.25	4.27	4.22	4.26	1804576	7652433.00
2014/08/13	4.24	4.32	4.22	4.32	3474112	14889343.00
2014/08/14	4.37	4.75	4.35	4.62	19973890	93267200.00
2014/08/15	4.60	4.60	4.43	4.52	12851692	57688364.00
2014/08/18	4.55	4.61	4.51	4.61	6750134	30739142.00
2014/08/19	4.66	4.98	4.61	4.87	11886075	56834188.00
2014/08/20	4.92	5.05	4.83	4.95	15847228	78516008.00
2014/08/21	4.91	4.95	4.76	4.92	10137897	49146184.00
2014/08/22	4.86	4.92	4.80	4.87	6634167	32196260.00
2014/08/25	4.88	4.90	4.80	4.85	4854095	23544428.00
2014/08/26	4.83	4.83	4.55	4.63	8371086	39510200.00
2014/08/27	4.61	4.72	4.59	4.69	5578857	26106584.00
2014/08/28	4.66	4.72	4.63	4.65	3277542	15313317.00
2014/08/29	4.64	4.72	4.63	4.70	2875330	13456291.00
2014/09/01	4.68	4.78	4.68	4.78	4268028	20320518.00
2014/09/02	4.81	4.87	4.75	4.86	7356485	35353816.00
2014/09/03	4.86	4.93	4.84	4.90	7367419	36056616.00
2014/09/04	4.90	4.91	4.84	4.89	6914879	33723232.00
2014/09/05	4.90	4.91	4.80	4.83	11176178	54019760.00
2014/09/09	4.82	4.89	4.82	4.89	5938029	28875236.00
2014/09/10	4.87	4.92	4.84	4.89	5880509	28760564.00
2014/09/11	4.90	5.32	4.87	5.20	21634860	111157072.00
2014/09/12	5.20	5.20	5.02	5.17	12262531	62628784.00
2014/09/15	5.17	5.23	5.10	5.23	6955921	36004540.00
2014/09/16	5.23	5.43	5.20	5.23	13407386	71053416.00
2014/09/17	5.22	5.34	5.14	5.29	7860034	41296772.00
2014/09/18	5.28	5.48	5.25	5.30	9063868	48320628.00
2014/09/19	5.31	5.38	5.19	5.30	7071451	37305580.00
2014/09/22	5.28	5.29	5.11	5.13	6409390	33170364.00
2014/09/23	5.11	5.23	5.11	5.19	4546384	23518888.00
2014/09/24	5.16	5.25	5.16	5.22	5364652	27961492.00
2014/09/25	5.23	5.34	5.21	5.23	6587719	34708308.00
2014/09/26	5.22	5.31	5.18	5.26	4233385	22272136.00
2014/09/29	5.26	5.30	5.25	5.27	7826970	41338644.00
2014/09/30	5.28	5.44	5.28	5.41	9884454	53162016.00
2014/10/08	5.47	5.76	5.38	5.68	14903411	83534232.00
2014/10/09	5.69	5.75	5.56	5.67	12189906	68789792.00
2014/10/10	5.66	5.66	5.57	5.59	8598446	48089660.00
2014/10/13	5.56	5.64	5.40	5.62	7343822	40345944.00
2014/10/14	5.60	5.61	5.50	5.56	5895244	32700380.00
2014/10/15	5.54	5.62	5.50	5.61	5904875	32884196.00
2014/10/16	5.57	5.60	5.51	5.53	8471831	47003852.00
2014/10/17	5.51	5.52	5.37	5.43	6639612	36063304.00
2014/10/20	5.42	5.57	5.42	5.55	5737728	31680056.00
2014/10/21	5.59	5.59	5.53	5.56	5750617	31928040.00
2014/10/22	5.52	5.55	5.43	5.51	5771428	31616808.00
2014/10/23	5.48	5.49	5.33	5.38	5882734	31692552.00
2014/10/24	5.35	5.41	5.34	5.37	4309987	23127620.00
2014/10/27	5.36	5.45	5.30	5.41	3966891	21472656.00
2014/10/28	5.43	5.52	5.43	5.51	5864751	32209366.00
2014/10/29	5.56	5.73	5.52	5.72	12462180	70088624.00
2014/10/30	5.69	6.01	5.66	5.85	16179047	94488968.00
2014/10/31	5.87	5.99	5.78	5.92	15363867	90284440.00
2014/11/03	5.94	6.33	5.94	6.27	20626271	126551008.00
2014/11/04	6.24	6.24	6.08	6.14	13632686	83836912.00
2014/11/05	6.14	6.14	5.91	5.92	12621205	75515504.00
2014/11/06	5.95	6.06	5.90	5.97	8427923	50287712.00
2014/11/07	5.97	6.04	5.83	5.87	10614143	63188420.00
2014/11/10	5.88	6.02	5.88	6.01	10299236	61514724.00
2014/11/11	6.06	6.28	5.87	5.94	16482034	99964256.00
2014/11/12	5.90	6.00	5.83	6.00	7100362	42191424.00
2014/11/13	6.00	6.01	5.90	5.99	6610925	39449600.00
2014/11/14	5.95	5.99	5.84	5.90	7986948	47076196.00
2014/11/17	6.08	6.12	5.93	5.94	6036517	36206492.00
2014/11/18	5.95	6.03	5.87	5.99	7021715	41761680.00
2014/11/19	5.99	6.00	5.91	5.95	4748268	28240076.00
2014/11/20	5.95	5.95	5.88	5.92	3188413	18858340.00
2014/11/21	5.93	6.04	5.90	6.01	5785915	34419104.00
2014/11/24	6.05	6.18	6.01	6.13	11675466	71236456.00
2014/11/25	6.13	6.19	6.08	6.14	8321017	51022500.00
2014/11/26	6.18	6.20	6.08	6.13	8102242	49524604.00
2014/11/27	6.13	6.17	6.12	6.16	9221069	56745220.00
2014/11/28	6.17	6.32	6.10	6.23	14458485	89966080.00
2014/12/01	6.26	6.85	6.25	6.60	32518553	215298864.00
2014/12/02	6.57	6.71	6.42	6.65	18080973	118390552.00
2014/12/03	6.68	6.77	6.52	6.61	19190127	127518536.00
2014/12/04	6.61	7.04	6.56	6.96	21246719	145781456.00
2014/12/05	7.00	7.03	6.30	6.66	21855373	147180560.00
2014/12/08	6.60	6.85	6.41	6.84	18945146	127425232.00
2014/12/09	6.80	7.51	6.69	6.93	36078131	257653232.00
2014/12/10	6.80	7.48	6.80	7.46	24374869	175336928.00
2014/12/11	7.46	8.18	7.46	8.17	36612171	291994624.00
2014/12/12	8.25	8.94	8.25	8.30	32465588	274823168.00
2014/12/15	8.30	8.80	7.95	8.64	28681511	237716784.00
2014/12/16	8.50	8.70	8.32	8.47	19476472	164871520.00
2014/12/17	8.44	8.54	8.21	8.32	16486215	137888352.00
2014/12/18	8.20	8.40	8.12	8.30	12754217	105527792.00
2014/12/19	8.28	9.00	8.16	8.79	26310826	226090720.00
2014/12/22	8.83	9.05	8.24	8.48	23584025	202312032.00
2014/12/23	8.50	8.54	8.15	8.20	12063965	100045224.00
2014/12/24	8.16	8.28	7.70	7.90	16668014	132166744.00
2014/12/25	7.91	8.13	7.81	8.12	12402476	99163168.00
2014/12/26	8.16	8.26	8.05	8.26	15841320	129671760.00
2014/12/29	8.30	8.58	8.10	8.31	21540094	180310016.00
2014/12/30	8.30	8.30	8.01	8.09	10047019	81852488.00
2014/12/31	8.06	8.38	8.06	8.29	10433617	86255224.00
2015/01/05	8.33	8.68	8.28	8.57	23860961	202459632.00
2015/01/06	8.58	9.43	8.58	9.40	43758076	400543904.00
2015/01/07	9.25	9.25	9.00	9.16	21050043	191514624.00
2015/01/08	9.06	9.10	8.70	8.71	16345486	144403424.00
2015/01/09	8.70	8.90	8.59	8.69	10709245	94028968.00
2015/01/12	8.61	8.67	8.29	8.35	11065660	93280920.00
2015/01/13	8.35	8.47	8.25	8.37	6997302	58666060.00
2015/01/14	8.41	8.42	8.16	8.20	8260284	68115816.00
2015/01/15	8.18	8.55	8.18	8.52	9225880	77481064.00
2015/01/16	8.60	8.72	8.45	8.59	8467242	72481968.00
2015/01/19	8.24	8.37	7.73	7.80	14530829	116541448.00
2015/01/20	7.82	8.13	7.82	8.10	8617023	69123960.00
2015/01/21	8.10	8.45	8.08	8.45	10130240	84444904.00
2015/01/22	8.50	8.55	8.38	8.43	6913953	58442612.00
2015/01/23	8.47	8.47	8.30	8.33	7320096	61309384.00
2015/01/26	8.32	8.65	8.30	8.57	8138810	68889384.00
2015/01/27	8.60	8.64	8.30	8.54	9372607	79457304.00
2015/01/28	8.55	8.57	8.40	8.45	5615084	47512940.00
2015/01/29	8.58	9.30	8.50	8.80	26141167	232774720.00
2015/01/30	8.80	8.90	8.48	8.51	13632325	117419920.00
2015/02/02	8.31	8.33	8.00	8.04	13023657	105881872.00
2015/02/03	8.05	8.20	8.02	8.15	7239187	58774880.00
2015/02/04	8.15	8.26	8.07	8.09	5302250	43301388.00
2015/02/05	8.24	8.24	8.01	8.02	5587663	45142776.00
2015/02/06	7.91	7.99	7.77	7.84	5231720	41160516.00
2015/02/09	7.76	7.81	7.62	7.73	5953067	45917520.00
2015/02/10	7.62	7.88	7.62	7.83	3297155	25738006.00
2015/02/11	7.88	7.92	7.83	7.89	2946511	23222772.00
2015/02/12	7.89	7.96	7.82	7.89	3287247	25947752.00
2015/02/13	7.90	8.11	7.90	8.06	5634460	45368788.00
2015/02/16	8.07	8.10	8.01	8.08	4159842	33537256.00
2015/02/17	8.08	8.15	8.04	8.15	4576472	37114940.00
2015/02/25	8.19	8.19	8.05	8.08	4436347	35982448.00
2015/02/26	8.08	8.28	8.05	8.26	5618652	46058340.00
2015/02/27	8.28	8.29	8.18	8.23	5427518	44677720.00
2015/03/02	8.27	8.30	8.17	8.26	6440923	53030448.00
2015/03/03	8.24	8.24	8.10	8.14	6585216	53707528.00
2015/03/04	8.10	8.18	8.08	8.16	5777854	46953840.00
2015/03/05	8.16	8.38	8.11	8.22	8663871	71433760.00
2015/03/06	8.21	8.21	8.11	8.15	4864760	39647148.00
2015/03/09	8.10	8.12	7.88	8.11	6713267	53582968.00
2015/03/10	8.11	8.11	8.03	8.06	5160880	41593732.00
2015/03/11	8.07	8.13	8.03	8.10	5224171	42252056.00
2015/03/12	8.11	8.14	8.02	8.13	7017187	56878304.00
2015/03/13	8.18	8.19	8.11	8.16	6752180	55032084.00
2015/03/16	8.25	8.57	8.25	8.56	19548719	165239552.00
2015/03/17	8.61	8.87	8.52	8.85	20786940	181086272.00
2015/03/18	8.85	9.47	8.85	9.21	24209889	222012432.00
2015/03/19	9.19	9.19	8.90	9.01	18734291	169123344.00
2015/03/20	8.99	9.32	8.96	9.12	17343614	158783584.00
2015/03/23	9.38	9.45	9.11	9.24	19129336	175584736.00
2015/03/24	9.26	9.26	8.76	9.06	19003351	171775120.00
2015/03/25	9.15	9.45	9.12	9.29	25498153	237352240.00
2015/03/26	9.25	9.38	9.05	9.19	11513465	105789136.00
2015/03/27	9.19	9.23	9.10	9.14	9785556	89558616.00
2015/03/30	9.21	9.48	9.16	9.45	22826141	213782352.00
2015/03/31	9.55	9.63	9.24	9.27	15745065	147378208.00
2015/04/01	9.27	9.34	9.20	9.30	11944944	110622344.00
2015/04/02	9.32	9.34	9.18	9.30	13426315	124482272.00
2015/04/03	9.27	9.32	9.20	9.32	12891234	119486984.00
2015/04/07	9.39	9.97	9.38	9.72	27270989	265190800.00
2015/04/08	9.73	10.35	9.73	10.20	33249716	334765088.00
2015/04/09	10.19	10.19	9.57	9.84	20065776	197453376.00
2015/04/10	9.77	9.98	9.69	9.94	15329677	151375488.00
2015/04/13	10.00	10.93	10.00	10.93	36811608	391603008.00
2015/04/14	10.96	11.90	10.94	11.36	33254089	381177056.00
2015/04/15	11.38	12.23	11.35	11.65	35464516	419919616.00
2015/04/16	11.36	11.66	10.49	11.33	24229171	270388800.00
2015/04/17	11.33	11.65	11.15	11.23	25785810	290668576.00
2015/04/20	11.24	11.24	10.67	10.71	22930313	249670672.00
2015/04/21	10.72	11.02	10.70	11.02	13103678	142222800.00
2015/04/22	11.06	11.65	11.06	11.61	26650949	305587360.00
2015/04/23	11.66	11.80	11.18	11.37	22294460	253930736.00
2015/04/24	11.11	11.25	10.96	11.06	15602416	172870432.00
2015/04/27	11.06	11.24	11.02	11.16	16873315	187455584.00
2015/04/28	11.24	11.24	10.80	11.00	16089562	176665792.00
2015/04/29	10.80	11.14	10.66	10.97	12097796	132955632.00
2015/04/30	11.00	11.02	10.75	10.78	12066732	130730800.00
2015/05/05	10.98	10.98	10.98	10.98	0	0.00
数据来源:通达信
