601233 桐昆股份 日线 前复权
      日期	    开盘	    最高	    最低	    收盘	    成交量	    成交额
2011/10/10	13.56	13.64	13.17	13.25	5168227	69604512.00
2011/10/11	13.61	13.77	13.06	13.18	8788717	119131408.00
2011/10/12	13.08	13.84	12.87	13.76	13486627	183905104.00
2011/10/13	13.73	14.17	13.61	14.08	15435519	217143840.00
2011/10/14	13.93	14.09	13.66	13.77	9963544	139135776.00
2011/10/17	13.84	14.03	13.53	13.89	9212564	128278160.00
2011/10/18	13.73	14.82	13.63	14.38	26568047	384626528.00
2011/10/19	14.42	15.08	14.08	14.96	24606068	363212064.00
2011/10/20	14.86	14.86	14.28	14.61	17064020	249619136.00
2011/10/21	14.61	14.67	13.71	13.74	14006258	199447168.00
2011/10/24	13.66	14.24	13.11	14.11	19602037	270982592.00
2011/10/25	13.98	15.16	13.91	14.84	24590646	358766720.00
2011/10/26	14.58	15.07	14.50	14.72	20752173	310498080.00
2011/10/27	14.76	15.14	14.59	15.01	18335620	275816832.00
2011/10/28	15.17	15.27	14.88	15.14	19836482	301416448.00
2011/10/31	15.06	15.24	14.83	14.98	12558898	190199344.00
2011/11/01	14.73	15.12	14.66	14.91	11767839	176343472.00
2011/11/02	14.57	15.16	14.38	15.15	17687680	263101648.00
2011/11/03	15.17	15.79	15.03	15.25	23749101	367893920.00
2011/11/04	15.36	15.59	15.02	15.18	13450256	206795408.00
2011/11/07	15.12	15.28	14.81	14.82	10827478	163818400.00
2011/11/08	14.80	15.03	14.78	14.80	7191115	107816768.00
2011/11/09	14.88	15.02	14.57	15.01	11906981	177783344.00
2011/11/10	14.76	14.87	14.49	14.51	11805089	174602144.00
2011/11/11	14.54	14.64	14.28	14.34	9345823	135953600.00
2011/11/14	14.53	14.84	14.46	14.73	9072648	134396512.00
2011/11/15	14.74	14.75	14.55	14.69	7153357	105669000.00
2011/11/16	14.71	14.88	14.19	14.32	10284342	151191648.00
2011/11/17	14.27	14.45	13.81	13.92	13440196	190251296.00
2011/11/18	13.63	13.80	13.29	13.49	8963586	122481984.00
2011/11/21	13.59	13.99	13.53	13.89	9098017	126652936.00
2011/11/22	13.67	13.78	13.39	13.67	5308686	72820240.00
2011/11/23	13.68	13.83	13.39	13.41	4381452	59787292.00
2011/11/24	13.23	13.50	13.11	13.28	5433069	72667680.00
2011/11/25	13.31	13.56	13.26	13.29	4376920	59190136.00
2011/11/28	13.39	13.51	13.23	13.27	3590022	48308960.00
2011/11/29	13.45	13.58	13.30	13.57	6689862	90749128.00
2011/11/30	13.58	13.61	12.64	12.80	9158130	120984584.00
2011/12/01	13.28	13.33	12.96	12.98	8588162	114328264.00
2011/12/02	12.96	13.06	12.54	12.61	5506055	70507184.00
2011/12/05	12.60	12.67	12.00	12.07	5084691	62867024.00
2011/12/06	12.07	12.35	12.01	12.24	3941377	48390120.00
2011/12/07	12.18	12.33	12.11	12.18	2853988	35174664.00
2011/12/08	12.20	12.32	11.89	12.16	4499170	54987668.00
2011/12/09	12.05	12.19	11.89	11.97	3030025	36764320.00
2011/12/12	11.96	12.14	11.91	11.95	3315771	40276388.00
2011/12/13	11.87	11.93	11.48	11.49	5128894	60201640.00
2011/12/14	11.48	11.61	11.25	11.28	3600805	41627076.00
2011/12/15	11.26	11.28	11.03	11.04	4590189	51838528.00
2011/12/16	11.14	11.41	10.98	11.40	4927646	55734888.00
2011/12/19	11.40	11.40	11.10	11.33	4298834	48805560.00
2011/12/20	11.28	11.72	11.28	11.47	6933238	80832408.00
2011/12/21	11.65	11.75	11.20	11.22	6085179	70929592.00
2011/12/22	11.17	11.27	10.69	11.10	7025543	77676736.00
2011/12/23	11.06	11.43	10.97	11.28	5660405	64261180.00
2011/12/26	11.28	11.45	11.18	11.20	3527974	40271496.00
2011/12/27	11.21	11.32	10.88	11.17	6130108	68995120.00
2011/12/28	11.13	11.33	10.95	11.28	4674849	52666712.00
2011/12/29	11.22	11.49	11.15	11.39	4806844	55206280.00
2011/12/30	11.48	11.66	11.41	11.61	5855075	68502480.00
2012/01/04	11.86	11.88	11.23	11.26	5277999	61834728.00
2012/01/05	11.27	11.64	11.13	11.29	6812326	78449184.00
2012/01/06	11.21	11.54	11.08	11.51	4422162	50561576.00
2012/01/09	11.59	12.08	11.45	12.03	9680240	116005936.00
2012/01/10	12.03	12.53	11.94	12.41	12271628	151538016.00
2012/01/11	12.41	12.50	12.18	12.28	10233096	127293400.00
2012/01/12	12.27	12.77	12.16	12.53	11097188	140435600.00
2012/01/13	12.51	12.58	11.84	12.10	11275108	138371360.00
2012/01/16	11.90	12.16	11.76	11.78	4752043	57264592.00
2012/01/17	11.83	12.73	11.83	12.63	10091057	126054096.00
2012/01/18	12.66	13.25	12.58	12.61	12800243	166312080.00
2012/01/19	12.61	12.85	12.48	12.83	6471341	83118368.00
2012/01/20	13.00	13.32	12.89	13.23	10051741	133666016.00
2012/01/30	13.28	13.32	12.76	12.80	9096118	118915728.00
2012/01/31	12.77	12.93	12.68	12.91	4533079	58526096.00
2012/02/01	12.88	12.97	12.61	12.64	3888277	50216624.00
2012/02/02	12.62	13.14	12.62	13.08	8149131	106579856.00
2012/02/03	13.03	13.23	12.98	13.16	7275108	96407760.00
2012/02/06	13.16	13.16	12.87	13.02	8521788	111791280.00
2012/02/07	12.93	12.93	12.59	12.65	4325847	55551568.00
2012/02/08	12.65	12.98	12.64	12.96	5016486	64902400.00
2012/02/09	12.94	13.36	12.84	13.18	12551572	166148464.00
2012/02/10	13.07	13.33	12.99	13.11	8251933	109551672.00
2012/02/13	12.96	13.18	12.88	13.01	8385696	110336504.00
2012/02/14	13.00	13.69	13.00	13.48	20101325	270773760.00
2012/02/15	13.40	13.57	13.26	13.56	11166520	151541856.00
2012/02/16	13.60	13.70	13.18	13.28	13068276	176979472.00
2012/02/17	13.31	13.46	13.00	13.10	8244016	109546648.00
2012/02/21	13.10	13.21	12.80	13.17	10264605	134531728.00
2012/02/22	13.02	13.22	12.80	13.20	20295285	267033200.00
2012/02/23	13.16	13.28	13.05	13.16	14244028	189221840.00
2012/02/24	13.15	13.51	13.01	13.47	20484053	273648544.00
2012/02/27	13.50	13.73	13.35	13.38	25760440	351476544.00
2012/02/28	13.28	13.39	13.13	13.20	12213820	163101344.00
2012/02/29	13.23	13.36	13.13	13.19	8807073	117669720.00
2012/03/01	13.18	13.20	13.03	13.06	9094241	120339688.00
2012/03/02	13.16	13.29	13.07	13.26	9293963	123767560.00
2012/03/05	13.28	13.67	13.15	13.48	20791928	282209280.00
2012/03/06	13.47	14.63	13.46	14.12	37411746	533728928.00
2012/03/07	13.89	14.57	13.83	14.09	26443349	380280928.00
2012/03/08	14.18	14.27	13.98	14.16	12435452	177216576.00
2012/03/09	14.22	14.41	14.04	14.37	15382133	220971120.00
2012/03/12	14.40	14.41	13.73	14.09	21476330	304080928.00
2012/03/13	13.98	14.93	13.86	14.85	32336240	472535616.00
2012/03/14	14.69	14.78	13.74	13.78	34879478	504754656.00
2012/03/15	13.70	13.84	13.09	13.41	15816581	214934736.00
2012/03/16	13.43	13.73	13.27	13.58	10962383	149785504.00
2012/03/19	13.54	13.87	13.34	13.77	11414864	156978544.00
2012/03/20	13.56	13.64	13.18	13.19	12676625	170523008.00
2012/03/21	13.25	13.36	12.98	13.23	7867178	104376224.00
2012/03/22	13.24	13.30	13.08	13.15	5490858	73052992.00
2012/03/23	13.11	13.16	12.68	12.78	8198238	106764664.00
2012/03/26	12.74	12.77	12.45	12.59	5397140	68643576.00
2012/03/27	12.63	12.74	12.48	12.51	5936969	75572432.00
2012/03/28	12.47	12.47	11.80	11.84	8222043	100218112.00
2012/03/29	11.64	11.87	11.49	11.56	5454841	64338344.00
2012/03/30	11.63	11.75	11.39	11.49	4893660	57024192.00
2012/04/05	11.52	11.83	11.46	11.81	6424471	76055360.00
2012/04/06	11.84	11.94	11.68	11.75	5176190	61604296.00
2012/04/09	11.68	12.11	11.65	11.97	7285646	87214576.00
2012/04/10	11.88	11.99	11.48	11.98	5820878	69290904.00
2012/04/11	11.80	12.24	11.70	12.05	6527113	79341976.00
2012/04/12	12.07	12.27	11.94	12.26	7827886	95930048.00
2012/04/13	12.29	12.33	12.12	12.19	6744172	83133240.00
2012/04/16	11.98	12.13	11.93	12.03	4357694	52992500.00
2012/04/17	12.03	12.08	11.69	11.71	6721566	80557200.00
2012/04/18	11.76	12.03	11.71	11.97	6387296	76853728.00
2012/04/19	11.78	11.79	11.16	11.29	24692320	283312768.00
2012/04/20	11.16	11.38	11.12	11.33	13630064	154995104.00
2012/04/23	11.32	11.32	10.76	10.79	14499918	161417936.00
2012/04/24	10.71	10.71	10.28	10.56	12449862	132094544.00
2012/04/25	10.48	10.70	10.44	10.65	7635646	82030456.00
2012/04/26	10.66	10.81	10.54	10.66	6080355	65691044.00
2012/04/27	10.65	10.71	10.54	10.65	4287553	46083712.00
2012/05/03	10.73	11.04	10.71	10.99	13105101	144951952.00
2012/05/04	10.94	11.04	10.82	10.98	6594583	72932984.00
2012/05/07	10.88	11.03	10.83	11.01	6433707	71118096.00
2012/05/08	11.03	11.04	10.88	11.01	6317836	69915048.00
2012/05/09	10.89	10.95	10.58	10.59	9613177	104257400.00
2012/05/10	10.58	10.73	10.48	10.56	4708173	50438992.00
2012/05/11	10.53	10.63	10.46	10.56	4444414	47363788.00
2012/05/14	10.75	10.75	10.40	10.44	4499069	47991388.00
2012/05/15	10.37	10.37	9.80	10.04	9693544	98305976.00
2012/05/16	10.02	10.02	9.74	9.78	5624358	56198200.00
2012/05/17	10.04	10.77	10.04	10.77	20480300	219614256.00
2012/05/18	11.07	11.46	10.78	10.94	36339835	408275872.00
2012/05/21	10.80	10.87	10.08	10.32	16234213	170475808.00
2012/05/22	10.33	10.41	10.14	10.29	9343703	96982048.00
2012/05/23	10.27	10.27	9.92	10.08	10824499	110354224.00
2012/05/24	10.03	10.30	9.89	10.18	9783592	100006472.00
2012/05/25	10.09	10.16	9.94	9.97	5134011	52051336.00
2012/05/28	9.89	10.03	9.73	10.02	6186309	61795628.00
2012/05/29	10.01	10.49	9.94	10.46	13815075	143350048.00
2012/05/30	10.39	10.73	10.31	10.40	10580550	111851728.00
2012/05/31	10.31	10.63	10.22	10.39	8006173	84398496.00
2012/06/01	10.37	10.57	10.19	10.23	6026537	62817032.00
2012/06/04	10.02	10.11	9.80	9.80	6310513	63591912.00
2012/06/05	9.85	10.04	9.82	9.89	4381169	43993304.00
2012/06/06	9.89	9.97	9.78	9.86	3258387	32542956.00
2012/06/07	9.97	9.97	9.73	9.77	3752925	37418240.00
2012/06/08	9.87	9.92	9.63	9.65	3977422	39364120.00
2012/06/11	9.68	10.13	9.51	9.98	6712345	66588200.00
2012/06/12	9.86	9.93	9.81	9.81	3336591	33281092.00
2012/06/13	9.81	10.13	9.81	9.97	4808770	48446568.00
2012/06/14	9.96	10.19	9.86	9.97	6952864	70500488.00
2012/06/15	9.98	10.05	9.88	9.92	4660554	46935188.00
2012/06/18	9.94	10.00	9.88	9.93	4844294	48686624.00
2012/06/19	9.92	9.93	9.75	9.79	4770021	47343784.00
2012/06/20	9.86	9.86	9.73	9.77	2699647	26738170.00
2012/06/21	9.68	9.75	9.55	9.55	3998924	38863880.00
2012/06/25	9.55	9.57	9.27	9.27	3710559	35462824.00
2012/06/26	9.17	9.51	8.84	9.25	7821910	72661984.00
2012/06/27	9.21	9.22	8.92	8.97	4527906	41615680.00
2012/06/28	9.02	9.05	8.54	8.56	6482014	57498828.00
2012/06/29	8.52	8.63	8.40	8.62	3950537	34171916.00
2012/07/02	8.67	8.73	8.59	8.64	2997767	26369880.00
2012/07/03	8.66	8.67	8.51	8.54	3717116	32390542.00
2012/07/04	8.33	8.33	7.84	7.98	12484025	101206696.00
2012/07/05	7.86	7.96	7.81	7.83	4973512	39751464.00
2012/07/06	7.88	8.42	7.81	8.28	10116618	83557920.00
2012/07/09	8.17	8.50	7.96	7.96	5748318	47519132.00
2012/07/10	7.96	8.02	7.85	7.87	3043186	24444118.00
2012/07/11	7.87	8.10	7.84	8.09	3794449	30839524.00
2012/07/12	8.06	8.47	7.93	8.19	6090704	50392948.00
2012/07/13	8.11	8.20	8.00	8.02	4037910	33101210.00
2012/07/16	8.07	8.07	7.55	7.56	5683501	44657200.00
2012/07/17	7.48	7.63	7.45	7.58	3890617	29785832.00
2012/07/18	7.55	7.65	7.42	7.65	3875596	29639692.00
2012/07/19	7.63	7.96	7.57	7.76	7256924	57279244.00
2012/07/20	7.74	7.77	7.61	7.63	4227285	32996476.00
2012/07/23	7.58	7.58	7.41	7.53	3255142	24761456.00
2012/07/24	7.49	7.68	7.48	7.66	4177290	32183636.00
2012/07/25	7.58	7.68	7.53	7.59	3411200	26382846.00
2012/07/26	7.61	7.67	7.50	7.52	2541429	19571356.00
2012/07/27	7.57	7.61	7.50	7.54	2553381	19584584.00
2012/07/30	7.54	7.61	7.35	7.36	3063090	23246592.00
2012/07/31	7.36	7.40	7.18	7.22	3393204	24979968.00
2012/08/01	7.18	7.41	7.14	7.32	2699490	20059550.00
2012/08/02	7.30	7.32	7.20	7.21	1862504	13726521.00
2012/08/03	7.23	7.39	7.22	7.37	3079999	22909832.00
2012/08/06	7.34	7.57	7.34	7.54	4582826	34908200.00
2012/08/07	7.52	8.31	7.52	8.15	19992941	162798272.00
2012/08/08	8.14	8.98	8.14	8.98	33668619	294735872.00
2012/08/09	9.17	9.36	8.86	9.13	29955275	275211168.00
2012/08/10	9.03	9.65	8.93	9.15	27785544	261142992.00
2012/08/13	9.08	9.15	8.62	8.74	19842791	177517936.00
2012/08/14	8.78	8.83	8.47	8.75	13810323	120695096.00
2012/08/15	8.68	8.87	8.56	8.75	10084162	89111208.00
2012/08/16	8.67	8.74	8.38	8.43	8226129	71446848.00
2012/08/17	8.37	8.55	8.33	8.53	6203626	53062972.00
2012/08/20	8.38	8.82	8.34	8.80	8747662	76500256.00
2012/08/21	8.79	8.90	8.64	8.71	9187915	81511320.00
2012/08/22	8.71	8.79	8.32	8.38	9533533	81858344.00
2012/08/23	8.37	8.51	8.26	8.44	5850592	49917336.00
2012/08/24	8.39	8.41	8.22	8.23	5506621	46346432.00
2012/08/27	8.22	8.23	7.47	7.50	8619653	67911584.00
2012/08/28	7.45	7.82	7.45	7.66	6488166	50404728.00
2012/08/29	7.62	7.71	7.55	7.65	2723862	21090054.00
2012/08/30	7.66	7.71	7.28	7.45	6089450	46120956.00
2012/08/31	7.36	7.51	7.36	7.47	3128195	23671600.00
2012/09/03	7.45	7.70	7.42	7.63	4468733	34527768.00
2012/09/04	7.63	7.73	7.43	7.46	4419999	34069672.00
2012/09/05	7.42	7.56	7.38	7.48	3473720	26344026.00
2012/09/06	7.47	7.70	7.42	7.67	5406211	41402704.00
2012/09/07	7.75	8.12	7.66	7.94	11971458	96195456.00
2012/09/10	7.94	8.13	7.89	7.99	10131628	82616200.00
2012/09/11	7.97	7.97	7.83	7.92	5655097	45305064.00
2012/09/12	7.98	8.31	7.96	8.28	14243579	118106800.00
2012/09/13	8.28	8.30	8.01	8.03	7871651	65074552.00
2012/09/14	8.16	8.20	7.96	8.00	7047572	57727976.00
2012/09/17	8.03	8.12	7.69	7.70	7080730	56898944.00
2012/09/18	7.68	7.73	7.58	7.65	3971775	30835260.00
2012/09/19	7.67	7.74	7.61	7.72	2482135	19352492.00
2012/09/20	7.71	7.81	7.45	7.46	4758236	36533240.00
2012/09/21	7.44	7.71	7.39	7.47	3435634	26278064.00
2012/09/24	7.44	7.60	7.26	7.54	4753230	35958856.00
2012/09/25	7.50	7.61	7.43	7.53	2838426	21645132.00
2012/09/26	7.57	7.57	7.33	7.37	3190880	24000936.00
2012/09/27	7.38	7.59	7.31	7.52	4721996	35937812.00
2012/09/28	7.45	7.69	7.41	7.67	4407832	34003800.00
2012/10/08	7.65	7.75	7.59	7.63	2805570	21843264.00
2012/10/09	7.67	7.81	7.63	7.79	5834010	45937852.00
2012/10/10	7.74	7.91	7.71	7.91	4834418	38354536.00
2012/10/11	7.89	7.90	7.69	7.70	4157874	32879556.00
2012/10/12	7.73	8.01	7.73	7.99	10207821	82149424.00
2012/10/15	7.96	7.98	7.61	7.74	6971574	54777916.00
2012/10/16	7.74	7.79	7.63	7.68	3790463	29594256.00
2012/10/17	7.68	7.71	7.55	7.63	2778771	21522278.00
2012/10/18	7.66	7.78	7.63	7.74	4174545	32739264.00
2012/10/19	7.75	7.84	7.71	7.80	3178824	25099856.00
2012/10/22	7.79	7.82	7.66	7.78	2654649	20831084.00
2012/10/23	7.78	7.82	7.58	7.63	4155966	32435780.00
2012/10/24	7.56	7.71	7.53	7.60	3671273	28319892.00
2012/10/25	7.54	7.66	7.39	7.40	4002350	30568068.00
2012/10/26	7.45	7.49	7.10	7.21	5813744	42934708.00
2012/10/29	7.19	7.22	6.96	7.07	4244647	30536092.00
2012/10/30	7.07	7.17	7.04	7.09	1762563	12697906.00
2012/10/31	7.12	7.13	7.03	7.12	1714940	12363638.00
2012/11/01	7.12	7.27	7.12	7.26	2997816	22035232.00
2012/11/02	7.27	7.39	7.23	7.26	2556748	18919392.00
2012/11/05	7.28	7.28	7.19	7.21	1831325	13430217.00
2012/11/06	7.21	7.25	7.01	7.12	2471762	17807480.00
2012/11/07	7.13	7.18	7.04	7.17	2662461	19275712.00
2012/11/08	7.11	7.11	6.90	6.99	3665174	26045368.00
2012/11/09	6.96	6.98	6.83	6.90	3071276	21558944.00
2012/11/12	6.90	6.94	6.82	6.90	2044329	14313913.00
2012/11/13	6.93	6.93	6.67	6.72	2984401	20535792.00
2012/11/14	6.69	6.82	6.68	6.79	1923150	13156589.00
2012/11/15	6.75	6.76	6.59	6.63	2281630	15503518.00
2012/11/16	6.58	6.78	6.56	6.70	2792964	18840982.00
2012/11/19	6.65	6.69	6.51	6.68	1942604	13072303.00
2012/11/20	6.66	6.71	6.59	6.64	1353047	9158242.00
2012/11/21	6.64	6.73	6.55	6.73	1857117	12579339.00
2012/11/22	6.70	6.72	6.60	6.61	1400263	9488158.00
2012/11/23	6.63	6.70	6.60	6.61	1335619	9023538.00
2012/11/26	6.60	6.63	6.51	6.58	1212991	8115495.00
2012/11/27	6.51	6.55	6.30	6.40	2718258	17718708.00
2012/11/28	6.37	6.38	6.19	6.27	2093751	13351733.00
2012/11/29	6.25	6.34	6.15	6.31	2586070	16495973.00
2012/11/30	6.18	6.18	5.80	6.00	11860790	71960736.00
2012/12/03	5.93	5.99	5.78	5.85	4951555	29720432.00
2012/12/04	5.80	5.85	5.62	5.84	4209960	24587252.00
2012/12/05	5.81	6.11	5.76	6.02	6277195	38311216.00
2012/12/06	6.05	6.07	5.94	5.99	3523879	21547840.00
2012/12/07	5.98	6.28	5.94	6.23	8267822	51848848.00
2012/12/10	6.28	6.80	6.24	6.70	14209630	94792136.00
2012/12/11	6.65	6.76	6.50	6.55	9930837	67193728.00
2012/12/12	6.54	6.88	6.54	6.76	11513199	78369680.00
2012/12/13	6.68	6.85	6.56	6.77	7670608	52126564.00
2012/12/14	6.71	7.21	6.60	6.94	21350548	147831392.00
2012/12/17	6.83	6.94	6.76	6.81	10930958	76024688.00
2012/12/18	6.85	6.85	6.64	6.68	6469539	44330188.00
2012/12/19	6.75	6.93	6.73	6.74	6821905	47284360.00
2012/12/20	6.68	6.75	6.58	6.71	5519465	37365640.00
2012/12/21	6.67	6.81	6.63	6.67	6195008	42457576.00
2012/12/24	6.75	6.75	6.63	6.66	3334551	22658376.00
2012/12/25	6.64	6.93	6.60	6.89	9998017	69374392.00
2012/12/26	6.86	7.09	6.84	7.05	9886378	70095536.00
2012/12/27	7.12	7.21	6.88	6.90	9046501	64596872.00
2012/12/28	6.92	6.97	6.84	6.96	5238699	36886852.00
2012/12/31	7.00	7.12	6.93	7.07	6499205	46347340.00
2013/01/04	7.15	7.33	7.07	7.14	11651542	85165552.00
2013/01/07	7.18	7.87	7.16	7.74	23691217	180874608.00
2013/01/08	7.78	8.24	7.76	8.08	27275051	222608768.00
2013/01/09	8.05	8.05	7.77	7.84	13613625	109200304.00
2013/01/10	7.81	8.12	7.76	7.87	9147799	73359736.00
2013/01/11	7.80	7.93	7.53	7.58	9081061	71059528.00
2013/01/14	7.55	8.01	7.51	7.91	8727524	69027544.00
2013/01/15	7.91	8.15	7.81	8.13	11844251	95818080.00
2013/01/16	8.08	8.18	7.78	8.07	10170196	82295296.00
2013/01/17	8.13	8.68	8.10	8.20	19076919	161467056.00
2013/01/18	8.21	8.58	8.05	8.31	12423480	104679816.00
2013/01/21	8.30	8.46	8.13	8.17	9522368	80121544.00
2013/01/22	8.17	8.17	7.76	7.87	12426186	100166304.00
2013/01/23	7.83	7.94	7.70	7.84	5303260	42053648.00
2013/01/24	7.88	8.14	7.80	7.87	10612054	85935512.00
2013/01/25	7.91	8.03	7.81	7.98	6108129	49056736.00
2013/01/28	7.98	8.10	7.93	8.08	7181825	58531040.00
2013/01/29	8.08	8.58	8.07	8.50	16587598	140751584.00
2013/01/30	8.46	8.68	8.32	8.57	11639098	100442720.00
2013/01/31	8.52	8.66	8.37	8.52	9193515	79126432.00
2013/02/01	8.51	8.51	8.36	8.46	7178811	61199284.00
2013/02/04	8.48	8.48	8.27	8.40	4591785	38912536.00
2013/02/05	8.34	8.56	8.21	8.45	5052452	43027696.00
2013/02/06	8.40	8.73	8.36	8.57	8206694	71444824.00
2013/02/07	8.65	8.65	8.45	8.55	3331399	28897054.00
2013/02/08	8.57	8.72	8.52	8.66	4060760	35568652.00
2013/02/18	8.70	9.02	8.70	8.87	6452180	58042832.00
2013/02/19	8.85	9.08	8.51	8.61	8658732	77419776.00
2013/02/20	8.63	8.70	8.40	8.67	5092315	44083760.00
2013/02/21	8.63	8.63	8.24	8.33	5959525	50577772.00
2013/02/22	8.28	8.40	8.12	8.13	4593145	38480704.00
2013/02/25	8.19	8.29	7.90	8.27	7335699	60138184.00
2013/02/26	8.21	8.25	8.01	8.01	3346088	27605246.00
2013/02/27	8.06	8.13	7.95	8.04	2339412	19085892.00
2013/02/28	8.06	8.21	7.83	8.19	5903447	48053864.00
2013/03/01	8.15	8.20	7.99	8.12	3325166	27276432.00
2013/03/04	8.03	8.03	7.30	7.51	15973096	122072224.00
2013/03/05	7.53	7.53	7.32	7.48	7010108	52787412.00
2013/03/06	7.51	7.55	7.39	7.50	7376634	56016352.00
2013/03/07	7.50	7.61	7.32	7.54	9634476	72945800.00
2013/03/08	7.51	7.57	7.40	7.46	3787111	28756780.00
2013/03/11	7.47	7.47	7.24	7.37	4777853	35581644.00
2013/03/12	7.37	7.55	7.27	7.35	5167645	38885076.00
2013/03/13	7.36	7.58	7.30	7.39	5796178	43995988.00
2013/03/14	7.36	7.36	6.98	7.07	6982016	50603272.00
2013/03/15	7.07	7.19	6.97	7.17	5511312	39669984.00
2013/03/18	7.13	7.16	7.00	7.10	2323151	16683396.00
2013/03/19	7.10	7.16	6.97	7.13	1900053	13647066.00
2013/03/20	7.08	7.32	7.06	7.31	3753373	27540028.00
2013/03/21	7.32	7.49	7.28	7.38	4130392	31064124.00
2013/03/22	7.37	7.43	7.25	7.39	3354949	24936016.00
2013/03/25	7.34	7.40	7.32	7.36	2043079	15262137.00
2013/03/26	7.35	7.35	7.10	7.19	2579400	18834852.00
2013/03/27	7.19	7.27	7.05	7.16	2592337	18862100.00
2013/03/28	7.09	7.15	6.88	7.10	5060912	35927232.00
2013/03/29	7.12	7.21	7.06	7.15	1972078	14294609.00
2013/04/01	7.12	7.18	6.98	7.13	2496056	17968868.00
2013/04/02	7.13	7.22	7.05	7.11	2631376	19077260.00
2013/04/03	7.11	7.13	6.96	7.09	2729928	19535256.00
2013/04/08	6.98	7.05	6.78	7.04	2506981	17611030.00
2013/04/09	7.04	7.10	6.97	7.08	2494485	17864412.00
2013/04/10	7.03	7.07	6.95	7.03	2162137	15401763.00
2013/04/11	7.08	7.09	7.00	7.04	1707396	12217696.00
2013/04/12	7.04	7.04	6.84	6.92	3187140	22385634.00
2013/04/15	6.91	6.91	6.73	6.81	1739338	12041597.00
2013/04/16	6.78	6.86	6.71	6.86	3784521	26106098.00
2013/04/17	6.83	6.88	6.71	6.81	2753724	19051436.00
2013/04/18	6.74	6.85	6.59	6.84	7362764	50398460.00
2013/04/19	6.82	6.93	6.79	6.88	8313932	57956760.00
2013/04/22	6.84	6.84	6.66	6.75	7070796	48525312.00
2013/04/23	6.74	6.74	6.48	6.54	3793417	25062352.00
2013/04/24	6.54	6.65	6.43	6.59	3946451	25875312.00
2013/04/25	6.58	6.58	6.42	6.47	3426051	22263572.00
2013/04/26	6.43	6.46	6.23	6.27	3599135	22804236.00
2013/05/02	6.27	6.27	6.15	6.19	2774185	17246552.00
2013/05/03	6.19	6.34	6.19	6.27	3328573	20970220.00
2013/05/06	6.27	6.43	6.27	6.43	3773851	24229760.00
2013/05/07	6.43	6.43	6.28	6.34	4907390	31186780.00
2013/05/08	6.35	6.39	6.27	6.31	5107794	32349736.00
2013/05/09	6.29	6.31	6.21	6.28	4655633	29214744.00
2013/05/10	6.25	6.56	6.25	6.54	11712969	75227648.00
2013/05/13	6.56	6.60	6.40	6.54	6290939	40932968.00
2013/05/14	6.52	6.52	6.31	6.37	7098240	45407316.00
2013/05/15	6.36	6.39	6.28	6.36	4349119	27624456.00
2013/05/16	6.34	6.43	6.30	6.42	5991787	38395400.00
2013/05/17	6.41	6.70	6.36	6.63	13924377	91824840.00
2013/05/20	6.62	6.79	6.57	6.74	10493835	70290272.00
2013/05/21	6.70	6.87	6.68	6.81	8604677	58478928.00
2013/05/22	6.82	6.84	6.72	6.77	7103873	48246276.00
2013/05/23	6.73	6.78	6.55	6.69	12325770	82496280.00
2013/05/24	6.67	6.80	6.65	6.80	7214672	48851096.00
2013/05/27	6.82	6.82	6.71	6.78	5178601	35110648.00
2013/05/28	6.78	6.83	6.66	6.81	5767822	39059112.00
2013/05/29	6.83	6.93	6.78	6.88	6946627	47951908.00
2013/05/30	6.85	7.27	6.81	7.20	13985114	98294672.00
2013/05/31	7.20	7.27	6.98	7.05	14853890	106186272.00
2013/06/03	7.00	7.15	7.00	7.06	6302002	44763344.00
2013/06/04	7.07	7.10	6.78	7.09	14005844	97591168.00
2013/06/05	7.04	7.19	6.99	7.18	14963471	106745072.00
2013/06/06	7.14	7.29	7.02	7.19	14819089	106584384.00
2013/06/07	7.18	7.40	6.85	6.87	13782260	98540152.00
2013/06/13	6.68	6.68	6.18	6.37	8549599	54682252.00
2013/06/14	6.38	6.40	6.29	6.36	4831960	30787072.00
2013/06/17	6.39	6.45	6.26	6.33	4057300	25729908.00
2013/06/18	6.32	6.33	6.17	6.24	5492486	34319256.00
2013/06/19	6.22	6.22	5.99	6.10	4930476	30063092.00
2013/06/20	6.07	6.07	5.85	5.87	3814609	22940908.00
2013/06/21	5.75	5.88	5.71	5.82	6419714	37243112.00
2013/06/24	5.78	5.79	5.27	5.32	7084038	39124228.00
2013/06/25	5.26	5.35	4.79	5.19	9718902	49288648.00
2013/06/26	5.18	5.27	5.08	5.17	4229824	21898744.00
2013/06/27	5.20	5.25	5.04	5.13	5363200	27785504.00
2013/06/28	5.07	5.20	4.88	5.04	6102379	30936580.00
2013/07/01	5.03	5.10	4.99	5.06	5085702	25708872.00
2013/07/02	5.10	5.12	5.02	5.11	3483882	17756484.00
2013/07/03	5.09	5.09	4.93	5.04	4195604	21093476.00
2013/07/04	4.99	5.16	4.96	5.10	5418979	27600728.00
2013/07/05	5.12	5.17	5.09	5.10	4127559	21273334.00
2013/07/08	5.04	5.04	4.83	4.83	4827961	23810716.00
2013/07/09	4.83	4.91	4.82	4.86	2553629	12462186.00
2013/07/10	4.87	5.06	4.83	5.05	4899177	24351814.00
2013/07/11	5.03	5.33	5.02	5.21	7342910	38182924.00
2013/07/12	5.19	5.25	5.10	5.12	4953245	25718512.00
2013/07/15	5.13	5.23	5.13	5.17	4233767	21976070.00
2013/07/16	5.17	5.69	5.11	5.62	16048491	89236824.00
2013/07/17	5.48	5.70	5.39	5.52	9117810	50406476.00
2013/07/18	5.46	5.53	5.35	5.44	4673578	25491896.00
2013/07/19	5.41	5.66	4.89	5.31	8767201	48100280.00
2013/07/22	5.18	5.26	5.12	5.22	4357838	22708248.00
2013/07/23	5.21	5.43	5.21	5.35	4566342	24447860.00
2013/07/24	5.33	5.38	5.21	5.28	4194484	22191270.00
2013/07/25	5.28	5.32	5.17	5.20	5318104	27872636.00
2013/07/26	5.18	5.20	5.09	5.14	3015341	15576616.00
2013/07/29	5.13	5.13	4.93	4.99	3710706	18691648.00
2013/07/30	5.00	5.03	4.88	5.02	4241389	21204116.00
2013/07/31	5.03	5.10	5.01	5.01	2809673	14239737.00
2013/08/01	5.03	5.15	5.00	5.14	3994446	20476306.00
2013/08/02	5.15	5.20	5.09	5.19	6158119	31833880.00
2013/08/05	5.17	5.29	5.14	5.27	6356667	33248872.00
2013/08/06	5.25	5.46	5.25	5.38	10024147	53970588.00
2013/08/07	5.32	5.45	5.26	5.38	8743981	46866780.00
2013/08/08	5.34	5.42	5.29	5.34	4599871	24661096.00
2013/08/09	5.36	5.48	5.25	5.41	8462325	45534040.00
2013/08/12	5.41	5.60	5.40	5.54	11426752	63161364.00
2013/08/13	5.59	6.09	5.58	5.96	25497756	150436384.00
2013/08/14	5.90	6.04	5.82	5.91	11653712	69306032.00
2013/08/15	5.91	6.16	5.78	6.06	15342481	92845608.00
2013/08/16	6.28	6.67	6.21	6.67	31189440	204860432.00
2013/08/19	7.09	7.34	6.88	7.02	54964400	390992448.00
2013/08/20	7.02	7.08	6.68	6.74	35674975	245256208.00
2013/08/21	6.70	6.82	6.67	6.70	16941774	114138904.00
2013/08/22	6.67	6.73	6.48	6.50	18775243	124318768.00
2013/08/23	6.50	6.57	6.35	6.47	14410763	93589688.00
2013/08/26	6.48	6.62	6.45	6.59	9787186	64223868.00
2013/08/27	6.56	6.69	6.39	6.50	14379144	94187248.00
2013/08/28	6.43	6.60	6.40	6.44	9237320	60225648.00
2013/08/29	6.44	6.57	6.27	6.30	8505404	54515604.00
2013/08/30	6.31	6.38	6.21	6.33	7656903	48314080.00
2013/09/02	6.28	6.57	6.24	6.53	8969902	58240388.00
2013/09/03	6.55	6.58	6.43	6.51	5985435	39019264.00
2013/09/04	6.56	6.58	6.44	6.45	5552705	36144904.00
2013/09/05	6.45	6.45	6.30	6.35	5891550	37562696.00
2013/09/06	6.35	6.44	6.30	6.35	4759360	30432904.00
2013/09/09	6.35	6.48	6.29	6.42	8420934	54086580.00
2013/09/10	6.45	6.69	6.45	6.55	11399614	75194776.00
2013/09/11	6.55	6.59	6.34	6.44	6566016	42405416.00
2013/09/12	6.44	6.51	6.33	6.50	4653917	30083416.00
2013/09/13	6.49	6.50	6.37	6.40	3051988	19623468.00
2013/09/16	6.48	6.50	6.37	6.40	3049330	19586176.00
2013/09/17	6.38	6.42	6.29	6.29	3465318	22113292.00
2013/09/18	6.29	6.38	6.28	6.36	2411847	15322905.00
2013/09/23	6.37	6.42	6.35	6.42	4067446	26038440.00
2013/09/24	6.41	6.41	6.28	6.34	3922241	24990700.00
2013/09/25	6.34	6.34	6.17	6.19	4276852	26913410.00
2013/09/26	6.08	6.16	6.05	6.07	3489264	21357352.00
2013/09/27	6.08	6.28	6.02	6.27	4147330	25800372.00
2013/09/30	6.26	6.48	6.19	6.43	4624444	29394120.00
2013/10/08	6.42	6.61	6.37	6.60	7276197	47427408.00
2013/10/09	6.55	6.83	6.54	6.80	21536126	144969888.00
2013/10/10	6.64	6.70	6.54	6.56	11566910	76665056.00
2013/10/11	6.51	6.66	6.44	6.62	6616772	43369816.00
2013/10/14	6.62	6.62	6.48	6.56	5966077	39114536.00
2013/10/15	6.50	6.51	6.32	6.36	5563146	35697256.00
2013/10/16	6.28	6.28	5.74	5.76	12482678	75169944.00
2013/10/17	5.74	5.79	5.48	5.70	9840008	55624420.00
2013/10/18	5.65	5.70	5.60	5.69	4064883	23082574.00
2013/10/21	5.70	5.77	5.64	5.75	4169953	23937480.00
2013/10/22	5.75	5.90	5.73	5.82	4784609	27827680.00
2013/10/23	5.89	5.94	5.67	5.70	5726427	33242260.00
2013/10/24	5.68	5.69	5.58	5.62	2513932	14207089.00
2013/10/25	5.60	5.69	5.46	5.49	3848293	21480208.00
2013/10/28	5.50	5.66	5.50	5.64	3052963	17101136.00
2013/10/29	5.63	5.96	5.58	5.82	10948484	63709648.00
2013/10/30	5.73	5.85	5.71	5.84	5338428	31004528.00
2013/10/31	5.84	5.89	5.73	5.74	2935885	17016896.00
2013/11/01	5.75	5.78	5.58	5.65	2574676	14639761.00
2013/11/04	5.61	5.76	5.61	5.73	2509300	14326638.00
2013/11/05	5.70	5.84	5.62	5.83	4107248	23772168.00
2013/11/06	5.80	5.85	5.74	5.76	3224664	18766504.00
2013/11/07	5.75	5.78	5.66	5.68	1912613	10976708.00
2013/11/08	5.68	5.71	5.59	5.61	1604600	9089905.00
2013/11/11	5.58	5.73	5.58	5.72	1667228	9498977.00
2013/11/12	5.72	5.79	5.70	5.74	1769864	10208695.00
2013/11/13	5.71	5.74	5.58	5.58	1373978	7785487.00
2013/11/14	5.64	5.67	5.58	5.63	1259694	7110251.00
2013/11/15	5.66	5.80	5.63	5.71	3524608	20279330.00
2013/11/18	5.71	5.85	5.71	5.80	6401262	37156968.00
2013/11/19	5.80	5.83	5.73	5.80	4059200	23547564.00
2013/11/20	5.81	5.86	5.75	5.86	4185996	24412680.00
2013/11/21	5.82	5.88	5.77	5.87	5015237	29259502.00
2013/11/22	5.87	6.31	5.84	6.11	13132119	80346696.00
2013/11/25	6.10	6.14	6.00	6.06	5478478	33445052.00
2013/11/26	6.08	6.23	6.01	6.08	4532127	27676316.00
2013/11/27	6.06	6.11	6.02	6.10	3027112	18448128.00
2013/11/28	6.12	6.17	6.06	6.13	4255683	26120266.00
2013/11/29	6.14	6.15	6.06	6.09	2533688	15485889.00
2013/12/02	5.98	6.03	5.61	5.68	6531834	38061512.00
2013/12/03	5.59	5.91	5.59	5.86	4757468	27761892.00
2013/12/04	5.80	6.00	5.80	5.97	5007467	29882500.00
2013/12/05	5.98	6.07	5.94	6.02	2736789	16481067.00
2013/12/06	5.98	6.11	5.98	6.11	4330244	26407614.00
2013/12/09	6.12	6.17	6.06	6.09	2118011	12943734.00
2013/12/10	6.12	6.23	6.09	6.09	3006700	18564450.00
2013/12/11	6.09	6.11	5.93	5.98	2243508	13474885.00
2013/12/12	5.97	6.03	5.94	5.96	1635685	9823414.00
2013/12/13	5.94	5.98	5.88	5.95	2157343	12850210.00
2013/12/16	5.94	5.99	5.84	5.85	1907688	11338493.00
2013/12/17	5.85	5.98	5.76	5.93	2255108	13281480.00
2013/12/18	5.93	5.95	5.83	5.85	1292632	7643167.00
2013/12/19	5.87	5.93	5.78	5.80	1591750	9388904.00
2013/12/20	5.80	5.83	5.68	5.69	1419954	8182499.00
2013/12/23	5.68	5.80	5.60	5.73	1316689	7555502.00
2013/12/24	5.73	5.84	5.72	5.76	1499555	8703641.00
2013/12/25	5.77	5.88	5.73	5.86	1555542	9059749.00
2013/12/26	5.86	5.87	5.74	5.76	2420664	14095538.00
2013/12/27	5.73	5.96	5.73	5.93	2411360	14220984.00
2013/12/30	5.95	5.98	5.89	5.91	1253856	7466701.00
2013/12/31	5.91	5.99	5.83	5.99	1871797	11162352.00
2014/01/02	6.03	6.16	6.00	6.15	5041788	30915246.00
2014/01/03	6.13	6.14	5.94	5.94	3550157	21365862.00
2014/01/06	5.94	5.94	5.66	5.70	2893210	16772876.00
2014/01/07	5.68	5.81	5.64	5.70	1470778	8454823.00
2014/01/08	5.69	5.80	5.58	5.66	2255034	12926717.00
2014/01/09	5.66	5.74	5.55	5.55	1782275	10118504.00
2014/01/10	5.56	5.70	5.56	5.64	1529631	8660823.00
2014/01/13	5.58	5.69	5.49	5.53	1544894	8615380.00
2014/01/14	5.53	5.65	5.51	5.63	1349663	7566562.00
2014/01/15	5.64	5.69	5.57	5.62	1238898	6984376.00
2014/01/16	5.62	5.66	5.56	5.57	1301873	7310228.00
2014/01/17	5.56	5.56	5.48	5.50	1440745	7956627.00
2014/01/20	5.48	5.55	5.45	5.50	697221	3853712.00
2014/01/21	5.50	5.59	5.49	5.55	1587826	8838885.00
2014/01/22	5.53	5.73	5.52	5.71	2121778	12057367.00
2014/01/23	5.71	5.72	5.65	5.69	1180493	6733767.00
2014/01/24	5.70	5.88	5.66	5.87	3168955	18522932.00
2014/01/27	5.87	5.90	5.72	5.76	2181601	12697396.00
2014/01/28	5.76	5.83	5.73	5.77	853015	4939151.00
2014/01/29	5.74	5.82	5.72	5.74	1051308	6070234.00
2014/01/30	5.72	5.72	5.38	5.62	4300759	23853172.00
2014/02/07	5.55	5.62	5.51	5.57	1454739	8132911.00
2014/02/10	5.57	5.72	5.56	5.70	3109854	17699244.00
2014/02/11	5.70	5.91	5.70	5.86	4239625	24740612.00
2014/02/12	5.87	5.98	5.84	5.88	4481689	26628696.00
2014/02/13	5.88	6.08	5.87	5.95	6953147	41746760.00
2014/02/14	5.93	6.03	5.92	5.99	2918251	17493516.00
2014/02/17	6.01	6.21	6.01	6.14	5430115	33416708.00
2014/02/18	6.17	6.18	6.01	6.06	3598877	21933138.00
2014/02/19	6.04	6.15	6.01	6.07	3516085	21472676.00
2014/02/20	6.10	6.27	6.04	6.05	4339164	26749718.00
2014/02/21	6.03	6.08	5.89	5.94	3676847	22001644.00
2014/02/24	5.91	5.93	5.73	5.89	2870970	16879228.00
2014/02/25	5.88	6.02	5.75	5.77	2906371	17145040.00
2014/02/26	5.77	5.81	5.67	5.79	1655949	9541904.00
2014/02/27	5.77	5.83	5.67	5.80	2560589	14830791.00
2014/02/28	5.80	5.80	5.60	5.71	2901101	16551508.00
2014/03/03	5.71	5.79	5.67	5.78	2588162	14896441.00
2014/03/04	5.75	5.80	5.69	5.74	2474559	14252152.00
2014/03/05	5.73	5.86	5.71	5.72	3041095	17618960.00
2014/03/06	5.71	5.79	5.65	5.78	2878105	16571848.00
2014/03/07	5.78	5.82	5.74	5.78	1995574	11585996.00
2014/03/10	5.76	5.76	5.53	5.57	2423677	13730076.00
2014/03/11	5.57	5.64	5.56	5.62	1332649	7471208.00
2014/03/12	5.62	5.65	5.56	5.60	1619917	9093151.00
2014/03/13	5.61	5.65	5.58	5.63	1438202	8103891.00
2014/03/14	5.62	5.66	5.58	5.64	1332061	7516763.00
2014/03/17	5.61	5.71	5.59	5.70	1778191	10064656.00
2014/03/18	5.69	5.74	5.63	5.72	1847732	10557523.00
2014/03/19	5.69	5.93	5.62	5.91	4820258	28217924.00
2014/03/20	5.86	5.91	5.69	5.70	3357958	19569092.00
2014/03/21	5.68	5.84	5.61	5.81	2214501	12788458.00
2014/03/24	5.81	5.93	5.78	5.90	3256296	19219610.00
2014/03/25	5.90	5.94	5.82	5.85	1914745	11291798.00
2014/03/26	5.85	5.97	5.85	5.94	3053803	18176636.00
2014/03/27	5.96	5.96	5.79	5.82	2105145	12350108.00
2014/03/28	5.80	5.86	5.76	5.82	1749254	10203382.00
2014/03/31	5.75	5.87	5.70	5.72	1382926	8025050.00
2014/04/01	5.72	5.76	5.66	5.75	1645126	9423194.00
2014/04/02	5.75	5.92	5.70	5.91	2974828	17436016.00
2014/04/03	5.90	5.94	5.83	5.89	2036706	12016478.00
2014/04/04	5.86	5.93	5.86	5.90	1356906	8019054.00
2014/04/08	5.92	5.96	5.84	5.90	2705577	16027536.00
2014/04/09	5.96	6.02	5.95	6.01	4331656	26007304.00
2014/04/10	6.00	6.00	5.87	5.92	4828070	28675200.00
2014/04/11	5.92	5.96	5.89	5.93	2396230	14247694.00
2014/04/14	5.88	5.96	5.88	5.92	1907473	11346447.00
2014/04/15	5.92	6.01	5.90	5.97	3659808	21890076.00
2014/04/16	5.93	5.99	5.90	5.91	2337297	13938251.00
2014/04/17	5.92	6.08	5.89	5.98	3613198	21754108.00
2014/04/18	5.96	6.06	5.92	6.06	3551054	21400952.00
2014/04/21	6.06	6.30	6.04	6.15	10159531	63171464.00
2014/04/22	6.07	6.76	6.05	6.58	20188392	131099528.00
2014/04/23	6.55	6.67	6.38	6.55	10448139	68291144.00
2014/04/24	6.50	6.77	6.41	6.76	14522416	97214592.00
2014/04/25	6.72	6.95	6.33	6.39	14925374	98875936.00
2014/04/28	6.29	6.55	6.08	6.16	7921902	50301672.00
2014/04/29	6.01	6.04	5.66	5.79	10645868	62016676.00
2014/04/30	5.79	5.86	5.72	5.74	3956977	22980216.00
2014/05/05	5.69	5.84	5.66	5.82	3017263	17454852.00
2014/05/06	5.81	5.81	5.64	5.72	4531695	25989816.00
2014/05/07	5.66	5.72	5.64	5.65	2924744	16624054.00
2014/05/08	5.65	5.70	5.53	5.55	4511354	25359862.00
2014/05/09	5.58	5.58	5.27	5.37	6093272	33023412.00
2014/05/12	5.41	5.53	5.37	5.52	3586857	19677640.00
2014/05/13	5.53	5.62	5.49	5.60	2581373	14425679.00
2014/05/14	5.58	5.58	5.48	5.52	1953753	10812241.00
2014/05/15	5.51	5.51	5.34	5.35	2277346	12357926.00
2014/05/16	5.36	5.41	5.28	5.39	2271984	12166436.00
2014/05/19	5.37	5.38	5.23	5.28	2087910	11104639.00
2014/05/20	5.29	5.38	5.29	5.31	1031884	5524245.00
2014/05/21	5.32	5.48	5.28	5.42	1683990	9140981.00
2014/05/22	5.42	5.48	5.37	5.38	1266923	6897386.00
2014/05/23	5.39	5.42	5.37	5.40	1124205	6091963.00
2014/05/26	5.43	5.44	5.38	5.44	1253158	6796827.00
2014/05/27	5.43	5.46	5.40	5.44	1654467	9029904.00
2014/05/28	5.46	5.46	5.34	5.43	2167478	11764527.00
2014/05/29	5.43	5.44	5.35	5.38	1593425	8607608.00
2014/05/30	5.36	5.41	5.35	5.39	1052449	5683093.00
2014/06/03	5.37	5.93	5.37	5.93	18424256	107020096.00
2014/06/04	5.96	5.98	5.75	5.78	11202526	65750544.00
2014/06/05	5.80	5.80	5.46	5.60	11787578	65996664.00
2014/06/06	5.56	5.63	5.48	5.50	5533860	30695064.00
2014/06/09	5.52	5.54	5.44	5.47	3175964	17500320.00
2014/06/10	5.49	5.54	5.44	5.52	3551221	19579132.00
2014/06/11	5.50	5.50	5.37	5.45	6482955	35290064.00
2014/06/12	5.44	5.45	5.39	5.44	2614592	14224749.00
2014/06/13	5.44	5.99	5.43	5.99	16864045	98190976.00
2014/06/16	6.21	6.53	6.02	6.39	27915779	174263968.00
2014/06/17	6.36	6.39	6.11	6.16	14540160	91354168.00
2014/06/18	6.18	6.26	6.08	6.18	8157963	50476108.00
2014/06/19	6.18	6.43	5.86	5.98	11129505	69570184.00
2014/06/20	6.00	6.14	5.95	6.10	6745837	41014080.00
2014/06/23	6.09	6.22	5.97	6.14	7999340	48751128.00
2014/06/24	6.09	6.16	6.03	6.10	4496618	27463684.00
2014/06/25	6.09	6.10	5.89	6.08	5365438	32294836.00
2014/06/26	6.06	6.27	6.03	6.22	7803929	48417024.00
2014/06/27	6.22	6.38	6.15	6.16	6506359	40621772.00
2014/06/30	6.11	6.19	6.02	6.11	4480876	27475658.00
2014/07/01	6.09	6.16	6.04	6.14	3140751	19238548.00
2014/07/02	6.14	6.26	6.07	6.24	7127135	44258480.00
2014/07/03	6.20	6.20	6.06	6.15	5631311	34441136.00
2014/07/04	6.15	6.16	6.02	6.05	5479358	33218174.00
2014/07/07	6.06	6.10	5.94	5.96	4326304	25966056.00
2014/07/08	6.00	6.24	5.95	6.23	6347506	38835028.00
2014/07/09	6.20	6.35	6.01	6.03	6949950	42880584.00
2014/07/10	6.03	6.11	6.00	6.08	3062688	18560036.00
2014/07/11	6.09	6.14	6.03	6.09	3161087	19256534.00
2014/07/14	6.08	6.19	5.96	6.17	7284078	44250456.00
2014/07/15	6.16	6.17	6.10	6.16	3620534	22183492.00
2014/07/16	6.15	6.27	6.09	6.13	5646542	34974564.00
2014/07/17	6.10	6.24	6.05	6.24	5026131	30995756.00
2014/07/18	6.22	6.32	6.16	6.32	7412948	46411344.00
2014/07/21	6.31	6.37	6.14	6.16	4941288	30763392.00
2014/07/22	6.11	6.53	6.08	6.36	10172125	63784648.00
2014/07/23	6.33	6.56	6.30	6.48	11819657	76242272.00
2014/07/24	6.38	6.56	6.33	6.39	8022442	51694076.00
2014/07/25	6.40	6.43	6.31	6.40	4122447	26285476.00
2014/07/28	6.42	6.57	6.35	6.56	8344715	54123136.00
2014/07/29	6.52	6.60	6.49	6.52	5761887	37619224.00
2014/07/30	6.52	6.58	6.43	6.44	6189746	40113368.00
2014/07/31	6.48	6.48	6.40	6.47	3871368	24898906.00
2014/08/01	6.45	6.48	6.30	6.31	7109037	45279220.00
2014/08/04	6.32	6.44	6.31	6.42	4529624	28851984.00
2014/08/05	6.42	6.52	6.37	6.52	5728852	36829680.00
2014/08/06	6.66	6.94	6.58	6.67	17987911	121815408.00
2014/08/07	6.76	6.98	6.69	6.81	12655569	86355656.00
2014/08/08	6.76	6.86	6.63	6.67	8613225	57956160.00
2014/08/11	6.68	7.20	6.68	7.07	13034260	91325760.00
2014/08/12	7.01	7.25	6.91	7.15	15862608	111955440.00
2014/08/13	7.10	7.10	6.93	7.03	8152134	57173696.00
2014/08/14	7.03	7.13	6.85	6.90	8209607	57618368.00
2014/08/15	6.88	7.05	6.86	6.96	6166047	42877172.00
2014/08/18	6.96	7.25	6.94	7.15	10609558	75881256.00
2014/08/19	7.13	7.18	7.02	7.09	6676971	47374212.00
2014/08/20	7.09	7.11	6.98	7.01	5652261	39709880.00
2014/08/21	7.01	7.06	6.80	6.88	7976374	55009716.00
2014/08/22	6.87	6.92	6.80	6.91	6864229	47183668.00
2014/08/25	6.93	6.94	6.65	6.65	9798819	66066588.00
2014/08/26	6.64	6.69	6.50	6.53	7657991	50441336.00
2014/08/27	6.54	6.73	6.52	6.67	6115544	40573272.00
2014/08/28	6.67	6.76	6.55	6.57	5013303	33303872.00
2014/08/29	6.58	6.62	6.51	6.60	3426637	22479264.00
2014/09/01	6.63	6.76	6.60	6.75	6230147	41623200.00
2014/09/02	6.78	6.90	6.70	6.86	8470447	57560056.00
2014/09/03	6.86	6.93	6.78	6.88	10709903	73518992.00
2014/09/04	6.89	6.92	6.85	6.89	6499493	44747064.00
2014/09/05	6.90	6.92	6.83	6.91	6792791	46690360.00
2014/09/09	6.91	7.04	6.86	6.97	7471798	52077000.00
2014/09/10	6.96	7.04	6.90	7.01	7205201	50293036.00
2014/09/11	7.01	7.07	6.87	6.91	8871602	61952352.00
2014/09/12	6.89	7.00	6.84	7.00	6125432	42506656.00
2014/09/15	7.01	7.16	7.01	7.10	7315585	51977104.00
2014/09/16	7.12	7.15	6.73	6.77	10238059	71662600.00
2014/09/17	6.77	7.03	6.74	7.02	8266282	56979164.00
2014/09/18	7.07	7.17	7.03	7.08	7806186	55408280.00
2014/09/19	7.09	7.16	7.05	7.16	6516560	46350360.00
2014/09/22	7.19	7.19	6.97	7.01	6778719	47835528.00
2014/09/23	7.01	7.13	6.96	7.09	5973652	42174808.00
2014/09/24	7.09	7.42	7.04	7.41	13136164	95701168.00
2014/09/25	7.44	7.47	7.26	7.30	8025405	59217264.00
2014/09/26	7.29	7.36	7.25	7.32	5107302	37291040.00
2014/09/29	7.33	7.44	7.29	7.37	5909021	43428780.00
2014/09/30	7.40	7.43	7.28	7.31	5396148	39570496.00
2014/10/08	7.28	7.42	7.25	7.41	6316306	46420856.00
2014/10/09	7.41	7.45	7.25	7.43	7620818	56193528.00
2014/10/10	7.40	7.42	7.26	7.31	7188799	52650432.00
2014/10/13	7.31	7.31	7.08	7.11	11903925	84823848.00
2014/10/14	7.12	7.17	7.08	7.12	7216541	51441096.00
2014/10/15	7.12	7.15	7.02	7.09	7725962	54702072.00
2014/10/16	7.02	7.11	7.00	7.03	8034216	56733616.00
2014/10/17	7.01	7.11	6.87	6.93	6674109	46472600.00
2014/10/20	6.99	7.01	6.92	6.96	8128706	56501504.00
2014/10/21	6.98	7.02	6.90	6.91	4926242	34299516.00
2014/10/22	6.92	6.95	6.82	6.83	5191726	35818992.00
2014/10/23	6.80	6.85	6.66	6.67	5568826	37448600.00
2014/10/24	6.69	6.97	6.68	6.90	13765395	94418424.00
2014/10/27	6.90	6.90	6.62	6.66	11771963	79394264.00
2014/10/28	6.68	6.77	6.65	6.76	16059989	107671128.00
2014/10/29	6.76	7.03	6.70	7.01	29056577	198416848.00
2014/10/30	6.96	7.01	6.90	6.97	17748034	123401440.00
2014/10/31	6.95	7.08	6.92	6.97	15839675	110487616.00
2014/11/03	6.98	7.06	6.95	7.02	14366350	100581064.00
2014/11/04	7.03	7.63	7.01	7.53	48372691	356317216.00
2014/11/05	7.55	7.74	7.39	7.61	28695885	216733616.00
2014/11/06	7.58	7.90	7.47	7.72	20343682	155972368.00
2014/11/07	7.73	7.73	7.50	7.71	21591553	164356000.00
2014/11/10	7.94	8.48	7.94	8.48	16987250	139528240.00
2014/11/11	9.31	9.33	8.31	8.69	61764882	547588544.00
2014/11/12	8.81	9.30	8.50	8.66	41480682	361852960.00
2014/11/13	8.70	8.89	8.34	8.60	27815773	239636960.00
2014/11/14	8.48	8.50	7.87	7.92	30399467	244928096.00
2014/11/17	7.95	8.12	7.82	7.98	24933270	199295744.00
2014/11/18	8.02	8.05	7.75	7.98	25510337	201888784.00
2014/11/19	8.00	8.18	7.75	7.77	42915245	341277920.00
2014/11/20	7.65	7.72	7.56	7.63	25593201	195275040.00
2014/11/21	7.64	7.72	7.58	7.61	25075267	191669408.00
2014/11/24	7.66	7.84	7.61	7.81	29998761	232419088.00
2014/11/25	7.80	7.91	7.74	7.89	21360483	167604784.00
2014/11/26	7.89	7.95	7.71	7.81	20632372	161682432.00
2014/11/27	7.83	7.98	7.82	7.92	22195460	175035632.00
2014/11/28	7.91	8.18	7.87	8.06	28445872	229311248.00
2014/12/01	8.11	8.17	7.80	7.81	21284417	169368432.00
2014/12/02	7.78	7.98	7.67	7.89	19441900	153614592.00
2014/12/03	7.87	8.26	7.86	8.13	27598436	223615824.00
2014/12/04	8.17	8.44	8.11	8.38	26034502	217058992.00
2014/12/05	8.37	8.38	7.81	7.99	21871735	176736240.00
2014/12/08	7.95	8.15	7.82	7.96	16452559	131215296.00
2014/12/09	7.97	8.09	7.73	7.77	21150135	167136384.00
2014/12/10	7.76	7.99	7.63	7.96	10932844	85704008.00
2014/12/11	7.93	8.28	7.85	8.28	18677845	152427424.00
2014/12/12	8.34	8.71	8.33	8.38	18070097	153435952.00
2014/12/15	8.59	8.79	8.45	8.70	18153589	156980192.00
2014/12/16	8.79	8.79	8.55	8.58	16554893	143349552.00
2014/12/17	8.58	8.70	8.28	8.41	11315658	95987712.00
2014/12/18	8.36	8.49	8.34	8.45	8478001	71318416.00
2014/12/19	8.43	9.30	8.28	9.04	30781883	274955616.00
2014/12/22	9.00	9.90	8.91	9.78	35263811	332886176.00
2014/12/23	9.63	10.48	9.33	10.07	35519392	359299904.00
2014/12/24	10.24	10.49	9.50	10.42	42917986	428715264.00
2014/12/25	10.19	10.52	9.98	10.26	33580775	343367520.00
2014/12/26	10.02	10.94	10.02	10.56	19999590	210896512.00
2014/12/29	10.58	11.62	10.48	11.62	29067323	328287456.00
2014/12/30	11.62	11.65	10.83	10.93	25958490	288653088.00
2014/12/31	10.81	11.07	10.46	10.60	16560205	176073216.00
2015/01/05	10.67	11.13	10.36	11.01	19559160	210219728.00
2015/01/06	11.00	11.62	10.52	10.70	39208700	431741216.00
2015/01/07	10.61	10.74	10.28	10.44	17181430	179871040.00
2015/01/08	10.39	10.52	10.00	10.23	11561331	118183136.00
2015/01/09	10.34	10.56	9.99	10.01	12971047	133502584.00
2015/01/12	10.01	10.55	10.01	10.10	15309749	157391552.00
2015/01/13	10.15	10.60	10.15	10.58	10607046	110254000.00
2015/01/14	10.64	10.99	10.28	10.36	10355422	109743920.00
2015/01/15	10.38	10.50	10.27	10.37	5674384	58814212.00
2015/01/16	10.50	10.89	10.48	10.63	14261248	151958368.00
2015/01/19	10.31	10.44	9.68	9.77	20240606	204567376.00
2015/01/20	9.93	10.45	9.40	10.33	25694816	257625376.00
2015/01/21	10.32	10.57	10.16	10.24	21265074	218903312.00
2015/01/22	10.15	10.20	9.95	10.07	17442423	174997056.00
2015/01/23	10.07	10.33	10.00	10.18	14455125	146891552.00
2015/01/26	10.20	10.23	9.87	10.05	27402372	273543168.00
2015/01/27	10.11	11.06	10.03	10.86	41476388	440958240.00
2015/01/28	10.70	11.19	10.55	10.89	30289484	328639488.00
2015/01/29	10.71	11.08	10.71	10.89	26485271	289205408.00
2015/01/30	10.64	11.00	10.36	10.40	28606052	304382496.00
2015/02/02	10.30	11.03	10.25	10.89	22885411	247712256.00
2015/02/03	11.06	11.98	11.06	11.95	33145354	388924064.00
2015/02/04	12.00	12.87	11.72	12.21	40715189	496388544.00
2015/02/05	12.18	12.24	11.75	12.00	15047070	180192688.00
2015/02/06	12.00	12.25	11.17	11.46	17152639	199494000.00
2015/02/09	11.50	11.78	11.00	11.42	10410870	117959592.00
2015/02/10	11.40	11.60	10.89	11.37	10294475	114977160.00
2015/02/11	11.33	11.33	10.97	11.17	15586003	173113632.00
2015/02/12	11.16	11.94	11.05	11.91	15910668	183294928.00
2015/02/13	12.00	12.06	11.64	11.80	11393906	134374272.00
2015/02/16	11.80	11.92	11.59	11.72	13276087	155749040.00
2015/02/17	11.80	12.14	11.69	12.01	10437500	123818280.00
2015/02/25	12.01	12.32	11.50	12.20	9185972	110307912.00
2015/02/26	12.20	12.45	12.02	12.18	9768932	119347208.00
2015/02/27	12.18	12.41	12.00	12.32	8790558	107426472.00
2015/03/02	12.50	13.07	12.20	13.03	14031743	177728752.00
2015/03/03	12.90	13.48	12.76	13.26	11033620	143967968.00
2015/03/04	13.20	13.51	12.95	13.31	9789658	129038608.00
2015/03/05	13.20	13.32	12.70	12.76	11606394	150703456.00
2015/03/06	12.74	13.21	12.65	12.71	8712401	112670136.00
2015/03/09	12.60	12.70	12.30	12.50	7959098	99215320.00
2015/03/10	12.51	12.67	12.30	12.66	9612077	119967408.00
2015/03/11	12.65	12.70	11.98	12.11	11367829	139539232.00
2015/03/12	12.08	12.09	11.81	11.89	10977898	131203128.00
2015/03/13	12.01	12.18	11.86	12.15	9070828	109166768.00
2015/03/16	12.25	12.44	11.93	12.41	26328579	319227264.00
2015/03/17	12.39	12.62	12.18	12.44	27068806	335040768.00
2015/03/18	12.41	13.00	12.39	12.70	26378213	334128864.00
2015/03/19	12.79	13.24	12.70	13.15	23566481	306033312.00
2015/03/20	13.22	13.28	12.61	12.73	24779089	317222880.00
2015/03/23	12.72	12.82	12.50	12.64	22478085	283393440.00
2015/03/24	12.70	12.77	12.03	12.19	26361084	325139648.00
2015/03/25	12.21	12.36	11.99	12.24	22023292	267125536.00
2015/03/26	12.00	12.25	11.50	12.09	26683409	319556832.00
2015/03/27	12.07	12.45	11.90	12.43	22733684	279159424.00
2015/03/30	12.46	12.50	12.03	12.22	20448890	249643040.00
2015/03/31	12.20	12.58	12.10	12.45	23693275	293081632.00
2015/04/01	12.50	13.10	12.47	12.99	34309482	440267840.00
2015/04/02	13.01	14.25	13.01	14.01	39611119	538483456.00
2015/04/03	13.82	14.55	13.71	14.08	32317795	458410048.00
2015/04/07	15.00	15.49	15.00	15.49	21462496	330539104.00
2015/04/08	16.30	16.98	15.15	16.26	49995936	800884096.00
2015/04/09	16.09	16.15	15.00	15.55	30270462	470466272.00
2015/04/10	16.51	17.11	16.28	16.93	36477485	613689856.00
2015/04/13	16.99	17.67	16.50	17.63	32534230	556286336.00
2015/04/14	16.92	17.16	16.50	16.58	36188921	609085632.00
2015/04/15	16.65	17.18	16.10	16.20	26604898	444475456.00
2015/04/16	15.99	17.07	15.60	16.46	19531086	319844480.00
2015/04/17	16.46	16.74	15.87	16.21	22330381	362870560.00
2015/04/20	16.44	16.45	15.16	15.19	23326345	367289344.00
2015/04/21	15.18	15.90	15.14	15.68	15186776	235575616.00
2015/04/22	15.88	16.96	15.85	16.79	22539109	371962016.00
2015/04/23	16.79	17.05	16.60	16.73	17168166	288444288.00
2015/04/24	16.50	16.50	15.98	16.27	15028177	243815920.00
2015/04/27	16.29	16.87	16.27	16.55	17506952	289438752.00
2015/04/28	16.99	17.50	16.06	17.43	31975578	539369600.00
2015/04/29	17.64	18.98	17.64	18.38	25596135	469923936.00
2015/05/05	18.38	18.38	18.38	18.38	0	0.00
数据来源:通达信
