601008 连云港 日线 前复权
      日期	    开盘	    最高	    最低	    收盘	    成交量	    成交额
2011/10/10	4.31	4.31	4.17	4.24	7036283	40107944.00
2011/10/11	4.35	4.39	4.05	4.17	14172390	80278120.00
2011/10/12	4.12	4.35	4.10	4.35	14619599	83542848.00
2011/10/13	4.31	4.42	4.28	4.38	14406554	84261872.00
2011/10/14	4.37	4.40	4.29	4.31	8547801	49586024.00
2011/10/17	4.31	4.36	4.24	4.27	6845581	39523228.00
2011/10/18	4.24	4.27	4.10	4.10	6467171	36217096.00
2011/10/19	4.11	4.14	4.03	4.06	4072348	22357308.00
2011/10/20	4.08	4.08	3.84	3.91	4764156	25256830.00
2011/10/21	3.88	3.94	3.87	3.91	3280487	17235526.00
2011/10/24	3.92	4.02	3.87	4.01	4588374	24437060.00
2011/10/25	4.02	4.14	3.97	4.11	6256545	34302224.00
2011/10/26	4.09	4.20	4.04	4.12	9227889	51236908.00
2011/10/27	4.17	4.22	4.14	4.17	8108798	45569844.00
2011/10/28	4.21	4.25	4.18	4.24	7395043	41885740.00
2011/10/31	4.24	4.24	4.18	4.21	4153407	23481692.00
2011/11/01	4.19	4.28	4.18	4.21	6190597	35166704.00
2011/11/02	4.14	4.24	4.06	4.24	7289010	40620712.00
2011/11/03	4.24	4.34	4.24	4.29	11919471	68905816.00
2011/11/04	4.33	4.59	4.29	4.51	24033888	143980512.00
2011/11/07	4.49	4.61	4.46	4.51	12350274	75041800.00
2011/11/08	4.54	4.54	4.38	4.41	6602956	39431736.00
2011/11/09	4.41	4.46	4.24	4.41	6964731	40679956.00
2011/11/11	4.31	4.34	4.25	4.29	5565433	32152844.00
2011/11/14	4.35	4.44	4.31	4.42	6656972	39198712.00
2011/11/15	4.42	4.50	4.37	4.49	7670338	45780628.00
2011/11/16	4.49	4.49	4.28	4.34	6341805	37118648.00
2011/11/17	4.34	4.36	4.28	4.30	2968643	17192412.00
2011/11/18	4.27	4.27	4.01	4.07	7983270	44059268.00
2011/11/21	4.01	4.08	4.01	4.07	3113382	16950872.00
2011/11/22	4.01	4.07	4.01	4.06	3344081	18174864.00
2011/11/23	4.05	4.07	3.94	3.95	5436663	29230552.00
2011/11/24	3.91	3.97	3.87	3.94	3326079	17561700.00
2011/11/25	3.94	3.96	3.91	3.91	1970160	10429849.00
2011/11/28	3.91	3.95	3.84	3.87	3127022	16356418.00
2011/11/29	3.92	3.94	3.88	3.94	4661221	24582264.00
2011/11/30	3.94	3.94	3.63	3.71	5204026	26597142.00
2011/12/01	3.85	3.87	3.78	3.80	5210857	26880312.00
2011/12/02	3.79	3.79	3.63	3.64	6870821	33994796.00
2011/12/05	3.64	3.65	3.50	3.51	3476569	16620867.00
2011/12/06	3.51	3.54	3.49	3.53	2019105	9591468.00
2011/12/07	3.54	3.60	3.51	3.57	2576067	12408524.00
2011/12/08	3.57	3.61	3.50	3.57	2246999	10791781.00
2011/12/09	3.54	3.57	3.52	3.54	1261000	6041823.00
2011/12/12	3.54	3.56	3.51	3.51	1524544	7290226.00
2011/12/13	3.50	3.51	3.34	3.34	3681535	16890778.00
2011/12/14	3.32	3.37	3.27	3.29	1871266	8429731.00
2011/12/15	3.28	3.28	3.15	3.15	3578495	15619088.00
2011/12/16	3.16	3.28	3.16	3.27	3444223	15026975.00
2011/12/19	3.26	3.26	3.16	3.24	2446680	10638106.00
2011/12/20	3.21	3.31	3.21	3.25	2204160	9785672.00
2011/12/22	3.17	3.21	3.04	3.16	3460510	14682678.00
2011/12/23	3.14	3.26	3.13	3.19	3022491	13124893.00
2011/12/26	3.19	3.25	3.16	3.19	2298600	10022346.00
2011/12/27	3.18	3.21	3.09	3.11	1747318	7455809.00
2011/12/28	3.10	3.11	3.04	3.09	2800673	11670838.00
2011/12/29	3.07	3.13	3.07	3.11	2163143	9105631.00
2011/12/30	3.12	3.21	3.12	3.18	2573125	11071803.00
2012/01/04	3.20	3.25	3.11	3.12	2450750	10618994.00
2012/01/05	3.11	3.12	2.95	2.97	4169732	17200940.00
2012/01/06	2.97	3.01	2.92	3.01	1952485	7866775.00
2012/01/09	3.03	3.17	2.97	3.16	3799212	15960030.00
2012/01/10	3.17	3.32	3.14	3.30	5468197	24111668.00
2012/01/11	3.32	3.32	3.22	3.28	3866655	17145926.00
2012/01/12	3.27	3.32	3.23	3.31	4238305	18819324.00
2012/01/13	3.31	3.31	3.12	3.13	4381789	19010576.00
2012/01/16	3.10	3.15	3.02	3.03	3362935	14132593.00
2012/01/17	3.02	3.32	3.02	3.31	7190080	31376310.00
2012/01/18	3.34	3.46	3.23	3.26	7096460	32139314.00
2012/01/19	3.23	3.41	3.22	3.39	5198015	23606796.00
2012/01/20	3.39	3.44	3.37	3.40	4112835	18952328.00
2012/01/30	3.40	3.42	3.36	3.37	2975798	13647567.00
2012/01/31	3.33	3.39	3.31	3.39	2113764	9578010.00
2012/02/01	3.37	3.48	3.35	3.38	3250119	15040796.00
2012/02/02	3.38	3.45	3.37	3.45	1956096	9026094.00
2012/02/03	3.45	3.55	3.41	3.49	3550202	16724928.00
2012/02/06	3.51	3.52	3.44	3.47	3053159	14376263.00
2012/02/07	3.47	3.47	3.36	3.37	2803297	12882521.00
2012/02/08	3.37	3.47	3.34	3.45	2757607	12762343.00
2012/02/09	3.47	3.51	3.44	3.46	3952910	18598594.00
2012/02/10	3.47	3.52	3.44	3.50	3959474	18697102.00
2012/02/13	3.48	3.60	3.44	3.59	5911779	28426940.00
2012/02/14	3.60	3.61	3.53	3.57	3904996	18781538.00
2012/02/15	3.57	3.63	3.52	3.62	5261179	25543010.00
2012/02/16	3.64	3.75	3.61	3.71	8456412	42134792.00
2012/02/17	3.73	3.76	3.66	3.70	5237755	26224632.00
2012/02/20	3.74	3.77	3.69	3.70	4051673	20354168.00
2012/02/21	3.69	3.71	3.59	3.70	3615714	17820140.00
2012/02/22	3.67	3.75	3.67	3.74	4175096	21001480.00
2012/02/23	3.73	3.77	3.71	3.75	3476244	17530700.00
2012/02/24	3.75	3.85	3.72	3.84	6181076	31526752.00
2012/02/27	3.84	3.95	3.82	3.84	8424956	44096720.00
2012/02/28	3.82	3.88	3.79	3.84	5122454	26458800.00
2012/02/29	3.86	3.91	3.77	3.78	4524270	23398682.00
2012/03/01	3.77	3.80	3.74	3.75	3471724	17639920.00
2012/03/02	3.77	3.84	3.75	3.84	3810168	19584820.00
2012/03/05	3.86	3.88	3.83	3.84	3918397	20313280.00
2012/03/06	3.81	3.84	3.71	3.74	4581365	23190452.00
2012/03/07	3.70	3.75	3.70	3.71	4016273	20147800.00
2012/03/08	3.74	3.77	3.71	3.76	3880728	19635560.00
2012/03/09	3.77	3.83	3.76	3.82	5124507	26218504.00
2012/03/12	3.84	3.85	3.77	3.81	4439746	22823236.00
2012/03/13	3.82	3.88	3.81	3.87	5857418	30329404.00
2012/03/14	3.90	3.90	3.61	3.64	9187260	46759692.00
2012/03/15	3.66	3.69	3.53	3.56	4831461	23505860.00
2012/03/16	3.56	3.74	3.56	3.71	5802767	28752582.00
2012/03/19	3.71	3.72	3.66	3.71	2967100	14812804.00
2012/03/20	3.79	3.98	3.78	3.91	20424935	107038968.00
2012/03/21	3.87	3.91	3.77	3.84	9835180	50869340.00
2012/03/22	3.84	3.92	3.81	3.89	9955670	51990528.00
2012/03/23	3.89	3.93	3.80	3.81	7805801	40728684.00
2012/03/26	3.78	3.78	3.62	3.64	8631026	42865692.00
2012/03/27	3.67	3.68	3.60	3.62	4724689	23204460.00
2012/03/28	3.59	3.62	3.44	3.45	5709235	26988648.00
2012/03/29	3.44	3.44	3.34	3.40	3721823	17122144.00
2012/03/30	3.41	3.42	3.33	3.37	2772645	12657349.00
2012/04/05	3.40	3.49	3.37	3.47	5586357	25859692.00
2012/04/06	3.47	3.50	3.43	3.47	3576389	16757431.00
2012/04/09	3.50	3.51	3.44	3.44	2977736	13971707.00
2012/04/10	3.44	3.46	3.32	3.45	4075182	18665428.00
2012/04/11	3.41	3.54	3.37	3.52	5418213	25569076.00
2012/04/13	3.61	3.62	3.55	3.57	6587272	31878168.00
2012/04/16	3.55	3.63	3.55	3.62	4263416	20701988.00
2012/04/17	3.65	3.65	3.52	3.53	4630577	22359672.00
2012/04/18	3.54	3.64	3.54	3.63	5291277	25710324.00
2012/04/19	3.63	3.67	3.61	3.66	4500957	22081676.00
2012/04/20	3.67	3.72	3.61	3.71	6016323	29804158.00
2012/04/23	3.67	3.77	3.67	3.71	7737723	38810872.00
2012/04/24	3.71	3.75	3.59	3.70	8606017	42678864.00
2012/04/25	3.69	3.81	3.68	3.80	8618429	43730448.00
2012/04/26	3.78	3.84	3.75	3.78	6623617	33858204.00
2012/04/27	3.78	3.81	3.71	3.74	5469287	27626966.00
2012/05/02	3.79	3.82	3.74	3.81	4626686	18043952.00
2012/05/03	3.78	3.78	3.73	3.78	4749213	18368804.00
2012/05/04	3.77	3.79	3.73	3.79	4316011	16718453.00
2012/05/07	3.76	3.77	3.72	3.74	4458665	17178116.00
2012/05/08	3.75	3.81	3.73	3.77	6062660	23548188.00
2012/05/09	3.76	3.76	3.65	3.66	5528424	21029844.00
2012/05/10	3.65	3.70	3.65	3.68	3297403	12473092.00
2012/05/11	3.69	3.69	3.58	3.60	4853807	18145916.00
2012/05/14	3.64	3.64	3.59	3.59	4213211	15679598.00
2012/05/15	3.57	3.59	3.52	3.56	4188300	15313431.00
2012/05/16	3.53	3.93	3.53	3.93	26406808	105562544.00
2012/05/17	4.09	4.33	4.00	4.33	71473183	308677472.00
2012/05/18	4.64	4.77	4.58	4.77	49750726	239936688.00
2012/05/21	4.64	4.76	4.38	4.62	84890366	391854112.00
2012/05/22	4.59	4.75	4.50	4.63	58574599	276164608.00
2012/05/23	4.54	4.59	4.40	4.51	53584134	246080160.00
2012/05/24	4.47	4.64	4.40	4.41	52075226	241500496.00
2012/05/25	4.32	4.36	4.19	4.26	38717364	169160128.00
2012/05/28	4.21	4.62	4.17	4.50	53633827	242040608.00
2012/05/29	4.39	4.45	4.26	4.35	37966451	169242448.00
2012/05/30	4.35	4.48	4.29	4.34	24224036	108466216.00
2012/05/31	4.30	4.38	4.23	4.25	20828571	91637800.00
2012/06/01	4.27	4.47	4.23	4.28	31500607	140752480.00
2012/06/04	4.15	4.15	3.99	4.00	25120697	104715080.00
2012/06/05	3.99	4.06	3.97	4.01	11417180	47041436.00
2012/06/06	4.01	4.05	3.93	3.98	11621861	47572776.00
2012/06/07	4.03	4.05	3.91	3.91	11965074	48780632.00
2012/06/08	3.97	4.00	3.91	3.96	10867881	44190576.00
2012/06/11	3.99	4.05	3.94	4.02	13104217	53948284.00
2012/06/12	3.98	4.01	3.92	3.93	9313839	37903368.00
2012/06/13	3.95	4.01	3.91	4.00	12255436	49902828.00
2012/06/14	3.99	4.02	3.93	3.95	10965740	44763216.00
2012/06/15	3.95	3.97	3.80	3.87	15320797	61181400.00
2012/06/18	3.89	3.91	3.84	3.90	7862637	31406868.00
2012/06/19	3.89	3.92	3.85	3.90	6636927	26487828.00
2012/06/20	3.91	3.93	3.84	3.86	6100354	24299630.00
2012/06/21	3.85	3.85	3.76	3.77	6901697	26917230.00
2012/06/25	3.75	3.76	3.64	3.66	7844277	29825250.00
2012/06/26	3.62	3.73	3.62	3.70	7535012	28502768.00
2012/06/27	3.68	3.74	3.64	3.68	8482517	32151140.00
2012/06/28	3.68	3.70	3.57	3.57	10010203	37416256.00
2012/06/29	3.54	3.74	3.53	3.68	14199396	53289560.00
2012/07/02	3.67	3.70	3.65	3.68	8394734	31741874.00
2012/07/03	3.68	3.68	3.60	3.62	9873436	37110688.00
2012/07/04	3.62	3.64	3.55	3.58	6814773	25221228.00
2012/07/05	3.56	3.56	3.41	3.42	10567279	37826384.00
2012/07/06	3.45	3.53	3.41	3.51	7604479	27220502.00
2012/07/09	3.50	3.50	3.33	3.35	7552431	26585160.00
2012/07/10	3.34	3.35	3.29	3.32	6467577	22141308.00
2012/07/11	3.33	3.37	3.30	3.36	4274233	14759758.00
2012/07/12	3.35	3.43	3.31	3.40	5410314	18835996.00
2012/07/13	3.39	3.42	3.35	3.37	4514595	15773382.00
2012/07/16	3.36	3.37	3.19	3.20	7616172	25685090.00
2012/07/17	3.21	3.26	3.19	3.26	4123983	13779666.00
2012/07/18	3.24	3.31	3.19	3.30	6249970	20979978.00
2012/07/19	3.28	3.57	3.27	3.39	12253376	43151596.00
2012/07/20	3.37	3.45	3.35	3.36	6604871	23175908.00
2012/07/23	3.34	3.46	3.30	3.39	6677746	23400560.00
2012/07/24	3.35	3.43	3.30	3.41	4962269	17355176.00
2012/07/25	3.35	3.47	3.35	3.40	4938154	17455216.00
2012/07/26	3.39	3.42	3.32	3.33	4841231	16874744.00
2012/07/27	3.35	3.37	3.29	3.30	3708905	12753510.00
2012/07/30	3.31	3.46	3.22	3.33	7737517	26745972.00
2012/07/31	3.29	3.31	3.23	3.24	4547892	15377769.00
2012/08/01	3.23	3.33	3.23	3.30	3692649	12582247.00
2012/08/02	3.28	3.32	3.25	3.28	3424882	11602738.00
2012/08/03	3.27	3.35	3.27	3.33	4199976	14392918.00
2012/08/06	3.32	3.46	3.31	3.43	7074898	24777588.00
2012/08/07	3.42	3.48	3.40	3.46	7168838	25529636.00
2012/08/08	3.46	3.47	3.42	3.44	4327926	15372181.00
2012/08/09	3.45	3.56	3.41	3.52	9834013	35447192.00
2012/08/10	3.52	3.58	3.48	3.53	8780506	31956700.00
2012/08/13	3.50	3.53	3.38	3.41	8508585	30372308.00
2012/08/14	3.43	3.49	3.35	3.46	7737226	27315948.00
2012/08/15	3.46	3.52	3.42	3.46	6907093	24707700.00
2012/08/16	3.46	3.50	3.40	3.42	4601763	16349784.00
2012/08/17	3.44	3.47	3.38	3.46	5187766	18367100.00
2012/08/20	3.43	3.45	3.37	3.43	4805698	16884104.00
2012/08/21	3.43	3.56	3.43	3.51	10087533	36270252.00
2012/08/22	3.51	3.51	3.42	3.44	6377700	22727712.00
2012/08/23	3.44	3.47	3.41	3.44	5913834	21037842.00
2012/08/24	3.43	3.44	3.32	3.35	6472811	22511068.00
2012/08/27	3.35	3.35	3.28	3.31	5994126	20481788.00
2012/08/28	3.32	3.37	3.30	3.34	4016593	13857670.00
2012/08/29	3.34	3.36	3.30	3.31	3079552	10603849.00
2012/08/30	3.32	3.34	3.23	3.26	3990865	13542155.00
2012/08/31	3.25	3.40	3.24	3.33	6382960	21867840.00
2012/09/03	3.30	3.36	3.28	3.34	3273610	11253072.00
2012/09/04	3.35	3.35	3.26	3.28	5491941	18738014.00
2012/09/05	3.25	3.32	3.21	3.27	4735875	16018379.00
2012/09/06	3.29	3.31	3.27	3.30	3642764	12382456.00
2012/09/07	3.33	3.46	3.32	3.45	13904986	48966588.00
2012/09/10	3.46	3.46	3.41	3.43	7879060	27937020.00
2012/09/11	3.41	3.42	3.36	3.39	6609137	23087670.00
2012/09/12	3.40	3.42	3.38	3.42	6130743	21510618.00
2012/09/13	3.42	3.51	3.41	3.41	9220539	32917748.00
2012/09/14	3.41	3.45	3.34	3.42	7019707	24604628.00
2012/09/17	3.42	3.42	3.27	3.27	5524258	18990912.00
2012/09/18	3.28	3.29	3.24	3.27	2517682	8508409.00
2012/09/19	3.29	3.30	3.26	3.30	2119025	7175503.00
2012/09/20	3.30	3.30	3.20	3.21	3497288	11691184.00
2012/09/21	3.22	3.22	3.15	3.17	3537147	11656557.00
2012/09/24	3.16	3.19	3.12	3.17	2847833	9288495.00
2012/09/25	3.17	3.19	3.13	3.16	2040491	6661192.00
2012/09/26	3.17	3.17	3.04	3.07	3664176	11711724.00
2012/09/27	3.05	3.15	3.05	3.12	3838290	12347925.00
2012/09/28	3.11	3.20	3.10	3.15	3915908	12780371.00
2012/10/08	3.15	3.19	3.11	3.13	1995586	6494066.00
2012/10/09	3.14	3.22	3.13	3.19	4773209	15759213.00
2012/10/10	3.19	3.26	3.17	3.24	5371816	17905852.00
2012/10/11	3.23	3.25	3.19	3.20	3987071	13285455.00
2012/10/12	3.22	3.25	3.18	3.21	3646642	12126630.00
2012/10/15	3.21	3.21	3.12	3.15	3819048	12488598.00
2012/10/16	3.15	3.20	3.14	3.18	2769381	9095693.00
2012/10/17	3.19	3.20	3.14	3.17	2606806	8553770.00
2012/10/18	3.16	3.29	3.16	3.26	8354051	28081378.00
2012/10/19	3.24	3.28	3.23	3.24	4167437	13985828.00
2012/10/22	3.24	3.31	3.21	3.28	4591615	15505673.00
2012/10/23	3.29	3.30	3.23	3.23	4161939	14028078.00
2012/10/24	3.24	3.34	3.23	3.33	9641626	32836906.00
2012/10/25	3.32	3.66	3.30	3.42	23786676	85146960.00
2012/10/26	3.37	3.40	3.23	3.28	12175401	41390508.00
2012/10/29	3.28	3.28	3.20	3.23	4046245	13543569.00
2012/10/30	3.24	3.28	3.21	3.24	3159164	10603982.00
2012/10/31	3.26	3.26	3.21	3.24	3656801	12206297.00
2012/11/01	3.23	3.31	3.22	3.31	6337345	21506844.00
2012/11/02	3.31	3.34	3.29	3.32	3518036	12049662.00
2012/11/05	3.33	3.34	3.29	3.31	2978105	10180159.00
2012/11/06	3.31	3.31	3.20	3.26	4260022	14291365.00
2012/11/07	3.25	3.27	3.22	3.25	2945756	9891853.00
2012/11/08	3.23	3.29	3.17	3.21	6233476	20844676.00
2012/11/09	3.19	3.21	3.16	3.19	3342557	11009503.00
2012/11/12	3.17	3.24	3.17	3.24	3712337	12300880.00
2012/11/13	3.24	3.25	3.16	3.18	3337047	11011091.00
2012/11/14	3.18	3.21	3.15	3.20	2538728	8344658.00
2012/11/15	3.19	3.19	3.10	3.11	3443399	11208226.00
2012/11/16	3.12	3.13	3.10	3.12	2413994	7788097.00
2012/11/19	3.12	3.19	3.10	3.17	2610951	8486776.00
2012/11/20	3.17	3.19	3.14	3.15	2977179	9733675.00
2012/11/21	3.37	3.48	3.28	3.35	33896969	118854984.00
2012/11/22	3.20	3.28	3.17	3.26	17624875	58905132.00
2012/11/23	3.22	3.25	3.18	3.19	9760671	32437352.00
2012/11/26	3.19	3.21	3.16	3.16	3720200	12242593.00
2012/11/27	3.15	3.16	3.06	3.06	6274082	20114812.00
2012/11/28	3.04	3.06	3.01	3.02	4590019	14447044.00
2012/11/29	3.02	3.05	2.99	3.00	3220182	10094076.00
2012/11/30	3.01	3.05	2.99	3.04	2826454	8874681.00
2012/12/03	3.04	3.15	3.01	3.08	7699857	24689184.00
2012/12/04	3.04	3.10	3.01	3.09	5305949	16777860.00
2012/12/05	3.08	3.21	3.05	3.18	8770656	28570254.00
2012/12/06	3.16	3.28	3.14	3.18	9135198	30356142.00
2012/12/07	3.15	3.24	3.15	3.23	9318513	30935480.00
2012/12/10	3.24	3.28	3.22	3.26	8205417	27532080.00
2012/12/11	3.24	3.25	3.20	3.21	6096323	20352222.00
2012/12/12	3.21	3.23	3.17	3.20	4455685	14714790.00
2012/12/13	3.19	3.20	3.13	3.14	4678200	15344203.00
2012/12/14	3.14	3.27	3.12	3.26	10988033	36770968.00
2012/12/17	3.27	3.33	3.26	3.28	8634731	29348066.00
2012/12/18	3.27	3.39	3.25	3.31	11847756	40767424.00
2012/12/19	3.30	3.33	3.27	3.30	4963754	16917022.00
2012/12/20	3.28	3.30	3.24	3.27	5656765	19104640.00
2012/12/21	3.28	3.31	3.24	3.26	6208618	20998668.00
2012/12/24	3.26	3.29	3.24	3.29	3176938	10739409.00
2012/12/25	3.28	3.37	3.25	3.35	9554314	32821644.00
2012/12/26	3.34	3.37	3.33	3.36	6533043	22608700.00
2012/12/27	3.37	3.41	3.33	3.34	9970124	34629776.00
2012/12/28	3.33	3.37	3.31	3.36	9588179	33084208.00
2012/12/31	3.37	3.40	3.36	3.37	6919415	24153546.00
2013/01/04	3.40	3.42	3.36	3.38	6310329	22022284.00
2013/01/07	3.37	3.40	3.34	3.39	6801608	23667934.00
2013/01/08	3.38	3.40	3.35	3.40	6841134	23867036.00
2013/01/09	3.39	3.41	3.35	3.38	6393423	22305236.00
2013/01/10	3.37	3.40	3.36	3.39	9086186	31726676.00
2013/01/11	3.39	3.41	3.30	3.31	8553984	29616660.00
2013/01/14	3.31	3.39	3.29	3.38	7448203	25773830.00
2013/01/15	3.38	3.46	3.37	3.44	12403534	43750732.00
2013/01/16	3.44	3.46	3.38	3.42	12332506	43484800.00
2013/01/17	3.43	3.44	3.37	3.39	6295492	22111868.00
2013/01/18	3.40	3.43	3.38	3.42	6822214	23981184.00
2013/01/21	3.45	3.53	3.43	3.48	13327024	47909048.00
2013/01/22	3.48	3.60	3.48	3.50	19828688	72369784.00
2013/01/23	3.48	3.54	3.41	3.46	10973547	39283628.00
2013/01/24	3.44	3.53	3.38	3.41	10900135	38813272.00
2013/01/31	3.54	3.73	3.50	3.51	29450383	108757376.00
2013/02/01	3.48	3.52	3.45	3.49	13170848	47233628.00
2013/02/04	3.49	3.50	3.43	3.45	9933692	35427108.00
2013/02/05	3.43	3.51	3.42	3.50	7273100	25984764.00
2013/02/06	3.50	3.50	3.46	3.48	5700505	20472396.00
2013/02/07	3.48	3.48	3.43	3.46	6669082	23742058.00
2013/02/08	3.46	3.50	3.46	3.49	5617282	20167644.00
2013/02/18	3.50	3.50	3.46	3.48	7094518	25440572.00
2013/02/19	3.46	3.48	3.42	3.45	8227427	29254506.00
2013/02/20	3.45	3.48	3.44	3.47	7324976	26136382.00
2013/02/21	3.45	3.45	3.37	3.37	7818593	27517964.00
2013/02/22	3.37	3.42	3.36	3.37	4477811	15611839.00
2013/02/25	3.37	3.40	3.37	3.39	3061141	10698614.00
2013/02/26	3.39	3.39	3.32	3.32	7298099	25218020.00
2013/02/27	3.34	3.36	3.31	3.33	3545900	12199934.00
2013/02/28	3.33	3.38	3.33	3.37	4050921	14065140.00
2013/03/01	3.38	3.40	3.35	3.39	3820770	13321401.00
2013/03/04	3.37	3.37	3.27	3.30	5034405	17255160.00
2013/03/05	3.29	3.33	3.28	3.32	5256090	17947986.00
2013/03/06	3.33	3.39	3.32	3.38	9841325	34178404.00
2013/03/07	3.38	3.41	3.32	3.34	6973130	24248580.00
2013/03/08	3.36	3.38	3.33	3.35	3981522	13785561.00
2013/03/11	3.35	3.36	3.31	3.33	4698164	16148045.00
2013/03/12	3.33	3.35	3.25	3.25	6101580	20763412.00
2013/03/13	3.26	3.29	3.20	3.28	5689993	19134656.00
2013/03/14	3.26	3.30	3.25	3.29	2085123	7050247.00
2013/03/15	3.30	3.31	3.24	3.28	3496432	11852734.00
2013/03/18	3.27	3.27	3.22	3.23	3380059	11330886.00
2013/03/19	3.23	3.33	3.17	3.32	9609904	32305884.00
2013/03/20	3.31	3.35	3.27	3.34	8668858	29663164.00
2013/03/21	3.36	3.36	3.31	3.34	6002019	20675996.00
2013/03/22	3.33	3.38	3.30	3.37	7672275	26463378.00
2013/03/25	3.38	3.39	3.35	3.36	5517475	19157552.00
2013/03/26	3.34	3.34	3.27	3.32	5400272	18427632.00
2013/03/27	3.32	3.35	3.28	3.30	4042170	13844106.00
2013/03/28	3.28	3.28	3.22	3.23	5503111	18444508.00
2013/03/29	3.25	3.25	3.20	3.22	2695578	8976449.00
2013/04/01	3.22	3.23	3.19	3.22	2575759	8548612.00
2013/04/02	3.22	3.23	3.19	3.21	2739343	9082975.00
2013/04/03	3.22	3.23	3.19	3.20	2680611	8900244.00
2013/04/08	3.18	3.18	3.14	3.18	2882133	9420184.00
2013/04/09	3.19	3.21	3.17	3.20	2067621	6828493.00
2013/04/10	3.20	3.20	3.16	3.18	1847581	6081890.00
2013/04/11	3.18	3.21	3.18	3.19	1516904	5013696.00
2013/04/12	3.20	3.20	3.14	3.16	1587060	5202520.00
2013/04/15	3.16	3.17	3.11	3.12	2516775	8167728.00
2013/04/16	3.10	3.15	3.09	3.13	1948849	6290027.00
2013/04/17	3.13	3.14	3.11	3.13	945860	3060514.00
2013/04/18	3.13	3.18	3.10	3.17	2828859	9208604.00
2013/04/19	3.26	3.31	3.22	3.24	14113910	47626624.00
2013/04/22	3.19	3.24	3.18	3.21	4547419	15088612.00
2013/04/23	3.22	3.23	3.12	3.13	3973944	13010842.00
2013/04/24	3.14	3.17	3.13	3.17	2452416	7996690.00
2013/04/25	3.17	3.17	3.11	3.11	2546532	8257028.00
2013/04/26	3.12	3.14	3.07	3.08	2590368	8336683.00
2013/05/02	3.09	3.11	3.06	3.10	2341291	7485157.00
2013/05/03	3.09	3.15	3.09	3.12	3366530	10890420.00
2013/05/06	3.12	3.16	3.11	3.16	3483201	11309492.00
2013/05/07	3.15	3.15	3.09	3.13	2481975	8025538.00
2013/05/08	3.14	3.16	3.12	3.14	3261075	10584690.00
2013/05/09	3.14	3.15	3.11	3.12	2567109	8300560.00
2013/05/10	3.13	3.15	3.11	3.14	2769832	8970522.00
2013/05/13	3.14	3.15	3.11	3.13	2209443	7147212.00
2013/05/14	3.13	3.13	3.09	3.10	2816389	9038960.00
2013/05/15	3.09	3.12	3.08	3.11	2714721	8700935.00
2013/05/16	3.11	3.14	3.09	3.13	3597487	11610453.00
2013/05/17	3.14	3.17	3.12	3.17	4346407	14172026.00
2013/05/20	3.17	3.19	3.15	3.18	5228653	17179912.00
2013/05/21	3.18	3.19	3.16	3.18	4418397	14515351.00
2013/05/22	3.18	3.20	3.16	3.18	3500588	11520274.00
2013/05/23	3.17	3.20	3.16	3.17	3812044	12537127.00
2013/05/24	3.16	3.18	3.15	3.18	3180085	10426164.00
2013/05/27	3.17	3.20	3.16	3.17	4010537	13184309.00
2013/05/28	3.17	3.21	3.17	3.21	4084719	13471249.00
2013/05/29	3.21	3.24	3.20	3.22	4468951	14890470.00
2013/05/30	3.22	3.22	3.18	3.22	4150403	13758961.00
2013/05/31	3.22	3.27	3.21	3.23	6610056	22208620.00
2013/06/03	3.25	3.26	3.21	3.24	3004531	9870172.00
2013/06/04	3.23	3.24	3.18	3.18	2766543	8999547.00
2013/06/05	3.19	3.20	3.17	3.18	2206006	7131345.00
2013/06/06	3.19	3.20	3.16	3.16	2340453	7550722.00
2013/06/07	3.16	3.18	3.13	3.15	2308378	7391141.00
2013/06/13	3.14	3.14	3.06	3.08	2780688	8703028.00
2013/06/14	3.06	3.10	3.05	3.08	3827463	11969817.00
2013/06/17	3.09	3.10	3.05	3.08	1795599	5607376.00
2013/06/18	3.09	3.10	3.07	3.10	2347263	7350684.00
2013/06/19	3.09	3.09	3.06	3.08	2305307	7191225.00
2013/06/20	3.09	3.09	3.01	3.03	2806967	8712711.00
2013/06/21	3.01	3.02	2.97	3.00	3530760	10734656.00
2013/06/24	3.00	3.00	2.80	2.81	3815219	11189938.00
2013/06/25	2.79	2.82	2.63	2.76	4408274	12280840.00
2013/06/26	2.76	2.78	2.72	2.75	2693211	7536859.00
2013/06/27	2.79	2.91	2.79	2.80	4429440	12776178.00
2013/06/28	2.75	2.87	2.75	2.81	2824028	8105893.00
2013/07/01	2.80	2.90	2.79	2.85	3913049	11337550.00
2013/07/02	2.85	2.86	2.81	2.86	2366327	6836018.00
2013/07/03	2.86	2.86	2.80	2.83	1892485	5438313.00
2013/07/04	2.83	2.86	2.78	2.85	2691945	7760620.00
2013/07/05	2.85	2.86	2.83	2.84	2150610	6221553.00
2013/07/08	2.82	2.82	2.71	2.75	2265479	6364316.00
2013/07/09	2.76	2.76	2.72	2.73	1501092	4183649.00
2013/07/10	2.73	2.81	2.73	2.80	2338174	6612624.00
2013/07/11	2.80	2.89	2.79	2.86	4795551	13930432.00
2013/07/12	2.85	2.88	2.79	2.81	3699996	10662439.00
2013/07/15	2.82	2.85	2.81	2.83	2107844	6061784.00
2013/07/16	2.82	2.86	2.79	2.85	2577440	7414963.00
2013/07/17	2.84	2.86	2.82	2.84	2061250	5951473.00
2013/07/18	2.81	2.85	2.81	2.82	1909471	5493225.00
2013/07/19	2.82	2.82	2.76	2.77	2113400	5997866.00
2013/07/22	2.76	2.79	2.72	2.78	1920797	5379581.00
2013/07/23	2.77	2.84	2.77	2.82	2935358	8394496.00
2013/07/24	2.82	2.83	2.77	2.81	2069439	5886425.00
2013/07/25	2.82	2.84	2.79	2.81	2245675	6424821.00
2013/07/26	2.78	2.87	2.78	2.84	4372591	12625630.00
2013/07/29	2.81	2.99	2.78	2.85	6027765	17576296.00
2013/07/30	2.84	2.87	2.78	2.83	3080462	8830015.00
2013/07/31	2.82	2.85	2.80	2.81	1779144	5111718.00
2013/08/01	2.81	2.85	2.78	2.84	2732320	7851735.00
2013/08/02	2.85	2.88	2.82	2.85	2430944	7046876.00
2013/08/05	2.83	2.89	2.82	2.88	2634617	7680341.00
2013/08/06	2.88	2.89	2.83	2.88	4100001	11930948.00
2013/08/07	2.87	2.89	2.85	2.87	2959380	8636632.00
2013/08/08	2.86	2.88	2.85	2.87	1943407	5672661.00
2013/08/09	2.87	2.90	2.85	2.88	2316984	6778015.00
2013/08/12	2.89	2.95	2.86	2.93	4886210	14482376.00
2013/08/13	2.91	3.02	2.91	2.96	6577596	19866050.00
2013/08/14	2.97	3.03	2.94	2.99	9295548	28333976.00
2013/08/15	2.97	3.00	2.95	2.96	3505135	10561913.00
2013/08/16	2.95	3.06	2.92	2.94	6942186	21052266.00
2013/08/19	2.93	2.95	2.90	2.95	2438134	7270542.00
2013/08/20	2.94	3.00	2.92	2.94	3714944	11169402.00
2013/08/21	2.94	2.96	2.90	2.94	2417228	7196618.00
2013/08/22	2.94	2.96	2.92	2.95	2111800	6313145.00
2013/08/23	2.95	2.97	2.90	2.92	2492185	7426670.00
2013/08/26	2.92	3.01	2.92	3.00	4854261	14702354.00
2013/08/27	3.00	3.13	2.99	3.11	13640630	42811100.00
2013/08/28	3.08	3.32	3.04	3.24	28136687	91969872.00
2013/08/29	3.20	3.45	3.17	3.34	33711813	114070688.00
2013/08/30	3.33	3.68	3.26	3.68	75147782	272566464.00
2013/09/02	3.70	3.70	3.31	3.31	47595344	162426240.00
2013/09/03	3.19	3.26	3.15	3.20	22180814	71961552.00
2013/09/04	3.20	3.34	3.18	3.21	19348955	63970544.00
2013/09/05	3.20	3.20	3.11	3.14	13014082	41541748.00
2013/09/06	3.13	3.21	3.10	3.19	12152982	39172572.00
2013/09/09	3.16	3.42	3.16	3.31	25452940	85543008.00
2013/09/10	3.30	3.59	3.25	3.47	31653915	111313752.00
2013/09/11	3.48	3.58	3.33	3.36	21862345	75728960.00
2013/09/12	3.40	3.40	3.31	3.36	10681529	36314680.00
2013/09/13	3.36	3.37	3.28	3.30	10115181	33998344.00
2013/09/16	3.31	3.39	3.29	3.35	8261750	28075268.00
2013/09/17	3.35	3.38	3.24	3.25	7750005	25901980.00
2013/09/18	3.31	3.31	3.24	3.28	5588921	18574344.00
2013/09/23	3.27	3.32	3.27	3.31	5612260	18785832.00
2013/09/24	3.30	3.30	3.20	3.27	8819915	29073148.00
2013/09/25	3.25	3.26	3.18	3.19	8032056	26293772.00
2013/09/26	3.21	3.21	3.09	3.10	6883988	21885008.00
2013/09/27	3.09	3.12	3.06	3.11	3733676	11726346.00
2013/09/30	3.11	3.14	3.09	3.13	2219280	7016876.00
2013/10/08	3.14	3.23	3.09	3.22	7381939	23986696.00
2013/10/09	3.23	3.41	3.20	3.39	19854797	67661072.00
2013/10/10	3.39	3.41	3.23	3.27	13656552	45983892.00
2013/10/11	3.30	3.35	3.27	3.33	7412661	24996434.00
2013/10/14	3.34	3.45	3.31	3.43	16177364	55805660.00
2013/10/15	3.42	3.65	3.34	3.48	21417364	76079560.00
2013/10/16	3.47	3.47	3.30	3.31	8574455	29235486.00
2013/10/17	3.32	3.36	3.28	3.30	5266257	17736238.00
2013/10/18	3.33	3.33	3.26	3.28	4855754	16202360.00
2013/10/21	3.30	3.37	3.28	3.37	6781725	22953580.00
2013/10/22	3.37	3.43	3.34	3.36	7718640	26450152.00
2013/10/23	3.36	3.38	3.24	3.26	5977011	19986402.00
2013/10/24	3.28	3.58	3.23	3.57	36235242	128003560.00
2013/10/25	3.45	3.54	3.37	3.44	22625525	79352392.00
2013/10/28	3.44	3.45	3.33	3.34	10174405	34774064.00
2013/10/29	3.31	3.38	3.16	3.23	11888587	39397752.00
2013/10/30	3.22	3.35	3.20	3.34	7632402	25435144.00
2013/10/31	3.33	3.42	3.28	3.31	9762712	33199520.00
2013/11/01	3.28	3.30	3.21	3.27	5145494	17029188.00
2013/11/04	3.26	3.30	3.25	3.27	4093973	13589300.00
2013/11/05	3.26	3.35	3.22	3.32	6239430	20825196.00
2013/11/06	3.31	3.32	3.24	3.25	7960749	26559690.00
2013/11/07	3.23	3.25	3.17	3.20	6210089	20215368.00
2013/11/08	3.18	3.28	3.15	3.22	5784307	18920302.00
2013/11/11	3.22	3.22	3.15	3.19	4128047	13328281.00
2013/11/12	3.19	3.23	3.18	3.22	2695592	8779551.00
2013/11/13	3.23	3.24	3.16	3.17	4097935	13292532.00
2013/11/14	3.17	3.19	3.12	3.17	3262438	10470110.00
2013/11/15	3.17	3.24	3.15	3.22	4888531	15951406.00
2013/11/18	3.25	3.33	3.24	3.31	7886464	26357376.00
2013/11/19	3.32	3.37	3.30	3.32	8014128	27040202.00
2013/11/20	3.33	3.37	3.28	3.36	7931648	26807232.00
2013/11/21	3.35	3.54	3.32	3.44	22287728	78033240.00
2013/11/22	3.43	3.53	3.38	3.47	14831033	51900468.00
2013/11/25	3.50	3.69	3.46	3.55	28805321	105012560.00
2013/11/26	3.84	3.84	3.51	3.61	31283758	115654672.00
2013/11/27	3.55	3.70	3.46	3.67	27192198	98663320.00
2013/11/28	3.63	3.99	3.61	3.90	49360941	189844912.00
2013/11/29	3.83	4.18	3.79	4.11	47125841	189946768.00
2013/12/02	3.96	4.53	3.90	4.20	65257438	282280320.00
2013/12/03	4.01	4.29	3.91	4.13	41705494	173782352.00
2013/12/04	4.08	4.33	4.05	4.15	38575753	164481632.00
2013/12/05	4.12	4.15	3.97	3.98	29857690	122137240.00
2013/12/06	3.97	4.08	3.95	4.03	18369590	74857248.00
2013/12/09	4.01	4.09	3.90	3.91	19466388	78479752.00
2013/12/10	3.91	3.98	3.83	3.91	21821682	86282888.00
2013/12/11	3.90	3.94	3.85	3.86	12333546	48627256.00
2013/12/12	3.90	3.91	3.78	3.81	13118885	51056396.00
2013/12/13	3.82	3.95	3.80	3.91	18043607	71210272.00
2013/12/16	4.02	4.09	3.91	3.92	19629069	79591464.00
2013/12/17	3.88	3.93	3.74	3.76	13655358	52432760.00
2013/12/18	3.76	3.77	3.66	3.69	9293958	34885004.00
2013/12/19	3.71	3.74	3.65	3.68	6780120	25348208.00
2013/12/20	3.68	3.71	3.59	3.63	7907864	29082348.00
2013/12/23	3.57	3.63	3.51	3.55	9916409	35874716.00
2013/12/24	3.57	3.68	3.55	3.60	8908211	32573460.00
2013/12/25	3.59	3.68	3.55	3.67	8548124	31415522.00
2013/12/26	3.65	3.67	3.58	3.60	7050674	25907354.00
2013/12/27	3.60	3.67	3.58	3.65	5575746	20541262.00
2013/12/30	3.64	3.78	3.64	3.74	11659874	44035744.00
2013/12/31	3.71	3.77	3.69	3.73	6569123	24740422.00
2014/01/02	3.73	3.73	3.65	3.67	5828844	21688458.00
2014/01/03	3.68	3.68	3.56	3.59	6053174	22048072.00
2014/01/06	3.58	3.59	3.35	3.36	9101190	31750224.00
2014/01/07	3.33	3.42	3.32	3.37	4783925	16384708.00
2014/01/08	3.39	3.40	3.30	3.32	5733843	19470346.00
2014/01/09	3.33	3.41	3.28	3.34	7569426	25592420.00
2014/01/10	3.35	3.38	3.18	3.22	7269274	23980816.00
2014/01/13	3.22	3.26	3.15	3.20	5114780	16551012.00
2014/01/14	3.19	3.26	3.17	3.25	4554924	14892895.00
2014/01/15	3.27	3.27	3.20	3.25	4507229	14756412.00
2014/01/16	3.25	3.27	3.20	3.20	4855562	15951146.00
2014/01/17	3.17	3.20	3.14	3.14	3879207	12487217.00
2014/01/20	3.15	3.16	3.10	3.13	4290796	13617313.00
2014/01/21	3.13	3.20	3.12	3.19	3573429	11509446.00
2014/01/22	3.19	3.29	3.18	3.27	6365762	21053784.00
2014/01/23	3.28	3.29	3.25	3.26	4099282	13605454.00
2014/01/24	3.23	3.35	3.23	3.32	5189213	17442292.00
2014/01/27	3.32	3.32	3.22	3.23	4859060	16181270.00
2014/01/28	3.24	3.30	3.23	3.29	3143870	10436679.00
2014/01/29	3.28	3.29	3.26	3.28	2611767	8690068.00
2014/01/30	3.28	3.29	3.24	3.26	2414300	7974007.00
2014/02/07	3.26	3.44	3.25	3.39	8859991	30320516.00
2014/02/10	3.39	3.48	3.36	3.45	8466889	29552366.00
2014/02/11	3.47	3.50	3.41	3.49	7913519	27733664.00
2014/02/12	3.48	3.53	3.45	3.52	7843658	27767188.00
2014/02/13	3.53	3.76	3.47	3.65	18813354	69014632.00
2014/02/14	3.58	3.88	3.58	3.81	21101212	80672416.00
2014/02/17	3.81	3.84	3.69	3.79	13982468	53065420.00
2014/02/18	3.75	3.77	3.67	3.72	14368372	54030708.00
2014/02/19	3.72	3.79	3.66	3.74	13318626	50184064.00
2014/02/20	3.70	3.76	3.64	3.68	8546622	31963024.00
2014/02/21	3.65	3.71	3.60	3.64	8667148	32049904.00
2014/02/24	3.62	3.63	3.48	3.55	8973465	32323732.00
2014/02/25	3.53	3.64	3.42	3.43	8895561	31884792.00
2014/02/26	3.44	3.45	3.32	3.41	7411313	25354338.00
2014/02/27	3.41	3.48	3.37	3.38	5880221	20502064.00
2014/02/28	3.38	3.55	3.37	3.46	6652451	23246064.00
2014/03/03	3.47	3.51	3.45	3.51	5981772	21146456.00
2014/03/04	3.49	3.64	3.47	3.61	10887298	39641532.00
2014/03/05	3.63	3.65	3.51	3.53	5546944	20117856.00
2014/03/06	3.53	3.61	3.48	3.52	7018581	25243320.00
2014/03/07	3.51	3.56	3.45	3.50	5697850	20212052.00
2014/03/10	3.45	3.45	3.29	3.30	6002726	20554762.00
2014/03/11	3.30	3.33	3.25	3.31	4827404	16144438.00
2014/03/12	3.32	3.32	3.26	3.29	4670237	15596245.00
2014/03/13	3.30	3.34	3.30	3.32	4034853	13569522.00
2014/03/14	3.32	3.32	3.26	3.29	3406650	11375032.00
2014/03/17	3.30	3.35	3.28	3.35	3294823	11122948.00
2014/03/18	3.33	3.40	3.33	3.39	5173766	17673864.00
2014/03/19	3.39	3.43	3.35	3.41	5099696	17560270.00
2014/03/20	3.41	3.47	3.35	3.35	5680578	19700856.00
2014/03/21	3.35	3.44	3.30	3.41	5918788	20346332.00
2014/03/24	3.41	3.59	3.41	3.58	11275571	40468088.00
2014/03/25	3.59	3.64	3.54	3.58	9877426	35957064.00
2014/03/26	3.58	3.60	3.51	3.53	5041872	18090818.00
2014/03/27	3.51	3.67	3.51	3.58	10219618	37260592.00
2014/03/28	3.58	3.69	3.54	3.65	11176655	41091404.00
2014/03/31	3.64	3.77	3.60	3.63	14016683	52434400.00
2014/04/01	3.60	3.83	3.52	3.74	17429029	65469960.00
2014/04/02	3.68	3.73	3.65	3.67	9058960	33759840.00
2014/04/03	3.65	3.67	3.52	3.52	8443544	30589492.00
2014/04/04	3.53	3.58	3.52	3.57	4008740	14450070.00
2014/04/08	3.57	3.60	3.52	3.59	4647759	16793476.00
2014/04/09	3.58	3.64	3.56	3.61	4802911	17571488.00
2014/04/10	3.62	3.80	3.62	3.73	17235774	65048752.00
2014/04/11	3.73	3.90	3.71	3.86	25889719	100791664.00
2014/04/14	3.83	3.85	3.75	3.84	14205353	54758728.00
2014/04/15	3.82	3.83	3.70	3.81	12849786	48876412.00
2014/04/16	3.79	3.81	3.72	3.75	7313762	27871752.00
2014/04/17	3.72	3.93	3.68	3.88	18996410	73257864.00
2014/04/18	3.84	3.89	3.79	3.80	10901835	42345036.00
2014/04/21	3.76	3.78	3.62	3.64	8780427	33076962.00
2014/04/22	3.76	4.01	3.68	4.01	16074900	64591340.00
2014/04/23	4.22	4.38	4.05	4.30	76175904	324069984.00
2014/04/24	4.16	4.23	4.02	4.07	39004306	162802128.00
2014/04/25	4.06	4.27	4.00	4.01	39537067	166027136.00
2014/04/28	3.95	4.19	3.83	3.87	30560738	124309072.00
2014/04/29	3.81	3.87	3.62	3.76	27066661	101729568.00
2014/04/30	3.73	4.13	3.70	4.01	35804892	144337152.00
2014/05/05	3.94	4.23	3.92	4.18	33578380	138741248.00
2014/05/06	4.13	4.22	4.00	4.07	23662366	97684272.00
2014/05/07	4.03	4.05	3.87	3.89	17432067	69469472.00
2014/05/08	3.90	4.20	3.87	4.15	28080293	115054192.00
2014/05/09	4.09	4.11	4.00	4.02	15260650	62505316.00
2014/05/12	4.05	4.16	3.98	4.06	19363198	80130960.00
2014/05/13	4.05	4.28	3.99	4.24	36706208	154221808.00
2014/05/14	4.20	4.40	4.15	4.24	38573362	167699248.00
2014/05/15	4.20	4.42	4.11	4.17	31169297	134503216.00
2014/05/16	4.15	4.59	4.03	4.59	46738028	205040384.00
2014/05/19	4.61	4.93	4.55	4.75	76018205	361797024.00
2014/05/20	4.77	4.78	4.57	4.62	54676369	257007184.00
2014/05/21	4.60	4.60	4.40	4.54	34886355	158522800.00
2014/05/22	4.48	4.81	4.42	4.70	55182444	257394336.00
2014/05/23	4.59	4.62	4.40	4.46	37547572	170356880.00
2014/05/26	4.44	4.52	4.28	4.49	25875304	115558216.00
2014/05/27	4.43	4.60	4.37	4.50	27895863	126617032.00
2014/05/28	4.46	4.50	4.38	4.46	19106755	85763208.00
2014/05/29	4.46	4.49	4.28	4.29	21936754	97056944.00
2014/05/30	4.28	4.28	4.12	4.18	21251450	89895408.00
2014/06/03	4.18	4.22	4.13	4.18	10164564	42882160.00
2014/06/04	4.17	4.17	4.03	4.05	14739595	60727880.00
2014/06/05	4.07	4.21	4.05	4.16	15466736	64607516.00
2014/06/06	4.15	4.20	4.07	4.10	12525743	52282040.00
2014/06/09	4.09	4.13	4.01	4.03	8690974	35752864.00
2014/06/10	4.04	4.23	4.03	4.17	17822362	75078792.00
2014/06/11	4.17	4.27	4.11	4.20	15577872	66158280.00
2014/06/12	4.28	4.59	4.28	4.32	33475628	148734992.00
2014/06/13	4.27	4.32	4.17	4.22	20079546	85811680.00
2014/06/16	4.19	4.25	4.14	4.19	14882252	62924184.00
2014/06/17	4.19	4.19	4.09	4.10	10235714	42694652.00
2014/06/18	4.13	4.21	4.10	4.12	12366650	52073892.00
2014/06/19	4.10	4.13	3.87	3.94	12588803	51068048.00
2014/06/20	3.91	4.11	3.87	4.09	15920278	64131072.00
2014/06/23	4.10	4.12	4.01	4.04	13955461	56406960.00
2014/06/24	4.04	4.10	3.91	4.05	20614015	82231248.00
2014/06/25	4.00	4.02	3.92	3.94	11105744	43936936.00
2014/06/26	3.93	3.99	3.91	3.97	8593710	34088408.00
2014/06/27	3.97	4.05	3.94	4.00	10819072	43417800.00
2014/06/30	4.02	4.13	4.00	4.10	13244904	54059372.00
2014/07/01	4.14	4.33	4.05	4.21	21662514	90603552.00
2014/07/02	4.19	4.57	4.14	4.41	42747476	186005200.00
2014/07/03	4.41	4.63	4.30	4.50	50629097	228715088.00
2014/07/04	4.50	4.50	4.21	4.23	31750951	135951152.00
2014/07/07	4.24	4.24	4.13	4.14	15628002	65041360.00
2014/07/08	4.14	4.16	4.11	4.16	9273124	38384004.00
2014/07/09	4.16	4.16	4.05	4.06	12938452	53046840.00
2014/07/10	4.04	4.35	4.03	4.22	27671738	116917800.00
2014/07/11	4.20	4.28	4.17	4.21	15677011	66186844.00
2014/07/14	4.24	4.25	4.18	4.20	10524695	44207400.00
2014/07/15	4.20	4.22	4.13	4.15	12505811	52026128.00
2014/07/16	4.16	4.22	4.14	4.17	11561733	48335564.00
2014/07/17	4.18	4.18	4.08	4.10	8201858	33808500.00
2014/07/18	4.09	4.18	4.03	4.16	7808680	32228996.00
2014/07/21	4.18	4.19	4.11	4.11	8090569	33539534.00
2014/07/22	4.14	4.14	4.07	4.11	6711704	27617972.00
2014/07/23	4.12	4.16	4.10	4.13	8439876	34822920.00
2014/07/24	4.13	4.13	4.06	4.08	9909532	40529360.00
2014/07/25	4.07	4.11	4.06	4.10	7436889	30403038.00
2014/07/28	4.13	4.23	4.12	4.19	15599445	65164364.00
2014/07/29	4.19	4.27	4.15	4.24	16549210	69808400.00
2014/07/30	4.23	4.26	4.18	4.20	10345356	43520896.00
2014/07/31	4.21	4.25	4.19	4.24	10729379	45298464.00
2014/08/01	4.23	4.30	4.19	4.22	14665316	62245916.00
2014/08/04	4.19	4.28	4.18	4.26	15517033	65591260.00
2014/08/05	4.26	4.29	4.21	4.28	17139273	72854984.00
2014/08/06	4.27	4.27	4.22	4.25	11207373	47514792.00
2014/08/07	4.25	4.26	4.18	4.19	10927261	46050964.00
2014/08/08	4.19	4.21	4.16	4.18	9038894	37785324.00
2014/08/11	4.19	4.23	4.18	4.22	7866348	33115440.00
2014/08/12	4.22	4.23	4.19	4.22	8161047	34317120.00
2014/08/13	4.22	4.28	4.20	4.27	15673638	66537648.00
2014/08/14	4.28	4.33	4.24	4.25	20418610	87604088.00
2014/08/15	4.29	4.31	4.25	4.28	11807807	50409448.00
2014/08/18	4.29	4.30	4.25	4.30	16183150	69314616.00
2014/08/19	4.29	4.29	4.25	4.29	10742227	45893280.00
2014/08/20	4.28	4.42	4.27	4.34	22731763	99033616.00
2014/08/21	4.33	4.34	4.25	4.31	15683233	67299240.00
2014/08/22	4.29	4.48	4.24	4.41	38775675	170022688.00
2014/08/25	4.40	4.56	4.36	4.49	33625683	149801168.00
2014/08/26	4.45	4.58	4.32	4.51	45939329	206809536.00
2014/08/27	4.46	4.50	4.36	4.38	21618616	95483200.00
2014/08/28	4.38	4.40	4.22	4.23	16851119	72219200.00
2014/08/29	4.23	4.27	4.21	4.26	7656655	32499954.00
2014/09/01	4.25	4.34	4.23	4.31	11850864	50862912.00
2014/09/02	4.36	4.56	4.34	4.49	39378934	175778256.00
2014/09/03	4.52	4.55	4.43	4.45	27409098	122499080.00
2014/09/04	4.44	4.59	4.43	4.58	35680921	161121184.00
2014/09/05	4.53	4.95	4.51	4.70	56223066	265108800.00
2014/09/09	4.72	4.89	4.66	4.78	38535259	184441776.00
2014/09/10	4.76	4.76	4.59	4.68	28650183	133775152.00
2014/09/11	4.67	5.15	4.67	5.15	45686292	230508192.00
2014/09/12	5.43	5.56	5.15	5.27	108589873	576977792.00
2014/09/15	5.35	5.80	5.35	5.66	101739477	575016832.00
2014/09/16	5.50	5.54	5.16	5.24	76475188	411020000.00
2014/09/17	5.20	5.44	5.06	5.33	56166890	294308160.00
2014/09/18	5.20	5.38	5.13	5.19	36794731	192851232.00
2014/09/19	5.23	5.26	5.14	5.22	25763740	133644968.00
2014/09/22	5.17	5.25	5.07	5.12	26769155	138265440.00
2014/09/23	5.14	5.18	5.03	5.12	24019257	122628624.00
2014/09/24	5.11	5.17	5.04	5.16	23472301	120294712.00
2014/09/25	5.15	5.45	5.14	5.34	54023651	286561632.00
2014/09/26	5.30	5.32	5.20	5.24	24062356	126289736.00
2014/09/29	5.24	5.34	5.22	5.26	20476036	107941816.00
2014/09/30	5.26	5.27	5.18	5.24	18251677	95300768.00
2014/10/08	5.24	5.34	5.23	5.32	26714857	141181472.00
2014/10/09	5.33	5.59	5.26	5.47	49337247	266914544.00
2014/10/10	5.39	5.48	5.32	5.40	28891041	156073856.00
2014/10/13	5.42	5.56	5.39	5.50	38909032	213224944.00
2014/10/14	5.40	5.50	5.27	5.33	30015802	161484720.00
2014/10/15	5.33	5.35	5.12	5.20	22460097	116918792.00
2014/10/16	5.16	5.23	5.10	5.11	17046605	88238928.00
2014/10/17	5.10	5.26	5.03	5.23	20139271	103777960.00
2014/10/20	5.16	5.45	5.11	5.35	26631725	141370080.00
2014/10/21	5.30	5.35	5.20	5.21	18717970	98816440.00
2014/10/22	5.29	5.48	5.15	5.19	23887210	126945208.00
2014/10/23	5.08	5.12	4.95	4.98	22684276	113770992.00
2014/10/24	4.99	5.03	4.85	5.02	13960620	69069040.00
2014/10/27	4.94	5.07	4.90	5.03	9985738	50053340.00
2014/10/28	5.10	5.19	5.06	5.16	16197032	82876688.00
2014/10/29	5.18	5.56	5.12	5.47	66528846	358392192.00
2014/10/30	5.52	6.02	5.52	6.02	53788325	313717408.00
2014/10/31	6.62	6.62	6.20	6.42	155060263	1003953216.00
2014/11/03	6.76	7.06	6.60	7.06	76833429	534855968.00
2014/11/04	7.77	7.77	7.77	7.77	8681608	67456096.00
2014/11/05	8.00	8.55	7.75	8.17	181665485	1499652992.00
2014/11/06	8.06	8.12	7.58	7.95	115019650	903350848.00
2014/11/07	8.10	8.33	7.65	7.91	135675109	1072934976.00
2014/11/10	8.15	8.23	7.78	8.01	140415299	1125629312.00
2014/11/11	7.90	7.91	7.21	7.29	112711402	835315200.00
2014/11/12	7.17	7.33	7.07	7.26	58029170	417407712.00
2014/11/13	7.25	7.26	6.99	7.07	58075435	414538528.00
2014/11/14	7.09	7.13	6.86	6.98	49008629	342373696.00
2014/11/17	7.01	7.14	6.97	7.04	48878312	344741856.00
2014/11/18	7.09	7.24	7.00	7.21	53211668	377820416.00
2014/11/19	7.11	7.29	7.00	7.06	45858507	327472832.00
2014/11/20	6.95	7.14	6.90	7.09	38255959	268334992.00
2014/11/21	7.02	7.15	7.01	7.12	38004010	269311392.00
2014/11/24	7.16	7.23	6.93	7.15	53795149	383101568.00
2014/11/25	7.13	7.60	7.09	7.49	79462071	586283072.00
2014/11/26	7.39	7.45	7.28	7.36	50276689	369642816.00
2014/11/27	7.30	7.44	7.10	7.20	44810189	323882432.00
2014/11/28	7.17	7.33	7.09	7.15	42063278	301599488.00
2014/12/01	7.13	7.16	6.91	6.93	38033321	265621584.00
2014/12/02	6.91	7.17	6.89	7.03	32312122	227108304.00
2014/12/03	7.02	7.12	6.91	7.07	41616879	291781056.00
2014/12/04	7.08	7.23	7.00	7.16	47786334	340704928.00
2014/12/05	7.10	7.10	6.47	6.87	50649643	347603200.00
2014/12/08	7.17	7.56	7.17	7.56	102633308	762071168.00
2014/12/09	7.97	8.32	7.75	8.02	161355298	1309033984.00
2014/12/10	8.42	8.82	8.01	8.82	120865208	1013632576.00
2014/12/11	9.07	9.60	8.75	9.24	109503477	1013421632.00
2014/12/12	9.26	9.36	8.51	8.72	78792774	692934976.00
2014/12/15	8.78	8.90	8.18	8.43	70004474	590379776.00
2014/12/16	8.31	8.65	8.10	8.50	62180433	520414368.00
2014/12/17	8.52	8.89	8.35	8.60	70122810	603961600.00
2014/12/18	8.50	8.65	8.31	8.41	42207653	355745472.00
2014/12/19	8.40	9.05	8.31	8.68	72058859	628988928.00
2014/12/22	8.50	8.50	7.81	7.81	68822025	549182464.00
2014/12/23	7.59	7.96	7.30	7.53	35323799	269436352.00
2014/12/24	7.60	7.85	7.55	7.70	23067595	177515248.00
2014/12/25	7.72	7.99	7.60	7.87	24624022	193021168.00
2014/12/26	7.89	8.38	7.69	8.19	54398947	438454304.00
2014/12/29	8.10	8.18	7.76	7.85	47619499	378070880.00
2014/12/30	7.78	7.78	7.44	7.47	30093902	227312400.00
2014/12/31	7.45	7.63	7.32	7.59	20330476	152641664.00
2015/01/05	7.59	7.85	7.59	7.78	28638347	221915808.00
2015/01/06	7.76	8.10	7.66	7.86	35581537	281554784.00
2015/01/07	7.86	8.01	7.71	7.93	33762358	265515136.00
2015/01/08	7.90	8.36	7.60	8.00	48601967	390653888.00
2015/01/09	7.85	8.30	7.80	8.12	60443761	491364928.00
2015/01/12	8.30	8.93	8.10	8.93	101078180	850873984.00
2015/01/13	9.09	9.68	8.71	8.94	133877153	1240486656.00
2015/01/14	8.82	8.84	8.22	8.35	75174252	638877504.00
2015/01/15	8.26	8.64	8.01	8.46	57789704	481584800.00
2015/01/16	8.40	8.65	8.18	8.55	58050283	485613056.00
2015/01/19	8.05	8.39	7.70	7.79	51174485	415605600.00
2015/01/20	8.20	8.57	8.08	8.57	107259916	909660032.00
2015/01/21	8.83	8.83	8.50	8.76	99332488	862547712.00
2015/01/22	8.67	9.49	8.55	9.10	88587018	794607680.00
2015/01/23	9.00	9.98	8.90	9.65	132887680	1266343936.00
2015/01/26	9.50	9.63	9.25	9.57	75955176	720113600.00
2015/01/27	9.59	9.77	9.00	9.50	89507156	846265088.00
2015/01/28	9.40	10.10	9.28	9.80	96710914	940143936.00
2015/01/29	9.51	9.64	9.38	9.41	55671425	528132224.00
2015/01/30	9.54	9.74	9.12	9.18	49944785	470944096.00
2015/02/02	9.06	9.26	8.80	8.96	38631265	347853920.00
2015/02/03	8.88	9.18	8.68	9.15	43500259	386830944.00
2015/02/04	9.08	9.25	9.02	9.04	31847016	290172000.00
2015/02/05	9.15	9.17	8.67	8.71	37735264	335321376.00
2015/02/06	8.61	8.74	8.36	8.43	24334114	206862416.00
2015/02/09	8.43	8.56	8.31	8.51	16067245	135723360.00
2015/02/10	8.67	8.91	8.62	8.84	28921859	254678192.00
2015/02/11	8.84	8.84	8.65	8.76	19324209	168700464.00
2015/02/12	8.76	9.25	8.76	9.11	35354606	319098880.00
2015/02/13	9.08	9.21	9.01	9.10	33596418	305905536.00
2015/02/16	9.07	9.21	9.03	9.19	24283326	221534288.00
2015/02/17	9.25	9.38	9.13	9.30	28926328	268166672.00
2015/02/25	9.26	9.73	9.22	9.49	42322619	402918304.00
2015/02/26	9.61	9.67	9.25	9.59	49070833	465097984.00
2015/02/27	9.64	9.65	9.43	9.54	44081436	420079232.00
2015/03/02	9.55	9.57	9.32	9.49	34739413	327948832.00
2015/03/03	9.44	10.19	9.33	9.59	77987834	762020160.00
2015/03/04	9.45	9.65	9.39	9.52	30995614	294372192.00
2015/03/05	9.52	9.53	9.24	9.33	31573325	295179232.00
2015/03/06	9.33	9.51	9.24	9.35	20847798	195520880.00
2015/03/09	9.35	9.44	9.30	9.42	18563272	174144704.00
2015/03/10	9.43	9.57	9.33	9.44	24861670	234960176.00
2015/03/11	9.43	9.49	9.25	9.30	22684326	212195504.00
2015/03/12	9.25	9.50	9.22	9.48	25162088	234930096.00
2015/03/13	9.47	9.68	9.41	9.52	34239853	326343872.00
2015/03/16	9.57	9.76	9.46	9.70	54245371	521825152.00
2015/03/17	9.70	10.10	9.62	9.90	81613745	807996672.00
2015/03/18	9.92	10.49	9.81	10.30	102187407	1035291200.00
2015/03/19	10.19	10.54	10.01	10.16	75909847	776470144.00
2015/03/20	10.25	10.34	10.10	10.24	51899154	528425408.00
2015/03/23	10.36	10.67	10.23	10.59	71360334	746517120.00
2015/03/24	10.61	11.65	9.92	11.65	110632379	1190297088.00
2015/03/25	12.28	12.82	11.80	12.82	103699287	1306970368.00
2015/03/26	13.50	14.00	12.76	12.80	174713637	2330374400.00
2015/03/27	12.79	12.98	12.01	12.93	101997218	1259471616.00
2015/03/30	12.60	13.50	12.39	13.03	127817164	1674470784.00
2015/03/31	13.30	13.48	12.65	12.81	85993777	1115573376.00
2015/04/01	12.65	12.88	12.50	12.74	50439419	638211136.00
2015/04/02	12.68	12.69	12.44	12.52	55411205	694148096.00
2015/04/03	12.40	12.70	12.24	12.50	51164639	636797184.00
2015/04/07	12.48	12.64	12.34	12.55	55052682	685747456.00
2015/04/08	12.56	12.60	12.21	12.31	46351843	572741568.00
2015/04/09	12.31	12.56	12.00	12.39	44793021	550088512.00
2015/04/10	12.40	12.82	12.23	12.70	74684702	943565632.00
2015/04/13	12.73	12.89	12.40	12.83	74720977	947682880.00
2015/04/14	13.05	13.87	13.05	13.27	117733320	1581850752.00
2015/04/15	13.00	13.00	12.38	12.42	62340381	790385088.00
2015/04/16	12.00	12.40	11.65	12.23	40828454	494846976.00
2015/04/17	12.28	12.80	12.28	12.67	61834627	781517312.00
2015/04/20	12.67	13.38	12.20	12.92	88310410	1140533120.00
2015/04/21	12.91	13.07	12.30	12.75	44311910	559294976.00
2015/04/22	12.75	13.15	12.52	13.11	72091861	930136704.00
2015/04/23	13.29	13.78	13.03	13.55	100541132	1344222336.00
2015/04/24	13.09	13.34	12.77	13.00	67846762	886066368.00
2015/04/27	13.01	13.24	12.69	12.89	55102516	710940416.00
2015/04/28	12.88	13.33	12.30	13.27	61675104	779220032.00
2015/04/29	13.26	14.60	13.07	14.60	155862000	2171073024.00
2015/04/30	14.70	14.79	13.72	13.76	122665549	1742863616.00
2015/05/05	13.88	13.88	13.88	13.88	0	0.00
数据来源:通达信
