600751 天津海运 日线 前复权
      日期	    开盘	    最高	    最低	    收盘	    成交量	    成交额
2011/10/10	4.35	4.41	4.27	4.35	922544	9207733.00
2011/10/11	4.41	4.45	4.30	4.33	776261	7794130.00
2011/10/12	4.28	4.43	4.28	4.42	652662	6562017.00
2011/10/13	4.39	4.47	4.39	4.44	530077	5392812.00
2011/10/14	4.41	4.43	4.35	4.39	491504	4930148.00
2011/10/17	4.36	4.42	4.32	4.37	493880	4937477.00
2011/10/18	4.36	4.44	4.29	4.32	700827	7028655.00
2011/10/19	4.32	4.37	4.24	4.29	475752	4689364.00
2011/10/20	4.28	4.32	4.08	4.09	1304833	12284800.00
2011/10/21	4.09	4.12	3.91	3.97	746372	6831286.00
2011/10/24	4.00	4.07	3.94	4.05	627011	5752336.00
2011/10/25	4.05	4.15	4.01	4.15	783363	7320087.00
2011/10/26	4.11	4.18	4.11	4.18	906980	8631534.00
2011/10/27	4.18	4.18	4.11	4.15	705442	6700479.00
2011/10/28	4.18	4.23	4.15	4.22	1077654	10313545.00
2011/10/31	4.18	4.27	4.17	4.24	825521	7992826.00
2011/11/01	4.18	4.27	4.08	4.25	932201	9003468.00
2011/11/02	4.17	4.26	4.16	4.25	675338	6502730.00
2011/11/03	4.25	4.36	4.24	4.27	1157424	11377907.00
2011/11/04	4.28	4.32	4.26	4.29	870957	8548525.00
2011/11/07	4.29	4.29	4.20	4.20	726960	7056498.00
2011/11/08	4.17	4.23	4.17	4.18	497226	4777989.00
2011/11/09	4.18	4.36	4.18	4.35	1666229	16445572.00
2011/11/10	4.30	4.42	4.27	4.32	1004321	10002550.00
2011/11/11	4.34	4.46	4.32	4.45	1122953	11361720.00
2011/11/14	4.47	4.48	4.42	4.47	975460	9943301.00
2011/11/15	4.47	4.56	4.45	4.49	891153	9198699.00
2011/11/16	4.48	4.56	4.27	4.33	1408926	14227878.00
2011/11/17	4.33	4.45	4.28	4.40	718548	7205749.00
2011/11/18	4.34	4.39	4.19	4.25	920708	9027774.00
2011/11/21	4.23	4.25	4.10	4.19	778420	7455948.00
2011/11/22	4.12	4.16	4.07	4.14	592285	5588043.00
2011/11/23	4.12	4.20	4.12	4.16	376018	3588770.00
2011/11/24	4.15	4.16	4.09	4.12	452471	4276707.00
2011/11/25	4.14	4.17	4.08	4.14	432570	4090916.00
2011/11/28	4.15	4.15	4.04	4.12	608943	5713541.00
2011/11/29	4.15	4.23	4.09	4.19	961638	9172733.00
2011/11/30	4.17	4.17	3.98	3.98	1228850	11386498.00
2011/12/01	4.07	4.07	3.94	3.99	1092534	10024125.00
2011/12/02	4.00	4.04	3.91	4.02	915490	8330843.00
2011/12/05	4.04	4.22	4.03	4.14	2987244	28595292.00
2011/12/06	4.05	4.06	3.94	3.95	1705081	15529663.00
2011/12/07	3.93	4.00	3.93	3.97	500461	4551908.00
2011/12/08	3.95	4.10	3.94	4.08	630673	5822230.00
2011/12/09	4.08	4.08	4.01	4.04	356600	3305956.00
2011/12/12	4.05	4.18	4.01	4.11	812370	7626363.00
2011/12/13	4.08	4.09	3.91	3.91	1475900	13253894.00
2011/12/14	3.84	3.85	3.71	3.71	963000	8205426.00
2011/12/15	3.56	3.57	3.53	3.53	431500	3491176.00
2011/12/16	3.40	3.40	3.35	3.39	1603559	12333902.00
2011/12/19	3.40	3.40	3.22	3.24	1515986	11228380.00
2011/12/20	3.17	3.35	3.17	3.26	702549	5299951.00
2011/12/21	3.29	3.34	3.21	3.24	604902	4559015.00
2011/12/22	3.16	3.24	3.08	3.09	941285	6697229.00
2011/12/23	3.10	3.18	2.99	3.13	473960	3398716.00
2011/12/26	3.12	3.16	3.11	3.11	232399	1666338.00
2011/12/27	3.11	3.11	2.95	2.95	919900	6251391.00
2011/12/28	2.82	2.88	2.80	2.86	1110651	7149475.00
2011/12/29	2.86	3.00	2.84	3.00	1396620	9577151.00
2011/12/30	3.02	3.15	2.97	3.13	1215915	8574291.00
2012/01/04	3.09	3.14	3.01	3.02	671661	4716714.00
2012/01/05	3.00	3.00	2.86	2.93	670830	4473173.00
2012/01/06	2.87	2.98	2.87	2.96	372948	2507657.00
2012/01/09	2.95	3.08	2.88	3.07	402049	2781280.00
2012/01/10	3.05	3.18	3.04	3.16	699855	5038546.00
2012/01/11	3.12	3.17	3.10	3.12	564699	4047310.00
2012/01/12	3.11	3.16	3.07	3.12	474006	3396890.00
2012/01/13	3.13	3.16	3.07	3.10	851875	6073774.00
2012/01/16	3.08	3.15	3.06	3.10	408843	2901413.00
2012/01/17	3.12	3.26	3.10	3.24	747906	5462577.00
2012/01/18	3.22	3.26	3.12	3.15	635041	4652614.00
2012/01/19	3.18	3.20	3.13	3.17	301940	2193352.00
2012/01/20	3.19	3.33	3.16	3.30	1016978	7572097.00
2012/01/30	3.31	3.31	3.22	3.22	460419	3447281.00
2012/01/31	3.21	3.22	3.12	3.21	738089	5357093.00
2012/02/01	3.19	3.31	3.16	3.16	524700	3857301.00
2012/02/02	3.17	3.19	3.14	3.19	396486	2885141.00
2012/02/03	3.19	3.31	3.18	3.27	788657	5910399.00
2012/02/06	3.27	3.31	3.25	3.30	678486	5106898.00
2012/02/07	3.29	3.29	3.14	3.21	641234	4718944.00
2012/02/08	3.22	3.28	3.19	3.27	631059	4676298.00
2012/02/09	3.25	3.34	3.25	3.28	747981	5653437.00
2012/02/13	3.28	3.43	3.26	3.32	1357288	10417217.00
2012/02/14	3.31	3.44	3.31	3.39	1264118	9777394.00
2012/02/15	3.38	3.53	3.36	3.51	1335069	10642833.00
2012/02/16	3.48	3.54	3.43	3.50	1629510	12943292.00
2012/02/17	3.47	3.52	3.40	3.43	668677	5289838.00
2012/02/20	3.47	3.48	3.32	3.34	1519648	11824116.00
2012/02/21	3.34	3.40	3.33	3.40	752012	5801359.00
2012/02/22	3.40	3.41	3.34	3.41	1250726	9688448.00
2012/02/23	3.40	3.42	3.36	3.40	972136	7547069.00
2012/02/24	3.38	3.50	3.38	3.46	1450905	11481742.00
2012/02/27	3.45	3.52	3.45	3.46	1278440	10200922.00
2012/02/28	3.46	3.59	3.41	3.57	2229657	18096504.00
2012/02/29	3.55	3.55	3.43	3.43	1348993	10753316.00
2012/03/01	3.40	3.47	3.37	3.44	828740	6508930.00
2012/03/02	3.43	3.47	3.43	3.46	847591	6695413.00
2012/03/05	3.47	3.50	3.44	3.46	917138	7302336.00
2012/03/06	3.46	3.46	3.31	3.33	1493583	11505665.00
2012/03/07	3.31	3.33	3.23	3.28	1188725	8945417.00
2012/03/08	3.30	3.33	3.28	3.30	659211	4996391.00
2012/03/09	3.33	3.35	3.29	3.34	818004	6227059.00
2012/03/12	3.32	3.39	3.32	3.38	1130070	8671955.00
2012/03/13	3.38	3.40	3.36	3.39	585981	4541475.00
2012/03/14	3.39	3.46	3.22	3.23	1504052	11486046.00
2012/03/15	3.23	3.25	3.07	3.11	1415439	10155109.00
2012/03/16	3.11	3.16	3.09	3.14	939300	6741369.00
2012/03/19	3.14	3.19	3.11	3.17	689515	4981273.00
2012/03/20	3.17	3.18	3.04	3.05	1064949	7575278.00
2012/03/21	3.06	3.08	2.95	3.06	1511073	10410439.00
2012/03/22	3.05	3.12	3.03	3.07	819718	5757337.00
2012/03/23	3.07	3.13	3.03	3.09	894430	6343209.00
2012/03/26	3.11	3.12	3.06	3.06	609964	4309581.00
2012/03/27	3.07	3.11	3.01	3.04	564900	3968157.00
2012/03/28	3.06	3.06	2.88	2.88	2473567	16444900.00
2012/03/29	2.88	2.88	2.74	2.77	1062208	6784997.00
2012/03/30	2.79	2.83	2.71	2.76	444839	2816636.00
2012/04/05	2.75	2.83	2.73	2.81	730002	4660236.00
2012/04/06	2.81	2.85	2.79	2.85	481500	3128928.00
2012/04/09	2.84	2.91	2.82	2.86	468500	3092323.00
2012/04/10	2.82	2.90	2.77	2.89	640628	4167400.00
2012/04/11	2.85	2.97	2.85	2.96	689341	4610600.00
2012/04/12	2.96	2.98	2.91	2.97	797009	5390203.00
2012/04/13	2.97	2.99	2.92	2.95	842633	5707709.00
2012/04/16	2.96	2.99	2.93	2.96	759018	5160037.00
2012/04/17	2.96	2.96	2.86	2.87	808400	5360995.00
2012/04/18	2.87	2.94	2.86	2.92	593500	3951447.00
2012/04/19	2.90	3.02	2.90	2.97	856881	5847399.00
2012/04/20	2.97	3.05	2.97	3.01	1037261	7166490.00
2012/04/23	2.97	3.00	2.86	2.86	1480111	9889885.00
2012/04/24	2.81	2.87	2.71	2.73	1508445	9505453.00
2012/04/25	2.73	2.76	2.62	2.67	1971472	12017621.00
2012/04/26	2.67	2.68	2.64	2.65	941531	5740864.00
2012/04/27	2.65	2.78	2.62	2.78	1698950	10549849.00
2012/05/02	2.64	2.64	2.64	2.64	536700	3247035.00
2012/05/03	2.51	2.51	2.51	2.51	229700	1320775.00
2012/05/04	2.38	2.49	2.38	2.43	6262509	34538912.00
2012/05/07	2.37	2.51	2.36	2.50	3288506	18410178.00
2012/05/08	2.48	2.55	2.47	2.51	2018321	11621536.00
2012/05/09	2.50	2.57	2.46	2.50	1485081	8619387.00
2012/05/10	2.50	2.53	2.45	2.49	1095598	6253633.00
2012/05/11	2.49	2.62	2.47	2.62	1316924	7838553.00
2012/05/14	2.64	2.71	2.57	2.59	2906233	17698028.00
2012/05/15	2.54	2.66	2.54	2.64	1272788	7623134.00
2012/05/16	2.62	2.78	2.62	2.67	1626508	10093325.00
2012/05/17	2.67	2.78	2.60	2.75	1886891	11590420.00
2012/05/18	2.72	2.83	2.72	2.75	2185819	13924451.00
2012/05/21	2.74	2.78	2.61	2.66	1279409	7861246.00
2012/05/22	2.66	2.70	2.57	2.61	1546556	9277025.00
2012/05/23	2.61	2.63	2.52	2.56	1306520	7701856.00
2012/05/24	2.57	2.57	2.50	2.50	1098947	6344324.00
2012/05/25	2.52	2.63	2.51	2.62	2305949	13744617.00
2012/05/28	2.59	2.62	2.49	2.54	2422321	14206284.00
2012/05/29	2.53	2.60	2.51	2.57	1360714	8002398.00
2012/05/30	2.54	2.64	2.54	2.64	1113281	6618049.00
2012/05/31	2.61	2.76	2.61	2.70	2145844	13256863.00
2012/06/01	2.67	2.73	2.65	2.66	1635326	10064060.00
2012/06/04	2.61	2.70	2.59	2.61	1301105	7837645.00
2012/06/05	2.63	2.74	2.57	2.73	2276361	14045490.00
2012/06/06	2.73	2.86	2.71	2.86	4510165	29246976.00
2012/06/07	2.85	2.95	2.81	2.87	2970140	19590168.00
2012/06/08	2.87	2.91	2.85	2.89	1004534	6620557.00
2012/06/11	2.92	2.92	2.78	2.79	1669039	10780548.00
2012/06/12	2.78	2.81	2.71	2.79	1271064	8046458.00
2012/06/13	2.80	2.90	2.77	2.89	1425646	9328453.00
2012/06/14	2.88	2.97	2.87	2.91	1458952	9745595.00
2012/06/18	2.94	3.05	2.91	3.05	3070523	21427684.00
2012/06/19	3.05	3.16	3.04	3.12	3418964	24303620.00
2012/06/20	3.12	3.12	3.01	3.06	1564199	11063149.00
2012/06/21	3.06	3.21	3.05	3.21	2529350	18219010.00
2012/06/25	3.22	3.24	3.15	3.16	2054800	15034539.00
2012/06/26	3.17	3.19	3.01	3.01	2372000	16438646.00
2012/06/27	2.98	3.04	2.91	2.98	1837250	12584618.00
2012/06/28	2.98	3.13	2.97	3.02	1521154	10611233.00
2012/06/29	2.97	3.05	2.95	3.03	1230099	8461642.00
2012/07/02	3.01	3.07	3.00	3.03	855293	5945285.00
2012/07/03	3.03	3.07	3.01	3.01	665689	4641128.00
2012/07/04	3.02	3.12	3.02	3.06	1008509	7073970.00
2012/07/05	3.07	3.08	2.92	2.93	979000	6711922.00
2012/07/06	2.95	2.97	2.89	2.95	1167903	7846793.00
2012/07/09	2.93	2.99	2.80	2.80	1870420	12228919.00
2012/07/10	2.78	2.85	2.75	2.79	1133993	7222603.00
2012/07/11	2.81	2.85	2.78	2.83	638801	4125179.00
2012/07/12	2.81	2.92	2.80	2.87	573907	3763756.00
2012/07/13	2.87	2.88	2.82	2.83	572603	3743451.00
2012/07/16	2.83	2.83	2.69	2.69	837563	5203772.00
2012/07/17	2.61	2.71	2.61	2.68	477072	2914032.00
2012/07/18	2.67	2.70	2.63	2.66	495010	3017752.00
2012/07/19	2.67	2.74	2.67	2.71	528501	3275598.00
2012/07/20	2.70	2.72	2.68	2.68	476352	2932281.00
2012/07/23	2.68	2.69	2.61	2.63	472150	2842343.00
2012/07/24	2.61	2.65	2.56	2.65	346550	2091435.00
2012/07/25	2.65	2.66	2.61	2.61	388356	2340112.00
2012/07/26	2.61	2.63	2.59	2.61	497850	2971804.00
2012/07/27	2.63	2.67	2.61	2.62	314852	1896443.00
2012/07/30	2.49	2.49	2.49	2.49	64800	369360.00
2012/07/31	2.37	2.37	2.37	2.37	41800	226556.00
2012/08/01	2.25	2.27	2.25	2.25	3988363	20551790.00
2012/08/03	2.26	2.36	2.22	2.36	1730024	9157949.00
2012/08/06	2.36	2.48	2.34	2.48	876479	4914190.00
2012/08/07	2.52	2.60	2.51	2.60	1740729	10336288.00
2012/08/10	2.55	2.73	2.55	2.67	1846044	11323723.00
2012/08/13	2.67	2.74	2.64	2.71	1085414	6676120.00
2012/08/14	2.71	2.84	2.68	2.84	1698417	10852779.00
2012/08/15	2.84	2.85	2.71	2.73	1510886	9599020.00
2012/08/16	2.71	2.87	2.71	2.87	1156479	7525014.00
2012/08/17	2.97	3.00	2.86	2.95	1461770	9876671.00
2012/08/20	2.95	3.03	2.88	2.91	1395256	9376231.00
2012/08/21	2.92	2.99	2.90	2.96	1185349	8024439.00
2012/08/22	2.95	3.04	2.93	2.99	1647372	11245079.00
2012/08/23	2.99	3.10	2.99	3.04	1615299	11324793.00
2012/08/24	3.09	3.09	2.88	2.88	2103491	14179907.00
2012/08/27	2.87	3.03	2.87	3.03	2598239	17900416.00
2012/08/28	3.03	3.06	2.93	2.95	1220136	8395464.00
2012/08/29	2.94	3.06	2.91	2.98	1332390	9190526.00
2012/08/30	3.00	3.06	2.96	3.02	1121329	7737721.00
2012/08/31	3.04	3.18	3.04	3.18	3293614	23923532.00
2012/09/03	3.13	3.21	3.07	3.14	1966233	14141561.00
2012/09/04	3.16	3.24	3.11	3.16	1535710	11198227.00
2012/09/05	3.17	3.32	3.17	3.32	2774233	20843894.00
2012/09/06	3.34	3.49	3.32	3.49	2204335	17175930.00
2012/09/07	3.54	3.66	3.53	3.55	4330809	35873532.00
2012/09/17	3.55	3.55	3.37	3.37	655300	5059296.00
2012/09/18	3.20	3.45	3.20	3.39	3512084	26496160.00
2012/09/19	3.40	3.56	3.36	3.56	1012015	8191466.00
2012/09/20	3.70	3.74	3.58	3.63	3794104	32058692.00
2012/09/21	3.58	3.74	3.47	3.66	2165265	17919098.00
2012/09/24	3.63	3.72	3.53	3.60	1810491	15072962.00
2012/09/25	3.60	3.64	3.46	3.47	1119276	9135859.00
2012/09/26	3.47	3.57	3.29	3.29	2660943	20522828.00
2012/09/27	3.29	3.35	3.14	3.16	3791119	27782916.00
2012/09/28	3.16	3.21	3.01	3.08	4421316	31176480.00
2012/10/08	3.01	3.11	2.96	3.04	2335318	16232376.00
2012/10/09	3.04	3.11	3.04	3.09	1791237	12626708.00
2012/10/10	3.09	3.12	2.99	3.09	2140294	14978623.00
2012/10/11	3.06	3.11	3.00	3.03	2057550	14429657.00
2012/10/12	3.02	3.11	3.01	3.11	1818836	12777826.00
2012/10/15	3.14	3.18	3.09	3.13	2025806	14540938.00
2012/10/16	3.13	3.16	3.07	3.12	1535589	10916021.00
2012/10/17	3.12	3.12	2.99	3.01	1991148	13902276.00
2012/10/18	3.02	3.05	2.98	3.04	1034488	7178874.00
2012/10/19	3.06	3.10	3.04	3.08	1154283	8115621.00
2012/10/22	3.05	3.14	3.05	3.09	1031054	7338265.00
2012/10/23	3.09	3.11	3.02	3.04	965469	6790747.00
2012/10/24	3.02	3.08	3.02	3.05	556298	3894947.00
2012/10/25	3.04	3.12	3.02	3.08	1208559	8494576.00
2012/10/26	3.09	3.09	2.92	2.92	2079160	14094095.00
2012/10/29	2.88	2.93	2.81	2.83	643840	4209798.00
2012/10/30	2.86	2.91	2.82	2.89	762430	5011603.00
2012/10/31	2.95	3.04	2.89	3.04	821409	5665212.00
2012/11/01	3.04	3.17	3.03	3.09	1984688	14059529.00
2012/11/02	3.09	3.14	3.06	3.09	1549409	10996670.00
2012/11/05	3.09	3.11	3.05	3.07	796804	5598481.00
2012/11/06	3.06	3.08	2.97	3.03	751261	5193779.00
2012/11/07	3.01	3.09	3.00	3.05	878277	6151128.00
2012/11/08	3.02	3.03	2.91	2.98	942283	6408822.00
2012/11/09	2.97	3.00	2.93	2.99	626882	4269498.00
2012/11/12	2.98	3.01	2.93	2.96	410000	2791522.00
2012/11/13	2.96	2.98	2.84	2.91	823300	5492232.00
2012/11/14	2.87	2.92	2.86	2.90	388381	2564608.00
2012/11/15	2.87	2.92	2.81	2.82	348600	2302495.00
2012/11/16	2.84	2.84	2.68	2.69	1035872	6443921.00
2012/11/19	2.69	2.71	2.60	2.68	630494	3831282.00
2012/11/20	2.69	2.73	2.68	2.69	339333	2100521.00
2012/11/21	2.67	2.74	2.65	2.74	432373	2678866.00
2012/11/22	2.74	2.77	2.71	2.76	445560	2797745.00
2012/11/23	2.76	2.82	2.74	2.79	519796	3331265.00
2012/11/26	2.78	2.89	2.77	2.83	581078	3786219.00
2012/11/27	2.83	2.83	2.69	2.70	818309	5150148.00
2012/11/28	2.74	2.74	2.66	2.70	444609	2742962.00
2012/11/29	2.67	2.76	2.67	2.69	640225	3987990.00
2012/11/30	2.66	2.82	2.66	2.81	1621131	10401222.00
2012/12/19	2.95	2.95	2.95	2.95	1845	12454.00
2012/12/20	3.09	3.09	3.09	3.09	17878	126755.00
2012/12/21	3.25	3.25	3.25	3.25	234811	1746994.00
2013/06/04	5.22	6.33	5.22	5.99	90473299	514266944.00
2013/06/05	5.70	6.09	5.47	5.56	54567940	312556768.00
2013/06/06	5.35	5.55	5.01	5.08	49250185	257404576.00
2013/06/07	5.02	5.13	4.70	4.80	39790748	194311328.00
2013/06/13	4.67	4.67	4.33	4.39	32946059	147247120.00
2013/06/14	4.42	4.83	4.37	4.70	41750902	195113696.00
2013/06/17	4.55	4.68	4.45	4.56	25327422	115275424.00
2013/06/18	4.53	4.62	4.35	4.56	23831383	106534080.00
2013/06/19	4.49	4.50	4.33	4.48	17045406	75643880.00
2013/06/20	4.42	4.65	4.38	4.39	23619721	106742896.00
2013/06/21	4.20	4.22	4.04	4.15	21422239	88887968.00
2013/06/24	4.16	4.18	3.74	3.74	24196795	95252688.00
2013/06/25	3.65	3.73	3.37	3.63	28989711	103525968.00
2013/06/26	3.61	3.73	3.50	3.70	21627079	78423792.00
2013/06/27	3.68	3.78	3.41	3.43	24118497	86922768.00
2013/06/28	3.37	3.64	3.33	3.53	19455551	67759160.00
2013/07/01	3.56	3.56	3.36	3.52	15596589	54275304.00
2013/07/02	3.52	3.58	3.45	3.54	14811184	51989648.00
2013/07/03	3.53	3.53	3.39	3.47	15360583	52946032.00
2013/07/04	3.44	3.58	3.37	3.51	20346012	71482104.00
2013/07/05	3.51	3.60	3.48	3.50	18072132	63806512.00
2013/07/08	3.38	3.38	3.15	3.15	23590416	75945720.00
2013/07/09	3.13	3.25	3.10	3.16	12769281	40661760.00
2013/07/10	3.23	3.48	3.20	3.48	12336084	42075460.00
2013/07/11	3.83	3.83	3.83	3.83	3726150	14271155.00
2013/07/12	4.04	4.21	3.98	4.21	70320059	292517984.00
2013/08/21	3.79	4.35	3.79	4.09	40695023	166595120.00
2013/08/22	4.00	4.06	3.82	3.84	29825379	116403208.00
2013/08/23	3.82	3.91	3.70	3.84	22557546	85981624.00
2013/08/26	3.80	4.22	3.77	4.22	28908919	115172288.00
2013/08/27	4.50	4.64	4.30	4.64	47726974	218952512.00
2013/08/28	4.79	5.10	4.70	5.10	64978888	320498368.00
2013/08/29	5.01	5.61	4.89	5.61	57682890	309292096.00
2013/08/30	5.85	6.17	5.76	6.17	35112519	214752592.00
2013/09/02	6.36	6.75	5.55	5.61	83684567	490574016.00
2013/09/03	5.44	5.48	5.24	5.30	58830311	313615264.00
2013/09/04	5.32	5.53	5.22	5.35	50896424	272567136.00
2013/09/05	5.20	5.35	5.05	5.30	41991162	218079328.00
2013/09/06	5.26	5.81	5.24	5.47	68279063	375600384.00
2013/09/09	5.31	5.79	5.20	5.48	55936007	307415552.00
2013/09/10	5.55	5.83	5.48	5.73	57652577	327739424.00
2013/09/11	5.60	5.63	5.16	5.37	40571715	217816944.00
2013/09/12	5.30	5.50	5.05	5.23	24792836	130110832.00
2013/09/13	5.17	5.44	5.01	5.33	28504788	147716608.00
2013/09/16	5.28	5.50	5.20	5.26	24684317	131481680.00
2013/09/17	5.17	5.19	4.82	4.86	26001418	130179408.00
2013/09/18	4.85	5.05	4.77	4.91	13731036	67437360.00
2013/09/23	4.95	5.14	4.90	5.08	18574070	93783976.00
2013/09/24	5.06	5.24	4.95	5.11	21765873	110737544.00
2013/09/25	5.04	5.10	4.91	4.94	17502588	87640016.00
2013/09/26	4.89	4.92	4.53	4.54	20958229	98102656.00
2013/09/27	4.56	4.64	4.41	4.59	11787591	53354088.00
2013/09/30	4.61	4.67	4.58	4.64	8356279	38733280.00
2013/10/08	4.74	5.10	4.67	5.10	20518422	102055360.00
2013/10/09	5.40	5.61	5.30	5.61	21800828	120929112.00
2013/10/10	6.16	6.17	5.66	5.94	93468817	555549632.00
2013/10/11	5.69	5.84	5.51	5.74	38274527	217439296.00
2013/10/14	5.74	5.91	5.45	5.84	34337440	195071104.00
2013/10/15	5.80	5.85	5.54	5.66	22212613	125872512.00
2013/10/16	5.55	5.59	5.20	5.23	21791136	116738584.00
2013/10/17	5.25	5.45	5.03	5.10	16238584	84717480.00
2013/10/18	5.05	5.21	5.00	5.11	10234462	52274196.00
2013/10/21	5.11	5.46	5.01	5.37	18831774	98790720.00
2013/10/22	5.59	5.91	5.58	5.91	34610019	202993248.00
2013/10/23	5.91	6.49	5.81	6.20	78678561	484292480.00
2013/10/24	5.63	5.98	5.60	5.61	34101401	196788912.00
2013/10/25	5.57	5.89	5.52	5.68	21238934	121462128.00
2013/10/28	5.70	5.73	5.31	5.41	16783576	91168704.00
2013/10/29	5.38	5.41	4.87	5.06	26182805	132533440.00
2013/10/30	5.02	5.57	4.91	5.57	23079640	121782208.00
2013/10/31	5.64	5.97	5.55	5.59	44410621	256035568.00
2013/11/01	5.45	5.97	5.12	5.75	33878357	191201440.00
2013/11/04	5.62	6.20	5.52	6.01	44334345	264167824.00
2013/11/05	5.88	6.61	5.78	6.58	77758940	494235424.00
2013/11/06	6.30	6.53	6.05	6.10	59564654	374908768.00
2013/11/07	5.99	6.15	5.80	5.90	30359614	181370304.00
2013/11/08	5.94	6.48	5.81	6.29	48366180	300772032.00
2013/11/11	6.17	6.32	5.99	6.02	26625812	162166112.00
2013/11/12	5.93	6.46	5.90	6.21	39543671	247850912.00
2013/11/13	6.21	6.35	5.95	5.99	32825784	201088272.00
2013/11/14	5.88	6.08	5.76	5.93	24342420	143025344.00
2013/11/15	5.88	6.44	5.80	6.28	43092882	265582704.00
2013/11/18	6.37	6.80	6.19	6.79	62764568	409841664.00
2013/11/19	6.70	7.20	6.53	6.80	62656433	427308512.00
2013/11/20	6.60	7.48	6.60	7.48	64324816	460305728.00
2013/11/21	7.50	8.23	7.40	8.00	92182683	732802048.00
2013/11/22	7.85	7.95	7.34	7.39	65563072	496762144.00
2013/11/25	7.39	8.05	7.33	7.53	44911632	342852896.00
2013/11/26	7.38	7.45	6.95	7.17	38656806	276766048.00
2013/11/27	7.18	7.24	6.96	7.16	25485698	180917984.00
2013/11/28	7.13	7.30	7.05	7.09	26450907	188905392.00
2013/11/29	7.15	7.29	7.01	7.16	22023624	157978672.00
2013/12/02	6.99	6.99	6.44	6.44	25790713	171175040.00
2013/12/03	6.37	6.74	5.96	6.64	23370667	149968000.00
2013/12/04	6.60	7.30	6.53	7.30	46014890	326408704.00
2013/12/05	7.29	7.33	7.00	7.04	27932358	198924432.00
2013/12/06	7.03	7.30	6.91	7.06	20866269	149158320.00
2013/12/09	7.06	7.24	6.91	7.01	15450414	108751736.00
2013/12/10	7.02	7.14	6.83	7.05	15728429	109944112.00
2013/12/11	7.06	7.45	7.01	7.16	32715598	236486576.00
2013/12/12	7.09	7.10	6.90	6.96	17123934	119568944.00
2013/12/13	6.90	7.30	6.82	7.17	21071805	149505552.00
2013/12/16	7.10	7.26	6.91	6.92	19568537	138718592.00
2013/12/17	6.89	7.17	6.51	6.58	24987052	171159984.00
2013/12/18	6.48	6.64	6.30	6.41	14069222	90746408.00
2013/12/19	6.49	6.58	6.31	6.46	10359879	66985392.00
2013/12/20	6.47	6.48	6.27	6.38	9576952	61057948.00
2013/12/23	6.36	6.38	5.81	6.05	12373875	74969152.00
2013/12/24	6.08	6.26	6.02	6.17	8911481	54967736.00
2013/12/25	6.15	6.22	6.03	6.17	7778380	47620744.00
2013/12/26	6.13	6.15	5.88	5.92	11023287	66063564.00
2013/12/27	5.92	6.25	5.89	6.17	15318813	93752728.00
2013/12/30	6.18	6.47	6.11	6.30	15316449	97102440.00
2013/12/31	6.35	6.47	6.16	6.20	13751950	87112304.00
2014/01/02	6.16	6.22	6.02	6.11	9159891	55790460.00
2014/01/03	6.07	6.10	5.88	5.92	9042445	53640840.00
2014/01/06	5.91	5.91	5.49	5.51	11716911	65854672.00
2014/01/07	5.49	5.95	5.36	5.70	10815539	61584588.00
2014/01/08	5.65	5.82	5.55	5.60	7176597	40540324.00
2014/01/09	5.56	5.74	5.56	5.68	9531129	53961160.00
2014/01/10	6.00	6.05	5.59	5.61	10179362	58648968.00
2014/01/13	5.48	5.60	5.36	5.43	8251642	44945408.00
2014/01/14	5.41	5.60	5.18	5.53	10623927	57388768.00
2014/01/15	5.47	5.52	5.30	5.40	6900011	37308480.00
2014/01/16	5.40	5.84	5.37	5.63	14574325	82016904.00
2014/01/17	5.57	5.60	5.36	5.39	9238057	50653600.00
2014/01/20	5.36	5.42	5.25	5.31	5515506	29470216.00
2014/01/21	5.32	5.50	5.32	5.37	5068838	27329116.00
2014/01/22	5.40	5.59	5.40	5.56	8740026	48204540.00
2014/01/23	5.57	5.65	5.48	5.56	10192886	56720992.00
2014/01/24	5.59	5.77	5.50	5.69	12106642	68677016.00
2014/01/27	5.74	5.74	5.56	5.57	6275026	35147260.00
2014/01/28	5.57	5.75	5.54	5.60	6847159	38601608.00
2014/01/29	5.60	5.72	5.51	5.53	6935140	38743376.00
2014/01/30	5.42	5.42	5.21	5.27	10624634	56096576.00
2014/02/07	5.25	5.38	5.13	5.36	6706744	35357832.00
2014/02/10	5.35	5.53	5.35	5.52	9119178	49981480.00
2014/02/11	5.52	6.07	5.50	6.07	30190531	176680112.00
2014/02/12	6.27	6.68	6.06	6.68	47089453	308462464.00
2014/02/13	6.74	6.85	6.33	6.34	35766629	234758720.00
2014/02/14	6.41	6.63	6.25	6.49	18532066	120012904.00
2014/02/17	6.50	6.55	6.27	6.50	16585050	106079624.00
2014/02/18	6.48	7.15	6.33	7.15	36187498	246456896.00
2014/02/19	7.00	7.38	6.91	6.94	43481607	311573152.00
2014/02/20	6.90	7.10	6.64	6.67	21597703	148756880.00
2014/02/21	6.71	6.94	6.54	6.83	16135885	109770632.00
2014/02/24	6.75	6.84	6.55	6.61	12050107	80169992.00
2014/02/25	6.59	7.08	6.42	6.65	25498030	171790768.00
2014/02/26	6.50	6.82	6.37	6.73	14426144	95745512.00
2014/02/27	6.69	7.00	6.63	6.78	21110271	144250976.00
2014/02/28	6.85	6.96	6.54	6.64	15713430	106010344.00
2014/03/03	6.56	6.84	6.48	6.77	12317125	82432816.00
2014/03/04	6.70	7.39	6.67	7.13	37334484	263069552.00
2014/03/05	6.99	7.11	6.78	6.82	21709771	150316656.00
2014/03/06	7.17	7.37	6.90	6.92	27656989	195949856.00
2014/03/07	6.63	6.85	6.55	6.67	16819437	112996200.00
2014/03/10	6.66	7.08	6.56	6.66	21478331	146806576.00
2014/03/11	6.60	6.75	6.38	6.50	13623030	89265888.00
2014/03/12	6.50	6.60	6.16	6.31	10049228	64007544.00
2014/03/13	6.35	6.43	6.28	6.36	6351547	40358340.00
2014/03/14	6.30	6.70	6.24	6.58	13800856	89757352.00
2014/03/17	6.53	6.69	6.47	6.61	9623220	63321640.00
2014/03/18	6.57	6.68	6.48	6.49	8518806	55725960.00
2014/03/19	6.40	6.66	6.32	6.55	9560069	61997124.00
2014/03/20	6.48	6.65	6.40	6.42	11099780	72749320.00
2014/03/21	6.26	6.55	6.26	6.48	9985539	63961704.00
2014/03/24	6.45	6.89	6.45	6.79	22321493	150407280.00
2014/03/25	6.73	6.96	6.57	6.62	19626128	131921600.00
2014/03/26	6.63	6.67	6.42	6.46	10615651	68779920.00
2014/03/27	6.37	6.65	6.37	6.45	10503072	68234168.00
2014/03/28	6.44	6.45	6.22	6.27	9113725	57734288.00
2014/03/31	6.31	6.34	6.08	6.10	6296898	39118188.00
2014/04/01	6.14	6.24	6.10	6.19	4060979	25097636.00
2014/04/02	6.20	6.24	6.15	6.16	4826052	29850094.00
2014/04/03	6.15	6.18	5.96	5.96	8766140	52961464.00
2014/04/04	6.02	6.08	5.95	6.04	4546706	27343184.00
2014/04/08	6.02	6.18	5.99	6.17	6367964	39020556.00
2014/04/09	6.20	6.28	6.12	6.18	6064672	37542328.00
2014/04/10	6.20	6.28	6.12	6.21	7330223	45513932.00
2014/04/11	6.17	6.24	6.06	6.20	7241648	44525792.00
2014/04/14	6.15	6.28	6.12	6.26	7713665	47918848.00
2014/04/15	6.24	6.52	6.20	6.28	13128731	83578080.00
2014/04/16	6.18	6.28	6.12	6.16	6071163	37528096.00
2014/04/17	6.13	6.29	6.10	6.22	6502616	40227968.00
2014/04/18	6.18	6.22	6.12	6.16	4087431	25164064.00
2014/04/21	6.04	6.13	5.90	5.91	6217100	37433428.00
2014/04/22	5.90	6.00	5.66	5.85	6181774	36107316.00
2014/04/23	5.85	5.92	5.73	5.86	4426448	25714156.00
2014/04/24	5.84	5.86	5.60	5.62	4416575	25278042.00
2014/04/25	5.55	5.67	5.38	5.42	4464784	24747406.00
2014/04/28	5.37	5.48	5.13	5.14	4590366	24189316.00
2014/04/29	5.05	5.30	5.05	5.23	4438819	23160152.00
2014/04/30	5.24	5.46	5.18	5.36	3763225	20095288.00
2014/05/05	5.31	5.43	5.30	5.36	3169254	16997664.00
2014/05/06	5.32	5.40	5.32	5.37	2072631	11125617.00
2014/05/07	5.38	5.38	5.15	5.18	3704972	19382398.00
2014/05/08	5.18	5.31	5.15	5.25	3208608	16814330.00
2014/05/09	5.29	5.30	5.12	5.15	2968060	15346378.00
2014/05/12	5.20	5.35	5.16	5.30	4671666	24550468.00
2014/05/13	5.29	5.34	5.23	5.27	3179791	16785474.00
2014/05/14	5.31	5.38	5.30	5.32	4844574	25891764.00
2014/05/15	5.33	5.44	5.19	5.20	5466082	29225532.00
2014/05/16	5.17	5.32	5.11	5.29	4009429	20972364.00
2014/05/19	5.25	5.30	5.18	5.21	1881860	9844949.00
2014/05/20	5.25	5.29	5.16	5.19	2234362	11629184.00
2014/05/21	5.26	5.26	5.14	5.20	2341508	12166385.00
2014/05/22	5.14	5.53	5.14	5.35	8422201	45064952.00
2014/05/23	5.29	5.37	5.28	5.35	4288354	22848616.00
2014/05/26	5.28	5.43	5.28	5.33	4913304	26287694.00
2014/05/27	5.30	5.38	5.26	5.30	3894600	20742114.00
2014/05/28	5.30	5.50	5.20	5.41	9646878	51929908.00
2014/05/29	5.37	5.39	5.26	5.28	6127827	32573688.00
2014/05/30	5.26	5.31	5.18	5.19	4925732	25703908.00
2014/06/03	5.23	5.24	5.16	5.18	3062072	15953445.00
2014/06/04	5.01	5.09	5.00	5.05	9307720	46815376.00
2014/06/05	5.03	5.14	5.03	5.11	7321671	37261376.00
2014/06/06	5.09	5.12	5.04	5.08	4158485	21112670.00
2014/06/09	5.07	5.16	5.05	5.09	5449659	27848556.00
2014/06/10	5.14	5.22	5.07	5.15	12281325	63502560.00
2014/06/11	5.12	5.17	5.10	5.14	5712414	29296948.00
2014/06/12	5.19	5.29	5.16	5.22	18616552	97384400.00
2014/06/13	5.18	5.29	5.12	5.19	11654767	60435668.00
2014/06/16	5.16	5.24	5.15	5.20	9155330	47670312.00
2014/06/17	5.21	5.72	5.19	5.72	58251633	322979808.00
2014/06/18	5.62	6.19	5.58	6.07	76650186	455056608.00
2014/06/19	5.94	6.15	5.78	6.00	41707092	249508464.00
2014/06/20	6.02	6.60	5.94	6.33	52677279	336512288.00
2014/06/23	6.41	6.55	6.16	6.40	46001462	291214176.00
2014/06/24	6.26	6.35	6.05	6.12	36732744	226369760.00
2014/06/25	6.15	6.15	5.93	6.00	28044213	169162624.00
2014/06/26	6.01	6.18	5.95	6.12	25685470	155957424.00
2014/06/27	6.05	6.48	6.00	6.24	46692517	293442784.00
2014/06/30	6.18	6.22	6.04	6.08	22618818	137891952.00
2014/07/01	6.04	6.30	5.91	6.19	24192045	147790720.00
2014/07/02	6.18	6.38	6.01	6.11	32479532	201207776.00
2014/07/03	6.09	6.40	5.99	6.24	38264224	239140048.00
2014/07/04	6.18	6.26	6.09	6.20	21331845	131384208.00
2014/07/07	6.15	6.50	6.12	6.39	36257854	230090128.00
2014/07/08	6.38	6.48	6.27	6.39	20471428	130626752.00
2014/07/09	6.33	6.38	6.10	6.12	20229156	126103984.00
2014/07/10	6.10	6.19	6.05	6.08	11403221	69720992.00
2014/07/11	6.08	6.18	6.04	6.08	10459581	63827408.00
2014/07/14	6.10	6.15	6.05	6.10	10227044	62305656.00
2014/07/15	6.11	6.35	6.08	6.20	16657278	103751104.00
2014/07/16	6.18	6.35	6.10	6.15	18351205	114160800.00
2014/07/17	6.10	6.11	5.68	5.69	29963406	176422448.00
2014/07/18	5.67	5.79	5.65	5.78	12843246	73397576.00
2014/07/21	5.77	5.87	5.73	5.75	8130415	46951308.00
2014/07/22	5.75	5.89	5.68	5.78	9093928	52565424.00
2014/07/23	5.84	6.08	5.73	5.89	19857477	117481888.00
2014/07/24	5.82	5.87	5.65	5.75	12149623	70211992.00
2014/07/25	5.76	5.85	5.71	5.78	6595649	38071956.00
2014/07/28	5.83	5.87	5.73	5.85	12114254	70437128.00
2014/07/29	5.84	6.25	5.82	6.04	35026662	212701248.00
2014/07/30	5.95	6.04	5.92	6.01	12422124	74264528.00
2014/07/31	6.00	6.11	5.96	6.05	13518879	81734240.00
2014/08/01	6.03	6.14	5.98	6.00	15867325	96043960.00
2014/08/04	5.97	6.28	5.97	6.16	31083477	191588640.00
2014/08/05	6.13	6.23	6.09	6.16	14089826	86776736.00
2014/08/06	6.12	6.36	6.05	6.35	37451557	233657184.00
2014/08/07	6.41	6.46	6.17	6.20	28288196	177366304.00
2014/08/08	6.13	6.25	6.12	6.17	12059702	74318192.00
2014/08/11	6.19	6.30	6.19	6.21	17261062	107661888.00
2014/08/12	6.25	6.30	6.17	6.24	15818851	98691936.00
2014/08/13	6.22	6.25	6.09	6.16	15512794	95551600.00
2014/08/14	6.16	6.25	6.11	6.14	13596663	83944360.00
2014/08/15	6.13	6.17	6.10	6.15	9919570	60869280.00
2014/08/18	6.15	6.24	6.10	6.21	13617748	84303976.00
2014/08/19	6.22	6.33	6.18	6.30	27869935	174582656.00
2014/08/20	6.29	6.46	6.23	6.36	27037499	171803632.00
2014/08/21	6.33	6.33	6.12	6.20	17053846	106056760.00
2014/08/22	6.17	6.58	6.15	6.57	44773900	286667616.00
2014/08/25	6.54	6.71	6.42	6.59	39583169	259248544.00
2014/08/26	6.57	6.60	6.33	6.34	20273076	130696832.00
2014/08/27	6.38	6.54	6.27	6.46	17265195	110720776.00
2014/08/28	6.46	6.54	6.36	6.40	18594082	119673040.00
2014/08/29	6.36	6.42	6.29	6.36	10607880	67258520.00
2014/09/01	6.38	6.54	6.33	6.45	13382910	86197400.00
2014/09/02	6.59	6.87	6.58	6.79	45969555	308685472.00
2014/09/03	6.89	7.20	6.74	6.79	55810550	387500320.00
2014/09/04	6.92	7.47	6.92	7.47	45168455	327422752.00
2014/09/05	7.80	8.22	7.70	8.22	69418467	553827328.00
2014/09/09	8.50	8.99	8.41	8.95	106656312	932589824.00
2014/09/10	8.70	8.75	8.41	8.56	67585101	579178560.00
2014/09/11	8.51	8.74	8.25	8.39	54551024	463552192.00
2014/09/12	8.43	8.55	8.12	8.39	47989047	397548384.00
2014/09/15	8.30	8.47	8.20	8.45	39950334	332237408.00
2014/09/16	8.47	8.47	7.78	7.82	41962932	342342976.00
2014/09/17	7.94	8.12	7.69	7.95	34614903	274948832.00
2014/09/18	7.95	8.07	7.81	7.90	20746852	164307904.00
2014/09/19	7.92	8.38	7.83	8.15	44007205	360282112.00
2014/09/22	8.23	8.97	8.22	8.97	60158459	524636224.00
2014/09/23	9.40	9.58	8.72	8.88	103322154	939982272.00
2014/09/24	8.74	8.85	8.57	8.78	50568723	439632416.00
2014/09/25	8.76	8.94	8.58	8.63	48337806	425246304.00
2014/09/26	8.51	8.59	8.40	8.49	26379616	223857392.00
2014/09/29	8.52	8.63	8.40	8.46	25301432	214991008.00
2014/09/30	8.52	9.15	8.42	9.01	62094296	550695680.00
2014/10/08	9.50	9.88	9.25	9.30	82674637	785988032.00
2014/10/09	9.30	9.30	8.91	9.04	43583832	394394560.00
2014/10/10	8.98	9.54	8.82	9.19	46399443	426926528.00
2014/10/13	9.01	9.29	8.82	9.03	27073391	244642928.00
2014/10/14	9.00	9.17	8.90	8.98	18281966	164932128.00
2014/10/15	8.98	9.18	8.94	9.08	18113540	164075040.00
2014/10/16	9.10	9.10	8.56	8.62	25929276	228506560.00
2014/10/17	8.58	8.80	8.40	8.51	14606369	125253056.00
2014/10/20	8.55	8.70	8.41	8.63	12223653	104987464.00
2014/10/21	8.65	8.68	8.40	8.42	12420873	105603576.00
2014/10/22	8.53	8.64	8.27	8.36	11865550	100526080.00
2014/10/23	8.30	8.39	8.03	8.10	12419893	101547768.00
2014/10/24	8.13	8.91	8.08	8.91	30816820	265334512.00
2014/10/27	9.05	9.70	9.04	9.21	69291716	647550464.00
2014/10/28	9.80	10.13	9.69	10.13	95817551	954883520.00
2014/10/29	9.90	11.10	9.75	10.63	99199587	1037522048.00
2014/10/30	10.40	10.89	10.31	10.43	67192106	708386560.00
2014/10/31	10.33	10.53	10.02	10.24	44169911	453308224.00
2014/11/03	10.25	11.00	10.10	10.79	67180715	717796160.00
2014/11/04	10.75	10.75	10.20	10.33	42352169	440312864.00
2014/11/05	10.14	10.58	10.03	10.29	30591047	314510432.00
2014/11/06	10.24	10.57	10.15	10.35	24297786	251827984.00
2014/11/07	10.34	10.64	10.18	10.56	40468594	421915392.00
2014/11/10	10.50	10.87	10.31	10.55	39581852	420189440.00
2014/11/11	10.58	10.58	9.62	9.85	42127288	420914048.00
2014/11/12	9.84	10.09	9.65	10.01	24207556	241191328.00
2014/11/13	9.94	10.22	9.68	10.10	29910642	299251200.00
2014/11/14	9.84	10.41	9.83	10.04	24752248	251805888.00
2014/11/17	10.50	11.04	10.21	11.04	68388764	743728960.00
2014/11/18	10.90	11.72	10.70	11.55	71028938	792795776.00
2014/11/19	11.30	11.64	10.90	10.94	49228159	551464832.00
2014/11/20	10.75	11.20	10.67	11.07	34777015	380331008.00
2014/11/21	11.21	11.55	11.02	11.05	39062849	440033824.00
2014/11/24	10.81	11.30	10.72	11.09	39446760	432384928.00
2014/11/25	11.06	11.25	10.89	11.10	32313886	357560416.00
2014/11/26	11.01	11.17	10.85	11.08	30752439	338703328.00
2014/11/27	11.03	11.05	10.76	10.82	31542937	342664384.00
2014/11/28	10.78	11.39	10.75	11.20	52684937	588644288.00
2014/12/01	11.07	11.74	10.96	11.19	44456648	505390656.00
2014/12/02	11.07	11.39	10.90	11.16	34947447	388391776.00
2014/12/03	11.16	11.27	10.82	11.01	32056239	353473824.00
2014/12/04	11.00	11.77	10.85	11.52	56867078	640045952.00
2014/12/05	11.45	12.67	11.10	12.67	91656263	1096771328.00
2014/12/08	13.00	13.94	12.80	13.94	75926934	1023060032.00
2014/12/09	14.55	15.33	13.03	13.68	93043758	1367454464.00
2014/12/10	13.85	15.05	13.71	15.05	58576658	841471744.00
2014/12/11	15.39	15.89	14.72	15.26	63403641	977709696.00
2014/12/12	15.10	15.12	14.21	14.65	38615424	560550784.00
2014/12/15	14.74	15.60	13.97	14.14	55780944	817787392.00
2014/12/16	13.90	14.25	12.99	13.90	48522586	662046784.00
2014/12/17	13.85	14.51	13.50	14.18	45468847	642647680.00
2014/12/18	13.97	15.00	13.67	14.22	41267549	590453376.00
2014/12/19	14.05	14.64	13.80	13.99	36449063	519285216.00
2014/12/22	13.85	13.85	12.59	12.59	32250841	412092800.00
2014/12/23	11.89	12.65	11.33	11.79	31245888	371478656.00
2014/12/24	11.66	12.50	11.66	12.35	27382979	333054432.00
2014/12/25	12.33	12.53	12.08	12.46	24128723	297538944.00
2014/12/26	12.49	12.98	12.16	12.65	33062931	415181760.00
2014/12/29	12.58	12.65	11.70	11.94	31468302	382497120.00
2014/12/30	11.74	11.80	11.20	11.25	23721162	270493184.00
2014/12/31	11.30	11.96	11.19	11.92	25503647	295502656.00
2015/01/05	11.85	12.02	11.71	11.86	17771929	210821824.00
2015/01/06	11.79	12.50	11.68	12.01	28389853	345023136.00
2015/01/07	12.00	12.48	11.60	12.30	38598508	467610592.00
2015/01/08	12.19	12.41	12.00	12.05	23220685	282940960.00
2015/01/09	11.82	12.06	11.62	11.68	18355167	217500032.00
2015/01/12	11.50	11.65	11.00	11.11	14914390	167901360.00
2015/01/13	11.11	11.29	11.02	11.21	13656421	152039456.00
2015/01/14	11.20	11.20	10.56	10.86	16306432	177722144.00
2015/01/15	10.90	11.19	10.72	11.08	14549767	159742640.00
2015/01/16	11.06	11.26	10.94	11.14	13580097	150852240.00
2015/01/19	10.82	11.27	10.50	10.70	22797371	249433248.00
2015/01/20	10.73	11.36	10.72	11.23	24180459	268206432.00
2015/01/21	11.23	11.63	11.12	11.48	27535594	313840832.00
2015/01/22	11.48	11.67	11.38	11.56	23731565	273187008.00
2015/01/23	11.60	12.06	11.51	11.90	37635818	446425248.00
2015/01/26	12.02	12.10	11.70	12.05	24061295	286981696.00
2015/01/27	12.06	12.12	11.56	11.80	21797652	257075504.00
2015/01/28	11.81	11.81	11.60	11.65	12798793	149575424.00
2015/01/29	11.57	11.58	11.00	11.19	16100599	182003392.00
2015/01/30	11.22	11.37	11.10	11.11	9456673	106002728.00
2015/02/02	11.12	11.12	10.68	10.78	9422427	102015152.00
2015/02/03	10.84	11.03	10.81	11.02	7714679	84201200.00
2015/02/04	11.03	11.27	11.00	11.10	10331218	115189008.00
2015/02/05	11.28	11.58	11.21	11.27	19553526	222535072.00
2015/02/06	11.10	11.13	10.69	10.81	12205901	132344160.00
2015/02/09	10.79	11.01	10.50	10.85	7424963	79529688.00
2015/02/10	10.71	10.95	10.65	10.93	7165970	77685912.00
2015/02/11	11.17	11.18	10.94	11.03	9004550	99353024.00
2015/02/12	10.99	11.01	10.71	10.85	8644308	93680080.00
2015/02/13	10.88	11.14	10.86	11.03	12591572	138750912.00
2015/02/16	11.01	11.49	11.01	11.36	17203345	193863936.00
2015/02/17	11.39	12.45	11.39	12.28	41611907	493616704.00
2015/02/25	12.28	12.81	12.20	12.34	37857905	472057248.00
2015/02/26	12.46	12.65	12.19	12.44	26206136	324994144.00
2015/02/27	12.44	12.62	12.14	12.47	29373417	362829632.00
2015/03/02	12.42	12.49	12.20	12.40	22137129	273076384.00
2015/03/03	12.38	12.66	12.12	12.24	28899164	357889664.00
2015/03/04	12.18	12.37	12.14	12.25	15823946	193986448.00
2015/03/05	12.33	12.60	12.25	12.59	26331055	327090944.00
2015/03/06	12.60	12.80	12.30	12.50	20220633	252429168.00
2015/03/09	12.48	12.48	12.18	12.34	13012830	159910672.00
2015/03/10	12.45	12.69	12.35	12.54	23873984	299819520.00
2015/03/11	12.60	12.97	12.52	12.82	29856729	380552896.00
2015/03/12	12.87	12.99	12.49	12.58	19427015	245921792.00
2015/03/13	12.60	12.88	12.50	12.80	22999471	292059680.00
2015/03/16	12.82	13.39	12.82	13.32	34730570	456296512.00
2015/03/17	13.40	14.45	13.16	13.98	53146123	736152064.00
2015/03/18	14.22	14.30	13.77	13.98	44318056	619222592.00
2015/03/19	13.75	14.10	13.60	14.08	39384108	543185280.00
2015/03/20	14.01	14.02	13.81	13.82	22861206	317275264.00
2015/03/23	13.80	14.26	13.65	14.14	40320723	562086144.00
2015/03/24	14.16	14.38	13.66	14.36	46569477	656708864.00
2015/03/25	15.00	15.69	14.36	14.41	71409784	1069554048.00
2015/03/26	14.28	14.28	13.60	13.70	37260955	513793440.00
2015/03/27	13.61	13.80	13.51	13.79	19376273	264410544.00
2015/03/30	13.80	13.96	13.72	13.82	24772530	342654720.00
2015/03/31	13.83	13.97	13.40	13.68	28902398	395719360.00
2015/04/01	13.60	13.84	13.57	13.82	21034470	288943424.00
2015/04/02	13.92	14.17	13.73	14.11	36150040	504363360.00
2015/04/03	14.10	14.30	13.97	14.20	35336570	500149824.00
2015/04/07	14.25	14.64	14.05	14.52	41986176	599766528.00
2015/04/08	14.42	14.43	13.90	14.07	29468308	417471584.00
2015/04/09	14.08	14.13	13.38	13.61	24157086	330701120.00
2015/04/10	13.58	14.09	13.38	13.96	24314857	337055584.00
2015/04/13	13.90	14.01	13.65	13.88	22776649	315781312.00
2015/04/14	13.90	14.37	13.76	14.09	33212583	469410304.00
2015/04/15	14.11	14.17	13.43	13.47	22725542	314523520.00
2015/04/16	13.30	13.67	12.99	13.43	19385475	257888256.00
2015/04/17	13.60	14.22	13.53	14.16	39810344	558242560.00
2015/04/20	14.32	15.21	14.16	14.67	69189057	1016884736.00
2015/04/21	14.78	15.21	14.09	14.41	41468690	601084480.00
2015/04/22	14.46	14.68	14.22	14.63	44955361	651112576.00
2015/04/23	14.77	15.56	14.61	15.29	71294540	1075136256.00
2015/04/24	15.00	15.18	14.50	14.69	39357826	582762240.00
2015/04/27	14.60	15.12	14.55	14.81	37427927	555190208.00
2015/04/28	14.75	14.80	13.79	13.90	35544682	507358592.00
2015/04/29	13.38	14.14	13.38	13.94	19233992	265254304.00
2015/04/30	13.90	13.92	13.56	13.63	17644646	242354864.00
2015/05/05	14.00	14.00	14.00	14.00	0	0.00
数据来源:通达信
