600658 电子城 日线 前复权
      日期	    开盘	    最高	    最低	    收盘	    成交量	    成交额
2011/10/10	8.24	8.28	8.12	8.15	422526	3723844.00
2011/10/11	8.35	8.51	8.18	8.50	6618622	59651304.00
2011/10/12	8.48	9.10	8.38	9.07	14792242	139326960.00
2011/10/13	8.95	9.07	8.73	8.88	10545589	100335496.00
2011/10/14	8.82	9.04	8.78	8.91	8634862	82849128.00
2011/10/17	8.99	9.10	8.83	8.87	4554175	43635424.00
2011/10/18	8.65	8.77	8.51	8.63	3450105	32008190.00
2011/10/19	8.71	9.13	8.65	8.89	10488459	100618280.00
2011/10/20	8.92	8.92	8.57	8.71	2748253	25626566.00
2011/10/21	8.81	8.87	8.63	8.69	1569146	14764481.00
2011/10/24	8.75	8.92	8.53	8.85	2961761	27859914.00
2011/10/25	8.93	8.97	8.70	8.89	9077867	85993160.00
2011/10/26	8.80	8.83	8.55	8.67	5854231	54667552.00
2011/10/27	8.63	9.04	8.59	9.03	12670227	120862112.00
2011/10/28	9.04	9.10	8.69	8.94	9631861	92071120.00
2011/10/31	8.86	9.07	8.73	8.96	6813146	65282572.00
2011/11/01	8.86	9.04	8.79	8.84	4748635	45293524.00
2011/11/02	8.65	9.01	8.45	8.99	8837092	83531568.00
2011/11/03	8.98	9.23	8.93	8.97	11348985	110316528.00
2011/11/04	8.97	9.30	8.87	9.17	9988803	97492896.00
2011/11/07	9.13	9.28	9.00	9.05	4884606	47727044.00
2011/11/08	8.95	9.09	8.73	8.74	4934739	47134936.00
2011/11/09	8.80	8.85	8.66	8.85	3121737	29375880.00
2011/11/10	8.73	8.78	8.62	8.62	2689282	25107210.00
2011/11/11	8.65	8.80	8.62	8.66	1528113	14275703.00
2011/11/14	8.70	8.82	8.70	8.79	2217586	20887522.00
2011/11/15	8.75	8.79	8.68	8.74	2277112	21362626.00
2011/11/16	8.75	8.79	8.48	8.51	2682647	24943924.00
2011/11/17	8.57	8.59	8.35	8.41	2518487	22886198.00
2011/11/18	8.38	8.39	8.10	8.15	2314403	20505022.00
2011/11/21	8.08	8.23	8.08	8.16	1030742	9081918.00
2011/11/22	8.12	8.17	8.01	8.12	874270	7655022.00
2011/11/23	8.14	8.34	8.02	8.24	1941900	17275384.00
2011/11/24	8.21	8.25	8.03	8.15	930573	8192431.00
2011/11/25	8.10	8.22	7.81	7.84	2025667	17473452.00
2011/11/28	7.87	7.94	7.72	7.77	1687969	14251634.00
2011/11/29	7.85	7.98	7.77	7.93	2157801	18424308.00
2011/11/30	7.87	7.94	7.15	7.35	2821578	23063480.00
2011/12/01	7.63	7.72	7.45	7.50	1882493	15455482.00
2011/12/02	7.36	7.50	7.20	7.26	1104098	8813253.00
2011/12/05	7.24	7.25	6.96	7.09	1459060	11221152.00
2011/12/06	7.12	7.13	6.99	7.03	1864300	14409233.00
2011/12/07	7.09	7.11	6.84	6.92	2608150	19806838.00
2011/12/08	6.95	6.99	6.69	6.79	1778701	13281632.00
2011/12/09	6.77	6.81	6.66	6.71	1077490	7939665.00
2011/12/12	6.71	6.73	6.63	6.64	730595	5355171.00
2011/12/13	6.61	6.67	6.35	6.37	1423184	10130188.00
2011/12/14	6.32	6.44	6.29	6.31	833800	5851710.00
2011/12/15	6.34	6.34	6.01	6.03	1560505	10593249.00
2011/12/16	6.04	6.25	5.98	6.23	1075014	7256217.00
2011/12/19	6.10	6.22	5.99	6.17	1047749	7078299.00
2011/12/20	6.13	6.28	6.13	6.15	1025621	7039522.00
2011/12/21	6.25	6.25	5.85	6.04	1196494	8071726.00
2011/12/22	5.97	6.05	5.65	5.91	1458398	9455139.00
2011/12/23	5.89	6.09	5.85	6.01	1330534	8818003.00
2011/12/26	6.14	6.16	5.95	6.07	1633783	10993722.00
2011/12/27	6.07	6.07	5.81	5.90	896861	5919170.00
2011/12/28	5.87	5.87	5.58	5.74	1186612	7510223.00
2011/12/29	5.65	5.77	5.65	5.72	646298	4120792.00
2011/12/30	5.75	5.82	5.74	5.79	794966	5114374.00
2012/01/04	5.91	5.92	5.65	5.65	829600	5370008.00
2012/01/05	5.60	5.65	5.28	5.33	1136935	6915917.00
2012/01/06	5.31	5.47	5.03	5.44	1752390	10360620.00
2012/01/09	5.44	5.71	5.30	5.68	1876118	11698312.00
2012/01/10	5.67	5.90	5.65	5.88	2408506	15588996.00
2012/01/11	5.82	5.89	5.75	5.83	1522950	9858258.00
2012/01/12	5.85	6.13	5.84	5.92	2798481	18619416.00
2012/01/13	5.85	5.94	5.63	5.68	1762871	11269817.00
2012/01/16	5.57	5.62	5.37	5.39	995823	6150336.00
2012/01/17	5.40	5.73	5.35	5.70	1438000	8960352.00
2012/01/18	5.75	5.77	5.48	5.51	1804123	11376348.00
2012/01/19	5.48	5.64	5.48	5.59	1263609	7863315.00
2012/01/20	5.60	5.68	5.58	5.65	1139757	7163835.00
2012/01/30	5.68	5.69	5.60	5.61	813087	5119720.00
2012/01/31	5.61	5.61	5.46	5.59	529295	3277857.00
2012/02/01	5.59	5.61	5.50	5.52	800312	4958919.00
2012/02/02	5.56	5.67	5.49	5.66	1015609	6333056.00
2012/02/03	5.63	6.14	5.63	5.99	5149275	33651932.00
2012/02/06	5.98	6.49	5.91	6.29	7388925	50855888.00
2012/02/07	6.17	6.20	6.00	6.03	3241408	21784444.00
2012/02/09	6.23	6.37	6.05	6.16	5690241	39013632.00
2012/02/10	6.12	6.51	6.09	6.46	7280754	51239544.00
2012/02/13	6.26	6.51	6.25	6.37	5413066	37903088.00
2012/02/14	6.35	6.66	6.34	6.47	4692960	33642296.00
2012/02/15	6.47	6.55	6.38	6.54	2815073	20051588.00
2012/02/16	6.50	6.60	6.39	6.45	2769050	19803594.00
2012/02/17	6.45	6.49	6.27	6.38	1965617	13806606.00
2012/02/20	6.42	6.54	6.35	6.43	2036518	14435623.00
2012/02/21	6.41	6.54	6.35	6.53	2689269	19095894.00
2012/02/22	6.60	7.25	6.55	7.07	8629340	64990080.00
2012/02/23	7.02	7.31	6.88	7.13	8516479	66072848.00
2012/02/24	7.24	7.91	7.15	7.61	15049797	125062912.00
2012/02/27	7.61	7.61	7.38	7.44	6535213	53177780.00
2012/02/28	7.40	7.40	7.06	7.12	7872414	61847184.00
2012/02/29	7.11	7.17	6.91	6.93	4292429	32898040.00
2012/03/01	6.96	7.10	6.92	6.94	5201762	39890180.00
2012/03/02	6.97	7.16	6.95	7.16	6117054	47258376.00
2012/03/05	7.17	7.21	7.00	7.03	4726537	36646120.00
2012/03/06	6.99	6.99	6.76	6.87	4248808	31898106.00
2012/03/07	6.78	7.00	6.76	6.91	3191787	24150980.00
2012/03/08	6.93	7.05	6.87	6.98	3559752	27074484.00
2012/03/09	7.04	7.06	6.95	7.04	3148622	24126626.00
2012/03/12	7.06	7.09	6.91	7.00	3509256	26813092.00
2012/03/13	6.99	7.13	6.96	7.13	3642064	28115552.00
2012/03/14	7.16	7.22	6.51	6.57	5735136	43572012.00
2012/03/15	6.53	6.59	6.25	6.33	3673042	25791012.00
2012/03/16	6.36	6.50	6.29	6.48	2261445	15905123.00
2012/03/19	6.42	6.55	6.37	6.55	2229191	15876028.00
2012/03/20	6.55	6.84	6.38	6.58	4554152	33225686.00
2012/03/21	6.58	6.67	6.40	6.50	2199019	15768526.00
2012/03/22	6.51	6.60	6.42	6.53	1671328	12029631.00
2012/03/23	6.53	6.53	6.31	6.35	1474696	10391488.00
2012/03/27	6.45	6.61	6.35	6.45	1984043	14107365.00
2012/03/28	6.46	6.94	6.46	6.57	9092810	66642868.00
2012/03/29	6.43	6.78	5.85	6.63	7412508	51767480.00
2012/03/30	6.51	7.04	6.38	6.99	10358696	77028896.00
2012/04/05	6.85	7.32	6.84	7.24	11576234	89899904.00
2012/04/06	7.15	7.43	7.03	7.17	8351366	65629136.00
2012/04/09	7.07	7.30	6.98	7.13	5295847	41411856.00
2012/04/10	6.97	7.28	6.72	7.26	6070957	46239944.00
2012/04/11	7.14	7.44	6.97	7.17	7291840	57452032.00
2012/04/12	7.14	7.43	7.05	7.41	7989461	63155316.00
2012/04/13	7.39	7.70	7.26	7.26	9978204	81189152.00
2012/04/16	7.07	7.69	7.05	7.56	9884920	79561192.00
2012/04/17	7.55	7.58	7.16	7.17	6651421	53484840.00
2012/04/18	7.27	7.53	7.07	7.43	7218760	57309600.00
2012/04/19	7.38	7.56	7.29	7.33	5576234	44976176.00
2012/04/23	7.48	7.64	7.30	7.40	8440686	68713848.00
2012/04/24	7.20	7.40	6.75	7.20	6362758	49306228.00
2012/04/25	7.10	7.84	7.08	7.67	11827976	96872504.00
2012/04/26	7.61	7.88	7.47	7.83	10358616	86202080.00
2012/04/27	7.65	8.20	7.65	7.86	10923192	93867408.00
2012/05/02	7.75	7.85	7.37	7.52	8785720	72021176.00
2012/05/03	7.46	7.57	7.32	7.45	4290801	34670400.00
2012/05/04	7.42	7.51	7.36	7.47	2652387	21464380.00
2012/05/07	7.50	7.88	7.44	7.81	5552381	46167656.00
2012/05/08	7.75	8.13	7.61	7.94	8128502	69348160.00
2012/05/09	7.85	8.31	7.82	8.13	10059074	88336888.00
2012/05/10	8.10	8.38	7.85	7.97	5020715	43561560.00
2012/05/11	7.97	8.11	7.85	8.02	1712512	14480210.00
2012/05/14	8.12	8.22	7.95	8.03	2607781	22342708.00
2012/05/15	7.91	7.91	7.68	7.81	2567258	21170048.00
2012/05/16	7.80	7.87	7.48	7.51	2468509	20097148.00
2012/05/17	7.54	7.66	7.37	7.60	2306618	18517430.00
2012/05/18	7.56	7.61	7.25	7.27	2291330	18067058.00
2012/05/21	7.28	7.37	7.22	7.27	1557056	12125169.00
2012/05/22	7.32	7.68	7.31	7.66	3459556	27578108.00
2012/05/23	7.61	7.75	7.54	7.67	2269309	18494198.00
2012/05/24	7.66	7.72	7.42	7.47	1290261	10363234.00
2012/05/25	7.51	7.51	7.27	7.31	1226701	9648880.00
2012/05/28	7.28	7.48	6.98	7.45	1063143	8239745.00
2012/05/29	7.44	7.61	7.38	7.55	1380116	11032451.00
2012/05/30	7.56	7.59	7.44	7.47	1222532	9768000.00
2012/05/31	7.38	7.54	7.37	7.48	908983	7240983.00
2012/06/01	7.48	7.58	7.47	7.50	969688	7764486.00
2012/06/04	7.42	7.42	7.18	7.25	1493536	11592248.00
2012/06/05	7.29	7.50	7.25	7.29	982192	7686252.00
2012/06/06	7.27	7.34	6.92	7.03	1594324	12084573.00
2012/06/07	7.12	7.35	7.04	7.32	2583650	19850880.00
2012/06/08	7.39	7.54	7.25	7.26	2240623	17653382.00
2012/06/11	7.23	7.35	7.09	7.31	1143287	8791902.00
2012/06/12	7.27	7.65	7.16	7.58	2681301	21304072.00
2012/06/13	7.59	7.70	7.55	7.65	2502115	20262360.00
2012/06/14	7.62	7.63	7.46	7.50	1028168	8253520.00
2012/06/15	7.43	7.57	7.36	7.50	798702	6343888.00
2012/06/18	7.63	7.63	7.50	7.52	743904	5984817.00
2012/06/19	7.48	7.70	7.44	7.69	1826785	14793654.00
2012/06/20	7.67	7.87	7.63	7.85	2700286	22264884.00
2012/06/21	7.77	7.90	7.71	7.76	1799243	14902698.00
2012/06/25	7.73	7.81	7.43	7.51	1321199	10640544.00
2012/06/26	7.52	7.63	7.36	7.59	665833	5307578.00
2012/06/27	7.52	7.85	7.52	7.63	2347846	19298690.00
2012/06/28	7.74	7.74	7.12	7.15	1847359	14620053.00
2012/06/29	7.05	7.37	7.05	7.35	773422	5987056.00
2012/07/02	7.35	7.42	7.27	7.28	653616	5114448.00
2012/07/03	7.28	7.42	7.27	7.30	840088	6573925.00
2012/07/04	7.30	7.35	7.12	7.21	558463	4319904.00
2012/07/05	7.20	7.23	6.91	6.92	868911	6527744.00
2012/07/06	7.10	7.16	6.88	7.03	1027064	7663860.00
2012/07/09	6.95	7.02	6.78	6.84	944568	6969571.00
2012/07/10	6.82	6.95	6.57	6.66	672624	4831097.00
2012/07/11	6.58	6.68	6.54	6.60	697053	4931495.00
2012/07/12	6.63	6.77	6.58	6.64	1012444	7216964.00
2012/07/13	6.63	6.64	6.42	6.47	1205359	8414634.00
2012/07/16	6.52	6.68	6.50	6.54	1543802	10939105.00
2012/07/17	6.57	6.93	6.43	6.74	1891208	13702350.00
2012/07/18	6.72	6.72	6.47	6.72	1066463	7514137.00
2012/07/19	6.67	6.77	6.62	6.70	1047091	7528731.00
2012/07/20	6.67	6.88	6.65	6.86	1685862	12300760.00
2012/07/23	6.74	6.95	6.69	6.89	1215574	8935178.00
2012/07/24	6.87	6.95	6.79	6.90	504901	3722936.00
2012/07/25	6.83	6.96	6.64	6.69	480301	3494124.00
2012/07/26	6.86	6.87	6.58	6.72	497780	3557190.00
2012/07/27	6.73	6.73	6.60	6.61	375099	2668110.00
2012/07/30	6.52	6.61	6.30	6.33	729790	5053513.00
2012/07/31	6.33	6.33	6.02	6.08	573709	3802759.00
2012/08/01	6.03	6.19	6.03	6.17	456611	3030461.00
2012/08/02	6.14	6.17	5.87	5.92	672663	4341601.00
2012/08/03	5.87	6.00	5.85	5.99	654714	4189862.00
2012/08/06	6.42	6.64	6.26	6.40	3578181	24673144.00
2012/08/07	6.32	6.71	6.22	6.41	2623751	18239276.00
2012/08/08	6.33	6.42	6.24	6.30	1604450	10899141.00
2012/08/09	6.29	6.37	6.21	6.35	1132429	7676853.00
2012/08/10	6.32	6.43	6.30	6.34	1115633	7628369.00
2012/08/13	6.29	6.30	5.92	5.97	1265853	8327712.00
2012/08/14	6.02	6.10	5.93	6.10	805572	5244717.00
2012/08/15	6.10	6.41	6.02	6.27	1357888	9164240.00
2012/08/16	6.24	6.27	6.13	6.23	455198	3039414.00
2012/08/17	6.23	6.23	6.07	6.16	445329	2939393.00
2012/08/20	6.04	6.20	5.95	6.18	616850	4027491.00
2012/08/21	6.08	6.26	6.06	6.21	643219	4287585.00
2012/08/22	6.14	6.21	6.08	6.16	600765	3973535.00
2012/08/23	6.16	6.28	6.16	6.22	727002	4885725.00
2012/08/24	6.19	6.27	6.05	6.26	890760	5942486.00
2012/08/27	6.24	6.24	5.97	5.99	587102	3866180.00
2012/08/28	5.94	6.11	5.94	6.00	659213	4285715.00
2012/08/29	6.65	6.65	6.55	6.65	19597024	139720176.00
2012/08/30	6.64	6.64	5.95	6.11	13635569	91747560.00
2012/08/31	6.06	6.07	5.70	5.84	4729765	29881772.00
2012/09/03	6.17	6.42	6.05	6.09	7531247	50410796.00
2012/09/04	6.00	6.09	5.90	6.03	4585423	29662956.00
2012/09/05	5.97	6.28	5.94	6.11	4264525	28209304.00
2012/09/06	6.04	6.15	5.94	6.15	3227907	21101022.00
2012/09/07	6.18	6.39	6.12	6.32	5777747	38980952.00
2012/09/10	6.32	6.36	6.23	6.34	3807741	25828872.00
2012/09/11	6.33	6.36	6.22	6.26	2318475	15658418.00
2012/09/12	6.30	6.33	6.25	6.32	2087145	14134263.00
2012/09/13	6.34	6.36	6.17	6.18	2824100	19131110.00
2012/09/14	6.22	6.29	6.00	6.16	1841813	12273469.00
2012/09/17	6.11	6.18	5.90	5.91	1383791	9030431.00
2012/09/18	5.87	5.96	5.87	5.90	800777	5115572.00
2012/09/19	5.91	6.31	5.91	6.18	3698289	24443680.00
2012/09/20	6.17	6.34	6.06	6.15	4663643	31261376.00
2012/09/21	6.07	6.16	5.92	5.95	1320520	8610445.00
2012/09/24	5.93	6.37	5.83	6.30	2683034	17907804.00
2012/09/25	6.25	6.49	6.19	6.41	5764002	39441680.00
2012/09/26	6.40	6.42	6.13	6.23	1241411	8351179.00
2012/09/27	6.13	6.32	6.01	6.24	2345417	15554287.00
2012/09/28	6.17	6.36	6.17	6.34	1773173	12020260.00
2012/10/08	6.32	6.37	6.17	6.21	1343262	9011160.00
2012/10/09	6.30	6.60	6.19	6.54	4182327	29027382.00
2012/10/10	6.54	6.91	6.43	6.80	5852435	42009216.00
2012/10/11	6.73	6.88	6.60	6.64	1947517	14029656.00
2012/10/12	6.62	6.78	6.50	6.63	1183367	8397032.00
2012/10/15	6.62	6.68	6.53	6.66	758643	5376380.00
2012/10/16	6.67	6.73	6.56	6.61	1339112	9551384.00
2012/10/17	6.60	6.78	6.46	6.74	1295046	9194708.00
2012/10/18	6.72	7.08	6.69	6.99	3081433	22935620.00
2012/10/19	7.00	7.05	6.88	6.89	2323435	17352012.00
2012/10/22	6.95	7.04	6.87	7.00	658269	4903172.00
2012/10/23	6.93	7.05	6.80	6.82	1016675	7520624.00
2012/10/24	6.82	6.88	6.69	6.71	692231	5022871.00
2012/10/25	6.71	6.77	6.66	6.74	748914	5387545.00
2012/10/26	6.74	6.82	6.61	6.81	735685	5286438.00
2012/10/29	6.74	6.78	6.64	6.72	375199	2697696.00
2012/10/30	6.79	6.80	6.68	6.69	600962	4339306.00
2012/10/31	6.68	6.69	6.45	6.55	1229700	8620817.00
2012/11/01	6.52	6.76	6.52	6.74	952008	6825342.00
2012/11/02	6.76	6.99	6.62	6.89	1115001	8162056.00
2012/11/05	6.82	6.89	6.75	6.75	684372	4975527.00
2012/11/06	6.73	6.80	6.61	6.68	394487	2820988.00
2012/11/07	6.63	6.75	6.63	6.69	296155	2121642.00
2012/11/08	6.62	6.62	6.43	6.47	828489	5816567.00
2012/11/09	6.47	6.55	6.43	6.52	318508	2218295.00
2012/11/12	6.61	6.61	6.50	6.55	195099	1370202.00
2012/11/13	6.52	6.53	6.41	6.42	495428	3439773.00
2012/11/14	6.41	6.45	6.32	6.40	220922	1516042.00
2012/11/15	6.45	6.47	6.10	6.11	1000133	6743355.00
2012/11/16	6.11	6.26	6.07	6.16	579865	3843079.00
2012/11/19	6.14	6.15	5.91	6.07	406400	2633211.00
2012/11/20	6.10	6.11	6.00	6.07	230738	1508112.00
2012/11/21	6.13	6.13	6.01	6.11	252257	1650228.00
2012/11/22	6.10	6.12	5.97	5.99	340200	2213810.00
2012/11/23	5.99	6.09	5.99	6.07	291444	1901400.00
2012/11/26	6.07	6.07	6.00	6.01	195100	1268508.00
2012/11/27	5.94	5.96	5.77	5.77	329900	2091258.00
2012/11/28	5.75	5.80	5.65	5.67	261772	1617280.00
2012/11/29	5.57	5.73	5.54	5.61	189910	1163142.00
2012/11/30	5.61	5.95	5.60	5.91	760739	4801486.00
2012/12/03	5.91	6.05	5.78	5.79	797903	5154699.00
2012/12/04	5.75	5.80	5.69	5.79	709638	4425108.00
2012/12/05	5.81	6.17	5.77	6.06	982223	6395402.00
2012/12/06	6.06	6.18	5.97	6.08	855637	5624345.00
2012/12/07	6.01	6.24	6.01	6.15	788458	5226212.00
2012/12/10	6.17	6.19	6.05	6.16	1171138	7720128.00
2012/12/11	6.12	6.64	6.07	6.37	2371650	16322568.00
2012/12/12	6.32	6.43	6.23	6.36	1171940	8003988.00
2012/12/13	6.34	6.44	6.29	6.40	907790	6222102.00
2012/12/14	6.36	6.75	6.36	6.68	1220828	8655523.00
2012/12/17	6.70	7.04	6.58	6.81	2056866	15108206.00
2012/12/18	6.81	6.92	6.67	6.75	921130	6669568.00
2012/12/19	6.69	6.81	6.65	6.76	470734	3397324.00
2012/12/20	6.68	6.75	6.62	6.64	484002	3459116.00
2012/12/21	6.66	6.75	6.59	6.64	532025	3797878.00
2012/12/24	6.59	6.82	6.58	6.66	695204	4955039.00
2012/12/25	6.75	6.87	6.57	6.79	2024386	14658851.00
2012/12/26	6.80	6.87	6.70	6.81	1947631	14181869.00
2012/12/27	6.80	7.12	6.70	7.10	2067423	15267133.00
2012/12/28	7.02	7.11	6.81	7.05	2811967	20846976.00
2012/12/31	7.01	7.22	6.95	7.19	1743922	13193961.00
2013/01/04	7.19	7.19	6.87	6.95	1760875	13149250.00
2013/01/07	6.85	6.93	6.74	6.81	2062492	15038989.00
2013/01/08	6.80	7.03	6.75	6.87	2013558	14835166.00
2013/01/09	6.91	6.91	6.72	6.79	1372586	9984103.00
2013/01/10	6.78	6.87	6.74	6.79	947941	6896142.00
2013/01/11	6.78	6.86	6.72	6.75	1328979	9666497.00
2013/01/14	6.77	6.91	6.67	6.90	1477346	10792716.00
2013/01/15	6.91	6.97	6.85	6.95	1672651	12371647.00
2013/01/16	7.03	7.32	6.92	6.99	2266502	17125658.00
2013/01/17	6.95	7.01	6.81	6.84	967100	7120893.00
2013/01/18	6.84	6.94	6.79	6.90	845922	6221166.00
2013/01/21	6.87	7.09	6.87	7.05	1889439	14177330.00
2013/01/22	7.80	7.80	7.80	7.80	4631846	38351684.00
2013/01/23	8.04	8.14	7.54	7.76	11577194	95765464.00
2013/01/24	7.61	7.76	7.55	7.68	6093589	49440028.00
2013/01/25	7.66	7.78	7.52	7.68	3201250	26032012.00
2013/01/28	7.76	7.86	7.58	7.71	6171973	50658568.00
2013/01/29	7.73	7.77	7.65	7.67	3808767	31169968.00
2013/01/30	7.70	7.72	7.56	7.65	3186023	25800428.00
2013/01/31	7.64	7.68	7.49	7.57	1665997	13416744.00
2013/02/01	7.57	7.68	7.55	7.62	2043465	16558015.00
2013/02/04	7.71	7.71	7.57	7.62	1646438	13361493.00
2013/02/05	7.63	7.63	7.47	7.61	2289475	18357250.00
2013/02/06	7.62	8.38	7.49	8.04	7730752	64405520.00
2013/02/07	7.80	8.07	7.80	7.98	4540128	38209932.00
2013/02/08	8.02	8.38	8.02	8.30	6473275	56438516.00
2013/02/18	8.48	9.07	8.48	8.81	10449074	97480336.00
2013/02/19	8.63	8.80	8.52	8.59	4439206	40352056.00
2013/02/20	8.56	8.67	8.45	8.63	2719463	24637984.00
2013/02/21	8.52	8.57	8.32	8.38	4609204	41072632.00
2013/02/22	8.37	8.55	8.33	8.37	2074069	18504760.00
2013/02/25	8.35	8.51	8.01	8.02	5358796	46613468.00
2013/02/26	8.03	8.15	7.93	7.94	3058750	26073044.00
2013/02/27	8.01	8.10	7.94	8.10	2063608	17536326.00
2013/02/28	8.14	8.35	8.07	8.28	4331529	37661844.00
2013/03/01	8.26	8.26	7.98	8.13	5897560	50478616.00
2013/03/04	7.88	7.88	7.27	7.36	6679003	53317864.00
2013/03/05	7.32	7.41	7.20	7.38	6006468	46490208.00
2013/03/06	7.38	7.47	7.28	7.43	3338288	26332558.00
2013/03/07	7.44	7.62	7.38	7.51	2955080	23565076.00
2013/03/08	7.61	7.61	7.33	7.36	1918924	15137531.00
2013/03/11	7.32	7.55	7.32	7.47	1390738	11058035.00
2013/03/12	7.40	7.56	7.22	7.31	2065796	16217902.00
2013/03/13	7.29	7.33	7.09	7.16	2387797	18245228.00
2013/03/14	7.19	7.28	7.12	7.20	1046220	8042246.00
2013/03/15	7.20	7.32	7.08	7.20	1618422	12425102.00
2013/03/18	7.18	7.21	7.03	7.08	1021171	7738857.00
2013/03/19	7.08	7.27	7.04	7.26	1302202	9979341.00
2013/03/20	7.27	7.43	7.20	7.41	1855884	14533478.00
2013/03/21	7.41	7.48	7.31	7.38	2303623	18131404.00
2013/03/22	7.42	7.52	7.32	7.48	1933490	15325113.00
2013/03/25	7.50	7.56	7.39	7.49	1271260	10116373.00
2013/03/26	7.49	7.55	7.30	7.37	1743828	13711140.00
2013/03/27	7.37	7.48	7.36	7.44	1413464	11167242.00
2013/03/28	7.38	7.38	7.09	7.12	2217056	16954580.00
2013/03/29	7.13	7.24	7.10	7.20	1050895	8057806.00
2013/04/01	7.16	7.59	7.13	7.46	2038511	16122326.00
2013/04/02	7.42	7.55	7.37	7.43	1746841	13887304.00
2013/04/03	7.46	7.84	7.32	7.83	5102843	41363428.00
2013/04/08	7.57	7.68	7.37	7.64	4761694	38118852.00
2013/04/09	7.60	7.92	7.57	7.87	4903759	40530136.00
2013/04/10	7.91	7.91	7.65	7.72	2765146	22759728.00
2013/04/11	7.76	7.84	7.63	7.65	1821540	14969892.00
2013/04/12	7.63	7.71	7.56	7.58	1426672	11552330.00
2013/04/15	7.51	7.68	7.51	7.60	1376469	11119221.00
2013/04/16	7.53	7.80	7.34	7.77	1825662	14676442.00
2013/04/17	7.76	7.81	7.67	7.79	2273076	18697380.00
2013/04/18	7.76	7.86	7.66	7.75	2254192	18537734.00
2013/04/19	7.72	7.90	7.72	7.89	4349959	36174808.00
2013/04/22	7.79	8.03	7.79	7.85	3251595	27181408.00
2013/04/23	7.89	7.89	7.44	7.49	3379770	27305236.00
2013/04/24	7.52	7.67	7.47	7.58	2133844	17144282.00
2013/04/25	7.58	7.61	7.36	7.37	1956787	15496864.00
2013/04/26	7.37	7.44	7.28	7.33	1354534	10614278.00
2013/05/02	7.77	8.11	7.69	8.11	8460328	71429496.00
2013/05/03	8.39	8.91	8.32	8.70	20295672	185411008.00
2013/05/06	8.63	9.01	8.55	9.00	14784649	136709328.00
2013/05/07	8.91	8.92	8.70	8.77	7541103	69892560.00
2013/05/08	8.78	8.85	8.67	8.79	7700044	71152184.00
2013/05/09	8.83	8.85	8.37	8.50	9823936	89089272.00
2013/05/10	8.60	8.66	8.46	8.54	7162331	64778856.00
2013/05/13	8.57	8.78	8.40	8.74	5935135	54027908.00
2013/05/14	8.73	8.75	8.49	8.65	4649379	42333948.00
2013/05/15	8.63	8.79	8.61	8.66	3287739	30117016.00
2013/05/16	8.62	9.17	8.50	9.14	9587602	89535224.00
2013/05/17	9.19	9.35	8.99	9.29	10359023	97952288.00
2013/05/20	9.24	9.39	9.10	9.13	8153857	77261384.00
2013/05/21	9.11	9.14	8.94	9.10	5655828	52585352.00
2013/05/22	9.11	9.72	9.00	9.48	12257120	118438688.00
2013/05/23	9.56	9.82	9.34	9.59	11873487	117386776.00
2013/05/24	9.46	9.71	9.46	9.64	5027050	49502680.00
2013/05/27	9.67	10.07	9.64	9.69	6316596	63504508.00
2013/05/28	9.64	10.69	9.58	10.69	14100119	147409808.00
2013/05/29	10.94	11.68	10.77	11.13	24225631	277259584.00
2013/05/30	10.99	11.59	10.99	11.52	16902076	195090912.00
2013/05/31	11.44	11.44	10.91	10.98	12892541	146759504.00
2013/06/03	10.90	11.25	10.58	10.78	11416805	127771752.00
2013/06/04	10.74	10.99	10.54	10.90	8397014	92562384.00
2013/06/05	10.94	11.11	10.81	10.99	6035046	67665296.00
2013/06/06	10.92	11.50	10.81	11.22	11355695	130351856.00
2013/06/07	11.10	11.22	10.20	10.24	10662452	115842864.00
2013/06/13	9.84	9.84	9.19	9.41	7714880	74988832.00
2013/06/14	9.42	9.69	9.26	9.63	5951004	58230072.00
2013/06/17	9.61	9.73	9.34	9.52	4281812	41985064.00
2013/06/18	9.50	9.63	9.47	9.53	4055170	39729976.00
2013/06/19	9.55	9.58	8.86	9.33	6248658	58910456.00
2013/06/20	9.19	9.81	9.18	9.37	7134396	69832912.00
2013/06/21	9.14	9.48	8.84	9.33	4328584	41103688.00
2013/06/24	9.54	9.83	8.82	9.04	10636784	102894376.00
2013/06/25	8.74	9.19	8.11	9.06	10883410	96145856.00
2013/06/26	8.99	9.09	8.74	8.97	8461406	77476632.00
2013/06/27	9.05	9.38	8.89	8.91	9745385	91290784.00
2013/06/28	8.75	9.42	8.64	9.13	9121588	85514272.00
2013/07/01	9.15	9.16	8.81	9.07	6355914	58751224.00
2013/07/02	9.06	9.07	8.84	8.97	5977988	54987048.00
2013/07/03	9.01	9.23	8.87	9.13	8377147	78259936.00
2013/07/04	9.01	9.37	8.89	9.22	9176806	86554656.00
2013/07/05	9.18	9.62	9.15	9.34	12022683	116540896.00
2013/07/08	9.18	9.18	8.73	8.74	6585175	60504092.00
2013/07/09	8.63	8.87	8.44	8.54	4894921	43253832.00
2013/07/10	8.50	8.83	8.37	8.83	6914489	61267744.00
2013/07/11	8.81	9.31	8.72	9.13	9751238	90810256.00
2013/07/12	9.14	9.21	8.79	8.85	7295657	67430216.00
2013/07/15	8.87	9.04	8.80	9.02	5823517	53614180.00
2013/07/16	8.99	9.01	8.81	8.99	5219396	47922388.00
2013/07/17	8.92	9.28	8.83	9.13	9735836	91038328.00
2013/07/18	9.09	9.11	8.84	8.98	6360444	58679620.00
2013/07/19	9.32	9.85	9.15	9.32	18517531	181460352.00
2013/07/22	9.34	9.94	9.11	9.90	13498838	133337464.00
2013/07/23	9.82	10.11	9.65	9.97	12225833	123698624.00
2013/07/24	9.90	9.90	9.60	9.74	8866545	88519808.00
2013/07/25	9.76	9.82	9.38	9.42	6353019	62385344.00
2013/07/26	9.42	9.57	9.24	9.50	4113798	39983592.00
2013/07/29	9.51	9.56	8.94	8.99	5885957	55474848.00
2013/07/30	9.05	9.14	8.77	8.88	4534713	41819904.00
2013/07/31	9.03	9.28	8.95	8.99	4398955	41229456.00
2013/08/01	9.01	9.22	8.94	9.21	4455933	41876804.00
2013/08/02	9.29	9.54	9.28	9.37	5594039	54036784.00
2013/08/05	9.41	9.46	9.21	9.41	4511708	43212120.00
2013/08/06	9.35	9.47	9.22	9.43	5040392	48457608.00
2013/08/07	9.45	9.61	9.39	9.41	7160828	70035616.00
2013/08/08	9.34	9.39	9.16	9.25	3978595	37907992.00
2013/08/09	9.25	9.37	9.11	9.25	3335262	31683828.00
2013/08/12	9.25	9.49	9.15	9.45	4755668	45732288.00
2013/08/13	9.46	10.12	9.38	9.89	11021785	109791312.00
2013/08/14	9.75	9.86	9.62	9.64	8007470	80008080.00
2013/08/15	9.64	9.92	9.59	9.68	5485708	54898144.00
2013/08/16	9.64	9.88	9.35	9.38	6790460	66926468.00
2013/08/19	9.27	9.50	9.20	9.47	2797812	26973474.00
2013/08/20	9.43	9.56	9.30	9.33	3709582	35930912.00
2013/08/21	9.30	9.33	9.08	9.23	4325209	40784044.00
2013/08/22	9.15	9.30	9.11	9.23	3031788	28804740.00
2013/08/23	9.24	9.33	8.93	9.04	3984311	37368584.00
2013/08/26	9.04	9.27	9.04	9.26	2626543	24865046.00
2013/08/27	9.29	9.55	9.20	9.54	5307433	51574392.00
2013/08/28	9.52	9.52	9.33	9.42	4581997	44343968.00
2013/08/29	9.44	9.61	9.30	9.54	5761526	56128160.00
2013/08/30	9.58	9.62	9.38	9.46	7599273	74339688.00
2013/09/02	9.46	9.53	9.02	9.16	5038664	47546564.00
2013/09/03	9.19	9.37	9.09	9.32	3842104	36620476.00
2013/09/04	9.49	9.56	9.29	9.32	4076465	39384232.00
2013/09/05	9.38	9.62	9.38	9.57	7692449	75384928.00
2013/09/06	9.66	9.68	9.41	9.50	4852086	47395604.00
2013/09/09	9.49	9.74	9.43	9.64	6576551	64809968.00
2013/09/10	9.66	9.70	9.54	9.63	5990872	59031152.00
2013/09/11	9.61	9.67	9.43	9.44	5321170	51939488.00
2013/09/12	9.44	9.70	9.35	9.58	5839115	57548140.00
2013/09/13	9.57	10.06	9.48	9.80	10839562	109371584.00
2013/09/16	9.89	9.89	9.56	9.65	6557242	65069424.00
2013/09/17	9.72	9.72	9.36	9.39	3706740	36155480.00
2013/09/18	9.39	9.56	9.38	9.48	2299430	22339404.00
2013/09/23	9.50	9.62	9.46	9.61	3592209	35196072.00
2013/09/24	9.57	9.62	9.40	9.59	4218217	41237920.00
2013/09/25	9.56	9.67	9.50	9.53	4699377	46304364.00
2013/09/26	9.53	9.53	9.11	9.12	3932154	37522844.00
2013/09/27	9.12	9.23	9.04	9.08	1986203	18656572.00
2013/09/30	9.11	9.19	9.10	9.13	1677497	15763109.00
2013/10/08	9.13	9.28	9.02	9.24	2890844	27286740.00
2013/10/09	9.24	9.35	9.20	9.29	3517582	33498784.00
2013/10/10	9.30	9.32	9.11	9.11	2998104	28377644.00
2013/10/11	9.13	9.23	9.11	9.21	3132250	29568936.00
2013/10/14	9.24	9.39	9.19	9.36	4211976	40281320.00
2013/10/15	9.35	9.49	9.17	9.28	3676050	35234672.00
2013/10/16	9.27	9.44	8.60	8.83	4305295	39947504.00
2013/10/17	8.85	8.92	8.74	8.78	2463645	22412672.00
2013/10/18	8.79	8.88	8.78	8.88	1538263	13976241.00
2013/10/21	8.89	9.04	8.76	8.94	2927496	26778488.00
2013/10/22	8.94	9.16	8.88	9.14	4651060	43187140.00
2013/10/23	9.14	10.08	9.14	10.08	33402847	338859328.00
2013/10/24	10.34	11.11	10.09	11.11	38188037	423688032.00
2013/10/25	11.55	11.59	10.63	11.24	35955714	406249824.00
2013/10/28	11.19	11.21	10.77	11.04	26286550	296228000.00
2013/10/29	10.80	10.93	9.94	10.60	28376099	304610880.00
2013/10/30	10.42	10.70	10.23	10.57	17663084	189447056.00
2013/10/31	10.57	10.83	9.84	9.88	18260108	194500608.00
2013/11/01	9.59	9.70	8.97	9.35	15264898	146081440.00
2013/11/04	9.24	9.40	9.21	9.30	7011194	66905356.00
2013/11/05	9.32	9.69	8.98	9.68	11126738	108171464.00
2013/11/06	9.58	9.69	9.39	9.42	8183705	80460160.00
2013/11/07	9.30	9.49	9.20	9.37	5644955	54093424.00
2013/11/08	9.28	9.56	9.16	9.35	7065238	68058072.00
2013/11/11	9.34	9.92	9.17	9.82	9564357	93816192.00
2013/11/12	10.24	10.83	10.06	10.83	12463846	135000848.00
2013/11/13	10.83	10.83	10.04	10.07	28216325	303381472.00
2013/11/14	9.74	10.54	9.54	10.18	17594180	183427984.00
2013/11/15	10.13	11.22	10.05	10.89	28850913	317205760.00
2013/11/18	10.87	11.24	10.64	11.11	24396829	273673792.00
2013/11/19	11.04	11.16	10.75	10.89	14877310	166255872.00
2013/11/20	10.84	11.34	10.84	10.97	14543460	164906560.00
2013/11/21	10.82	10.82	10.47	10.64	13145083	143077728.00
2013/11/22	10.59	10.65	10.11	10.18	12219293	129695800.00
2013/11/25	9.99	10.41	9.87	10.39	8448028	88318512.00
2013/11/26	10.28	10.46	10.10	10.21	5671819	59590568.00
2013/11/27	10.35	11.09	10.25	10.95	19227183	212002432.00
2013/11/28	10.81	11.06	10.67	10.98	12956435	144194288.00
2013/11/29	10.94	11.12	10.82	10.94	8456438	94744688.00
2013/12/02	10.83	10.83	9.98	10.27	11481934	122852160.00
2013/12/03	10.14	11.32	10.05	11.32	12398850	138375232.00
2013/12/04	11.80	12.48	11.80	12.48	17237532	214568416.00
2013/12/05	13.26	13.52	12.17	12.28	45846537	598509184.00
2013/12/06	12.12	12.34	11.64	11.90	23967910	293604896.00
2013/12/09	11.85	12.22	11.75	11.87	12654416	154720560.00
2013/12/10	11.85	12.64	11.79	12.33	24149674	303288384.00
2013/12/11	12.14	12.14	11.44	11.88	15495916	185590976.00
2013/12/12	11.81	11.92	11.59	11.67	9738836	116634336.00
2013/12/13	11.55	12.19	11.46	11.90	12878527	157374048.00
2013/12/16	11.93	12.54	11.62	12.11	16075513	199117424.00
2013/12/17	12.08	12.89	11.92	12.69	23149009	296669152.00
2013/12/18	12.59	12.85	12.29	12.41	10741877	136683312.00
2013/12/19	12.50	12.84	11.87	11.88	14100954	178599792.00
2013/12/20	11.74	12.33	11.63	11.99	10153779	124391840.00
2013/12/23	11.95	12.64	11.74	12.59	12623732	158479856.00
2013/12/24	12.94	13.19	12.05	12.15	13334420	169727712.00
2013/12/25	11.99	12.59	11.96	12.55	10383121	129843712.00
2013/12/26	12.49	12.67	11.43	11.57	17748985	216863520.00
2013/12/27	11.81	11.90	11.52	11.64	9378445	112157560.00
2013/12/30	11.59	11.86	11.34	11.41	8821776	104153984.00
2013/12/31	11.43	11.63	11.32	11.48	6100289	71638840.00
2014/01/02	11.43	11.43	11.15	11.31	6996244	80576304.00
2014/01/03	11.25	11.28	10.95	10.97	6708306	75773656.00
2014/01/06	10.90	10.90	10.27	10.35	6665215	71798144.00
2014/01/07	10.30	10.69	10.16	10.51	5623460	60456132.00
2014/01/08	10.58	10.67	10.16	10.23	5971855	63584636.00
2014/01/09	10.28	10.52	10.20	10.32	5278203	56252968.00
2014/01/10	10.22	10.32	9.84	9.91	4578131	47121756.00
2014/01/13	10.08	10.30	9.95	10.08	3630244	37684460.00
2014/01/14	10.04	10.51	9.90	10.45	5708541	59876716.00
2014/01/15	10.43	10.50	10.21	10.42	4956578	52573180.00
2014/01/16	10.42	10.62	10.24	10.55	6126037	65414004.00
2014/01/17	10.42	10.50	10.09	10.11	3921490	41520656.00
2014/01/20	10.10	10.22	9.94	9.98	2991654	30871686.00
2014/01/21	10.08	10.18	10.01	10.12	2336062	24203338.00
2014/01/22	10.06	10.60	10.06	10.54	6477441	69309200.00
2014/01/23	10.52	10.59	10.36	10.48	4871916	52219836.00
2014/01/24	10.49	11.03	10.39	10.84	9779102	108551304.00
2014/01/27	10.69	10.81	10.56	10.62	5002391	54659184.00
2014/01/28	10.55	10.80	10.44	10.60	3185075	34622264.00
2014/01/29	10.60	10.68	10.52	10.54	2968630	32153408.00
2014/01/30	10.50	10.54	10.18	10.24	3818927	40376392.00
2014/02/07	10.06	10.40	10.04	10.31	3102728	32659334.00
2014/02/10	10.29	10.72	10.29	10.65	5242287	56919736.00
2014/02/11	10.68	10.93	10.53	10.81	7444546	82166272.00
2014/02/12	10.80	11.12	10.68	11.10	9349844	104553984.00
2014/02/13	11.20	11.20	10.62	10.67	7296568	81282664.00
2014/02/14	10.61	10.89	10.61	10.84	4258922	47010392.00
2014/02/17	10.88	10.96	10.74	10.90	6119051	67997408.00
2014/02/18	10.91	11.11	10.66	10.76	9944478	110673200.00
2014/02/19	10.74	11.73	10.59	11.54	20288036	232378096.00
2014/02/20	11.51	11.51	11.15	11.20	9528147	109862768.00
2014/02/21	11.17	11.27	10.92	11.02	6120466	69387608.00
2014/02/24	10.94	10.94	10.24	10.44	8927781	96127800.00
2014/02/25	10.39	10.51	10.09	10.17	6089832	64418884.00
2014/02/26	10.14	10.39	9.96	10.27	3868843	40460612.00
2014/02/27	10.33	10.46	9.90	9.96	4151954	43427036.00
2014/02/28	9.85	10.05	9.69	10.01	3937950	39761940.00
2014/03/03	9.98	10.25	9.90	10.20	2917892	30218888.00
2014/03/04	10.14	10.39	10.07	10.28	3295310	34606760.00
2014/03/05	10.40	10.40	10.09	10.15	2738719	28620512.00
2014/03/06	10.04	10.47	9.85	10.35	5168160	54374292.00
2014/03/07	10.31	10.40	10.17	10.20	2859931	30174216.00
2014/03/10	10.22	10.22	9.79	9.80	2416662	24607718.00
2014/03/11	9.84	10.04	9.73	9.84	2459937	24920212.00
2014/03/12	9.86	10.36	9.77	10.03	3293240	34083824.00
2014/03/13	10.03	10.11	9.90	10.00	2444419	25098030.00
2014/03/14	9.99	10.07	9.89	10.04	1912435	19596012.00
2014/03/17	10.05	10.27	10.05	10.18	2615720	27232124.00
2014/03/18	10.10	10.26	10.06	10.11	1978041	20565860.00
2014/03/19	10.05	10.54	9.85	10.37	5856566	61106536.00
2014/03/20	10.26	11.01	10.13	10.67	8729616	94338352.00
2014/03/21	10.29	10.91	10.27	10.85	10166320	111540456.00
2014/03/24	10.91	11.48	10.80	11.27	16339724	187029040.00
2014/03/25	11.39	11.40	10.82	10.94	10647686	120673584.00
2014/03/26	10.92	11.03	10.65	10.71	5538815	61011968.00
2014/03/27	10.68	11.09	10.64	10.75	6571640	73447088.00
2014/03/28	10.71	11.02	10.35	10.40	6170187	67776240.00
2014/03/31	10.40	10.54	9.94	10.03	4715346	48884728.00
2014/04/01	9.98	10.22	9.98	10.10	3111662	32144598.00
2014/04/02	10.11	10.45	10.11	10.35	4179881	44203272.00
2014/04/03	10.35	10.38	9.95	10.02	4876100	50261452.00
2014/04/04	10.00	10.15	9.97	10.14	2593633	26830562.00
2014/04/08	10.08	10.23	10.03	10.23	2913623	30338552.00
2014/04/09	10.19	10.30	10.11	10.20	3007519	31446440.00
2014/04/10	10.20	10.26	10.04	10.13	4731223	49158800.00
2014/04/11	10.11	10.21	9.99	10.21	3499584	36274544.00
2014/04/14	10.21	10.34	10.12	10.33	3196465	33529608.00
2014/04/15	10.35	10.41	10.16	10.18	3717420	39153492.00
2014/04/16	10.04	10.18	10.02	10.15	1655492	17184696.00
2014/04/17	10.13	10.21	10.09	10.12	1583951	16474460.00
2014/04/18	10.02	10.14	10.02	10.08	1551344	16023402.00
2014/04/21	9.94	10.01	9.67	9.69	4134213	41851296.00
2014/04/22	9.70	9.83	9.57	9.70	2701932	26852936.00
2014/04/23	9.70	9.81	9.64	9.71	1196240	11967990.00
2014/04/24	9.64	9.76	9.55	9.56	1231341	12200560.00
2014/04/25	9.60	9.67	9.24	9.26	1943484	18830380.00
2014/04/28	9.23	9.23	8.89	8.91	2537407	23580532.00
2014/04/29	9.19	9.19	8.86	9.00	1906231	17635410.00
2014/04/30	9.02	9.30	9.02	9.24	1882718	17848304.00
2014/05/05	9.34	9.54	9.18	9.48	2127395	20487400.00
2014/05/06	9.49	9.54	9.36	9.50	1398174	13578349.00
2014/05/07	9.60	9.60	9.23	9.29	1142196	10690161.00
2014/05/08	9.29	9.75	9.27	9.45	2508328	24056104.00
2014/05/09	9.31	9.38	9.20	9.32	1672493	15508418.00
2014/05/12	9.40	9.58	9.32	9.54	1852619	17532862.00
2014/05/13	9.53	9.90	9.50	9.69	2443208	23791872.00
2014/05/14	9.74	9.85	9.61	9.68	1950187	18988062.00
2014/05/15	9.73	9.73	9.39	9.43	1159712	11038125.00
2014/05/16	9.45	9.51	9.38	9.42	773593	7300357.00
2014/05/19	9.42	9.42	9.23	9.38	1004761	9377821.00
2014/05/20	9.38	9.55	9.36	9.42	655039	6174550.00
2014/05/21	9.43	9.52	9.27	9.51	854282	8054885.00
2014/05/22	9.51	9.59	9.46	9.46	1334850	12735163.00
2014/05/23	9.50	9.58	9.44	9.55	1063519	10120596.00
2014/05/26	9.56	9.68	9.50	9.66	1642865	15764433.00
2014/05/27	9.62	9.64	9.50	9.54	1100183	10522297.00
2014/05/28	9.53	9.61	9.44	9.59	1343158	12810346.00
2014/05/29	9.58	9.62	9.35	9.37	1253808	11869033.00
2014/05/30	9.39	9.39	9.23	9.33	1610418	14999897.00
2014/06/03	9.34	9.37	9.26	9.27	1276039	11855510.00
2014/06/04	9.26	9.26	9.18	9.20	1048776	9652623.00
2014/06/05	9.36	9.46	9.24	9.39	1625723	15242368.00
2014/06/06	9.38	9.39	9.27	9.29	936002	8712608.00
2014/06/09	9.23	9.31	9.19	9.26	948133	8770380.00
2014/06/10	9.27	9.38	9.24	9.35	1111504	10346685.00
2014/06/11	9.39	9.41	9.27	9.39	1169098	10924943.00
2014/06/12	9.33	9.38	9.29	9.30	851195	7939348.00
2014/06/13	9.30	9.68	9.28	9.65	4627893	44121512.00
2014/06/16	9.63	9.81	9.57	9.78	6301406	61220524.00
2014/06/17	9.72	9.82	9.60	9.69	5871595	57004320.00
2014/06/18	9.66	9.74	9.56	9.57	2042927	19703466.00
2014/06/19	9.63	9.82	9.50	9.80	7982208	77487696.00
2014/06/20	9.71	9.80	9.66	9.77	5144649	50084252.00
2014/06/23	9.74	9.78	9.63	9.66	3350393	32547704.00
2014/06/24	9.67	9.72	9.52	9.62	2672510	25667578.00
2014/06/25	9.56	9.74	9.53	9.72	2556980	24642156.00
2014/06/26	9.71	9.92	9.67	9.88	5407540	53080956.00
2014/06/27	9.80	9.89	9.73	9.81	3414485	33490252.00
2014/06/30	9.78	9.86	9.76	9.80	2675968	26210088.00
2014/07/01	9.78	9.84	9.68	9.72	2312664	22523036.00
2014/07/02	9.75	9.99	9.67	9.97	4449991	43729584.00
2014/07/03	10.00	10.00	9.85	9.87	4170522	41334588.00
2014/07/04	9.82	9.91	9.82	9.86	1768534	17443436.00
2014/07/07	9.82	10.03	9.80	10.01	3591930	35794008.00
2014/07/08	10.01	10.04	9.92	9.99	1837986	18333854.00
2014/07/09	9.99	9.99	9.65	9.68	2883334	28309442.00
2014/07/10	9.68	9.80	9.58	9.70	2032330	19634096.00
2014/07/11	9.71	9.78	9.66	9.75	1457402	14154732.00
2014/07/14	9.74	9.87	9.73	9.87	1918951	18836958.00
2014/07/15	9.86	9.95	9.77	9.90	2454475	24234456.00
2014/07/16	9.91	10.12	9.86	10.04	5216048	52321320.00
2014/07/17	10.06	10.06	9.89	10.02	2246163	22423622.00
2014/07/18	9.98	10.25	9.92	10.22	5305712	53971824.00
2014/07/21	10.11	10.36	10.08	10.23	6158951	63224660.00
2014/07/22	10.28	10.40	10.18	10.19	3577256	36824056.00
2014/07/23	10.18	10.40	10.13	10.17	3338007	34213808.00
2014/07/24	10.27	10.50	10.07	10.49	4882593	50392376.00
2014/07/25	10.42	10.48	10.32	10.36	3601442	37382824.00
2014/07/28	10.42	10.68	10.38	10.52	5177803	54526484.00
2014/07/29	10.53	10.81	10.52	10.80	6205425	66191488.00
2014/07/30	10.75	10.75	10.58	10.67	3611691	38497224.00
2014/07/31	10.63	10.73	10.48	10.72	3468568	36735772.00
2014/08/01	10.66	11.07	10.55	10.73	4945128	53465920.00
2014/08/04	10.73	10.98	10.59	10.90	3970451	42982776.00
2014/08/05	10.90	10.90	10.71	10.88	3026877	32692308.00
2014/08/06	10.90	10.90	10.72	10.77	2780162	29947568.00
2014/08/07	10.73	10.82	10.43	10.45	3964733	41984840.00
2014/08/08	10.50	10.56	10.41	10.44	3911065	40923472.00
2014/08/11	10.49	10.77	10.47	10.70	4311412	45887808.00
2014/08/12	10.68	10.68	10.56	10.63	4227607	44825728.00
2014/08/13	10.64	10.84	10.58	10.80	4915946	52807872.00
2014/08/14	10.81	11.09	10.81	10.90	7282867	79915376.00
2014/08/15	10.87	11.08	10.79	11.05	4895657	53859656.00
2014/08/18	11.05	11.13	10.96	11.10	4499660	49761640.00
2014/08/19	11.18	11.18	10.94	11.03	3504819	38777752.00
2014/08/20	11.02	11.18	10.90	11.07	3128390	34636380.00
2014/08/21	11.08	11.14	10.96	11.09	2643589	29204602.00
2014/08/22	11.12	11.41	11.10	11.35	4168712	46906100.00
2014/08/25	11.38	11.39	11.20	11.28	2907093	32888640.00
2014/08/26	11.22	11.48	11.14	11.17	4144403	46797564.00
2014/08/27	11.05	11.40	11.05	11.28	2238092	25279854.00
2014/08/28	11.28	11.36	11.03	11.08	2186452	24475368.00
2014/08/29	11.08	11.17	11.03	11.10	1539803	17074070.00
2014/09/01	11.15	11.36	11.10	11.34	2779565	31296072.00
2014/09/02	11.36	11.54	11.25	11.49	3502321	40054008.00
2014/09/03	11.48	11.62	11.43	11.58	3249426	37560900.00
2014/09/04	11.60	11.82	11.56	11.65	2971057	34756420.00
2014/09/05	11.69	12.82	11.68	12.82	16533650	210342848.00
2014/09/09	12.92	13.33	12.60	13.00	11604054	151121200.00
2014/09/10	13.00	13.00	12.73	12.87	5413712	69667024.00
2014/09/11	12.86	13.12	12.68	12.81	5969729	76883376.00
2014/09/12	12.69	13.13	12.69	12.89	5780604	74860080.00
2014/09/15	12.89	12.94	12.69	12.81	6317917	80622408.00
2014/09/16	12.96	13.16	12.22	12.31	7498643	95493312.00
2014/09/17	12.27	12.48	12.10	12.47	4864605	59885888.00
2014/09/18	12.49	12.58	12.34	12.49	3577166	44571632.00
2014/09/22	13.74	13.74	12.90	13.16	31369511	418561184.00
2014/09/23	13.20	13.48	12.72	12.96	16968596	220698368.00
2014/09/24	12.75	12.95	12.67	12.83	11915961	152405728.00
2014/09/25	12.81	13.57	12.78	13.20	16916872	223970192.00
2014/09/26	13.20	13.53	13.08	13.30	13882750	185307408.00
2014/09/29	13.29	13.42	13.13	13.18	7952743	105207208.00
2014/09/30	13.19	13.31	13.05	13.15	4761697	62708748.00
2014/10/08	13.40	13.40	13.06	13.10	5305645	69678568.00
2014/10/09	13.11	13.17	12.76	12.96	7890705	102088544.00
2014/10/10	12.91	13.01	12.81	12.86	4187284	53973448.00
2014/10/13	12.80	13.02	12.75	12.94	3573733	46166084.00
2014/10/14	12.92	13.13	12.76	12.85	3616819	46768756.00
2014/10/15	12.80	12.85	12.60	12.78	2950517	37520140.00
2014/10/16	12.78	12.78	12.50	12.52	3772424	47769192.00
2014/10/17	12.55	12.68	11.95	12.24	4277071	52363464.00
2014/10/20	12.32	12.43	12.19	12.36	2357680	29001424.00
2014/10/21	12.37	12.37	12.00	12.15	3171132	38521172.00
2014/10/22	12.01	12.13	11.78	11.82	3672395	43791680.00
2014/10/23	11.80	11.95	11.70	11.71	2518728	29693156.00
2014/10/24	11.75	11.99	11.67	11.82	1782463	21048108.00
2014/10/27	11.82	11.94	11.75	11.91	1584121	18829342.00
2014/10/28	11.95	12.15	11.88	12.15	5285693	63597412.00
2014/10/29	12.17	12.28	12.08	12.23	4424260	53974836.00
2014/10/30	12.29	12.29	12.01	12.07	4029312	48886832.00
2014/10/31	12.00	12.17	11.96	12.08	3744084	45100648.00
2014/11/03	12.16	12.38	12.08	12.28	3880187	47623716.00
2014/11/04	12.28	12.28	12.10	12.18	2395040	29123990.00
2014/11/05	12.18	12.22	12.11	12.11	2138032	25970684.00
2014/11/06	12.11	12.36	12.02	12.33	3982560	48638456.00
2014/11/07	12.37	12.37	12.01	12.07	3235956	39542076.00
2014/11/10	12.06	12.18	12.02	12.14	2302485	27861656.00
2014/11/11	12.11	12.11	11.48	11.55	5971058	70082744.00
2014/11/12	11.55	11.75	11.53	11.67	3000221	34947764.00
2014/11/13	11.68	11.80	11.51	11.67	2730532	31718632.00
2014/11/14	11.55	11.70	11.37	11.66	1718087	19872570.00
2014/11/17	11.68	12.48	11.66	12.34	7925735	96301352.00
2014/11/18	12.22	12.38	12.02	12.16	4680364	56923944.00
2014/11/19	12.12	12.24	12.01	12.09	2866641	34668156.00
2014/11/20	12.09	12.77	12.05	12.49	10089241	126626368.00
2014/11/21	12.50	12.71	12.32	12.57	5820877	72788448.00
2014/11/24	12.83	13.03	12.64	12.79	10908968	140286656.00
2014/11/25	12.80	13.27	12.70	13.04	9372903	122362784.00
2014/11/26	13.12	13.20	12.72	12.96	5622777	72301352.00
2014/11/27	12.91	12.91	12.59	12.79	5784825	73558800.00
2014/11/28	12.71	12.84	12.61	12.75	4557939	57822108.00
2014/12/01	12.75	13.10	12.56	13.03	9656215	124182816.00
2014/12/02	13.19	13.27	12.93	13.05	6858609	89513280.00
2014/12/03	13.06	13.70	12.92	13.65	14084785	187114096.00
2014/12/04	13.89	13.89	13.33	13.58	16748189	226591280.00
2014/12/05	13.35	13.45	12.50	12.76	10714064	138813776.00
2014/12/08	12.64	13.00	12.51	12.82	7895568	100649136.00
2014/12/09	12.70	12.85	12.18	12.26	8184185	102670232.00
2014/12/10	12.47	12.47	11.90	12.41	8042515	97757200.00
2014/12/11	12.36	12.51	12.20	12.48	4571542	56707216.00
2014/12/12	12.49	12.64	12.43	12.59	4153394	52125700.00
2014/12/15	12.46	12.73	12.40	12.66	6564302	82877184.00
2014/12/16	12.66	12.69	12.32	12.55	7002542	87312664.00
2014/12/17	12.50	12.56	12.25	12.36	5131967	63826208.00
2014/12/18	12.35	12.44	12.10	12.31	4220890	51971124.00
2014/12/19	12.26	12.27	11.86	12.05	3999054	48111772.00
2014/12/22	12.05	12.05	11.01	11.41	5943971	68552464.00
2014/12/23	11.41	11.78	11.30	11.47	3282223	38007852.00
2014/12/24	11.62	11.62	11.38	11.56	2300802	26448334.00
2014/12/25	11.70	11.70	11.48	11.59	3192603	36910308.00
2014/12/26	11.61	11.82	11.60	11.75	2949925	34554368.00
2014/12/29	11.70	12.05	11.67	11.87	4829986	57381980.00
2014/12/30	11.80	11.93	11.51	11.52	2784070	32480600.00
2014/12/31	11.51	11.74	11.30	11.72	3416048	39319064.00
2015/01/05	11.75	12.31	11.68	12.22	6435940	77950728.00
2015/01/06	12.00	12.23	11.89	12.17	4426864	53394808.00
2015/01/07	12.17	12.44	12.05	12.24	4109994	50365192.00
2015/01/08	12.13	12.25	11.94	11.99	2744478	33079920.00
2015/01/09	11.98	12.16	11.82	11.95	3327265	39885864.00
2015/01/12	11.89	11.96	11.53	11.75	3844663	44835288.00
2015/01/13	11.75	12.05	11.65	11.97	2279469	27208868.00
2015/01/14	11.94	12.15	11.93	12.07	2512792	30280768.00
2015/01/15	12.10	12.48	12.01	12.45	5011981	61631940.00
2015/01/16	12.38	12.53	12.21	12.38	5199984	64268152.00
2015/01/19	12.00	12.28	11.61	11.69	4388333	52714192.00
2015/01/20	11.72	12.15	11.72	12.08	2437007	29326220.00
2015/01/21	12.15	12.44	12.08	12.41	4540297	56062588.00
2015/01/22	12.31	12.88	12.31	12.78	9386654	119444400.00
2015/01/23	12.84	13.19	12.84	12.95	10649284	138686240.00
2015/01/26	12.95	13.25	12.85	13.14	6375543	83851848.00
2015/01/27	13.18	13.30	12.92	13.12	7555916	98802880.00
2015/01/28	13.10	13.17	12.91	12.95	4082518	53057716.00
2015/01/29	12.80	13.65	12.72	13.38	10630899	140536336.00
2015/01/30	13.30	13.44	13.01	13.14	7459188	98760688.00
2015/02/02	12.95	14.19	12.90	13.82	15397068	212180240.00
2015/02/03	13.82	14.39	13.82	14.01	15069960	213223936.00
2015/02/04	14.05	14.30	13.70	13.80	9680773	135432224.00
2015/02/05	13.95	14.12	13.70	14.06	11190614	155499536.00
2015/02/06	13.96	14.86	13.88	14.24	10147817	146195856.00
2015/02/09	14.24	14.24	13.47	13.59	6583379	90175496.00
2015/02/10	13.78	13.78	13.20	13.35	5485679	73498040.00
2015/02/11	13.37	13.88	13.26	13.60	8290007	112749392.00
2015/02/12	13.55	13.79	13.48	13.58	5952508	81167704.00
2015/02/13	13.58	14.60	13.58	14.57	10097299	143644496.00
2015/02/16	14.58	14.78	14.18	14.63	10604319	152328880.00
2015/02/17	14.40	14.97	14.38	14.85	7258434	106545824.00
2015/02/25	14.85	14.85	14.46	14.50	3926547	57446536.00
2015/02/26	14.45	14.80	14.41	14.75	4187660	61198484.00
2015/02/27	14.68	15.06	14.68	14.75	3903124	58048992.00
2015/03/02	14.81	14.89	14.46	14.62	5746008	83963992.00
2015/03/03	14.53	14.62	14.10	14.25	7668794	109725560.00
2015/03/04	14.20	14.49	14.12	14.29	6148178	87838280.00
2015/03/05	14.33	14.68	14.10	14.33	8469178	121620584.00
2015/03/06	14.33	14.59	14.19	14.40	4634764	66454088.00
2015/03/09	14.48	15.20	14.31	15.17	10161156	150851936.00
2015/03/10	15.15	15.20	14.86	14.87	5761309	86530504.00
2015/03/11	14.87	14.97	14.63	14.66	5001684	73699440.00
2015/03/12	14.66	14.87	14.39	14.60	5111466	74697248.00
2015/03/13	14.55	14.74	14.50	14.52	4016033	58726736.00
2015/03/16	14.65	15.33	14.65	15.17	8831344	133794008.00
2015/03/17	15.18	15.59	14.99	15.32	8203989	125547064.00
2015/03/18	15.33	15.97	15.30	15.66	6967009	109253512.00
2015/03/19	15.51	15.74	15.21	15.41	7909652	121630632.00
2015/03/20	15.32	15.58	15.31	15.44	5193099	80203024.00
2015/03/23	15.59	15.68	15.36	15.57	9948789	153968048.00
2015/03/24	15.78	15.79	15.00	15.35	8634982	132695400.00
2015/03/25	15.48	15.64	15.22	15.60	7399472	113948672.00
2015/03/26	15.39	17.10	15.15	15.83	14472892	229498608.00
2015/03/27	15.70	16.48	15.70	16.26	10545125	170971712.00
2015/03/30	16.30	16.95	16.09	16.79	14159760	233707408.00
2015/03/31	16.89	16.99	16.18	16.23	12161956	200869472.00
2015/04/01	16.35	16.54	16.11	16.33	10041802	163934976.00
2015/04/02	16.48	16.73	16.20	16.35	7686451	126311704.00
2015/04/03	16.30	16.65	16.14	16.59	10992956	180455600.00
2015/04/07	16.59	17.20	16.52	17.02	12542604	212484688.00
2015/04/08	17.05	17.44	16.62	16.92	11710804	198943072.00
2015/04/09	16.90	16.90	15.90	16.41	9743528	158533472.00
2015/04/10	16.35	16.72	16.02	16.61	8120641	133747432.00
2015/04/13	16.61	17.00	16.38	16.91	11126829	185430704.00
2015/04/14	16.80	16.87	16.30	16.45	10630944	176432480.00
2015/04/15	16.65	16.75	15.70	15.78	11834585	190553984.00
2015/04/16	15.51	15.99	15.32	15.78	7067887	111014800.00
2015/04/17	16.08	16.35	15.71	16.14	11198925	178587984.00
2015/04/20	16.18	16.33	15.58	15.60	10891767	174080336.00
2015/04/21	15.75	16.16	15.56	16.15	8542703	135689648.00
2015/04/22	16.20	17.70	16.20	17.30	18888647	321561472.00
2015/04/23	17.35	17.57	16.92	17.14	13472535	232411904.00
2015/04/24	16.88	17.68	16.80	17.68	13585962	233501008.00
2015/04/27	17.36	17.66	16.83	17.00	16433872	282022944.00
2015/04/28	17.16	17.16	15.95	16.02	12680559	208366704.00
2015/04/29	16.00	16.35	15.87	16.23	7847714	127079976.00
2015/04/30	16.24	16.30	15.93	15.95	7478254	119963560.00
2015/05/05	16.02	16.02	16.02	16.02	0	0.00
数据来源:通达信
