600611 大众交通 日线 前复权
      日期	    开盘	    最高	    最低	    收盘	    成交量	    成交额
2011/10/10	5.37	5.39	5.29	5.30	1318899	7343566.00
2011/10/11	5.44	5.48	5.30	5.35	1871158	10516269.00
2011/10/12	5.35	5.58	5.29	5.57	4505951	25814840.00
2011/10/13	5.56	5.61	5.51	5.58	3244739	18813786.00
2011/10/14	5.57	5.60	5.52	5.58	2481319	14358714.00
2011/10/17	5.61	5.63	5.55	5.59	1910857	11102993.00
2011/10/18	5.54	5.56	5.45	5.45	2823802	16225140.00
2011/10/19	5.45	5.55	5.42	5.43	1492448	8503579.00
2011/10/20	5.42	5.47	5.29	5.38	2877678	16137431.00
2011/10/21	5.35	5.43	5.33	5.33	1469964	8229972.00
2011/10/24	5.38	5.46	5.31	5.46	1840895	10346706.00
2011/10/25	5.46	5.62	5.43	5.58	3415369	19711302.00
2011/10/26	5.53	5.66	5.53	5.62	4341883	25368884.00
2011/10/27	6.21	6.21	6.21	6.21	12031293	77481528.00
2011/10/28	6.42	6.71	6.28	6.60	52400617	349936896.00
2011/10/31	6.52	6.52	6.32	6.43	24684619	164086784.00
2011/11/01	6.32	6.55	6.29	6.51	21062304	140149616.00
2011/11/02	6.37	6.80	6.32	6.73	33794085	231482704.00
2011/11/03	6.62	6.78	6.57	6.59	21177295	145633792.00
2011/11/04	6.58	6.69	6.48	6.61	15419578	104832472.00
2011/11/07	6.59	6.59	6.48	6.51	5577739	37736524.00
2011/11/08	6.51	6.53	6.44	6.45	8188314	54851444.00
2011/11/09	6.45	6.51	6.34	6.51	7186078	47871508.00
2011/11/10	6.42	6.56	6.36	6.46	6537897	43692536.00
2011/11/11	6.45	6.63	6.39	6.45	6062403	40851816.00
2011/11/14	6.55	6.59	6.43	6.55	7288221	49173848.00
2011/11/15	6.56	6.67	6.53	6.62	6130536	41876236.00
2011/11/16	6.63	6.64	6.25	6.27	10258424	67767208.00
2011/11/17	6.28	6.35	6.06	6.09	7542879	48068184.00
2011/11/18	6.16	6.34	6.02	6.04	14641151	93904464.00
2011/11/21	5.92	5.96	5.79	5.94	5158662	31531344.00
2011/11/22	5.85	5.92	5.77	5.88	3393600	20620728.00
2011/11/23	5.92	5.95	5.82	5.84	4711805	28776692.00
2011/11/24	5.84	5.86	5.70	5.75	3161408	18921424.00
2011/11/25	5.77	5.81	5.70	5.72	2290428	13695395.00
2011/11/28	5.72	5.82	5.67	5.74	3358260	20076244.00
2011/11/29	5.81	5.82	5.71	5.80	3618331	21690532.00
2011/11/30	5.78	5.80	5.32	5.45	5365389	31004944.00
2011/12/01	5.65	5.70	5.51	5.54	5805869	33810064.00
2011/12/02	5.50	5.50	5.32	5.36	4231014	23713096.00
2011/12/05	5.37	5.40	5.18	5.23	3419394	18810906.00
2011/12/06	5.22	5.31	5.22	5.29	2338692	12864735.00
2011/12/07	5.28	5.33	5.25	5.30	1659803	9185144.00
2011/12/08	5.30	5.32	5.15	5.28	2732916	14962894.00
2011/12/09	5.23	5.28	5.16	5.19	2064486	11226652.00
2011/12/12	5.20	5.22	5.17	5.19	1509067	8182122.00
2011/12/13	5.20	5.20	4.95	4.99	3053758	16174119.00
2011/12/14	5.00	5.04	4.87	4.90	1688048	8757068.00
2011/12/15	4.88	4.93	4.80	4.87	2750231	14026737.00
2011/12/16	4.87	5.02	4.77	5.00	2805138	14310304.00
2011/12/19	4.97	5.03	4.87	4.99	2087961	10779191.00
2011/12/20	4.99	5.07	4.93	5.02	1825510	9599745.00
2011/12/21	5.07	5.09	4.87	4.87	1952693	10159904.00
2011/12/22	4.79	4.87	4.70	4.85	2713320	13624620.00
2011/12/23	4.84	4.98	4.83	4.92	1671502	8593665.00
2011/12/26	4.98	4.98	4.91	4.92	1333390	6893794.00
2011/12/27	4.92	4.93	4.78	4.81	1531825	7774666.00
2011/12/28	4.79	4.86	4.73	4.84	1629898	8191010.00
2011/12/29	4.85	4.88	4.81	4.85	1536913	7797795.00
2011/12/30	4.87	4.92	4.84	4.92	2357015	12039234.00
2012/01/04	4.94	4.99	4.80	4.81	2104614	10811247.00
2012/01/05	4.78	4.80	4.62	4.64	1791675	8894239.00
2012/01/06	4.63	4.68	4.52	4.56	6834966	32783752.00
2012/01/09	4.57	4.73	4.46	4.72	9774700	47373888.00
2012/01/10	4.67	4.89	4.65	4.87	8201166	41315032.00
2012/01/11	4.85	4.98	4.82	4.91	5717134	29216136.00
2012/01/12	4.88	5.02	4.85	4.90	4571689	23572158.00
2012/01/13	4.93	4.93	4.67	4.70	4222332	21107624.00
2012/01/16	4.64	4.79	4.62	4.63	1879129	9279465.00
2012/01/17	4.64	4.91	4.64	4.90	3810962	19232248.00
2012/01/18	4.90	4.96	4.79	4.82	2723352	13927281.00
2012/01/19	4.80	4.94	4.78	4.90	2776744	14221385.00
2012/01/20	4.90	4.96	4.86	4.95	3560671	18366816.00
2012/01/30	4.96	4.97	4.86	4.88	2260482	11637148.00
2012/01/31	4.88	4.93	4.85	4.91	1263484	6462319.00
2012/02/01	4.91	4.92	4.81	4.82	2037555	10376576.00
2012/02/02	4.84	4.90	4.76	4.89	3290354	16617834.00
2012/02/03	4.89	5.00	4.86	4.99	5334221	27585728.00
2012/02/06	4.99	5.02	4.92	4.97	3860599	20055808.00
2012/02/07	4.95	4.95	4.84	4.88	2803684	14351106.00
2012/02/08	4.83	4.99	4.83	4.98	4472580	23139300.00
2012/02/09	5.00	5.06	4.97	5.01	4836080	25340756.00
2012/02/10	4.99	5.07	4.98	5.04	4246756	22359380.00
2012/02/13	5.01	5.08	4.98	5.06	3967303	20934242.00
2012/02/14	5.12	5.22	5.05	5.07	7007614	37515332.00
2012/02/15	5.09	5.17	5.05	5.16	6604397	35304628.00
2012/02/16	5.16	5.25	5.09	5.24	7137187	38615668.00
2012/02/17	5.24	5.25	5.13	5.15	3949625	21344656.00
2012/02/20	5.19	5.23	5.10	5.11	4152616	22438820.00
2012/02/21	5.12	5.15	5.04	5.14	3736194	19899024.00
2012/02/22	5.13	5.26	5.11	5.23	6157538	33467030.00
2012/02/23	5.22	5.33	5.19	5.30	5930308	32468204.00
2012/02/24	5.30	5.38	5.23	5.36	8216535	45599008.00
2012/02/27	5.38	5.44	5.34	5.40	9109358	51279456.00
2012/02/28	5.38	5.39	5.25	5.32	6185841	34304668.00
2012/02/29	5.31	5.32	5.24	5.25	3918325	21563756.00
2012/03/01	5.22	5.31	5.16	5.26	3420494	18788008.00
2012/03/02	5.29	5.40	5.26	5.36	4591150	25582474.00
2012/03/05	5.38	5.41	5.32	5.34	5467488	30610204.00
2012/03/06	5.32	5.32	5.20	5.25	4049359	22207186.00
2012/03/07	5.15	5.26	5.14	5.22	3844724	20905854.00
2012/03/08	5.23	5.51	5.21	5.44	10884520	61382508.00
2012/03/09	5.55	5.55	5.40	5.46	6698388	38134008.00
2012/03/12	5.45	5.50	5.40	5.47	3949755	22429780.00
2012/03/13	5.47	5.56	5.44	5.53	5662811	32464616.00
2012/03/14	5.55	5.59	5.20	5.26	8542887	48014628.00
2012/03/15	5.25	5.29	5.07	5.12	5153668	27797152.00
2012/03/16	5.15	5.25	5.13	5.22	3851108	20867056.00
2012/03/19	5.18	5.28	5.17	5.27	3371004	18406788.00
2012/03/20	5.25	5.25	5.07	5.11	3377995	18166468.00
2012/03/21	5.15	5.46	5.09	5.40	14052163	77920400.00
2012/03/22	5.33	5.37	5.22	5.30	7555373	41710672.00
2012/03/23	5.27	5.29	5.09	5.14	4247094	22979924.00
2012/03/26	5.14	5.23	5.11	5.22	2658621	14382578.00
2012/03/27	5.22	5.23	5.08	5.09	2591713	13970077.00
2012/03/28	5.09	5.11	4.77	4.81	6381875	32604838.00
2012/03/29	4.81	4.84	4.62	4.69	3843178	19098834.00
2012/03/30	4.70	4.75	4.69	4.73	2013622	9970685.00
2012/04/05	4.78	4.92	4.72	4.84	3353988	16977780.00
2012/04/06	4.84	4.89	4.80	4.86	2967648	15088725.00
2012/04/09	4.84	4.87	4.78	4.79	2197167	11098685.00
2012/04/10	4.78	4.87	4.72	4.86	2599750	13047998.00
2012/04/11	4.79	4.90	4.79	4.89	3078537	15669041.00
2012/04/12	4.88	5.05	4.87	5.04	6032076	31465408.00
2012/04/13	5.03	5.57	5.03	5.43	32093748	181259168.00
2012/04/16	5.27	5.44	5.25	5.33	17072855	94971288.00
2012/04/17	5.29	5.50	5.17	5.19	10822496	59998168.00
2012/04/18	5.23	5.41	5.11	5.33	11509713	63301888.00
2012/04/19	5.37	5.42	5.22	5.27	9016347	49944464.00
2012/04/20	5.26	5.72	5.23	5.58	25295285	144868992.00
2012/04/23	5.58	5.93	5.50	5.69	30233871	181209136.00
2012/04/24	5.61	5.85	5.32	5.77	19313797	112938304.00
2012/04/25	5.82	6.01	5.71	5.81	26439849	161188720.00
2012/04/26	5.80	5.80	5.58	5.67	13825210	82019192.00
2012/04/27	5.68	5.76	5.57	5.59	8540503	50237216.00
2012/05/02	5.69	5.73	5.57	5.63	8590546	50506536.00
2012/05/03	5.60	5.65	5.44	5.55	8288731	47800660.00
2012/05/04	5.53	5.64	5.46	5.62	7217912	41825272.00
2012/05/07	5.56	5.64	5.53	5.63	4735094	27482216.00
2012/05/08	5.62	5.62	5.52	5.57	4934936	28540058.00
2012/05/09	5.54	5.54	5.39	5.41	6233522	35375576.00
2012/05/10	5.45	5.47	5.36	5.42	3804380	21491856.00
2012/05/11	5.42	5.47	5.35	5.37	3804333	21397424.00
2012/05/14	5.41	5.48	5.35	5.37	4783921	27002566.00
2012/05/15	5.35	5.41	5.30	5.40	4407326	24600020.00
2012/05/16	5.39	5.44	5.34	5.35	2825778	15888286.00
2012/05/17	5.35	5.53	5.31	5.52	7753858	44125588.00
2012/05/18	5.45	5.53	5.39	5.43	4846490	27589198.00
2012/05/21	5.46	5.51	5.41	5.45	2492512	14152351.00
2012/05/22	5.46	5.62	5.44	5.58	6258274	36108512.00
2012/05/23	5.62	5.70	5.50	5.58	5920741	34625400.00
2012/05/24	5.57	5.68	5.45	5.65	7978956	46165472.00
2012/05/25	5.61	5.90	5.59	5.74	17623331	105856240.00
2012/05/28	5.72	5.84	5.67	5.79	11879358	71213464.00
2012/05/29	5.82	5.86	5.74	5.76	10368026	62368612.00
2012/05/30	5.76	5.95	5.69	5.81	12328496	74757464.00
2012/06/01	5.81	5.88	5.68	5.80	7834407	47118936.00
2012/06/04	5.67	5.71	5.51	5.52	6655885	38967784.00
2012/06/05	5.54	5.59	5.40	5.46	3952444	22542716.00
2012/06/06	5.54	5.54	5.39	5.41	2388186	13555321.00
2012/06/07	5.47	5.51	5.38	5.41	2580190	14627126.00
2012/06/08	5.46	5.48	5.39	5.44	2708913	15353647.00
2012/06/11	5.45	5.50	5.36	5.49	2964001	16802782.00
2012/06/12	5.48	5.49	5.27	5.29	5315608	29689376.00
2012/06/13	5.31	5.36	5.20	5.35	4794786	26438712.00
2012/06/14	5.32	5.34	5.25	5.31	3222498	17783852.00
2012/06/15	5.31	5.35	5.22	5.27	4156760	22880176.00
2012/06/18	5.29	5.36	5.29	5.32	2375513	13203512.00
2012/06/19	5.32	5.35	5.26	5.29	1763531	9752712.00
2012/06/20	5.29	5.33	5.19	5.20	2618989	14324257.00
2012/06/21	5.20	5.28	5.10	5.26	3848020	20805628.00
2012/06/25	5.22	5.22	5.07	5.09	1740492	9370750.00
2012/06/26	5.11	5.14	5.06	5.09	1781392	9495106.00
2012/06/27	5.13	5.13	4.98	4.98	2433700	12847458.00
2012/06/28	5.01	5.06	4.93	4.97	2434592	12704745.00
2012/06/29	4.90	5.02	4.87	5.01	3268406	16957584.00
2012/07/02	5.04	5.08	4.96	4.99	2494400	13079642.00
2012/07/03	5.01	5.06	4.96	4.99	2383132	12496481.00
2012/07/04	4.99	5.03	4.94	4.96	1646838	8575891.00
2012/07/05	4.93	4.93	4.77	4.78	3155057	15954588.00
2012/07/06	4.83	4.91	4.72	4.89	2811318	14206096.00
2012/07/09	4.89	4.90	4.74	4.75	1981860	9863244.00
2012/07/10	4.79	4.79	4.71	4.79	1501196	7384936.00
2012/07/11	4.80	4.87	4.77	4.85	1767799	8819370.00
2012/07/12	4.85	4.90	4.74	4.89	3016319	15069505.00
2012/07/13	4.86	4.92	4.80	4.81	1854400	9294834.00
2012/07/16	4.83	4.84	4.65	4.66	2970271	14535173.00
2012/07/17	4.64	4.73	4.62	4.69	1801236	8698615.00
2012/07/18	4.69	4.72	4.62	4.71	1369948	6628761.00
2012/07/19	4.71	4.98	4.67	4.89	5392082	27293240.00
2012/07/20	4.90	4.93	4.81	4.82	2260393	11349400.00
2012/07/23	4.79	4.83	4.67	4.77	2255994	11087041.00
2012/07/24	4.75	4.86	4.70	4.84	1855300	9175761.00
2012/07/25	4.82	4.83	4.73	4.78	1631629	8056041.00
2012/07/26	4.79	4.82	4.70	4.71	1526950	7526420.00
2012/07/27	4.74	4.77	4.70	4.72	1135095	5551321.00
2012/07/30	4.73	4.77	4.64	4.65	1521566	7361872.00
2012/07/31	4.66	4.68	4.59	4.60	1510150	7236829.00
2012/08/01	4.60	4.69	4.59	4.65	1481603	7125932.00
2012/08/02	4.67	4.67	4.59	4.61	1427664	6826754.00
2012/08/03	4.60	4.72	4.60	4.70	1987845	9600418.00
2012/08/06	4.74	4.84	4.72	4.82	2964885	14692267.00
2012/08/07	4.81	4.86	4.77	4.83	1684477	8373465.00
2012/08/08	4.83	4.85	4.79	4.80	1303432	6484459.00
2012/08/09	4.81	4.88	4.77	4.85	1824110	9102598.00
2012/08/10	4.84	4.85	4.79	4.82	1363362	6781794.00
2012/08/13	4.82	4.84	4.67	4.72	2000800	9820185.00
2012/08/14	4.70	4.72	4.64	4.71	1748451	8444654.00
2012/08/15	4.69	4.71	4.64	4.67	1336196	6442921.00
2012/08/16	4.65	4.67	4.61	4.64	1708287	8191073.00
2012/08/17	4.63	4.64	4.59	4.62	1647845	7863969.00
2012/08/20	4.62	4.62	4.55	4.61	1254417	5935860.00
2012/08/21	4.61	4.67	4.59	4.66	1563433	7502231.00
2012/08/22	4.67	4.67	4.60	4.63	1225271	5865954.00
2012/08/23	4.63	4.68	4.61	4.67	1514940	7282324.00
2012/08/24	4.67	4.67	4.55	4.56	1767649	8406814.00
2012/08/27	4.55	4.56	4.44	4.48	2199767	10196295.00
2012/08/28	4.45	4.57	4.45	4.51	1538208	7155014.00
2012/08/29	4.51	4.51	4.46	4.48	947895	4402320.00
2012/08/30	4.46	4.53	4.40	4.44	1400278	6470316.00
2012/08/31	4.47	4.47	4.42	4.45	890985	4099480.00
2012/09/03	4.43	4.52	4.41	4.50	1644173	7633975.00
2012/09/04	4.50	4.52	4.45	4.49	997881	4636852.00
2012/09/05	4.44	4.51	4.44	4.50	879859	4086249.00
2012/09/06	4.50	4.54	4.50	4.53	982862	4596441.00
2012/09/07	4.54	4.76	4.54	4.70	4023652	19441256.00
2012/09/10	4.71	4.74	4.67	4.69	2844901	13848369.00
2012/09/11	4.69	4.69	4.61	4.63	1779711	8532471.00
2012/09/12	4.64	4.71	4.63	4.67	1836292	8847149.00
2012/09/13	4.67	4.68	4.60	4.61	1857800	8926774.00
2012/09/14	4.64	4.66	4.60	4.65	1820666	8735046.00
2012/09/17	4.66	4.67	4.47	4.53	1804972	8565716.00
2012/09/18	4.50	4.54	4.46	4.48	1075160	5001707.00
2012/09/19	4.48	4.54	4.47	4.53	1245005	5813900.00
2012/09/20	4.51	4.62	4.48	4.49	2421895	11336589.00
2012/09/21	4.48	4.52	4.44	4.46	1471769	6818356.00
2012/09/24	4.44	4.51	4.40	4.48	1317771	6089338.00
2012/09/25	4.45	4.49	4.42	4.45	862395	3971481.00
2012/09/26	4.45	4.47	4.38	4.40	1055240	4819763.00
2012/09/27	4.40	4.52	4.38	4.49	2152923	9961871.00
2012/09/28	4.47	4.53	4.45	4.52	1765670	8230966.00
2012/10/08	4.53	4.56	4.48	4.55	1460357	6832961.00
2012/10/09	4.53	4.73	4.53	4.69	4262722	20487264.00
2012/10/10	4.65	4.75	4.63	4.73	3352050	16271388.00
2012/10/11	4.89	4.99	4.68	4.68	8824330	44018380.00
2012/10/12	4.62	4.71	4.58	4.62	3737821	17919656.00
2012/10/15	4.62	4.67	4.60	4.63	1812083	8692456.00
2012/10/16	4.64	4.66	4.59	4.63	1953257	9360152.00
2012/10/17	4.64	4.68	4.57	4.59	1675621	7987488.00
2012/10/18	4.60	4.68	4.59	4.67	2819561	13554192.00
2012/10/19	4.67	4.69	4.64	4.66	1586786	7648556.00
2012/10/22	4.65	4.67	4.59	4.66	1481883	7116138.00
2012/10/23	4.64	4.67	4.60	4.60	1505341	7217615.00
2012/10/24	4.62	4.70	4.59	4.70	3323048	16024211.00
2012/10/25	4.66	4.74	4.64	4.65	2091201	10131743.00
2012/10/26	4.65	4.65	4.52	4.53	1900764	8993574.00
2012/10/29	4.59	4.60	4.50	4.51	1371617	6467265.00
2012/10/30	4.53	4.60	4.52	4.58	1590101	7519424.00
2012/10/31	4.59	4.62	4.56	4.59	1291264	6142242.00
2012/11/01	4.63	4.70	4.59	4.67	2281402	10999492.00
2012/11/02	4.67	4.71	4.65	4.68	1575701	7627623.00
2012/11/05	4.66	4.71	4.65	4.68	1874419	9078107.00
2012/11/06	4.71	4.71	4.60	4.65	1877457	9004830.00
2012/11/07	4.65	4.67	4.61	4.62	771278	3699985.00
2012/11/08	4.60	4.60	4.50	4.52	2052120	9659512.00
2012/11/09	4.52	4.55	4.48	4.51	854841	3994415.00
2012/11/12	4.51	4.55	4.50	4.54	955037	4474483.00
2012/11/13	4.53	4.56	4.46	4.46	1161900	5406471.00
2012/11/14	4.48	4.56	4.46	4.55	1051958	4901526.00
2012/11/15	4.50	4.54	4.45	4.45	1041113	4839798.00
2012/11/16	4.45	4.47	4.40	4.43	1567669	7187476.00
2012/11/19	4.43	4.48	4.40	4.46	756836	3473375.00
2012/11/20	4.47	4.49	4.41	4.44	968029	4457504.00
2012/11/21	4.43	4.50	4.42	4.49	1333068	6167375.00
2012/11/22	4.47	4.48	4.42	4.44	750978	3462390.00
2012/11/23	4.44	4.49	4.43	4.48	883360	4087224.00
2012/11/26	4.46	4.48	4.41	4.42	725222	3335762.00
2012/11/27	4.41	4.44	4.25	4.27	2539775	11396951.00
2012/11/28	4.26	4.27	4.16	4.19	1291606	5636111.00
2012/11/29	4.19	4.23	4.11	4.12	1697392	7348058.00
2012/11/30	4.12	4.19	4.11	4.17	1533385	6611879.00
2012/12/03	4.17	4.19	4.03	4.05	1337800	5722781.00
2012/12/04	4.07	4.11	4.01	4.10	1588254	6696873.00
2012/12/05	4.09	4.29	4.07	4.23	2886759	12613941.00
2012/12/06	4.23	4.25	4.18	4.19	1442380	6302175.00
2012/12/07	4.19	4.29	4.17	4.27	2340903	10327631.00
2012/12/10	4.28	4.34	4.27	4.32	2519528	11254402.00
2012/12/11	4.30	4.32	4.25	4.25	2435815	10816690.00
2012/12/12	4.28	4.31	4.25	4.28	1455330	6467144.00
2012/12/13	4.30	4.36	4.28	4.29	2683642	12018438.00
2012/12/14	4.28	4.47	4.27	4.47	5501552	25167628.00
2012/12/17	4.49	4.59	4.47	4.50	3899521	18283700.00
2012/12/18	4.51	4.59	4.47	4.53	4098192	19245916.00
2012/12/19	4.49	4.54	4.47	4.50	1816699	8475351.00
2012/12/20	4.49	4.53	4.46	4.50	2011025	9357299.00
2012/12/21	4.49	4.54	4.42	4.43	3435398	15919960.00
2012/12/24	4.41	4.53	4.25	4.41	5043447	22928964.00
2012/12/25	4.38	4.54	4.34	4.52	7113468	32958140.00
2012/12/26	4.52	4.69	4.49	4.63	7374511	35241520.00
2012/12/27	4.64	4.68	4.56	4.57	4174145	19867996.00
2012/12/28	4.56	4.66	4.54	4.65	3497257	16676651.00
2012/12/31	4.65	4.71	4.62	4.67	4473759	21585380.00
2013/01/04	4.69	4.73	4.59	4.73	5977439	28882968.00
2013/01/07	4.70	4.71	4.62	4.68	5227368	25190664.00
2013/01/08	4.65	4.71	4.65	4.70	4221966	20431970.00
2013/01/09	4.69	4.71	4.60	4.67	5050169	24425608.00
2013/01/10	4.68	4.70	4.65	4.67	2743231	13259599.00
2013/01/11	4.68	4.71	4.55	4.55	4984344	23921640.00
2013/01/14	4.54	4.69	4.52	4.67	4422855	21137776.00
2013/01/15	4.67	4.76	4.66	4.73	6056805	29539264.00
2013/01/16	4.74	4.75	4.65	4.71	5353043	26032028.00
2013/01/17	4.70	4.71	4.62	4.65	3666013	17664482.00
2013/01/18	4.67	4.72	4.65	4.70	4788133	23228512.00
2013/01/21	4.73	4.77	4.69	4.72	5385207	26306610.00
2013/01/22	4.75	4.83	4.73	4.78	11180594	55338272.00
2013/01/23	4.81	5.13	4.81	4.96	17928429	91865272.00
2013/01/24	4.95	4.96	4.63	4.73	14839481	73854832.00
2013/01/25	4.69	4.75	4.64	4.65	3905942	18909220.00
2013/01/28	4.62	4.77	4.62	4.76	5450095	26624164.00
2013/01/29	4.77	4.87	4.76	4.82	5979400	29830456.00
2013/01/30	4.88	4.99	4.86	4.91	9101530	46330844.00
2013/01/31	4.88	4.91	4.81	4.88	5204024	26079252.00
2013/02/01	4.86	5.22	4.81	5.15	14905177	77249992.00
2013/02/04	5.17	5.44	5.13	5.19	24518030	133606704.00
2013/02/05	5.13	5.29	5.07	5.27	10919231	58779056.00
2013/02/06	5.25	5.41	5.23	5.29	11430156	62643428.00
2013/02/07	5.31	5.36	5.12	5.21	8956536	48311704.00
2013/02/08	5.19	5.27	5.15	5.23	5304914	28539944.00
2013/02/18	5.23	5.25	5.11	5.13	5838892	31117904.00
2013/02/19	5.13	5.15	4.98	5.00	6054204	31419108.00
2013/02/20	5.01	5.09	4.98	5.09	4219321	21961252.00
2013/02/21	5.04	5.04	4.89	4.92	5731906	29277608.00
2013/02/22	4.94	4.96	4.89	4.91	3372599	17134678.00
2013/02/25	4.92	5.13	4.92	5.07	8468030	44213760.00
2013/02/26	5.04	5.05	4.92	4.93	6390019	32767822.00
2013/02/27	4.92	5.03	4.90	4.96	4611293	23587234.00
2013/02/28	4.97	5.10	4.95	5.09	5650252	29363152.00
2013/03/01	5.10	5.20	5.05	5.17	9250927	49008052.00
2013/03/04	5.11	5.11	4.87	4.92	9546776	49140360.00
2013/03/05	4.89	5.03	4.89	5.03	5570465	28552780.00
2013/03/06	5.03	5.06	5.01	5.04	4140046	21516658.00
2013/03/07	5.04	5.05	4.93	4.95	4869568	25052540.00
2013/03/08	4.95	4.98	4.88	4.91	3797936	19273380.00
2013/03/11	4.91	4.95	4.89	4.92	2115941	10755306.00
2013/03/12	4.91	5.01	4.80	4.83	4586592	23171020.00
2013/03/13	4.82	4.93	4.75	4.79	2690768	13389275.00
2013/03/14	4.81	4.85	4.79	4.82	1908408	9502529.00
2013/03/15	4.82	4.92	4.76	4.80	2853268	14241421.00
2013/03/18	4.80	4.82	4.68	4.71	3454762	16911034.00
2013/03/19	4.72	4.76	4.65	4.72	2305636	11189649.00
2013/03/20	4.73	4.85	4.69	4.85	4265685	21188148.00
2013/03/21	4.84	4.90	4.81	4.84	3707900	18594298.00
2013/03/22	4.86	4.89	4.82	4.87	4065084	20379930.00
2013/03/25	4.90	4.94	4.84	4.88	3455617	17420744.00
2013/03/26	4.88	4.88	4.75	4.79	3727078	18457892.00
2013/03/27	4.82	4.87	4.80	4.85	2697875	13480022.00
2013/03/28	4.82	5.02	4.68	4.84	9109887	45604232.00
2013/03/29	4.82	4.98	4.75	4.94	10648049	53827608.00
2013/04/01	4.89	4.95	4.84	4.90	5237579	26540896.00
2013/04/02	4.90	5.00	4.87	4.98	9200996	46929772.00
2013/04/03	5.00	5.02	4.80	4.81	7006621	35323128.00
2013/04/08	4.71	4.71	4.59	4.65	5335868	25619512.00
2013/04/09	4.66	4.77	4.66	4.68	2649903	12863213.00
2013/04/10	4.72	4.72	4.64	4.66	1716305	8280060.00
2013/04/11	4.72	4.72	4.62	4.62	1691038	8154108.00
2013/04/12	4.63	4.66	4.53	4.54	3003395	14255155.00
2013/04/15	4.56	4.57	4.48	4.50	1499401	6995823.00
2013/04/16	4.47	4.55	4.43	4.55	2237689	10443279.00
2013/04/17	4.54	4.58	4.51	4.54	1581502	7446131.00
2013/04/18	4.53	4.56	4.50	4.53	1979637	9270583.00
2013/04/19	4.52	4.70	4.52	4.65	3926317	18852768.00
2013/04/22	4.61	4.64	4.59	4.62	2401403	11456011.00
2013/04/23	4.60	4.62	4.48	4.49	3529500	16565745.00
2013/04/24	4.49	4.58	4.49	4.55	1786396	8407862.00
2013/04/25	4.59	4.59	4.52	4.57	2886736	13619986.00
2013/04/26	4.67	4.83	4.62	4.65	7880439	38493044.00
2013/05/02	4.58	4.59	4.46	4.54	3488304	16379097.00
2013/05/03	4.55	4.66	4.53	4.59	3115809	14860856.00
2013/05/06	4.60	4.66	4.59	4.64	2559776	12259807.00
2013/05/07	4.64	4.79	4.62	4.75	4467822	21743348.00
2013/05/08	4.73	4.79	4.69	4.71	2814156	13729657.00
2013/05/09	4.71	4.73	4.63	4.66	2669502	12872086.00
2013/05/10	4.64	4.70	4.63	4.68	1966951	9495337.00
2013/05/13	4.69	4.77	4.65	4.67	2555447	12390453.00
2013/05/14	4.65	4.68	4.59	4.60	2132304	10181512.00
2013/05/15	4.60	4.71	4.60	4.65	2167294	10453158.00
2013/05/16	4.63	4.70	4.60	4.69	3407970	16448883.00
2013/05/17	4.67	4.76	4.67	4.74	4395869	21476848.00
2013/05/20	4.74	4.80	4.72	4.77	4103160	20210644.00
2013/05/21	4.75	4.84	4.74	4.83	4385806	21729344.00
2013/05/22	4.82	4.84	4.76	4.78	4202029	20807984.00
2013/05/23	4.78	4.83	4.73	4.75	4322759	21358098.00
2013/05/24	4.75	4.87	4.74	4.85	4847692	24103922.00
2013/05/27	4.82	4.88	4.80	4.84	3334906	16638516.00
2013/05/28	4.83	4.86	4.76	4.85	3472274	17294536.00
2013/05/29	4.90	5.01	4.89	4.92	7464313	38089184.00
2013/05/30	4.92	5.05	4.88	5.02	8283224	42525032.00
2013/05/31	4.99	5.44	4.93	5.28	29738988	159971344.00
2013/06/03	5.39	5.82	5.35	5.82	70045018	413294560.00
2013/06/04	5.64	5.74	5.47	5.55	35261327	203422016.00
2013/06/05	5.57	5.97	5.57	5.83	40685921	242289472.00
2013/06/06	5.78	5.83	5.65	5.77	19325883	113459192.00
2013/06/07	5.76	5.81	5.35	5.41	23797014	134808464.00
2013/06/13	5.34	5.96	5.22	5.90	41342786	241656080.00
2013/06/14	5.84	6.19	5.80	6.08	42174631	262387424.00
2013/06/17	6.09	6.29	5.84	6.02	29059414	180670048.00
2013/06/18	5.92	6.17	5.91	5.97	18108866	111836864.00
2013/06/19	6.08	6.37	5.94	5.99	30018263	188515296.00
2013/06/20	5.89	5.94	5.51	5.55	26317221	153607376.00
2013/06/21	5.42	5.68	5.38	5.59	15876447	90520976.00
2013/06/24	5.51	5.55	5.02	5.02	21363314	115103024.00
2013/06/25	4.95	5.19	4.70	5.12	24289171	126548048.00
2013/06/26	5.14	5.20	4.89	5.16	15996073	83799744.00
2013/06/27	5.14	5.21	4.88	4.90	15560096	81329816.00
2013/06/28	4.85	5.09	4.79	4.95	11401127	58208460.00
2013/07/01	4.95	5.07	4.87	5.07	8165390	41986248.00
2013/07/02	5.09	5.14	4.99	5.12	10211540	53403440.00
2013/07/03	5.08	5.64	5.00	5.60	29752060	164586992.00
2013/07/04	5.47	5.72	5.40	5.48	19731125	112397608.00
2013/07/05	5.50	5.90	5.50	5.76	29939649	176232800.00
2013/07/08	5.72	5.93	5.46	5.51	24984369	146056768.00
2013/07/09	5.52	5.67	5.30	5.63	16716796	94360160.00
2013/07/10	5.54	5.73	5.50	5.71	16904796	98341104.00
2013/07/11	5.71	6.00	5.66	5.88	23067340	138529152.00
2013/07/12	5.87	5.94	5.74	5.75	16472385	98616624.00
2013/07/15	5.77	5.87	5.60	5.76	15235101	88761488.00
2013/07/16	5.73	5.96	5.70	5.84	13377836	79037776.00
2013/07/17	5.78	5.78	5.53	5.55	15026747	86213792.00
2013/07/18	5.49	5.60	5.46	5.51	8498084	47524140.00
2013/07/19	5.52	5.58	5.26	5.27	10559694	58081084.00
2013/07/22	5.17	5.49	5.17	5.46	8681387	47406952.00
2013/07/23	5.42	5.61	5.40	5.55	10000142	56223488.00
2013/07/24	5.55	5.58	5.35	5.48	9013977	49953408.00
2013/07/25	5.46	5.71	5.43	5.51	9781018	55246700.00
2013/07/26	5.49	5.88	5.44	5.83	23952676	139844720.00
2013/07/29	5.72	5.84	5.64	5.79	14701477	85795504.00
2013/07/30	5.81	5.85	5.57	5.67	9960892	57513796.00
2013/07/31	5.64	5.75	5.58	5.59	6850605	39254772.00
2013/08/01	5.58	5.75	5.50	5.72	13397591	76389176.00
2013/08/02	5.70	5.81	5.62	5.67	11316132	65784296.00
2013/08/05	5.63	5.77	5.56	5.76	10549271	60776140.00
2013/08/06	5.73	5.87	5.70	5.77	12743510	75020616.00
2013/08/07	5.81	6.06	5.75	5.97	27095384	163627504.00
2013/08/08	5.93	5.97	5.80	5.88	13638233	81141968.00
2013/08/09	5.90	5.94	5.67	5.79	11137233	65415560.00
2013/08/12	5.78	5.86	5.74	5.86	9876918	58244060.00
2013/08/13	5.88	5.88	5.74	5.83	8482183	49853440.00
2013/08/14	5.81	5.96	5.74	5.85	14969342	89053632.00
2013/08/15	5.94	6.25	5.94	5.99	27292923	168315792.00
2013/08/16	5.93	6.19	5.71	5.72	23139416	139530624.00
2013/08/19	5.59	5.72	5.49	5.68	13380260	76295432.00
2013/08/20	5.70	5.74	5.56	5.61	9546569	54622576.00
2013/08/21	5.60	5.75	5.57	5.74	7549447	43248084.00
2013/08/22	5.70	5.80	5.66	5.69	7520997	43704452.00
2013/08/23	5.76	5.88	5.60	5.71	12859367	75184984.00
2013/08/26	5.77	6.03	5.73	6.00	23655500	143005792.00
2013/08/27	6.00	6.31	6.00	6.10	33286804	207429008.00
2013/08/28	6.03	6.72	6.01	6.72	42147858	277355168.00
2013/08/29	6.82	7.00	6.49	6.60	59524507	404400864.00
2013/08/30	6.55	7.26	6.52	6.93	67340905	474301536.00
2013/09/02	6.92	7.02	6.31	6.46	43208302	286998208.00
2013/09/03	6.48	6.65	6.35	6.54	22540341	148756144.00
2013/09/04	6.47	6.92	6.43	6.72	28977733	195850976.00
2013/09/05	6.65	6.65	6.42	6.48	20480985	134900240.00
2013/09/06	6.62	6.82	6.57	6.69	30616614	207674704.00
2013/09/09	6.74	7.29	6.62	6.82	39084517	274140960.00
2013/09/10	6.82	7.27	6.75	7.09	46608078	333913312.00
2013/09/11	7.10	7.22	6.83	7.00	35352259	250339856.00
2013/09/12	6.90	7.41	6.83	7.37	50662412	369530944.00
2013/09/13	7.37	7.41	7.02	7.10	40879304	296951904.00
2013/09/16	7.13	7.22	7.01	7.11	20466465	146834640.00
2013/09/17	7.07	7.39	6.78	6.97	39505237	283139136.00
2013/09/18	6.96	7.06	6.82	6.97	21556700	151568496.00
2013/09/23	7.00	7.17	6.91	7.16	24442976	174874096.00
2013/09/24	7.18	7.78	7.09	7.58	56070950	428435104.00
2013/09/25	7.50	7.60	7.23	7.32	39029690	293126016.00
2013/09/26	7.27	7.27	6.58	6.58	33335893	230748640.00
2013/09/27	6.50	6.93	6.47	6.75	19901891	135198176.00
2013/09/30	6.85	6.93	6.74	6.80	11121471	76957184.00
2013/10/08	6.72	6.85	6.57	6.82	14951244	101403120.00
2013/10/09	6.76	6.83	6.69	6.80	12692849	86759792.00
2013/10/10	6.89	7.21	6.89	7.01	26144342	186363904.00
2013/10/11	7.00	7.32	6.97	7.29	33249752	242337664.00
2013/10/14	7.23	7.24	7.00	7.08	27315965	195497552.00
2013/10/15	7.12	7.47	7.06	7.35	33037354	242895648.00
2013/10/16	7.25	7.29	6.66	6.84	28428627	200307152.00
2013/10/17	6.94	7.00	6.73	6.82	13205446	92141208.00
2013/10/18	6.80	6.83	6.62	6.68	11196965	76012352.00
2013/10/21	6.67	6.86	6.60	6.77	11972455	81808856.00
2013/10/22	6.77	6.80	6.52	6.57	16100728	108122944.00
2013/10/23	6.58	6.64	6.32	6.38	13061914	85359600.00
2013/10/24	6.38	6.44	6.22	6.24	8176265	52396408.00
2013/10/25	6.25	6.34	6.02	6.12	10230772	63645320.00
2013/10/28	6.12	6.18	6.04	6.10	5579498	34506016.00
2013/10/29	6.10	6.21	5.75	5.94	10643657	64221648.00
2013/10/30	5.97	6.08	5.93	6.08	6884740	41997344.00
2013/10/31	6.12	6.24	6.09	6.14	10109712	63209864.00
2013/11/01	6.14	6.15	5.96	6.11	6912367	42336148.00
2013/11/04	6.12	6.18	6.08	6.11	4358423	27057920.00
2013/11/05	6.16	6.31	6.13	6.30	12202349	77176264.00
2013/11/06	6.26	6.38	6.14	6.19	7747122	49081752.00
2013/11/07	6.16	6.22	6.00	6.06	5273576	32414788.00
2013/11/08	6.05	6.11	5.92	6.04	5443998	33273212.00
2013/11/11	6.00	6.02	5.88	5.91	4752009	28598924.00
2013/11/12	5.97	6.02	5.93	5.99	4424118	26797436.00
2013/11/13	6.00	6.00	5.70	5.72	8059487	47579232.00
2013/11/14	5.72	5.77	5.57	5.74	8589515	49245764.00
2013/11/15	5.72	6.07	5.72	5.94	11635060	70159464.00
2013/11/18	6.07	6.20	6.01	6.17	11306059	70046320.00
2013/11/19	6.18	6.21	6.07	6.10	6529067	40581848.00
2013/11/20	6.16	6.18	6.05	6.15	7737594	47838740.00
2013/11/21	6.12	6.27	6.02	6.19	14499130	90145568.00
2013/11/22	6.17	6.26	6.11	6.19	12953894	81249256.00
2013/11/25	6.15	6.24	6.05	6.08	9105276	56572796.00
2013/11/26	6.14	6.39	6.08	6.31	19606364	124705400.00
2013/11/27	6.33	6.42	6.26	6.35	18360200	117883880.00
2013/11/28	6.32	6.42	6.29	6.38	16219013	104419880.00
2013/11/29	6.37	6.43	6.26	6.30	9858622	63110116.00
2013/12/02	6.52	6.87	6.43	6.66	46132428	310763136.00
2013/12/03	6.52	6.62	6.33	6.60	21504728	141635344.00
2013/12/04	6.57	6.87	6.52	6.69	29028865	197962896.00
2013/12/05	6.62	6.77	6.59	6.65	15697988	105995216.00
2013/12/06	6.62	6.82	6.59	6.76	18984339	129851824.00
2013/12/09	6.77	6.83	6.63	6.64	12586076	85488024.00
2013/12/10	6.64	6.87	6.64	6.77	17313697	118977696.00
2013/12/11	6.74	6.74	6.44	6.50	13086247	86980128.00
2013/12/12	6.50	6.64	6.42	6.53	10261986	67909496.00
2013/12/13	6.45	6.59	6.45	6.58	6742582	44588528.00
2013/12/16	6.57	6.60	6.33	6.36	7210226	47015124.00
2013/12/17	6.34	6.40	6.30	6.33	4624759	29676790.00
2013/12/18	6.34	6.46	6.34	6.39	6000627	38920900.00
2013/12/19	6.37	6.44	6.22	6.25	5675761	36249296.00
2013/12/20	6.25	6.35	6.06	6.10	7248750	45528228.00
2013/12/23	6.11	6.15	5.94	5.99	5544823	33859332.00
2013/12/24	6.02	6.09	5.94	6.00	4507496	27502060.00
2013/12/25	5.98	6.01	5.86	5.98	7377988	44316872.00
2013/12/26	5.97	5.99	5.82	5.82	5323472	31783852.00
2013/12/27	5.82	6.01	5.80	5.98	6828612	41057904.00
2013/12/30	6.03	6.04	5.97	5.99	3531575	21457144.00
2013/12/31	5.98	6.11	5.97	6.10	5123831	31524306.00
2014/01/02	6.11	6.15	5.98	6.02	4913475	30125692.00
2014/01/03	6.03	6.06	5.85	5.88	6143182	36727924.00
2014/01/06	5.82	5.88	5.69	5.70	4776902	27988888.00
2014/01/07	5.68	5.80	5.63	5.74	2519342	14631434.00
2014/01/08	5.72	5.83	5.63	5.66	3912491	22648862.00
2014/01/09	5.64	5.76	5.47	5.49	3896345	22300856.00
2014/01/10	5.46	5.53	5.31	5.38	5026642	27508864.00
2014/01/13	5.37	5.49	5.37	5.42	3067195	16891764.00
2014/01/14	5.42	5.49	5.38	5.47	3616692	19991220.00
2014/01/15	5.50	5.50	5.42	5.47	2935587	16242981.00
2014/01/16	5.48	5.56	5.44	5.50	2988426	16691587.00
2014/01/17	5.47	5.57	5.38	5.52	4361883	24211186.00
2014/01/20	5.50	5.55	5.39	5.43	3073326	17063572.00
2014/01/21	5.43	5.57	5.42	5.56	3363715	18833972.00
2014/01/22	5.55	5.78	5.53	5.72	5456346	31409306.00
2014/01/23	5.74	5.76	5.67	5.70	3446950	19959696.00
2014/01/24	5.68	5.82	5.67	5.76	4078021	23855194.00
2014/01/27	5.72	6.18	5.72	6.02	17742573	108970008.00
2014/01/28	6.02	6.06	5.93	6.01	7424770	45053416.00
2014/01/29	6.02	6.03	5.94	5.99	4455856	27022112.00
2014/01/30	5.96	6.26	5.93	6.12	11915439	74014864.00
2014/02/07	6.07	6.22	6.00	6.10	9885100	61041152.00
2014/02/10	6.09	6.19	6.07	6.17	8243265	51330956.00
2014/02/11	6.17	6.38	6.13	6.32	15966538	101108640.00
2014/02/12	6.27	6.34	6.19	6.25	11537557	73172360.00
2014/02/13	6.23	6.31	6.13	6.17	9997741	62851248.00
2014/02/14	6.17	6.27	6.10	6.23	8004415	50208236.00
2014/02/17	6.24	6.32	6.19	6.24	8515927	53877756.00
2014/02/18	6.25	6.72	6.10	6.54	29200362	189839200.00
2014/02/19	6.52	6.53	6.32	6.42	15237511	99433696.00
2014/02/20	6.45	6.47	6.23	6.25	11632041	74483664.00
2014/02/21	6.24	6.32	5.93	6.05	13515860	83445816.00
2014/02/24	5.97	6.12	5.95	6.02	8093197	49422052.00
2014/02/25	6.04	6.06	5.74	5.79	9709956	58209460.00
2014/02/26	5.75	5.82	5.63	5.75	7405377	43018388.00
2014/02/27	5.76	5.88	5.69	5.70	7453304	43733184.00
2014/02/28	5.70	5.82	5.67	5.82	4868530	28394364.00
2014/03/03	5.80	6.17	5.75	6.10	13458771	82201096.00
2014/03/04	6.09	6.09	5.96	6.02	7486476	45578848.00
2014/03/05	6.02	6.13	5.99	6.01	7400070	45558272.00
2014/03/06	6.01	6.16	5.98	6.09	7747182	47699844.00
2014/03/07	6.11	6.15	6.00	6.12	8605911	52998692.00
2014/03/10	6.14	6.40	6.06	6.08	22860516	144831664.00
2014/03/11	6.08	6.26	6.03	6.18	13417475	83777392.00
2014/03/12	6.13	6.60	6.07	6.29	26212175	169070672.00
2014/03/13	6.19	6.34	6.15	6.33	13443879	85095552.00
2014/03/14	6.27	6.34	6.10	6.12	9481048	59603244.00
2014/03/17	6.08	6.17	6.01	6.16	7623284	47067920.00
2014/03/18	6.15	6.32	6.13	6.23	11218435	70966288.00
2014/03/19	6.22	6.34	6.20	6.32	12398335	78895272.00
2014/03/20	6.30	6.35	5.99	6.01	10481651	65920616.00
2014/03/21	6.01	6.16	5.87	6.13	12133421	73932600.00
2014/03/24	6.13	6.27	6.08	6.23	11205141	70407672.00
2014/03/25	6.19	6.38	6.17	6.26	30041496	192046032.00
2014/03/26	6.28	6.30	6.20	6.24	10426506	65923496.00
2014/03/27	6.22	6.54	6.19	6.34	26396879	170480576.00
2014/03/28	6.32	6.66	6.32	6.58	39064238	257451696.00
2014/03/31	6.54	6.59	6.19	6.23	21805824	139845104.00
2014/04/01	6.23	6.32	6.17	6.29	9098179	57739628.00
2014/04/02	6.24	6.30	6.06	6.11	14703908	92000664.00
2014/04/03	6.11	6.20	6.07	6.12	8300862	51492068.00
2014/04/04	6.10	6.20	6.10	6.16	6305517	39316528.00
2014/04/08	6.14	6.30	6.09	6.30	9128537	57566308.00
2014/04/09	6.27	6.33	6.22	6.29	9002591	57165664.00
2014/04/10	6.28	6.65	6.27	6.52	29478266	192900672.00
2014/04/11	6.52	6.55	6.35	6.45	20207951	131532368.00
2014/04/14	6.39	6.46	6.30	6.44	11400657	73609472.00
2014/04/15	6.42	6.60	6.32	6.45	15849885	103702064.00
2014/04/16	6.42	6.60	6.39	6.58	18771362	123907888.00
2014/04/17	6.58	6.64	6.44	6.46	13482354	89214752.00
2014/04/18	6.43	6.69	6.42	6.66	24333186	162537600.00
2014/04/21	6.60	6.73	6.38	6.41	26540701	177076432.00
2014/04/22	6.42	6.47	6.27	6.42	17789941	115091944.00
2014/04/23	6.77	6.90	6.53	6.67	46107867	312797312.00
2014/04/24	6.62	6.67	6.43	6.45	20322215	134637904.00
2014/04/25	6.41	6.65	6.36	6.41	18936548	124749888.00
2014/04/28	6.44	6.63	6.34	6.38	21377277	140533728.00
2014/04/29	6.34	6.40	6.05	6.23	18777540	117766544.00
2014/04/30	6.18	6.31	6.13	6.29	11112908	70373448.00
2014/05/05	6.25	6.39	6.24	6.38	9319388	59512488.00
2014/05/06	6.34	6.73	6.34	6.59	23171589	153838672.00
2014/05/07	6.53	6.79	6.47	6.71	31075915	209464112.00
2014/05/08	6.64	6.97	6.58	6.73	31661984	216905216.00
2014/05/09	6.96	7.18	6.77	6.79	44741920	314867648.00
2014/05/12	6.80	6.96	6.62	6.92	32578961	224392288.00
2014/05/13	6.83	6.90	6.65	6.78	20281724	139042448.00
2014/05/14	6.80	6.80	6.70	6.75	10455581	71302224.00
2014/05/15	6.73	6.94	6.69	6.91	25096526	173662544.00
2014/05/16	6.85	7.01	6.83	6.84	20822863	145722768.00
2014/05/19	6.77	6.77	6.44	6.50	20947728	139260160.00
2014/05/20	6.56	6.60	6.40	6.43	9809420	64363668.00
2014/05/21	6.41	6.56	6.33	6.55	8599710	56280356.00
2014/05/22	6.56	6.69	6.50	6.52	13990600	93611856.00
2014/05/23	6.51	6.60	6.42	6.58	10261016	67657352.00
2014/05/26	6.60	6.60	6.44	6.51	13378788	88174696.00
2014/05/27	6.52	6.53	6.38	6.42	12727538	82824456.00
2014/05/28	6.41	6.48	6.34	6.46	12498132	81193864.00
2014/05/29	6.46	6.47	6.24	6.27	18986349	121736352.00
2014/05/30	6.27	6.35	6.22	6.24	12190501	77412800.00
2014/06/03	6.24	6.30	6.22	6.27	6310606	40047784.00
2014/06/04	6.27	6.27	6.07	6.14	10968205	68202272.00
2014/06/05	6.12	6.20	6.10	6.18	5191768	32394516.00
2014/06/06	6.20	6.28	6.17	6.25	7812737	49402396.00
2014/06/09	6.25	6.26	6.18	6.21	4308960	27138092.00
2014/06/10	6.22	6.28	6.12	6.26	8113488	50962060.00
2014/06/11	6.26	6.29	6.21	6.27	5571714	35284512.00
2014/06/12	6.26	6.27	6.17	6.18	5356057	33644632.00
2014/06/13	6.19	6.28	6.14	6.25	6316755	39845012.00
2014/06/16	6.23	6.27	6.19	6.25	6622537	41829136.00
2014/06/17	6.24	6.32	6.19	6.21	9516393	60399700.00
2014/06/18	6.21	6.31	6.13	6.18	9919064	62638952.00
2014/06/19	6.16	6.19	5.90	5.93	12526388	76646376.00
2014/06/20	5.93	5.96	5.87	5.94	5055038	30319280.00
2014/06/23	5.93	6.04	5.92	5.97	5336687	32379278.00
2014/06/24	5.97	6.02	5.92	5.97	6172190	37325960.00
2014/06/25	5.97	5.97	5.80	5.89	9349043	55528428.00
2014/06/26	5.90	6.27	5.90	6.20	20423362	125579232.00
2014/06/27	6.16	6.50	6.13	6.46	29822763	189254032.00
2014/06/30	6.70	6.80	6.49	6.57	36489584	241985680.00
2014/07/01	6.58	6.59	6.45	6.50	15297546	99462160.00
2014/07/02	6.47	6.57	6.35	6.49	16105001	104033528.00
2014/07/03	6.45	6.51	6.38	6.47	12013832	77437000.00
2014/07/04	6.48	6.54	6.41	6.50	9175309	59400212.00
2014/07/07	6.56	6.65	6.51	6.59	16909660	111357984.00
2014/07/08	6.65	6.67	6.40	6.50	13871049	89969152.00
2014/07/09	6.49	6.49	6.30	6.30	12655594	80759936.00
2014/07/10	6.32	6.38	6.27	6.35	8521279	53889976.00
2014/07/11	6.36	6.42	6.31	6.39	6734916	42965388.00
2014/07/14	6.42	6.45	6.34	6.44	7655243	48994968.00
2014/07/15	6.42	6.49	6.36	6.46	9503037	61134108.00
2014/07/16	6.44	6.51	6.41	6.48	9508875	61473180.00
2014/07/17	6.68	6.86	6.49	6.51	28391959	188576544.00
2014/07/18	6.41	6.48	6.34	6.45	12115374	77690120.00
2014/07/21	6.41	6.44	6.36	6.39	6577011	42059008.00
2014/07/22	6.39	6.48	6.37	6.45	7714233	49680392.00
2014/07/23	6.45	6.51	6.41	6.43	10537896	68091488.00
2014/07/24	6.40	6.54	6.40	6.48	12991327	84058912.00
2014/07/25	6.48	6.59	6.48	6.56	13507153	88304184.00
2014/07/28	6.70	6.76	6.59	6.67	25440146	169651088.00
2014/07/29	6.65	6.84	6.64	6.72	21818719	147066528.00
2014/07/30	6.70	6.77	6.64	6.68	14103221	94566960.00
2014/07/31	6.69	6.87	6.68	6.86	21662031	147324144.00
2014/08/01	6.81	6.86	6.69	6.73	20101862	136367232.00
2014/08/04	6.73	6.91	6.71	6.90	20922111	142633440.00
2014/08/05	6.89	6.97	6.79	6.89	19676137	135131968.00
2014/08/06	6.86	6.88	6.76	6.82	12700737	86712352.00
2014/08/07	6.82	6.91	6.71	6.75	15174492	103336840.00
2014/08/08	6.76	6.86	6.72	6.75	12041322	81678400.00
2014/08/11	6.77	7.04	6.76	6.94	29367420	203207840.00
2014/08/12	6.92	6.98	6.84	6.94	18048080	124861528.00
2014/08/13	7.05	7.56	7.01	7.29	57329504	416816448.00
2014/08/14	7.20	7.29	7.15	7.16	26042862	187919952.00
2014/08/15	7.16	7.35	7.12	7.32	26530760	192694528.00
2014/08/18	7.28	7.34	7.20	7.27	24659692	179042160.00
2014/08/19	7.29	7.39	7.16	7.35	30455431	221820128.00
2014/08/20	7.31	7.32	7.14	7.15	25544256	184183840.00
2014/08/21	7.17	7.18	7.03	7.10	16598954	117883312.00
2014/08/22	7.13	7.18	7.07	7.16	12958796	92478280.00
2014/08/25	7.12	7.16	7.03	7.09	14044524	99621224.00
2014/08/26	7.10	7.12	6.88	6.93	15901698	111204392.00
2014/08/27	6.93	6.97	6.86	6.93	8780227	60733620.00
2014/08/28	6.92	7.03	6.87	6.98	10958540	76152960.00
2014/08/29	6.95	7.07	6.94	7.06	7872813	55222132.00
2014/09/01	7.08	7.09	7.00	7.09	10276260	72435848.00
2014/09/02	7.09	7.15	7.07	7.15	16294304	115941352.00
2014/09/03	7.15	7.19	7.10	7.18	18893627	135063248.00
2014/09/04	7.17	7.18	7.11	7.17	13016786	93113632.00
2014/09/05	7.16	7.34	7.16	7.25	22717153	164750896.00
2014/09/09	7.28	7.37	7.26	7.29	19566157	142945968.00
2014/09/10	7.26	7.42	7.21	7.38	21498735	157290224.00
2014/09/11	7.38	7.47	7.24	7.27	25230385	185404656.00
2014/09/12	7.29	7.33	7.23	7.31	12302284	89639224.00
2014/09/15	7.32	7.50	7.26	7.48	27533547	204527168.00
2014/09/16	7.61	7.70	7.30	7.30	53742687	406215168.00
2014/09/17	7.34	7.36	7.20	7.29	21794180	158398448.00
2014/09/18	7.26	7.31	7.18	7.29	17548979	127240664.00
2014/09/19	7.27	7.45	7.20	7.37	33249875	243224752.00
2014/09/22	7.42	7.55	7.29	7.30	25457000	188861296.00
2014/09/23	7.30	7.79	7.24	7.51	38064868	286900544.00
2014/09/24	7.42	7.65	7.41	7.63	29199460	220729456.00
2014/09/25	7.65	7.99	7.58	7.74	42585096	330962304.00
2014/09/26	7.68	7.92	7.60	7.79	25946242	202501104.00
2014/09/29	7.85	7.95	7.70	7.76	24997143	195325072.00
2014/09/30	7.80	7.88	7.71	7.73	19902923	154697760.00
2014/10/08	7.77	7.84	7.71	7.84	19881673	154774672.00
2014/10/09	7.82	7.85	7.66	7.76	19989518	154810176.00
2014/10/10	7.71	8.00	7.68	7.92	30971906	242982064.00
2014/10/13	7.90	8.24	7.87	8.08	42304574	340168096.00
2014/10/14	8.18	8.28	8.01	8.10	41284512	335831872.00
2014/10/15	8.10	8.18	7.99	8.09	25718324	208010464.00
2014/10/16	7.98	8.02	7.77	7.79	29201356	231119808.00
2014/10/17	7.75	7.87	7.59	7.68	17210720	132702264.00
2014/10/20	7.70	7.79	7.67	7.76	10862001	84145520.00
2014/10/21	7.75	7.82	7.62	7.65	11331729	87522664.00
2014/10/22	7.66	7.73	7.51	7.54	10974763	83715064.00
2014/10/23	7.54	7.63	7.38	7.45	16489379	123853640.00
2014/10/24	7.45	7.55	7.44	7.54	9688975	72735232.00
2014/10/27	7.52	7.52	7.38	7.48	10681112	79747896.00
2014/10/28	7.50	7.75	7.50	7.72	16267845	124462968.00
2014/10/29	7.74	8.14	7.74	7.99	43210277	344419744.00
2014/10/30	8.02	8.07	7.91	8.00	28575738	228458464.00
2014/10/31	8.01	8.66	7.93	8.53	77358152	642362240.00
2014/11/03	8.50	8.57	8.36	8.45	39314768	332605216.00
2014/11/04	8.44	8.48	8.25	8.40	26529160	221544496.00
2014/11/05	8.38	8.49	8.28	8.40	23016878	193130592.00
2014/11/06	8.38	8.38	8.22	8.33	20131313	166883232.00
2014/11/07	8.37	8.59	8.24	8.25	38206337	322462176.00
2014/11/10	8.31	8.45	8.23	8.44	23543510	196524128.00
2014/11/11	8.53	8.59	7.99	8.10	40515471	337191104.00
2014/11/12	8.07	8.65	8.02	8.64	47711703	403725376.00
2014/11/13	8.72	9.06	8.62	8.77	68145321	602119104.00
2014/11/14	8.63	8.84	8.46	8.59	33560363	289371008.00
2014/11/17	8.70	8.76	8.40	8.46	29264486	250835360.00
2014/11/18	8.43	8.71	8.43	8.51	19081811	163540544.00
2014/11/19	8.50	8.52	8.38	8.41	16526679	139427904.00
2014/11/20	8.42	8.74	8.42	8.50	39843634	341805824.00
2014/11/21	8.47	8.90	8.41	8.84	69109028	602952960.00
2014/11/24	8.95	9.35	8.78	9.16	97345762	890709824.00
2014/11/25	9.15	9.64	9.09	9.28	83468446	784951552.00
2014/11/26	9.21	9.49	9.19	9.34	61013815	569074944.00
2014/11/27	9.36	9.68	9.26	9.65	69731089	659412480.00
2014/11/28	9.70	9.92	9.38	9.50	66367024	637568960.00
2014/12/01	9.51	9.88	9.29	9.39	65385827	623190144.00
2014/12/02	9.26	9.84	9.21	9.76	67546165	645874240.00
2014/12/03	9.98	10.15	9.61	9.78	83524169	827372096.00
2014/12/04	9.80	10.76	9.74	10.72	114974742	1181243136.00
2014/12/05	10.80	11.65	10.20	11.26	155860983	1714701952.00
2014/12/08	11.07	11.61	10.74	11.44	119030003	1345393664.00
2014/12/09	11.21	11.93	10.30	10.46	130456747	1461592576.00
2014/12/10	10.46	10.71	10.11	10.56	66567803	691867136.00
2014/12/11	10.70	10.91	10.48	10.62	52410385	560248896.00
2014/12/12	10.50	10.86	10.45	10.58	37901854	403326144.00
2014/12/15	10.50	11.64	10.33	11.64	61625191	690275840.00
2014/12/16	12.29	12.60	12.02	12.50	145022756	1784064640.00
2014/12/17	12.32	12.79	11.81	12.20	115742884	1424154368.00
2014/12/18	12.00	12.65	11.85	12.30	75822456	930317440.00
2014/12/19	12.11	12.59	11.88	12.43	66857351	821043712.00
2014/12/22	12.35	12.38	11.61	11.81	57518555	691108288.00
2014/12/23	11.67	12.06	11.39	11.44	38641422	455655456.00
2014/12/24	11.49	11.67	10.87	11.00	45118470	504164832.00
2014/12/25	11.08	11.46	10.96	11.40	32544971	366637376.00
2014/12/26	11.50	12.30	11.40	12.23	68649674	821589568.00
2014/12/29	12.48	12.48	11.81	11.92	60096882	729479936.00
2014/12/30	11.96	12.17	11.65	11.95	38784366	461973536.00
2014/12/31	11.91	12.30	11.78	11.97	39575579	476818240.00
2015/01/05	11.97	12.17	11.63	12.00	46777507	558396800.00
2015/01/06	11.76	12.33	11.70	12.05	40356295	487356832.00
2015/01/07	12.00	12.68	11.90	12.65	75419857	935819712.00
2015/01/08	12.53	12.61	12.01	12.07	49326942	603335424.00
2015/01/09	11.95	12.22	11.59	11.66	38411216	460960640.00
2015/01/12	11.66	11.73	11.00	11.10	37378295	422487776.00
2015/01/13	11.15	11.31	11.05	11.17	16797929	187783776.00
2015/01/14	11.17	11.31	11.04	11.15	18121293	202290000.00
2015/01/15	11.15	11.36	11.10	11.35	21899311	246941760.00
2015/01/16	11.32	11.33	10.90	11.17	35139727	391041824.00
2015/01/19	10.18	10.52	10.05	10.05	47765866	488321536.00
2015/01/20	10.00	10.37	10.00	10.28	32011689	326818624.00
2015/01/21	10.33	10.88	10.33	10.79	32074070	341067200.00
2015/01/22	10.80	11.52	10.80	11.26	45255339	508877824.00
2015/01/23	11.30	11.46	11.10	11.31	34973831	395440320.00
2015/01/26	11.31	12.10	11.27	11.94	50861257	596810816.00
2015/01/27	11.96	11.96	11.55	11.78	36989478	434610560.00
2015/01/28	11.76	11.99	11.65	11.69	26981068	318948480.00
2015/01/29	11.48	11.62	11.38	11.51	20356028	234230672.00
2015/01/30	11.53	11.66	11.13	11.14	23507408	266671168.00
2015/02/02	10.83	11.24	10.81	10.95	16851947	185410496.00
2015/02/03	11.11	11.23	10.91	11.20	19513301	216260336.00
2015/02/04	11.20	11.24	10.88	11.00	20484188	226969472.00
2015/02/05	11.22	11.25	10.82	10.83	17240087	190448976.00
2015/02/06	10.76	10.87	10.31	10.43	17970008	190078736.00
2015/02/09	10.47	10.66	10.38	10.53	11513465	121453728.00
2015/02/10	10.50	10.89	10.50	10.88	15138285	162689600.00
2015/02/11	10.86	11.04	10.82	10.92	12816885	140463232.00
2015/02/12	10.99	11.40	10.93	11.18	20620747	230990592.00
2015/02/13	11.29	11.41	11.19	11.22	17801346	201068496.00
2015/02/16	11.22	11.45	11.19	11.43	17126707	194182160.00
2015/02/17	11.40	11.67	11.40	11.56	22074749	254762976.00
2015/02/25	11.50	11.60	11.26	11.30	17317409	197161424.00
2015/02/26	11.23	11.55	11.20	11.47	15557172	177138272.00
2015/02/27	11.47	11.96	11.41	11.93	35032076	410014752.00
2015/03/02	12.01	12.28	11.89	12.18	50480333	611412928.00
2015/03/03	12.12	12.77	12.03	12.30	63218463	781172608.00
2015/03/04	12.35	12.40	12.16	12.35	29724405	364900896.00
2015/03/05	12.30	12.67	12.23	12.37	34957237	434582144.00
2015/03/06	12.32	12.43	11.80	11.82	36790438	442507488.00
2015/03/09	11.65	12.09	11.55	12.01	22366838	264489808.00
2015/03/10	12.02	12.34	11.92	12.14	24032524	292946048.00
2015/03/11	12.20	12.29	11.85	11.90	23608249	284131904.00
2015/03/12	11.92	12.14	11.91	12.11	27072706	326049216.00
2015/03/13	12.20	12.55	12.01	12.44	35947446	441766336.00
2015/03/16	12.44	13.49	12.38	13.44	86952021	1131815040.00
2015/03/17	13.40	13.52	13.11	13.44	61585154	821385664.00
2015/03/18	13.37	13.80	13.37	13.66	53009073	721427200.00
2015/03/19	13.66	14.19	13.39	14.12	68610205	948568384.00
2015/03/20	14.18	14.25	13.85	13.99	46752758	656483712.00
2015/03/23	13.94	14.11	13.78	13.99	45158007	629788480.00
2015/03/24	14.00	14.19	13.24	13.76	56186971	774084288.00
2015/03/25	13.62	14.17	13.55	13.83	51093036	709255808.00
2015/03/26	13.71	14.20	13.65	13.78	38998024	540067904.00
2015/03/27	13.80	14.85	13.71	14.60	61195820	873679808.00
2015/03/30	14.51	14.71	14.38	14.62	47481215	690776512.00
2015/03/31	14.73	14.87	14.16	14.20	46102866	668654848.00
2015/04/01	14.17	14.59	14.16	14.43	36023462	519274624.00
2015/04/02	14.44	14.96	14.43	14.87	48621735	716769728.00
2015/04/03	14.60	14.85	14.53	14.76	44358670	651646720.00
2015/04/07	14.76	14.90	14.70	14.81	44491463	657678784.00
2015/04/08	14.81	15.38	14.48	14.74	68579189	1022310464.00
2015/04/09	14.76	14.81	13.90	14.19	61793719	883620416.00
2015/04/10	14.05	14.58	14.00	14.37	42926887	614350336.00
2015/04/13	14.37	14.90	14.20	14.74	60034500	869038400.00
2015/04/14	14.78	15.44	14.61	15.13	69772170	1054448064.00
2015/04/15	15.10	15.10	13.97	14.08	54391190	784453568.00
2015/04/16	13.90	14.33	13.61	14.16	34216077	480571264.00
2015/04/17	14.30	14.37	14.04	14.12	41141086	583688512.00
2015/04/20	14.34	14.74	14.01	14.13	61014738	879016704.00
2015/04/21	14.10	15.10	14.10	15.08	65695459	966240576.00
2015/04/22	15.17	16.50	14.95	16.13	91269622	1422791040.00
2015/04/23	15.99	16.30	15.65	15.91	76778035	1228336896.00
2015/04/24	15.70	16.87	15.51	16.30	81290044	1326587136.00
2015/04/27	16.39	16.63	16.01	16.29	50849278	826253632.00
2015/04/28	16.29	16.80	15.50	15.75	57177383	921654080.00
2015/04/29	15.50	16.10	15.40	15.92	34405134	546038528.00
2015/04/30	16.03	16.12	15.62	15.64	26623645	421309088.00
2015/05/05	15.48	15.48	15.48	15.48	0	0.00
数据来源:通达信
