600580 卧龙电气 日线 前复权
      日期	    开盘	    最高	    最低	    收盘	    成交量	    成交额
2011/10/10	6.60	6.67	6.45	6.48	3282193	22076750.00
2011/10/11	6.69	6.76	6.32	6.48	6400136	43047728.00
2011/10/12	6.44	6.73	6.28	6.69	7394410	50359436.00
2011/10/13	6.68	6.79	6.62	6.75	6113131	42321640.00
2011/10/14	6.72	6.82	6.65	6.72	4138319	28653656.00
2011/10/17	6.73	6.79	6.68	6.69	3426144	23734120.00
2011/10/18	6.56	6.67	6.41	6.42	5116647	34424208.00
2011/10/19	6.45	6.51	6.32	6.38	3122948	20642332.00
2011/10/20	6.36	6.48	6.23	6.26	5217007	34049032.00
2011/10/21	6.26	6.35	6.23	6.28	2316726	15027572.00
2011/10/24	6.34	6.36	6.17	6.35	4080023	26466432.00
2011/10/25	6.33	6.50	6.27	6.46	5232737	34557760.00
2011/10/26	6.42	6.58	6.40	6.47	5571907	37350612.00
2011/10/27	6.50	6.58	6.46	6.51	4590328	30822332.00
2011/10/28	6.58	6.72	6.48	6.70	10271095	69635632.00
2011/10/31	6.67	6.75	6.59	6.66	5172938	35536840.00
2011/11/01	6.60	6.73	6.55	6.65	4734425	32395116.00
2011/11/02	6.51	6.83	6.45	6.81	11300430	77478000.00
2011/11/03	6.81	7.09	6.79	6.93	14398779	103203456.00
2011/11/04	6.98	7.03	6.87	6.94	6902867	49222564.00
2011/11/07	6.92	6.98	6.87	6.88	4813253	34226464.00
2011/11/08	6.88	6.93	6.80	6.82	5269702	37224448.00
2011/11/09	6.86	6.93	6.74	6.93	5827400	41031080.00
2011/11/10	6.80	6.87	6.70	6.72	6735222	47044496.00
2011/11/11	6.72	6.76	6.66	6.70	4329420	29911890.00
2011/11/14	6.76	6.98	6.76	6.98	10391571	73935112.00
2011/11/15	6.98	7.08	6.95	7.02	8093742	58310532.00
2011/11/16	7.02	7.08	6.76	6.77	9628379	68121928.00
2011/11/17	6.79	6.91	6.73	6.80	4957546	34762312.00
2011/11/18	6.78	6.79	6.50	6.53	5789230	39588840.00
2011/11/21	6.53	6.59	6.48	6.55	2677929	18028064.00
2011/11/22	6.58	6.94	6.58	6.87	14738773	103243936.00
2011/11/23	6.93	7.29	6.87	7.16	31281493	227985552.00
2011/11/24	7.01	7.27	6.91	7.18	18837435	138110384.00
2011/11/25	7.20	7.35	7.01	7.11	17183678	127234976.00
2011/11/28	7.13	7.18	6.95	7.13	12463340	90452096.00
2011/11/29	7.20	7.25	7.01	7.14	11431347	83430112.00
2011/11/30	7.09	7.10	6.62	6.65	13259632	93207640.00
2011/12/01	6.85	7.05	6.75	6.93	13522527	96125344.00
2011/12/02	6.85	6.93	6.62	6.70	8278745	57490364.00
2011/12/05	6.75	6.75	6.38	6.39	5504809	36860704.00
2011/12/06	6.35	6.50	6.35	6.45	4009645	26504684.00
2011/12/07	6.47	6.64	6.40	6.53	4294677	28890928.00
2011/12/08	6.53	6.62	6.40	6.49	4054154	27182852.00
2011/12/09	6.43	6.53	6.39	6.43	3995370	26506712.00
2011/12/12	6.41	6.51	6.30	6.32	2461876	16260779.00
2011/12/13	6.31	6.33	5.99	6.07	5193502	32900544.00
2011/12/14	6.00	6.13	5.82	5.87	3895259	24079742.00
2011/12/15	5.83	5.83	5.48	5.49	6142354	35880052.00
2011/12/16	5.50	5.69	5.45	5.68	3894374	22345848.00
2011/12/19	5.65	5.70	5.49	5.65	3071859	17738098.00
2011/12/20	5.60	5.73	5.56	5.56	5050649	29449864.00
2011/12/21	5.62	5.66	5.23	5.26	6830876	38770864.00
2011/12/22	5.20	5.20	4.89	4.95	11747416	61201840.00
2011/12/23	4.97	5.10	4.87	4.98	10430883	54030408.00
2011/12/26	4.95	5.04	4.87	4.88	9088698	46913844.00
2011/12/27	4.85	4.89	4.66	4.68	7794649	38775728.00
2011/12/28	4.61	4.80	4.52	4.75	7698000	37418160.00
2011/12/29	4.68	4.85	4.68	4.80	5592535	27951310.00
2011/12/30	4.83	4.92	4.80	4.85	4730901	23901012.00
2012/01/04	4.90	4.96	4.70	4.71	5789557	29279502.00
2012/01/05	4.64	4.74	4.53	4.58	4447054	21491184.00
2012/01/06	4.60	4.72	4.54	4.70	3216411	15530948.00
2012/01/09	4.73	4.95	4.67	4.93	6423953	32528238.00
2012/01/10	4.91	5.18	4.87	5.16	9639124	50926152.00
2012/01/11	5.16	5.33	5.07	5.18	9269880	50077596.00
2012/01/12	5.18	5.29	5.11	5.16	5680735	30694088.00
2012/01/13	5.17	5.19	4.91	4.95	7352114	38296864.00
2012/01/16	4.92	4.99	4.76	4.79	3371880	17140346.00
2012/01/17	4.75	5.18	4.75	5.15	6286719	32720594.00
2012/01/18	5.21	5.23	5.06	5.10	6920074	36830560.00
2012/01/19	5.08	5.23	5.02	5.20	5087761	27370902.00
2012/01/20	5.22	5.36	5.21	5.33	6420781	35290340.00
2012/01/31	5.24	5.28	5.13	5.24	4998145	26969184.00
2012/02/01	5.21	5.27	5.10	5.13	3106286	16705124.00
2012/02/02	5.11	5.32	5.09	5.30	4946071	26623594.00
2012/02/03	5.26	5.43	5.25	5.36	6723770	37284288.00
2012/02/06	5.38	5.42	5.31	5.37	4562885	25418610.00
2012/02/07	5.33	5.33	5.14	5.18	4916807	26642666.00
2012/02/08	5.18	5.37	5.15	5.35	5631401	30942816.00
2012/02/09	5.34	5.50	5.32	5.36	9148820	51335696.00
2012/02/10	5.33	5.42	5.31	5.35	7214093	40200928.00
2012/02/13	5.28	5.55	5.24	5.54	10461392	58684268.00
2012/02/14	5.50	5.58	5.42	5.53	7655797	43623180.00
2012/02/15	5.52	5.67	5.48	5.61	10959307	63560224.00
2012/02/16	5.60	5.70	5.52	5.65	10020930	58265872.00
2012/02/17	5.65	5.71	5.52	5.59	8312214	48314512.00
2012/02/20	5.66	5.70	5.48	5.49	8925309	51824588.00
2012/02/21	5.50	5.60	5.40	5.59	8619861	49089016.00
2012/02/22	5.59	5.74	5.50	5.73	17251779	100654656.00
2012/02/23	5.70	5.87	5.67	5.73	15370115	91644424.00
2012/02/24	5.71	5.84	5.70	5.84	10761517	64327848.00
2012/02/27	5.85	5.95	5.78	5.78	13499076	81868496.00
2012/02/28	5.72	5.81	5.63	5.74	10254329	60766328.00
2012/02/29	5.73	5.74	5.63	5.65	7041209	41429708.00
2012/03/01	5.63	5.76	5.62	5.75	9072927	53474488.00
2012/03/02	5.75	5.86	5.73	5.84	14239603	85532584.00
2012/03/05	5.84	5.91	5.76	5.77	11921007	71923520.00
2012/03/06	5.75	5.99	5.73	5.93	16976538	102889048.00
2012/03/07	5.85	6.17	5.80	6.16	29016747	181347728.00
2012/03/08	6.11	6.43	6.05	6.33	25981755	166585056.00
2012/03/09	6.35	6.50	6.23	6.42	20273468	133212808.00
2012/03/12	6.41	6.41	6.28	6.36	9182238	60040992.00
2012/03/13	6.32	6.37	6.21	6.34	9303999	60459888.00
2012/03/14	6.36	6.40	5.90	6.01	17272893	110074072.00
2012/03/15	5.95	6.04	5.73	5.87	12024993	73092608.00
2012/03/16	5.86	6.14	5.86	6.12	9270017	57536656.00
2012/03/19	6.12	6.22	6.02	6.21	7123709	45101648.00
2012/03/20	6.18	6.19	5.99	5.99	6363219	39817552.00
2012/03/21	6.04	6.10	5.86	6.02	5947026	36766484.00
2012/03/22	6.00	6.14	5.96	6.08	4947220	30980690.00
2012/03/23	6.06	6.06	5.85	5.88	5024833	30811768.00
2012/03/26	5.85	5.93	5.80	5.85	2957566	17887952.00
2012/03/27	5.87	5.95	5.83	5.85	3446452	20991386.00
2012/03/28	5.82	5.83	5.52	5.56	6624109	38637276.00
2012/03/29	5.53	5.54	5.26	5.28	5107448	28525792.00
2012/03/30	5.30	5.37	5.23	5.32	2922901	16062715.00
2012/04/05	5.38	5.51	5.32	5.49	3511344	19793900.00
2012/04/06	5.48	5.56	5.40	5.47	4818764	27424632.00
2012/04/09	5.37	5.39	5.24	5.25	5030645	27681696.00
2012/04/10	5.20	5.28	5.00	5.24	5813440	30979978.00
2012/04/11	5.18	5.39	5.11	5.38	14237421	77809696.00
2012/04/12	5.44	5.94	5.40	5.94	27711256	163996432.00
2012/04/13	6.10	6.13	5.77	5.86	22345596	136832880.00
2012/04/16	5.78	6.14	5.73	5.90	17397982	107285672.00
2012/04/17	5.89	6.05	5.80	5.92	13877571	84990360.00
2012/04/18	5.94	6.16	5.88	6.09	17666617	110230920.00
2012/04/19	6.21	6.28	6.01	6.03	24001153	151973056.00
2012/04/20	6.00	6.10	5.96	6.03	10587623	65951236.00
2012/04/23	6.03	6.04	5.81	5.85	11419384	69900392.00
2012/04/24	5.80	5.93	5.45	5.86	13471974	79652872.00
2012/04/25	5.85	6.19	5.76	6.08	21431984	133847328.00
2012/04/26	6.09	6.37	6.00	6.12	24122641	154665440.00
2012/05/02	6.09	6.09	5.82	5.95	18193277	111678296.00
2012/05/03	5.96	5.99	5.83	5.92	9084305	55388872.00
2012/05/04	5.92	6.04	5.88	6.00	8929631	55045716.00
2012/05/07	5.99	6.10	5.94	6.05	8288877	51609724.00
2012/05/08	6.00	6.10	5.95	5.98	6832995	42435496.00
2012/05/09	5.95	5.97	5.83	5.84	6474632	39349072.00
2012/05/10	5.83	5.89	5.78	5.82	5066640	30532812.00
2012/05/11	5.82	5.86	5.72	5.73	3925468	23524592.00
2012/05/14	5.78	5.82	5.58	5.59	8044605	47487616.00
2012/05/15	5.56	5.58	5.45	5.55	5949062	33929632.00
2012/05/16	5.57	5.61	5.51	5.52	2929174	16693632.00
2012/05/17	5.60	5.78	5.60	5.75	7930806	46556104.00
2012/05/18	5.68	5.78	5.60	5.64	4809331	28011528.00
2012/05/21	5.70	5.85	5.68	5.75	6728021	39850960.00
2012/05/22	5.76	5.86	5.71	5.76	5600082	33267844.00
2012/05/23	5.75	5.79	5.61	5.68	4277544	24969424.00
2012/05/24	5.71	5.77	5.63	5.67	3985162	23305648.00
2012/05/25	5.65	5.79	5.62	5.65	6335984	37169788.00
2012/05/28	5.61	5.69	5.45	5.68	6657564	37986140.00
2012/05/29	5.66	5.80	5.66	5.79	8050192	47513728.00
2012/05/30	5.76	5.81	5.73	5.75	4847095	28687370.00
2012/05/31	5.73	5.83	5.71	5.78	5478558	32511176.00
2012/06/01	5.77	5.81	5.70	5.71	5051576	29834032.00
2012/06/04	5.60	5.60	5.39	5.40	7544318	42622904.00
2012/06/05	5.41	5.46	5.31	5.39	3906988	21562388.00
2012/06/06	5.40	5.43	5.24	5.28	3290794	18033776.00
2012/06/07	5.36	5.40	5.22	5.24	3411390	18634324.00
2012/06/08	5.30	5.33	5.05	5.13	6211062	33106712.00
2012/06/11	5.12	5.24	5.10	5.22	3023400	16075467.00
2012/06/12	5.20	5.20	5.13	5.15	2400278	12733877.00
2012/06/13	5.23	5.25	5.15	5.25	2698648	14478778.00
2012/06/14	5.23	5.30	5.20	5.20	3814066	20608532.00
2012/06/15	5.21	5.26	5.13	5.22	2226546	11912310.00
2012/06/18	5.28	5.30	5.23	5.26	2109112	11429411.00
2012/06/19	5.25	5.25	5.16	5.18	2378637	12726605.00
2012/06/20	5.19	5.23	5.15	5.16	1782998	9497260.00
2012/06/21	5.16	5.16	5.06	5.07	2922079	15322218.00
2012/06/25	5.08	5.08	4.90	4.91	2827615	14508645.00
2012/06/26	4.92	5.00	4.81	4.98	2552983	12940767.00
2012/06/27	4.95	5.03	4.86	4.90	2141222	10895130.00
2012/06/28	4.90	4.97	4.81	4.81	2027192	10217593.00
2012/06/29	4.81	4.88	4.75	4.86	2161453	10744968.00
2012/07/02	4.88	4.98	4.88	4.91	1575382	7987956.00
2012/07/03	4.94	4.98	4.88	4.93	1947766	9886955.00
2012/07/04	4.97	4.98	4.88	4.88	1674935	8466143.00
2012/07/05	4.89	4.89	4.70	4.76	2423482	11976068.00
2012/07/06	4.80	4.88	4.75	4.87	2587638	12867019.00
2012/07/09	4.86	4.86	4.72	4.74	2526729	12449458.00
2012/07/10	4.74	4.75	4.68	4.70	1728846	8412097.00
2012/07/11	4.68	4.76	4.68	4.72	1442328	7019185.00
2012/07/12	4.72	4.81	4.69	4.79	2444669	11992663.00
2012/07/13	4.80	4.84	4.75	4.76	2031104	10008828.00
2012/07/16	4.78	4.80	4.59	4.60	2384028	11486451.00
2012/07/17	4.59	4.66	4.53	4.63	1562450	7419515.00
2012/07/18	4.63	4.64	4.55	4.63	1656867	7862828.00
2012/07/19	4.63	4.77	4.61	4.72	2928501	14245324.00
2012/07/20	4.71	4.77	4.67	4.71	2091214	10177087.00
2012/07/23	4.70	4.70	4.56	4.63	2139176	10193080.00
2012/07/24	4.61	4.70	4.58	4.67	1822307	8749415.00
2012/07/25	4.65	4.68	4.59	4.61	1575584	7545256.00
2012/07/26	4.62	4.69	4.58	4.59	1586079	7574996.00
2012/07/27	4.65	4.66	4.59	4.62	1232472	5877423.00
2012/07/30	4.67	4.68	4.56	4.58	1270774	6032748.00
2012/07/31	4.58	4.58	4.43	4.44	2174430	10048130.00
2012/08/01	4.44	4.54	4.44	4.50	1420206	6601447.00
2012/08/02	4.47	4.51	4.43	4.48	1330587	6153492.00
2012/08/03	4.48	4.56	4.48	4.56	1499746	6998204.00
2012/08/06	4.53	4.65	4.51	4.64	2472036	11700727.00
2012/08/07	4.65	4.78	4.62	4.77	3753109	18236592.00
2012/08/08	4.78	4.78	4.68	4.71	2128560	10371367.00
2012/08/09	4.70	4.76	4.67	4.73	2258007	11004466.00
2012/08/10	4.74	4.76	4.69	4.75	2281386	11124365.00
2012/08/13	4.74	4.75	4.60	4.61	1980404	9577937.00
2012/08/14	4.61	4.69	4.55	4.68	2349844	11201498.00
2012/08/15	4.65	4.66	4.59	4.60	1068926	5107683.00
2012/08/16	4.60	4.64	4.58	4.62	1031005	4906850.00
2012/08/17	4.62	4.62	4.55	4.59	1126167	5331842.00
2012/08/20	4.56	4.56	4.41	4.53	1723927	8037918.00
2012/08/21	4.53	4.61	4.52	4.58	2121493	10010311.00
2012/08/22	4.59	4.59	4.51	4.52	1563029	7343166.00
2012/08/23	4.60	4.79	4.60	4.75	9273838	45135016.00
2012/08/24	4.71	4.77	4.65	4.68	5014984	24321236.00
2012/08/27	4.65	4.67	4.50	4.52	3210019	15113960.00
2012/08/28	4.52	4.59	4.49	4.56	1628169	7636197.00
2012/08/29	4.53	4.56	4.47	4.52	2080591	9713525.00
2012/08/30	4.50	4.56	4.45	4.54	2488013	11578378.00
2012/08/31	4.52	4.58	4.49	4.54	1361070	6367641.00
2012/09/03	4.55	4.58	4.51	4.58	2583343	12142863.00
2012/09/04	4.58	4.59	4.47	4.48	2766104	12912545.00
2012/09/05	4.45	4.55	4.42	4.51	2923659	13535318.00
2012/09/06	4.59	4.65	4.55	4.63	3837758	18239828.00
2012/09/07	4.65	4.84	4.65	4.83	10062522	49543472.00
2012/09/10	4.87	4.94	4.81	4.85	8376549	41942496.00
2012/09/11	4.82	4.83	4.75	4.76	5386803	26545128.00
2012/09/12	4.80	4.81	4.71	4.79	4684746	23013064.00
2012/09/13	4.79	4.79	4.68	4.69	4002215	19568740.00
2012/09/14	4.73	4.75	4.62	4.66	11560075	55620316.00
2012/09/17	4.65	4.66	4.44	4.45	7087107	33104836.00
2012/09/18	4.44	4.47	4.40	4.44	5709301	26217852.00
2012/09/19	4.45	4.52	4.42	4.51	3814074	17633318.00
2012/09/20	4.49	4.49	4.33	4.36	3316846	15133856.00
2012/09/21	4.36	4.45	4.33	4.40	2439475	11068337.00
2012/09/24	4.38	4.43	4.34	4.41	3247012	14733795.00
2012/09/25	4.39	4.40	4.26	4.29	3033471	13564331.00
2012/09/26	4.30	4.30	4.10	4.11	3796739	16385753.00
2012/09/27	4.11	4.28	4.07	4.20	4071989	17623552.00
2012/09/28	4.19	4.25	4.15	4.24	3467067	15125182.00
2012/10/08	4.28	4.28	4.18	4.19	2069658	9018827.00
2012/10/09	4.22	4.40	4.20	4.32	7783948	34567352.00
2012/10/10	4.30	4.44	4.29	4.40	8199455	37030864.00
2012/10/11	4.40	4.40	4.23	4.26	7303745	32647620.00
2012/10/12	4.27	4.40	4.21	4.35	10514247	46782256.00
2012/10/15	4.35	4.35	4.23	4.25	8713787	38477256.00
2012/10/16	4.31	4.31	4.22	4.24	5664233	24992192.00
2012/10/17	4.24	4.30	4.16	4.29	5730850	25083908.00
2012/10/18	4.27	4.36	4.26	4.34	7665543	34264040.00
2012/10/19	4.33	4.35	4.28	4.30	4764966	21248342.00
2012/10/22	4.26	4.31	4.23	4.29	3394626	14980599.00
2012/10/23	4.30	4.34	4.29	4.31	6499328	29035952.00
2012/10/24	4.29	4.36	4.28	4.33	4721330	21160224.00
2012/10/25	4.36	4.42	4.30	4.31	6481870	29226896.00
2012/10/26	4.25	4.30	4.10	4.13	7420308	32152066.00
2012/10/29	4.13	4.14	4.04	4.08	3040831	12923889.00
2012/10/30	4.09	4.12	4.04	4.05	2913936	12294769.00
2012/10/31	4.06	4.08	4.03	4.07	2141024	9004761.00
2012/11/01	4.06	4.16	4.06	4.13	4218089	18017856.00
2012/11/02	4.13	4.16	4.10	4.14	2772459	11883181.00
2012/11/05	4.14	4.16	4.10	4.13	1985165	8482539.00
2012/11/06	4.13	4.14	4.03	4.05	4337364	18226996.00
2012/11/07	4.07	4.14	4.03	4.10	4582450	19405272.00
2012/11/08	4.05	4.07	3.96	3.96	4126365	17139332.00
2012/11/09	3.97	4.01	3.90	3.94	2741272	11273644.00
2012/11/12	3.93	3.99	3.93	3.98	2846472	11707348.00
2012/11/13	3.98	3.98	3.89	3.89	2495030	10164755.00
2012/11/14	3.91	3.92	3.83	3.90	3521300	14132191.00
2012/11/15	3.88	3.88	3.76	3.78	2264471	9005883.00
2012/11/16	3.77	3.78	3.70	3.75	2387709	9251658.00
2012/11/19	3.75	3.81	3.70	3.79	2183008	8534621.00
2013/01/09	4.18	4.18	4.18	4.18	324629	1405644.00
2013/01/10	4.61	4.61	4.61	4.61	594727	2830901.00
2013/01/11	5.09	5.09	5.09	5.09	4986111	26127222.00
2013/01/14	5.48	5.55	5.28	5.45	77131950	428965088.00
2013/01/15	5.35	5.40	5.20	5.30	47603644	259714784.00
2013/01/16	5.23	5.33	5.14	5.26	30008682	161289360.00
2013/01/17	5.20	5.22	4.99	5.03	24568832	128410456.00
2013/01/18	5.02	5.16	5.01	5.08	19130188	100191184.00
2013/01/21	5.03	5.10	5.02	5.05	12956364	67342472.00
2013/01/22	5.04	5.15	5.01	5.07	14924347	78091368.00
2013/01/23	5.04	5.04	4.86	4.99	17692158	90113480.00
2013/01/24	4.95	5.02	4.78	4.83	16679148	84534528.00
2013/01/25	4.80	4.90	4.77	4.85	8117840	40446344.00
2013/01/28	4.87	5.08	4.86	5.03	16613764	85565528.00
2013/01/29	5.01	5.05	4.98	5.01	9007803	46467708.00
2013/01/30	4.99	5.02	4.89	4.95	10111439	51479124.00
2013/01/31	4.98	5.00	4.91	4.97	7442632	38014320.00
2013/02/01	4.98	4.99	4.93	4.96	5866869	29980884.00
2013/02/04	5.00	5.02	4.95	4.96	7601644	38977128.00
2013/02/05	4.95	4.99	4.87	4.95	9234057	46765496.00
2013/02/06	4.95	4.97	4.90	4.92	6299212	31947734.00
2013/02/07	4.92	4.95	4.87	4.89	5144678	25970900.00
2013/02/08	4.89	4.95	4.89	4.93	5320448	26979372.00
2013/02/18	4.93	5.05	4.91	5.04	8890694	45518940.00
2013/02/19	5.02	5.03	4.95	4.97	5577736	28615330.00
2013/02/20	4.94	5.10	4.94	5.08	11348325	59136400.00
2013/02/21	5.08	5.09	4.92	5.00	10448600	53821760.00
2013/02/22	4.96	5.04	4.95	4.97	5789245	29807624.00
2013/02/25	5.00	5.08	4.99	5.06	7705399	39978272.00
2013/02/26	5.03	5.12	4.99	5.01	8836877	46070956.00
2013/02/27	5.03	5.05	4.92	4.97	6321552	32369604.00
2013/02/28	4.97	5.05	4.97	5.03	6483432	33498480.00
2013/03/01	5.03	5.10	5.02	5.07	8180360	42583424.00
2013/03/04	5.06	5.07	4.80	4.85	10828732	54861768.00
2013/03/05	4.85	4.92	4.80	4.91	6709763	33677408.00
2013/03/06	4.96	5.03	4.91	5.00	7514121	38570488.00
2013/03/07	4.97	5.01	4.89	4.91	7264354	36977984.00
2013/03/08	4.91	4.98	4.89	4.90	5126279	26007716.00
2013/03/11	4.91	4.94	4.88	4.92	3705366	18766576.00
2013/03/12	4.93	4.96	4.77	4.82	6158148	30818816.00
2013/03/13	4.84	4.86	4.76	4.79	3037634	15000812.00
2013/03/14	4.79	4.87	4.76	4.83	4511602	22460348.00
2013/03/15	4.84	4.89	4.78	4.84	4977982	24872192.00
2013/03/18	4.83	4.88	4.79	4.85	6681576	33444354.00
2013/03/19	4.85	4.87	4.79	4.86	4692527	23344062.00
2013/03/20	4.85	5.10	4.85	5.04	13680345	70647336.00
2013/03/21	5.03	5.10	4.98	5.06	11132083	57868416.00
2013/03/22	5.10	5.11	5.03	5.08	11558678	60470496.00
2013/03/25	5.10	5.11	4.99	5.05	8456393	43788432.00
2013/03/26	5.03	5.03	4.95	4.98	4730914	24299580.00
2013/03/27	5.00	5.12	4.99	5.10	11203669	58628876.00
2013/03/28	5.13	5.27	5.03	5.17	20964723	111571760.00
2013/03/29	5.14	5.22	5.02	5.03	10042354	52569904.00
2013/04/01	5.03	5.21	5.01	5.20	14510273	76784728.00
2013/04/02	5.20	5.30	5.18	5.28	17219808	92907600.00
2013/04/03	5.25	5.33	5.17	5.26	13739754	74287496.00
2013/04/08	5.18	5.32	5.12	5.30	10413340	56193312.00
2013/04/09	5.50	5.74	5.37	5.40	26858341	152888144.00
2013/04/10	5.37	5.71	5.36	5.66	28071118	160922368.00
2013/04/11	5.61	5.67	5.50	5.51	13868015	79108560.00
2013/04/12	5.50	5.57	5.25	5.41	16125825	89453104.00
2013/04/15	5.39	5.46	5.23	5.30	9577956	52609460.00
2013/04/16	5.28	5.28	4.98	5.13	11501007	60641072.00
2013/04/17	5.14	5.15	5.08	5.11	5268617	27739422.00
2013/04/18	5.08	5.23	5.05	5.21	8005864	42520432.00
2013/04/19	5.18	5.27	5.18	5.23	7734077	41606724.00
2013/04/22	5.18	5.21	5.13	5.14	6483144	34363592.00
2013/04/23	5.24	5.44	5.18	5.25	14313653	77360128.00
2013/04/24	5.19	5.28	5.11	5.24	8577595	45479936.00
2013/04/25	5.19	5.23	5.11	5.14	6739480	35429032.00
2013/04/26	5.15	5.19	4.93	4.98	5960920	30905454.00
2013/05/02	4.94	5.02	4.90	4.97	4577503	23212732.00
2013/05/03	4.97	5.11	4.94	5.08	6954070	35840096.00
2013/05/06	5.10	5.19	5.05	5.16	8274893	43391620.00
2013/05/07	5.17	5.17	5.11	5.14	4780832	25030396.00
2013/05/08	5.17	5.23	5.13	5.17	5938907	31246420.00
2013/05/09	5.14	5.22	5.08	5.10	7534172	39491760.00
2013/05/10	5.09	5.13	5.05	5.12	4595485	23851636.00
2013/05/13	5.14	5.15	5.07	5.09	5477862	28463382.00
2013/05/14	5.11	5.11	4.94	5.02	6446126	32813766.00
2013/05/15	5.01	5.02	4.95	5.01	3961056	20161350.00
2013/05/16	5.01	5.10	4.96	5.08	7221378	37145608.00
2013/05/17	5.07	5.16	5.02	5.14	8123991	42277592.00
2013/05/20	5.15	5.28	5.15	5.26	12838068	68499136.00
2013/05/21	5.27	5.29	5.20	5.24	11420640	60920644.00
2013/05/22	5.24	5.27	5.17	5.20	9299631	49399600.00
2013/05/23	5.19	5.34	5.15	5.27	14940726	80059240.00
2013/05/24	5.24	5.32	5.20	5.28	9031498	48458268.00
2013/05/27	5.28	5.47	5.23	5.44	17005401	93168744.00
2013/05/28	5.45	5.49	5.33	5.40	11043916	60664992.00
2013/05/29	5.40	5.59	5.30	5.48	17823327	98948760.00
2013/05/30	5.45	5.52	5.39	5.44	10614074	58802804.00
2013/05/31	5.45	5.69	5.42	5.55	22656361	129150880.00
2013/06/03	5.58	5.63	5.48	5.61	11772903	66600576.00
2013/06/04	5.60	5.72	5.36	5.67	22772370	127993416.00
2013/06/05	5.61	5.68	5.54	5.58	9195521	52395940.00
2013/06/06	5.55	5.57	5.33	5.33	11333974	62690000.00
2013/06/07	5.34	5.39	5.24	5.26	8088950	43682108.00
2013/06/13	5.18	5.18	5.00	5.13	6623527	34424204.00
2013/06/14	5.10	5.17	5.05	5.15	5613706	29245180.00
2013/06/17	5.17	5.19	5.05	5.10	4973378	25884548.00
2013/06/18	5.14	5.62	5.14	5.62	21632935	121200576.00
2013/06/19	5.76	5.93	5.67	5.90	47853778	282760992.00
2013/06/28	5.60	5.68	5.30	5.30	39561658	219017120.00
2013/07/01	5.33	5.58	5.08	5.55	23974190	131385712.00
2013/07/02	5.52	5.80	5.47	5.62	22465814	129438864.00
2013/07/03	5.70	6.19	5.61	6.10	45464454	277693984.00
2013/07/04	5.96	6.28	5.88	6.11	33163913	205782432.00
2013/07/05	6.09	6.18	5.97	5.99	20147099	123902192.00
2013/07/08	5.90	5.94	5.62	5.68	18245571	107302080.00
2013/07/09	5.66	6.26	5.65	6.26	34165941	209936784.00
2013/07/10	6.29	6.39	6.11	6.36	33423269	212962992.00
2013/07/11	6.37	6.55	6.19	6.27	40809610	262966368.00
2013/07/12	6.30	6.53	6.22	6.28	29053294	187447728.00
2013/07/15	6.27	6.73	6.27	6.60	34143689	226585088.00
2013/07/16	6.54	6.69	6.45	6.58	22596033	150296080.00
2013/07/17	6.58	6.58	6.29	6.30	23469908	152557200.00
2013/07/18	6.29	6.53	6.20	6.40	20204682	131584776.00
2013/07/19	6.41	6.44	6.00	6.05	25976656	163359536.00
2013/07/22	5.99	6.17	5.89	6.15	15594467	95989280.00
2013/07/23	6.14	6.31	6.08	6.24	16532011	104559008.00
2013/07/24	6.24	6.26	6.00	6.14	15834774	98470760.00
2013/07/25	6.22	6.58	6.22	6.28	26362506	171308176.00
2013/07/26	6.20	6.27	6.03	6.12	12421144	77516424.00
2013/07/29	6.06	6.06	5.90	5.93	10940025	66341188.00
2013/07/30	5.90	6.03	5.72	5.94	10433778	62686744.00
2013/07/31	6.00	6.03	5.88	5.92	5997311	36336584.00
2013/08/01	5.95	6.08	5.91	6.07	8945880	54812680.00
2013/08/02	6.11	6.16	6.02	6.04	8612538	53166260.00
2013/08/05	6.09	6.33	6.04	6.32	15257137	96530320.00
2013/08/06	6.33	6.38	6.21	6.34	13441745	86294128.00
2013/08/07	6.36	6.48	6.23	6.24	10667562	68572728.00
2013/08/08	6.26	6.30	6.13	6.22	8232153	51812164.00
2013/08/09	6.23	6.28	6.08	6.15	8756036	54846848.00
2013/08/12	6.25	6.29	6.15	6.26	11921360	75303816.00
2013/08/13	6.29	6.58	6.28	6.52	24234716	158582320.00
2013/08/14	6.50	6.53	6.38	6.44	13338158	87201680.00
2013/08/15	6.45	6.51	6.22	6.23	10620962	68585520.00
2013/08/16	6.17	6.33	6.00	6.01	14029216	87115248.00
2013/08/19	5.98	6.13	5.92	6.10	6531609	40278100.00
2013/08/20	6.16	6.27	6.10	6.12	8387075	52636168.00
2013/08/21	6.15	6.20	6.00	6.15	7611581	47137984.00
2013/08/22	6.15	6.35	6.07	6.33	13666488	86308480.00
2013/08/23	6.36	6.40	6.06	6.21	12566619	79384096.00
2013/08/26	6.17	6.34	6.12	6.31	10250883	65029680.00
2013/08/27	6.31	6.32	6.14	6.19	10837760	68256776.00
2013/08/28	6.14	6.14	6.03	6.04	11463882	70787568.00
2013/08/29	6.02	6.11	5.95	6.00	8453149	51759384.00
2013/08/30	6.00	6.04	5.78	5.82	10732797	64705896.00
2013/09/02	5.83	5.95	5.64	5.73	14043031	81843352.00
2013/09/03	5.74	6.04	5.70	6.03	15534310	93482576.00
2013/09/04	6.01	6.11	5.93	6.07	8923802	54629220.00
2013/09/05	6.07	6.15	6.02	6.06	9079447	56255140.00
2013/09/06	6.05	6.56	5.96	6.36	28807325	181815664.00
2013/09/09	6.32	6.45	6.28	6.36	27764015	179320560.00
2013/09/10	6.36	6.44	6.24	6.29	16539913	106169776.00
2013/09/11	6.27	6.28	6.11	6.14	11013730	69139160.00
2013/09/12	6.11	6.23	6.10	6.22	8867254	55670008.00
2013/09/13	6.20	6.22	6.12	6.14	6546999	41048720.00
2013/09/16	6.18	6.38	6.11	6.37	13336377	84836008.00
2013/09/17	6.36	6.51	6.27	6.47	28303135	184001232.00
2013/09/18	6.41	6.48	6.21	6.26	19426604	125549128.00
2013/09/23	6.25	6.55	6.19	6.53	21284969	138815984.00
2013/09/24	6.50	6.53	6.35	6.50	14894990	97285528.00
2013/09/25	6.63	6.72	6.35	6.35	19631066	129975224.00
2013/09/26	6.33	6.38	6.08	6.09	12969910	81850816.00
2013/09/27	6.09	6.18	6.00	6.04	7573547	46809360.00
2013/09/30	6.12	6.19	6.04	6.15	5903786	36787944.00
2013/10/08	6.15	6.21	6.05	6.19	6425210	40096936.00
2013/10/09	6.19	6.37	6.15	6.33	10123068	64426476.00
2013/10/10	6.29	6.39	6.22	6.33	9903769	63429308.00
2013/10/11	6.37	6.43	6.32	6.42	10721230	69620664.00
2013/10/14	6.51	6.63	6.40	6.55	17821369	118089728.00
2013/10/15	6.55	6.61	6.36	6.53	13624685	89522560.00
2013/10/16	6.52	7.09	6.52	6.88	49144938	341495552.00
2013/10/17	6.76	7.01	6.75	6.83	22474031	156635072.00
2013/10/18	6.81	7.17	6.66	7.08	25142319	178829104.00
2013/10/21	7.12	7.27	6.94	7.24	26658154	192670928.00
2013/10/22	7.24	7.44	7.16	7.22	27004274	198979056.00
2013/10/23	7.18	7.18	6.79	6.88	21463717	152057680.00
2013/10/24	6.86	7.27	6.83	7.18	21396876	153980176.00
2013/10/25	7.16	7.23	6.80	6.91	13831639	97923864.00
2013/10/28	6.90	6.94	6.67	6.84	7614795	52611760.00
2013/10/29	6.87	6.95	6.21	6.59	12643008	85130696.00
2013/10/30	6.64	6.87	6.56	6.75	8276879	56472692.00
2013/10/31	6.75	6.84	6.68	6.80	6191176	42538808.00
2013/11/01	6.78	6.80	6.44	6.47	10442603	69393968.00
2013/11/04	6.43	6.67	6.43	6.55	5774784	38559572.00
2013/11/05	6.53	6.75	6.45	6.73	5152276	34847816.00
2013/11/06	6.71	6.88	6.60	6.63	6746759	46272448.00
2013/11/07	6.66	6.66	6.39	6.48	6723098	44347188.00
2013/11/08	6.44	6.44	6.15	6.23	8719556	55402896.00
2013/11/11	6.20	6.33	6.11	6.25	5598911	35340072.00
2013/11/12	6.30	6.30	6.16	6.29	3746751	23756684.00
2013/11/13	6.29	6.34	6.16	6.18	3939067	25039608.00
2013/11/14	6.13	6.24	6.12	6.19	2982499	18734576.00
2013/11/15	6.19	6.39	6.19	6.30	6051980	38854596.00
2013/11/18	6.31	6.49	6.28	6.45	6156907	40152808.00
2013/11/19	6.46	6.50	6.37	6.43	5998109	39128744.00
2013/11/20	6.43	6.49	6.38	6.45	6181908	40354060.00
2013/11/21	6.44	6.57	6.25	6.53	12823788	83299696.00
2013/11/22	6.55	6.55	6.36	6.43	9429920	61484868.00
2013/11/25	6.45	6.51	6.34	6.42	12920355	84976864.00
2013/11/26	6.42	7.00	6.40	6.82	25514917	171993120.00
2013/11/27	6.65	6.77	6.56	6.71	19166134	129887368.00
2013/11/28	6.69	6.86	6.67	6.72	13064183	89498384.00
2013/11/29	6.69	6.78	6.65	6.69	7138854	48560780.00
2013/12/02	6.51	6.68	6.29	6.35	10134389	66637124.00
2013/12/03	6.36	6.49	6.36	6.48	4324154	28286560.00
2013/12/04	6.47	6.63	6.45	6.55	7740819	51614352.00
2013/12/05	6.55	6.64	6.52	6.62	5925449	39691156.00
2013/12/06	6.62	6.80	6.60	6.63	8837051	59996464.00
2013/12/09	6.67	6.85	6.67	6.76	8805833	60441172.00
2013/12/10	6.79	6.87	6.71	6.79	6605416	45542972.00
2013/12/11	6.75	6.77	6.60	6.66	6892960	46534744.00
2013/12/12	6.63	6.75	6.58	6.67	5421939	36645652.00
2013/12/13	6.63	6.99	6.61	6.92	17264001	120381544.00
2013/12/16	6.90	6.94	6.77	6.91	11733246	81633416.00
2013/12/17	6.91	6.94	6.78	6.80	6708068	46517124.00
2013/12/18	6.82	7.01	6.71	6.99	13667115	95033272.00
2013/12/19	6.99	7.05	6.70	6.72	14515846	101406248.00
2013/12/20	6.63	6.75	6.42	6.51	12219536	82094784.00
2013/12/23	6.56	6.58	6.45	6.52	4717578	31231956.00
2013/12/24	6.57	6.66	6.48	6.57	4876837	32581940.00
2013/12/25	6.57	6.61	6.48	6.59	5559709	36911884.00
2013/12/26	6.58	6.58	6.07	6.10	14673839	93773560.00
2013/12/27	6.11	6.24	6.11	6.16	9148909	57381956.00
2013/12/30	6.20	6.23	6.05	6.10	10242031	63702544.00
2013/12/31	6.10	6.18	6.05	6.13	6432506	40041956.00
2014/01/02	6.12	6.30	6.12	6.26	7712001	48619096.00
2014/01/03	6.24	6.41	6.08	6.31	10244158	64409908.00
2014/01/06	6.31	6.31	5.87	6.06	13882180	84907088.00
2014/01/07	6.01	6.17	5.74	6.07	17615658	106274312.00
2014/01/08	5.99	6.19	5.94	6.11	7165461	44286272.00
2014/01/09	6.07	6.20	6.05	6.13	6587160	40980636.00
2014/01/10	6.19	6.21	5.79	6.08	4952525	30711076.00
2014/01/13	6.08	6.16	5.97	6.04	4833552	29748596.00
2014/01/14	6.04	6.13	6.00	6.09	5432440	33518940.00
2014/01/15	6.08	6.15	6.05	6.12	4085675	25316628.00
2014/01/16	6.10	6.15	6.07	6.09	3386071	21015130.00
2014/01/17	6.08	6.10	5.94	5.96	4438412	27074946.00
2014/01/20	5.96	5.96	5.80	5.93	4258195	25557560.00
2014/01/21	6.08	6.33	6.02	6.25	10827703	67941232.00
2014/01/22	6.29	6.70	6.26	6.53	17388367	115175792.00
2014/01/23	6.50	6.75	6.46	6.60	12756964	86156688.00
2014/01/24	6.65	6.81	6.61	6.64	11475839	77956256.00
2014/01/27	6.60	6.70	6.54	6.58	9580469	64302800.00
2014/01/28	6.58	6.63	6.45	6.57	7150746	47427620.00
2014/01/29	6.59	6.65	6.52	6.63	8833231	59092016.00
2014/01/30	6.59	6.63	6.41	6.46	8758922	57731968.00
2014/02/07	6.44	6.81	6.35	6.80	16029443	108450304.00
2014/02/10	7.03	7.49	7.03	7.49	16607251	124588304.00
2014/02/11	8.19	8.25	7.58	7.80	64027078	515601440.00
2014/02/12	7.79	8.35	7.63	7.99	47711331	386999072.00
2014/02/13	7.84	8.14	7.72	7.83	21480072	171931664.00
2014/02/14	7.82	8.18	7.82	7.99	20352088	164929120.00
2014/02/17	8.05	8.22	7.87	8.11	24346266	198750688.00
2014/02/18	8.08	8.18	7.77	7.98	26237816	211706064.00
2014/02/19	8.00	8.10	7.68	7.72	24537669	195673952.00
2014/02/20	7.81	7.83	7.51	7.76	15554057	121171888.00
2014/02/21	7.72	7.94	7.62	7.75	11227029	88583808.00
2014/02/24	7.73	7.81	7.50	7.73	11429607	88551896.00
2014/02/25	7.75	7.97	7.23	7.36	21958519	169972000.00
2014/02/26	7.36	7.62	7.15	7.60	17548199	132008648.00
2014/02/27	7.61	7.95	7.42	7.59	28320197	222003232.00
2014/02/28	7.50	7.88	7.26	7.77	20209838	153735856.00
2014/03/03	7.80	7.93	7.62	7.81	20755793	163113888.00
2014/03/04	7.68	7.85	7.68	7.77	17173928	135071648.00
2014/03/05	7.80	7.97	7.66	7.73	20115050	159433936.00
2014/03/06	7.63	7.72	7.41	7.63	17297688	132220208.00
2014/03/07	7.60	7.64	7.42	7.45	12600502	95699520.00
2014/03/10	7.34	7.34	6.90	6.98	16525206	119154376.00
2014/03/11	6.90	7.00	6.86	6.94	10632847	74552968.00
2014/03/12	6.96	7.09	6.83	7.05	9106834	64451096.00
2014/03/13	7.04	7.10	6.96	7.06	7079486	50463880.00
2014/03/14	7.03	7.08	6.91	6.97	3915575	27788252.00
2014/03/17	6.98	7.19	6.95	7.16	7054429	50783212.00
2014/03/18	7.14	7.89	7.11	7.58	25861451	199545392.00
2014/03/19	7.60	7.74	7.45	7.66	13531222	104189416.00
2014/03/20	7.54	7.96	7.53	7.57	23752891	187575952.00
2014/03/21	7.57	7.86	7.45	7.80	14875115	115337816.00
2014/03/24	7.80	7.88	7.71	7.77	9380011	73941432.00
2014/03/25	7.78	7.81	7.50	7.58	9129116	70680592.00
2014/03/26	7.63	7.80	7.51	7.80	9039942	70672992.00
2014/03/27	7.77	7.80	7.60	7.63	5741403	44763336.00
2014/03/28	7.56	7.68	7.24	7.26	11747257	88379488.00
2014/03/31	7.26	7.34	7.10	7.16	6606093	48253816.00
2014/04/01	7.20	7.43	7.17	7.41	6445642	47965640.00
2014/04/02	7.37	7.47	7.27	7.35	4852720	36095200.00
2014/04/03	7.37	7.48	7.17	7.34	5082690	37660144.00
2014/04/04	7.29	7.42	7.27	7.37	3732828	27823216.00
2014/04/08	7.39	7.65	7.36	7.59	9274803	71107888.00
2014/04/09	7.56	7.65	7.54	7.63	5839122	44915464.00
2014/04/10	7.63	7.78	7.54	7.63	8710368	67469200.00
2014/04/11	7.50	7.60	7.45	7.49	6363902	48351900.00
2014/04/14	7.48	7.77	7.44	7.73	12642237	98019176.00
2014/04/15	7.67	7.84	7.63	7.68	7803263	61177952.00
2014/04/16	7.69	7.76	7.57	7.67	6581007	50859304.00
2014/04/17	7.68	7.82	7.59	7.74	6478224	50631988.00
2014/04/18	7.74	7.88	7.65	7.79	8689099	68668392.00
2014/04/21	7.73	7.82	7.52	7.54	8906391	69406464.00
2014/04/22	7.56	7.72	7.48	7.60	8167182	63007204.00
2014/04/23	7.65	7.68	7.51	7.60	3721997	28595132.00
2014/04/24	7.55	7.71	7.55	7.63	5101872	39571432.00
2014/04/25	7.62	7.69	7.16	7.17	8368619	62237292.00
2014/04/28	7.17	7.27	7.07	7.13	5359753	38994208.00
2014/04/29	7.00	7.25	6.92	7.13	3683543	26702096.00
2014/04/30	7.15	7.31	7.14	7.26	2604133	19157526.00
2014/05/05	7.26	7.36	7.18	7.26	3569916	26254136.00
2014/05/06	7.23	7.32	7.22	7.25	2917445	21502206.00
2014/05/07	7.25	7.25	7.07	7.10	3096786	22436596.00
2014/05/08	7.10	7.19	7.03	7.05	1900040	13680557.00
2014/05/09	7.05	7.09	6.69	6.71	6752605	46933248.00
2014/05/12	6.73	6.87	6.65	6.84	5684511	39093512.00
2014/05/13	6.82	6.89	6.60	6.69	7414163	50498640.00
2014/05/14	6.64	6.79	6.58	6.60	6877139	46502920.00
2014/05/15	6.60	6.69	6.54	6.63	3486264	23443402.00
2014/05/16	6.61	6.67	6.22	6.40	9065592	59032432.00
2014/05/19	6.37	6.48	6.32	6.46	3853592	25116740.00
2014/05/20	6.49	6.58	6.34	6.40	4952826	32428938.00
2014/05/21	6.37	6.44	6.27	6.40	4990326	32149324.00
2014/05/22	6.41	6.52	6.36	6.38	4948466	32328888.00
2014/05/23	6.41	6.62	6.40	6.53	7813984	51697608.00
2014/05/26	6.62	6.89	6.62	6.76	7669996	52674800.00
2014/05/27	6.76	6.77	6.68	6.70	2757269	18800632.00
2014/05/28	6.71	6.98	6.70	6.92	7379523	51387760.00
2014/05/29	6.90	6.94	6.76	6.79	2783358	19249196.00
2014/05/30	6.80	6.86	6.77	6.79	2777085	19206616.00
2014/06/03	6.88	6.95	6.71	6.78	5017488	34835436.00
2014/06/04	6.76	6.82	6.68	6.74	3033300	20711830.00
2014/06/05	6.77	6.88	6.67	6.84	3094883	21256268.00
2014/06/06	6.85	6.89	6.77	6.87	3255066	22604062.00
2014/06/09	6.88	6.90	6.80	6.84	3243236	22534130.00
2014/06/10	6.87	6.89	6.72	6.80	4749701	32867692.00
2014/06/11	6.84	6.84	6.68	6.77	6982526	47762608.00
2014/06/12	6.74	6.78	6.65	6.75	3672873	25077958.00
2014/06/13	6.75	7.05	6.69	6.96	12117753	85356408.00
2014/06/17	7.40	7.67	7.25	7.47	28349130	214932576.00
2014/06/18	7.50	7.55	7.30	7.45	8326400	62682720.00
2014/06/19	7.48	7.53	7.30	7.36	7815136	58777792.00
2014/06/20	7.36	7.43	7.25	7.41	4065342	29987414.00
2014/06/23	7.41	7.69	7.41	7.61	7768826	59184228.00
2014/06/24	7.68	7.74	7.59	7.64	8148798	62464928.00
2014/06/25	7.66	7.66	7.47	7.63	4650234	35141956.00
2014/06/26	7.63	7.68	7.52	7.59	5128050	38910672.00
2014/06/27	7.60	7.85	7.53	7.78	8628898	66742252.00
2014/06/30	7.79	7.93	7.61	7.67	9027646	70353296.00
2014/07/01	7.70	7.78	7.61	7.74	5058536	39043140.00
2014/07/02	7.75	7.75	7.58	7.66	4786427	36589944.00
2014/07/03	7.69	7.95	7.63	7.88	9085777	71189136.00
2014/07/04	7.95	8.24	7.93	7.93	13665848	110222960.00
2014/07/07	7.95	8.72	7.95	8.52	24863098	209095552.00
2014/07/08	8.50	8.92	8.40	8.80	20905800	182594816.00
2014/07/09	8.70	8.86	8.44	8.50	11353717	97963688.00
2014/07/10	8.50	8.67	8.33	8.41	10548948	89915064.00
2014/07/11	8.34	8.82	8.34	8.55	9513187	82095448.00
2014/07/14	8.56	9.20	8.55	9.19	24169663	217457456.00
2014/07/15	9.27	9.32	8.86	8.97	16500116	149567824.00
2014/07/16	8.99	9.03	8.70	8.85	9949686	87917152.00
2014/07/17	8.79	8.86	8.60	8.75	7539467	65664472.00
2014/07/18	8.73	9.13	8.68	8.99	10234968	91891952.00
2014/07/21	9.03	9.06	8.60	8.65	10692967	94614576.00
2014/07/22	8.61	9.22	8.61	9.10	14208577	127310664.00
2014/07/23	9.10	9.18	8.71	8.84	9907103	88128600.00
2014/07/24	8.79	9.11	8.63	8.71	9683005	84774648.00
2014/07/25	8.71	8.86	8.68	8.78	6489659	56677068.00
2014/07/28	8.80	9.03	8.73	8.97	11070577	98473728.00
2014/07/29	8.97	9.42	8.88	9.28	15777513	145130976.00
2014/07/30	9.28	9.42	9.12	9.22	7801714	72243152.00
2014/07/31	9.22	9.28	9.10	9.23	5804739	53397812.00
2014/08/01	9.18	9.25	8.80	9.01	13764383	123946656.00
2014/08/04	8.97	9.15	8.87	9.03	10663350	96052640.00
2014/08/05	9.03	9.03	8.64	8.75	16835495	147314192.00
2014/08/06	8.71	8.81	8.54	8.71	15027589	130210280.00
2014/08/07	8.69	8.77	8.38	8.44	21665556	185321408.00
2014/08/08	8.44	8.64	8.32	8.61	15957559	134918480.00
2014/08/11	8.59	8.80	8.55	8.71	11060574	96186352.00
2014/08/12	8.69	8.81	8.51	8.79	13334886	115660760.00
2014/08/13	8.76	8.83	8.66	8.79	9776208	85544832.00
2014/08/14	8.81	9.03	8.70	8.73	17392733	154054064.00
2014/08/15	8.75	9.10	8.75	8.98	15108305	135812352.00
2014/08/18	9.05	9.47	9.04	9.43	26323705	246107040.00
2014/08/19	9.44	9.46	9.17	9.35	12707645	118486864.00
2014/08/20	9.31	9.55	9.26	9.38	12060319	114035904.00
2014/08/21	9.33	9.37	9.11	9.20	10436484	95921376.00
2014/08/22	9.20	9.34	9.15	9.17	6689700	61612548.00
2014/08/25	9.18	9.24	8.98	9.12	7476379	68012728.00
2014/08/26	9.14	9.14	8.74	8.85	8245035	73763520.00
2014/08/27	8.81	8.98	8.80	8.87	3596942	32055644.00
2014/08/28	8.87	8.92	8.65	8.69	6642328	58211516.00
2014/08/29	8.70	8.86	8.70	8.86	4266689	37521572.00
2014/09/01	8.89	9.15	8.86	9.04	5792791	52293352.00
2014/09/02	9.05	9.12	8.93	9.04	9200698	83011688.00
2014/09/03	9.08	9.20	9.00	9.14	9853596	89499136.00
2014/09/04	9.12	9.20	9.08	9.15	6776749	62022900.00
2014/09/05	9.17	9.20	9.00	9.10	8571824	77967840.00
2014/09/09	9.11	9.15	8.98	8.98	10343843	93395016.00
2014/09/10	9.00	9.03	8.87	9.00	8272065	74140352.00
2014/09/11	9.00	9.33	8.95	9.28	16727860	154460512.00
2014/09/12	9.28	9.50	9.13	9.46	15394842	143094864.00
2014/09/15	9.46	9.52	9.26	9.43	12809837	119866528.00
2014/09/16	9.43	10.30	9.40	9.75	40575093	398058528.00
2014/09/17	9.67	9.95	9.60	9.92	24921084	244311888.00
2014/09/18	9.85	10.51	9.80	10.11	29201284	297129248.00
2014/09/19	10.06	10.22	9.75	9.94	16647286	165959712.00
2014/09/22	9.90	9.90	9.57	9.72	12691757	122758192.00
2014/09/23	9.72	10.06	9.61	10.04	15048194	148068864.00
2014/09/24	10.00	10.18	9.83	10.00	12796118	127875888.00
2014/09/25	10.00	10.15	9.75	9.84	15822307	157386896.00
2014/09/26	9.84	9.84	9.57	9.70	10973269	106370304.00
2014/09/29	9.70	9.95	9.70	9.93	9061981	89349312.00
2014/09/30	9.93	9.95	9.79	9.87	6770144	66784076.00
2014/10/08	9.91	10.30	9.85	10.23	16714008	169023536.00
2014/10/09	10.32	10.47	10.11	10.28	16222428	167234592.00
2014/10/10	10.20	10.29	9.93	10.01	10221269	103006896.00
2014/10/13	9.90	9.95	9.67	9.90	12004348	117077440.00
2014/10/14	9.82	9.94	9.76	9.81	5642277	55585048.00
2014/10/15	9.80	9.85	9.65	9.79	6246921	60857076.00
2014/10/16	9.79	10.07	9.69	9.81	10584335	104828592.00
2014/10/17	9.83	9.88	9.44	9.55	10327360	99230760.00
2014/10/20	9.55	9.66	9.43	9.51	10015529	95174160.00
2014/10/21	9.55	9.74	9.46	9.52	6850773	65867056.00
2014/10/22	9.65	9.72	9.46	9.49	5667755	54374188.00
2014/10/23	9.51	9.67	9.43	9.54	9175138	87725504.00
2014/10/24	9.58	9.95	9.54	9.86	11475891	112469792.00
2014/10/27	9.86	10.08	9.70	10.00	12163612	120801128.00
2014/10/28	10.01	10.28	9.85	10.19	17664501	177903616.00
2014/10/29	10.21	10.35	10.09	10.14	17814632	181921376.00
2014/10/30	10.14	10.32	10.02	10.08	15379237	156601472.00
2014/10/31	10.12	10.20	9.67	9.95	15734891	155522432.00
2014/11/03	9.92	10.05	9.87	10.00	8132375	80903064.00
2014/11/04	10.00	10.01	9.75	9.79	7417956	73127952.00
2014/11/05	9.76	9.87	9.69	9.73	7443498	72572168.00
2014/11/06	9.74	9.82	9.69	9.77	6920647	67498264.00
2014/11/07	9.77	9.96	9.71	9.76	9855032	97114088.00
2014/11/10	9.76	10.13	9.76	10.05	17836282	178048464.00
2014/11/11	10.15	10.15	9.48	9.58	12253094	119678064.00
2014/11/12	9.55	9.61	9.29	9.42	15917661	149782800.00
2014/11/13	9.44	9.46	8.90	8.99	17249148	156330224.00
2014/11/14	8.92	9.21	8.90	9.19	8400084	76155016.00
2014/11/17	9.23	9.40	9.12	9.26	7798240	72635160.00
2014/11/18	9.26	9.39	9.21	9.23	5341284	49503136.00
2014/11/19	9.24	9.41	9.21	9.35	9043804	84231584.00
2014/11/20	9.35	9.49	9.31	9.42	8849932	83406216.00
2014/11/21	9.42	9.54	9.38	9.43	8516505	80543608.00
2014/11/24	9.54	9.94	9.46	9.76	14541445	141465792.00
2014/11/25	9.77	10.06	9.66	10.01	19122276	189502720.00
2014/11/26	10.05	10.25	9.85	10.21	18057488	181208480.00
2014/11/27	10.28	10.35	9.90	10.17	14736724	148810160.00
2014/11/28	10.10	10.13	9.90	9.98	16677029	167070720.00
2014/12/01	9.95	10.14	9.60	9.69	20091750	197508672.00
2014/12/02	9.71	10.66	9.71	10.66	37451782	388850368.00
2014/12/03	10.80	10.98	10.47	10.87	34046995	365335456.00
2014/12/04	10.88	11.15	10.71	10.97	26651175	292150880.00
2014/12/05	10.98	10.99	10.05	10.48	29963150	312985824.00
2015/01/14	11.12	11.53	10.50	10.73	62483290	685368640.00
2015/01/15	10.36	10.56	10.09	10.30	25268724	259546256.00
2015/01/16	10.30	10.55	10.05	10.54	26022962	266546336.00
2015/01/19	10.20	10.48	9.79	9.89	22644778	231084608.00
2015/01/20	9.95	10.74	9.95	10.60	23495715	242911872.00
2015/01/21	10.55	11.08	10.55	10.87	21327330	231280336.00
2015/01/22	10.82	10.99	10.66	10.74	15480755	167115696.00
2015/01/23	10.80	10.85	10.56	10.69	12710563	135953248.00
2015/01/26	10.69	10.80	10.36	10.76	19281717	204131408.00
2015/01/27	10.75	10.85	10.43	10.69	13503818	143659920.00
2015/01/28	10.67	10.67	10.36	10.40	12387999	130050528.00
2015/01/29	10.30	10.48	10.16	10.30	9822527	101504832.00
2015/01/30	10.31	10.46	10.07	10.17	9513800	97766496.00
2015/02/02	10.17	10.59	10.04	10.36	15389085	159445408.00
2015/02/03	10.36	10.48	10.25	10.41	10863424	112652304.00
2015/02/04	10.46	10.89	10.40	10.83	24243462	260430144.00
2015/02/05	10.80	10.88	10.56	10.63	13971680	150391920.00
2015/02/06	10.63	10.72	10.15	10.23	11867858	122022184.00
2015/02/09	10.33	10.37	9.96	10.15	8788459	89030520.00
2015/02/10	10.27	10.27	10.10	10.22	10457389	106456976.00
2015/02/11	10.30	10.36	10.18	10.24	11671638	119707704.00
2015/02/12	10.29	10.77	10.22	10.60	14068891	148087392.00
2015/02/13	10.65	10.99	10.55	10.76	16457951	177716464.00
2015/02/16	10.82	10.97	10.81	10.89	13134038	143230112.00
2015/02/17	10.97	10.97	10.77	10.78	10140986	109846976.00
2015/02/25	10.84	11.35	10.76	11.20	19771890	218387072.00
2015/02/26	11.20	11.31	11.07	11.19	15682660	175535936.00
2015/02/27	11.23	11.40	11.13	11.34	15829636	178528304.00
2015/03/02	11.36	11.82	11.27	11.81	22344144	259710208.00
2015/03/03	11.85	12.53	11.72	12.01	24951690	305019904.00
2015/03/04	12.11	12.32	11.90	12.12	13485914	162632064.00
2015/03/05	12.12	12.12	11.66	11.86	16057277	189833728.00
2015/03/06	11.86	11.93	11.45	11.49	14436886	168118896.00
2015/03/09	11.47	12.17	11.28	12.11	18320464	216926784.00
2015/03/10	12.12	12.42	11.86	11.94	15628539	189386944.00
2015/03/11	11.89	12.07	11.78	11.88	11474058	136091776.00
2015/03/12	11.99	12.00	11.50	11.74	19113144	223706224.00
2015/03/13	11.75	12.11	11.68	11.96	14715503	175671104.00
2015/03/16	12.10	12.29	11.95	12.18	22248081	268909984.00
2015/03/17	12.21	12.46	12.10	12.22	18437893	226200640.00
2015/03/18	12.36	12.83	12.28	12.81	29347689	370368512.00
2015/03/19	12.80	13.28	12.65	12.99	20662576	267601264.00
2015/03/20	12.94	13.14	12.76	12.98	19924080	257036832.00
2015/03/23	12.99	13.16	12.89	13.00	21934564	284974336.00
2015/03/24	13.02	13.10	12.58	12.70	25790564	329870624.00
2015/03/25	12.72	13.15	12.65	13.11	23655062	303697376.00
2015/03/26	13.07	13.91	12.95	13.62	31959906	433139200.00
2015/03/27	13.70	14.60	13.70	14.29	35778929	510247296.00
2015/03/30	14.50	14.76	14.01	14.36	26669869	381245472.00
2015/03/31	14.39	14.50	14.07	14.13	23247860	330390464.00
2015/04/01	14.20	14.70	14.17	14.58	23498450	339399584.00
2015/04/02	14.68	15.39	14.61	15.14	24841603	375668384.00
2015/04/03	15.17	15.24	14.83	15.17	18903026	284686240.00
2015/04/07	15.17	15.28	15.00	15.20	19885064	300684544.00
2015/04/08	15.30	15.32	14.50	14.62	27540967	408499776.00
2015/04/09	14.62	14.68	13.61	14.06	23152375	324659456.00
2015/04/10	13.90	14.32	13.85	14.26	17800220	252682432.00
2015/04/13	14.28	14.52	14.00	14.43	22280797	317985472.00
2015/04/14	14.43	15.11	14.23	14.71	23873828	350559520.00
2015/04/15	14.63	14.65	13.80	13.85	18456670	261432608.00
2015/04/16	13.70	14.21	13.30	14.13	14787146	205717600.00
2015/04/17	14.20	14.35	14.06	14.07	21947255	310511520.00
2015/04/20	13.90	14.02	13.54	13.56	23064070	317656640.00
2015/04/21	13.56	14.08	13.50	14.04	17457842	241356976.00
2015/04/22	14.16	14.80	14.15	14.66	36231206	523865472.00
2015/04/23	14.66	14.84	14.50	14.61	24977383	366247712.00
2015/04/24	14.48	14.79	14.25	14.63	24900922	361999136.00
2015/04/27	14.70	15.39	14.70	14.95	31076075	468208960.00
2015/04/28	14.90	14.95	14.04	14.19	23191017	334524928.00
2015/04/29	14.15	14.57	13.81	14.24	17190851	244825856.00
2015/04/30	14.25	14.73	14.16	14.30	25126989	363521728.00
2015/05/05	15.56	15.56	15.56	15.56	0	0.00
数据来源:通达信
