600458 时代新材 日线 前复权
      日期	    开盘	    最高	    最低	    收盘	    成交量	    成交额
2011/10/10	12.28	12.68	12.14	12.62	14709494	202610896.00
2011/10/11	12.89	13.26	12.64	12.85	17475089	252890208.00
2011/10/13	13.48	13.95	13.34	13.95	26472782	413020544.00
2011/10/14	13.99	14.32	13.89	14.12	32448506	518605568.00
2011/10/17	14.16	15.15	14.09	14.82	35193080	585755904.00
2011/10/18	14.58	15.24	14.42	14.51	30837470	521935520.00
2011/10/19	14.49	15.09	14.28	14.91	32080424	541355456.00
2011/10/20	14.70	14.74	13.85	14.40	23326482	379086688.00
2011/10/21	14.36	14.74	13.89	14.39	18269758	297207232.00
2011/10/24	14.23	14.36	13.14	14.00	32817282	508593056.00
2011/10/25	13.82	15.22	13.74	15.22	50285879	854551232.00
2011/10/26	15.12	15.61	14.89	15.11	50135968	877231808.00
2011/10/27	15.15	15.28	14.82	14.92	23381210	399480736.00
2011/10/28	15.12	15.57	14.97	15.28	27228846	475216352.00
2011/10/31	15.28	15.82	15.12	15.79	28937316	516304640.00
2011/11/01	15.59	16.13	15.53	15.85	24900982	452424768.00
2011/11/02	15.57	16.29	15.39	16.17	25673216	468981952.00
2011/11/03	16.20	16.62	15.67	15.69	31957445	593802880.00
2011/11/04	15.74	15.99	15.52	15.79	21110825	384124608.00
2011/11/07	15.79	15.96	15.47	15.54	13223191	239043040.00
2011/11/08	15.46	15.53	15.02	15.06	17229863	300139296.00
2011/11/09	15.14	15.80	15.14	15.65	18136572	322648704.00
2011/11/10	15.39	15.65	15.29	15.37	10398818	183898304.00
2011/11/11	15.38	15.62	15.12	15.45	10043357	177418464.00
2011/11/14	15.51	16.01	15.51	15.85	13188633	239981040.00
2011/11/15	15.94	16.12	15.61	15.92	16108545	294850816.00
2011/11/16	15.93	16.02	15.36	15.59	12199050	218549168.00
2011/11/17	15.45	15.89	15.32	15.52	10558138	188977232.00
2011/11/18	15.33	15.42	14.76	14.94	12357427	212735872.00
2011/11/21	14.88	14.99	14.43	14.82	9589511	160476464.00
2011/11/22	14.69	14.85	14.28	14.67	7687948	127944976.00
2011/11/23	14.82	14.86	14.49	14.61	5125433	85586712.00
2011/11/24	14.43	14.58	14.26	14.42	5901764	96459152.00
2011/11/25	14.42	14.69	14.24	14.26	4636494	76044744.00
2011/11/28	14.21	14.39	13.86	13.88	7541691	119999568.00
2011/11/29	14.06	14.42	13.98	14.34	9155432	147864848.00
2011/11/30	14.38	14.39	13.29	13.62	8750027	137177712.00
2011/12/01	14.11	14.20	13.74	13.87	9306945	146993312.00
2011/12/02	13.74	13.80	13.22	13.28	6501918	98030064.00
2011/12/05	13.28	13.32	12.70	13.26	8809181	127770488.00
2011/12/06	13.16	13.16	12.82	12.90	6778059	98339392.00
2011/12/07	12.92	13.03	12.76	12.99	5316827	76765216.00
2011/12/08	12.99	13.16	12.70	13.06	8038321	116627968.00
2011/12/09	12.89	13.06	12.79	12.89	5473528	78853344.00
2011/12/12	12.92	13.03	12.70	12.70	3800348	54594400.00
2011/12/13	12.59	12.63	11.94	12.27	10611090	143134688.00
2011/12/14	12.13	12.37	11.97	11.99	3724942	50209404.00
2011/12/15	11.83	11.93	11.52	11.53	6535013	84121048.00
2011/12/16	11.57	11.86	11.28	11.84	7875154	99720344.00
2011/12/19	11.89	11.89	11.36	11.76	6128314	78171488.00
2011/12/20	11.70	12.00	11.62	11.79	6696406	87467808.00
2011/12/21	11.89	11.97	11.39	11.40	5299637	68058688.00
2011/12/22	11.29	11.39	10.80	11.14	5879494	71024128.00
2011/12/23	11.15	11.58	11.12	11.26	6749432	83642800.00
2011/12/26	11.25	11.34	10.96	10.98	4874355	59306240.00
2011/12/27	10.93	10.98	10.45	10.52	7953249	91039016.00
2011/12/28	10.28	10.51	10.02	10.27	10614401	115978856.00
2011/12/29	10.34	10.67	10.13	10.16	14492691	161476320.00
2011/12/30	10.10	10.34	10.09	10.29	7834159	85827840.00
2012/01/04	10.43	10.52	9.98	10.00	6847018	75076584.00
2012/01/05	9.88	9.88	9.36	9.51	8595589	87060328.00
2012/01/06	9.38	9.56	9.29	9.51	6239411	61674612.00
2012/01/09	9.50	10.10	9.39	10.02	11462604	118787352.00
2012/01/10	10.02	10.57	9.96	10.52	16392347	181290288.00
2012/01/11	10.49	10.59	10.36	10.48	12424879	140164960.00
2012/01/13	10.50	10.88	10.16	10.34	18502671	210284704.00
2012/01/16	10.12	10.20	9.68	9.69	8411916	88983576.00
2012/01/17	9.59	10.47	9.59	10.47	13111591	141916784.00
2012/01/18	10.47	11.16	10.43	10.65	23478468	272700224.00
2012/01/19	10.60	10.93	10.51	10.81	12710258	147876064.00
2012/01/20	10.87	10.99	10.70	10.86	8373787	98433712.00
2012/01/30	10.98	11.31	10.79	10.91	8253175	98963544.00
2012/01/31	10.89	11.03	10.66	10.86	5400528	63329924.00
2012/02/01	10.86	10.97	10.72	10.72	5697500	66815652.00
2012/02/02	10.76	11.28	10.75	11.17	13004794	156492192.00
2012/02/03	11.19	11.33	11.07	11.20	9484592	115863608.00
2012/02/06	11.16	11.27	11.09	11.17	7356286	89406360.00
2012/02/07	11.06	11.09	10.76	10.94	9165892	108401632.00
2012/02/08	10.90	11.28	10.79	11.27	10681750	128926584.00
2012/02/09	11.26	11.53	11.12	11.19	15152307	188800112.00
2012/02/10	11.14	11.43	11.09	11.21	13405384	164119024.00
2012/02/13	11.06	11.32	10.97	11.22	9866983	119765696.00
2012/02/14	11.24	11.28	11.01	11.10	8276709	100007856.00
2012/02/15	11.27	11.54	11.26	11.36	21875860	272096768.00
2012/02/16	11.28	11.66	11.25	11.49	16528024	207681312.00
2012/02/17	11.49	11.67	11.32	11.42	8057656	100699112.00
2012/02/20	11.56	11.78	11.43	11.61	15403473	196020256.00
2012/02/21	11.62	11.67	11.36	11.66	10331456	130807192.00
2012/02/22	11.67	12.28	11.52	12.19	21523496	284919424.00
2012/02/23	12.16	12.24	11.96	12.08	12542001	167444080.00
2012/02/24	12.10	12.19	12.01	12.14	9123975	122024272.00
2012/02/27	12.19	12.70	12.19	12.33	17053985	235006048.00
2012/02/28	12.23	12.43	12.06	12.30	10806628	146717744.00
2012/02/29	12.21	12.39	12.02	12.09	8945106	119992680.00
2012/03/01	12.01	12.17	11.99	12.09	4087343	54543064.00
2012/03/02	12.11	12.49	12.09	12.36	9104358	124398952.00
2012/03/05	12.46	12.46	12.24	12.36	10118106	138478336.00
2012/03/06	12.34	12.34	11.93	11.96	9327940	124346016.00
2012/03/07	11.82	12.57	11.82	12.34	20538458	273833600.00
2012/03/08	12.31	12.62	12.20	12.49	27072187	373048960.00
2012/03/09	12.48	12.63	12.29	12.47	16076732	222696128.00
2012/03/12	12.48	12.55	12.20	12.36	12437211	170100000.00
2012/03/13	12.36	12.46	12.28	12.42	8851557	121594408.00
2012/03/14	12.69	12.82	11.74	11.94	25155079	348613792.00
2012/03/15	11.82	11.99	11.38	11.54	11759362	150614160.00
2012/03/16	11.59	11.73	11.45	11.72	7401367	94346616.00
2012/03/19	11.66	11.86	11.59	11.85	7207061	93013696.00
2012/03/20	11.86	11.86	11.34	11.39	9598481	121475752.00
2012/03/21	11.49	11.71	11.34	11.54	8464718	106687312.00
2012/03/22	11.73	11.96	11.62	11.68	12319880	160048768.00
2012/03/23	11.51	11.59	11.36	11.42	5753023	72135304.00
2012/03/26	11.41	11.43	11.09	11.16	6124234	74658760.00
2012/03/27	11.17	11.28	10.70	10.76	11910808	140867616.00
2012/03/28	10.73	10.73	10.21	10.22	8561546	95430848.00
2012/03/29	10.14	10.31	9.80	10.29	8080672	86600736.00
2012/03/30	10.17	10.36	10.05	10.14	4492768	48770040.00
2012/04/05	10.25	10.61	10.17	10.56	8071418	90791248.00
2012/04/06	10.55	10.72	10.48	10.61	6125461	70072816.00
2012/04/09	10.56	10.88	10.45	10.69	7507557	87040888.00
2012/04/11	10.70	11.02	10.68	10.99	7026601	82978640.00
2012/04/12	11.03	11.15	10.89	11.12	6503327	77873704.00
2012/04/13	11.16	11.20	11.03	11.12	6487039	78430288.00
2012/04/16	11.04	11.39	10.96	11.17	6508558	79648952.00
2012/04/17	11.28	11.46	11.05	11.18	6809584	83713392.00
2012/04/18	11.21	12.01	11.06	11.88	20762342	266040944.00
2012/04/19	11.89	12.10	11.65	11.76	14910578	195905680.00
2012/04/20	11.76	12.75	11.76	12.65	31435967	439806176.00
2012/04/23	12.57	13.06	12.44	12.73	34353436	488642624.00
2012/04/24	12.57	12.76	12.19	12.76	24395077	338937568.00
2012/04/25	12.65	13.51	12.43	13.30	31148978	452246080.00
2012/04/26	13.22	13.31	12.82	12.96	19314871	281660512.00
2012/04/27	12.86	12.92	12.45	12.48	12278421	172894416.00
2012/05/02	12.61	12.86	12.49	12.53	12689308	179696336.00
2012/05/03	12.42	12.72	12.28	12.52	12157216	168478608.00
2012/05/04	12.54	12.73	12.46	12.54	7717332	107859056.00
2012/05/07	12.39	12.72	12.32	12.54	7352073	102041064.00
2012/05/08	12.51	13.20	12.43	12.96	19074990	276001792.00
2012/05/09	12.86	12.93	12.46	12.50	11862223	167715888.00
2012/05/10	12.46	12.58	12.32	12.36	9089353	125802120.00
2012/05/11	12.43	12.55	11.96	11.97	11665041	158453200.00
2012/05/14	12.24	12.39	12.05	12.10	8003135	108600800.00
2012/05/15	11.97	12.26	11.87	12.26	5296724	70820976.00
2012/05/16	12.24	12.46	12.20	12.25	5306214	72601896.00
2012/05/17	12.24	12.49	12.21	12.43	6311558	86855024.00
2012/05/18	12.32	12.36	11.90	11.94	10280659	136964880.00
2012/05/21	12.20	12.82	12.20	12.40	14124679	196370336.00
2012/05/22	12.67	12.78	12.40	12.54	11320898	157835328.00
2012/05/23	12.43	12.69	12.43	12.64	8436369	117993896.00
2012/05/24	12.91	13.17	12.63	12.71	17392101	250720832.00
2012/05/25	12.66	13.32	12.51	13.16	22119927	321523904.00
2012/05/28	13.11	13.80	12.97	13.73	28838253	433029344.00
2012/05/29	13.70	13.92	13.37	13.58	21456215	327174592.00
2012/05/30	13.51	13.72	13.44	13.66	11949775	181753008.00
2012/05/31	13.55	13.58	13.06	13.12	17031259	252387056.00
2012/06/01	13.11	13.38	13.07	13.16	7791622	114935216.00
2012/06/04	12.76	13.11	12.72	12.76	9120136	130560872.00
2012/06/05	12.80	12.96	12.36	12.44	9655119	134056616.00
2012/06/06	12.44	12.56	12.13	12.24	9319091	125753248.00
2012/06/07	12.46	12.49	12.22	12.26	5164427	70183008.00
2012/06/08	12.39	12.72	12.39	12.54	10044816	139534864.00
2012/06/11	12.56	12.85	12.49	12.84	5983262	84185928.00
2012/06/12	12.74	12.80	12.57	12.60	3450388	48310468.00
2012/06/13	12.70	12.79	12.39	12.69	4751796	66126376.00
2012/06/14	12.70	12.70	12.40	12.42	3991628	55180280.00
2012/06/15	12.45	12.56	12.17	12.32	4582187	62077384.00
2012/06/18	12.36	12.66	12.36	12.55	4157103	57648436.00
2012/06/19	12.56	12.79	12.40	12.57	4902089	68171752.00
2012/06/20	12.52	12.68	12.47	12.49	3160457	43843144.00
2012/06/21	12.45	12.46	12.24	12.30	3607177	48818176.00
2012/06/25	12.20	12.27	11.26	11.29	9978761	126765416.00
2012/06/26	11.22	11.22	10.83	11.10	6663086	79145856.00
2012/06/28	11.02	11.32	10.97	11.12	4848136	58417532.00
2012/06/29	11.03	11.68	10.58	11.55	8296572	99405296.00
2012/07/02	11.52	11.66	11.25	11.36	5530253	68755864.00
2012/07/03	11.39	11.58	11.11	11.16	5663047	69566064.00
2012/07/04	11.16	11.28	10.94	11.06	5142838	61284464.00
2012/07/05	10.98	10.98	10.69	10.75	4950608	57165136.00
2012/07/06	10.81	10.99	10.62	10.96	4521659	52461028.00
2012/07/09	10.96	10.96	10.49	10.52	6625914	75810424.00
2012/07/10	10.34	10.65	10.34	10.51	3218924	36175556.00
2012/07/11	10.66	10.93	10.56	10.78	7210675	83009344.00
2012/07/12	10.71	10.99	10.53	10.96	6831660	79300312.00
2012/07/13	10.89	11.37	10.86	11.16	8603042	103872384.00
2012/07/16	11.16	11.26	10.93	10.95	5909145	70490256.00
2012/07/17	10.89	11.12	10.76	11.11	4037709	47529608.00
2012/07/18	11.09	11.20	10.87	11.15	3157641	37634760.00
2012/07/19	11.12	11.38	11.03	11.26	6224209	75872096.00
2012/07/20	11.26	11.29	10.97	11.03	2691732	32362488.00
2012/07/23	10.93	10.96	10.82	10.86	3667527	42837184.00
2012/07/24	10.76	11.02	10.71	10.89	3085518	36211736.00
2012/07/25	10.86	11.04	10.80	10.83	2182705	25572304.00
2012/07/26	10.89	10.95	10.72	10.74	2115479	24521704.00
2012/07/27	10.76	10.88	10.60	10.62	2996932	34329308.00
2012/07/30	10.69	10.73	10.40	10.49	2625118	29570228.00
2012/07/31	10.47	10.72	10.47	10.60	2756545	31265238.00
2012/08/01	10.59	11.16	10.53	11.04	6242809	73863240.00
2012/08/02	11.01	11.19	10.91	10.99	4174783	49723556.00
2012/08/03	11.02	11.14	10.89	11.13	3028685	36052552.00
2012/08/06	11.13	11.42	11.02	11.39	5348445	65139844.00
2012/08/07	11.39	11.46	11.29	11.39	3528812	43472092.00
2012/08/08	11.39	11.52	11.26	11.43	4761627	58727348.00
2012/08/09	11.43	11.49	11.29	11.43	4357261	53741072.00
2012/08/10	11.42	11.42	11.19	11.22	3392503	41295952.00
2012/08/13	11.21	11.21	10.90	10.91	2880469	34196728.00
2012/08/14	10.89	10.97	10.67	10.89	4316486	50265184.00
2012/08/15	10.89	11.00	10.76	10.78	2461214	28700480.00
2012/08/16	10.79	10.86	10.70	10.73	1817008	20921600.00
2012/08/17	10.60	10.63	10.37	10.56	5669348	63252484.00
2012/08/20	10.50	10.51	10.34	10.39	5239379	57945412.00
2012/08/21	10.44	10.57	10.39	10.56	3298793	37011100.00
2012/08/22	10.58	10.65	10.47	10.54	3138302	35353020.00
2012/08/23	10.54	10.63	10.49	10.59	2184707	24677594.00
2012/08/24	10.52	10.66	10.38	10.39	3498775	39156968.00
2012/08/27	10.33	10.33	9.92	9.92	4070001	43371292.00
2012/08/28	9.92	10.11	9.88	10.04	2878254	30208360.00
2012/08/29	10.01	10.04	9.69	9.72	4198944	43434312.00
2012/08/30	9.72	9.91	9.62	9.81	3581644	36418072.00
2012/08/31	9.80	9.86	9.69	9.76	1748645	17888956.00
2012/09/03	9.68	10.03	9.67	9.94	2837980	29566952.00
2012/09/04	9.99	9.99	9.72	9.75	2552455	26311960.00
2012/09/05	9.76	9.82	9.62	9.82	2696802	27491940.00
2012/09/06	10.28	10.51	10.02	10.11	13305116	143292432.00
2012/09/07	10.17	10.89	10.17	10.69	22043859	248106608.00
2012/09/10	10.76	11.24	10.66	10.99	16610297	195999248.00
2012/09/11	10.99	11.11	10.82	10.91	7670670	90325480.00
2012/09/12	10.96	11.08	10.69	11.03	7367202	86012720.00
2012/09/13	10.97	10.97	10.66	10.67	4534950	52607560.00
2012/09/14	10.81	11.00	10.59	10.86	8056006	93462936.00
2012/09/17	10.75	10.76	10.28	10.32	9614356	107836096.00
2012/09/18	10.27	10.32	10.02	10.08	5213470	55845000.00
2012/09/19	10.10	10.24	10.04	10.19	2734961	29356588.00
2012/09/20	10.14	10.21	9.98	10.00	3064651	32676558.00
2012/09/21	10.00	10.12	9.90	10.05	2616787	27752974.00
2012/09/24	10.01	10.43	9.93	10.36	4518426	49093504.00
2012/09/25	10.29	10.46	10.20	10.22	2930372	32139696.00
2012/09/26	10.19	10.32	10.03	10.09	2046349	21884624.00
2012/09/27	10.09	10.43	10.03	10.37	5111300	55934828.00
2012/09/28	10.25	10.59	10.25	10.54	7330226	81959976.00
2012/10/08	10.54	10.64	10.22	10.35	4719462	51959208.00
2012/10/09	10.26	10.69	10.26	10.59	5052015	56994340.00
2012/10/10	10.59	10.78	10.49	10.77	6666258	75996704.00
2012/10/11	10.93	11.26	10.86	11.03	15187000	179951520.00
2012/10/12	10.96	11.09	10.76	10.86	4771580	55953032.00
2012/10/15	10.82	10.95	10.63	10.72	3620502	41718192.00
2012/10/16	10.71	10.92	10.65	10.73	3195302	36981732.00
2012/10/17	10.77	10.85	10.65	10.69	2630089	30179580.00
2012/10/18	10.66	11.02	10.62	10.96	4983268	58002744.00
2012/10/19	11.01	11.01	10.82	10.91	3403429	39903824.00
2012/10/22	10.88	10.88	10.69	10.79	3665525	42228424.00
2012/10/23	10.83	10.99	10.77	10.78	5339558	62539296.00
2012/10/24	10.66	10.89	10.60	10.76	3159141	36317936.00
2012/10/25	10.76	10.89	10.66	10.68	3924477	45274744.00
2012/10/26	10.62	10.74	10.29	10.40	4624442	51671000.00
2012/10/29	10.39	10.43	10.29	10.37	1748226	19211026.00
2012/10/30	10.41	10.48	10.36	10.41	1557109	17246978.00
2012/10/31	10.42	10.86	10.42	10.85	6166857	70680512.00
2012/11/01	10.86	11.14	10.80	10.99	9545729	113593712.00
2012/11/02	11.01	11.08	10.82	11.00	4626913	54722076.00
2012/11/05	11.00	11.19	10.96	11.08	4690900	56146396.00
2012/11/06	11.08	11.14	10.84	11.09	3517957	41580572.00
2012/11/07	11.09	11.12	10.89	10.91	3640409	43106256.00
2012/11/08	10.89	11.00	10.60	10.65	6301285	73256560.00
2012/11/09	10.63	11.11	10.47	10.79	12149367	140959872.00
2012/11/12	10.77	11.20	10.77	11.16	14195759	169777360.00
2012/11/13	11.12	11.48	11.07	11.22	15631275	190763152.00
2012/11/14	11.19	11.40	11.02	11.16	8148816	98581312.00
2012/11/15	11.05	11.39	11.04	11.20	8365477	101586472.00
2012/11/16	11.11	11.47	11.09	11.26	12770497	155565024.00
2012/11/19	11.26	11.44	11.01	11.36	8580821	104535448.00
2012/11/20	11.36	11.48	11.03	11.05	8952463	109292392.00
2012/11/21	11.03	11.34	10.97	11.32	8356371	100771016.00
2012/11/22	11.28	11.38	11.10	11.15	7086800	86408144.00
2012/11/23	11.16	11.32	11.07	11.16	4375909	52867140.00
2012/11/26	11.17	11.29	10.93	11.14	6091230	73044640.00
2012/11/27	11.14	11.36	10.93	10.96	10281755	124335128.00
2012/11/28	10.79	10.96	10.49	10.62	6252517	71095016.00
2012/11/29	10.55	10.77	10.51	10.59	3922954	44652144.00
2012/11/30	10.55	10.82	10.55	10.80	3585238	41156468.00
2012/12/03	10.75	10.88	10.39	10.41	3437733	39079664.00
2012/12/04	10.36	10.49	9.93	10.25	6127831	65729768.00
2012/12/05	10.09	10.78	10.09	10.70	7009358	79140376.00
2012/12/06	10.63	10.84	10.60	10.64	2770617	31628092.00
2012/12/07	10.66	10.99	10.59	10.86	5646053	65785420.00
2012/12/10	10.86	11.76	10.86	11.76	21658058	272873152.00
2012/12/11	11.74	11.74	11.51	11.57	11833459	149621104.00
2012/12/12	11.59	11.83	11.30	11.51	11892616	149308080.00
2012/12/13	11.47	11.78	11.40	11.52	8527547	107680120.00
2012/12/14	11.49	12.05	11.43	11.99	14124003	182536448.00
2012/12/17	11.99	12.29	11.79	11.92	12429739	163157984.00
2012/12/18	11.86	12.06	11.70	11.78	9387848	121763608.00
2012/12/19	11.73	11.96	11.68	11.84	5687910	73736152.00
2012/12/20	11.81	11.86	11.55	11.74	7891209	100497360.00
2012/12/21	11.70	12.05	11.70	11.89	9890809	128591880.00
2012/12/24	11.86	11.94	11.58	11.68	6789696	86637736.00
2012/12/25	11.62	12.05	11.59	11.94	10212487	132600320.00
2012/12/26	11.97	12.03	11.76	11.94	8046752	104204928.00
2012/12/27	11.95	12.28	11.88	11.98	11658592	154619600.00
2012/12/28	11.90	12.04	11.79	11.96	6423548	83753336.00
2012/12/31	11.99	12.08	11.78	11.93	7758235	100559096.00
2013/01/04	12.03	12.42	11.86	12.27	18693910	251091504.00
2013/01/07	12.21	12.36	12.11	12.28	8087340	108797688.00
2013/01/08	12.28	12.43	12.13	12.25	7197402	96689464.00
2013/01/09	12.20	12.25	11.86	11.92	10433649	137447984.00
2013/01/10	11.90	12.02	11.62	11.72	12246931	157720352.00
2013/01/11	11.73	11.81	11.59	11.63	7134483	91073272.00
2013/01/14	11.61	11.96	11.58	11.94	9442057	122217600.00
2013/01/15	11.94	12.49	11.78	12.27	20612543	273841216.00
2013/01/16	12.20	12.24	11.88	12.02	11798558	155884464.00
2013/01/17	12.05	12.22	11.90	12.00	6795747	89773576.00
2013/01/18	12.01	12.16	11.84	12.08	10467976	137465904.00
2013/01/21	12.05	12.22	11.96	12.16	7134648	94777568.00
2013/01/22	12.15	12.15	11.81	11.90	6985685	91387088.00
2013/01/23	11.85	11.95	11.57	11.75	7919584	101095320.00
2013/01/24	11.66	11.88	11.48	11.63	8767045	111338280.00
2013/01/25	11.71	11.86	11.68	11.81	5644676	72439864.00
2013/01/28	11.72	12.05	11.72	12.04	6298666	82064752.00
2013/01/29	12.03	12.17	11.96	12.06	8506136	112728784.00
2013/01/30	12.06	12.09	11.83	11.90	7276828	94889992.00
2013/01/31	11.92	11.96	11.68	11.77	5079357	65232680.00
2013/02/01	11.75	11.86	11.65	11.79	4545761	58365868.00
2013/02/04	11.79	12.02	11.72	11.92	7709018	100039696.00
2013/02/05	11.82	12.45	11.78	12.30	20972384	281235360.00
2013/02/06	12.30	12.30	12.01	12.12	10497286	139729952.00
2013/02/07	12.09	12.36	12.09	12.26	7746171	104155520.00
2013/02/08	12.21	12.52	12.17	12.52	9305246	126809232.00
2013/02/18	12.52	12.68	12.41	12.49	8503350	117738824.00
2013/02/19	12.51	12.60	12.09	12.12	9994266	135804048.00
2013/02/20	12.12	12.25	12.06	12.22	7378743	98463712.00
2013/02/21	12.22	12.22	11.80	11.88	6954790	90821400.00
2013/02/22	11.89	11.97	11.80	11.89	4449206	57724324.00
2013/02/25	11.89	12.11	11.89	12.03	4490337	59001344.00
2013/02/26	11.97	12.03	11.79	11.79	5130787	66687728.00
2013/02/27	11.75	11.94	11.68	11.77	4860465	62593272.00
2013/02/28	11.82	11.96	11.72	11.95	9837222	127456064.00
2013/03/01	11.96	11.99	11.66	11.73	15502872	199311728.00
2013/03/04	11.66	11.66	10.99	11.06	15831491	192064528.00
2013/03/05	11.10	11.37	11.09	11.32	7035239	85390232.00
2013/03/06	11.36	11.42	11.24	11.33	8846388	108379968.00
2013/03/07	11.32	11.49	11.23	11.39	6930911	85616384.00
2013/03/08	11.34	11.43	11.22	11.28	7163583	87563328.00
2013/03/11	11.33	11.42	11.26	11.29	4119178	50553052.00
2013/03/12	11.28	11.31	10.78	10.86	8677225	102527968.00
2013/03/13	10.88	10.91	10.51	10.64	5226216	59523712.00
2013/03/14	10.65	10.73	10.55	10.64	3151259	35891648.00
2013/03/15	10.66	10.83	10.51	10.69	5618764	64344480.00
2013/03/18	10.66	10.66	10.27	10.36	8807735	97351624.00
2013/03/19	10.36	10.47	10.28	10.43	4361390	48098188.00
2013/03/20	10.45	10.82	10.39	10.81	8319986	94214288.00
2013/03/21	10.92	10.99	10.78	10.87	10378043	121423856.00
2013/03/22	10.78	10.92	10.75	10.82	4984118	57718936.00
2013/03/25	10.83	10.85	10.56	10.64	6774288	77302816.00
2013/03/26	10.62	10.64	10.49	10.49	4034327	45299416.00
2013/03/27	10.46	10.75	10.46	10.74	5985760	68160880.00
2013/03/28	10.70	10.70	10.51	10.52	4601143	52024712.00
2013/03/29	10.54	10.64	10.36	10.42	4493502	49946280.00
2013/04/01	10.32	10.50	10.32	10.44	2478379	27492384.00
2013/04/02	10.47	10.56	10.42	10.49	2640504	29463902.00
2013/04/03	10.54	10.55	10.40	10.46	1801351	20054824.00
2013/04/08	10.34	10.34	10.16	10.25	4212924	45596900.00
2013/04/09	10.25	10.44	10.25	10.44	3612250	39790692.00
2013/04/10	10.40	10.54	10.39	10.52	4326946	48266792.00
2013/04/11	10.59	10.79	10.52	10.62	6093430	69258240.00
2013/04/12	10.69	10.72	10.43	10.49	2962693	33483040.00
2013/04/15	10.47	10.51	10.28	10.42	2749254	30319160.00
2013/04/16	10.32	10.58	10.29	10.56	2124441	23606640.00
2013/04/17	10.56	10.62	10.48	10.58	2584174	29110012.00
2013/04/18	10.52	10.61	10.49	10.57	2322528	26120852.00
2013/04/19	10.56	10.78	10.56	10.72	5645925	64561976.00
2013/04/22	10.66	10.79	10.63	10.68	3763921	43030520.00
2013/04/23	10.69	10.73	10.32	10.32	5210891	57836704.00
2013/04/24	10.32	10.40	10.17	10.32	7762544	84451504.00
2013/04/25	10.31	10.31	9.98	10.01	7088747	75524304.00
2013/04/26	10.05	10.09	9.92	9.92	3948978	41532632.00
2013/05/02	9.92	10.09	9.81	10.09	4240571	44759072.00
2013/05/03	10.07	10.24	10.06	10.09	4617960	49562504.00
2013/05/06	10.09	10.24	10.09	10.20	4370303	47064036.00
2013/05/07	10.24	10.25	10.14	10.20	3451656	37247904.00
2013/05/08	10.20	10.31	10.12	10.22	4484034	48364180.00
2013/05/09	10.22	10.22	9.98	10.01	5609034	59564072.00
2013/05/10	10.06	10.14	9.96	10.08	4976977	52235304.00
2013/05/13	10.11	10.55	10.01	10.54	13143232	143571056.00
2013/05/14	10.49	10.62	10.39	10.49	7714256	85466640.00
2013/05/15	10.49	10.79	10.47	10.74	11483474	130303864.00
2013/05/16	10.74	10.76	10.59	10.70	6957806	78739360.00
2013/05/17	10.72	10.86	10.69	10.85	10650280	122219040.00
2013/05/20	10.86	11.01	10.77	10.89	9510168	110579256.00
2013/05/21	10.89	11.12	10.80	11.09	10198740	119962224.00
2013/05/22	11.17	11.27	10.89	11.01	11001880	130578056.00
2013/05/23	10.98	11.18	10.90	11.00	7794239	91949592.00
2013/05/24	11.09	11.49	11.09	11.39	15876446	194049952.00
2013/05/27	11.42	11.94	11.34	11.79	20722854	262978640.00
2013/05/28	11.87	12.28	11.69	11.77	28373882	368003872.00
2013/05/29	11.80	11.82	11.51	11.76	21070131	264465888.00
2013/05/30	11.69	11.80	11.54	11.62	15323544	192849392.00
2013/05/31	11.69	11.70	11.41	11.59	21980513	273576160.00
2013/06/14	10.54	10.99	10.45	10.63	17341531	187650080.00
2013/06/17	10.47	10.92	10.44	10.57	10830842	116394704.00
2013/06/18	10.60	10.97	10.57	10.86	11323027	123017232.00
2013/06/19	10.92	11.11	10.75	10.79	9498715	104499384.00
2013/06/20	10.68	11.24	10.66	11.09	16139633	179780864.00
2013/06/21	10.92	11.14	10.79	10.95	8669386	95336320.00
2013/06/24	10.95	11.07	9.86	9.95	9969130	104202952.00
2013/06/25	9.84	9.95	8.95	9.89	15977139	152679936.00
2013/06/26	9.63	10.02	9.49	9.69	9034181	88317744.00
2013/06/27	9.72	9.88	9.10	9.20	10647693	101716736.00
2013/06/28	9.19	9.35	8.94	9.03	9867443	90657512.00
2013/07/01	8.97	8.97	8.69	8.90	13463242	119150000.00
2013/07/02	8.93	9.20	8.80	9.18	8462111	77095744.00
2013/07/03	9.10	9.10	8.86	9.00	6238584	56415116.00
2013/07/04	8.97	9.26	8.79	9.13	10253831	94015584.00
2013/07/05	9.18	9.21	9.06	9.11	6235340	57330168.00
2013/07/08	9.11	9.11	8.74	8.81	5402598	48231624.00
2013/07/09	8.77	9.04	8.74	8.97	4317722	38343760.00
2013/07/10	8.88	9.17	8.79	9.15	7957805	72457280.00
2013/07/11	9.21	9.61	9.05	9.53	13748360	130724776.00
2013/07/12	9.61	10.16	9.61	9.83	20157423	200892416.00
2013/07/15	9.82	9.97	9.61	9.80	11623862	114081736.00
2013/07/16	9.84	10.22	9.67	10.05	13838520	138698816.00
2013/07/17	10.09	10.30	9.86	9.91	13811573	140272768.00
2013/07/18	9.77	10.09	9.66	9.85	9877484	98526544.00
2013/07/19	9.87	9.99	9.32	9.35	8669260	84261360.00
2013/07/22	9.31	9.64	9.17	9.55	6786934	64714420.00
2013/07/23	9.56	10.51	9.56	10.51	21725288	224945392.00
2013/07/24	10.83	11.01	10.51	10.92	31778889	344430272.00
2013/07/25	11.44	11.57	10.72	10.73	28624836	319591296.00
2013/07/26	10.56	10.69	10.38	10.53	12053419	127752144.00
2013/07/29	10.32	10.64	10.19	10.63	9347485	98414616.00
2013/07/30	10.59	11.04	10.34	10.63	11551556	124713008.00
2013/07/31	10.53	10.83	10.43	10.48	7023080	74993552.00
2013/08/01	10.63	10.84	10.54	10.76	8396221	90237000.00
2013/08/02	10.76	10.84	10.60	10.65	7933075	85404024.00
2013/08/05	10.63	10.90	10.63	10.88	7971600	86768960.00
2013/08/06	10.84	10.94	10.64	10.77	8616559	93085816.00
2013/08/07	10.75	10.87	10.67	10.72	6855356	74216080.00
2013/08/08	10.79	10.83	10.44	10.49	7889340	83765312.00
2013/08/09	10.55	10.63	10.30	10.36	8101632	84983808.00
2013/08/12	10.40	10.74	10.40	10.71	12311535	130820360.00
2013/08/13	10.86	11.00	10.74	10.78	11659967	127355040.00
2013/08/14	10.83	11.11	10.83	10.92	15896171	175500336.00
2013/08/15	10.83	11.08	10.73	10.88	12322170	135002032.00
2013/08/16	10.74	11.06	10.29	10.36	15492551	165678848.00
2013/08/19	10.24	10.67	10.15	10.63	10112189	106890240.00
2013/08/20	10.94	11.28	10.93	11.06	27232083	303916832.00
2013/12/12	12.17	12.17	11.76	12.17	14852296	181369728.00
2013/12/13	12.74	12.74	11.60	11.81	43990256	534880864.00
2013/12/16	11.66	11.72	10.82	10.86	29978639	336853376.00
2013/12/17	10.88	11.04	10.67	10.78	9103339	99346224.00
2013/12/18	10.74	10.98	10.69	10.85	8738690	95488120.00
2013/12/19	10.86	10.96	10.29	10.45	8308921	88945648.00
2013/12/20	10.44	10.50	9.96	10.41	9590842	98834912.00
2013/12/23	10.29	10.37	9.97	10.15	6437897	65714056.00
2013/12/24	10.19	10.25	10.06	10.10	5745544	58650168.00
2013/12/25	10.10	10.25	10.09	10.18	3959776	40508272.00
2013/12/26	10.21	10.29	9.67	9.76	8213254	81977368.00
2013/12/27	9.69	9.81	9.53	9.79	10362925	100591168.00
2013/12/30	9.83	10.21	9.76	9.94	10626095	107252160.00
2013/12/31	9.94	9.97	9.69	9.93	9064798	89323296.00
2014/01/02	9.87	10.01	9.84	9.91	4802202	47918272.00
2014/01/03	9.84	9.88	9.66	9.69	4347441	42601972.00
2014/01/06	9.62	9.62	9.30	9.32	5195684	49352292.00
2014/01/07	9.30	9.43	9.24	9.32	2940940	27625466.00
2014/01/08	9.33	9.54	9.27	9.30	3589026	33851076.00
2014/01/09	9.28	9.47	9.17	9.25	5483726	51367204.00
2014/01/10	9.26	9.53	9.12	9.47	6133417	57328552.00
2014/01/13	9.47	9.62	9.40	9.48	4406141	42168524.00
2014/01/14	9.48	9.55	9.39	9.49	4753762	45210556.00
2014/01/15	9.40	9.53	9.31	9.45	4146215	39316752.00
2014/01/16	9.45	9.47	9.29	9.33	3962210	37329472.00
2014/01/17	9.33	9.33	8.97	8.98	7826546	71486792.00
2014/01/20	9.00	9.00	8.64	8.86	6164157	54598136.00
2014/01/21	8.83	8.97	8.74	8.83	7192356	64187260.00
2014/01/22	8.89	9.14	8.84	9.11	7675753	69635184.00
2014/01/23	9.16	9.23	9.07	9.13	5119206	47079088.00
2014/01/24	9.08	9.29	9.04	9.23	5228968	48527832.00
2014/01/27	9.20	9.20	8.89	8.91	7038295	64242980.00
2014/01/28	8.91	9.74	8.91	9.64	16894510	161401184.00
2014/01/29	9.64	9.74	9.45	9.54	8225473	79222304.00
2014/01/30	9.54	9.61	9.40	9.41	3987475	38123056.00
2014/02/07	9.34	9.78	9.25	9.64	6638937	64275916.00
2014/02/10	9.65	10.00	9.62	9.90	10006365	99156320.00
2014/02/11	9.86	9.96	9.68	9.78	9577023	94428528.00
2014/02/12	9.79	9.90	9.75	9.82	6512324	64308860.00
2014/02/13	9.84	9.89	9.64	9.66	7266430	71296224.00
2014/02/14	9.64	9.88	9.62	9.84	7214759	71017984.00
2014/02/17	9.87	9.91	9.77	9.84	7142072	70603552.00
2014/02/18	9.84	9.88	9.56	9.64	9561917	93017536.00
2014/02/19	9.64	9.84	9.59	9.74	7158905	70169656.00
2014/02/20	9.74	9.99	9.67	9.75	12177406	120627016.00
2014/02/21	9.73	9.82	9.51	9.61	6313393	61183508.00
2014/02/24	9.59	9.62	9.34	9.45	5252024	49989212.00
2014/02/25	9.43	9.55	8.89	8.97	8544852	79191848.00
2014/02/26	8.97	9.06	8.77	9.06	5673705	50924616.00
2014/02/27	9.08	9.15	8.90	8.91	4728423	42946544.00
2014/02/28	8.85	9.08	8.85	8.98	3657654	33011884.00
2014/03/03	9.00	9.10	8.99	9.09	4174518	38042520.00
2014/03/04	9.08	9.08	8.91	8.99	6360249	57424720.00
2014/03/05	9.03	9.39	8.99	9.23	7514233	69588704.00
2014/03/06	9.19	9.22	9.02	9.15	4259908	39089896.00
2014/03/07	9.15	9.19	9.02	9.05	3713830	33989192.00
2014/03/10	9.01	9.01	8.70	8.73	4974874	44205280.00
2014/03/11	8.74	8.85	8.65	8.75	3522245	31045812.00
2014/03/12	8.75	8.79	8.59	8.68	3313710	28965372.00
2014/03/13	8.68	8.82	8.64	8.81	3700844	32542180.00
2014/03/14	8.78	8.97	8.72	8.82	3131401	27900010.00
2014/03/17	8.82	8.97	8.80	8.95	2707452	24264154.00
2014/03/18	8.97	9.13	8.97	9.01	4050135	36908656.00
2014/03/19	9.02	9.20	8.93	9.12	4541276	41518128.00
2014/03/20	9.10	9.25	8.95	8.99	5796436	53307676.00
2014/03/21	8.91	9.13	8.82	9.08	5150257	46697044.00
2014/03/24	9.13	9.32	9.08	9.26	7247909	67432256.00
2014/03/25	9.30	9.48	9.13	9.23	6181900	57683360.00
2014/03/26	9.14	9.20	9.09	9.12	3716299	34158772.00
2014/03/27	9.11	9.18	8.98	8.99	3744057	34228096.00
2014/03/28	8.99	9.14	8.94	8.99	4160430	37823116.00
2014/04/01	9.21	9.30	9.09	9.27	5629021	52193484.00
2014/04/02	9.26	9.60	9.25	9.55	10438313	99586504.00
2014/04/03	9.74	9.93	9.34	9.35	13821856	134056144.00
2014/04/04	9.24	9.35	9.11	9.18	9478931	87666560.00
2014/04/08	9.12	9.49	9.12	9.47	7148406	67405384.00
2014/04/09	9.44	9.62	9.38	9.48	5986140	57104960.00
2014/04/10	9.48	9.54	9.35	9.46	5861407	55758904.00
2014/04/11	9.44	9.60	9.39	9.48	5629796	53767276.00
2014/04/14	9.44	9.49	9.34	9.41	4415328	41732448.00
2014/04/15	9.41	9.41	9.13	9.16	6498013	60452972.00
2014/04/16	9.15	9.22	9.12	9.17	3540116	32649232.00
2014/04/17	9.17	9.20	9.12	9.12	2499469	23032332.00
2014/04/18	9.12	9.17	9.07	9.13	2533773	23254512.00
2014/04/21	9.08	9.12	8.86	8.88	5397575	48754172.00
2014/04/22	8.89	8.97	8.84	8.94	3144905	28195940.00
2014/04/23	8.93	8.98	8.88	8.97	2911508	26215700.00
2014/04/24	8.94	8.98	8.86	8.89	1933009	17347990.00
2014/04/25	8.86	8.88	8.60	8.61	4384482	38468800.00
2014/04/28	8.61	8.63	8.19	8.21	4733894	39894208.00
2014/04/29	8.21	8.34	8.19	8.32	2512950	20996662.00
2014/04/30	8.32	8.39	8.29	8.32	1799121	15090882.00
2014/05/05	8.40	8.58	8.40	8.49	2686436	22993948.00
2014/05/06	8.50	8.63	8.47	8.55	2625636	22624000.00
2014/05/07	8.54	9.13	8.45	8.86	8713585	78026336.00
2014/05/08	8.76	9.09	8.69	8.84	5626929	50283312.00
2014/05/09	8.75	8.83	8.70	8.75	2715391	23922776.00
2014/05/12	8.86	8.94	8.77	8.93	4238668	37939600.00
2014/05/13	8.89	8.97	8.79	8.82	2571364	22932660.00
2014/05/14	8.82	8.94	8.80	8.85	1966475	17564538.00
2014/05/15	8.84	8.84	8.51	8.54	3983822	34590584.00
2014/05/16	8.54	8.59	8.34	8.47	2917555	24772764.00
2014/05/19	8.47	8.47	8.37	8.44	1504574	12753507.00
2014/05/20	8.49	8.55	8.43	8.46	1421750	12149856.00
2014/05/21	8.44	8.54	8.35	8.50	1277496	10920290.00
2014/05/22	8.54	8.61	8.50	8.51	2488104	21439848.00
2014/05/23	8.54	8.56	8.42	8.52	1539166	13161151.00
2014/05/26	8.59	8.72	8.55	8.71	3194911	27849820.00
2014/05/27	8.72	8.77	8.62	8.64	2701925	23635554.00
2014/05/28	8.69	8.69	8.54	8.64	2941456	25517120.00
2014/05/29	8.64	8.67	8.45	8.46	2795286	24104804.00
2014/05/30	8.48	8.60	8.44	8.46	2495719	21360400.00
2014/06/03	8.45	8.55	8.43	8.44	1707829	14560814.00
2014/06/04	8.47	8.47	8.31	8.46	2817353	23820044.00
2014/06/05	8.46	8.49	8.38	8.47	2772310	23547824.00
2014/06/06	8.47	8.53	8.35	8.39	2025640	17174064.00
2014/06/09	8.34	8.39	8.24	8.27	2448736	20510392.00
2014/06/10	8.27	8.37	8.24	8.35	2645298	22131580.00
2014/06/11	8.38	8.38	8.29	8.31	2715960	22746488.00
2014/06/12	8.33	8.39	8.24	8.27	4708424	39335100.00
2014/06/13	8.30	8.52	8.30	8.47	7296300	62049504.00
2014/06/16	8.50	8.59	8.44	8.58	5549208	47320968.00
2014/06/17	8.55	8.58	8.45	8.51	4251738	36116960.00
2014/06/18	8.67	8.67	8.42	8.45	4636732	39551832.00
2014/06/19	8.41	8.66	8.31	8.40	5494156	46741456.00
2014/06/20	8.77	9.08	8.70	8.77	15417110	136206048.00
2014/06/23	8.85	8.85	8.61	8.69	7937923	69071024.00
2014/06/24	8.68	8.73	8.59	8.71	4575823	39608208.00
2014/06/25	8.70	8.70	8.54	8.54	4086013	35072940.00
2014/06/26	8.50	8.61	8.50	8.58	4022712	34494360.00
2014/06/27	8.57	8.66	8.50	8.60	3688474	31683836.00
2014/06/30	8.62	8.95	8.60	8.82	9888983	86799912.00
2014/07/01	8.82	8.88	8.71	8.82	6469051	56962264.00
2014/07/02	8.84	9.04	8.78	9.03	15336387	137411872.00
2014/07/03	9.07	9.07	8.93	9.06	9769837	87994456.00
2014/07/04	9.05	9.18	9.02	9.08	9295483	84555872.00
2014/07/07	9.18	9.35	9.12	9.23	14723059	135792592.00
2014/07/08	9.16	9.21	8.97	9.14	9576646	86967720.00
2014/07/09	9.16	9.42	9.10	9.11	16575582	154015408.00
2014/07/10	9.11	9.33	9.08	9.28	10745050	99027784.00
2014/07/11	9.33	9.96	9.32	9.76	29251916	283043680.00
2014/07/14	9.67	10.20	9.58	10.07	25996254	258010928.00
2014/07/15	9.99	10.20	9.82	9.99	17774915	177735088.00
2014/07/16	9.91	10.15	9.74	9.78	13778422	136345552.00
2014/07/17	9.78	10.05	9.66	9.88	9779332	95985352.00
2014/07/18	9.75	9.95	9.62	9.84	9350039	91661128.00
2014/07/21	9.76	9.98	9.73	9.97	8872798	87304240.00
2014/07/22	9.95	10.16	9.80	10.09	13448906	135202192.00
2014/07/23	10.04	10.36	9.91	10.20	18357597	186489648.00
2014/07/24	10.16	10.30	9.88	10.00	11621661	116622368.00
2014/07/25	9.95	10.02	9.70	9.92	11797029	115666920.00
2014/07/28	9.95	10.04	9.84	9.96	13386079	133237024.00
2014/07/29	9.96	10.08	9.87	9.88	12117783	120696352.00
2014/07/30	9.85	9.94	9.73	9.82	12708327	124718912.00
2014/07/31	9.93	10.35	9.92	10.14	19111198	193899184.00
2014/08/01	10.07	10.15	9.86	9.87	12979526	129853872.00
2014/08/04	9.90	10.44	9.90	10.42	28208495	289644000.00
2014/08/05	10.38	10.46	10.20	10.30	16590753	170881872.00
2014/08/06	10.26	10.32	10.09	10.24	11814226	120428432.00
2014/08/07	10.20	10.37	10.10	10.22	11091048	113611304.00
2014/08/08	10.20	10.37	10.13	10.23	9411947	96482816.00
2014/08/11	10.27	10.46	10.17	10.33	15728334	162320128.00
2014/08/12	10.35	10.37	10.11	10.21	12855730	131129184.00
2014/08/13	10.19	10.29	10.10	10.17	10492185	106637448.00
2014/08/14	10.18	10.22	9.94	9.96	10991345	111047336.00
2014/08/15	9.98	10.06	9.85	10.04	9616319	96018784.00
2014/08/18	10.09	10.29	10.06	10.18	10528922	106912704.00
2014/08/19	10.26	10.28	10.13	10.20	9625202	98135192.00
2014/08/20	10.24	10.24	10.13	10.19	6642094	67532520.00
2014/08/21	10.16	10.16	9.92	10.05	10815464	108633104.00
2014/08/22	10.03	10.09	9.92	9.98	8339668	83200608.00
2014/08/25	10.01	10.25	10.01	10.19	16512149	167744096.00
2014/08/26	10.19	10.28	9.98	10.05	9855246	99913424.00
2014/08/27	10.01	10.12	9.98	10.04	7144688	71689776.00
2014/08/28	10.04	10.06	9.80	9.82	6378040	63312496.00
2014/08/29	9.84	9.93	9.79	9.91	5235582	51746624.00
2014/09/01	9.98	10.07	9.90	10.00	5769539	57588524.00
2014/09/02	10.00	10.13	9.93	10.10	10564161	106024416.00
2014/09/03	10.10	10.24	10.10	10.15	10041387	102170336.00
2014/09/05	10.46	10.77	10.28	10.56	26458104	276611904.00
2014/09/09	10.58	11.56	10.45	11.22	34260320	378940352.00
2014/09/10	11.28	11.49	11.01	11.25	21158804	238083328.00
2014/09/11	11.25	11.41	10.95	11.05	18586546	207861488.00
2014/09/12	11.07	11.28	11.02	11.19	10659362	118903464.00
2014/09/15	11.18	11.18	10.99	11.10	12661292	140090096.00
2014/09/16	11.06	11.09	10.56	10.63	16514614	179591456.00
2014/09/17	10.63	10.92	10.63	10.81	10679441	115366360.00
2014/09/18	10.80	10.99	10.69	10.78	10456172	112973632.00
2014/09/19	10.81	10.97	10.76	10.88	8827485	95806136.00
2014/09/22	10.78	10.85	10.60	10.62	8216468	87854000.00
2014/09/23	10.60	11.22	10.57	11.10	18496301	202661792.00
2014/09/24	11.03	11.20	11.01	11.18	12635909	140902528.00
2014/09/25	11.20	11.45	10.99	11.09	15284567	171742832.00
2014/09/26	11.01	11.18	10.98	11.04	6604147	73153312.00
2014/09/29	11.05	11.27	11.05	11.16	9768765	108836960.00
2014/09/30	11.16	11.25	11.06	11.19	8682486	97041160.00
2014/10/08	11.24	11.43	11.17	11.33	11418574	129389464.00
2014/10/09	11.39	11.58	11.29	11.57	20466735	234239760.00
2014/10/10	11.54	11.55	11.29	11.35	10385773	118392680.00
2014/10/13	11.35	11.37	11.12	11.29	9236705	103976184.00
2014/10/14	11.33	11.54	11.18	11.21	10510507	119595672.00
2014/10/15	11.20	11.30	11.03	11.20	7196446	80241000.00
2014/10/16	11.15	12.25	11.07	11.76	34564693	407988096.00
2014/10/17	11.68	12.08	11.40	12.04	29024936	342125280.00
2014/10/20	12.04	12.37	11.93	12.01	21179589	256833024.00
2014/10/21	12.05	12.45	11.95	12.09	18938540	231201904.00
2014/10/22	12.10	12.50	11.99	12.19	22871142	280607552.00
2014/10/23	12.11	13.20	12.06	12.71	40382693	510930112.00
2014/10/24	12.60	13.17	12.10	12.18	36613926	464511616.00
2015/01/05	13.40	13.40	13.40	13.40	294984	3952786.00
2015/01/06	14.74	14.74	14.74	14.74	500586	7378638.00
2015/01/07	16.21	16.21	16.21	16.21	2414759	39143244.00
2015/01/08	17.83	17.83	17.36	17.83	18488896	329356992.00
2015/01/09	18.00	18.00	16.09	16.13	87394955	1474837248.00
2015/01/12	15.61	15.62	14.52	14.75	55319094	830989952.00
2015/01/13	14.87	15.28	14.72	15.03	28248577	423132800.00
2015/01/14	15.03	15.08	14.32	14.70	26035383	380775488.00
2015/01/15	14.64	15.87	14.51	15.31	41167768	628498304.00
2015/01/16	15.12	15.97	15.02	15.32	40574832	628902912.00
2015/01/19	14.50	14.76	13.79	14.11	40788019	580170880.00
2015/01/20	14.17	14.94	14.17	14.72	28461002	416029376.00
2015/01/21	14.94	16.07	14.72	15.32	40423224	623656896.00
2015/01/22	15.32	15.52	14.90	15.31	27199097	413285888.00
2015/01/23	15.33	15.52	15.13	15.15	17119859	261761840.00
2015/01/26	14.79	15.25	14.62	15.20	28884807	429250784.00
2015/01/27	15.15	15.49	14.99	15.22	24336944	371479040.00
2015/01/28	15.00	15.23	14.83	14.93	15887169	238499760.00
2015/01/29	14.84	15.09	14.47	14.50	20306291	299835136.00
2015/01/30	14.32	14.68	14.00	14.09	17340409	246677936.00
2015/02/02	13.84	13.94	13.47	13.60	16173101	221496912.00
2015/02/03	13.65	13.89	13.65	13.76	9890600	136040864.00
2015/02/04	13.79	14.18	13.68	14.06	12404886	173935056.00
2015/02/05	14.25	14.25	13.61	13.63	9996182	139024512.00
2015/02/06	13.70	13.80	13.26	13.37	8061358	109062776.00
2015/02/09	13.37	13.59	13.20	13.31	6667903	89019128.00
2015/02/10	13.32	13.83	13.31	13.77	8759890	119230912.00
2015/02/11	13.83	13.83	13.56	13.63	6364302	86981312.00
2015/02/12	13.68	14.36	13.68	13.98	13046120	183921632.00
2015/02/13	13.89	14.31	13.89	14.13	10650267	150802304.00
2015/02/16	14.15	14.46	14.13	14.22	8546003	121904400.00
2015/02/17	14.24	14.39	14.00	14.06	10310843	145664784.00
2015/02/25	14.24	14.48	14.11	14.28	9594150	137164832.00
2015/02/26	14.30	14.85	14.07	14.69	16207468	235030304.00
2015/02/27	14.69	14.80	14.52	14.63	11058381	162068928.00
2015/03/02	14.88	14.89	14.57	14.63	12357115	180811872.00
2015/03/03	14.65	15.18	14.63	14.88	20886842	311508544.00
2015/03/04	14.82	14.95	14.60	14.82	11863410	175162736.00
2015/03/05	14.88	15.18	14.36	15.03	20343573	299674624.00
2015/03/06	15.08	15.24	14.71	14.89	15257381	228855632.00
2015/03/09	14.84	14.84	14.45	14.81	8452009	124298328.00
2015/03/10	14.90	15.07	14.56	14.61	11943150	176724128.00
2015/03/11	14.61	14.69	14.44	14.52	8252413	120115480.00
2015/03/12	14.56	14.61	14.44	14.55	8048991	116953216.00
2015/03/13	14.58	14.95	14.57	14.79	10920594	161679664.00
2015/03/16	14.80	15.25	14.80	15.23	19446603	292826272.00
2015/03/17	15.35	16.10	15.30	15.82	34773327	546273024.00
2015/03/18	15.85	16.14	15.72	16.04	23585809	374965312.00
2015/03/19	16.20	16.85	15.81	16.07	28656925	466745344.00
2015/03/20	16.00	16.10	15.46	15.61	30128282	473386848.00
2015/03/23	15.61	15.85	15.56	15.73	28514083	447722848.00
2015/03/24	15.80	15.85	15.15	15.68	25023367	389581568.00
2015/03/25	15.50	16.48	15.30	16.22	33274755	528843776.00
2015/03/26	16.09	17.21	15.90	16.81	41822289	694319936.00
2015/03/27	16.97	17.17	16.50	16.68	23154334	387128128.00
2015/03/30	16.98	17.45	16.75	17.06	29660692	506017280.00
2015/03/31	17.10	17.21	16.38	16.48	26291634	439174208.00
2015/04/01	16.50	16.77	16.31	16.58	16643242	276065120.00
2015/04/02	16.61	17.25	16.61	17.08	27039079	460915776.00
2015/04/03	16.93	17.20	16.80	17.08	19567702	332200512.00
2015/04/07	17.45	17.94	17.15	17.26	30679449	533662400.00
2015/04/08	18.99	18.99	18.90	18.99	18238130	346323776.00
2015/04/09	20.89	20.89	18.96	19.78	85574906	1718171392.00
2015/04/10	19.48	21.70	19.01	21.22	54880257	1114004608.00
2015/04/13	21.60	23.30	21.42	23.00	46883327	1062368000.00
2015/04/14	23.23	24.45	22.40	22.62	57326049	1340558336.00
2015/04/15	22.11	23.60	21.81	22.20	44020953	995879424.00
2015/04/16	21.75	22.49	20.37	21.70	28600789	621890304.00
2015/04/17	22.21	22.98	21.75	22.50	42810227	959857856.00
2015/04/20	22.39	22.40	20.60	20.75	47203381	1018403840.00
2015/04/21	20.49	21.05	19.72	21.04	34784658	703772736.00
2015/04/22	21.00	22.19	20.76	21.64	26625690	577306624.00
2015/04/23	21.88	22.47	21.51	21.71	27523419	601411136.00
2015/04/24	21.51	21.51	20.58	21.23	26904093	567082688.00
2015/04/27	21.80	21.85	21.18	21.56	24115608	517819584.00
2015/04/28	21.55	21.70	20.41	20.53	21239782	442391392.00
2015/04/29	20.45	21.83	20.26	21.80	23854044	507887584.00
2015/04/30	21.99	22.50	21.42	21.45	26559510	582417152.00
2015/05/05	22.05	22.05	22.05	22.05	0	0.00
数据来源:通达信
