600093 禾嘉股份 日线 前复权
      日期	    开盘	    最高	    最低	    收盘	    成交量	    成交额
2011/10/10	5.68	5.73	5.62	5.63	1237235	7013659.00
2011/10/11	5.79	5.83	5.48	5.54	2855394	16116559.00
2011/10/12	5.54	5.78	5.49	5.75	3489716	19824624.00
2011/10/13	5.73	5.85	5.67	5.84	4234000	24591210.00
2011/10/14	5.86	5.86	5.74	5.82	2694836	15624808.00
2011/10/17	5.83	5.87	5.80	5.82	2459443	14346484.00
2011/10/18	5.77	6.00	5.64	5.71	7447397	43770148.00
2011/10/19	5.71	5.85	5.71	5.83	3330898	19283144.00
2011/10/20	5.84	5.84	5.56	5.60	3230853	18209912.00
2011/10/21	5.62	5.84	5.60	5.76	5362153	30805824.00
2011/10/24	5.78	5.97	5.77	5.96	7316828	42940160.00
2011/10/25	5.93	6.15	5.85	6.06	9358424	56588720.00
2011/10/26	6.01	6.31	5.97	6.28	15753884	97395808.00
2011/10/27	6.24	6.34	6.15	6.31	17456370	108884032.00
2011/10/28	6.28	6.75	6.18	6.60	23283683	148360736.00
2011/10/31	6.51	6.64	6.39	6.63	9619005	62493240.00
2011/11/01	6.63	6.77	6.49	6.66	23651333	156318224.00
2011/11/02	6.57	6.64	6.36	6.61	20296784	132732032.00
2011/11/03	6.61	6.97	6.49	6.62	22781634	151579744.00
2011/11/04	6.64	6.85	6.47	6.52	13701512	89814200.00
2011/11/07	6.48	6.59	6.34	6.36	7944434	50804208.00
2011/11/08	6.36	6.47	6.32	6.36	5094788	32565044.00
2011/11/09	6.40	6.45	6.24	6.38	5834692	37010868.00
2011/11/10	6.29	6.35	6.25	6.27	4899366	30832328.00
2011/11/11	6.29	6.43	6.26	6.36	6494716	41361920.00
2011/11/14	6.40	6.47	6.36	6.46	6242087	40150472.00
2011/11/15	6.46	6.48	6.38	6.45	5161278	33184936.00
2011/11/16	6.41	6.47	6.08	6.10	8512723	53132016.00
2011/11/17	6.12	6.15	5.98	6.03	5376014	32577876.00
2011/11/18	6.02	6.02	5.85	5.87	4439948	26327708.00
2011/11/21	5.89	5.98	5.88	5.97	2574271	15252118.00
2011/11/22	5.97	5.97	5.83	5.94	2559652	15090230.00
2011/11/23	5.98	6.01	5.90	5.91	2277534	13561344.00
2011/11/24	5.88	5.93	5.77	5.83	2318492	13551222.00
2011/11/25	5.83	5.90	5.73	5.76	1620994	9427758.00
2011/11/28	5.78	5.94	5.78	5.88	2650669	15573959.00
2011/11/29	5.93	6.04	5.91	5.99	3488419	20846568.00
2011/11/30	5.95	5.99	5.53	5.65	4140548	23738700.00
2011/12/01	5.82	5.88	5.71	5.72	3692298	21379542.00
2011/12/02	5.72	5.73	5.54	5.57	2455766	13754395.00
2011/12/05	5.58	5.58	5.40	5.41	1983226	10857954.00
2011/12/06	5.42	5.46	5.32	5.40	1536129	8269730.00
2011/12/07	5.40	5.47	5.39	5.46	1378610	7493891.00
2011/12/08	5.43	5.56	5.34	5.50	2151405	11725056.00
2011/12/09	5.45	5.49	5.40	5.43	1119321	6089768.00
2011/12/12	5.43	5.48	5.33	5.34	1277250	6913263.00
2011/12/13	5.33	5.33	5.00	5.01	2940749	15040328.00
2011/12/14	4.98	5.11	4.92	4.93	1943167	9746894.00
2011/12/15	4.92	4.93	4.56	4.62	3302644	15509889.00
2011/12/16	4.64	4.81	4.61	4.80	2217221	10416980.00
2011/12/19	4.80	4.81	4.61	4.79	1999496	9430409.00
2011/12/20	4.76	4.85	4.71	4.72	1916618	9184205.00
2011/12/21	4.78	4.83	4.57	4.57	1899735	8932501.00
2011/12/22	4.51	4.56	4.26	4.46	3332857	14664589.00
2011/12/23	4.44	4.55	4.40	4.48	1673249	7509876.00
2011/12/26	4.48	4.62	4.44	4.50	3165293	14359976.00
2011/12/27	4.45	4.51	4.32	4.32	1888732	8351984.00
2011/12/28	4.31	4.38	4.16	4.33	2429336	10344832.00
2011/12/29	4.32	4.40	4.27	4.35	1680988	7319580.00
2011/12/30	4.33	4.46	4.33	4.44	1903526	8414637.00
2012/01/04	4.50	4.50	4.32	4.34	1872680	8293334.00
2012/01/05	4.33	4.33	4.08	4.12	1848918	7804104.00
2012/01/06	4.09	4.13	3.90	4.10	2637418	10578679.00
2012/01/09	4.11	4.37	4.03	4.33	2639974	11203444.00
2012/01/10	4.35	4.54	4.33	4.52	4671277	20942482.00
2012/01/11	4.47	4.57	4.44	4.53	3974514	17871484.00
2012/01/12	4.50	4.60	4.46	4.50	2781152	12591102.00
2012/01/13	4.49	4.54	4.28	4.32	2758837	12132220.00
2012/01/16	4.26	4.36	4.22	4.24	1402964	6028960.00
2012/01/17	4.26	4.50	4.23	4.48	2134384	9378114.00
2012/01/18	4.47	4.57	4.36	4.39	2059851	9220477.00
2012/01/19	4.40	4.56	4.40	4.47	2222755	9972776.00
2012/01/20	4.48	4.59	4.47	4.59	3284473	14973165.00
2012/01/30	4.62	4.67	4.54	4.54	3467527	15927032.00
2012/01/31	4.61	4.68	4.57	4.64	4006970	18530532.00
2012/02/01	4.64	4.84	4.60	4.73	6534656	30996144.00
2012/02/02	4.80	5.02	4.80	5.01	9820747	48081508.00
2012/02/03	4.98	5.01	4.89	4.95	8097050	39969276.00
2012/02/06	4.95	4.96	4.87	4.91	4854120	23805700.00
2012/02/07	4.90	4.93	4.77	4.81	3969924	19252912.00
2012/02/08	4.80	4.92	4.77	4.91	3975289	19309988.00
2012/02/09	4.95	4.95	4.87	4.89	5730075	28107952.00
2012/02/10	4.88	4.97	4.87	4.92	4790153	23567296.00
2012/02/13	4.87	4.95	4.83	4.92	3572372	17498688.00
2012/02/14	4.92	4.95	4.87	4.93	2801527	13754403.00
2012/02/15	4.90	5.01	4.89	5.00	5776794	28699662.00
2012/02/16	5.00	5.13	4.98	5.08	7080493	35814320.00
2012/02/17	5.10	5.12	4.94	4.98	3986440	19969018.00
2012/02/20	5.07	5.07	4.95	4.96	3706741	18562236.00
2012/02/21	4.96	5.02	4.88	5.01	3588737	17772044.00
2012/02/22	5.00	5.08	4.97	5.07	5238607	26415574.00
2012/02/23	5.09	5.17	5.05	5.09	5558416	28338652.00
2012/02/24	5.10	5.14	5.02	5.13	5903155	30060504.00
2012/02/27	5.13	5.24	5.12	5.14	6834168	35467384.00
2012/02/28	5.10	5.35	5.05	5.25	9113900	47241112.00
2012/02/29	5.21	5.25	5.10	5.10	5294274	27307924.00
2012/03/01	5.09	5.14	5.03	5.11	3003729	15322855.00
2012/03/02	5.10	5.19	5.10	5.19	4188784	21634824.00
2012/03/05	5.20	5.27	5.16	5.20	5483825	28585400.00
2012/03/06	5.19	5.20	5.06	5.08	4268972	21787304.00
2012/03/07	5.00	5.12	4.98	5.02	4178389	21132676.00
2012/03/08	5.05	5.12	5.05	5.10	3072724	15629225.00
2012/03/09	5.15	5.24	5.12	5.21	6490423	33718272.00
2012/03/12	5.24	5.32	5.19	5.31	8166213	42977808.00
2012/03/13	5.29	5.84	5.26	5.80	25193322	141226944.00
2012/03/14	5.70	5.70	5.40	5.43	19149031	107620424.00
2012/03/15	5.35	5.64	5.20	5.60	14207871	77850464.00
2012/03/16	5.62	6.08	5.53	5.97	19202130	110979568.00
2012/03/19	5.80	5.96	5.77	5.89	26067217	152022240.00
2012/03/20	5.81	5.81	5.56	5.57	9547318	53846480.00
2012/03/21	5.56	5.64	5.41	5.64	6142298	34151972.00
2012/03/22	5.63	5.63	5.45	5.55	3573150	19834832.00
2012/03/23	5.53	5.57	5.43	5.47	3295968	18069002.00
2012/03/26	5.48	5.51	5.18	5.24	5800611	30910360.00
2012/03/27	5.29	5.30	5.10	5.11	5203321	27035164.00
2012/03/28	5.05	5.12	4.78	4.80	6156144	30078516.00
2012/03/29	4.79	4.79	4.65	4.69	3582054	16914466.00
2012/03/30	4.74	4.87	4.63	4.83	4527499	21424284.00
2012/04/05	4.80	5.05	4.79	4.99	5016886	24583712.00
2012/04/06	4.95	5.04	4.89	4.95	3596396	17899368.00
2012/04/09	4.94	4.97	4.73	4.76	2678198	13094927.00
2012/04/10	4.73	4.91	4.67	4.90	3131291	14992913.00
2012/04/11	4.83	4.94	4.76	4.90	2801268	13647305.00
2012/04/12	4.90	5.05	4.90	5.00	5019200	25022044.00
2012/04/13	5.01	5.14	4.98	5.08	5726144	29072208.00
2012/04/16	5.05	5.31	5.02	5.23	7398863	38451888.00
2012/04/17	5.23	5.24	5.05	5.06	5732817	29398348.00
2012/04/19	5.17	5.21	5.11	5.13	4981875	25720336.00
2012/04/20	5.12	5.20	5.08	5.18	4712228	24278472.00
2012/04/23	5.17	5.18	5.03	5.04	4676870	23837012.00
2012/04/24	5.00	5.08	4.77	4.94	5158528	25426304.00
2012/04/25	4.94	5.08	4.89	5.07	4283574	21477776.00
2012/04/26	5.08	5.24	5.06	5.17	5776318	29720398.00
2012/04/27	5.14	5.18	5.01	5.06	3458250	17569904.00
2012/05/02	5.09	5.18	5.06	5.14	3812571	19510348.00
2012/05/03	5.14	5.14	5.00	5.07	4841026	24465784.00
2012/05/04	5.06	5.14	5.03	5.14	3517795	17918056.00
2012/05/07	5.12	5.12	5.00	5.09	3644782	18420372.00
2012/05/08	5.06	5.12	4.99	5.09	4098692	20734724.00
2012/05/09	5.05	5.05	4.89	4.93	4555193	22601836.00
2012/05/10	4.92	4.97	4.90	4.95	2448836	12074493.00
2012/05/11	4.95	4.99	4.90	4.90	2232247	11030083.00
2012/05/14	4.98	4.98	4.89	4.90	1932876	9515179.00
2012/05/15	4.88	4.92	4.85	4.91	1963731	9599092.00
2012/05/16	4.91	4.96	4.88	4.89	1911715	9408411.00
2012/05/17	4.88	4.96	4.81	4.94	2453164	12008894.00
2012/05/18	4.90	4.93	4.84	4.87	1634822	7968832.00
2012/05/21	4.81	4.88	4.75	4.84	1672710	8061113.00
2012/05/22	4.87	4.90	4.83	4.89	1263448	6144633.00
2012/05/23	4.86	4.89	4.80	4.81	1735395	8379561.00
2012/05/24	4.81	4.84	4.76	4.79	1816420	8724479.00
2012/05/25	4.78	4.81	4.69	4.72	1967946	9307792.00
2012/05/28	4.69	4.76	4.54	4.75	2455327	11435458.00
2012/05/29	4.71	4.85	4.71	4.83	2392230	11488420.00
2012/05/30	4.82	4.86	4.80	4.84	1802673	8704204.00
2012/05/31	4.80	4.87	4.79	4.85	1889851	9142899.00
2012/06/01	4.85	4.87	4.80	4.81	1550918	7491397.00
2012/06/04	4.73	4.74	4.59	4.61	2256647	10507012.00
2012/06/05	4.65	4.65	4.56	4.59	985427	4532208.00
2012/06/07	4.62	4.65	4.56	4.60	2689838	12345389.00
2012/06/08	4.61	4.64	4.55	4.58	1592809	7315384.00
2012/06/11	4.56	4.68	4.55	4.65	1973636	9111475.00
2012/06/12	4.62	4.65	4.56	4.59	1073418	4938551.00
2012/06/13	4.60	4.66	4.57	4.65	1518292	7023393.00
2012/06/14	4.65	4.72	4.62	4.69	2623453	12277260.00
2012/06/15	4.72	4.72	4.63	4.67	1975345	9250551.00
2012/06/26	5.14	5.14	5.14	5.14	5547191	28512562.00
2012/06/27	5.39	5.65	5.31	5.65	36878889	204347936.00
2012/06/28	5.09	5.69	5.09	5.54	20798465	115082832.00
2012/06/29	5.45	5.65	5.35	5.48	11882737	65122208.00
2012/07/02	5.48	5.54	5.30	5.45	12893246	69718112.00
2012/07/03	5.36	5.95	5.35	5.81	21336342	118789304.00
2012/07/04	5.71	5.71	5.48	5.51	14757610	82432976.00
2012/07/05	5.52	5.57	5.39	5.41	7986410	43708712.00
2012/07/06	5.45	5.47	5.10	5.32	9014506	47349072.00
2012/07/09	5.32	5.46	5.20	5.29	7447493	39726092.00
2012/07/10	5.21	5.37	5.16	5.22	5248866	27692712.00
2012/07/11	5.25	5.49	5.23	5.36	8196492	44230880.00
2012/07/12	5.29	5.38	5.16	5.34	8616327	45354144.00
2012/07/13	5.32	5.38	5.16	5.19	6316457	33179372.00
2012/07/16	5.15	5.19	4.91	4.93	7077674	35569000.00
2012/07/17	4.94	4.99	4.77	4.98	3249277	15908109.00
2012/07/18	4.93	5.10	4.89	5.09	3980767	19987176.00
2012/07/19	5.09	5.17	5.02	5.05	4898118	24928900.00
2012/07/20	5.02	5.13	5.01	5.03	2574241	13045663.00
2012/07/23	4.98	5.17	4.90	5.07	3997470	20284368.00
2012/07/24	5.07	5.08	4.92	5.05	3064845	15363735.00
2012/07/25	5.05	5.07	4.92	4.93	2455989	12262686.00
2012/07/26	4.91	5.25	4.90	5.24	8692305	44577928.00
2012/07/27	5.23	5.54	5.17	5.35	8957987	48118024.00
2012/07/30	5.33	5.34	5.07	5.14	4134069	21419668.00
2012/07/31	5.04	5.04	4.73	4.87	4876606	23909380.00
2012/08/01	4.87	5.04	4.84	4.98	2379180	11799401.00
2012/08/02	4.92	5.02	4.90	4.94	1527651	7568840.00
2012/08/03	4.88	4.98	4.86	4.96	1918648	9467814.00
2012/08/06	4.99	5.17	4.91	5.14	3397941	17168234.00
2012/08/07	5.14	5.23	5.10	5.17	4047868	20858820.00
2012/08/08	5.17	5.17	5.07	5.14	3450531	17644728.00
2012/08/09	5.16	5.35	5.11	5.30	6597197	34793336.00
2012/08/10	5.28	5.30	5.21	5.24	2822698	14806013.00
2012/08/13	5.24	5.36	5.15	5.17	5012616	26313954.00
2012/08/14	5.16	5.31	5.10	5.29	3833478	20025246.00
2012/08/15	5.25	5.26	5.10	5.13	3209168	16604219.00
2012/08/16	5.10	5.21	5.08	5.12	1810339	9291780.00
2012/08/17	5.08	5.15	5.03	5.07	1480272	7527700.00
2012/08/20	5.08	5.25	5.03	5.20	3208728	16489974.00
2012/08/21	5.21	5.25	5.15	5.21	3455999	17995408.00
2012/08/22	5.25	5.27	5.10	5.15	2275513	11797948.00
2012/08/23	5.17	5.49	5.15	5.32	7660024	41114728.00
2012/08/24	5.26	5.38	5.16	5.18	3639665	19174308.00
2012/08/27	5.19	5.28	5.10	5.15	2636700	13611655.00
2012/08/28	5.19	5.26	5.12	5.24	2387003	12434370.00
2012/08/29	5.23	5.43	5.21	5.28	4738240	25256896.00
2012/08/30	5.23	5.35	5.04	5.15	3371752	17471184.00
2012/08/31	5.10	5.19	5.05	5.17	1734017	8884559.00
2012/09/03	5.16	5.27	5.12	5.26	3159574	16511220.00
2012/09/04	5.26	5.28	5.16	5.17	2122526	11074062.00
2012/09/05	5.17	5.26	5.12	5.22	2280691	11859001.00
2012/09/06	5.23	5.34	5.20	5.32	2884474	15164725.00
2012/09/07	5.35	5.45	5.25	5.42	7057475	38069436.00
2012/09/10	5.43	5.44	5.34	5.40	5264430	28330848.00
2012/09/11	5.39	5.59	5.33	5.45	6569589	35977160.00
2012/09/12	5.39	5.56	5.39	5.48	4181939	22874024.00
2012/09/13	5.47	5.51	5.33	5.36	3355938	18150504.00
2012/09/14	5.35	5.45	5.33	5.36	2273507	12210372.00
2012/09/17	5.33	5.39	5.13	5.15	2969735	15596003.00
2012/09/18	5.17	5.21	5.10	5.12	1878490	9675939.00
2012/09/19	5.13	5.17	5.09	5.16	1517570	7781028.00
2012/09/20	5.16	5.16	4.98	5.00	2858499	14473701.00
2012/09/21	4.99	5.11	4.98	5.03	1087636	5498854.00
2012/09/24	5.00	5.04	4.88	5.00	1852264	9158617.00
2012/09/25	5.02	5.06	4.83	4.88	2271005	11191982.00
2012/09/26	4.87	4.90	4.75	4.76	1637060	7851391.00
2012/09/27	4.77	4.89	4.73	4.84	1838545	8859463.00
2012/09/28	4.84	4.94	4.81	4.90	1402091	6863885.00
2012/10/08	4.90	4.95	4.85	4.89	1159725	5673084.00
2012/10/09	4.89	5.01	4.89	5.00	1706596	8478669.00
2012/10/10	5.00	5.11	4.98	5.10	2274135	11543945.00
2012/10/11	5.11	5.11	5.00	5.01	1609589	8104163.00
2012/10/12	5.03	5.05	4.95	5.01	1244169	6218007.00
2012/10/15	5.01	5.01	4.81	4.90	1945099	9482433.00
2012/10/16	4.90	4.94	4.86	4.89	1236350	6049298.00
2012/10/17	4.92	4.96	4.89	4.96	1003070	4943887.00
2012/10/18	4.97	5.06	4.96	5.03	2043264	10259168.00
2012/10/19	5.01	5.06	4.98	5.03	1272857	6386999.00
2012/10/22	5.00	5.04	4.93	5.02	1121922	5595213.00
2012/10/23	5.01	5.06	4.96	4.97	813572	4068894.00
2012/10/24	4.99	5.03	4.95	4.99	1034043	5168023.00
2012/10/25	4.99	5.03	4.89	4.90	1376498	6827141.00
2012/10/26	4.90	4.91	4.80	4.86	1416429	6874085.00
2012/10/29	4.86	4.87	4.81	4.86	654769	3168174.00
2012/10/30	4.88	4.91	4.82	4.84	649000	3148748.00
2012/10/31	4.85	4.86	4.78	4.83	808931	3895414.00
2012/11/01	4.80	4.99	4.80	4.95	1391847	6854603.00
2012/11/02	4.97	4.98	4.92	4.97	767075	3798936.00
2012/11/05	4.96	5.00	4.95	4.99	966341	4812518.00
2012/11/06	4.97	5.00	4.86	5.00	1247867	6148379.00
2012/11/07	4.97	5.00	4.93	4.95	1066701	5294089.00
2012/11/08	5.12	5.45	5.11	5.45	9981962	54055840.00
2012/11/09	5.49	5.49	5.14	5.24	14538038	76744600.00
2012/11/12	5.16	5.36	5.14	5.28	9341812	49113584.00
2012/11/13	5.21	5.33	5.12	5.29	6736966	35154992.00
2012/11/14	5.21	5.27	4.93	5.03	6049312	30950890.00
2012/11/15	4.91	4.97	4.70	4.92	3443311	16847638.00
2012/11/16	4.88	4.90	4.76	4.84	2139749	10329067.00
2012/11/19	4.80	4.90	4.78	4.88	1241318	6009730.00
2012/11/20	4.88	4.93	4.86	4.88	1252060	6121946.00
2012/11/21	4.89	4.92	4.69	4.87	3254523	15587349.00
2012/11/22	4.82	4.85	4.75	4.76	1474514	7062692.00
2012/11/23	4.76	4.84	4.72	4.79	1483900	7117577.00
2012/11/26	4.80	4.80	4.67	4.74	1121030	5317631.00
2012/11/27	4.73	4.74	4.50	4.54	2097200	9632753.00
2012/11/28	4.55	4.55	4.38	4.40	1206053	5359434.00
2012/11/29	4.40	4.45	4.34	4.35	736050	3244712.00
2012/11/30	4.34	4.48	4.34	4.45	1572709	6979784.00
2012/12/03	4.45	4.51	4.31	4.35	956050	4229368.00
2012/12/04	4.31	4.40	4.24	4.39	1404460	6066408.00
2012/12/05	4.37	4.69	4.36	4.53	2298637	10445463.00
2012/12/06	4.52	4.57	4.49	4.50	945288	4266003.00
2012/12/07	4.47	4.65	4.47	4.59	2087722	9602598.00
2012/12/10	4.60	4.76	4.57	4.74	3137080	14648606.00
2012/12/11	4.70	4.73	4.63	4.66	1558953	7294164.00
2012/12/12	4.66	4.72	4.60	4.66	1373202	6388389.00
2012/12/13	4.70	4.71	4.54	4.55	1786367	8205068.00
2012/12/14	4.55	4.75	4.54	4.72	2450483	11489654.00
2012/12/17	4.73	4.80	4.72	4.75	1962942	9315590.00
2012/12/18	4.75	4.85	4.68	4.74	2180726	10414120.00
2012/12/19	4.75	4.75	4.69	4.72	1752352	8263708.00
2012/12/20	4.71	4.71	4.61	4.69	1844989	8603539.00
2012/12/21	4.69	4.75	4.65	4.72	1681753	7912240.00
2012/12/24	4.67	4.80	4.67	4.75	1881899	8954014.00
2012/12/25	4.71	4.93	4.71	4.89	4735491	23103612.00
2012/12/26	4.85	4.93	4.81	4.92	2663007	13002086.00
2012/12/27	4.92	5.09	4.88	4.89	4497526	22441540.00
2012/12/28	5.06	5.38	5.06	5.22	10806510	56608608.00
2012/12/31	5.14	5.37	5.10	5.34	8209642	43096480.00
2013/01/04	5.24	5.36	5.13	5.16	4328635	22448924.00
2013/01/07	5.15	5.17	5.08	5.12	3060445	15666132.00
2013/01/08	5.14	5.18	5.09	5.17	2401649	12330033.00
2013/01/09	5.17	5.20	5.10	5.14	3321815	17043680.00
2013/01/10	5.13	5.20	5.08	5.14	2287541	11746086.00
2013/01/11	5.14	5.15	4.93	4.94	3619390	18171848.00
2013/01/14	4.93	5.06	4.80	5.03	3802210	18992224.00
2013/01/15	5.03	5.18	5.02	5.16	5366702	27504748.00
2013/01/16	5.13	5.26	5.11	5.20	5029548	26062964.00
2013/01/17	5.19	5.20	5.10	5.16	2701325	13886961.00
2013/01/18	5.15	5.28	5.15	5.26	4547149	23734308.00
2013/01/21	5.26	5.32	5.22	5.27	2985339	15705815.00
2013/01/22	5.26	5.29	5.12	5.23	3039541	15811303.00
2013/01/23	5.25	5.28	5.12	5.17	2366601	12301566.00
2013/01/24	5.16	5.25	5.05	5.08	3390904	17409848.00
2013/01/25	5.08	5.11	5.04	5.10	1437228	7304213.00
2013/01/28	5.12	5.22	5.11	5.18	2303401	11946695.00
2013/01/29	5.20	5.24	5.16	5.24	2338783	12159489.00
2013/01/30	5.20	5.40	5.18	5.38	6381132	33890080.00
2013/01/31	5.35	5.39	5.25	5.37	3402657	18100516.00
2013/02/01	5.36	5.47	5.26	5.37	5318205	28594552.00
2013/02/04	5.40	5.44	5.28	5.35	2310591	12312200.00
2013/02/05	5.30	5.40	5.25	5.38	2570051	13692802.00
2013/02/06	5.38	5.45	5.36	5.39	2156970	11641182.00
2013/02/07	5.37	5.42	5.35	5.38	1427690	7690597.00
2013/02/08	5.41	5.75	5.37	5.70	6437147	35880472.00
2013/02/18	5.68	5.82	5.55	5.72	5204287	29591556.00
2013/02/19	5.73	5.73	5.56	5.63	3193871	17917460.00
2013/02/20	5.61	5.75	5.56	5.72	2628076	14833296.00
2013/02/21	5.80	5.80	5.55	5.69	4447939	25206734.00
2013/02/22	5.61	5.70	5.59	5.60	2128051	11974047.00
2013/02/25	5.60	5.74	5.57	5.68	2232062	12575781.00
2013/02/26	5.68	5.70	5.57	5.61	2122800	11967716.00
2013/02/27	5.57	5.66	5.46	5.48	2330217	12890515.00
2013/02/28	5.54	5.70	5.43	5.63	3517270	19582252.00
2013/03/01	5.64	5.67	5.57	5.61	2061266	11543128.00
2013/03/04	5.61	5.61	5.38	5.49	4291530	23417010.00
2013/03/05	5.49	5.49	5.39	5.42	4615259	25023128.00
2013/03/06	5.45	5.59	5.39	5.53	5682742	31102978.00
2013/03/07	5.52	5.57	5.43	5.48	2453657	13472369.00
2013/03/08	5.48	5.62	5.44	5.50	2620450	14543252.00
2013/03/11	5.53	5.54	5.46	5.47	1470956	8081364.00
2013/03/12	5.53	5.55	5.23	5.30	3138598	16791568.00
2013/03/13	5.32	5.36	5.18	5.30	1616196	8510428.00
2013/03/14	5.26	5.35	5.23	5.28	791709	4187334.00
2013/03/15	5.25	5.36	5.25	5.27	1323399	7030599.00
2013/03/18	5.27	5.36	5.24	5.25	1409701	7470591.00
2013/03/19	5.27	5.42	5.25	5.37	2058826	11016081.00
2013/03/20	5.33	5.45	5.33	5.43	2307997	12466605.00
2013/03/21	5.43	5.50	5.40	5.48	2001460	10926608.00
2013/03/22	5.54	5.85	5.54	5.64	6862899	39044536.00
2013/03/25	5.59	5.71	5.50	5.53	4386092	24533854.00
2013/03/26	5.52	5.57	5.45	5.54	2198239	12151537.00
2013/03/27	5.52	5.64	5.52	5.56	2112156	11780187.00
2013/03/28	5.60	5.72	5.46	5.64	6094275	34291980.00
2013/03/29	5.65	5.67	5.53	5.58	2732501	15307907.00
2013/04/01	5.55	5.73	5.50	5.72	2987945	16895964.00
2013/04/02	5.72	5.79	5.65	5.78	3966228	22732960.00
2013/04/03	5.81	5.83	5.61	5.64	4853921	27593718.00
2013/04/08	5.60	5.63	5.39	5.59	2550628	14100342.00
2013/04/09	5.58	5.68	5.57	5.67	1481138	8320219.00
2013/04/10	5.64	5.74	5.63	5.73	1721816	9786709.00
2013/04/11	5.72	5.75	5.66	5.68	1701167	9692958.00
2013/04/12	5.65	5.70	5.58	5.59	1855600	10428334.00
2013/04/15	5.56	5.62	5.53	5.57	1084476	6050234.00
2013/04/16	5.53	5.60	5.47	5.58	1131266	6259512.00
2013/04/17	5.57	5.60	5.51	5.60	1085718	6034948.00
2013/04/18	5.58	5.61	5.53	5.58	917387	5107546.00
2013/04/19	5.58	5.83	5.56	5.79	4882171	28181756.00
2013/04/22	5.75	6.19	5.72	6.10	11107855	66726200.00
2013/04/23	6.08	6.09	5.85	5.91	5680118	33889296.00
2013/04/24	5.94	6.46	5.92	6.18	10314177	64464716.00
2013/04/25	6.12	6.57	6.12	6.42	13297049	85263232.00
2013/04/26	6.36	6.59	6.15	6.18	8495547	54078488.00
2013/05/02	6.19	6.50	5.98	6.47	6277644	39109336.00
2013/05/03	6.44	6.64	6.40	6.48	5811100	37740628.00
2013/05/06	6.53	6.58	6.35	6.41	5549383	35633024.00
2013/05/07	6.37	6.48	6.29	6.32	4108087	26030974.00
2013/05/08	6.37	6.43	6.30	6.38	3275262	20837860.00
2013/05/09	6.38	6.44	6.16	6.31	4802992	30267544.00
2013/05/10	6.30	6.57	6.23	6.50	5599027	36137372.00
2013/05/13	6.56	6.56	6.37	6.41	2709555	17441216.00
2013/05/14	6.41	6.41	6.16	6.20	4353415	27171894.00
2013/05/15	6.20	6.30	6.18	6.30	1962076	12281150.00
2013/05/16	6.30	6.49	6.22	6.43	3036997	19397436.00
2013/05/17	6.44	6.55	6.39	6.45	3796467	24553340.00
2013/05/20	6.45	6.90	6.40	6.79	6160627	41193344.00
2013/05/21	6.76	6.84	6.71	6.81	3805071	25775276.00
2013/05/22	6.82	6.84	6.58	6.63	3823129	25602924.00
2013/05/23	6.58	6.68	6.45	6.52	3201883	20998728.00
2013/05/24	6.52	6.63	6.50	6.62	2485153	16331687.00
2013/05/27	6.61	6.74	6.57	6.73	2929456	19586956.00
2013/05/28	6.74	6.79	6.59	6.61	3580972	23881632.00
2013/05/29	6.60	6.67	6.45	6.53	5634529	36754932.00
2013/05/30	6.51	6.54	6.25	6.42	7496303	47562052.00
2013/05/31	6.38	6.56	6.37	6.48	4454660	28827410.00
2013/06/03	6.48	6.66	6.48	6.52	3903351	25682200.00
2013/06/04	6.51	6.57	6.30	6.40	2389714	15326347.00
2013/06/05	6.36	6.44	6.34	6.41	1548192	9896344.00
2013/06/06	6.38	6.45	6.31	6.32	1733120	11086885.00
2013/06/07	6.37	6.45	6.23	6.30	1889540	11970914.00
2013/06/13	6.28	6.28	6.01	6.16	2111127	12911093.00
2013/06/14	6.24	6.69	6.24	6.48	4543307	29681908.00
2013/06/17	6.46	6.69	6.40	6.59	4675580	30720860.00
2013/06/18	6.63	6.64	6.51	6.59	2496507	16404169.00
2013/06/19	6.57	6.79	6.46	6.75	5591409	37196316.00
2013/06/20	6.72	6.85	6.37	6.41	4281769	28178746.00
2013/06/21	6.30	6.48	6.18	6.39	2822741	17817596.00
2013/06/24	6.33	6.40	5.80	5.95	4504504	27440628.00
2013/06/25	5.98	6.07	5.36	5.95	4309121	24684628.00
2013/06/26	5.90	6.12	5.84	6.00	2417536	14483126.00
2013/06/27	6.09	6.09	5.85	5.88	1981600	11780242.00
2013/06/28	5.85	5.97	5.61	5.95	1832645	10738139.00
2013/07/01	5.90	6.08	5.80	6.06	1693151	10173117.00
2013/07/02	6.03	6.09	5.96	6.07	2161113	13034088.00
2013/07/03	6.07	6.07	5.84	5.94	1999019	11832634.00
2013/07/04	5.95	6.00	5.85	5.92	1719388	10174788.00
2013/07/05	5.91	6.04	5.86	6.00	2063851	12305190.00
2013/07/08	5.91	5.95	5.67	5.71	1821185	10580810.00
2013/07/09	5.70	5.78	5.50	5.65	2296716	12971287.00
2013/07/10	5.66	5.78	5.52	5.77	1516728	8659522.00
2013/07/11	5.78	5.99	5.77	5.88	2275583	13455279.00
2013/07/12	5.89	5.97	5.83	5.89	1298920	7677421.00
2013/07/15	5.88	5.95	5.86	5.93	1700276	10072989.00
2013/07/16	5.93	6.03	5.75	6.01	2043556	12047903.00
2013/07/17	6.02	6.04	5.87	5.87	1573169	9338731.00
2013/07/18	5.87	5.94	5.66	5.80	1104346	6420547.00
2013/07/19	5.80	5.90	5.71	5.71	1341639	7775215.00
2013/07/22	5.70	6.01	5.61	5.92	1765111	10296478.00
2013/07/23	5.88	6.07	5.87	5.98	2107667	12638407.00
2013/07/24	5.98	6.04	5.90	5.97	1125962	6685032.00
2013/07/25	5.93	5.99	5.86	5.86	1694683	10026412.00
2013/07/26	5.82	5.87	5.72	5.81	1014792	5871064.00
2013/07/29	5.81	5.81	5.53	5.64	2497442	14088818.00
2013/07/30	5.72	5.95	5.64	5.81	2325835	13490601.00
2013/07/31	5.76	5.88	5.76	5.79	756861	4396250.00
2013/08/01	5.75	5.95	5.73	5.91	2500559	14621632.00
2013/08/02	5.90	6.03	5.85	5.95	2223507	13226173.00
2013/08/05	5.98	5.98	5.86	5.95	1288949	7628297.00
2013/08/06	5.94	6.05	5.91	6.03	2181419	13124137.00
2013/08/07	6.03	6.04	5.90	5.91	1695475	10130028.00
2013/08/08	5.88	6.00	5.86	5.96	1184927	7065013.00
2013/08/09	6.00	6.02	5.93	5.98	1410275	8418756.00
2013/08/12	6.02	6.10	5.95	6.09	1847394	11170767.00
2013/08/13	6.08	6.13	6.06	6.08	1719580	10460833.00
2013/08/14	6.08	6.15	6.03	6.06	1694889	10333750.00
2013/08/15	6.05	6.06	5.93	5.95	1791800	10753134.00
2013/08/16	5.95	6.03	5.84	5.92	2840998	16751848.00
2013/08/19	5.91	6.05	5.81	6.00	2070984	12276392.00
2013/08/20	6.00	6.05	5.93	5.95	1737567	10409477.00
2013/08/21	5.95	6.00	5.91	5.96	995847	5928500.00
2013/08/22	5.93	6.00	5.90	5.98	1770594	10559391.00
2013/08/23	5.98	6.01	5.86	5.96	1467737	8706483.00
2013/08/26	5.89	5.98	5.89	5.97	1876401	11182620.00
2013/08/27	5.98	6.08	5.94	6.00	2839227	17109608.00
2013/08/28	5.95	6.17	5.95	6.14	4130819	25200944.00
2013/08/29	6.12	6.67	6.09	6.44	12753361	82328032.00
2013/08/30	6.42	6.58	6.31	6.34	5986096	38569080.00
2013/09/02	6.37	6.45	6.23	6.36	2900342	18322404.00
2013/09/03	6.36	6.58	6.36	6.49	4860047	31539662.00
2013/09/04	6.48	6.52	6.35	6.47	2398872	15396936.00
2013/09/05	6.49	6.50	6.29	6.34	2805986	17790396.00
2013/09/06	6.31	6.38	6.23	6.35	2975037	18754134.00
2013/09/09	6.30	6.39	6.28	6.33	2314448	14701671.00
2013/09/10	6.32	6.47	6.30	6.40	2987356	19119038.00
2013/09/11	6.41	6.51	6.30	6.42	3998273	25597714.00
2013/09/12	6.45	6.46	6.26	6.28	2990493	18889740.00
2013/09/13	6.28	6.38	6.23	6.31	1821726	11496406.00
2013/09/16	6.31	6.63	6.31	6.61	5940857	38613304.00
2013/09/17	6.58	6.78	6.00	6.57	10893625	71953152.00
2013/09/18	6.52	6.54	6.39	6.47	2992886	19299622.00
2013/09/23	6.49	6.58	6.36	6.53	2715580	17523346.00
2013/09/24	6.47	6.53	6.37	6.46	2817171	18067426.00
2013/09/25	6.42	6.48	6.32	6.44	2594410	16616004.00
2013/09/26	6.38	6.44	6.22	6.23	2325586	14655740.00
2013/09/27	6.27	6.44	6.24	6.33	1744797	11016616.00
2013/09/30	6.31	6.58	6.31	6.53	2763519	17844112.00
2013/10/08	6.51	6.66	6.37	6.60	4799393	31389380.00
2013/10/09	6.56	6.64	6.52	6.56	2159003	14167357.00
2013/10/10	6.53	6.60	6.42	6.53	2953489	19251016.00
2013/10/11	6.53	6.73	6.50	6.70	7150459	47693580.00
2013/10/14	6.70	7.00	6.65	6.86	8245188	56278056.00
2013/10/15	6.85	6.98	6.79	6.91	3541164	24298264.00
2013/10/16	6.90	6.90	6.63	6.74	4117835	27722772.00
2013/10/17	6.73	6.80	6.60	6.61	2224992	14892372.00
2013/10/18	6.63	6.75	6.55	6.62	1906435	12694077.00
2013/10/21	6.63	6.77	6.56	6.72	4600074	30568296.00
2013/10/22	6.70	6.74	6.61	6.66	2089018	13922506.00
2013/10/23	6.70	6.72	6.40	6.46	3043539	19835538.00
2013/10/24	6.42	6.45	6.27	6.33	2236389	14179762.00
2013/10/25	6.34	6.48	6.26	6.29	2393283	15202933.00
2013/10/28	6.31	6.42	6.27	6.39	1258254	7989019.00
2013/10/29	6.38	6.45	5.89	6.19	4588245	28109448.00
2013/10/30	6.29	6.29	6.10	6.24	1685725	10403276.00
2013/10/31	6.35	6.70	6.35	6.40	5880198	38218844.00
2013/11/01	6.31	6.41	6.20	6.32	1906585	11973847.00
2013/11/04	6.32	6.35	6.18	6.23	2365293	14770762.00
2013/11/05	6.19	6.33	6.10	6.29	2113303	13126886.00
2013/11/06	6.29	6.31	6.15	6.19	1565600	9744065.00
2013/11/07	6.18	6.30	6.14	6.21	1896240	11823738.00
2013/11/08	6.16	6.22	6.00	6.07	1879650	11450060.00
2013/11/11	6.07	6.12	6.00	6.09	592045	3598012.00
2013/11/12	6.11	6.30	6.08	6.21	1295599	8015108.00
2013/11/13	6.18	6.24	6.08	6.08	1017900	6241991.00
2013/11/14	6.12	6.18	6.08	6.13	990502	6068803.00
2013/11/15	6.10	6.25	6.10	6.19	2175281	13458314.00
2013/11/18	6.20	6.28	6.15	6.25	2214122	13794931.00
2013/11/19	6.29	6.29	6.21	6.29	1487323	9288960.00
2013/11/20	6.30	6.35	6.21	6.35	2331726	14639109.00
2013/11/21	6.31	6.49	6.29	6.41	3859193	24671160.00
2013/11/22	6.41	6.45	6.28	6.31	1805805	11433248.00
2013/11/25	6.28	6.35	6.23	6.29	1385835	8733306.00
2013/11/26	6.26	6.34	6.21	6.27	1842755	11559692.00
2013/11/27	6.25	6.31	6.24	6.28	1508879	9469943.00
2013/11/28	6.28	6.34	6.24	6.30	3493791	21927650.00
2013/11/29	6.30	6.33	6.27	6.30	1828969	11511023.00
2013/12/02	6.25	6.25	5.86	5.89	5641785	33833964.00
2013/12/03	5.85	5.99	5.79	5.98	2142161	12630178.00
2013/12/04	5.97	6.07	5.95	6.04	2193791	13230987.00
2013/12/05	6.05	6.05	5.98	5.99	1532600	9211621.00
2013/12/06	5.99	6.04	5.99	6.01	1418395	8513112.00
2013/12/09	6.01	6.07	5.98	5.99	1354628	8147701.00
2013/12/10	6.00	6.03	5.94	5.95	1351851	8070260.00
2013/12/11	5.95	5.96	5.88	5.92	1339827	7936918.00
2013/12/12	5.90	5.98	5.80	5.94	1965639	11639786.00
2013/12/13	5.90	5.96	5.88	5.91	1303444	7707054.00
2013/12/16	5.94	5.95	5.75	5.76	2155963	12566478.00
2013/12/17	5.75	5.81	5.72	5.74	1161526	6694523.00
2013/12/18	5.74	5.78	5.68	5.74	1286704	7369083.00
2013/12/19	5.73	5.77	5.57	5.59	1488201	8456422.00
2013/12/20	5.71	6.14	5.71	5.80	6352992	37425580.00
2013/12/23	5.69	5.94	5.60	5.89	4262012	24692456.00
2013/12/24	5.89	6.03	5.82	5.95	3482870	20748796.00
2013/12/25	5.95	6.03	5.87	6.00	2525019	15005827.00
2013/12/26	5.99	6.01	5.87	5.90	2112885	12540437.00
2013/12/27	5.90	5.98	5.87	5.94	1423679	8468513.00
2013/12/30	5.95	5.98	5.81	5.87	1534779	9013700.00
2013/12/31	5.85	5.92	5.83	5.89	1087932	6396798.00
2014/01/02	5.83	5.90	5.83	5.89	920472	5405540.00
2014/01/03	5.83	5.93	5.82	5.91	1274586	7483146.00
2014/01/06	5.92	5.95	5.83	5.84	1472456	8662255.00
2014/01/07	5.82	5.85	5.76	5.78	943968	5467606.00
2014/01/08	5.78	5.83	5.72	5.75	1153375	6649679.00
2014/01/09	5.72	5.78	5.71	5.73	725310	4161427.00
2014/01/10	5.73	5.74	5.59	5.59	1258537	7099305.00
2014/01/13	5.58	5.71	5.50	5.58	927102	5196547.00
2014/01/14	5.58	5.67	5.53	5.66	744244	4163682.00
2014/01/15	5.65	5.78	5.61	5.77	753800	4309857.00
2014/01/16	5.72	5.78	5.67	5.69	721936	4133193.00
2014/01/17	5.66	5.68	5.54	5.56	1014563	5681173.00
2014/01/20	5.56	5.69	5.55	5.64	1012106	5691734.00
2014/01/21	5.64	5.75	5.62	5.73	730645	4171382.00
2014/01/22	5.74	5.83	5.70	5.82	968280	5603217.00
2014/01/23	5.86	5.86	5.73	5.78	1209604	6986228.00
2014/01/24	5.86	5.94	5.80	5.91	1492855	8791490.00
2014/01/27	5.88	5.91	5.78	5.86	1058305	6185714.00
2014/01/28	5.86	5.89	5.78	5.80	1446394	8402015.00
2014/01/29	5.76	5.88	5.76	5.87	758263	4426987.00
2014/01/30	5.90	5.98	5.85	5.93	1049803	6213311.00
2014/02/07	5.91	5.97	5.84	5.96	1311714	7745996.00
2014/02/10	5.98	6.12	5.93	6.10	2340580	14111532.00
2014/02/11	6.10	6.12	5.99	6.05	3013405	18228328.00
2014/02/12	6.05	6.09	6.00	6.05	2132482	12890099.00
2014/02/13	6.03	6.09	5.96	5.96	2092807	12614967.00
2014/02/14	5.95	6.05	5.95	6.05	1606078	9654342.00
2014/02/17	6.08	6.37	6.02	6.36	8959143	56124196.00
2014/02/18	6.36	6.66	6.27	6.47	12016867	78150872.00
2014/02/19	6.47	6.68	6.37	6.59	7479423	48973592.00
2014/02/20	6.56	6.75	6.42	6.58	6334232	41928776.00
2014/02/21	6.59	6.62	6.49	6.61	2803431	18376324.00
2014/02/24	6.53	6.84	6.53	6.71	6770396	45433552.00
2014/02/25	6.72	6.75	6.25	6.30	6275800	40696808.00
2014/02/26	6.26	6.49	6.23	6.44	3480214	22269548.00
2014/02/27	6.44	6.50	6.28	6.31	2955145	18906600.00
2014/02/28	6.28	6.38	6.23	6.38	2168631	13664900.00
2014/03/03	6.38	6.43	6.32	6.43	2128709	13602551.00
2014/03/04	6.36	6.55	6.30	6.51	2393798	15427543.00
2014/03/05	6.50	6.86	6.48	6.68	6237515	41841192.00
2014/03/06	6.70	6.73	6.55	6.67	2522941	16830902.00
2014/03/07	6.66	6.71	6.42	6.53	3744231	24500572.00
2014/03/10	6.50	6.52	6.18	6.25	3455674	21756852.00
2014/03/11	6.25	6.30	6.16	6.30	1417562	8811671.00
2014/03/12	6.30	6.31	6.09	6.15	1870397	11524271.00
2014/03/13	6.16	6.30	6.10	6.11	2121705	13098914.00
2014/03/14	6.11	6.21	6.10	6.18	1423990	8768560.00
2014/03/17	6.12	6.28	6.11	6.22	2108268	13085061.00
2014/03/18	6.22	6.40	6.20	6.30	3840450	24230156.00
2014/03/19	6.34	6.34	6.20	6.31	1276689	8011369.00
2014/03/20	6.31	6.33	6.13	6.17	2487558	15544812.00
2014/03/21	6.13	6.50	6.11	6.32	2567826	16008631.00
2014/03/24	6.32	6.42	6.24	6.38	3330985	21155088.00
2014/03/25	6.38	6.43	6.31	6.38	1975702	12593055.00
2014/03/26	6.40	6.42	6.32	6.40	1638019	10429421.00
2014/03/27	6.38	6.38	6.26	6.27	1439106	9105161.00
2014/03/28	6.30	6.30	6.11	6.17	2175480	13467198.00
2014/03/31	6.17	6.22	6.09	6.13	1258508	7721306.00
2014/04/01	6.13	6.20	6.12	6.19	1336899	8238233.00
2014/04/02	6.24	6.24	6.12	6.16	1285127	7943016.00
2014/04/03	6.14	6.24	6.14	6.19	1719127	10626960.00
2014/04/04	6.16	6.32	6.15	6.31	2044059	12797569.00
2014/04/08	6.28	6.40	6.25	6.35	2916203	18439194.00
2014/04/09	6.35	6.43	6.33	6.39	3000985	19164722.00
2014/04/10	6.38	6.42	6.31	6.36	1997902	12694575.00
2014/04/11	6.37	6.40	6.31	6.38	1268422	8073807.00
2014/04/14	6.38	6.40	6.33	6.40	1612482	10282342.00
2014/04/15	6.39	6.65	6.30	6.31	5418194	34865916.00
2014/04/16	6.30	6.40	6.25	6.33	3540134	22303128.00
2014/04/17	6.34	6.52	6.24	6.49	5277920	33696348.00
2014/04/18	6.45	7.14	6.44	7.14	24198052	168679776.00
2014/04/21	7.16	7.28	6.99	7.26	20213964	144622592.00
2014/04/22	7.11	7.28	6.99	7.20	12545506	89638512.00
2014/04/23	7.17	7.34	7.05	7.21	28922734	208790368.00
2014/04/24	7.10	7.41	6.85	7.06	20871844	149298912.00
2014/04/25	7.00	7.24	6.70	6.72	15459588	107226784.00
2014/04/28	6.65	6.70	6.33	6.36	9678218	62929456.00
2014/04/29	6.34	6.47	6.25	6.43	5069959	32341730.00
2014/04/30	6.38	6.64	6.37	6.51	7494004	49098068.00
2014/05/05	6.45	6.87	6.40	6.76	7078819	46997096.00
2014/05/06	6.72	6.88	6.64	6.85	8829933	59598024.00
2014/05/07	6.83	6.85	6.56	6.57	9784987	66215620.00
2014/05/08	6.46	6.87	6.45	6.86	7342893	49397016.00
2014/05/09	6.93	6.93	6.75	6.84	5709439	39058828.00
2014/05/12	6.88	7.05	6.80	6.89	7718975	53156688.00
2014/05/13	6.89	6.89	6.52	6.58	9255944	61503872.00
2014/05/14	6.59	6.73	6.53	6.62	3842514	25583804.00
2014/05/15	6.63	6.65	6.34	6.36	5938262	38190452.00
2014/05/16	6.31	6.42	6.24	6.34	3371688	21296500.00
2014/05/19	6.34	6.41	6.24	6.31	2523709	15927076.00
2014/05/20	6.32	6.37	6.17	6.22	3504273	21871240.00
2014/05/21	6.22	6.23	6.01	6.20	3110148	19047138.00
2014/05/22	6.22	6.27	6.12	6.22	2235727	13904460.00
2014/05/23	6.20	6.24	6.11	6.24	2343326	14477415.00
2014/05/26	6.25	6.26	6.18	6.26	2419719	15040699.00
2014/05/27	6.25	6.25	6.07	6.10	3961070	24350240.00
2014/05/28	6.10	6.21	6.10	6.17	2322984	14318201.00
2014/05/29	6.19	6.25	6.15	6.20	3247202	20093480.00
2014/05/30	6.19	6.20	6.11	6.13	2639375	16198722.00
2014/06/03	6.14	6.20	6.13	6.15	1263890	7787356.00
2014/06/04	6.15	6.15	5.98	6.07	2718370	16412654.00
2014/06/05	6.08	6.10	6.01	6.10	1821259	11043602.00
2014/06/06	6.08	6.10	6.02	6.10	2802645	16942080.00
2014/06/09	6.09	6.09	6.00	6.03	2552731	15397219.00
2014/06/10	6.01	6.05	5.90	6.02	2196229	13156292.00
2014/06/11	6.02	6.03	5.95	5.99	2359686	14130914.00
2014/06/12	5.99	6.07	5.95	6.06	2030182	12243997.00
2014/06/13	6.06	6.12	6.01	6.11	2379808	14460826.00
2014/06/16	6.11	6.15	6.07	6.13	1742628	10658145.00
2014/06/17	6.13	6.13	6.02	6.03	2515229	15227760.00
2014/06/18	6.00	6.07	6.00	6.03	1574529	9500179.00
2014/06/19	6.03	6.06	5.90	5.92	1739398	10384866.00
2014/06/20	5.92	5.95	5.86	5.92	972464	5743659.00
2014/06/23	5.92	6.00	5.92	5.97	910751	5428685.00
2014/06/24	5.97	6.01	5.94	5.99	1226346	7335942.00
2014/06/25	6.00	6.00	5.90	5.95	1230265	7308412.00
2014/06/26	5.95	6.03	5.95	6.02	1788616	10726601.00
2014/06/27	5.98	6.08	5.98	6.04	1997538	12065223.00
2014/06/30	6.07	6.14	6.04	6.12	2507522	15276324.00
2014/07/01	6.10	6.15	6.09	6.12	1776961	10873374.00
2014/07/02	6.16	6.16	6.02	6.14	2043738	12529907.00
2014/07/03	6.10	6.16	6.07	6.15	3150698	19286148.00
2014/07/04	6.15	6.15	6.07	6.13	2720701	16608237.00
2014/07/07	6.13	6.25	6.10	6.25	4045675	25085092.00
2014/07/08	6.24	6.24	6.16	6.24	2194105	13599077.00
2014/07/09	6.24	6.24	6.08	6.11	2877887	17760308.00
2014/07/10	6.09	6.15	6.09	6.12	1683652	10305549.00
2014/07/11	6.14	6.24	6.13	6.20	2406800	14934026.00
2014/07/14	6.20	6.40	6.20	6.34	5082767	32156322.00
2014/07/15	6.30	6.37	6.25	6.36	3067919	19372862.00
2014/07/16	6.36	6.42	6.29	6.41	3666807	23319596.00
2014/07/17	6.38	6.40	6.28	6.34	2679788	16950924.00
2014/07/18	6.35	6.39	6.32	6.37	2892758	18380828.00
2014/07/21	6.38	6.38	6.25	6.28	2376673	14944105.00
2014/07/22	6.27	6.36	6.25	6.31	1804690	11400736.00
2014/07/23	6.31	6.42	6.29	6.42	4457372	28365946.00
2014/07/24	6.46	6.48	6.31	6.35	3253395	20677588.00
2014/07/25	6.33	6.38	6.28	6.35	2670456	16912586.00
2014/07/28	6.36	6.43	6.35	6.40	4511748	28849516.00
2014/07/29	6.39	6.46	6.36	6.39	5313870	34068904.00
2014/07/30	6.40	6.42	6.31	6.38	4565787	29030664.00
2014/07/31	6.37	6.50	6.34	6.47	6888156	44256656.00
2014/08/01	6.45	6.66	6.42	6.48	9342621	60965488.00
2014/08/04	6.48	6.57	6.47	6.56	5656140	36976444.00
2014/08/05	6.57	6.59	6.48	6.58	4587775	29981466.00
2014/08/06	6.56	6.58	6.49	6.56	3514928	22983164.00
2014/08/07	6.56	6.66	6.47	6.50	6095181	40026444.00
2014/08/08	6.51	6.55	6.44	6.53	3833940	24887856.00
2014/08/11	6.53	6.66	6.47	6.60	6661276	43834280.00
2014/08/12	6.60	6.72	6.57	6.71	6786265	45247560.00
2014/08/13	6.73	6.73	6.61	6.71	4291749	28596888.00
2014/08/14	6.68	6.74	6.58	6.59	5558437	37005380.00
2014/08/15	6.58	6.83	6.57	6.77	6491408	43570824.00
2014/08/18	6.78	7.02	6.76	6.91	8618080	59498824.00
2014/08/19	6.88	7.02	6.85	6.93	6487193	44979088.00
2014/08/20	6.90	7.10	6.90	7.03	6745693	47317396.00
2014/08/21	7.01	7.15	6.97	7.14	7514559	52926288.00
2014/08/22	7.12	7.26	6.99	7.03	8986019	63680344.00
2014/08/25	7.03	7.03	6.81	6.97	8587710	59333248.00
2014/08/26	6.92	6.97	6.77	6.95	6324703	43355412.00
2014/09/25	7.65	7.65	7.65	7.65	508459	3889711.00
2014/09/26	8.42	8.42	8.42	8.42	1183787	9967487.00
2014/09/29	9.26	9.26	9.26	9.26	2298921	21288008.00
2014/09/30	10.19	10.19	10.19	10.19	2220435	22626232.00
2014/10/08	11.21	11.21	11.21	11.21	1410171	15808017.00
2014/10/09	12.33	12.33	12.33	12.33	2665793	32869228.00
2014/10/10	13.56	13.56	12.75	13.05	106475808	1419162880.00
2014/10/13	13.06	13.30	12.35	12.51	47892314	612945216.00
2014/10/14	12.38	12.58	12.16	12.28	36046678	444457984.00
2014/10/15	12.35	12.47	12.12	12.30	23922182	294238688.00
2014/10/16	12.14	12.35	11.94	12.01	17896155	216543392.00
2014/10/17	11.85	12.04	10.81	10.97	36420500	408917408.00
2014/10/20	11.00	11.26	10.91	11.10	20132807	223090576.00
2014/10/21	11.09	11.25	10.93	11.14	16845873	186972336.00
2014/10/22	11.10	11.13	10.59	10.64	16666328	180769824.00
2014/10/23	10.60	10.78	10.55	10.69	9579473	102290608.00
2014/10/24	10.72	10.77	10.56	10.61	6007458	64096216.00
2014/10/27	10.60	11.18	10.57	10.94	15581303	170091840.00
2014/10/28	10.89	11.13	10.78	11.11	23541517	259378304.00
2014/10/29	11.16	11.42	11.07	11.31	19657151	221589152.00
2014/10/30	11.35	11.62	11.10	11.39	35642796	403873472.00
2014/10/31	11.31	11.49	11.13	11.22	12548043	141038160.00
2014/11/03	11.19	11.34	11.07	11.23	19027887	214241456.00
2014/11/04	11.16	11.34	11.02	11.20	9954322	111072984.00
2014/11/05	11.30	11.77	11.15	11.67	27831700	319263584.00
2014/11/06	11.49	11.63	11.08	11.17	30544790	347208256.00
2014/11/07	11.06	11.21	10.76	10.81	17794944	196218896.00
2014/11/10	10.81	10.89	10.66	10.81	6760761	72681840.00
2014/11/11	10.82	10.93	10.53	10.77	12605110	135422048.00
2014/11/12	10.77	10.84	10.65	10.79	9524708	102603744.00
2014/11/13	10.75	10.76	10.23	10.35	15088394	157320784.00
2014/11/14	10.35	10.46	10.17	10.27	10377819	107572216.00
2014/11/17	10.29	10.85	10.29	10.42	7877321	82267576.00
2014/11/18	10.41	10.45	10.22	10.35	4380964	45208008.00
2014/11/19	10.53	10.79	10.40	10.64	10953028	116136344.00
2014/11/20	10.56	11.08	10.37	10.79	17302326	186579728.00
2014/11/21	10.71	10.86	10.63	10.69	7642916	81890848.00
2014/11/24	10.75	11.04	10.59	10.86	9630977	104205720.00
2014/11/25	10.80	10.94	10.70	10.82	7273645	78644912.00
2014/11/26	10.79	10.98	10.55	10.69	10476677	112618256.00
2014/11/27	10.70	10.84	10.57	10.82	11248220	120342624.00
2014/11/28	10.80	11.46	10.75	10.93	27630074	306394656.00
2014/12/01	10.80	10.88	10.58	10.83	10186984	109061032.00
2014/12/02	10.77	10.95	10.77	10.85	8988886	97525984.00
2014/12/03	10.83	11.05	10.58	10.98	13033296	140851264.00
2014/12/04	10.95	11.18	10.87	11.00	12263908	134987568.00
2014/12/05	10.92	10.99	10.00	10.87	16661629	177520224.00
2014/12/08	10.71	10.92	10.56	10.71	8444172	90263624.00
2014/12/09	10.68	10.74	10.17	10.25	14030345	147329600.00
2014/12/10	10.20	10.47	10.13	10.40	6786769	69815792.00
2014/12/11	10.35	10.45	10.20	10.43	9437405	97676464.00
2014/12/12	10.45	10.53	10.37	10.50	6136665	64177144.00
2014/12/15	10.50	11.49	10.48	11.19	29239590	319493856.00
2014/12/16	11.05	11.50	10.91	11.03	27764054	307672096.00
2014/12/17	10.93	11.15	10.57	10.85	17974507	195839792.00
2014/12/18	10.75	11.03	10.72	10.83	13533047	147052992.00
2014/12/19	10.83	10.90	10.27	10.30	11638952	122565080.00
2014/12/22	10.18	10.19	9.27	9.27	14161912	135351536.00
2014/12/23	9.00	9.21	8.82	8.96	10687341	96461752.00
2014/12/24	9.00	9.15	8.98	9.12	4083530	37080316.00
2014/12/25	9.15	9.39	9.09	9.37	10127887	93377960.00
2014/12/26	9.24	9.48	9.23	9.39	8413080	78321928.00
2014/12/29	9.35	9.50	8.78	8.86	9758254	88439680.00
2014/12/30	8.80	8.97	8.50	8.62	6175071	53985380.00
2014/12/31	8.63	8.75	8.49	8.69	5777786	49766348.00
2015/01/05	8.72	8.99	8.53	8.95	7324647	63980456.00
2015/01/06	8.85	9.16	8.73	9.02	7128228	63675272.00
2015/01/07	8.98	9.38	8.91	9.14	8251912	75554528.00
2015/01/08	9.31	9.44	9.05	9.14	8770570	80920048.00
2015/01/09	9.10	9.23	8.94	8.96	4353640	39761056.00
2015/01/12	8.92	9.21	8.76	9.07	10942116	98967664.00
2015/01/13	9.09	9.20	8.99	9.18	7190711	65521436.00
2015/01/14	9.14	9.77	9.09	9.45	17864739	169066608.00
2015/01/15	9.45	9.47	9.26	9.36	5641662	52647640.00
2015/01/16	9.34	9.39	9.24	9.28	4312861	40091176.00
2015/01/19	9.17	9.28	8.74	8.87	5619625	50760328.00
2015/01/20	8.89	9.15	8.81	9.13	4759233	42810608.00
2015/01/21	9.13	9.58	9.08	9.51	10933934	103085656.00
2015/01/22	9.56	9.98	9.41	9.87	13277542	129022520.00
2015/01/23	9.80	9.87	9.60	9.69	8180023	79451360.00
2015/01/26	9.73	9.94	9.65	9.86	10909354	107052744.00
2015/01/27	9.93	10.15	9.60	9.91	9608584	95669752.00
2015/01/28	10.14	10.90	10.09	10.37	33483185	356918240.00
2015/01/29	10.02	10.18	9.68	9.84	18041902	178851120.00
2015/01/30	9.78	9.94	9.73	9.85	9160488	90119088.00
2015/02/02	9.75	9.91	9.66	9.84	4628064	45500956.00
2015/02/03	9.94	10.32	9.81	10.12	12037949	121908704.00
2015/02/04	10.19	10.77	10.12	10.43	17981462	187959440.00
2015/02/05	10.48	11.11	10.19	10.77	23001914	247300400.00
2015/02/06	10.70	10.89	10.30	10.34	8540322	89992536.00
2015/02/09	10.31	10.47	9.98	10.00	7233017	73643280.00
2015/02/10	9.90	10.12	9.87	10.12	4154981	41497468.00
2015/02/11	10.43	10.44	10.15	10.25	6063847	62381948.00
2015/02/12	10.24	10.31	9.98	10.21	7336615	74157704.00
2015/02/13	10.21	10.38	10.08	10.37	7831655	80370824.00
2015/02/16	10.38	10.65	10.33	10.56	8509288	89408256.00
2015/02/17	10.67	10.74	10.39	10.58	8709767	91784992.00
2015/02/25	11.64	11.64	11.35	11.64	24100773	280186816.00
2015/02/26	11.70	12.19	11.47	11.92	42400285	500907072.00
2015/02/27	11.91	12.38	11.57	12.27	25985678	310868512.00
2015/03/02	12.12	13.50	12.00	13.50	35971639	464170240.00
2015/03/03	13.49	14.85	13.16	14.23	43273528	620862400.00
2015/03/04	14.05	14.80	13.78	14.29	29125925	416047520.00
2015/03/05	14.28	15.72	14.04	15.72	32147352	485800384.00
2015/03/06	15.78	16.19	14.70	14.97	34112480	521977856.00
2015/03/09	15.76	16.47	14.95	16.47	38243446	608101248.00
2015/03/10	16.69	16.92	16.04	16.11	23994326	394603872.00
2015/03/11	16.01	16.12	15.00	15.37	26394722	405914048.00
2015/03/12	15.17	15.37	14.59	15.08	19751522	296197088.00
2015/03/13	15.05	15.39	14.93	15.22	12937073	196571296.00
2015/03/16	15.49	15.80	15.29	15.52	18036960	280623488.00
2015/03/17	15.58	16.12	15.05	16.03	23455964	365541568.00
2015/03/18	16.09	16.11	15.68	15.93	13896857	220590736.00
2015/03/19	15.68	15.77	15.25	15.39	17090446	264964112.00
2015/03/20	15.29	15.66	15.14	15.24	17348191	266644912.00
2015/03/23	15.26	16.12	14.99	15.99	28705093	447279072.00
2015/03/24	15.85	15.93	14.92	15.51	23456599	363602432.00
2015/03/25	15.49	17.06	15.23	17.06	39889516	649590144.00
2015/03/26	17.05	17.05	15.50	15.61	30160352	487106912.00
2015/03/27	15.58	15.90	15.13	15.64	16491819	254471472.00
2015/03/30	15.64	15.64	15.30	15.41	11829568	182323632.00
2015/03/31	15.37	16.14	15.24	15.49	15904409	249092624.00
2015/04/01	15.47	16.09	15.22	15.70	12893710	203031840.00
2015/04/02	15.96	16.81	15.96	16.26	18520846	302088768.00
2015/04/03	16.08	17.89	16.01	17.89	25305606	434575712.00
2015/04/07	18.51	19.66	18.32	18.78	26121778	492157504.00
2015/04/08	18.79	18.98	17.30	18.11	23529419	426531232.00
2015/04/09	18.50	19.00	17.02	17.78	23717197	428965376.00
2015/04/10	17.38	19.56	17.38	18.97	29366452	544001024.00
2015/04/13	19.33	19.88	18.70	19.03	21796920	417596288.00
2015/04/14	18.67	18.70	17.97	18.06	20434272	373185408.00
2015/04/15	17.86	18.26	17.25	17.26	14685276	261059776.00
2015/04/16	16.99	17.67	16.77	17.21	12026937	207241104.00
2015/04/17	17.48	17.58	17.06	17.19	10497088	181224496.00
2015/04/20	17.00	17.18	16.31	16.34	14481203	242899856.00
2015/04/21	16.22	17.23	16.13	17.19	10789022	181439888.00
2015/04/22	17.27	17.81	17.20	17.43	12661200	221363952.00
2015/04/23	17.58	17.58	17.00	17.18	11535609	198475904.00
2015/04/24	17.10	17.40	16.68	17.22	8828384	150991888.00
2015/04/27	17.21	18.39	17.17	18.17	23660773	422114208.00
2015/04/28	18.18	18.19	17.02	17.15	12914319	225515056.00
2015/04/29	17.15	17.65	16.81	17.32	8967068	155613840.00
2015/04/30	17.32	18.35	17.32	17.54	15513887	277548832.00
2015/05/05	17.38	17.38	17.38	17.38	0	0.00
数据来源:通达信
