600571 信雅达 日线 前复权
      日期	    开盘	    最高	    最低	    收盘	    成交量	    成交额
2011/10/10	8.82	8.94	8.77	8.78	406100	3718025.00
2011/10/11	8.96	9.01	8.73	8.83	496732	4566762.00
2011/10/12	8.80	9.15	8.73	9.14	1097853	10217362.00
2011/10/13	9.14	9.21	9.02	9.18	1006763	9498015.00
2011/10/14	9.06	9.17	8.95	9.07	618627	5787423.00
2011/10/17	9.08	9.22	9.03	9.13	499822	4709993.00
2011/10/18	9.03	9.15	8.80	8.96	1139403	10666444.00
2011/10/19	9.04	9.04	8.60	8.63	881241	8016381.00
2011/10/20	8.62	8.62	8.24	8.34	1400316	12128680.00
2011/10/21	8.37	8.45	8.26	8.30	565979	4890767.00
2011/10/24	8.45	8.45	8.11	8.38	635127	5466225.00
2011/10/25	8.40	8.73	8.33	8.67	1127576	10014820.00
2011/10/26	8.60	8.86	8.58	8.79	1346200	12187353.00
2011/10/27	8.81	9.05	8.80	8.85	1088546	10027678.00
2011/10/28	8.91	9.23	8.86	9.19	2004252	18792612.00
2011/11/01	9.07	9.45	9.05	9.32	2645372	25353054.00
2011/11/02	9.20	10.00	9.14	9.82	5889847	58819392.00
2011/11/03	9.94	10.30	9.65	9.70	7218146	74126408.00
2011/11/04	9.75	10.03	9.57	9.85	3707006	37311048.00
2011/11/07	9.73	9.96	9.71	9.79	2374473	24084728.00
2011/11/08	9.73	9.80	9.46	9.48	1928819	19140916.00
2011/11/09	9.48	9.77	9.40	9.76	1975230	19530232.00
2011/11/10	9.65	9.95	9.57	9.76	3539538	35857300.00
2011/11/11	9.76	10.18	9.76	9.98	5015336	51534460.00
2011/11/14	10.09	10.27	10.02	10.22	3690085	38808368.00
2011/11/15	10.24	10.35	10.18	10.24	2692612	28413712.00
2011/11/16	10.26	11.29	10.19	10.66	11250806	125423576.00
2011/11/17	10.50	10.58	10.20	10.39	5848418	62448868.00
2011/11/18	10.20	10.33	9.65	9.80	4393621	45010508.00
2011/11/21	9.78	9.98	9.66	9.87	1452943	14648264.00
2011/11/22	9.69	10.05	9.66	10.03	1926897	19709296.00
2011/11/23	10.08	10.29	9.98	10.08	2271763	23768936.00
2011/11/24	9.95	10.32	9.90	10.24	2091589	21887592.00
2011/11/25	10.16	10.27	9.70	9.72	2723169	28017644.00
2011/11/28	9.80	9.80	9.53	9.69	1698701	16930586.00
2011/11/29	9.88	9.88	9.65	9.75	2263499	22655760.00
2011/11/30	9.73	9.73	8.91	9.18	3382896	32508248.00
2011/12/01	9.44	9.52	9.20	9.33	2632701	25452834.00
2011/12/02	9.21	9.25	9.06	9.11	988386	9311021.00
2011/12/05	9.07	9.08	8.80	8.82	777500	7119175.00
2011/12/06	8.76	8.96	8.76	8.89	697238	6375865.00
2011/12/07	8.85	8.96	8.82	8.91	613086	5642374.00
2011/12/08	8.99	9.07	8.71	8.95	862703	7948186.00
2011/12/09	8.92	9.05	8.81	8.87	638238	5897220.00
2011/12/12	9.03	9.03	8.73	8.78	552298	5045653.00
2011/12/13	8.75	8.75	8.40	8.42	785999	6924465.00
2011/12/14	8.43	8.49	8.28	8.30	623306	5420432.00
2011/12/15	8.27	8.35	8.15	8.19	834220	7127175.00
2011/12/16	8.25	8.52	8.23	8.51	1078620	9329382.00
2011/12/19	8.45	8.83	8.31	8.78	1492625	13230359.00
2011/12/20	8.67	8.83	8.58	8.61	1061416	9567650.00
2011/12/21	8.69	8.94	8.63	8.74	2022181	18334886.00
2011/12/22	8.58	8.72	7.88	8.38	1785647	15341071.00
2011/12/23	8.27	8.57	8.18	8.39	668766	5839411.00
2011/12/26	8.35	8.62	8.30	8.32	514090	4515952.00
2011/12/27	8.28	8.35	7.90	8.01	618073	5170224.00
2011/12/28	7.92	7.98	7.71	7.81	1265035	10248120.00
2011/12/29	7.78	7.86	7.66	7.79	816579	6579910.00
2011/12/30	7.88	7.96	7.80	7.91	1018692	8329131.00
2012/01/04	7.96	8.00	7.52	7.56	669627	5415719.00
2012/01/05	7.53	7.62	7.06	7.12	821564	6252039.00
2012/01/06	7.18	7.25	6.90	7.17	667944	4934022.00
2012/01/09	7.20	7.45	7.10	7.45	1940294	14824148.00
2012/01/10	7.43	7.85	7.43	7.76	2072320	16418132.00
2012/01/11	7.72	8.08	7.70	7.88	2665332	21960500.00
2012/01/12	7.80	7.93	7.76	7.83	1555283	12672185.00
2012/01/13	7.79	7.83	7.40	7.46	1231473	9693929.00
2012/01/16	7.39	7.48	7.10	7.14	620183	4710648.00
2012/01/17	7.15	7.59	7.00	7.58	2325441	17713650.00
2012/01/18	7.54	7.63	6.90	6.96	3984703	30169734.00
2012/01/19	6.94	7.04	6.68	7.01	2248316	16116112.00
2012/01/20	7.01	7.08	6.95	7.03	892843	6543256.00
2012/01/30	7.08	7.16	7.03	7.06	1037538	7669272.00
2012/01/31	7.06	7.10	6.88	6.97	745487	5401398.00
2012/02/01	6.98	7.07	6.89	7.01	844581	6152921.00
2012/02/02	7.02	7.17	6.96	7.17	1161181	8564310.00
2012/02/03	7.14	7.38	7.13	7.35	1871137	14188991.00
2012/02/06	7.34	7.42	7.30	7.38	1121748	8589062.00
2012/02/07	7.34	7.54	7.19	7.41	1752035	13252859.00
2012/02/08	7.35	7.55	7.30	7.54	2899991	22467840.00
2012/02/09	7.53	7.73	7.50	7.57	2997082	23670626.00
2012/02/10	7.55	7.64	7.47	7.49	2164300	16982324.00
2012/02/13	7.41	7.75	7.41	7.72	2938970	23350668.00
2012/02/14	7.77	7.77	7.60	7.64	1488670	11830194.00
2012/02/15	7.65	7.86	7.60	7.84	2292850	18559284.00
2012/02/16	7.84	7.98	7.70	7.93	2642487	21602306.00
2012/02/17	7.95	7.98	7.76	7.84	2161159	17595012.00
2012/02/20	7.94	8.02	7.84	7.88	2497621	20514304.00
2012/02/21	7.88	7.93	7.71	7.92	1839262	14979235.00
2012/02/22	7.92	8.15	7.92	8.07	3394081	28269374.00
2012/02/23	8.02	8.15	7.97	8.02	2582388	21561150.00
2012/02/24	8.07	8.12	7.97	8.10	2608911	21791196.00
2012/02/27	8.19	8.40	8.05	8.33	5076709	43202888.00
2012/02/28	8.32	8.45	8.09	8.21	4234746	36144288.00
2012/02/29	8.21	8.21	7.98	8.01	2608242	21760732.00
2012/03/01	8.01	8.15	7.98	8.13	2340917	19633656.00
2012/03/02	8.13	8.23	8.10	8.21	2002808	16970156.00
2012/03/05	8.22	8.27	8.17	8.23	1973165	16817654.00
2012/03/06	8.23	8.23	8.02	8.15	2133016	17914608.00
2012/03/07	8.13	8.23	8.05	8.17	1839228	15563651.00
2012/03/08	8.26	9.02	8.23	8.41	8723590	78638704.00
2012/03/09	8.43	8.46	8.30	8.42	4926154	42804256.00
2012/03/12	8.43	8.57	8.39	8.55	3764700	32951080.00
2012/03/13	8.53	8.56	8.42	8.54	2374407	20866644.00
2012/03/14	8.56	8.68	8.07	8.08	5748594	50213816.00
2012/03/15	8.04	8.14	7.68	7.81	4346468	35506792.00
2012/03/16	7.82	8.05	7.81	8.03	2822938	23217806.00
2012/03/19	8.00	8.15	8.00	8.14	2774025	23213856.00
2012/03/20	8.11	8.11	7.94	8.06	2665410	22223860.00
2012/03/21	8.03	8.88	8.03	8.68	14619300	129412560.00
2012/03/22	8.60	8.95	8.50	8.71	15045349	136514560.00
2012/03/23	8.45	8.95	8.43	8.87	13580995	123250568.00
2012/03/26	8.71	9.10	8.71	8.89	10468443	96493472.00
2012/03/27	9.00	9.17	8.73	8.77	8106654	74401072.00
2012/03/28	8.90	8.90	7.86	7.97	7280103	61531752.00
2012/03/29	7.78	7.78	7.35	7.42	5079365	39775768.00
2012/03/30	7.37	7.49	7.16	7.40	2640529	20158380.00
2012/04/05	7.40	7.65	7.28	7.61	2370871	18509992.00
2012/04/06	7.57	7.78	7.53	7.69	2922011	23270614.00
2012/04/09	7.61	7.68	7.40	7.42	2641422	20679740.00
2012/04/10	7.45	7.46	6.90	7.37	4602700	34415576.00
2012/04/11	7.23	7.45	7.14	7.43	2287445	17465044.00
2012/04/12	7.46	7.77	7.46	7.72	4373212	34879368.00
2012/04/13	7.71	7.86	7.68	7.82	4352741	35184032.00
2012/04/16	7.77	7.96	7.72	7.89	3321035	27190388.00
2012/04/17	7.90	7.95	7.75	7.78	2794294	22758600.00
2012/04/18	7.81	8.04	7.81	8.01	3799974	31301900.00
2012/04/19	8.01	8.13	7.95	8.03	4004789	33389944.00
2012/04/20	8.00	8.13	7.85	8.09	3222512	26819520.00
2012/04/23	8.07	8.07	7.76	7.78	3528353	28921418.00
2012/04/24	7.77	7.86	7.34	7.65	3124284	24701656.00
2012/04/25	7.66	7.86	7.61	7.81	2380703	19197178.00
2012/04/26	7.86	8.29	7.86	8.04	5571867	46794268.00
2012/04/27	8.15	8.15	7.78	7.87	2722669	22343976.00
2012/05/02	7.98	8.10	7.83	8.04	2785710	23066940.00
2012/05/03	8.04	8.09	7.93	8.07	2157750	17942888.00
2012/05/04	8.16	8.23	8.00	8.10	3242465	27269668.00
2012/05/07	8.08	8.19	7.99	8.18	2437263	20453200.00
2012/05/08	8.19	8.32	8.13	8.20	2775152	23629562.00
2012/05/09	8.17	8.34	8.11	8.30	4857997	41513316.00
2012/05/10	8.30	8.32	8.12	8.13	3109036	26418356.00
2012/05/14	8.14	8.25	7.98	8.03	2258300	18875312.00
2012/05/15	8.02	8.02	7.75	7.93	1974773	16101421.00
2012/05/16	7.91	7.97	7.78	7.85	1544637	12641130.00
2012/05/17	7.80	8.02	7.80	7.96	1351301	11110865.00
2012/05/18	7.88	7.93	7.73	7.76	1478068	12021423.00
2012/05/21	7.67	7.84	7.66	7.75	632821	5103341.00
2012/05/22	7.78	7.88	7.78	7.88	812109	6613991.00
2012/05/23	7.88	7.88	7.56	7.67	1987437	15912628.00
2012/05/24	7.66	7.83	7.63	7.76	1319162	10595244.00
2012/05/25	7.79	7.79	7.51	7.52	1424100	11296627.00
2012/05/28	7.44	7.67	7.35	7.66	989578	7735873.00
2012/05/29	7.62	7.84	7.62	7.78	1665221	13441059.00
2012/05/30	7.77	7.92	7.77	7.83	1301366	10606703.00
2012/05/31	7.79	7.90	7.79	7.86	1382070	11254856.00
2012/06/01	7.87	7.92	7.74	7.78	922371	7495515.00
2012/06/04	7.65	7.65	7.40	7.45	1452090	11405606.00
2012/06/05	7.45	7.50	7.37	7.40	1124155	8696942.00
2012/06/06	7.41	7.46	7.30	7.34	1250979	9602391.00
2012/06/07	7.41	7.47	7.24	7.25	765709	5856463.00
2012/06/08	7.34	7.38	7.25	7.29	713497	5421559.00
2012/06/11	7.30	7.53	7.29	7.49	1049961	8136560.00
2012/06/12	7.41	7.55	7.36	7.37	790000	6104677.00
2012/06/13	7.40	7.52	7.40	7.51	1135305	8832260.00
2012/06/14	7.48	7.61	7.44	7.47	1126913	8821074.00
2012/06/15	7.48	7.62	7.48	7.55	1380134	10834362.00
2012/06/18	7.62	7.64	7.55	7.62	764443	6013306.00
2012/06/19	7.58	7.61	7.52	7.53	971607	7586502.00
2012/06/20	7.61	7.68	7.55	7.57	915125	7212711.00
2012/06/21	7.60	7.60	7.34	7.35	1130877	8683637.00
2012/06/25	7.37	7.37	7.14	7.15	666401	4989291.00
2012/06/26	7.12	7.25	7.08	7.21	537901	3996762.00
2012/06/27	7.23	7.27	7.16	7.18	573300	4288066.00
2012/06/28	7.24	7.25	7.00	7.01	540900	3989071.00
2012/06/29	6.97	7.11	6.96	7.10	653782	4766623.00
2012/07/02	7.17	7.25	7.10	7.17	539870	3997459.00
2012/07/03	7.15	7.32	7.13	7.21	671874	5035692.00
2012/07/04	7.27	7.27	7.10	7.11	545801	4042695.00
2012/07/05	7.09	7.11	6.86	6.89	850209	6147820.00
2012/07/06	6.95	7.12	6.83	7.07	610548	4405564.00
2012/07/09	6.99	7.04	6.76	6.78	1225351	8738894.00
2012/07/10	6.79	6.81	6.63	6.65	740408	5138174.00
2012/07/11	6.74	6.75	6.65	6.72	368350	2560797.00
2012/07/12	6.68	6.92	6.65	6.88	944261	6655077.00
2012/07/13	6.85	6.91	6.77	6.79	323548	2293443.00
2012/07/16	6.82	6.84	6.50	6.54	860037	5957697.00
2012/07/17	6.51	6.61	6.51	6.59	472071	3216149.00
2012/07/18	6.61	6.81	6.59	6.75	1104530	7718684.00
2012/07/19	6.75	6.88	6.71	6.80	723841	5116896.00
2012/07/20	6.75	6.86	6.73	6.77	432501	3045737.00
2012/07/23	6.67	6.88	6.67	6.88	661514	4669629.00
2012/07/24	6.83	6.91	6.80	6.88	479041	3408825.00
2012/07/25	6.83	6.90	6.73	6.73	416979	2941015.00
2012/07/26	6.73	6.81	6.63	6.63	468490	3257949.00
2012/07/27	6.65	6.74	6.64	6.68	450200	3118003.00
2012/07/30	6.69	6.75	6.60	6.71	446252	3103354.00
2012/07/31	6.70	6.71	6.56	6.64	468259	3226931.00
2012/08/01	6.61	6.81	6.61	6.76	645938	4519738.00
2012/08/02	6.83	6.91	6.68	6.77	831981	5880031.00
2012/08/03	6.83	6.87	6.75	6.87	1392792	9807571.00
2012/08/06	6.81	6.97	6.77	6.95	1219110	8730337.00
2012/08/07	6.94	7.17	6.92	7.13	1753829	12860941.00
2012/08/08	7.13	7.17	7.02	7.06	704616	5166086.00
2012/08/09	7.05	7.17	7.02	7.14	1093052	8026204.00
2012/08/10	7.11	7.17	7.06	7.14	734655	5410868.00
2012/08/13	7.11	7.17	6.97	7.05	1101100	8052252.00
2012/08/14	7.07	7.70	7.05	7.59	5025568	38131068.00
2012/08/15	7.46	7.61	7.37	7.45	2227235	17162920.00
2012/08/16	7.40	7.50	7.27	7.28	731719	5571787.00
2012/08/17	7.25	7.30	7.15	7.23	759835	5670583.00
2012/08/20	7.22	7.45	7.11	7.29	2231982	16849196.00
2012/08/21	7.29	7.44	7.18	7.36	1558070	11869033.00
2012/08/22	7.41	7.41	7.25	7.34	841342	6373451.00
2012/08/23	7.33	7.40	7.26	7.35	1511281	11440456.00
2012/08/24	7.35	7.40	7.15	7.30	2004721	15065241.00
2012/08/27	7.30	7.32	7.17	7.25	736101	5523037.00
2012/08/28	7.16	7.28	7.16	7.25	440353	3296022.00
2012/08/29	7.27	7.46	7.21	7.39	1172525	8974245.00
2012/08/30	7.43	7.43	7.19	7.26	782732	5888068.00
2012/08/31	7.35	7.70	7.31	7.57	3476580	27325078.00
2012/09/03	7.56	7.85	7.47	7.81	2646896	21139898.00
2012/09/04	7.78	8.25	7.78	8.03	5641570	46915612.00
2012/09/05	7.92	8.14	7.92	8.02	2351528	19536572.00
2012/09/06	8.10	8.43	8.10	8.35	7771102	66377320.00
2012/09/07	8.41	8.82	8.32	8.53	5830480	51531468.00
2012/09/10	8.55	8.62	8.40	8.54	3000355	26276992.00
2012/09/11	8.55	8.85	8.41	8.47	3658366	32523120.00
2012/09/12	8.46	8.66	8.43	8.60	2602387	22840974.00
2012/09/13	8.51	8.68	8.29	8.38	2890937	25313466.00
2012/09/14	8.39	8.68	8.26	8.63	3151869	27561824.00
2012/09/17	8.62	8.91	8.35	8.67	2927191	25875644.00
2012/09/18	8.56	8.86	8.53	8.85	2733441	24615922.00
2012/09/19	8.87	9.55	8.75	9.37	5662831	53560572.00
2012/09/20	9.38	9.38	8.90	9.02	3114134	29109356.00
2012/09/21	8.95	9.04	8.74	8.81	1849497	16778860.00
2012/09/24	8.76	8.77	8.42	8.59	2216853	19628716.00
2012/09/25	8.55	9.25	8.43	8.86	4123504	36855516.00
2012/09/26	8.73	8.80	8.45	8.57	1958402	17349168.00
2012/09/27	8.57	8.70	8.35	8.52	2565868	22547290.00
2012/09/28	8.45	8.75	8.18	8.66	4092279	35391164.00
2012/10/08	8.60	8.61	8.43	8.55	1049043	9204790.00
2012/10/09	8.57	8.92	8.53	8.90	2141032	19320416.00
2012/10/10	8.87	9.10	8.77	9.02	1727171	15963395.00
2012/10/11	8.96	9.02	8.81	8.85	1737150	15899465.00
2012/10/12	8.88	8.97	8.65	8.78	1370784	12398651.00
2012/10/15	8.78	8.82	8.53	8.80	1208836	10810276.00
2012/10/16	8.80	8.85	8.72	8.75	662312	5990591.00
2012/10/17	8.77	8.77	8.58	8.61	821836	7314177.00
2012/10/18	8.58	9.07	8.58	8.85	1862355	17011752.00
2012/10/19	8.93	8.93	8.66	8.70	773222	6990788.00
2012/10/22	8.60	9.10	8.60	9.10	1500821	13745578.00
2012/10/23	9.06	9.29	8.96	9.13	1649706	15495038.00
2012/10/24	9.07	9.16	8.99	9.16	1107614	10322962.00
2012/10/25	9.22	9.25	9.04	9.17	1490914	13973813.00
2012/10/26	9.15	9.17	8.68	8.95	2157588	19752328.00
2012/10/29	8.84	9.12	8.75	9.00	1187031	10896923.00
2012/10/30	9.00	9.13	8.97	8.99	990946	9205134.00
2012/10/31	8.99	9.10	8.78	8.86	800866	7353384.00
2012/11/01	8.80	9.06	8.80	8.86	1384470	12709709.00
2012/11/02	8.73	8.99	8.63	8.95	1760936	15862617.00
2012/11/05	8.79	9.50	8.79	9.39	4933145	46949984.00
2012/11/06	9.44	9.63	9.31	9.61	4660681	45549880.00
2012/11/07	9.62	9.74	9.25	9.36	2979975	29034008.00
2012/11/08	9.25	9.42	8.72	8.76	3205247	29832668.00
2012/11/09	8.71	9.05	8.67	8.89	1940866	17710882.00
2012/11/12	8.97	9.23	8.81	9.17	2923693	27270266.00
2012/11/13	9.18	9.53	9.02	9.05	2565894	24468100.00
2012/11/14	9.00	9.18	8.79	8.90	1487620	13606841.00
2012/11/15	8.85	9.03	8.80	8.88	856495	7836355.00
2012/11/16	8.94	8.94	8.63	8.76	1086924	9766439.00
2012/11/19	8.76	8.84	8.62	8.73	1361684	12249616.00
2012/11/20	8.77	8.82	8.26	8.32	1967715	17097512.00
2012/11/21	8.30	8.50	8.21	8.42	973687	8369743.00
2012/11/22	8.36	8.40	8.03	8.11	800799	6751372.00
2012/11/23	8.12	8.23	8.06	8.17	559541	4697931.00
2012/11/26	8.20	8.22	8.06	8.15	297057	2493444.00
2012/11/27	8.15	8.16	7.85	7.96	644157	5283284.00
2012/11/28	7.82	7.96	7.80	7.83	433696	3530348.00
2012/11/29	7.85	7.94	7.52	7.52	435400	3468287.00
2012/11/30	7.53	7.60	7.40	7.45	725600	5630821.00
2012/12/03	7.50	7.53	7.12	7.13	829100	6242039.00
2012/12/04	7.13	7.27	6.92	7.22	535791	3923038.00
2012/12/05	7.29	7.70	7.21	7.65	1020350	7963542.00
2012/12/06	7.71	8.05	7.70	7.76	1486970	12069490.00
2012/12/07	7.76	7.91	7.55	7.87	804188	6469521.00
2012/12/10	7.96	8.02	7.82	7.92	1167391	9497833.00
2012/12/11	7.91	7.91	7.79	7.80	697168	5635928.00
2012/12/12	7.75	7.93	7.75	7.84	546564	4422216.00
2012/12/13	7.76	7.86	7.76	7.77	367002	2957202.00
2012/12/14	7.85	8.10	7.76	8.06	1438583	11870718.00
2012/12/17	8.07	8.19	7.93	7.97	1312241	10843376.00
2012/12/18	7.95	8.03	7.88	7.93	949796	7797118.00
2012/12/19	7.95	7.97	7.84	7.92	518320	4228669.00
2012/12/20	7.92	7.96	7.80	7.95	666766	5421927.00
2012/12/21	7.93	8.13	7.86	8.03	1241386	10230909.00
2012/12/24	7.96	8.11	7.93	8.04	672848	5562962.00
2012/12/25	8.04	8.40	7.98	8.32	1526286	13004558.00
2012/12/26	8.43	8.49	8.22	8.44	1254137	10783971.00
2012/12/27	8.44	8.81	8.33	8.68	2120315	18743704.00
2012/12/28	8.55	8.85	8.55	8.80	1284477	11521284.00
2012/12/31	8.83	8.83	8.59	8.70	1483682	13250693.00
2013/01/04	8.81	8.84	8.29	8.36	2684102	23295832.00
2013/01/07	8.34	8.44	8.25	8.42	1181390	10145925.00
2013/01/08	8.42	8.50	8.29	8.50	1470750	12718905.00
2013/01/09	8.45	8.58	8.38	8.48	1464542	12792159.00
2013/01/10	8.48	8.53	8.38	8.44	1085219	9439236.00
2013/01/11	8.38	8.48	8.23	8.28	1413230	12140651.00
2013/01/14	8.34	8.58	8.30	8.57	2597731	22586890.00
2013/01/15	8.57	8.82	8.51	8.78	3402617	30501268.00
2013/01/16	8.76	9.20	8.60	8.84	3641734	33408426.00
2013/01/17	8.72	8.91	8.66	8.70	1592336	14363831.00
2013/01/18	8.70	8.92	8.67	8.86	1596678	14497713.00
2013/01/21	8.89	9.17	8.85	9.07	2609289	24196120.00
2013/01/22	9.26	9.57	9.20	9.30	4680990	44981288.00
2013/01/23	9.35	9.92	9.25	9.90	5641403	56006876.00
2013/01/24	9.95	10.43	9.60	9.68	5650839	58207032.00
2013/01/25	9.75	10.41	9.55	10.31	5674923	58907748.00
2013/01/28	10.36	10.94	10.08	10.81	5469684	59070768.00
2013/01/29	10.81	10.81	10.56	10.65	2786454	30390666.00
2013/01/30	10.63	10.99	10.38	10.61	4270887	46370084.00
2013/01/31	10.60	10.60	10.17	10.33	3244596	34409660.00
2013/02/01	10.33	10.52	10.13	10.25	2709817	28586068.00
2013/02/04	10.38	10.60	10.13	10.20	3149563	33353192.00
2013/02/05	10.13	10.23	9.78	10.09	2454447	25103548.00
2013/02/06	10.15	10.66	10.09	10.50	3762664	40082032.00
2013/02/07	10.50	10.50	10.05	10.14	1980786	20759180.00
2013/02/08	10.11	10.26	9.99	10.20	2250933	23366044.00
2013/02/18	10.23	10.53	10.11	10.42	2010913	21343176.00
2013/02/19	10.43	10.58	10.25	10.44	2314885	24591796.00
2013/02/20	10.30	10.70	10.30	10.69	2683096	29128050.00
2013/02/21	10.67	10.67	10.33	10.54	2189432	23516316.00
2013/02/22	10.54	10.54	10.05	10.19	2091809	22000020.00
2013/02/25	10.11	10.41	10.04	10.33	2224909	23360324.00
2013/02/26	10.25	10.71	10.22	10.49	3153895	34046152.00
2013/02/27	10.35	10.60	9.95	10.20	2652420	27703268.00
2013/02/28	10.20	10.55	10.02	10.53	1992141	21060956.00
2013/03/01	10.55	11.04	10.41	10.68	3945354	43371784.00
2013/03/04	10.80	11.30	10.50	10.78	5897607	66433056.00
2013/03/05	10.90	11.75	10.75	11.50	5629490	65753316.00
2013/03/06	11.50	11.90	11.46	11.78	4724766	56248860.00
2013/03/07	11.89	11.90	11.10	11.21	3303594	38463640.00
2013/03/08	11.26	11.32	10.67	10.97	2546553	28546932.00
2013/03/11	11.01	11.42	10.83	11.19	1646962	18921042.00
2013/03/12	11.19	11.45	10.66	10.91	2262081	25302764.00
2013/03/13	10.75	10.95	10.26	10.35	2200808	23608204.00
2013/03/14	10.43	10.72	10.28	10.40	2030952	21805444.00
2013/03/15	10.33	11.31	10.29	10.49	3104616	34211872.00
2013/03/18	10.45	10.79	10.45	10.64	1707179	18504732.00
2013/03/19	10.46	10.88	10.46	10.86	1349084	14845450.00
2013/03/20	10.93	11.22	10.90	11.08	1559941	17612444.00
2013/03/21	11.08	11.33	10.90	11.13	2013187	22928752.00
2013/03/22	11.10	11.24	10.55	10.74	2838336	31398738.00
2013/03/25	10.63	10.83	10.35	10.62	2415565	26080388.00
2013/03/26	10.43	10.68	10.40	10.46	1684118	18136320.00
2013/03/27	10.44	10.58	10.43	10.55	706815	7593846.00
2013/03/28	10.52	10.52	10.15	10.29	1102876	11616288.00
2013/03/29	10.25	10.41	10.22	10.25	410048	4326040.00
2013/04/01	10.13	10.52	10.13	10.50	961193	10144162.00
2013/04/02	10.59	10.69	10.12	10.18	2072409	22074692.00
2013/04/03	10.25	10.28	9.25	9.63	2147205	21436980.00
2013/04/08	9.35	9.74	9.21	9.70	911416	8898021.00
2013/04/09	9.69	9.86	9.56	9.70	924743	9213857.00
2013/04/10	9.70	9.73	9.47	9.53	727175	7155395.00
2013/04/11	9.54	9.71	9.38	9.44	1242416	12135118.00
2013/04/12	9.45	9.87	9.35	9.66	1086948	10812406.00
2013/04/15	9.65	9.65	9.23	9.38	1512288	14633350.00
2013/04/16	9.40	9.68	9.31	9.68	1236446	12007460.00
2013/04/17	9.75	9.93	9.65	9.91	1348466	13565882.00
2013/04/18	10.24	10.24	9.88	10.09	2082374	21377172.00
2013/04/19	10.11	10.22	9.99	10.16	2115399	21905404.00
2013/04/22	10.09	10.65	9.99	10.45	3560029	37941376.00
2013/04/23	10.46	10.74	10.38	10.58	4091466	44316008.00
2013/04/24	10.50	11.43	10.50	11.15	5577111	63230684.00
2013/04/25	11.10	11.47	10.90	11.25	4305215	49429636.00
2013/04/26	11.24	11.35	10.90	11.07	2487016	28228876.00
2013/05/02	11.09	11.25	10.77	11.22	1407892	15781310.00
2013/05/03	11.22	11.61	11.20	11.58	2672846	31328340.00
2013/05/06	11.45	11.83	11.32	11.73	3453535	40761048.00
2013/05/07	11.65	11.71	11.08	11.34	2626698	30645144.00
2013/05/08	11.35	11.75	11.18	11.74	2111407	24746752.00
2013/05/09	11.68	12.33	11.55	12.28	5276939	64547964.00
2013/05/10	12.22	12.35	11.91	11.96	3208684	39605200.00
2013/05/13	11.99	12.29	11.85	12.00	1688664	20764036.00
2013/05/14	11.93	12.05	11.20	11.50	3158238	37089936.00
2013/05/15	11.50	11.58	11.26	11.56	1570294	18324616.00
2013/05/16	11.54	12.03	11.41	11.70	2161060	25898558.00
2013/05/17	11.70	11.95	11.48	11.82	2563100	30775520.00
2013/05/20	11.85	13.03	11.75	13.03	9393729	122606824.00
2013/05/21	13.29	13.53	12.90	13.21	6786133	90850528.00
2013/05/22	13.10	13.10	12.53	12.67	5604273	72825080.00
2013/05/23	12.63	12.90	12.52	12.73	3710945	48168312.00
2013/05/24	12.72	13.01	12.46	12.88	3124781	40708336.00
2013/05/27	13.03	13.23	12.76	13.09	4943427	65658728.00
2013/05/28	13.08	13.08	12.61	12.86	3083242	40091832.00
2013/05/29	12.83	13.20	12.65	13.16	2843360	37602392.00
2013/05/30	13.05	13.33	12.90	12.94	2840533	37884584.00
2013/05/31	12.83	13.13	12.76	12.92	2213850	29298880.00
2013/06/03	13.01	13.05	11.97	12.26	6332231	80221696.00
2013/06/04	12.20	12.32	11.85	11.95	2255994	27586674.00
2013/06/05	11.96	12.10	11.87	11.99	1224095	14947741.00
2013/06/06	12.00	12.00	11.65	11.80	1458769	17501578.00
2013/06/07	11.76	11.93	11.55	11.63	1370458	16402541.00
2013/06/13	11.50	11.53	10.83	11.28	1078131	12330658.00
2013/06/14	11.42	11.75	11.25	11.65	1621355	19152766.00
2013/06/17	11.64	11.87	11.55	11.71	1848731	22121830.00
2013/06/18	11.75	11.87	11.35	11.66	925070	10959359.00
2013/06/19	11.50	11.63	11.41	11.58	821488	9655361.00
2013/06/20	11.48	11.78	11.12	11.15	1383717	16354922.00
2013/06/21	10.75	11.03	10.55	11.00	1358371	15025816.00
2013/06/24	10.84	11.05	9.88	9.96	1634984	17379576.00
2013/06/25	9.91	10.25	9.26	10.04	2597030	26032504.00
2013/06/26	10.05	10.47	9.86	10.45	1700909	17856950.00
2013/06/27	10.51	10.63	9.95	10.13	1429398	15154616.00
2013/06/28	9.95	10.33	9.76	9.87	1456975	14941598.00
2013/07/01	9.67	10.14	9.67	10.12	1188028	12012581.00
2013/07/02	10.21	11.15	10.10	10.97	3852195	42111464.00
2013/07/03	10.84	10.84	10.37	10.68	5623928	60403644.00
2013/07/04	10.61	10.79	10.27	10.51	3276376	34987540.00
2013/07/05	10.53	10.81	10.46	10.48	3353449	36119152.00
2013/07/08	10.25	10.31	9.86	9.92	4496672	45779848.00
2013/07/09	9.92	9.97	9.56	9.72	2978768	29447940.00
2013/07/10	9.77	10.00	9.66	9.95	3692546	36939388.00
2013/07/11	9.95	10.70	9.88	10.31	7155872	74940960.00
2013/07/12	10.38	11.09	10.36	10.69	8582925	93554696.00
2013/07/15	10.80	11.31	10.80	11.29	7026586	79314992.00
2013/07/16	11.41	11.89	11.27	11.44	9911361	116172080.00
2013/07/17	11.44	11.85	11.26	11.39	7611663	88977728.00
2013/07/18	11.36	12.22	11.29	12.05	10538398	127491960.00
2013/07/19	12.06	12.26	11.66	11.73	9336591	114055624.00
2013/07/22	11.98	12.71	11.64	12.36	7799680	96863696.00
2013/07/23	12.35	12.64	12.16	12.55	5677751	71542576.00
2013/07/24	12.56	12.79	12.11	12.51	5530890	69346144.00
2013/07/25	12.46	12.53	11.64	11.67	5828901	70416208.00
2013/07/26	11.67	12.85	11.48	12.85	10867550	136367568.00
2013/07/29	12.56	12.92	12.14	12.22	8034334	101262496.00
2013/07/30	12.31	12.42	11.16	11.96	5879376	70654472.00
2013/07/31	11.91	13.17	11.76	12.70	10837022	140145696.00
2013/08/01	12.72	13.91	12.52	13.55	13423922	178620528.00
2013/08/02	13.57	13.66	13.21	13.37	9486549	128830648.00
2013/08/05	13.27	13.91	13.15	13.50	8391105	114542976.00
2013/08/06	13.44	13.48	13.06	13.22	5647787	75650160.00
2013/08/07	13.22	13.22	12.66	12.83	5714042	74158472.00
2013/08/08	12.76	13.09	12.56	12.81	3189568	41674808.00
2013/08/09	12.83	13.02	12.37	12.53	3359723	42936372.00
2013/08/12	12.46	12.73	12.06	12.28	4688879	58564336.00
2013/08/13	12.23	12.51	12.14	12.51	3075026	38500440.00
2013/08/14	12.45	12.94	12.45	12.75	5472040	70348136.00
2013/08/15	12.81	12.82	12.21	12.23	4082996	51603820.00
2013/08/16	12.16	12.75	11.96	12.31	6182238	77390664.00
2013/08/19	12.37	13.23	12.24	13.16	12336771	160633760.00
2013/08/20	13.16	13.40	12.87	13.35	8381961	111034480.00
2013/08/21	13.46	13.51	13.01	13.40	6846140	91887456.00
2013/08/22	13.21	14.21	13.17	13.57	11158248	155229088.00
2013/08/23	13.46	13.64	12.66	13.07	8252067	109281048.00
2013/08/26	13.06	13.50	12.96	13.37	5453715	73079472.00
2013/08/27	13.35	13.57	13.01	13.50	5694907	76472312.00
2013/08/28	13.38	13.38	12.66	12.72	7666493	101317976.00
2013/08/29	12.72	12.79	12.31	12.44	4230405	53380224.00
2013/08/30	12.42	12.66	11.97	12.12	3717445	46083584.00
2013/09/02	12.26	12.62	12.10	12.55	4088049	51255288.00
2013/09/03	12.56	12.98	12.46	12.89	3704257	47899788.00
2013/09/04	12.96	13.20	12.87	13.03	3954515	52144320.00
2013/09/05	13.06	13.61	12.91	13.43	5950522	80459472.00
2013/09/06	13.36	13.71	13.18	13.36	4015479	54442204.00
2013/09/09	13.28	13.69	13.06	13.40	4604440	61823512.00
2013/09/10	13.66	14.14	13.55	13.71	7822731	109468192.00
2013/09/11	13.71	13.86	13.07	13.20	4801267	64773744.00
2013/09/12	13.11	13.35	12.72	12.82	4580856	60002296.00
2013/09/13	12.82	14.12	12.82	14.12	11516834	159713760.00
2013/09/16	14.47	14.52	13.88	14.24	12306855	176963088.00
2013/09/17	14.23	14.44	13.82	13.97	7570147	107264968.00
2013/09/18	13.98	15.31	13.93	14.73	15207596	227608576.00
2013/09/23	14.61	15.20	14.50	15.12	9904719	148965184.00
2013/09/24	15.14	15.20	14.58	14.85	7516610	112355776.00
2013/09/25	14.85	15.14	14.33	14.47	8142625	120542672.00
2013/09/26	14.51	15.01	14.27	14.53	6165938	91579480.00
2013/09/27	14.50	15.57	14.48	15.53	11938091	181877920.00
2013/09/30	15.42	15.78	15.20	15.56	7336456	114706792.00
2013/10/08	15.54	16.01	15.26	15.61	6869896	108283840.00
2013/10/09	15.54	15.79	15.06	15.30	7880861	122144792.00
2013/10/10	15.46	15.80	15.01	15.44	7105218	109969696.00
2013/10/11	15.56	15.68	14.59	14.84	9943502	150120736.00
2013/10/14	14.82	15.02	14.61	14.98	5971555	89268808.00
2013/10/15	14.96	14.96	14.24	14.41	8449316	123517256.00
2013/10/16	14.41	14.52	13.76	13.91	7027345	99170712.00
2013/10/17	14.16	14.24	13.72	13.84	4396590	62088452.00
2013/10/18	13.86	14.30	13.82	14.26	4236879	60513236.00
2013/10/21	14.25	15.01	14.22	14.86	8409296	124953280.00
2013/10/22	14.87	15.09	14.32	14.33	6801965	100854664.00
2013/10/23	14.33	14.41	13.41	13.57	6588119	91419192.00
2013/10/24	13.71	13.79	13.44	13.48	2738686	37579404.00
2013/10/25	13.51	13.69	12.90	13.09	3689420	49108908.00
2013/10/28	12.97	13.27	12.89	13.08	2736597	36041452.00
2013/10/29	13.14	13.18	12.06	12.42	4139897	52705920.00
2013/10/30	12.43	12.95	12.43	12.90	2652290	34008512.00
2013/10/31	12.96	12.96	12.03	12.13	4418173	55246160.00
2013/11/01	12.19	12.57	11.96	12.46	2786249	34830840.00
2013/11/04	12.46	13.23	12.36	13.10	5442469	71070456.00
2013/11/05	12.96	13.45	12.76	13.25	3647942	48673028.00
2013/11/06	13.11	13.69	13.08	13.29	5080524	68911184.00
2013/11/07	13.14	13.41	12.68	12.83	2737910	35964752.00
2013/11/08	12.76	12.94	12.54	12.72	1623781	20861776.00
2013/11/11	12.75	13.05	12.71	13.00	1558242	20289136.00
2013/11/12	12.92	13.06	12.77	12.99	1394166	18181840.00
2013/11/13	12.96	13.43	12.86	12.98	3187502	42505180.00
2013/11/14	12.96	13.16	12.62	13.13	1763382	23075252.00
2013/11/15	13.00	13.87	13.00	13.75	5032918	69556480.00
2013/11/18	13.81	14.31	13.66	14.15	3777363	53488084.00
2013/11/19	14.08	14.14	13.74	13.91	2498219	35099168.00
2013/11/20	13.87	14.10	13.74	14.03	1948769	27406724.00
2013/11/21	14.02	14.02	13.72	13.97	2119416	29673466.00
2013/11/22	13.93	13.97	13.56	13.65	1826416	25325776.00
2013/11/25	13.53	13.95	13.41	13.67	1838912	25490606.00
2013/11/26	13.76	14.42	13.75	14.29	5523293	79069536.00
2013/11/27	14.21	14.66	14.10	14.64	4703308	68457280.00
2013/11/28	14.89	15.94	14.89	15.48	12943710	202913776.00
2013/11/29	15.41	16.16	15.23	15.93	6865873	108335112.00
2013/12/02	15.53	15.91	14.46	15.20	6636170	102043480.00
2013/12/03	14.96	15.76	14.74	15.58	4490149	69808840.00
2013/12/04	15.58	15.97	15.46	15.64	5064391	80149816.00
2013/12/05	15.54	15.81	14.76	14.79	5268323	80672208.00
2013/12/06	14.78	14.78	14.35	14.55	3232759	47412928.00
2013/12/09	14.57	15.11	14.55	15.04	3397451	51125336.00
2013/12/10	15.07	15.26	14.66	14.89	2360226	35286264.00
2013/12/11	14.95	15.55	14.79	15.41	5463218	84479520.00
2013/12/12	15.39	15.66	15.16	15.37	3042718	47284544.00
2013/12/13	15.34	15.71	15.21	15.42	2464662	38557336.00
2013/12/16	15.35	15.69	15.26	15.52	2766742	43328208.00
2013/12/17	15.39	15.60	14.41	14.82	3135951	46992936.00
2013/12/18	14.83	14.86	14.52	14.65	1107616	16470238.00
2013/12/19	14.71	15.10	14.64	14.86	1613093	24269956.00
2013/12/20	14.84	15.04	14.58	14.77	2151187	32225488.00
2013/12/23	14.73	15.08	14.54	15.03	1944433	29183668.00
2013/12/24	15.01	15.99	15.01	15.88	5580653	88260512.00
2013/12/25	15.93	16.21	15.54	16.11	4874650	78155960.00
2013/12/26	16.06	16.06	15.52	15.55	3118167	49708920.00
2013/12/27	15.51	16.23	15.49	16.23	4958376	79743312.00
2013/12/30	16.71	16.71	16.06	16.18	5292601	87124808.00
2013/12/31	16.18	16.40	15.43	15.74	4590435	73684096.00
2014/01/02	15.74	16.44	15.54	16.39	3720901	60106560.00
2014/01/03	16.22	17.14	16.19	16.86	6245222	105403376.00
2014/01/06	16.81	16.91	16.29	16.37	2854240	47697040.00
2014/01/07	16.36	16.86	16.18	16.63	2289059	38024808.00
2014/01/08	16.66	17.46	16.66	17.14	3508490	60739496.00
2014/01/09	16.95	17.26	16.06	16.10	2814861	47064732.00
2014/01/10	16.13	16.35	15.21	16.17	3567869	56862756.00
2014/01/13	16.17	16.40	15.86	16.00	2528021	41149072.00
2014/01/14	15.89	16.37	15.47	16.33	1886557	30396412.00
2014/01/15	16.25	16.56	16.02	16.30	1594219	26070388.00
2014/01/16	16.34	16.75	16.31	16.39	1691203	28130368.00
2014/01/17	16.24	16.39	15.86	16.27	1459181	23678618.00
2014/01/20	16.26	16.80	16.07	16.67	3158660	52632492.00
2014/01/21	16.66	17.40	16.62	17.30	4798761	82962520.00
2014/01/22	17.17	17.51	17.07	17.31	2303026	39985956.00
2014/01/23	17.19	17.61	16.99	17.40	2701346	47237216.00
2014/01/24	17.12	18.38	17.12	18.17	5343277	96952272.00
2014/01/27	18.14	19.36	17.84	18.99	6396918	120623816.00
2014/01/28	18.99	19.16	18.24	18.98	2853497	53743204.00
2014/01/29	18.86	19.42	18.66	19.35	2295849	44414252.00
2014/01/30	19.16	20.19	19.14	19.86	2977971	59635260.00
2014/02/07	19.76	21.16	19.36	20.93	3963712	82562896.00
2014/02/10	21.33	21.35	20.36	20.95	6465811	134854112.00
2014/02/11	20.76	21.10	19.32	19.59	8038372	162173232.00
2014/02/12	19.16	19.59	18.96	19.34	4590863	89040320.00
2014/02/13	19.36	19.69	18.48	18.64	4315692	82312088.00
2014/02/14	18.66	19.03	18.42	18.95	4091992	77236496.00
2014/02/17	18.95	19.88	18.56	19.87	5461845	105702960.00
2014/02/18	19.82	19.83	19.16	19.46	3543334	69240032.00
2014/02/19	19.36	19.51	18.86	19.21	2400387	46293736.00
2014/02/20	19.22	19.26	17.71	17.89	5446187	100110584.00
2014/02/21	17.90	18.35	17.58	18.26	4008341	72306576.00
2014/02/24	18.15	18.22	17.65	17.95	4278637	77365240.00
2014/02/25	17.98	18.22	16.69	16.86	7844410	140229120.00
2014/02/26	16.56	17.18	15.73	17.07	6647383	110351408.00
2014/02/27	17.07	17.20	16.04	16.22	5823728	98354208.00
2014/02/28	16.16	16.79	15.77	16.67	2445296	40543192.00
2014/03/03	16.66	17.07	16.53	16.80	2711163	45974928.00
2014/03/04	16.76	16.77	16.05	16.24	3834154	63048468.00
2014/03/05	16.32	16.77	16.08	16.65	6104757	101124056.00
2014/03/06	16.52	17.02	16.24	16.95	3769695	63520216.00
2014/03/07	16.78	17.22	16.56	16.62	3178539	54108140.00
2014/03/10	16.46	16.46	14.96	15.16	5334177	83395264.00
2014/03/11	15.17	15.52	14.89	15.31	2784595	42862048.00
2014/03/12	15.31	15.63	15.18	15.61	2213480	34469052.00
2014/03/13	15.53	15.76	15.36	15.64	1497646	23590554.00
2014/03/14	15.52	15.57	15.13	15.23	2033944	31376624.00
2014/03/17	15.21	15.71	15.14	15.61	2913891	45615760.00
2014/03/18	15.63	15.95	15.56	15.86	2634545	41995200.00
2014/03/19	15.82	15.82	15.36	15.56	3351942	52548088.00
2014/03/20	15.74	15.91	14.91	14.92	4960442	77582256.00
2014/03/21	14.36	15.00	14.18	14.94	3981668	58645748.00
2014/03/24	15.02	15.34	15.00	15.17	3767412	57675440.00
2014/03/25	15.21	15.91	14.95	15.76	4613197	72303512.00
2014/03/26	15.76	15.84	15.39	15.52	3064639	47965980.00
2014/03/27	15.46	15.61	15.09	15.12	3544246	54743944.00
2014/03/28	15.03	15.24	14.47	14.51	3453699	51354064.00
2014/03/31	14.54	14.84	14.40	14.74	1788526	26373896.00
2014/04/01	14.74	14.96	14.62	14.87	2167979	32465202.00
2014/04/02	14.96	15.10	14.56	14.86	2754346	41427540.00
2014/04/03	14.86	15.11	14.54	15.10	3887538	58090312.00
2014/04/04	14.93	15.69	14.93	15.67	5296395	82268336.00
2014/04/08	16.06	16.62	15.72	15.94	6414820	103602856.00
2014/04/09	15.76	16.34	15.76	16.09	4248319	68999088.00
2014/04/10	15.99	16.45	15.89	16.25	3989563	64977860.00
2014/04/11	16.06	16.26	15.76	15.81	2962822	47754636.00
2014/04/14	15.77	16.01	15.54	15.95	2657480	42296904.00
2014/04/15	15.91	16.52	15.79	16.28	4248318	69589288.00
2014/04/16	16.36	16.36	15.96	16.15	1924609	31313212.00
2014/04/17	16.15	16.20	15.97	16.11	1560796	25375142.00
2014/04/18	16.02	16.68	15.98	16.54	4041248	67347248.00
2014/04/21	16.32	16.82	16.27	16.43	3188384	53469440.00
2014/04/22	16.42	16.56	15.74	16.12	2554153	41259348.00
2014/04/23	16.07	16.16	15.41	15.62	2369828	37534772.00
2014/04/24	15.56	15.72	15.29	15.36	1394611	21828832.00
2014/04/25	15.37	15.46	14.86	14.90	1183876	18048108.00
2014/04/28	14.55	14.55	13.96	14.15	4403468	62926492.00
2014/04/29	14.16	14.32	14.02	14.27	1251919	17885188.00
2014/04/30	14.16	14.77	14.16	14.68	1940638	28443524.00
2014/05/05	14.46	15.00	14.30	14.93	1629176	24057368.00
2014/05/06	14.91	15.22	14.74	15.14	1630550	24821876.00
2014/05/07	15.09	15.17	14.91	15.01	1365834	20804484.00
2014/05/08	14.96	15.64	14.81	15.47	2763350	42924592.00
2014/05/09	15.45	15.85	15.26	15.40	2543135	39917764.00
2014/05/12	15.37	16.00	15.35	15.76	2231059	35396572.00
2014/05/13	15.81	16.01	15.67	15.73	1128976	18009682.00
2014/05/14	15.71	15.94	15.70	15.77	1376592	21923192.00
2014/05/15	15.76	15.86	15.31	15.52	1340684	21133558.00
2014/05/16	15.54	15.61	15.06	15.45	794109	12337142.00
2014/05/19	15.73	15.73	15.24	15.31	602292	9354729.00
2014/05/20	15.52	16.01	15.52	15.84	2419380	38712920.00
2014/05/21	15.78	16.02	15.68	15.98	991071	15878936.00
2014/05/22	15.98	16.43	15.97	16.22	2864600	46930000.00
2014/05/23	16.23	16.74	16.06	16.67	2691337	44660588.00
2014/05/26	16.67	17.59	16.67	17.36	5385985	93758072.00
2014/05/27	17.37	17.41	16.85	17.32	3010377	51891544.00
2014/05/28	17.68	18.76	17.52	17.97	7545454	136686400.00
2014/05/29	17.83	17.91	17.19	17.24	4615993	81428144.00
2014/05/30	17.24	17.39	16.77	17.27	2355897	40649476.00
2014/06/03	17.31	17.41	17.20	17.30	1741262	30377812.00
2014/06/04	17.17	17.40	17.06	17.23	2292116	39774744.00
2014/06/05	17.21	17.87	17.09	17.75	2655326	47459140.00
2014/06/06	17.75	17.85	17.52	17.62	1284093	22875496.00
2014/06/09	17.51	17.82	16.66	16.84	2336590	40380668.00
2014/06/10	16.84	18.43	16.66	18.38	4611397	82864488.00
2014/06/11	18.54	19.35	18.40	18.46	6413423	121050272.00
2014/06/12	18.39	18.63	18.18	18.57	3002797	55712200.00
2014/06/13	18.46	18.63	18.18	18.49	2369932	44017592.00
2014/06/16	18.52	18.61	18.24	18.49	2313816	42908728.00
2014/06/17	18.46	18.46	17.91	18.24	2899434	52971240.00
2014/06/18	18.22	18.36	17.86	18.07	1410652	25464892.00
2014/06/19	18.15	18.47	17.05	17.20	2137657	37805004.00
2014/06/20	17.32	17.38	16.99	17.23	2055944	35356636.00
2014/06/23	17.23	18.23	17.23	17.87	3709287	66431464.00
2014/06/24	17.75	18.76	17.75	18.72	6682209	123615520.00
2014/06/25	18.76	18.88	18.35	18.80	2093387	39003536.00
2014/06/26	18.80	19.70	18.67	19.54	4171144	80562752.00
2014/06/27	19.61	19.61	19.08	19.17	2902055	56060756.00
2014/06/30	19.15	20.13	19.15	19.49	4405189	86338632.00
2014/07/01	19.59	19.97	19.20	19.67	1979259	38709144.00
2014/07/02	19.51	20.07	19.40	19.69	2722712	53655836.00
2014/07/03	19.69	20.29	19.46	20.09	2804793	56256592.00
2014/07/04	20.00	20.68	20.00	20.48	2454620	50102252.00
2014/07/07	20.36	20.90	19.19	19.40	6323651	123738312.00
2014/07/08	19.40	20.73	19.22	20.63	4652842	93417560.00
2014/07/09	20.62	20.62	19.50	19.91	2780260	55607920.00
2014/07/10	19.61	19.95	19.26	19.39	2021938	39360356.00
2014/07/11	19.38	19.67	19.05	19.10	2036529	39266680.00
2014/07/14	19.10	19.95	18.81	19.78	2392386	46580424.00
2014/07/15	19.68	19.78	18.85	18.98	2946241	56311608.00
2014/07/16	19.33	19.33	18.50	18.56	1626737	30400038.00
2014/07/17	18.59	18.73	18.11	18.24	987340	18086172.00
2014/07/18	18.18	18.85	18.13	18.58	1210218	22556242.00
2014/07/21	18.69	18.94	18.58	18.73	645712	12086717.00
2014/07/22	18.68	19.28	18.60	19.00	1379752	26231670.00
2014/07/23	19.00	19.20	18.10	18.31	1680007	31153404.00
2014/07/24	18.21	18.21	17.30	17.58	2318417	40998516.00
2014/07/25	17.59	17.97	17.58	17.91	978846	17381404.00
2014/07/28	17.91	18.48	17.74	18.40	2000181	36278752.00
2014/07/29	18.59	18.97	18.41	18.63	1532689	28684996.00
2014/07/30	18.65	18.79	18.50	18.73	862171	16078986.00
2014/07/31	18.73	18.84	18.57	18.70	919058	17199296.00
2014/08/01	18.62	18.70	18.04	18.07	2209865	40339464.00
2014/08/04	18.08	18.35	17.79	18.10	1605761	29026648.00
2014/08/05	18.26	18.26	17.92	18.17	1994950	36103656.00
2014/08/06	18.17	18.17	17.85	18.09	1756289	31660228.00
2014/08/07	18.12	18.30	17.87	18.06	935225	16993280.00
2014/08/08	18.00	18.75	17.92	18.74	2434294	44993168.00
2014/08/11	18.72	19.32	18.60	19.27	3336363	64007480.00
2014/08/12	19.35	20.20	19.35	20.19	6785347	135656736.00
2014/08/13	20.15	20.28	19.61	20.17	2558603	51051448.00
2014/08/14	20.20	20.52	19.90	20.10	3252967	66216800.00
2014/08/15	20.00	21.18	19.71	20.79	4458115	91660384.00
2014/08/18	20.82	21.27	20.40	21.21	3587381	75505568.00
2014/08/19	21.01	21.21	20.61	20.95	2165564	45251056.00
2014/08/20	20.83	20.88	20.21	20.42	2388832	48895744.00
2014/08/21	20.52	20.71	20.28	20.50	1427564	29207216.00
2014/08/22	20.35	20.62	20.15	20.34	1767556	36071448.00
2014/08/25	20.40	20.97	20.15	20.49	2063962	42592064.00
2014/08/26	20.60	20.60	19.50	19.75	2185885	43570960.00
2014/12/10	21.73	21.73	21.73	21.73	163013	3542272.00
2014/12/11	23.90	23.90	23.90	23.90	110937	2651394.00
2014/12/12	26.29	26.29	26.29	26.29	1188913	31256524.00
2014/12/15	28.92	28.92	28.92	28.92	996355	28814588.00
2014/12/16	31.68	31.81	28.88	30.14	29419983	908977792.00
2014/12/17	29.50	32.41	29.27	31.06	20541226	632162752.00
2014/12/18	30.51	31.01	28.26	29.33	14477328	429398752.00
2014/12/19	29.16	31.65	29.16	30.04	10856561	329280768.00
2014/12/22	29.60	29.60	27.04	27.04	5943020	161912144.00
2014/12/23	25.21	26.99	24.80	25.10	9105837	234611936.00
2014/12/24	25.70	26.70	25.55	25.83	3719422	96855288.00
2014/12/25	26.40	27.93	26.40	27.54	4559674	123863200.00
2014/12/26	27.08	28.40	26.81	28.09	4023839	110777472.00
2014/12/29	28.07	28.07	25.95	26.49	3590256	95854360.00
2014/12/30	26.60	26.66	23.84	26.47	6037071	151545504.00
2014/12/31	25.81	27.00	25.75	26.93	2462773	64821540.00
2015/01/05	26.93	26.93	25.20	26.07	3181581	82713424.00
2015/01/06	25.83	27.90	25.30	27.02	4341309	116239608.00
2015/01/07	26.99	26.99	25.92	26.47	2560230	67535224.00
2015/01/08	26.16	26.62	25.45	25.82	3060163	79418624.00
2015/01/09	25.82	28.40	25.82	27.46	6724018	185993872.00
2015/01/12	27.05	28.90	26.90	28.89	8812539	248065216.00
2015/01/13	28.42	31.78	28.42	31.35	12648103	391624000.00
2015/01/14	31.08	31.28	29.50	29.82	6489552	196340320.00
2015/01/15	29.56	30.80	29.38	29.83	2557267	76328424.00
2015/01/16	29.60	32.14	28.86	31.72	5533696	172081392.00
2015/01/19	30.38	32.05	30.31	31.68	6362155	199685712.00
2015/01/20	31.96	34.77	31.20	34.39	5270931	174608320.00
2015/01/21	34.40	36.35	33.18	34.31	5977684	206766736.00
2015/01/22	34.45	37.74	34.45	37.74	8099221	296260704.00
2015/01/23	38.80	38.87	35.96	36.04	5894819	215891472.00
2015/01/26	37.28	39.64	37.27	39.64	4908409	190182752.00
2015/01/27	40.55	43.60	39.98	40.98	11874815	498164896.00
2015/01/28	40.98	41.29	38.00	38.44	9658076	381097760.00
2015/01/29	38.08	38.33	36.66	37.58	6925598	259494480.00
2015/01/30	37.98	38.20	35.18	35.27	6664319	244096368.00
2015/02/02	34.87	36.88	34.30	36.58	5924341	213870928.00
2015/02/03	36.52	40.19	36.00	38.40	7430707	287006112.00
2015/02/04	38.77	39.88	37.39	38.91	5870392	227632288.00
2015/02/05	38.00	42.80	37.49	42.80	7283888	300996896.00
2015/02/06	44.00	44.70	38.55	39.43	8836861	360329120.00
2015/02/09	38.60	39.95	37.20	37.60	5518044	211667520.00
2015/02/10	37.50	40.00	36.80	39.43	4938988	189111568.00
2015/02/11	39.50	42.65	39.01	41.27	6670119	274857344.00
2015/02/12	41.01	44.59	40.98	42.17	6788754	291958432.00
2015/02/13	42.29	44.35	40.81	41.95	5260409	223731952.00
2015/02/16	42.89	44.35	40.35	43.35	6411629	272021760.00
2015/02/17	42.98	45.51	42.50	45.45	4648767	205106624.00
2015/02/25	47.00	47.00	41.70	42.73	4763706	209652400.00
2015/02/26	42.29	43.01	39.72	41.62	6535483	267990912.00
2015/02/27	41.20	42.30	39.90	41.51	7744577	316672608.00
2015/03/02	42.00	44.44	40.61	43.18	6898963	293768320.00
2015/03/03	43.18	45.20	42.11	43.16	5870757	257953136.00
2015/03/04	42.80	44.30	42.00	42.35	4818732	207412224.00
2015/03/05	42.00	43.20	40.25	40.90	5461068	226144912.00
2015/03/06	40.80	41.43	38.45	38.75	5758206	226985328.00
2015/03/09	38.75	40.65	37.60	40.09	5432917	213119072.00
2015/03/10	39.90	40.05	38.90	39.31	5442471	215476800.00
2015/03/11	39.83	39.99	38.33	38.78	3871043	150271360.00
2015/03/12	38.83	39.62	37.48	37.99	4182772	159746608.00
2015/03/13	38.20	41.40	37.60	41.35	8251369	330585024.00
2015/03/16	42.05	45.49	42.02	44.90	11490812	505240480.00
2015/03/17	44.91	46.36	43.68	44.57	7181680	320774784.00
2015/03/18	43.10	47.47	42.71	46.70	8291520	375186208.00
2015/03/19	46.30	50.71	45.70	50.44	7828221	379984448.00
2015/03/20	50.00	55.48	49.50	54.22	7854872	418996704.00
2015/03/23	53.13	59.58	53.13	59.29	8867463	504986208.00
2015/03/24	60.10	65.22	57.50	65.22	11577225	717796736.00
2015/03/25	64.00	68.85	61.00	62.94	9596375	624885184.00
2015/03/26	60.20	61.00	56.65	56.67	12458984	718360768.00
2015/03/27	56.55	58.04	54.40	56.92	9379666	527530720.00
2015/03/30	56.32	57.80	54.03	54.89	6073347	335200096.00
2015/03/31	54.93	56.85	54.00	55.97	6399445	356102944.00
2015/04/01	56.02	60.10	55.00	59.77	8043650	461579648.00
2015/04/02	59.57	62.80	59.10	62.03	6536867	398440960.00
2015/04/03	61.20	63.33	59.70	60.01	5706042	348083072.00
2015/04/07	60.50	66.01	60.50	66.01	7515373	486008768.00
2015/04/08	68.79	70.83	64.76	67.91	9567164	653990208.00
2015/04/09	67.03	69.66	61.12	67.83	9706845	616986944.00
2015/04/10	66.98	74.61	63.33	74.39	8518870	612738688.00
2015/04/13	75.50	81.83	74.11	81.83	7917662	633288000.00
2015/04/14	81.50	88.35	78.00	78.74	8741692	742377024.00
2015/04/15	77.70	83.99	73.00	76.69	7335976	576776960.00
2015/04/16	75.00	84.36	75.00	82.25	6406419	529715808.00
2015/04/17	80.00	84.88	75.00	79.69	6509674	527799776.00
2015/04/20	80.30	80.90	71.73	74.35	5613410	421743424.00
2015/04/21	72.89	79.66	70.80	78.32	4744456	362430240.00
2015/04/22	78.00	85.50	76.53	83.75	4055901	334565120.00
2015/04/23	85.53	92.00	82.11	86.93	7379027	636439872.00
2015/04/24	85.02	85.99	80.00	82.76	6038942	498244928.00
2015/04/27	82.80	87.00	79.36	79.93	6191034	510260576.00
2015/04/28	81.00	82.03	74.01	75.49	6545448	507852800.00
2015/04/29	74.91	77.89	72.00	75.58	8959537	674176128.00
2015/04/30	76.96	83.14	75.00	83.14	6641939	534376960.00
2015/05/05	80.56	80.56	80.56	80.56	0	0.00
数据来源:通达信
