600247 *ST成城 日线 前复权
      日期	    开盘	    最高	    最低	    收盘	    成交量	    成交额
2011/10/10	5.60	5.65	5.47	5.48	3158008	17519204.00
2011/10/11	5.65	5.72	5.42	5.63	6276929	34940736.00
2011/10/12	5.56	5.82	5.56	5.79	8731536	50121276.00
2011/10/13	5.75	5.87	5.72	5.82	6382015	37053324.00
2011/10/14	5.82	5.86	5.73	5.83	4089725	23747030.00
2011/10/17	5.84	5.89	5.75	5.77	5019135	29174606.00
2011/10/18	5.75	5.80	5.43	5.49	6654849	37376008.00
2011/10/19	5.49	5.54	5.24	5.31	5762244	30735244.00
2011/10/20	5.27	5.37	5.15	5.28	6855341	35970484.00
2011/10/21	5.68	5.68	5.16	5.17	7002723	37385976.00
2011/10/24	5.17	5.20	4.94	5.15	6554895	33269964.00
2011/10/25	5.18	5.35	5.10	5.30	6586609	34435436.00
2011/10/26	5.27	5.45	5.20	5.34	7995884	42589736.00
2011/10/27	5.34	5.48	5.30	5.37	7137501	38399088.00
2011/10/28	5.43	5.57	5.40	5.46	7028285	38461824.00
2011/10/31	5.46	5.50	5.36	5.44	4533511	24562108.00
2011/11/01	5.37	5.45	5.33	5.42	6150116	33136604.00
2011/11/02	5.33	5.44	5.20	5.43	7345362	39121192.00
2011/11/03	5.53	5.74	5.48	5.67	19279385	108026496.00
2011/11/04	5.68	5.88	5.62	5.70	13968386	80117712.00
2011/11/07	5.70	5.72	5.59	5.60	5461285	30760420.00
2011/11/08	5.61	5.65	5.42	5.44	6986888	38513996.00
2011/11/09	5.45	5.66	5.42	5.65	11475883	63768384.00
2011/11/10	5.60	5.69	5.47	5.49	8599163	47711908.00
2011/11/11	5.47	5.62	5.47	5.52	5805777	32263370.00
2011/11/14	5.55	5.70	5.53	5.65	8924978	50203488.00
2011/11/15	5.66	5.86	5.63	5.76	15109256	87286040.00
2011/11/16	5.71	5.75	5.50	5.53	11148904	62483620.00
2011/11/17	5.56	5.82	5.50	5.69	12875447	72931184.00
2011/11/18	5.68	5.68	5.46	5.48	8420595	46792680.00
2011/11/21	5.50	5.55	5.30	5.51	6317932	34298776.00
2011/11/22	5.60	5.98	5.55	5.77	21627168	124631280.00
2011/11/23	5.66	5.75	5.58	5.59	9668056	54583796.00
2011/11/24	5.50	5.54	5.38	5.44	7083872	38535096.00
2011/11/25	5.42	5.51	5.26	5.30	5393955	28934396.00
2011/11/28	5.30	5.37	5.19	5.25	4233590	22294492.00
2011/11/29	5.31	5.37	5.27	5.36	3921714	20865092.00
2011/11/30	5.35	5.35	4.96	4.99	6221298	31849224.00
2011/12/01	5.15	5.21	5.05	5.06	7405135	38020208.00
2011/12/02	5.07	5.10	4.84	4.89	4937300	24503640.00
2011/12/06	4.83	4.83	4.57	4.70	7014476	32683760.00
2011/12/07	4.67	4.73	4.62	4.68	3219539	15046571.00
2011/12/08	4.68	4.78	4.63	4.71	4618629	21729632.00
2011/12/09	4.75	4.85	4.68	4.68	4844104	23051556.00
2011/12/12	4.61	4.65	4.48	4.49	4309605	19583708.00
2011/12/13	4.52	4.52	4.20	4.25	5696990	24436536.00
2011/12/14	4.26	4.28	4.12	4.14	4229936	17711150.00
2011/12/15	4.12	4.23	4.03	4.04	4066169	16717252.00
2011/12/16	4.10	4.17	3.97	4.16	4906246	20007384.00
2011/12/19	4.22	4.25	4.05	4.18	4721383	19643604.00
2011/12/20	4.17	4.37	4.10	4.20	6692583	28504924.00
2011/12/21	4.22	4.34	4.00	4.01	4225342	17661784.00
2011/12/22	3.97	3.98	3.74	3.88	6385484	24572382.00
2011/12/23	3.84	4.02	3.83	3.94	5461933	21554280.00
2011/12/26	3.94	4.06	3.88	3.92	3034406	11998729.00
2011/12/27	3.96	3.96	3.80	3.82	2476031	9545780.00
2011/12/28	3.80	3.83	3.64	3.81	3552403	13270913.00
2011/12/29	3.77	3.94	3.74	3.85	4078501	15680140.00
2011/12/30	3.90	3.95	3.85	3.92	2624087	10245840.00
2012/01/04	3.98	4.05	3.83	3.83	3028128	11887175.00
2012/01/05	3.83	3.84	3.68	3.69	2084207	7837466.00
2012/01/06	3.65	3.76	3.61	3.74	2951355	10872248.00
2012/01/09	3.72	3.91	3.69	3.90	4592892	17626724.00
2012/01/10	3.87	4.23	3.87	4.16	9894589	40234448.00
2012/01/11	4.12	4.34	4.04	4.28	10681220	44720696.00
2012/01/12	4.22	4.48	4.18	4.43	13052438	56626168.00
2012/01/13	4.38	4.48	4.17	4.38	14536952	63189512.00
2012/01/17	4.24	4.65	4.15	4.52	13420846	59240352.00
2012/01/18	4.45	4.51	4.26	4.28	7574080	33310698.00
2012/01/19	4.28	4.37	4.23	4.25	4215512	18041792.00
2012/01/20	4.25	4.40	4.23	4.39	6177724	26713386.00
2012/01/30	4.38	4.58	4.32	4.44	7648066	34190744.00
2012/01/31	4.49	4.60	4.34	4.41	6997796	31386592.00
2012/02/01	4.40	4.40	4.25	4.35	4308694	18620340.00
2012/02/02	4.31	4.42	4.31	4.37	6536305	28513500.00
2012/02/03	4.36	4.49	4.35	4.44	6157022	27224336.00
2012/02/06	4.43	4.47	4.37	4.43	4589992	20355006.00
2012/02/07	4.42	4.44	4.27	4.39	4159983	18034412.00
2012/02/08	4.37	4.58	4.33	4.50	10974195	49350052.00
2012/02/09	4.46	4.69	4.45	4.54	15492900	70780288.00
2012/02/10	4.50	4.75	4.47	4.73	17303865	79888720.00
2012/02/13	4.65	4.73	4.60	4.66	12821718	59754160.00
2012/02/14	4.63	4.75	4.55	4.69	9864838	45881128.00
2012/02/15	4.65	4.93	4.62	4.81	15559270	74331936.00
2012/02/16	4.78	4.83	4.69	4.75	10756517	51107272.00
2012/02/17	4.73	4.81	4.67	4.74	7494063	35588144.00
2012/02/20	4.79	4.82	4.69	4.70	7014123	33335652.00
2012/02/21	4.68	4.76	4.58	4.75	8471271	39731796.00
2012/02/22	4.73	4.90	4.71	4.83	13169661	63443980.00
2012/02/23	4.83	5.03	4.77	4.98	14699193	71392056.00
2012/02/24	4.94	5.18	4.92	5.02	23028494	116381368.00
2012/02/27	4.97	5.06	4.95	4.96	12607451	63156128.00
2012/02/28	4.92	4.95	4.77	4.87	9761344	47521400.00
2012/02/29	4.85	4.97	4.74	4.90	8043507	39391440.00
2012/03/01	4.85	5.03	4.82	4.89	8515387	42087856.00
2012/03/02	4.88	5.05	4.87	5.01	8453648	42006988.00
2012/03/05	5.02	5.03	4.92	4.94	6989084	34696440.00
2012/03/06	4.92	4.92	4.82	4.83	5974459	29001396.00
2012/03/07	4.78	4.89	4.76	4.79	5000913	24124398.00
2012/03/08	4.80	4.88	4.80	4.85	4824319	23364850.00
2012/03/09	4.85	4.93	4.84	4.92	5074325	24803140.00
2012/03/12	4.92	5.02	4.89	4.97	6322301	31312672.00
2012/03/13	4.98	5.08	4.90	5.05	13824578	69211456.00
2012/03/14	5.03	5.10	4.56	4.63	17989757	88408552.00
2012/03/15	4.62	4.68	4.46	4.49	8565457	38929952.00
2012/03/16	4.53	4.66	4.49	4.65	5479337	25079968.00
2012/03/19	4.65	4.97	4.56	4.90	14451946	68856616.00
2012/03/20	4.89	4.92	4.76	4.76	8258769	39847760.00
2012/03/21	4.79	4.96	4.72	4.94	11949100	58031488.00
2012/03/22	4.90	5.43	4.87	5.14	37787863	197300528.00
2012/03/23	5.04	5.10	4.78	4.85	19527962	96531352.00
2012/03/26	4.80	4.85	4.67	4.83	8776544	41628896.00
2012/03/27	4.80	4.86	4.73	4.84	7659998	36743700.00
2012/03/28	4.88	4.96	4.60	4.63	17982623	87406528.00
2012/03/29	4.48	4.53	4.21	4.30	10973609	48148380.00
2012/03/30	4.32	4.36	4.13	4.24	6618464	28005640.00
2012/04/05	4.25	4.39	4.23	4.37	7111408	30713912.00
2012/04/06	4.33	4.53	4.30	4.48	9108610	40272284.00
2012/04/09	4.45	4.53	4.40	4.42	5311914	23682246.00
2012/04/10	4.37	4.48	4.17	4.45	7772944	33589196.00
2012/04/11	4.39	4.56	4.30	4.52	9026370	40505664.00
2012/04/12	4.51	4.66	4.45	4.63	12063410	54983004.00
2012/04/13	4.64	4.79	4.60	4.70	12046642	56574904.00
2012/04/16	4.70	4.86	4.62	4.81	10619435	50627152.00
2012/04/17	4.85	4.85	4.61	4.65	8647499	40709340.00
2012/04/18	4.61	4.95	4.61	4.83	10510581	50189904.00
2012/04/19	4.78	4.89	4.73	4.74	7040018	33664736.00
2012/04/20	4.71	4.84	4.68	4.82	11307083	53881276.00
2012/04/23	4.80	5.15	4.78	4.89	22348371	110921568.00
2012/04/24	4.80	4.97	4.41	4.75	16094720	76346904.00
2012/04/25	5.23	5.23	5.23	5.23	10958405	57312456.00
2012/04/26	5.75	5.75	5.75	5.75	6758568	38861768.00
2012/04/27	5.55	5.55	5.18	5.18	35886688	189768384.00
2012/05/03	4.96	5.05	4.82	4.95	19124252	94453648.00
2012/05/04	4.89	5.09	4.87	4.99	13342974	66772352.00
2012/05/07	4.93	5.13	4.85	5.10	13002589	64948972.00
2012/05/08	5.05	5.15	4.95	5.09	12702268	64303600.00
2012/05/09	5.04	5.04	4.88	4.95	10145872	50290560.00
2012/05/10	4.95	4.99	4.92	4.94	5916322	29328214.00
2012/05/11	4.96	5.00	4.89	4.96	6657310	33007566.00
2012/05/14	5.02	5.06	4.86	4.93	7754494	38551032.00
2012/05/15	4.84	4.88	4.65	4.78	9827221	46798232.00
2012/05/16	4.73	4.88	4.73	4.77	6033656	28935328.00
2012/05/17	4.79	4.90	4.75	4.89	8057640	38952920.00
2012/05/18	4.84	5.31	4.82	5.27	35014681	178542848.00
2012/05/21	5.12	5.22	5.01	5.10	23057638	117893424.00
2012/05/22	5.10	5.13	4.99	5.06	11929640	60242344.00
2012/05/23	5.05	5.18	4.92	5.09	14488319	73141792.00
2012/05/24	5.06	5.12	4.92	4.94	8901936	44573372.00
2012/05/25	4.95	5.03	4.86	4.89	7280831	36029928.00
2012/05/28	4.83	4.93	4.71	4.92	8092154	38863700.00
2012/05/29	4.90	5.05	4.85	5.03	9768693	48602276.00
2012/05/30	5.02	5.14	4.98	5.01	8497832	42915732.00
2012/05/31	4.96	4.99	4.90	4.92	8686185	42922648.00
2012/06/01	4.91	5.02	4.90	4.93	5945559	29481996.00
2012/06/04	4.87	4.87	4.67	4.68	7532469	35916044.00
2012/06/05	4.70	4.74	4.64	4.67	4007491	18825684.00
2012/06/06	4.67	4.73	4.56	4.62	3629406	16893392.00
2012/06/07	4.67	4.78	4.62	4.68	4814584	22644916.00
2012/06/08	4.75	4.76	4.56	4.62	4139939	19361782.00
2012/06/11	4.60	4.73	4.55	4.71	3285794	15289733.00
2012/06/12	4.67	4.71	4.61	4.68	2498058	11670327.00
2012/06/13	4.70	4.77	4.67	4.76	3471111	16435296.00
2012/06/14	4.75	4.75	4.64	4.65	3192099	15026733.00
2012/06/15	4.66	4.70	4.57	4.64	2893038	13423843.00
2012/06/18	4.65	4.70	4.64	4.66	2242309	10470295.00
2012/06/19	4.65	4.66	4.54	4.57	3792482	17408842.00
2012/06/21	4.58	4.58	4.37	4.39	5162927	22864584.00
2012/06/25	4.38	4.38	4.23	4.24	3590200	15432897.00
2012/06/26	4.25	4.31	4.19	4.29	2325060	9871148.00
2012/06/27	4.31	4.36	4.26	4.28	2543808	10985829.00
2012/06/28	4.30	4.32	4.20	4.20	2528445	10738043.00
2012/06/29	4.20	4.27	4.16	4.26	2172261	9175858.00
2012/07/02	4.28	4.31	4.25	4.29	2419932	10368084.00
2012/07/03	4.29	4.35	4.26	4.28	3113768	13393522.00
2012/07/04	4.28	4.31	4.25	4.27	2562098	10947216.00
2012/07/05	4.27	4.29	4.09	4.10	3538946	14778872.00
2012/07/06	4.12	4.19	4.03	4.18	3393323	14002384.00
2012/07/09	4.15	4.15	3.96	3.98	3130590	12728701.00
2012/07/10	3.97	4.02	3.90	3.94	2327485	9209303.00
2012/07/11	3.98	4.01	3.91	4.00	1866335	7385283.00
2012/07/12	4.00	4.07	3.93	4.03	3541308	14171008.00
2012/07/13	4.01	4.04	3.96	3.98	1831215	7323128.00
2012/07/16	3.99	4.01	3.78	3.80	2964369	11462541.00
2012/07/17	3.79	3.90	3.76	3.87	2388401	9181215.00
2012/07/18	3.87	3.92	3.80	3.92	3148382	12160671.00
2012/07/19	3.88	4.26	3.88	4.05	9032027	36912992.00
2012/07/20	4.01	4.15	3.97	4.08	4991148	20297120.00
2012/07/23	4.09	4.09	3.90	3.98	2974130	11805846.00
2012/07/24	3.94	4.06	3.93	4.01	3104264	12442129.00
2012/07/25	4.02	4.21	3.96	4.12	7255949	29805608.00
2012/07/26	4.07	4.11	4.00	4.02	4079317	16535743.00
2012/07/27	4.03	4.06	3.92	3.93	3215193	12818021.00
2012/07/30	3.89	3.97	3.79	3.80	3180601	12231489.00
2012/07/31	3.76	3.82	3.71	3.73	1822226	6832767.00
2012/08/01	3.73	3.81	3.70	3.77	1690309	6375755.00
2012/08/02	3.78	3.81	3.68	3.70	2133268	7998047.00
2012/08/03	3.73	3.82	3.69	3.81	2672182	10029319.00
2012/08/06	3.81	3.93	3.78	3.91	3172774	12246490.00
2012/08/07	3.91	3.99	3.88	3.98	3558476	14048250.00
2012/08/08	3.97	3.99	3.91	3.95	2952468	11686869.00
2012/08/09	3.93	4.35	3.90	4.35	14462980	61291132.00
2012/08/10	4.49	4.78	4.43	4.52	37086062	170669424.00
2012/08/13	4.50	4.97	4.44	4.95	52939127	257055200.00
2012/08/14	4.52	4.80	4.46	4.75	34372241	159093232.00
2012/08/15	4.96	5.23	4.74	4.75	50521122	252256240.00
2012/08/16	4.82	4.88	4.38	4.48	30228256	139072080.00
2012/08/17	4.46	4.47	4.21	4.39	18780456	81960440.00
2012/08/20	4.33	4.55	4.31	4.51	15243923	67285192.00
2012/08/21	4.44	4.55	4.38	4.46	13178873	58683176.00
2012/08/22	4.42	4.43	4.28	4.31	12952070	56212552.00
2012/08/23	4.28	4.37	4.26	4.34	8799298	38008744.00
2012/08/24	4.33	4.37	4.13	4.15	9642249	40878924.00
2012/08/27	4.12	4.12	3.99	4.00	6728209	27103564.00
2012/08/28	3.96	4.10	3.96	4.05	5751831	23285628.00
2012/08/29	4.04	4.08	4.00	4.00	4743137	19105826.00
2012/08/30	3.98	4.02	3.84	3.91	5964320	23481982.00
2012/08/31	3.90	4.01	3.85	4.00	4101098	16216470.00
2012/09/03	3.97	4.08	3.92	4.07	4732655	19109048.00
2012/09/04	4.09	4.13	4.02	4.05	6319939	25678164.00
2012/09/05	4.03	4.08	4.01	4.07	3965505	16067524.00
2012/09/06	4.05	4.25	4.04	4.18	8083449	33424546.00
2012/09/07	4.18	4.40	4.16	4.32	12638005	53909448.00
2012/09/10	4.28	4.35	4.24	4.31	7134998	30617146.00
2012/09/11	4.29	4.29	4.18	4.25	6572349	27752784.00
2012/09/12	4.26	4.33	4.21	4.32	6223153	26560004.00
2012/09/13	4.32	4.42	4.24	4.26	11740042	51120056.00
2012/09/14	4.24	4.38	4.24	4.32	6940580	29982268.00
2012/09/17	4.32	4.33	4.11	4.12	5295203	22283798.00
2012/09/18	4.12	4.15	4.06	4.11	3544297	14555243.00
2012/09/19	4.12	4.26	4.09	4.20	4116946	17271424.00
2012/09/20	4.20	4.26	4.11	4.17	5739364	23956428.00
2012/09/21	4.16	4.18	4.00	4.09	3522967	14445555.00
2012/09/24	4.09	4.17	4.01	4.13	3437967	14118118.00
2012/09/25	4.12	4.18	4.04	4.07	3244560	13318674.00
2012/09/26	4.07	4.20	4.02	4.03	3403660	13935233.00
2012/09/27	4.05	4.10	3.95	4.06	5171146	20896540.00
2012/09/28	4.03	4.14	4.01	4.13	2978691	12214280.00
2012/10/08	4.08	4.08	3.98	4.03	3828179	15422578.00
2012/10/09	4.01	4.20	4.01	4.17	6104349	25310260.00
2012/10/10	4.13	4.26	4.13	4.17	12364161	51603860.00
2012/10/11	4.18	4.26	4.11	4.11	8815914	36895640.00
2012/10/12	4.09	4.15	4.03	4.13	5872069	24064904.00
2012/10/15	4.18	4.23	4.09	4.19	6579415	27336196.00
2012/10/16	4.18	4.20	4.12	4.14	4525398	18824384.00
2012/10/17	4.16	4.16	4.06	4.11	2831817	11618745.00
2012/10/18	4.14	4.22	4.11	4.19	6980452	29197896.00
2012/10/19	4.19	4.22	4.15	4.17	4218759	17652164.00
2012/10/22	4.17	4.21	4.12	4.19	3397938	14172027.00
2012/10/23	4.19	4.30	4.16	4.21	7915477	33563468.00
2012/10/24	4.18	4.22	4.15	4.19	4946177	20671946.00
2012/10/25	4.21	4.33	4.16	4.24	16287017	69424960.00
2012/10/26	4.20	4.25	4.03	4.03	9159599	37776044.00
2012/10/29	4.02	4.05	3.86	3.93	4864373	19208192.00
2012/10/30	3.93	4.01	3.89	3.97	3005600	11917215.00
2012/10/31	3.96	3.96	3.92	3.96	2217749	8743678.00
2012/11/01	3.97	4.12	3.94	4.05	6936565	28015996.00
2012/11/02	4.06	4.17	4.04	4.15	6987289	28740932.00
2012/11/05	4.22	4.28	4.11	4.23	10991284	46384384.00
2012/11/06	4.23	4.24	4.04	4.14	8238077	33955464.00
2012/11/07	4.12	4.15	4.07	4.11	4399037	18065972.00
2012/11/08	4.07	4.14	4.01	4.04	3790637	15474016.00
2012/11/09	4.00	4.15	3.98	4.08	3894371	15988866.00
2012/11/12	4.11	4.14	4.08	4.13	2097519	8622134.00
2012/11/13	4.11	4.20	4.06	4.06	6013810	24847570.00
2012/11/14	4.14	4.14	4.06	4.10	2727561	11177477.00
2012/11/15	4.12	4.20	4.02	4.03	8157860	33721792.00
2013/02/04	4.43	4.43	4.43	4.43	309720	1372060.00
2013/02/05	4.87	4.87	4.87	4.87	766436	3732543.00
2013/02/06	5.36	5.36	5.36	5.36	3310105	17742164.00
2013/02/07	5.69	5.90	5.50	5.75	64847282	369299520.00
2013/02/08	5.60	6.33	5.60	6.33	49428644	299927616.00
2013/02/18	6.77	6.96	6.43	6.63	67093244	451518944.00
2013/02/19	6.78	6.96	6.52	6.72	53410684	358597312.00
2013/02/20	6.64	6.95	6.22	6.82	62953178	415912000.00
2013/02/21	6.66	7.12	6.52	7.03	67534260	464325216.00
2013/02/22	6.92	7.05	6.51	6.58	50603906	344389152.00
2013/02/25	6.42	6.84	6.31	6.60	32611275	213856352.00
2013/02/26	6.49	6.73	6.45	6.48	17091840	111695752.00
2013/02/27	6.48	6.72	6.36	6.65	35933761	236123936.00
2013/02/28	6.58	6.78	6.53	6.60	22672007	150300880.00
2013/03/01	6.55	7.11	6.46	6.75	45939425	311836960.00
2013/03/04	6.62	6.92	6.58	6.73	31614136	213421712.00
2013/03/05	6.68	6.95	6.58	6.82	39192046	266351920.00
2013/03/06	6.73	6.89	6.69	6.77	19623670	133233080.00
2013/03/07	6.71	7.05	6.52	6.76	49866998	339874784.00
2013/03/08	6.95	7.08	6.40	6.45	46507163	315956864.00
2013/03/11	6.18	6.57	5.83	6.50	42912972	269784352.00
2013/03/12	6.35	6.60	6.21	6.41	28850883	183794256.00
2013/03/13	6.40	6.46	6.15	6.17	18976249	120126368.00
2013/03/14	6.12	6.42	6.02	6.20	18543393	115137280.00
2013/03/15	6.14	6.53	5.96	6.31	42717146	267087520.00
2013/03/18	6.24	6.35	6.12	6.15	12100696	74952256.00
2013/03/19	6.10	6.21	5.96	6.12	16417002	100057800.00
2013/03/20	6.09	6.30	5.96	6.15	24212074	148601920.00
2013/03/21	6.10	6.10	5.71	5.84	49960108	293782784.00
2013/03/22	5.79	5.90	5.67	5.86	24811344	144510416.00
2013/03/25	5.83	5.96	5.80	5.89	20445052	120259608.00
2013/03/26	5.95	5.95	5.73	5.75	13537799	78404000.00
2013/03/27	5.76	5.86	5.72	5.82	13063045	75762048.00
2013/03/28	5.81	5.81	5.60	5.66	12787418	72598296.00
2013/03/29	5.64	5.95	5.64	5.69	11998406	68942856.00
2013/04/01	5.78	5.80	5.65	5.72	7832186	44793848.00
2013/04/02	5.72	5.79	5.45	5.52	20181767	112913920.00
2013/04/03	5.50	5.55	5.25	5.34	12957158	69506784.00
2013/04/08	5.23	5.31	5.15	5.29	9429281	49359632.00
2013/04/09	5.27	5.41	5.27	5.32	9699550	51944068.00
2013/04/10	5.32	5.44	5.26	5.39	9617786	51584176.00
2013/04/11	5.38	5.43	5.27	5.28	7590902	40598744.00
2013/04/12	5.25	5.39	5.21	5.37	10243629	54159592.00
2013/04/15	5.33	5.43	5.22	5.24	8081772	43160776.00
2013/04/16	5.12	5.27	5.05	5.26	8732352	44839136.00
2013/04/17	5.22	5.33	5.16	5.32	7920305	41603348.00
2013/04/18	5.27	5.38	5.22	5.35	8070230	43085848.00
2013/04/19	5.34	5.52	5.32	5.43	15678565	85001512.00
2013/04/22	5.37	5.42	5.26	5.33	10560973	56271864.00
2013/04/23	5.32	5.33	5.00	5.02	13126096	67486344.00
2013/04/24	5.05	5.13	4.99	5.11	8134055	41136068.00
2013/04/25	5.16	5.16	5.03	5.06	8362678	42528740.00
2013/04/26	5.05	5.08	4.90	5.00	7571791	37621028.00
2013/05/02	5.00	5.09	4.96	5.06	4304729	21682574.00
2013/05/03	5.07	5.14	5.06	5.10	9537615	48696896.00
2013/05/06	5.09	5.28	5.07	5.16	16508626	85609384.00
2013/05/07	5.15	5.27	5.08	5.27	13857177	71757056.00
2013/05/08	5.25	5.34	5.19	5.24	12617448	66277388.00
2013/05/09	5.21	5.23	5.06	5.11	11247794	57598688.00
2013/05/10	5.11	5.32	5.05	5.30	16906696	88260440.00
2013/05/13	5.32	5.38	5.18	5.28	10527585	55308548.00
2013/05/14	5.28	5.28	5.10	5.11	8991417	46288444.00
2013/05/15	5.11	5.18	5.11	5.14	6159232	31705712.00
2013/06/25	4.74	4.91	4.63	4.82	23688505	111525216.00
2013/06/26	4.78	4.79	4.44	4.64	16073957	74150376.00
2013/06/27	4.61	4.82	4.48	4.55	17068430	79291752.00
2013/06/28	4.48	4.61	4.21	4.28	12317623	54184056.00
2013/07/01	4.23	4.29	4.10	4.26	8352962	35139904.00
2013/07/02	4.26	4.35	4.24	4.31	7200311	30982314.00
2013/07/03	4.30	4.33	4.15	4.23	6733197	28479720.00
2013/07/04	4.18	4.42	4.18	4.35	9866851	42671368.00
2013/07/05	4.31	4.44	4.31	4.37	8125198	35641588.00
2013/07/08	4.29	4.29	4.11	4.14	10187657	42448104.00
2013/07/09	4.09	4.26	4.07	4.25	5344009	22368932.00
2013/07/10	4.21	4.55	4.18	4.44	16734044	73775632.00
2013/07/11	4.44	4.63	4.40	4.57	15347069	69706120.00
2013/07/12	4.58	4.58	4.43	4.44	10245630	45992044.00
2013/07/15	4.44	4.65	4.44	4.59	10202827	46396656.00
2013/07/16	4.53	4.64	4.48	4.63	8567671	39088324.00
2013/07/17	4.60	4.68	4.50	4.50	8221518	37665268.00
2013/07/18	4.49	4.65	4.45	4.52	9958027	45499280.00
2013/07/19	4.55	4.62	4.38	4.43	8043846	36303964.00
2013/07/22	4.39	4.45	4.30	4.41	5659748	24785784.00
2013/07/23	4.39	4.60	4.37	4.54	8233572	37242320.00
2013/07/24	4.52	4.61	4.47	4.59	9857932	44994764.00
2013/07/25	4.58	4.62	4.46	4.47	7485249	33838400.00
2013/07/26	4.46	4.46	4.32	4.37	7252959	31738550.00
2013/07/29	4.35	4.37	4.25	4.30	4135481	17812668.00
2013/07/30	4.33	4.37	4.25	4.34	3646154	15729927.00
2013/07/31	4.32	4.42	4.32	4.36	3426469	14988254.00
2013/08/01	4.36	4.51	4.35	4.49	6817825	30385566.00
2013/08/02	4.48	4.58	4.47	4.49	6365572	28745862.00
2013/08/05	4.49	4.58	4.46	4.56	6773089	30801024.00
2013/08/06	4.53	5.02	4.53	5.02	17521833	85602976.00
2013/08/07	5.18	5.28	4.93	4.94	37556057	191557552.00
2013/08/08	4.85	5.14	4.85	5.00	19607375	98902848.00
2013/08/09	4.99	5.04	4.80	4.94	13389228	65886788.00
2013/08/12	4.92	5.43	4.92	5.43	23141912	122384352.00
2013/08/13	5.56	5.65	5.27	5.34	29019457	157269952.00
2013/08/14	5.28	5.48	5.21	5.31	18301374	97756760.00
2013/08/15	5.26	5.53	5.23	5.40	18857516	101874296.00
2013/08/16	5.35	5.44	5.17	5.19	14241106	75403936.00
2013/08/19	5.19	5.30	5.11	5.25	11254712	58726076.00
2013/08/20	5.20	5.26	5.04	5.16	13595418	69968304.00
2013/08/21	5.16	5.18	5.06	5.16	8192651	41891084.00
2013/08/22	5.12	5.24	5.09	5.19	9640136	49796476.00
2013/08/23	5.17	5.20	4.95	5.04	11831061	60047084.00
2013/08/26	5.09	5.16	5.04	5.13	7301645	37339108.00
2013/08/27	5.15	5.28	5.10	5.23	11806581	61593492.00
2013/08/28	5.19	5.20	5.06	5.08	11702719	59835396.00
2013/08/29	5.06	5.09	4.95	4.96	10060763	50340884.00
2013/08/30	4.96	5.09	4.93	4.98	9197952	46197292.00
2013/09/02	4.95	5.09	4.81	5.07	7738624	38341760.00
2013/09/03	5.09	5.10	4.98	5.09	6872660	34759268.00
2013/09/04	5.09	5.10	4.99	5.08	8334470	42046544.00
2013/09/05	5.07	5.23	5.02	5.15	11772055	60588224.00
2013/09/06	5.16	5.19	5.03	5.16	9874547	50469072.00
2013/09/09	5.17	5.28	5.10	5.21	11382769	59099268.00
2013/09/10	5.20	5.28	5.15	5.25	11533907	60101664.00
2013/09/11	5.24	5.24	5.00	5.05	12890938	65978280.00
2013/09/12	5.05	5.48	5.02	5.21	20454080	107839304.00
2013/09/13	5.15	5.22	5.10	5.17	8296686	42809396.00
2013/09/16	5.19	5.29	5.12	5.14	6815683	35342156.00
2013/09/17	5.14	5.15	4.97	4.98	8774137	44138380.00
2013/09/18	5.00	5.02	4.93	4.99	3745623	18614388.00
2013/09/23	5.00	5.13	5.00	5.10	5236956	26537184.00
2013/09/24	5.07	5.09	4.95	4.99	7180903	35880676.00
2013/09/25	5.00	5.08	4.92	5.04	7107051	35590232.00
2013/09/26	5.01	5.23	4.92	5.07	16207819	82758792.00
2013/09/27	5.02	5.09	4.92	4.93	9165269	45609552.00
2013/09/30	4.93	4.98	4.92	4.97	2736969	13572935.00
2013/10/08	4.93	5.02	4.88	5.01	5595539	27825084.00
2013/10/09	4.98	5.07	4.97	5.04	6694576	33598424.00
2013/10/10	5.01	5.05	4.94	4.96	7162996	35748692.00
2013/10/11	4.97	5.07	4.97	5.05	8889604	44661172.00
2013/10/14	5.03	5.14	5.02	5.11	9946584	50547968.00
2013/10/15	5.10	5.62	5.07	5.38	34246785	185150080.00
2013/10/16	5.30	5.33	5.09	5.13	20570759	106556552.00
2013/10/17	5.16	5.24	5.06	5.08	9475626	48746808.00
2013/10/18	5.08	5.16	5.06	5.13	5371588	27458540.00
2013/10/21	5.15	5.18	5.07	5.18	7985599	41034492.00
2013/10/22	5.16	5.18	5.06	5.11	8336675	42622404.00
2013/10/23	5.09	5.13	4.91	4.93	8217035	41101576.00
2013/10/24	4.93	4.95	4.83	4.85	5052944	24649436.00
2013/10/25	4.86	4.90	4.62	4.71	5167278	24690908.00
2013/10/28	4.70	4.74	4.55	4.62	4128730	19116630.00
2013/10/29	4.60	4.67	4.17	4.39	6283037	27764272.00
2013/10/30	4.36	4.57	4.33	4.55	5386519	24153388.00
2013/10/31	4.64	4.70	4.55	4.57	5919771	27374404.00
2013/11/01	4.51	4.55	4.45	4.53	3352974	15071224.00
2013/11/04	4.50	4.67	4.50	4.61	3435066	15788415.00
2013/11/05	4.60	4.64	4.51	4.64	3593841	16493110.00
2013/11/06	4.61	5.10	4.59	5.08	30466596	152416352.00
2013/11/07	4.90	4.97	4.83	4.90	15512534	75848120.00
2013/11/08	4.90	5.12	4.81	4.86	11838712	58545380.00
2013/11/11	4.83	4.87	4.71	4.86	6064196	29039250.00
2013/11/12	4.82	4.87	4.78	4.81	4533076	21889380.00
2013/11/13	4.81	4.81	4.44	4.46	9844459	45223360.00
2013/11/14	4.42	4.54	4.39	4.50	5411295	24166960.00
2013/11/15	4.55	4.62	4.51	4.57	5663637	25896288.00
2013/11/18	4.57	4.70	4.54	4.69	7688694	35616840.00
2013/11/19	4.67	4.81	4.63	4.74	7921168	37449544.00
2013/11/20	4.76	4.79	4.66	4.75	5558834	26204012.00
2013/11/21	4.75	4.75	4.66	4.69	4601751	21561580.00
2013/11/22	4.69	4.76	4.65	4.69	3797643	17858096.00
2013/11/25	4.68	4.70	4.57	4.59	5146020	23897776.00
2013/11/26	4.59	4.62	4.56	4.59	3876768	17792488.00
2013/11/27	4.60	4.90	4.55	4.85	15515025	73700424.00
2013/11/28	4.80	4.82	4.71	4.77	13469037	64245168.00
2013/11/29	4.76	4.76	4.68	4.72	5113025	24115252.00
2013/12/02	4.60	4.65	4.32	4.43	8661798	38936296.00
2013/12/03	4.41	4.55	4.39	4.54	3705375	16633115.00
2013/12/04	4.54	4.64	4.49	4.58	4845816	22233112.00
2013/12/05	4.59	4.76	4.54	4.66	8622369	40085576.00
2013/12/06	4.63	4.66	4.56	4.61	4947524	22763528.00
2013/12/09	4.61	4.64	4.58	4.64	3470125	16024666.00
2013/12/10	4.65	4.69	4.60	4.64	3825028	17732720.00
2013/12/11	4.64	4.65	4.55	4.55	2877345	13154326.00
2013/12/12	4.55	4.67	4.55	4.59	2685612	12372757.00
2013/12/13	4.56	4.64	4.52	4.58	2944300	13544286.00
2013/12/16	4.58	4.59	4.44	4.50	4383958	19782688.00
2013/12/17	4.49	4.52	4.42	4.47	2362189	10554154.00
2013/12/18	4.44	4.52	4.43	4.47	1776327	7966496.00
2013/12/19	4.48	4.51	4.44	4.46	2363003	10572010.00
2013/12/20	4.45	4.48	4.34	4.36	2546950	11173264.00
2013/12/23	4.37	4.40	4.28	4.32	1711958	7395978.00
2013/12/24	4.31	4.38	4.30	4.33	1535609	6663244.00
2013/12/25	4.31	4.40	4.31	4.40	1660546	7243965.00
2013/12/26	4.41	4.41	4.26	4.27	1666664	7194698.00
2013/12/27	4.25	4.35	4.25	4.31	2025839	8723784.00
2013/12/30	4.32	4.38	4.30	4.37	2644584	11495853.00
2013/12/31	4.20	4.22	4.02	4.13	9273531	38195416.00
2014/01/02	4.05	4.12	4.04	4.10	4392848	17940952.00
2014/01/03	4.10	4.10	4.03	4.09	3594214	14624102.00
2014/01/06	4.07	4.08	3.98	3.99	3271919	13136734.00
2014/01/07	4.00	4.03	3.96	3.97	2258158	9003365.00
2014/01/08	3.98	4.02	3.84	3.91	3956251	15558332.00
2014/01/09	3.91	3.93	3.84	3.85	3982341	15453324.00
2014/01/10	3.85	3.85	3.72	3.77	4123832	15561622.00
2014/01/13	3.77	3.81	3.74	3.77	2900279	10958360.00
2014/01/14	3.77	3.87	3.76	3.86	2260235	8673925.00
2014/01/15	3.85	3.89	3.83	3.85	1738366	6700589.00
2014/01/16	3.83	3.89	3.83	3.87	1681906	6512049.00
2014/01/17	3.87	3.90	3.84	3.86	1950868	7536554.00
2014/01/20	3.87	3.88	3.74	3.77	2296709	8722988.00
2014/01/21	3.76	3.82	3.73	3.81	1787021	6787186.00
2014/01/22	3.82	3.93	3.80	3.91	2967756	11546147.00
2014/01/23	3.93	3.94	3.90	3.91	2749396	10772934.00
2014/01/24	3.92	3.98	3.90	3.94	3379842	13336396.00
2014/01/27	3.91	3.99	3.90	3.93	2890609	11418172.00
2014/01/28	3.95	3.97	3.91	3.96	2822285	11127895.00
2014/01/29	3.93	3.97	3.93	3.96	2150581	8476176.00
2014/01/30	3.91	3.93	3.76	3.83	3503929	13468066.00
2014/02/07	3.76	3.89	3.76	3.88	2254072	8643768.00
2014/02/10	3.89	3.99	3.88	3.98	4043109	15971914.00
2014/02/11	3.98	4.03	3.96	4.00	3981569	15932489.00
2014/02/12	3.98	4.10	3.98	4.09	4486683	18167088.00
2014/02/13	4.08	4.14	4.04	4.05	4721718	19321416.00
2014/02/14	4.03	4.11	4.03	4.11	3241097	13231367.00
2014/02/17	4.12	4.23	4.10	4.20	6360380	26428964.00
2014/02/18	4.17	4.21	4.13	4.15	4375482	18163760.00
2014/02/19	4.16	4.23	4.14	4.20	4951982	20706036.00
2014/02/20	4.20	4.22	4.11	4.13	5081967	21067252.00
2014/02/21	4.12	4.13	3.98	4.02	5384229	21854700.00
2014/02/24	4.01	4.01	3.92	3.93	3899437	15385967.00
2014/02/25	3.93	3.96	3.78	3.80	5121094	19916124.00
2014/02/26	3.82	3.85	3.74	3.84	2924507	11099917.00
2014/02/27	3.83	3.91	3.80	3.82	2688242	10397009.00
2014/02/28	3.82	3.88	3.80	3.87	2685647	10296254.00
2014/03/03	3.90	3.95	3.89	3.94	2966978	11627993.00
2014/03/04	3.91	3.95	3.88	3.95	2162099	8487631.00
2014/03/05	3.85	3.92	3.80	3.83	6561914	25324796.00
2014/03/06	3.80	3.83	3.75	3.81	5341776	20232668.00
2014/03/07	3.81	3.83	3.79	3.81	3844956	14645383.00
2014/03/10	3.79	3.79	3.65	3.67	3808395	14214621.00
2014/03/11	3.65	3.67	3.52	3.62	8008198	28643076.00
2014/03/12	3.57	3.65	3.56	3.60	3987722	14330262.00
2014/03/13	3.57	3.65	3.57	3.65	3427277	12444206.00
2014/03/14	3.63	3.73	3.57	3.69	5185105	19113286.00
2014/03/17	3.66	3.72	3.66	3.72	2703432	10005868.00
2014/03/18	3.72	3.97	3.71	3.83	10576902	40778896.00
2014/03/19	3.79	3.80	3.72	3.77	6287246	23589876.00
2014/03/20	3.76	3.84	3.74	3.75	5859443	22217120.00
2014/03/21	3.73	3.85	3.70	3.84	4208729	16024509.00
2014/03/24	3.84	3.96	3.83	3.90	6407029	25021100.00
2014/03/25	3.90	3.96	3.85	3.89	6354610	24739982.00
2014/03/26	3.89	3.95	3.87	3.89	4585415	17915172.00
2014/03/27	3.90	3.99	3.84	3.87	4753932	18454732.00
2014/03/28	3.85	3.86	3.74	3.79	6168908	23487310.00
2014/03/31	3.80	3.83	3.77	3.80	2614087	9951388.00
2014/04/01	3.80	3.87	3.79	3.86	3110837	11931841.00
2014/04/02	3.86	3.95	3.85	3.90	4547159	17791136.00
2014/04/03	3.93	3.94	3.81	3.83	3448848	13306207.00
2014/04/04	3.83	3.98	3.82	3.93	6658074	26000344.00
2014/04/08	3.91	4.17	3.89	4.10	20142316	81355168.00
2014/04/10	3.90	3.90	3.90	3.90	1237700	4827030.00
2014/04/11	3.76	3.88	3.71	3.72	25822348	96354296.00
2014/04/14	3.74	3.86	3.72	3.84	14151308	53608432.00
2014/04/15	3.82	3.99	3.78	3.85	9092153	35415904.00
2014/04/16	3.82	3.88	3.76	3.78	5853045	22216300.00
2014/04/17	3.77	3.80	3.74	3.75	4397850	16571381.00
2014/04/18	3.77	3.79	3.72	3.75	3899911	14624242.00
2014/04/21	3.72	3.77	3.68	3.68	4137771	15430296.00
2014/04/22	3.70	3.70	3.57	3.68	4410683	16043459.00
2014/04/23	3.66	3.69	3.62	3.67	3511951	12844007.00
2014/04/24	3.66	3.69	3.61	3.63	2301109	8387234.00
2014/08/22	3.81	3.81	3.81	3.81	1979875	7543324.00
2014/08/25	4.00	4.00	4.00	4.00	682549	2730196.00
2014/08/26	4.20	4.20	4.20	4.20	1456267	6116321.00
2014/08/27	4.22	4.22	4.03	4.10	30056044	124244008.00
2014/08/28	4.12	4.30	4.10	4.23	18290741	76966816.00
2014/08/29	4.23	4.44	4.20	4.41	20100672	87934080.00
2014/09/01	4.36	4.54	4.35	4.41	13290808	58821496.00
2014/09/02	4.52	4.63	4.44	4.60	20419995	93196528.00
2014/09/03	4.65	4.83	4.64	4.83	16148824	77449848.00
2014/09/04	5.05	5.07	4.95	5.07	7114837	35824440.00
2014/09/05	5.32	5.32	5.11	5.32	35289757	186124304.00
2014/09/09	5.31	5.59	5.25	5.59	17230123	95232640.00
2014/09/10	5.87	5.87	5.76	5.87	5330872	31200646.00
2014/09/11	6.16	6.16	6.16	6.16	904181	5569755.00
2014/09/19	6.46	6.47	5.93	6.06	40397144	254668128.00
2014/09/22	6.20	6.36	6.13	6.36	21659249	136447552.00
2014/09/23	6.55	6.68	6.35	6.52	19019489	125028960.00
2014/09/24	6.52	6.85	6.52	6.85	14825071	99650024.00
2014/09/25	6.90	7.19	6.85	7.19	13884018	98650000.00
2014/09/26	7.35	7.55	7.25	7.55	9234282	69312464.00
2014/09/29	7.93	7.93	7.91	7.93	3452395	27376180.00
2014/09/30	8.33	8.33	7.55	8.15	31088564	249589792.00
2014/10/08	8.40	8.50	7.74	7.74	20726366	165898784.00
2014/10/09	7.75	7.97	7.35	7.43	34580675	258893424.00
2014/10/10	7.10	7.15	7.06	7.06	13513528	95641000.00
2014/10/13	6.72	6.82	6.71	6.71	13277732	89286904.00
2014/10/14	6.89	7.05	6.78	7.05	10635131	73933344.00
2014/10/15	7.30	7.40	7.20	7.40	24667128	181867200.00
2014/10/16	7.43	7.72	7.03	7.03	24949138	183294960.00
2014/10/17	7.05	7.05	6.68	6.80	14041712	95918592.00
2014/10/20	6.59	7.08	6.58	6.95	10649821	72659592.00
2014/10/21	6.90	7.05	6.70	6.76	9640121	65939440.00
2014/10/22	6.77	6.92	6.70	6.76	8221376	55900684.00
2014/10/23	6.84	6.88	6.42	6.43	13203486	86700544.00
2014/10/24	6.30	6.52	6.20	6.43	7725059	49371964.00
2014/10/27	6.47	6.75	6.47	6.75	8817672	59195812.00
2014/10/28	6.78	6.97	6.69	6.83	9893565	67546552.00
2014/10/29	6.83	7.08	6.75	6.99	8848100	61674252.00
2014/10/30	6.95	7.07	6.80	6.92	7678235	53141860.00
2014/10/31	7.20	7.27	7.10	7.27	14957477	108550784.00
2014/11/03	7.29	7.36	7.03	7.11	11023835	79196496.00
2014/11/04	7.06	7.16	6.87	6.97	7907175	55185556.00
2014/11/05	6.96	7.16	6.85	7.02	5438435	38222040.00
2014/11/06	7.02	7.09	6.95	7.01	3814170	26701560.00
2014/11/07	7.04	7.11	6.80	6.86	7289210	50873100.00
2014/11/10	6.82	6.86	6.70	6.76	6453760	43649852.00
2014/11/11	6.80	6.84	6.42	6.46	10189188	66591876.00
2014/11/12	6.40	6.58	6.40	6.56	4651561	30204834.00
2014/11/13	6.60	6.62	6.39	6.40	4263113	27557872.00
2014/11/14	6.40	6.72	6.20	6.72	7091367	46013464.00
2014/11/17	6.81	7.00	6.69	6.91	8356224	57068016.00
2014/11/18	6.92	7.06	6.82	6.94	5178088	35966288.00
2014/11/19	6.93	7.00	6.88	6.94	3019855	20980056.00
2014/11/20	6.78	7.07	6.78	6.90	5014589	34757632.00
2014/11/21	6.87	7.16	6.85	7.04	5868501	41178096.00
2014/11/24	7.06	7.15	6.86	6.87	7371222	51445432.00
2014/11/25	6.84	6.97	6.81	6.88	4567935	31500150.00
2014/11/26	6.91	7.08	6.85	7.05	5886947	41014864.00
2014/11/27	7.01	7.27	6.99	7.13	7764420	55565432.00
2014/11/28	7.10	7.35	7.07	7.23	6999898	50710280.00
2014/12/01	7.22	7.59	7.04	7.59	15072869	111769224.00
2014/12/02	7.61	7.85	7.51	7.60	12202744	93354952.00
2014/12/03	7.60	7.75	7.41	7.51	10152194	76764544.00
2014/12/04	7.53	7.66	7.41	7.46	7823415	58843480.00
2014/12/05	7.41	7.42	7.09	7.09	12263712	87689368.00
2014/12/08	6.96	7.15	6.89	7.01	8281352	57906040.00
2014/12/09	6.70	6.90	6.66	6.66	10201756	68307656.00
2014/12/10	6.38	6.72	6.33	6.54	8388526	54031688.00
2014/12/11	6.50	6.68	6.43	6.65	5851910	38298736.00
2014/12/12	6.49	6.65	6.33	6.44	10591094	68369240.00
2014/12/15	6.36	6.42	6.12	6.32	7946407	49836848.00
2014/12/16	6.31	6.35	6.00	6.02	14093109	86830320.00
2014/12/17	6.00	6.00	5.72	5.72	17876144	103433280.00
2014/12/18	5.65	5.85	5.57	5.73	9586467	54968684.00
2014/12/19	5.72	5.80	5.65	5.70	7099007	40583632.00
2014/12/22	5.65	5.67	5.42	5.42	7066212	38726920.00
2014/12/23	5.20	5.69	5.20	5.69	8981570	48873132.00
2014/12/24	5.72	5.97	5.68	5.97	12214079	72418072.00
2014/12/25	6.05	6.15	5.91	5.99	7326941	43982672.00
2014/12/26	5.98	5.98	5.78	5.94	5094994	29926660.00
2014/12/29	5.92	5.92	5.64	5.64	5893482	33564920.00
2014/12/30	5.60	5.67	5.40	5.48	5347233	29343212.00
2014/12/31	5.45	5.65	5.45	5.57	2955153	16489046.00
2015/01/05	5.53	5.61	5.29	5.54	6544580	35482636.00
2015/01/06	5.46	5.64	5.41	5.59	4399491	24424592.00
2015/01/07	5.54	5.87	5.54	5.87	4319164	24682756.00
2015/01/08	5.94	6.14	5.86	5.87	7517896	45177632.00
2015/01/09	5.87	5.98	5.76	5.81	3484995	20421770.00
2015/01/12	5.98	6.10	5.85	6.03	9504300	57341992.00
2015/01/13	5.95	5.97	5.84	5.88	4781657	28171388.00
2015/01/14	5.83	5.94	5.80	5.90	2824609	16559959.00
2015/01/15	5.88	5.97	5.88	5.90	2119364	12537704.00
2015/01/16	5.88	5.94	5.87	5.90	2811460	16572325.00
2015/01/19	5.79	5.97	5.61	5.66	4677307	27217624.00
2015/01/20	5.66	5.84	5.63	5.80	2744662	15860538.00
2015/01/21	5.77	6.09	5.77	6.09	6633633	40259196.00
2015/01/22	6.12	6.17	6.05	6.10	5923030	36173980.00
2015/01/23	6.11	6.17	6.08	6.14	4476530	27395132.00
2015/01/26	6.07	6.35	6.05	6.28	5628846	35103656.00
2015/01/27	6.26	6.31	6.16	6.25	4595201	28630776.00
2015/01/28	6.26	6.56	6.22	6.47	9303108	60093956.00
2015/01/29	6.45	6.65	6.37	6.49	4898753	31973232.00
2015/01/30	6.41	6.49	6.21	6.24	5312574	33480420.00
2015/02/02	6.13	6.45	6.05	6.21	3804347	23778592.00
2015/02/03	6.22	6.50	6.22	6.39	4321855	27522844.00
2015/02/04	6.42	6.52	6.34	6.35	3536484	22704990.00
2015/02/05	6.36	6.46	6.29	6.29	4019019	25621056.00
2015/02/06	6.29	6.35	6.09	6.11	4505577	27868396.00
2015/02/09	6.10	6.14	6.04	6.07	2647809	16097501.00
2015/02/10	6.05	6.14	6.03	6.10	1963497	11953472.00
2015/02/11	6.09	6.16	5.97	6.12	4354957	26470186.00
2015/02/12	6.12	6.16	6.05	6.14	2555205	15597567.00
2015/02/13	6.13	6.38	6.12	6.22	3647330	22769572.00
2015/02/16	6.28	6.53	6.23	6.53	7179895	46632728.00
2015/02/17	6.54	6.77	6.51	6.69	5836075	38735116.00
2015/02/25	6.80	6.99	6.68	6.72	5621482	38366648.00
2015/02/26	6.74	6.88	6.72	6.79	3605893	24506112.00
2015/02/27	6.83	6.97	6.76	6.92	4182426	28879204.00
2015/03/02	6.97	7.20	6.97	7.19	5347493	37972912.00
2015/03/03	7.22	7.24	7.03	7.04	5930149	42083664.00
2015/03/04	6.93	6.98	6.72	6.88	8944425	61257428.00
2015/03/05	6.89	7.22	6.81	7.22	7626617	53141040.00
2015/03/06	7.15	7.46	7.15	7.33	9243009	68024352.00
2015/03/09	7.31	7.65	7.20	7.60	6754795	50601696.00
2015/03/10	7.53	7.78	7.48	7.52	7236310	55490504.00
2015/03/11	7.50	7.80	7.48	7.76	8643084	66627728.00
2015/03/12	7.81	8.15	7.73	8.14	9019726	72771552.00
2015/03/13	8.19	8.42	7.96	8.07	7570278	61943720.00
2015/03/16	8.10	8.33	8.10	8.33	7096362	58479728.00
2015/03/17	8.32	8.75	8.28	8.75	10857816	94045440.00
2015/03/18	8.80	9.10	8.75	9.03	8308555	74581608.00
2015/03/19	9.05	9.15	8.58	8.82	12613952	110718208.00
2015/03/20	8.81	9.06	8.72	8.92	8375114	74594768.00
2015/03/23	8.92	9.06	8.70	8.93	8194189	72822464.00
2015/03/24	8.95	9.01	8.50	8.78	9377685	82514872.00
2015/03/25	8.80	9.22	8.77	9.14	9878169	89711440.00
2015/03/26	9.14	9.33	8.90	9.05	6230107	56535568.00
2015/03/27	9.01	9.01	8.87	9.00	4039306	36152528.00
2015/03/30	8.55	8.55	8.55	8.55	1705900	14585445.00
2015/03/31	8.12	8.60	8.12	8.24	23281962	191853056.00
2015/04/01	8.20	8.35	8.12	8.26	11761040	96669624.00
2015/04/02	8.38	8.67	8.34	8.67	11402239	98045776.00
2015/04/03	8.85	9.10	8.80	9.10	13227679	119792432.00
2015/04/07	9.50	9.56	9.38	9.56	5763138	54945136.00
2015/04/08	10.04	10.04	9.38	10.04	10385708	103664648.00
2015/04/09	10.54	10.54	10.54	10.54	1798387	18955000.00
2015/04/10	11.07	11.07	10.73	11.07	4301868	47431416.00
2015/04/13	11.62	11.62	11.62	11.62	699303	8125901.00
2015/04/14	12.20	12.20	12.20	12.20	1520741	18553040.00
2015/04/15	12.81	12.81	12.40	12.81	15223453	194651712.00
2015/04/17	13.45	13.45	13.17	13.45	4203130	56419140.00
2015/04/20	14.12	14.12	14.12	14.12	1328406	18757092.00
2015/04/21	14.83	14.83	13.41	13.80	27839448	390669856.00
2015/04/22	13.88	14.49	13.88	14.49	3636891	52045984.00
2015/04/23	15.21	15.21	14.88	15.21	13879477	210856016.00
2015/04/24	15.56	15.97	15.11	15.97	9110217	144075408.00
2015/04/27	16.76	16.77	16.40	16.77	2474921	41453324.00
2015/04/28	17.61	17.61	17.38	17.61	6641020	116870040.00
2015/04/29	18.49	18.49	18.30	18.49	3788271	69995040.00
2015/04/30	19.41	19.41	19.41	19.41	1363128	26458314.00
2015/05/05	18.44	18.44	18.44	18.44	0	0.00
数据来源:通达信
