600298 安琪酵母 日线 前复权
      日期	    开盘	    最高	    最低	    收盘	    成交量	    成交额
2011/10/10	31.53	31.54	30.67	30.77	282531	8867730.00
2011/10/11	31.44	31.51	28.69	28.82	1765300	52969500.00
2011/10/12	28.76	29.53	28.23	29.29	3000906	88152432.00
2011/10/13	29.29	30.20	29.20	29.64	1192681	35932540.00
2011/10/14	29.72	29.88	28.35	29.33	2068320	60947496.00
2011/10/17	29.15	29.79	28.80	29.10	1567680	46508704.00
2011/10/18	29.00	29.00	27.15	27.21	2199321	62169936.00
2011/10/19	27.21	27.48	26.42	26.47	2002506	54564552.00
2011/10/20	26.69	26.69	25.77	25.99	1982135	52340584.00
2011/10/21	25.74	26.34	25.74	25.89	689729	18244990.00
2011/10/24	25.89	26.72	25.89	26.65	1101475	29543042.00
2011/10/25	26.66	27.60	26.65	27.55	1673953	46466228.00
2011/10/26	27.20	28.43	27.20	28.23	1635213	46758268.00
2011/10/27	28.10	28.63	27.70	27.91	1135992	32332044.00
2011/10/28	28.50	28.56	27.88	28.50	2191513	62815744.00
2011/10/31	28.54	28.93	28.06	28.55	1118713	32657792.00
2011/11/02	28.05	29.25	27.95	29.06	2266240	66154028.00
2011/11/03	29.20	29.99	29.05	29.46	2693593	80899376.00
2011/11/04	29.55	30.27	29.36	30.01	2203330	67003788.00
2011/11/07	30.03	30.55	29.57	29.65	917622	27946342.00
2011/11/08	29.57	29.85	29.38	29.56	503518	15125382.00
2011/11/09	29.56	29.80	28.86	29.55	2111922	62507996.00
2011/11/10	29.29	29.49	28.92	29.46	1016877	30120114.00
2011/11/11	29.51	30.05	29.08	29.60	1197331	36027232.00
2011/11/14	29.05	31.05	29.05	30.71	1911384	59340456.00
2011/11/15	30.60	31.45	30.55	31.43	1781591	56310344.00
2011/11/16	31.35	31.84	30.80	31.07	4242502	134664480.00
2011/11/17	31.05	31.35	30.04	30.36	1652238	51021476.00
2011/11/18	30.05	30.19	29.76	29.95	969073	29438156.00
2011/11/21	29.15	30.20	29.15	29.96	823630	24997148.00
2011/11/22	29.36	29.85	29.36	29.54	873214	26205448.00
2011/11/23	29.83	29.83	29.00	29.11	535324	15898442.00
2011/11/24	28.83	30.25	28.56	29.55	881094	26438328.00
2011/11/25	29.44	29.82	29.38	29.75	1018344	30611660.00
2011/11/28	29.76	30.05	29.45	29.98	753565	22798924.00
2011/11/29	29.90	32.65	29.90	31.25	2435391	77578656.00
2011/11/30	31.25	31.82	30.50	31.40	1486989	47102000.00
2011/12/01	31.75	32.49	31.31	31.56	1952196	62972516.00
2011/12/02	31.54	32.53	31.45	32.40	4161474	136492336.00
2011/12/05	32.40	32.55	31.16	31.70	1280607	41176252.00
2011/12/06	31.25	31.93	30.90	31.71	1673503	53080668.00
2011/12/07	31.32	32.40	31.08	31.54	950957	30378340.00
2011/12/08	31.45	31.85	30.86	31.48	916097	29272924.00
2011/12/09	31.20	31.48	30.53	31.43	1310891	40960412.00
2011/12/12	31.34	32.47	31.34	32.18	2328381	75602832.00
2011/12/13	32.14	32.24	30.55	32.04	2475695	78290720.00
2011/12/14	31.21	31.97	30.63	31.86	1668046	52818152.00
2011/12/15	31.86	32.15	30.93	31.43	1397639	44697784.00
2011/12/16	31.07	31.62	30.55	31.42	1390204	43612872.00
2011/12/19	31.10	31.10	28.65	30.24	2468531	74750624.00
2011/12/20	29.88	30.23	29.25	30.07	1120876	33892048.00
2011/12/21	29.72	30.38	29.05	29.64	929204	28164736.00
2011/12/22	28.89	29.56	26.96	29.52	2552042	73083456.00
2011/12/23	28.85	29.76	28.67	29.59	664700	19869304.00
2011/12/26	29.35	29.58	29.09	29.24	325310	9698256.00
2011/12/27	29.33	29.33	28.05	28.37	254419	7384015.00
2011/12/28	28.35	29.55	26.75	28.55	1816308	51657464.00
2011/12/29	28.05	28.55	28.05	28.33	633119	18234352.00
2011/12/30	27.86	29.15	27.86	28.96	747230	21655084.00
2012/01/04	29.20	29.71	28.80	28.95	852922	25390614.00
2012/01/05	28.74	28.95	26.01	26.93	1180867	32668800.00
2012/01/06	26.43	27.04	25.95	26.99	746917	20033088.00
2012/01/09	27.01	27.74	26.63	27.59	1294283	36027776.00
2012/01/10	27.76	29.00	27.63	28.92	793496	22801324.00
2012/01/11	28.95	29.40	28.06	28.68	406148	11861718.00
2012/01/12	28.55	28.97	28.30	28.57	494206	14348571.00
2012/01/13	29.10	29.10	27.15	27.80	809449	22916692.00
2012/01/16	27.55	27.55	24.98	24.98	1330561	35016144.00
2012/01/17	25.25	25.83	23.45	25.15	2128187	53403068.00
2012/01/18	25.20	25.50	23.35	23.64	3617294	88453488.00
2012/01/19	23.65	24.63	23.26	24.47	1927861	47229624.00
2012/01/20	24.55	25.65	24.55	25.38	3283989	84348856.00
2012/01/30	25.25	25.60	24.86	25.11	2392003	61740764.00
2012/01/31	25.15	25.24	25.04	25.19	899915	23019342.00
2012/02/01	24.87	25.95	24.87	25.54	1136625	29673168.00
2012/02/02	25.65	26.05	25.46	25.95	1135369	29597744.00
2012/02/03	26.00	27.16	25.85	26.58	1749566	47353668.00
2012/02/06	26.55	27.07	26.36	26.89	1351752	36905732.00
2012/02/07	26.45	27.19	26.40	27.00	1512393	41506796.00
2012/02/08	26.83	27.61	26.70	27.40	862990	23867360.00
2012/02/09	27.07	27.53	27.07	27.32	837060	23263642.00
2012/02/10	27.25	27.32	26.76	27.16	752925	20729084.00
2012/02/13	27.10	27.95	26.66	27.85	948336	26338984.00
2012/02/14	27.85	27.95	27.51	27.75	485001	13662747.00
2012/02/15	27.67	27.85	27.55	27.74	501171	14119970.00
2012/02/16	27.73	27.73	27.05	27.09	2479378	68739784.00
2012/02/17	26.87	27.08	26.64	26.68	1303406	35585800.00
2012/02/20	26.96	27.15	26.16	26.22	3201230	86365704.00
2012/02/21	26.22	26.71	26.22	26.65	2624130	70825816.00
2012/02/22	26.43	26.95	26.41	26.90	2381808	64709688.00
2012/02/23	26.93	27.40	26.90	26.97	3643213	100464808.00
2012/02/24	27.03	27.89	27.03	27.86	3877423	108562496.00
2012/02/27	27.98	28.13	27.44	27.59	5224600	146877904.00
2012/02/28	27.54	27.69	26.55	27.03	3602105	99940448.00
2012/02/29	26.90	27.03	26.65	26.68	2786490	75973552.00
2012/03/01	26.15	26.65	26.15	26.35	2620713	70153896.00
2012/03/02	26.35	26.92	26.31	26.74	2667532	72143312.00
2012/03/05	26.88	27.65	26.88	27.63	4788630	133001848.00
2012/03/06	27.55	27.90	27.44	27.69	5147321	144851824.00
2012/03/07	27.55	27.73	27.30	27.72	3080132	86291640.00
2012/03/08	27.75	28.80	27.68	28.65	3559045	102246608.00
2012/03/09	28.63	28.75	28.23	28.51	3115109	90059632.00
2012/03/12	28.13	29.92	27.65	29.33	7262137	214466032.00
2012/03/13	29.16	30.80	29.15	30.64	7817082	241361440.00
2012/03/14	30.55	30.82	29.56	29.94	3570195	109327136.00
2012/03/15	29.56	30.45	29.08	29.92	4156293	126478944.00
2012/03/16	29.83	30.70	29.65	30.59	2291360	70070664.00
2012/03/19	30.55	30.59	29.65	30.11	1988168	60395548.00
2012/03/20	30.03	30.23	29.20	29.26	1626171	49168504.00
2012/03/21	29.27	29.94	28.23	28.81	2532706	73860016.00
2012/03/22	28.56	28.85	28.15	28.52	687193	19840228.00
2012/03/23	28.45	29.15	28.08	28.75	1369178	40112276.00
2012/03/26	28.80	29.12	28.27	28.55	667784	19445976.00
2012/03/27	28.55	28.84	27.73	27.98	1476684	42521376.00
2012/03/28	27.95	27.95	26.22	26.43	2388286	65018676.00
2012/03/29	26.23	26.43	25.83	26.19	1360228	36261248.00
2012/04/05	26.23	26.93	26.23	26.83	1130475	30758036.00
2012/04/06	27.04	27.40	26.83	27.24	1960603	54009232.00
2012/04/09	27.15	27.29	26.05	27.01	1016858	27875364.00
2012/04/11	26.65	27.35	26.65	27.12	820874	22608424.00
2012/04/12	27.32	27.42	26.85	27.25	1660762	45821520.00
2012/04/13	27.45	28.35	27.35	28.17	4027002	114243712.00
2012/04/16	27.94	28.16	27.59	27.69	2331134	65882724.00
2012/04/17	27.73	28.03	27.13	27.22	2126165	59474240.00
2012/04/18	27.40	28.04	27.24	27.93	1976268	55639348.00
2012/04/19	27.94	28.25	27.25	28.08	3078463	86735728.00
2012/04/20	28.10	28.48	27.71	27.91	3996897	113890752.00
2012/04/23	27.56	27.90	26.74	26.81	3750041	103331224.00
2012/04/24	26.44	26.88	26.01	26.45	1874572	50349564.00
2012/04/25	26.40	26.73	26.07	26.52	1143078	30745744.00
2012/04/26	26.60	26.83	26.35	26.60	880782	23733824.00
2012/04/27	26.60	26.70	25.63	25.86	2486609	65655632.00
2012/05/02	26.14	26.27	25.55	25.90	2948487	77817416.00
2012/05/03	25.93	26.65	25.88	26.62	3039732	81043688.00
2012/05/04	26.62	26.92	26.47	26.82	2167113	58957784.00
2012/05/07	26.95	27.45	26.74	27.40	2866418	79252120.00
2012/05/08	27.43	27.45	27.05	27.35	1263425	34996008.00
2012/05/09	27.20	27.20	26.53	26.88	1890044	51519656.00
2012/05/10	26.75	27.03	26.66	26.86	1191800	32527216.00
2012/05/11	26.89	26.89	26.33	26.42	1681647	45447824.00
2012/05/14	26.71	26.85	25.93	26.16	2858043	75994512.00
2012/05/15	26.05	26.06	25.54	25.77	1738006	45419996.00
2012/05/16	25.79	26.09	25.28	26.08	2215631	57998000.00
2012/05/17	26.08	26.27	25.85	26.16	1416295	37695352.00
2012/05/18	26.05	26.24	25.55	25.73	1493759	39369328.00
2012/05/21	25.66	25.90	25.44	25.72	870589	22728272.00
2012/05/22	25.88	26.21	25.71	26.09	771194	20245124.00
2012/05/23	26.01	26.38	26.01	26.23	1675547	44426092.00
2012/05/24	26.10	26.38	26.10	26.33	860799	22833692.00
2012/05/25	26.26	26.35	25.72	26.27	1439849	38054528.00
2012/05/28	26.27	26.34	25.65	25.97	1090951	28481976.00
2012/05/29	26.20	26.20	25.78	26.00	1922163	50493712.00
2012/05/30	25.99	25.99	25.56	25.60	1496786	38988884.00
2012/05/31	25.52	26.00	25.33	25.60	1637554	42610976.00
2012/06/01	25.61	26.09	25.61	26.06	1764470	46216688.00
2012/06/04	25.70	26.06	25.60	25.64	890411	23239080.00
2012/06/05	25.64	25.98	25.60	25.77	713304	18593442.00
2012/06/06	25.90	26.02	25.45	25.53	859732	22392790.00
2012/06/07	25.78	25.79	25.28	25.30	1230280	31697724.00
2012/06/08	25.55	25.55	24.61	24.81	2228774	56006752.00
2012/06/11	24.81	25.33	24.64	25.23	1254190	31780156.00
2012/06/12	25.10	25.10	23.68	23.78	3166961	77155528.00
2012/06/13	23.91	23.96	23.28	23.88	3167264	75934632.00
2012/06/14	23.84	24.51	23.65	24.40	3483236	85256464.00
2012/06/15	24.41	24.86	24.20	24.44	1741959	43349092.00
2012/06/18	24.72	24.90	24.41	24.49	1788784	44626688.00
2012/06/19	24.50	25.26	24.50	25.10	4003392	101637896.00
2012/06/20	25.27	25.45	25.02	25.26	1480281	37804328.00
2012/06/21	25.25	25.28	24.90	25.12	1277091	32467318.00
2012/06/25	25.01	25.09	23.80	24.59	806103	20055580.00
2012/06/26	24.51	24.51	23.88	24.41	366133	8980571.00
2012/06/27	24.39	24.86	24.15	24.24	691101	17188512.00
2012/06/28	24.20	24.38	23.65	23.68	981599	23767868.00
2012/06/29	23.48	24.39	23.36	24.31	664999	16079621.00
2012/07/02	24.34	25.12	23.91	25.03	1572945	39177992.00
2012/07/03	25.00	25.06	23.72	24.18	2660487	66193676.00
2012/07/04	24.29	24.32	23.75	24.16	2523731	61155572.00
2012/07/05	23.95	24.20	23.65	23.79	916612	22147896.00
2012/07/06	23.98	24.50	23.55	24.35	2010189	48892280.00
2012/07/09	24.28	24.78	23.92	24.51	2172802	53931812.00
2012/07/10	24.28	24.90	24.28	24.68	1804699	45086424.00
2012/07/11	24.68	24.90	24.19	24.89	874342	21728102.00
2012/07/12	24.87	26.16	24.62	26.08	4559941	118549928.00
2012/07/13	26.00	26.16	25.72	26.15	1776226	46658632.00
2012/07/16	26.06	26.41	25.48	25.63	2698955	70955840.00
2012/07/17	25.42	25.90	25.33	25.68	1284544	33266824.00
2012/07/18	25.68	25.70	25.08	25.70	1667823	42786260.00
2012/07/19	25.62	26.30	25.40	26.25	2075220	54885048.00
2012/07/20	26.20	26.40	26.01	26.18	1427011	37838080.00
2012/07/23	26.10	26.10	25.14	25.43	880868	22677720.00
2012/07/24	25.12	25.58	24.99	25.15	1815064	46175256.00
2012/07/25	25.15	25.66	24.99	25.61	1351536	34783328.00
2012/07/26	25.59	25.81	25.26	25.32	1003822	25971962.00
2012/07/27	25.26	25.61	24.60	24.93	1411158	35753184.00
2012/07/30	24.78	24.97	24.21	24.29	750779	18640620.00
2012/07/31	24.28	24.29	23.15	23.66	1865235	44534520.00
2012/08/01	23.45	23.94	23.10	23.18	2229230	52846816.00
2012/08/02	22.77	23.38	22.50	23.05	1197573	27878840.00
2012/08/03	23.05	23.37	23.05	23.28	717630	16882520.00
2012/08/06	23.28	23.90	23.20	23.68	1353206	32260688.00
2012/08/07	23.70	23.90	23.50	23.71	799469	19181900.00
2012/08/08	23.70	23.82	23.23	23.57	1266730	30124476.00
2012/08/09	23.51	23.86	23.35	23.83	1342098	32182412.00
2012/08/10	23.80	23.99	23.70	23.93	1121799	27096772.00
2012/08/13	24.09	24.09	23.10	23.19	1195371	28411236.00
2012/08/14	23.10	23.28	22.91	23.14	1149911	26845618.00
2012/08/15	23.00	23.00	21.28	21.49	5241646	115676200.00
2012/08/16	21.50	22.00	21.18	21.79	2524262	54956012.00
2012/08/17	21.69	21.69	21.19	21.36	2152661	46705676.00
2012/08/20	21.42	21.42	20.55	21.05	2544707	53844024.00
2012/08/21	20.92	21.51	20.92	21.50	2783682	59985036.00
2012/08/22	21.52	21.52	21.25	21.38	1335722	28936750.00
2012/08/23	21.35	21.47	21.10	21.28	1370059	29526326.00
2012/08/24	21.11	21.17	20.77	21.11	1169242	24855096.00
2012/08/27	20.94	20.95	20.55	20.59	677437	14213887.00
2012/08/28	20.59	20.95	20.48	20.55	868948	18227880.00
2012/08/29	20.50	20.80	20.49	20.57	560816	11738621.00
2012/08/30	20.67	20.79	20.30	20.51	544497	11359402.00
2012/08/31	20.60	20.80	20.53	20.59	736187	15412386.00
2012/09/03	20.58	20.95	20.40	20.83	1137180	23951972.00
2012/09/04	20.75	20.91	20.53	20.69	984426	20663108.00
2012/09/05	20.68	20.85	20.51	20.56	848701	17765340.00
2012/09/06	20.55	20.80	20.11	20.20	1963907	40420152.00
2012/09/07	20.48	21.25	20.34	21.02	4415594	93359896.00
2012/09/10	21.03	21.09	20.88	21.00	2701675	57484204.00
2012/09/11	20.97	21.50	20.73	21.44	3104996	66806676.00
2012/09/12	21.44	21.78	21.34	21.46	2029340	44272804.00
2012/09/13	21.50	21.50	20.90	20.92	1968136	42313196.00
2012/09/14	21.01	21.24	20.78	20.89	1349243	28664660.00
2012/09/17	20.85	21.06	20.41	20.43	1298752	27315472.00
2012/09/18	20.49	20.72	20.40	20.45	977994	20382922.00
2012/09/19	20.40	20.80	20.31	20.70	1374718	28782158.00
2012/09/20	20.70	20.70	19.87	19.88	1673676	34298568.00
2012/09/21	19.88	19.99	19.61	19.65	811752	16321504.00
2012/09/24	19.48	19.71	19.20	19.70	798432	15766547.00
2012/09/25	19.60	19.85	19.14	19.18	1036958	20430832.00
2012/09/26	19.20	19.30	18.91	18.95	1698230	32835996.00
2012/09/27	18.95	19.44	18.90	19.29	1452599	28273644.00
2012/09/28	19.21	19.88	19.21	19.81	1509471	29975792.00
2012/10/08	19.83	19.89	19.52	19.61	987786	19667462.00
2012/10/09	19.61	20.05	19.61	20.02	1561623	31642234.00
2012/10/10	20.04	20.04	19.81	20.04	1297780	26258034.00
2012/10/11	20.00	20.31	19.87	20.06	1440921	29510142.00
2012/10/12	20.07	20.20	19.47	19.54	2296299	45865648.00
2012/10/15	19.50	19.62	19.35	19.44	547014	10806288.00
2012/10/16	19.30	19.90	19.30	19.63	1087542	21701174.00
2012/10/17	19.63	19.87	19.46	19.74	930492	18565812.00
2012/10/18	19.70	20.15	19.58	20.12	2166782	43746248.00
2012/10/19	20.03	20.22	19.97	20.00	957311	19484596.00
2012/10/22	19.85	20.00	19.46	19.81	1880020	37547032.00
2012/10/23	19.80	19.88	19.38	19.40	2060362	40950856.00
2012/10/24	19.35	19.35	18.53	18.59	4132399	79358976.00
2012/10/25	18.67	18.70	17.99	18.03	2969587	55250216.00
2012/10/26	17.90	17.95	16.33	16.84	10210245	174950080.00
2012/10/29	16.64	16.65	16.35	16.54	3078145	51745188.00
2012/10/30	16.54	16.87	16.54	16.86	3968779	67362416.00
2012/10/31	16.70	17.04	16.70	16.83	3554451	61125712.00
2012/11/01	16.83	17.14	16.78	16.91	2346246	40440036.00
2012/11/02	16.95	16.97	16.48	16.90	2618874	44685344.00
2012/11/05	16.89	16.95	16.70	16.73	2236530	38271988.00
2012/11/06	16.72	16.80	16.41	16.57	1370588	23055640.00
2012/11/07	16.57	16.68	16.50	16.59	817777	13809571.00
2012/11/08	16.50	16.50	15.99	16.01	1651786	27273512.00
2012/11/09	15.95	16.06	15.57	15.60	1790381	28711428.00
2012/11/12	15.61	16.20	15.55	16.11	1450495	23405220.00
2012/11/13	16.09	16.10	15.77	15.87	802380	13004034.00
2012/11/14	15.73	16.15	15.71	15.85	1745281	28241158.00
2012/11/15	15.84	15.84	14.70	15.40	2872963	44589284.00
2012/11/16	15.20	15.22	14.60	14.75	2735890	41287244.00
2012/11/19	14.74	14.78	14.38	14.67	1696041	25175028.00
2012/11/20	14.64	14.77	14.50	14.61	936305	13980183.00
2012/11/21	14.52	14.88	14.30	14.86	2397395	35706184.00
2012/11/22	14.82	14.82	14.46	14.55	2128107	31785866.00
2012/11/23	14.50	14.79	14.47	14.53	1847409	27555186.00
2012/11/26	14.54	14.54	13.93	13.96	2665131	38485720.00
2012/11/27	13.94	13.94	13.08	13.15	3412004	46680176.00
2012/11/28	13.08	13.19	12.97	13.05	2081342	27848494.00
2012/11/29	13.10	13.17	12.71	12.77	2983674	39524940.00
2012/11/30	12.70	12.95	12.66	12.78	2909102	38149676.00
2012/12/03	12.72	12.82	12.15	12.20	3868696	49269648.00
2012/12/04	12.15	12.52	11.80	12.45	5649183	70209600.00
2012/12/05	12.36	13.16	12.31	12.96	6921995	91001880.00
2012/12/06	12.88	13.44	12.81	13.29	7181332	96933504.00
2012/12/07	13.26	13.97	13.21	13.89	8872885	123540784.00
2012/12/10	13.92	14.40	13.89	14.22	9316762	134847600.00
2012/12/11	14.18	14.42	14.01	14.14	5979941	86817880.00
2012/12/12	14.14	14.24	13.46	13.82	9820255	138346992.00
2012/12/13	13.73	13.79	13.38	13.50	4403693	61009192.00
2012/12/14	13.48	14.85	13.44	14.82	12959053	188411008.00
2012/12/17	14.82	15.40	14.70	15.02	10501874	161016592.00
2012/12/18	15.02	15.14	14.58	14.72	7739212	117790896.00
2012/12/19	14.72	14.97	14.58	14.85	6382426	96246696.00
2012/12/20	14.79	15.10	14.52	15.08	7920418	119214648.00
2012/12/21	15.07	15.50	14.79	14.91	7662378	117946944.00
2012/12/24	14.83	14.92	14.66	14.76	5066392	76431184.00
2012/12/25	14.70	15.76	14.60	15.68	11012600	172090560.00
2012/12/26	15.60	16.09	15.52	15.96	8775412	141597584.00
2012/12/27	16.04	16.16	15.59	15.65	5773241	92667488.00
2012/12/28	15.61	15.88	15.55	15.78	4318301	69194096.00
2012/12/31	15.80	16.49	15.80	16.03	5792076	95536392.00
2013/01/04	16.20	16.30	15.53	15.63	6860056	110040272.00
2013/01/07	15.60	16.66	15.58	16.56	8134050	135037120.00
2013/01/08	16.47	16.87	16.20	16.72	7661013	129303328.00
2013/01/09	16.61	17.24	16.53	16.95	6976271	119636624.00
2013/01/10	16.90	17.49	16.78	17.06	6878913	120208824.00
2013/01/11	17.09	17.16	16.25	16.41	7929502	133857456.00
2013/01/14	16.30	17.28	16.27	17.22	7398654	126635840.00
2013/01/15	17.25	17.59	17.11	17.38	5955598	105355952.00
2013/01/16	17.32	17.48	16.70	17.06	6926341	120020248.00
2013/01/17	17.00	17.00	16.41	16.45	6719392	113592464.00
2013/01/18	16.52	16.80	16.19	16.77	8332460	139976960.00
2013/01/21	16.77	16.77	16.40	16.56	5813411	97903104.00
2013/01/22	16.55	16.89	16.01	16.34	6836352	114598576.00
2013/01/23	16.20	16.29	15.79	16.08	7127897	116168784.00
2013/01/24	16.08	16.25	15.30	15.59	10201106	164276480.00
2013/01/25	15.45	15.77	15.45	15.54	3559086	56517804.00
2013/01/28	15.51	16.30	15.51	16.27	7116719	115198848.00
2013/01/29	16.29	16.34	16.00	16.28	5837319	96152008.00
2013/01/30	16.40	16.45	15.89	16.11	5124557	84078000.00
2013/01/31	16.11	16.68	16.03	16.40	8393843	139402368.00
2013/02/01	16.37	16.37	16.02	16.23	6059487	99769536.00
2013/02/04	16.20	17.18	16.20	16.51	8533355	144177936.00
2013/02/05	16.41	17.52	16.34	17.50	14895879	259328112.00
2013/02/06	17.65	17.87	17.33	17.57	9878497	176626240.00
2013/02/07	17.51	17.57	17.12	17.54	6723648	118454192.00
2013/02/08	17.44	18.40	17.43	18.12	9144071	168566448.00
2013/02/18	18.31	18.89	18.13	18.16	8867452	167106960.00
2013/02/19	17.98	18.29	17.55	17.80	6663611	120798240.00
2013/02/20	17.70	18.82	17.52	18.76	9029897	167020480.00
2013/02/21	18.50	19.15	18.20	18.90	11208503	212905840.00
2013/02/22	18.80	19.47	18.45	18.53	9802775	188381088.00
2013/02/25	18.80	18.80	18.20	18.56	5328955	100098728.00
2013/02/26	18.40	18.71	17.80	17.83	6836687	127058480.00
2013/02/27	17.87	18.05	17.30	17.62	6437851	115400784.00
2013/02/28	17.69	18.16	17.53	18.11	5971379	108874320.00
2013/03/01	18.20	18.52	18.06	18.28	5969040	110826152.00
2013/03/04	18.20	18.27	17.38	17.50	6691208	121411312.00
2013/03/05	17.40	18.05	17.26	18.00	5206776	93524696.00
2013/03/06	18.13	18.57	17.87	18.55	8272715	153672096.00
2013/03/07	18.57	18.93	17.70	18.33	9739714	182629088.00
2013/03/08	18.23	18.70	17.63	17.83	6667637	122336760.00
2013/03/11	17.75	17.83	17.41	17.55	4973524	88953424.00
2013/03/12	17.52	18.07	17.01	17.52	7074682	126345696.00
2013/03/13	17.38	17.46	16.81	17.01	4136603	71887104.00
2013/03/14	16.88	17.20	16.68	16.84	4470802	76667336.00
2013/03/15	16.90	17.25	16.67	16.87	4194704	72477432.00
2013/03/18	16.75	17.17	16.62	16.86	3938657	67722160.00
2013/03/19	16.90	17.10	16.60	16.95	2852923	49025240.00
2013/03/20	17.15	18.34	17.10	18.26	10055162	182037040.00
2013/03/21	17.82	18.48	17.66	18.40	13600231	250178736.00
2013/03/22	18.33	18.64	18.03	18.27	7475102	139165440.00
2013/03/25	18.29	18.47	18.12	18.30	4255311	78930352.00
2013/03/26	18.33	18.33	17.62	17.84	6601748	119707288.00
2013/03/27	17.88	18.05	17.70	17.92	4427634	80443288.00
2013/03/28	17.76	17.76	16.90	16.93	5350358	93861272.00
2013/03/29	16.90	17.04	16.50	16.51	4335173	74208200.00
2013/04/01	16.40	16.92	16.40	16.66	2755252	46736592.00
2013/04/02	16.65	17.05	16.55	16.78	2606246	44510572.00
2013/04/03	16.82	16.99	16.37	16.47	2875119	48516188.00
2013/04/08	16.28	16.28	15.64	16.20	4162246	67287176.00
2013/04/09	16.15	16.47	16.10	16.34	2272865	37820912.00
2013/04/10	16.34	16.75	16.30	16.55	3221687	54151352.00
2013/04/11	16.70	16.79	16.52	16.60	2271872	38483360.00
2013/04/12	16.60	16.80	16.29	16.30	2226909	37587612.00
2013/04/15	16.32	16.32	15.70	15.75	2077162	33481188.00
2013/04/16	15.44	15.89	15.40	15.83	2645094	42273672.00
2013/04/17	15.80	15.93	15.60	15.84	1528532	24605648.00
2013/04/18	15.84	15.90	15.37	15.40	3267484	51888848.00
2013/04/19	15.40	16.18	15.40	16.06	4397020	71304208.00
2013/04/22	15.85	15.94	15.56	15.83	4386884	70458920.00
2013/04/23	15.82	15.82	15.05	15.10	4671408	73125744.00
2013/04/24	15.10	15.35	14.83	15.27	4316736	66590792.00
2013/04/25	15.24	15.24	14.55	14.56	5137064	77569408.00
2013/04/26	14.50	14.68	13.84	13.87	4654095	67454184.00
2013/05/02	13.86	13.98	13.71	13.90	1960559	27729588.00
2013/05/03	13.97	14.42	13.90	14.32	2738814	39902216.00
2013/05/06	14.22	14.92	14.22	14.90	3965554	59756796.00
2013/05/07	14.87	15.26	14.80	14.99	3652086	56185672.00
2013/05/08	15.00	15.20	14.76	14.97	2636537	40147928.00
2013/05/09	14.91	15.37	14.83	15.36	3780509	58073204.00
2013/05/10	15.29	15.70	15.15	15.50	4110713	65151260.00
2013/05/13	15.59	15.68	15.31	15.40	2525830	39797312.00
2013/05/14	15.35	15.50	15.00	15.12	2079692	32227580.00
2013/05/15	15.07	15.44	15.00	15.42	2130210	33120744.00
2013/05/16	15.42	15.78	15.25	15.75	3764216	59997412.00
2013/05/17	15.76	15.96	15.60	15.84	3458882	55817132.00
2013/05/20	15.99	16.33	15.78	16.22	4629771	76109088.00
2013/05/21	16.23	16.97	16.18	16.92	7556432	128637056.00
2013/05/22	16.86	17.34	16.54	16.69	6142760	105721072.00
2013/05/23	16.67	16.95	16.40	16.43	4537197	77125968.00
2013/05/24	16.48	16.90	16.24	16.87	4477750	75726216.00
2013/05/27	16.76	17.05	16.68	16.88	4226456	72422792.00
2013/05/28	16.88	17.08	16.48	17.06	4227533	72201320.00
2013/05/29	17.11	17.20	16.74	16.79	4023018	69184400.00
2013/05/30	16.70	16.82	16.55	16.65	3292639	55905696.00
2013/05/31	16.72	16.79	16.38	16.52	3825192	64538640.00
2013/06/03	16.51	16.63	15.99	16.05	4155908	68332992.00
2013/06/04	15.99	16.00	15.33	15.54	4439044	69936656.00
2013/06/05	15.54	16.95	15.48	16.85	6643843	108745656.00
2013/06/06	17.05	18.31	16.87	17.80	24046839	432194848.00
2013/06/07	17.73	17.73	17.06	17.35	10444554	182399248.00
2013/06/13	17.04	18.23	15.86	18.15	16269426	288741440.00
2013/06/14	18.10	18.54	17.76	18.38	17318394	317197472.00
2013/06/17	18.43	18.45	17.50	17.53	12591279	227921312.00
2013/06/18	17.50	18.34	17.50	17.61	11235377	202163824.00
2013/06/19	17.65	18.96	17.06	18.89	18359653	335049504.00
2013/06/20	18.83	19.45	18.34	18.38	21064668	401448640.00
2013/06/21	17.17	20.23	17.17	19.96	27568896	530481952.00
2013/06/24	19.55	21.53	19.15	20.77	31639814	641876224.00
2013/06/25	20.25	20.65	18.68	19.82	27253628	546286400.00
2013/06/26	19.18	20.71	18.73	20.58	30078321	602693056.00
2013/06/27	20.25	20.53	18.51	18.75	25979690	513411168.00
2013/06/28	18.35	19.04	16.94	17.23	23624079	426604384.00
2013/07/01	16.96	17.53	16.71	17.47	12802897	222963872.00
2013/07/02	17.37	18.44	17.18	18.23	16018639	291621664.00
2013/07/03	18.32	18.84	17.87	18.52	15620257	289919936.00
2013/07/04	18.28	18.44	17.85	18.05	11032061	201523184.00
2013/07/05	18.05	18.55	17.87	18.07	8934246	164345504.00
2013/07/08	17.60	17.71	16.25	16.25	12730086	217306320.00
2013/07/09	15.91	16.30	15.30	15.76	10367035	164787248.00
2013/07/10	15.75	16.26	15.45	16.20	8934611	143192336.00
2013/07/11	16.05	16.76	15.95	16.55	12031380	199085872.00
2013/07/12	16.37	16.63	15.75	15.83	9064240	148630400.00
2013/07/15	15.76	16.43	15.76	16.02	7531015	122604368.00
2013/07/16	16.05	16.85	16.03	16.81	11466729	190899600.00
2013/07/17	16.83	17.15	16.46	16.58	9229718	156313456.00
2013/07/18	16.45	16.45	15.38	15.80	10080328	160985168.00
2013/07/19	15.75	15.80	14.66	14.81	10712376	164967920.00
2013/07/22	14.46	15.27	14.22	15.26	5933420	89055256.00
2013/07/23	15.29	15.64	15.15	15.44	7228576	112716880.00
2013/07/24	15.35	15.95	15.29	15.63	6922563	109528328.00
2013/07/25	15.64	15.64	15.14	15.32	5164955	80184552.00
2013/07/26	15.18	15.37	14.81	14.95	4568787	69361952.00
2013/07/29	14.85	15.30	14.75	15.13	4137768	62985352.00
2013/07/30	15.12	15.50	14.98	15.36	4883043	75621152.00
2013/07/31	15.37	15.85	15.37	15.74	7065026	111715328.00
2013/08/01	15.77	15.83	15.53	15.80	5997684	95109032.00
2013/08/02	15.82	16.03	15.59	15.67	5023943	79983136.00
2013/08/05	15.66	15.92	15.66	15.90	4111857	65638184.00
2013/08/06	15.90	15.98	15.65	15.88	5081030	81086248.00
2013/08/07	15.88	15.88	15.27	15.33	6891541	108322576.00
2013/08/08	15.30	15.44	15.15	15.32	3527311	54553352.00
2013/08/09	15.36	15.75	15.35	15.73	5809474	91558656.00
2013/08/12	15.82	16.22	15.65	16.18	9008078	145245088.00
2013/08/13	16.19	16.44	16.09	16.22	6398839	104950048.00
2013/08/14	16.31	16.32	15.95	16.01	5211598	84649008.00
2013/08/15	15.95	16.18	15.66	15.75	5004146	80730864.00
2013/08/16	15.57	16.06	15.46	15.51	5961380	94626416.00
2013/08/19	15.35	15.70	15.31	15.66	3294981	51697312.00
2013/08/20	15.60	15.77	15.42	15.48	4242932	66761748.00
2013/08/21	15.43	15.57	15.35	15.48	2881964	45010712.00
2013/08/22	15.40	15.55	15.36	15.38	2794696	43585564.00
2013/08/23	15.49	16.25	15.46	16.22	11019486	177397504.00
2013/08/26	16.25	16.44	16.04	16.32	8362528	137104576.00
2013/08/27	16.22	16.53	16.00	16.42	6570142	107862504.00
2013/08/28	16.25	16.29	15.96	16.01	5147289	83965240.00
2013/08/29	15.95	16.18	15.94	16.12	3366824	54549624.00
2013/08/30	16.13	16.28	15.92	16.07	4718551	76668968.00
2013/09/02	15.96	16.13	15.75	16.04	3527649	56805200.00
2013/09/03	16.05	16.42	16.00	16.36	5722157	94208888.00
2013/09/04	16.38	16.38	16.12	16.24	3945738	64637300.00
2013/09/05	16.27	16.64	16.25	16.45	6300897	104758936.00
2013/09/06	16.34	16.47	16.12	16.27	3949600	64823552.00
2013/09/09	16.19	16.53	16.12	16.36	5639677	92763784.00
2013/09/10	16.45	17.09	16.20	16.97	10146516	170658672.00
2013/09/11	16.96	17.22	16.70	16.89	8141889	139311808.00
2013/09/12	16.85	17.26	16.72	17.05	6551430	112408288.00
2013/09/13	17.05	17.67	16.93	17.42	7897441	138395760.00
2013/09/16	17.33	17.65	17.14	17.14	5024188	87576384.00
2013/09/17	17.23	17.28	16.50	16.52	5908339	99937784.00
2013/09/18	16.52	16.94	16.48	16.78	3351971	56448928.00
2013/09/23	16.77	16.84	16.55	16.79	3809094	64168308.00
2013/09/24	16.85	16.89	16.28	16.31	5636022	93662784.00
2013/09/25	16.31	16.57	15.90	15.98	6270497	102526240.00
2013/09/26	15.93	16.13	15.86	15.88	4655689	75112968.00
2013/09/27	15.88	16.91	15.87	16.13	6124597	100110944.00
2013/09/30	16.20	16.25	15.90	16.07	3424043	55428056.00
2013/10/08	15.93	16.25	15.93	16.17	3990341	64930396.00
2013/10/09	16.23	16.82	16.21	16.74	7038529	117695368.00
2013/10/10	16.60	16.85	16.44	16.47	5037001	84294872.00
2013/10/11	16.42	17.20	16.42	17.17	9627619	164325808.00
2013/10/14	17.17	17.37	16.91	17.24	6447080	111364704.00
2013/10/15	17.20	17.60	16.96	17.06	7780306	135790240.00
2013/10/16	17.02	17.07	16.42	16.53	5963308	100462480.00
2013/10/17	16.56	16.83	16.39	16.56	3819442	63878012.00
2013/10/18	16.83	17.17	16.53	16.62	5195170	87968704.00
2013/10/21	16.62	17.12	16.61	16.98	6185208	105567344.00
2013/10/22	17.03	17.27	16.81	17.14	7796396	133640408.00
2013/10/23	17.15	17.19	16.38	16.42	5413994	91496328.00
2013/10/24	16.43	16.53	16.28	16.49	3236457	53593564.00
2013/10/25	16.43	16.62	15.57	15.71	4944747	79855088.00
2013/10/28	15.75	15.91	15.36	15.83	2766819	43964520.00
2013/10/29	15.85	15.96	14.93	15.16	4211827	65162300.00
2013/10/30	15.16	15.25	15.05	15.14	3942137	60231060.00
2013/10/31	15.18	15.29	14.85	15.15	2569757	39167696.00
2013/11/01	15.16	15.29	14.97	15.19	2144530	32789980.00
2013/11/04	15.20	15.51	15.20	15.29	1885391	29224952.00
2013/11/05	15.28	15.44	14.98	15.39	1721838	26501862.00
2013/11/06	15.38	15.64	15.28	15.29	2440692	38052628.00
2013/11/07	15.25	15.31	15.05	15.11	1862552	28561928.00
2013/11/08	15.10	15.10	14.50	14.50	3516804	52159716.00
2013/11/11	14.50	14.74	14.50	14.72	1636673	24271252.00
2013/11/12	14.73	14.88	14.55	14.85	1947290	29019498.00
2013/11/13	14.85	14.87	14.55	14.56	1218492	18086884.00
2013/11/14	14.57	14.67	14.40	14.66	2859512	42010844.00
2013/11/15	14.64	15.05	14.61	14.86	3582011	53931424.00
2013/11/18	14.95	15.41	14.90	15.40	4356075	67046508.00
2013/11/19	15.40	15.49	15.26	15.36	2388462	37110284.00
2013/11/20	15.34	15.48	15.18	15.36	2298088	35432692.00
2013/11/21	15.30	15.30	15.05	15.17	2413879	36922240.00
2013/11/22	15.19	15.59	15.19	15.33	3008395	46740792.00
2013/11/25	15.46	15.58	15.18	15.33	4313070	67352368.00
2013/11/26	15.35	15.47	15.25	15.35	1765818	27372820.00
2013/11/27	15.33	15.40	15.10	15.38	3083279	47563716.00
2013/11/28	15.45	15.76	15.36	15.69	4953309	78195800.00
2013/11/29	15.79	16.17	15.70	16.04	6950434	111556032.00
2013/12/02	15.83	16.16	15.38	15.51	5002937	79561408.00
2013/12/03	15.51	16.37	15.41	16.34	5578312	90686392.00
2013/12/04	16.45	17.20	16.37	16.74	10562602	179386560.00
2013/12/05	16.62	17.21	16.56	16.89	7615371	130478032.00
2013/12/06	16.86	17.05	16.50	16.62	4040550	68207344.00
2013/12/09	16.66	17.12	16.66	16.88	3837769	65579016.00
2013/12/10	16.88	17.01	16.51	16.70	2790059	47136100.00
2013/12/11	16.66	16.80	16.30	16.38	3153654	52465240.00
2013/12/12	16.38	16.77	16.35	16.60	2963083	49436136.00
2013/12/13	16.51	16.91	16.46	16.64	3392169	57184112.00
2013/12/16	16.64	17.49	16.60	17.10	9083249	156968224.00
2013/12/17	17.15	17.15	16.79	16.84	4646453	79369104.00
2013/12/18	16.90	17.04	16.36	16.57	4756246	80133408.00
2013/12/19	16.55	16.67	16.38	16.38	2187249	36485680.00
2013/12/20	16.43	16.65	16.12	16.15	2524757	41682288.00
2013/12/23	15.95	16.25	15.84	15.99	2899947	46990852.00
2013/12/24	16.04	16.35	15.94	16.18	3570530	58207104.00
2013/12/25	16.05	16.68	16.05	16.65	4411526	73337648.00
2013/12/26	16.67	16.77	16.40	16.44	3824881	63941824.00
2013/12/27	16.36	17.01	16.33	16.81	3960780	67273224.00
2013/12/30	16.95	17.20	16.83	16.98	4687124	80529616.00
2013/12/31	16.98	17.15	16.78	17.12	5351958	91938240.00
2014/01/02	17.07	17.34	16.79	16.93	3969041	68005256.00
2014/01/03	16.88	16.90	16.45	16.53	4065341	68260672.00
2014/01/06	16.55	16.55	16.05	16.38	3036510	49754928.00
2014/01/07	16.35	16.61	16.17	16.54	2425171	40138456.00
2014/01/08	16.63	16.91	16.15	16.30	3468646	58142024.00
2014/01/09	16.18	16.50	15.91	15.93	2659460	43477212.00
2014/01/10	15.65	15.84	15.25	15.27	4258576	66515944.00
2014/01/13	15.26	15.65	15.26	15.32	2244836	34917296.00
2014/01/14	15.35	15.58	15.31	15.49	2478698	38595624.00
2014/01/15	15.41	15.65	15.39	15.57	2664319	41783448.00
2014/01/16	15.55	15.74	15.55	15.58	1696864	26780594.00
2014/01/17	15.57	15.59	15.00	15.32	3768795	57714724.00
2014/01/20	15.25	15.42	15.08	15.15	1695129	26074202.00
2014/01/21	15.10	15.45	15.10	15.32	1488151	23025008.00
2014/01/22	15.40	15.75	15.30	15.73	2401671	37820996.00
2014/01/23	15.75	15.75	15.55	15.63	2319966	36601596.00
2014/01/24	15.63	15.81	15.58	15.78	2360201	37448604.00
2014/01/27	15.73	15.91	15.55	15.90	2290206	36374264.00
2014/01/28	15.85	15.96	15.70	15.81	1993031	31872416.00
2014/01/29	15.85	16.09	15.75	15.96	1859953	29989740.00
2014/01/30	15.97	16.06	15.61	15.64	1645478	26185872.00
2014/02/07	15.46	16.15	15.46	16.06	1859415	29803272.00
2014/02/10	16.07	16.68	16.06	16.51	5079675	84536112.00
2014/02/11	16.51	16.94	16.36	16.44	4782992	80252016.00
2014/02/12	16.42	16.59	16.26	16.56	3560211	59129176.00
2014/02/13	16.56	16.95	16.46	16.61	6433128	108846360.00
2014/02/14	16.56	16.88	16.56	16.82	4439342	74947080.00
2014/02/17	16.93	17.05	16.73	16.83	5883040	99964040.00
2014/02/18	16.85	16.85	16.51	16.55	4362092	73222384.00
2014/02/19	16.50	18.22	16.50	18.05	19509860	344055840.00
2014/02/20	17.75	18.27	17.63	17.72	13743251	248568944.00
2014/02/21	17.64	18.12	17.55	17.95	6830245	122863696.00
2014/02/24	17.85	18.75	17.71	18.69	13913163	259365568.00
2014/02/25	18.70	19.08	17.53	17.76	12754683	236241376.00
2014/02/26	17.72	17.92	17.08	17.41	9967097	175445232.00
2014/02/27	17.40	17.79	17.11	17.30	6525060	114713064.00
2014/02/28	17.26	17.46	16.65	17.44	5728901	98730176.00
2014/03/03	17.35	18.02	17.25	17.98	6735634	120894440.00
2014/03/04	17.96	17.97	17.33	17.46	4294412	76212416.00
2014/03/05	17.55	17.98	17.26	17.49	4101236	72673896.00
2014/03/06	17.38	17.55	16.93	17.19	4108845	71347272.00
2014/03/07	17.14	17.50	16.98	17.14	3067718	53253284.00
2014/03/10	17.10	17.10	15.97	16.18	4700411	78092176.00
2014/03/11	16.05	16.32	15.74	15.98	3821986	61676164.00
2014/03/12	15.98	16.28	15.74	16.13	3485716	56364964.00
2014/03/13	16.15	16.68	16.13	16.53	4348934	72297776.00
2014/03/14	16.40	16.40	15.80	16.04	4474402	72516472.00
2014/03/17	15.75	16.15	15.43	16.14	6402216	101709704.00
2014/03/18	16.07	16.13	15.75	15.85	4968670	79907264.00
2014/03/19	15.87	15.87	15.54	15.63	4822955	76156400.00
2014/03/20	15.60	15.71	15.31	15.33	5937151	93198240.00
2014/03/21	15.25	15.63	15.00	15.57	6169586	95051712.00
2014/03/24	15.57	15.61	15.22	15.59	5861421	91272376.00
2014/03/25	15.51	15.75	15.42	15.63	4090184	64521144.00
2014/03/26	15.66	15.79	15.56	15.72	3591751	56824592.00
2014/03/27	15.72	15.72	15.34	15.42	3566566	55779256.00
2014/03/28	15.34	15.51	15.26	15.35	2613097	40509156.00
2014/03/31	15.31	15.69	15.31	15.59	2597757	40805800.00
2014/04/01	15.63	15.83	15.57	15.78	3556021	56531896.00
2014/04/02	15.81	15.93	15.70	15.78	2587990	41267108.00
2014/04/03	15.78	15.92	15.71	15.81	2361329	37683968.00
2014/04/04	15.73	15.92	15.73	15.87	2977939	47687980.00
2014/04/08	15.72	15.87	15.45	15.86	4286175	67893792.00
2014/04/09	15.89	16.08	15.82	15.98	3666190	58956796.00
2014/04/10	15.98	16.10	15.87	16.03	3542173	57246664.00
2014/04/11	16.02	16.04	15.80	15.88	3088044	49537288.00
2014/04/14	15.85	16.03	15.73	16.02	2856087	45642360.00
2014/04/15	16.01	16.16	15.87	15.90	3158861	51026444.00
2014/04/16	15.92	15.97	15.76	15.89	1891208	30290636.00
2014/04/17	15.93	16.00	15.76	15.77	1969127	31447726.00
2014/04/18	15.75	15.75	15.52	15.58	3228733	50835800.00
2014/04/21	15.46	15.62	15.35	15.36	3331227	51959448.00
2014/04/22	15.35	15.44	15.12	15.19	3336609	51447024.00
2014/04/23	15.21	15.41	15.19	15.27	2660034	41033680.00
2014/04/24	15.21	15.30	15.10	15.14	1918180	29390224.00
2014/04/25	15.15	15.17	14.30	14.42	5835198	86663456.00
2014/04/28	14.40	14.41	13.85	13.93	3551926	50359844.00
2014/04/29	13.93	14.25	13.93	14.24	1809238	25744766.00
2014/04/30	14.24	14.33	14.13	14.24	1329092	19118262.00
2014/05/05	14.24	14.35	14.12	14.32	1380427	19841104.00
2014/05/06	14.35	14.68	14.30	14.63	2716565	39972412.00
2014/05/07	14.60	14.60	14.36	14.44	1225369	17872320.00
2014/05/08	14.44	14.58	14.29	14.34	1244855	18139944.00
2014/05/09	14.38	14.49	14.26	14.45	1027178	14904915.00
2014/05/12	14.52	14.79	14.45	14.73	2138780	31681408.00
2014/05/13	14.75	14.88	14.73	14.80	2633431	39419004.00
2014/05/14	14.80	14.85	14.66	14.75	834921	12429672.00
2014/05/15	14.71	14.71	14.28	14.31	1440548	21041116.00
2014/05/16	14.28	14.42	14.20	14.41	837330	12107159.00
2014/05/19	14.49	14.49	14.00	14.47	619488	8867723.00
2014/05/20	14.51	14.63	14.51	14.57	717696	10459601.00
2014/05/21	14.58	14.75	14.31	14.70	696298	10165623.00
2014/05/22	14.70	14.89	14.60	14.62	1232454	18163524.00
2014/05/23	14.63	14.68	14.38	14.51	1845977	26708456.00
2014/05/26	14.42	14.60	14.41	14.48	1292610	18724076.00
2014/05/27	14.50	14.77	14.41	14.71	2155544	31604796.00
2014/05/28	14.63	14.77	14.58	14.73	1462458	21486736.00
2014/05/29	14.77	14.77	14.41	14.42	1735358	25244302.00
2014/05/30	14.45	14.52	14.24	14.36	2057340	29541612.00
2014/06/03	14.36	14.44	14.03	14.17	1895652	27036128.00
2014/06/04	14.15	14.29	14.03	14.16	1090363	15391952.00
2014/06/05	14.16	14.33	14.09	14.27	1357752	19262704.00
2014/06/06	14.30	14.36	14.18	14.30	994466	14210056.00
2014/06/09	14.30	14.38	14.15	14.16	915026	13042466.00
2014/06/10	14.18	14.34	14.10	14.31	1397935	19848916.00
2014/06/11	14.30	14.53	14.26	14.49	2187792	31475642.00
2014/06/12	14.50	14.52	14.33	14.39	1267512	18276900.00
2014/06/13	14.36	14.62	14.35	14.57	2440393	35484592.00
2014/06/16	14.57	14.70	14.40	14.57	1615835	23566140.00
2014/06/17	14.57	14.62	14.37	14.38	1313696	19029384.00
2014/06/18	14.38	14.48	14.26	14.29	1081219	15495390.00
2014/06/19	14.29	14.42	13.97	14.00	2059078	29124680.00
2014/06/20	14.04	14.10	13.97	14.09	958525	13460521.00
2014/06/23	14.09	14.32	14.09	14.30	1146424	16327523.00
2014/06/24	14.29	14.38	14.19	14.33	1067118	15247418.00
2014/06/25	14.33	14.43	14.22	14.39	1226388	17604584.00
2014/06/26	14.43	14.69	14.43	14.51	2050118	29882656.00
2014/06/27	14.51	14.63	14.42	14.47	2080150	30177208.00
2014/06/30	14.45	14.62	14.45	14.58	1760439	25633892.00
2014/07/01	14.58	15.50	14.56	15.38	8459825	128160336.00
2014/07/02	15.05	15.34	15.05	15.25	4585191	69771976.00
2014/07/03	15.25	15.49	15.10	15.31	3765943	57575576.00
2014/07/04	15.31	15.46	15.09	15.17	2628926	40007904.00
2014/07/07	15.19	15.81	15.19	15.56	7057296	110410440.00
2014/07/08	15.58	15.72	15.37	15.57	3362354	52248488.00
2014/07/09	15.57	15.64	15.10	15.19	2654635	40767428.00
2014/07/10	15.14	15.34	15.14	15.25	2123390	32357538.00
2014/07/11	15.26	15.53	15.07	15.47	3047332	46614092.00
2014/07/14	15.48	15.55	15.28	15.54	2488183	38422616.00
2014/07/15	15.54	15.74	15.50	15.59	3129575	48844332.00
2014/07/16	15.69	15.75	15.44	15.49	1881231	29256268.00
2014/07/17	15.47	15.92	15.47	15.67	3687239	58028488.00
2014/07/18	15.69	16.07	15.65	15.98	6005038	95901152.00
2014/07/21	16.05	16.17	15.79	16.01	3182395	50877000.00
2014/07/22	16.00	16.31	15.84	16.24	5746229	92823728.00
2014/07/23	16.17	16.26	15.90	15.92	2767902	44494560.00
2014/07/24	15.94	16.24	15.50	16.12	4782465	75573000.00
2014/07/25	16.00	16.88	15.91	16.58	11087230	183712768.00
2014/07/28	16.62	17.20	16.60	17.12	7874631	133041304.00
2014/07/29	17.11	17.29	16.89	17.18	6013287	102693976.00
2014/07/30	17.02	17.10	16.72	16.92	5004669	84626344.00
2014/07/31	16.90	17.17	16.75	17.10	3112151	52782244.00
2014/08/01	17.05	17.15	16.75	16.76	3514902	59559704.00
2014/08/04	16.71	16.80	16.56	16.73	6372540	106269224.00
2014/08/05	16.73	17.10	16.63	16.89	3117158	52682172.00
2014/08/06	16.89	16.92	16.60	16.85	2657586	44577840.00
2014/08/07	16.85	16.99	16.50	16.52	2995979	50136908.00
2014/08/08	16.51	16.69	16.48	16.59	1897813	31484972.00
2014/08/11	16.60	17.10	16.60	17.07	4494979	76308168.00
2014/08/12	17.11	17.16	16.90	17.06	2802915	47803152.00
2014/08/13	16.99	17.06	16.79	16.97	2046611	34656640.00
2014/08/14	16.90	17.04	16.68	16.75	3755674	63027996.00
2014/08/15	16.73	17.23	16.68	17.19	4883590	83429592.00
2014/08/18	17.30	17.35	17.08	17.17	2392923	41097660.00
2014/08/19	17.20	17.27	16.86	17.00	3990926	68053000.00
2014/08/20	17.01	17.23	16.90	17.04	3121154	53387200.00
2014/08/21	17.08	17.08	16.60	16.77	4008338	67251816.00
2014/08/22	16.80	16.98	16.71	16.82	1866993	31478830.00
2014/08/25	16.82	17.51	16.77	17.49	6762984	116728184.00
2014/08/26	17.40	17.66	17.18	17.54	6104744	106648392.00
2014/08/27	17.56	17.58	17.25	17.35	2581677	44913924.00
2014/08/28	17.48	18.20	17.33	17.78	9047811	161278576.00
2014/08/29	17.70	17.96	17.60	17.70	3452462	61238672.00
2014/09/01	17.87	18.14	17.64	17.91	4296258	76866128.00
2014/09/02	17.87	18.00	17.69	17.94	5290664	94363784.00
2014/09/03	17.96	18.07	17.69	17.92	4889690	87367672.00
2014/09/04	17.86	17.90	17.63	17.80	3643906	64703124.00
2014/09/05	17.75	18.02	17.75	17.79	3539972	63164120.00
2014/09/09	17.89	18.59	17.85	18.31	7408510	135530544.00
2014/09/10	18.32	18.58	18.29	18.32	5036761	92761896.00
2014/09/11	18.34	18.47	17.77	17.95	5311390	96309896.00
2014/09/12	17.98	18.53	17.60	18.37	5980592	108266864.00
2014/09/15	18.25	18.54	18.14	18.41	3816272	70128672.00
2014/09/16	18.32	18.78	18.00	18.06	7646651	140952656.00
2014/09/17	18.24	19.20	18.24	18.80	9506837	179052752.00
2014/09/18	18.80	19.40	18.65	19.18	6976903	133660792.00
2014/09/19	19.19	19.58	19.03	19.34	6795646	131250048.00
2014/09/22	19.28	19.28	18.73	18.79	5470841	103517144.00
2014/09/23	18.88	19.38	18.83	19.09	4571423	87382064.00
2014/09/24	19.09	19.26	18.88	19.04	4602925	87839872.00
2014/09/25	19.01	19.33	19.01	19.07	5391500	103339248.00
2014/09/26	19.07	19.25	18.45	18.96	3641501	68826416.00
2014/09/29	19.04	19.10	18.80	18.96	3135594	59393480.00
2014/09/30	18.96	19.09	18.92	19.03	2919897	55492544.00
2014/10/08	19.06	19.12	18.78	19.12	4833623	91803968.00
2014/10/09	19.15	19.60	19.00	19.10	10133337	195274784.00
2014/10/10	19.06	19.06	18.46	18.58	7168990	134516736.00
2014/10/13	18.55	18.73	18.25	18.48	4891717	90112144.00
2014/10/14	18.50	18.75	18.20	18.22	4738762	87308904.00
2014/10/15	18.24	18.45	17.82	18.21	6044951	109830016.00
2014/10/16	18.21	18.41	18.00	18.04	4431940	80803936.00
2014/10/17	18.00	18.20	17.68	17.98	4725143	84533064.00
2014/10/20	17.95	18.43	17.95	18.40	4891810	89394976.00
2014/10/21	18.35	18.39	18.01	18.17	3586418	65332596.00
2014/10/22	18.11	18.22	17.80	17.82	3957475	71132832.00
2014/10/23	17.75	17.84	17.22	17.26	4895007	85535216.00
2014/10/24	17.34	17.59	17.20	17.39	3403564	59189184.00
2014/10/27	17.39	18.09	17.32	18.03	5430681	96705944.00
2014/10/28	18.06	18.26	17.95	18.19	5292495	95971648.00
2014/10/29	18.21	18.50	18.12	18.49	7133888	130797480.00
2014/10/30	18.50	18.59	18.29	18.37	4840565	89142616.00
2014/10/31	18.34	18.66	18.29	18.41	4364558	80632232.00
2014/11/03	18.55	18.90	18.47	18.60	5888642	110065512.00
2014/11/04	18.60	18.79	18.17	18.26	4749826	87354016.00
2014/11/05	18.28	18.28	18.00	18.10	4610495	83437720.00
2014/11/06	18.16	18.46	18.03	18.38	4013641	73506832.00
2014/11/07	18.38	18.57	18.02	18.05	5452140	99935984.00
2014/11/10	18.18	18.35	18.05	18.28	3690734	67247536.00
2014/11/11	18.30	18.94	18.27	18.77	13222364	246216160.00
2014/11/12	18.58	19.25	18.52	19.20	9673795	183817216.00
2014/11/13	19.19	19.19	18.66	18.87	6150652	116405424.00
2014/11/14	18.85	20.60	18.83	19.94	13871111	273903264.00
2014/11/17	20.01	20.83	19.72	19.90	12506878	253298480.00
2014/11/18	19.78	19.99	19.41	19.67	7015401	137585968.00
2014/11/19	19.66	20.75	19.42	20.54	10418284	210811616.00
2014/11/20	20.39	20.60	20.09	20.51	5930117	120336448.00
2014/11/21	20.51	20.79	20.20	20.40	5186714	105903872.00
2014/11/24	20.42	20.55	20.01	20.14	9174038	185112528.00
2014/11/25	20.03	20.69	19.98	20.51	9622175	194615840.00
2014/11/26	20.45	20.82	20.08	20.20	6844315	139100560.00
2014/11/27	20.19	20.22	19.66	19.73	11496769	228610160.00
2014/11/28	19.60	20.13	19.52	19.92	8876772	176435344.00
2014/12/01	19.89	19.89	19.27	19.58	7059636	137906368.00
2014/12/02	19.54	19.87	19.40	19.80	5790100	114099264.00
2014/12/03	19.79	20.21	19.65	20.04	8705988	173785472.00
2014/12/04	20.10	20.36	19.95	20.13	9203300	184984992.00
2014/12/05	20.09	20.09	18.80	19.13	10385168	202006096.00
2014/12/08	19.12	19.38	18.70	19.20	7242665	138434624.00
2014/12/09	19.10	19.64	18.69	18.70	9390349	179485776.00
2014/12/10	18.71	19.32	18.71	19.20	5835528	111263672.00
2014/12/11	19.25	19.60	19.05	19.56	7716007	149531472.00
2014/12/12	19.60	19.70	19.28	19.49	4822455	94081112.00
2014/12/15	19.48	19.97	19.35	19.90	6185242	121859744.00
2014/12/16	19.90	20.03	19.55	19.64	5491136	108316512.00
2014/12/17	19.65	19.72	19.05	19.22	6975708	134212328.00
2014/12/18	19.16	19.50	19.12	19.24	5261944	101819424.00
2014/12/19	19.35	19.89	19.32	19.60	6507760	127555344.00
2014/12/22	19.68	19.68	18.36	18.39	8080516	152847968.00
2014/12/23	18.29	18.60	17.99	18.09	5285805	96411736.00
2014/12/24	18.18	18.58	18.18	18.50	3514536	64746460.00
2014/12/25	18.50	18.72	18.37	18.63	2949867	54701664.00
2014/12/26	18.58	18.90	18.50	18.69	3884723	72437816.00
2014/12/29	18.69	18.69	18.13	18.24	5349105	97907792.00
2014/12/30	18.19	18.60	18.19	18.29	2670903	49105460.00
2014/12/31	18.33	18.49	18.25	18.46	2180915	40064152.00
2015/01/05	18.48	19.29	18.48	19.16	6408268	121583032.00
2015/01/06	19.03	19.82	18.95	19.63	7584233	147912800.00
2015/01/07	19.68	19.70	19.36	19.46	4021007	78396320.00
2015/01/08	19.42	19.79	19.37	19.43	4078726	79788080.00
2015/01/09	19.45	19.79	19.05	19.07	4035967	78574768.00
2015/01/12	19.06	19.26	18.66	19.08	4200438	79644248.00
2015/01/13	19.18	19.49	18.97	19.35	2874434	55250784.00
2015/01/14	19.36	19.60	19.16	19.59	3806400	73842504.00
2015/01/15	19.55	19.96	19.46	19.75	5822520	115049000.00
2015/01/16	19.76	19.94	19.51	19.88	4229206	83690016.00
2015/01/19	19.28	19.80	18.70	18.86	7087981	136991472.00
2015/01/20	19.00	19.31	18.90	19.28	4361760	83423240.00
2015/01/21	19.30	20.20	19.28	20.17	9597953	190656944.00
2015/01/22	20.15	20.18	19.89	20.13	5433375	108880000.00
2015/01/23	20.13	20.64	19.89	20.36	9663618	196267824.00
2015/01/26	20.40	21.48	20.11	21.24	11333502	237822768.00
2015/01/27	21.15	21.77	20.89	21.25	10225390	217870960.00
2015/01/28	21.32	21.35	20.92	21.06	5184891	109425120.00
2015/01/29	20.99	20.99	20.62	20.69	6710893	139375056.00
2015/01/30	20.66	21.77	20.59	21.31	11039695	235580912.00
2015/02/02	21.08	21.44	20.68	20.75	6387003	133736848.00
2015/02/03	20.72	20.91	20.25	20.79	7243881	148611664.00
2015/02/04	20.70	20.94	20.28	20.30	5216517	106889920.00
2015/02/05	20.48	20.84	20.19	20.47	6483168	133211576.00
2015/02/06	20.38	20.60	19.88	20.00	4378047	88560656.00
2015/02/09	19.90	20.15	19.80	19.99	2624283	52398140.00
2015/02/10	19.91	20.21	19.71	20.20	2995049	59829592.00
2015/02/11	20.21	20.39	19.99	20.04	3618212	72855568.00
2015/02/12	20.20	20.20	19.83	20.14	3256497	65280172.00
2015/02/13	20.20	20.70	20.20	20.60	6047172	124162728.00
2015/02/16	20.65	21.00	20.43	20.91	4629457	95508968.00
2015/02/17	20.88	20.99	20.56	20.58	4862767	100587568.00
2015/02/25	20.61	20.73	20.41	20.44	3301124	67805280.00
2015/02/26	20.42	20.88	20.32	20.82	4450008	92226152.00
2015/02/27	20.81	20.96	20.63	20.82	4343393	90343696.00
2015/03/02	21.00	21.00	20.55	20.91	4973626	103440368.00
2015/03/03	20.91	20.91	20.46	20.56	6055101	125382168.00
2015/03/04	20.50	21.09	20.40	21.07	7211510	149431168.00
2015/03/05	21.00	23.05	20.91	22.44	18224752	405601344.00
2015/03/06	22.55	23.29	22.36	22.74	14231393	325089216.00
2015/03/09	22.99	23.38	22.56	23.36	10261789	235776656.00
2015/03/10	23.29	23.80	22.98	23.41	9907940	231513504.00
2015/03/11	23.41	24.39	23.06	24.18	10835446	256991488.00
2015/03/12	24.00	24.59	23.50	23.89	8496785	203972384.00
2015/03/13	23.75	24.10	23.18	23.61	8369580	196655584.00
2015/03/16	23.70	24.22	23.53	24.08	12072127	288084352.00
2015/03/17	24.22	24.22	23.57	23.84	10935782	260480464.00
2015/03/18	23.84	24.94	23.64	24.81	11098785	268169696.00
2015/03/19	24.60	24.95	24.43	24.74	8492947	209523472.00
2015/03/20	24.84	25.36	24.50	24.56	7783471	193477136.00
2015/03/23	24.50	24.78	24.27	24.67	10164157	248928736.00
2015/03/24	24.60	25.20	23.85	24.38	9961539	244978672.00
2015/03/25	24.30	24.49	23.86	24.23	9101762	219659136.00
2015/03/26	24.12	24.75	23.60	24.55	9384588	227568944.00
2015/03/27	24.49	25.20	24.30	25.13	9189885	228212128.00
2015/03/30	24.84	25.00	24.21	24.59	11983096	294852320.00
2015/03/31	24.60	25.00	24.43	24.63	7663866	189382384.00
2015/04/01	24.75	26.32	24.65	26.24	12417138	315230848.00
2015/04/02	26.25	27.30	25.86	26.46	11559096	308761280.00
2015/04/03	26.28	26.68	26.01	26.32	7155259	187683408.00
2015/04/07	26.50	26.66	26.12	26.39	8635779	227294000.00
2015/04/08	26.47	26.60	25.63	25.74	9521605	248101136.00
2015/04/09	25.65	25.69	24.00	24.54	11420214	282480736.00
2015/04/10	24.52	25.34	24.50	25.09	7644594	191069696.00
2015/04/13	25.26	26.04	24.87	25.92	9437834	240266000.00
2015/04/14	25.86	26.35	25.40	25.50	9351636	241791792.00
2015/04/15	25.51	25.60	24.41	24.47	6840858	170849120.00
2015/04/16	24.03	25.10	23.82	24.84	5224422	129061416.00
2015/04/17	24.96	25.51	24.88	24.98	7550844	190106576.00
2015/04/20	25.14	26.27	24.88	25.99	12401354	319601888.00
2015/04/21	26.00	26.63	25.81	26.51	9588656	251905216.00
2015/04/22	26.55	26.91	26.33	26.57	10191674	270882336.00
2015/04/23	26.58	26.77	26.16	26.47	8191999	216461312.00
2015/04/24	26.00	28.02	25.60	27.13	12182152	330471808.00
2015/04/27	27.19	27.54	26.60	26.95	10965297	296107968.00
2015/04/28	26.97	27.08	25.81	25.85	9891423	259470640.00
2015/04/29	25.58	26.19	25.55	26.11	4820186	125154416.00
2015/04/30	26.12	26.36	25.71	25.73	4934954	128676872.00
2015/05/05	26.24	26.24	26.24	26.24	0	0.00
数据来源:通达信
