600350 山东高速 日线 前复权
      日期	    开盘	    最高	    最低	    收盘	    成交量	    成交额
2011/10/10	2.99	3.00	2.96	2.98	2052702	7007027.00
2011/10/11	3.03	3.05	2.92	2.97	2734332	9379711.00
2011/10/12	2.97	3.05	2.94	3.04	2803964	9679933.00
2011/10/13	3.04	3.11	3.03	3.08	3878777	13577286.00
2011/10/14	3.07	3.10	3.03	3.10	2698409	9414931.00
2011/10/17	3.09	3.10	3.04	3.07	1707070	5972778.00
2011/10/18	3.05	3.06	2.97	2.98	1952200	6721997.00
2011/10/19	2.98	3.02	2.96	2.98	1680648	5741176.00
2011/10/20	2.97	2.98	2.89	2.91	3566524	11966804.00
2011/10/21	2.89	2.93	2.89	2.91	1350532	4504910.00
2011/10/24	2.91	2.96	2.87	2.95	2091555	7026472.00
2011/10/25	2.95	3.00	2.93	2.99	3871144	13199079.00
2011/10/26	2.98	3.03	2.97	3.02	3541293	12180032.00
2011/10/27	3.02	3.08	3.01	3.05	3699228	12869964.00
2011/10/28	3.08	3.11	3.07	3.10	5031137	17703316.00
2011/10/31	3.13	3.13	3.07	3.07	3910473	13793220.00
2011/11/01	3.06	3.11	3.06	3.07	4130055	14482532.00
2011/11/02	3.04	3.11	3.02	3.11	4098777	14321227.00
2011/11/04	3.12	3.16	3.12	3.15	6249084	22305446.00
2011/11/07	3.15	3.19	3.13	3.15	4060937	14592134.00
2011/11/08	3.14	3.19	3.13	3.16	3691311	13228398.00
2011/11/09	3.17	3.19	3.12	3.16	3926591	14036265.00
2011/11/10	3.14	3.15	3.09	3.12	3906913	13871019.00
2011/11/11	3.12	3.15	3.08	3.10	3448863	12219759.00
2011/11/14	3.11	3.16	3.10	3.16	4237387	15127900.00
2011/11/15	3.14	3.18	3.14	3.16	2875939	10303669.00
2011/11/16	3.17	3.28	3.17	3.25	24102536	88477384.00
2011/11/17	3.25	3.25	3.18	3.19	4696104	17100708.00
2011/11/18	3.17	3.20	3.07	3.09	4127745	14701599.00
2011/11/21	3.10	3.14	3.09	3.13	1882871	6674736.00
2011/11/22	3.10	3.15	3.09	3.14	1478048	5255718.00
2011/11/23	3.16	3.16	3.08	3.10	1668708	5919434.00
2011/11/24	3.07	3.08	3.00	3.04	5326018	18471350.00
2011/11/25	3.04	3.06	3.01	3.02	1716749	5952836.00
2011/11/28	3.01	3.05	3.01	3.02	1469085	5075569.00
2011/11/29	3.05	3.07	3.01	3.06	3553817	12345857.00
2011/11/30	3.06	3.06	2.92	2.93	3031380	10318433.00
2011/12/01	3.00	3.03	2.98	2.99	3108063	10675558.00
2011/12/02	2.99	3.00	2.95	2.96	1952791	6639446.00
2011/12/05	2.96	2.96	2.89	2.90	3326911	11158750.00
2011/12/06	2.92	2.95	2.90	2.93	1742342	5837939.00
2011/12/07	2.94	2.98	2.93	2.96	1433106	4857884.00
2011/12/08	2.97	2.98	2.92	2.95	1325271	4483608.00
2011/12/09	2.91	2.95	2.91	2.95	1003061	3375309.00
2011/12/12	2.95	3.05	2.93	3.03	6626538	22872552.00
2011/12/13	3.01	3.02	2.97	2.99	3074115	10533020.00
2011/12/14	2.97	3.05	2.96	3.01	4625063	15965809.00
2011/12/15	3.02	3.04	2.84	2.85	5903918	19927920.00
2011/12/16	2.86	2.92	2.80	2.92	4269122	14007312.00
2011/12/19	2.90	2.90	2.82	2.87	2636048	8650245.00
2011/12/20	2.87	2.91	2.84	2.86	1468137	4853520.00
2011/12/21	2.89	2.90	2.82	2.84	2024681	6675945.00
2011/12/22	2.84	2.84	2.75	2.80	2945357	9458365.00
2011/12/23	2.79	2.84	2.78	2.83	1371632	4454023.00
2011/12/26	2.84	2.84	2.79	2.82	1529900	4975332.00
2011/12/27	2.82	2.84	2.78	2.81	1541477	4999058.00
2011/12/28	2.81	2.81	2.74	2.79	2622671	8375537.00
2011/12/29	2.79	2.79	2.74	2.76	2355349	7525390.00
2011/12/30	2.78	2.80	2.76	2.79	2647535	8492347.00
2012/01/04	2.79	2.82	2.75	2.76	3628513	11643036.00
2012/01/05	2.81	3.08	2.80	2.86	21990701	73566936.00
2012/01/06	2.84	2.98	2.83	2.96	13935617	46798032.00
2012/01/09	2.96	3.10	2.89	3.08	14571193	50203232.00
2012/01/10	3.05	3.16	3.03	3.10	13066527	45919916.00
2012/01/11	3.11	3.11	3.02	3.07	8220713	28692256.00
2012/01/12	3.06	3.09	3.02	3.05	6734802	23452340.00
2012/01/13	3.06	3.06	2.94	3.01	6913344	23660814.00
2012/01/16	2.98	3.26	2.96	3.09	18937001	67090984.00
2012/01/17	3.11	3.23	3.00	3.21	15700367	56190960.00
2012/01/18	3.22	3.27	3.14	3.17	11054852	40115324.00
2012/01/19	3.15	3.26	3.15	3.23	8449347	30866342.00
2012/01/20	3.22	3.25	3.19	3.24	6608067	24157816.00
2012/01/30	3.25	3.25	3.14	3.14	5509984	19906476.00
2012/01/31	3.12	3.15	3.05	3.14	5308733	18734688.00
2012/02/01	3.13	3.16	3.09	3.12	3300039	11750747.00
2012/02/02	3.11	3.18	3.10	3.18	4093184	14647919.00
2012/02/03	3.18	3.21	3.16	3.19	5428141	19647082.00
2012/02/06	3.18	3.31	3.17	3.22	6684425	24586870.00
2012/02/07	3.20	3.22	3.14	3.15	3466694	12503729.00
2012/02/08	3.13	3.24	3.13	3.23	7090039	25611912.00
2012/02/09	3.22	3.26	3.19	3.20	6943985	25356748.00
2012/02/10	3.20	3.24	3.19	3.23	5209970	19029756.00
2012/02/13	3.21	3.32	3.20	3.28	9939428	36852768.00
2012/02/14	3.29	3.29	3.22	3.26	3900840	14355369.00
2012/02/15	3.25	3.30	3.23	3.29	6289009	23295164.00
2012/02/16	3.30	3.30	3.19	3.24	7002678	25745844.00
2012/02/17	3.23	3.26	3.21	3.23	2546307	9318642.00
2012/02/20	3.26	3.28	3.22	3.22	4438490	16309634.00
2012/02/21	3.23	3.23	3.17	3.22	3773301	13711447.00
2012/02/22	3.21	3.26	3.20	3.25	5601974	20512712.00
2012/02/23	3.26	3.33	3.24	3.27	11640442	43320040.00
2012/02/24	3.27	3.36	3.22	3.35	14087706	52552976.00
2012/02/27	3.36	3.49	3.35	3.39	21027752	81099936.00
2012/02/28	3.38	3.42	3.34	3.41	7165659	27327960.00
2012/02/29	3.41	3.41	3.31	3.33	5879330	22263734.00
2012/03/01	3.31	3.38	3.30	3.36	3802126	14348478.00
2012/03/02	3.37	3.41	3.35	3.40	5772793	21992158.00
2012/03/05	3.40	3.43	3.33	3.34	8949024	34039580.00
2012/03/06	3.33	3.34	3.24	3.28	10139923	37705564.00
2012/03/07	3.25	3.32	3.22	3.25	5322901	19668688.00
2012/03/08	3.25	3.30	3.25	3.30	3077142	11429839.00
2012/03/09	3.30	3.33	3.27	3.30	8388186	31255348.00
2012/03/12	3.30	3.35	3.25	3.27	10329192	38407820.00
2012/03/13	3.26	3.32	3.24	3.30	16314450	60434432.00
2012/03/14	3.31	3.37	3.19	3.20	19522298	73166312.00
2012/03/15	3.18	3.21	3.12	3.15	6443128	23135248.00
2012/03/16	3.15	3.33	3.15	3.30	12756897	46636796.00
2012/03/19	3.27	3.33	3.26	3.32	5153320	19221016.00
2012/03/20	3.31	3.32	3.19	3.22	6506291	23878132.00
2012/03/21	3.25	3.44	3.23	3.43	16293161	61759600.00
2012/03/22	3.41	3.46	3.36	3.43	13623458	52207528.00
2012/03/23	3.41	3.43	3.33	3.37	9354248	35625420.00
2012/03/26	3.37	3.48	3.33	3.47	12980349	50095640.00
2012/03/27	3.44	3.44	3.34	3.35	12243606	46777584.00
2012/03/28	3.33	3.33	3.16	3.19	13376179	48748088.00
2012/03/29	3.17	3.19	3.11	3.16	6358466	22757156.00
2012/03/30	3.17	3.18	3.10	3.13	6577513	23387676.00
2012/04/05	3.10	3.23	3.10	3.22	6199329	22345064.00
2012/04/06	3.19	3.23	3.17	3.21	5925785	21539090.00
2012/04/09	3.21	3.33	3.18	3.24	12002785	44546664.00
2012/04/10	3.22	3.24	3.15	3.24	7422365	26898904.00
2012/04/12	3.23	3.32	3.23	3.29	12013423	44540100.00
2012/04/13	3.29	3.30	3.25	3.27	8908128	33019220.00
2012/04/16	3.26	3.31	3.24	3.28	8729730	32450868.00
2012/04/17	3.26	3.33	3.24	3.25	7530826	27998152.00
2012/04/18	3.27	3.31	3.24	3.30	8326545	30916972.00
2012/04/19	3.31	3.35	3.28	3.28	8346724	31237064.00
2012/04/20	3.29	3.32	3.23	3.31	9462289	35091392.00
2012/04/23	3.30	3.31	3.26	3.27	5968003	22172396.00
2012/04/24	3.25	3.30	3.18	3.23	9956698	36488624.00
2012/04/25	3.23	3.28	3.20	3.26	7510081	27530070.00
2012/04/26	3.27	3.30	3.26	3.26	5634330	20870398.00
2012/04/27	3.26	3.28	3.22	3.24	4597901	16869068.00
2012/05/02	3.28	3.31	3.25	3.30	7609015	28257344.00
2012/05/03	3.29	3.32	3.27	3.29	4804620	17878428.00
2012/05/04	3.29	3.32	3.27	3.31	5641974	21027000.00
2012/05/07	3.29	3.33	3.27	3.30	6001598	22368768.00
2012/05/08	3.30	3.31	3.27	3.30	5540256	20621396.00
2012/05/09	3.29	3.29	3.22	3.23	5454476	20050650.00
2012/05/10	3.23	3.26	3.22	3.24	3072185	11266077.00
2012/05/11	3.24	3.25	3.20	3.20	3761586	13734770.00
2012/05/14	3.23	3.24	3.18	3.19	4317846	15752792.00
2012/05/15	3.17	3.21	3.16	3.20	3570632	12892754.00
2012/05/16	3.20	3.25	3.19	3.21	3771675	13755194.00
2012/05/17	3.20	3.57	3.18	3.41	31054310	119632776.00
2012/05/18	3.36	3.79	3.32	3.79	90105834	373010144.00
2012/05/21	3.83	3.84	3.41	3.46	78602787	314534592.00
2012/05/22	3.42	3.47	3.37	3.43	35066298	134474864.00
2012/05/23	3.37	3.43	3.36	3.41	16557186	63219392.00
2012/05/24	3.39	3.49	3.37	3.41	18567111	71832072.00
2012/05/25	3.40	3.41	3.29	3.30	18956111	71384928.00
2012/05/28	3.25	3.41	3.21	3.38	16286231	60795064.00
2012/05/29	3.35	3.41	3.31	3.38	15498900	58754008.00
2012/05/30	3.37	3.44	3.35	3.36	12287231	46902008.00
2012/05/31	3.33	3.34	3.29	3.32	10851138	40606888.00
2012/06/01	3.32	3.36	3.29	3.32	8524054	32001066.00
2012/06/04	3.26	3.26	3.19	3.19	9389479	34371664.00
2012/06/05	3.21	3.23	3.18	3.20	6046600	21956368.00
2012/06/06	3.21	3.23	3.18	3.21	4094157	14870043.00
2012/06/07	3.22	3.25	3.18	3.19	5091551	18554352.00
2012/06/11	3.18	3.24	3.18	3.23	4193483	15294026.00
2012/06/12	3.22	3.22	3.19	3.21	3854692	14009749.00
2012/06/13	3.21	3.26	3.20	3.25	5675732	20780960.00
2012/06/14	3.24	3.25	3.20	3.20	3698234	13520535.00
2012/06/15	3.21	3.24	3.19	3.23	3597702	13129662.00
2012/06/18	3.22	3.25	3.22	3.25	4357387	15982652.00
2012/06/19	3.25	3.25	3.21	3.22	2341781	8556523.00
2012/06/20	3.23	3.24	3.20	3.20	3186390	11618358.00
2012/06/21	3.21	3.21	3.14	3.17	3936104	14154327.00
2012/06/25	3.15	3.17	3.09	3.10	3793602	13510547.00
2012/06/26	3.10	3.17	3.05	3.14	4403314	15559810.00
2012/06/27	3.13	3.17	3.11	3.13	2696066	9635589.00
2012/06/28	3.15	3.16	3.07	3.08	2120500	7500568.00
2012/06/29	3.07	3.16	3.06	3.13	3229679	11430708.00
2012/07/02	3.15	3.16	3.11	3.12	2082418	7403321.00
2012/07/03	3.11	3.12	3.07	3.08	4214383	14830499.00
2012/07/04	3.09	3.09	3.04	3.05	2998044	10461961.00
2012/07/05	3.05	3.05	2.95	2.97	4114519	14044174.00
2012/07/06	2.99	3.03	2.96	3.02	2935039	10052717.00
2012/07/09	3.01	3.02	2.92	2.93	3616256	12267055.00
2012/07/10	2.93	2.95	2.91	2.92	2293432	7693811.00
2012/07/11	2.92	2.95	2.91	2.92	2163969	7270730.00
2012/07/12	2.92	2.96	2.90	2.95	2191199	7359091.00
2012/07/13	2.95	2.97	2.93	2.95	1605974	5422168.00
2012/07/16	2.96	2.96	2.86	2.86	2616804	8722789.00
2012/07/17	2.86	2.96	2.85	2.93	3502772	11696126.00
2012/07/18	2.91	2.96	2.89	2.96	2225964	7449094.00
2012/07/19	2.95	3.01	2.91	2.96	5749056	19450044.00
2012/07/20	2.96	2.97	2.92	2.92	2483485	8361942.00
2012/07/23	2.92	2.94	2.90	2.92	1746153	5838360.00
2012/07/24	2.92	2.96	2.90	2.94	4144755	13927072.00
2012/07/25	2.94	2.98	2.93	2.96	5830860	19721356.00
2012/07/26	2.96	2.98	2.95	2.97	3233679	10966501.00
2012/07/27	2.97	2.98	2.95	2.96	3223893	10944648.00
2012/07/30	2.98	2.98	2.91	2.92	2135550	6854008.00
2012/07/31	2.92	2.92	2.86	2.87	2247158	7101384.00
2012/08/01	2.87	2.92	2.87	2.90	1541971	4909449.00
2012/08/02	2.91	2.92	2.87	2.89	2086700	6626004.00
2012/08/03	2.90	2.92	2.88	2.92	3613008	11512616.00
2012/08/06	2.92	2.96	2.90	2.96	2458088	7905542.00
2012/08/07	2.95	2.98	2.95	2.97	3141448	10189153.00
2012/08/08	2.98	2.98	2.93	2.94	3086498	9960192.00
2012/08/09	2.95	2.97	2.93	2.97	2739949	8853092.00
2012/08/10	2.97	2.97	2.94	2.97	2145409	6941694.00
2012/08/13	2.96	2.96	2.91	2.91	2152081	6916279.00
2012/08/14	2.91	2.93	2.88	2.91	2921931	9294683.00
2012/08/15	2.91	2.92	2.87	2.89	1863076	5914585.00
2012/08/16	2.89	2.90	2.88	2.89	1133039	3597504.00
2012/08/17	2.90	2.92	2.88	2.91	2120412	6748013.00
2012/08/20	2.91	2.91	2.87	2.89	1683949	5340074.00
2012/08/21	2.90	2.92	2.88	2.92	1340876	4278116.00
2012/08/22	2.91	2.93	2.88	2.90	2039731	6490284.00
2012/08/23	2.90	2.94	2.89	2.93	2347089	7500450.00
2012/08/24	2.93	2.93	2.89	2.89	1750637	5566270.00
2012/08/27	2.90	2.90	2.85	2.86	2156616	6792545.00
2012/08/28	2.85	2.90	2.85	2.90	2561979	8079051.00
2012/08/29	2.90	2.90	2.85	2.87	3380894	10644838.00
2012/08/30	2.87	2.88	2.84	2.85	2187097	6864662.00
2012/08/31	2.85	2.88	2.85	2.87	1276728	4009099.00
2012/09/03	2.86	2.89	2.86	2.87	2189791	6907350.00
2012/09/04	2.87	2.88	2.83	2.84	2464288	7721533.00
2012/09/05	2.84	2.86	2.81	2.82	2233398	6946430.00
2012/09/06	2.83	2.84	2.81	2.83	1753541	5445841.00
2012/09/07	2.85	2.96	2.84	2.93	9140187	29129388.00
2012/09/10	2.92	2.93	2.89	2.91	4548841	14537149.00
2012/09/11	2.91	2.91	2.87	2.89	3409505	10791541.00
2012/09/12	2.89	2.92	2.86	2.89	4640226	14680212.00
2012/09/13	2.90	2.90	2.86	2.86	2656990	8381032.00
2012/09/14	2.88	2.88	2.85	2.87	3181795	10011936.00
2012/09/17	2.87	2.87	2.81	2.82	3112334	9677503.00
2012/09/18	2.82	2.82	2.78	2.79	1942400	5983897.00
2012/09/19	2.79	2.80	2.78	2.79	1815804	5568189.00
2012/09/20	2.80	2.80	2.71	2.72	3328700	10085182.00
2012/09/21	2.73	2.74	2.70	2.72	2168612	6505670.00
2012/09/24	2.72	2.73	2.68	2.70	1999617	5963923.00
2012/09/25	2.70	2.73	2.69	2.71	1397112	4167111.00
2012/09/26	2.71	2.71	2.64	2.64	2135072	6290823.00
2012/09/27	2.65	2.70	2.62	2.68	3508001	10347096.00
2012/09/28	2.67	2.73	2.66	2.72	2687014	8002016.00
2012/10/08	2.72	2.72	2.68	2.69	2104278	6274335.00
2012/10/09	2.69	2.77	2.69	2.76	4094479	12374697.00
2012/10/10	2.74	2.79	2.73	2.78	3816805	11633965.00
2012/10/11	2.79	2.79	2.74	2.75	2293435	6965350.00
2012/10/12	2.75	2.78	2.73	2.75	1776299	5374562.00
2012/10/15	2.74	2.75	2.67	2.70	2754981	8222745.00
2012/10/16	2.70	2.72	2.68	2.70	2174996	6494459.00
2012/10/17	2.71	2.72	2.69	2.71	1839462	5490689.00
2012/10/18	2.72	2.79	2.70	2.77	6871503	20905472.00
2012/10/19	2.77	2.78	2.74	2.77	4820041	14674382.00
2012/10/22	2.76	2.79	2.75	2.78	2810196	8571444.00
2012/10/23	2.77	2.81	2.76	2.78	5768799	17675468.00
2012/10/24	2.76	2.81	2.76	2.81	4375323	13449873.00
2012/10/25	2.79	2.89	2.79	2.83	10385754	32532756.00
2012/10/26	2.82	2.83	2.76	2.79	4610697	14139403.00
2012/10/29	2.79	2.87	2.76	2.82	4753965	14711206.00
2012/10/30	2.82	2.85	2.80	2.83	4043049	12566059.00
2012/10/31	2.83	2.86	2.79	2.84	2792217	8702573.00
2012/11/01	2.84	2.89	2.83	2.88	5153173	16248239.00
2012/11/02	2.89	2.90	2.86	2.89	3678224	11619909.00
2012/11/05	2.89	2.90	2.86	2.88	3056138	9647564.00
2012/11/06	2.86	2.87	2.84	2.85	3575655	11201707.00
2012/11/07	2.85	2.86	2.84	2.86	2011453	6293159.00
2012/11/08	2.85	2.85	2.80	2.81	3065262	9508052.00
2012/11/09	2.80	2.82	2.80	2.81	1296791	4006768.00
2012/11/12	2.81	2.83	2.79	2.82	2396866	7406021.00
2012/11/13	2.81	2.81	2.77	2.77	1363850	4185066.00
2012/11/14	2.77	2.79	2.73	2.77	2352063	7149100.00
2012/11/15	2.77	2.78	2.74	2.76	1397895	4256799.00
2012/11/16	2.76	2.76	2.71	2.74	2069551	6220480.00
2012/11/19	2.75	2.76	2.73	2.76	1306038	3953885.00
2012/11/20	2.76	2.78	2.74	2.76	1551661	4715211.00
2012/11/21	2.77	2.86	2.77	2.81	3585674	11064671.00
2012/11/22	2.80	2.82	2.78	2.81	1884949	5807145.00
2012/11/23	2.80	2.83	2.80	2.83	1482582	4595539.00
2012/11/26	2.82	2.84	2.80	2.81	1553528	4817664.00
2012/11/27	2.79	2.81	2.74	2.75	2044829	6236580.00
2012/11/28	2.74	2.74	2.69	2.70	2786736	8337392.00
2012/11/29	2.70	2.78	2.70	2.72	2695328	8115619.00
2012/11/30	2.72	2.76	2.70	2.76	2073351	6256013.00
2012/12/03	2.76	2.77	2.72	2.72	2543491	7677003.00
2012/12/04	2.72	2.75	2.71	2.74	1845034	5542048.00
2012/12/05	2.73	2.84	2.72	2.82	4857068	14962970.00
2012/12/06	2.82	2.83	2.80	2.81	2717188	8393887.00
2012/12/07	2.79	2.86	2.79	2.86	4061272	12657389.00
2012/12/10	2.86	2.89	2.84	2.88	5956402	18768300.00
2012/12/11	2.87	2.88	2.85	2.85	3196931	10045722.00
2012/12/12	2.85	2.87	2.84	2.86	2471395	7740234.00
2012/12/13	2.87	2.89	2.85	2.85	4217081	13288481.00
2012/12/14	2.85	2.98	2.84	2.95	12083487	38742488.00
2012/12/17	2.94	3.00	2.94	2.96	10510058	34203380.00
2012/12/18	2.96	2.99	2.94	2.95	6410138	20806252.00
2012/12/19	2.94	2.99	2.93	2.98	5251307	17052860.00
2012/12/20	2.96	2.97	2.93	2.95	2986343	9652788.00
2012/12/21	2.95	2.98	2.92	2.93	3912887	12639565.00
2012/12/24	2.93	2.98	2.91	2.96	4123999	13363161.00
2012/12/25	2.94	3.03	2.93	3.01	7421065	24357050.00
2012/12/26	3.01	3.04	3.00	3.02	4496796	14808099.00
2012/12/27	3.02	3.03	2.97	2.98	4677563	15319549.00
2012/12/28	2.98	3.04	2.97	3.02	5575437	18308290.00
2012/12/31	3.02	3.08	3.01	3.07	8522993	28350754.00
2013/01/04	3.10	3.14	3.08	3.09	11225245	38014424.00
2013/01/07	3.09	3.10	3.07	3.09	4426449	14901484.00
2013/01/08	3.08	3.10	3.04	3.07	4173694	13989890.00
2013/01/09	3.06	3.09	3.06	3.07	3050727	10226330.00
2013/01/10	3.07	3.10	3.06	3.08	2896464	9737692.00
2013/01/11	3.07	3.10	3.00	3.01	5219716	17395652.00
2013/01/14	3.00	3.10	2.99	3.08	5935547	19724370.00
2013/01/15	3.08	3.11	3.07	3.11	6324227	21332080.00
2013/01/16	3.11	3.11	3.05	3.08	5178004	17394762.00
2013/01/17	3.07	3.07	3.04	3.05	3421228	11410806.00
2013/01/18	3.05	3.09	3.03	3.08	5811772	19418302.00
2013/01/21	3.08	3.12	3.07	3.11	6753928	22855488.00
2013/01/22	3.11	3.25	3.08	3.16	13872973	47859092.00
2013/01/23	3.16	3.19	3.14	3.16	4518599	15547214.00
2013/01/24	3.16	3.20	3.10	3.11	5616188	19315560.00
2013/01/25	3.12	3.12	3.07	3.09	1871518	6301521.00
2013/01/28	3.08	3.15	3.08	3.15	3548918	12089643.00
2013/01/29	3.15	3.22	3.13	3.19	5566564	19248700.00
2013/01/30	3.19	3.33	3.18	3.28	12116037	43005508.00
2013/01/31	3.28	3.30	3.21	3.27	6987807	24656616.00
2013/02/01	3.26	3.29	3.23	3.28	5107245	18117672.00
2013/02/04	3.28	3.30	3.22	3.25	6542638	23152488.00
2013/02/05	3.24	3.28	3.23	3.28	5686712	20106660.00
2013/02/06	3.30	3.34	3.28	3.31	4848228	17376240.00
2013/02/07	3.30	3.32	3.23	3.30	4413306	15719016.00
2013/02/08	3.30	3.32	3.28	3.30	4516276	16172868.00
2013/02/18	3.30	3.32	3.26	3.27	4494123	16021115.00
2013/02/19	3.27	3.27	3.19	3.20	3935545	13780595.00
2013/02/20	3.20	3.22	3.18	3.22	3931626	13663638.00
2013/02/21	3.20	3.21	3.09	3.12	4783060	16322607.00
2013/02/22	3.12	3.13	3.09	3.11	2026729	6868828.00
2013/02/25	3.10	3.13	3.09	3.09	2435803	8260571.00
2013/02/26	3.09	3.10	3.05	3.06	4355400	14607213.00
2013/02/27	3.07	3.09	3.06	3.07	1954037	6551596.00
2013/02/28	3.08	3.19	3.06	3.14	5425890	18480932.00
2013/03/01	3.14	3.17	3.11	3.17	2851079	9749655.00
2013/03/04	3.14	3.14	3.04	3.05	4337183	14588673.00
2013/03/05	3.05	3.10	3.05	3.09	1944746	6534685.00
2013/03/06	3.14	3.18	3.12	3.14	4194801	14393442.00
2013/03/07	3.15	3.15	3.09	3.11	2467560	8384695.00
2013/03/08	3.11	3.13	3.10	3.11	1784288	6059136.00
2013/03/11	3.10	3.12	3.08	3.10	1483690	5011940.00
2013/03/12	3.09	3.13	3.01	3.04	3662654	12245040.00
2013/03/13	3.03	3.05	3.00	3.02	2494626	8232789.00
2013/03/14	3.01	3.04	3.00	3.02	1704584	5621085.00
2013/03/15	3.01	3.06	3.00	3.02	3111142	10296507.00
2013/03/18	3.01	3.02	2.98	3.00	2358010	7735053.00
2013/03/19	2.99	3.02	2.99	3.01	2058173	6755671.00
2013/03/20	3.01	3.07	3.01	3.06	3726051	12390598.00
2013/03/21	3.06	3.08	3.04	3.07	3305298	11020491.00
2013/03/22	3.08	3.08	3.03	3.07	3320951	11073362.00
2013/03/25	3.06	3.07	3.03	3.05	2848750	9468901.00
2013/03/26	3.04	3.05	3.01	3.05	1998166	6609085.00
2013/03/27	3.05	3.06	3.01	3.03	2155121	7139691.00
2013/03/28	3.02	3.02	2.96	2.96	4046652	13174996.00
2013/03/29	2.99	2.99	2.96	2.97	1442316	4700035.00
2013/04/01	2.96	3.00	2.96	2.99	2038912	6649498.00
2013/04/02	2.99	3.01	2.98	2.98	2078629	6812758.00
2013/04/03	2.98	3.00	2.97	2.99	1345464	4393868.00
2013/04/08	2.97	2.97	2.90	2.93	2494575	7988135.00
2013/04/09	2.92	2.97	2.92	2.96	1212156	3908152.00
2013/04/10	2.94	2.97	2.94	2.95	1401408	4527496.00
2013/04/11	2.96	2.97	2.92	2.93	1720863	5553764.00
2013/04/12	2.92	2.94	2.88	2.89	2811576	8944968.00
2013/04/15	2.88	2.89	2.83	2.85	2569512	8066101.00
2013/04/16	2.84	2.85	2.76	2.84	8529134	26283480.00
2013/04/17	2.82	2.83	2.79	2.81	2971550	9170948.00
2013/04/18	2.80	2.82	2.79	2.81	2119907	6541202.00
2013/04/19	2.82	2.87	2.81	2.86	3602618	11273840.00
2013/04/22	2.84	2.87	2.83	2.87	2889165	9047013.00
2013/04/23	2.86	2.87	2.80	2.81	2695603	8358135.00
2013/04/24	2.82	2.86	2.80	2.84	2482766	7721077.00
2013/04/25	2.82	2.84	2.80	2.82	3546414	10973995.00
2013/04/26	2.82	2.82	2.78	2.79	3178316	9765584.00
2013/05/02	2.80	2.80	2.77	2.78	2529515	7746164.00
2013/05/03	2.79	2.84	2.79	2.82	3548983	11007532.00
2013/05/06	2.83	2.85	2.82	2.85	2933584	9153643.00
2013/05/07	2.85	2.85	2.83	2.85	1753289	5474340.00
2013/05/08	2.85	2.87	2.85	2.86	2690040	8449122.00
2013/05/09	2.87	2.89	2.85	2.86	4134568	13016960.00
2013/05/10	2.86	2.88	2.85	2.87	2792812	8786761.00
2013/05/13	2.88	2.89	2.86	2.86	2065572	6497052.00
2013/05/14	2.86	2.87	2.82	2.83	1742272	5431603.00
2013/05/15	2.82	2.84	2.82	2.84	1856907	5773251.00
2013/05/16	2.84	2.87	2.82	2.86	2691972	8426893.00
2013/05/17	2.87	2.91	2.85	2.90	5690883	17953712.00
2013/05/20	2.90	2.98	2.89	2.95	8905913	28635034.00
2013/05/21	2.96	2.99	2.92	2.96	8483873	27372640.00
2013/05/22	2.95	3.01	2.93	2.97	5902461	19186456.00
2013/05/23	2.96	2.97	2.92	2.93	4946900	15961320.00
2013/05/24	2.92	2.98	2.91	2.98	4773631	15385240.00
2013/05/27	2.97	3.01	2.96	3.00	3972978	12986565.00
2013/05/28	2.99	3.01	2.96	3.00	3199236	10432777.00
2013/05/29	3.00	3.00	2.97	2.98	2771384	9050554.00
2013/05/30	2.98	2.99	2.95	2.99	2407901	7820859.00
2013/05/31	2.99	3.01	2.97	2.98	4013600	13150701.00
2013/06/03	2.97	3.01	2.96	2.98	1915793	6259453.00
2013/06/04	2.98	2.98	2.92	2.92	3923650	12631502.00
2013/06/05	2.92	2.94	2.92	2.94	1932343	6203025.00
2013/06/06	2.93	2.95	2.89	2.89	1820519	5817923.00
2013/06/07	2.89	2.92	2.84	2.87	2318369	7315969.00
2013/06/13	2.86	2.86	2.69	2.80	2688078	8252707.00
2013/06/14	2.79	2.82	2.79	2.81	1726813	5320391.00
2013/06/17	2.80	2.84	2.76	2.81	1703900	5251224.00
2013/06/18	2.81	2.82	2.78	2.81	1536336	4731774.00
2013/06/19	2.81	2.81	2.75	2.79	1258857	3849620.00
2013/06/20	2.79	2.79	2.73	2.73	1866248	5658824.00
2013/06/21	2.72	2.74	2.68	2.73	2225924	6651610.00
2013/06/24	2.71	2.72	2.59	2.62	3220305	9389453.00
2013/06/25	2.61	2.63	2.43	2.62	4898184	13899265.00
2013/06/26	2.61	2.62	2.55	2.58	1462987	4188269.00
2013/06/27	2.59	2.62	2.54	2.56	2034496	5815793.00
2013/06/28	2.57	2.61	2.54	2.59	2029796	5802342.00
2013/07/01	2.57	2.61	2.57	2.61	1423616	4078996.00
2013/07/02	2.61	2.62	2.58	2.61	1265336	3637946.00
2013/07/03	2.61	2.61	2.56	2.58	1503000	4298343.00
2013/07/04	2.58	2.63	2.55	2.60	3307371	9473975.00
2013/07/05	2.59	2.63	2.58	2.60	2110322	6096949.00
2013/07/08	2.60	2.60	2.51	2.51	2393495	6755683.00
2013/07/09	2.51	2.54	2.51	2.54	870289	2439805.00
2013/07/10	2.55	2.60	2.53	2.60	2244876	6389357.00
2013/07/11	2.60	2.72	2.58	2.69	5319361	15661940.00
2013/07/12	2.70	2.70	2.64	2.65	2322398	6838859.00
2013/07/15	2.65	2.70	2.64	2.66	2282275	6717009.00
2013/07/16	2.66	2.68	2.64	2.67	1727248	5071908.00
2013/07/17	2.67	2.70	2.65	2.67	3318112	9824569.00
2013/07/18	2.67	2.67	2.63	2.65	2216339	6483043.00
2013/07/19	2.64	2.67	2.61	2.62	3431104	10025625.00
2013/07/22	2.62	2.65	2.61	2.64	2805540	8173157.00
2013/07/23	2.66	2.69	2.63	2.67	3258953	9188487.00
2013/07/24	2.68	2.68	2.64	2.65	1191459	3338885.00
2013/07/25	2.66	2.67	2.64	2.66	1668495	4675184.00
2013/07/26	2.64	2.65	2.63	2.64	1036998	2891528.00
2013/07/29	2.64	2.65	2.61	2.62	1861300	5174999.00
2013/07/30	2.62	2.65	2.61	2.64	918486	2556673.00
2013/07/31	2.65	2.66	2.64	2.65	1105200	3093311.00
2013/08/01	2.64	2.68	2.64	2.67	1649680	4647430.00
2013/08/02	2.67	2.70	2.67	2.69	1785451	5067479.00
2013/08/05	2.69	2.70	2.67	2.69	1480699	4200490.00
2013/08/06	2.69	2.71	2.67	2.70	1830057	5196593.00
2013/08/07	2.69	2.71	2.67	2.67	1886801	5362449.00
2013/08/08	2.67	2.69	2.66	2.67	1992685	5627018.00
2013/08/09	2.67	2.70	2.66	2.69	2229740	6305101.00
2013/08/12	2.69	2.78	2.67	2.75	4970630	14311701.00
2013/08/13	2.75	2.81	2.75	2.77	4064854	11844959.00
2013/08/14	2.77	2.77	2.71	2.74	3793620	10988450.00
2013/08/15	2.74	2.75	2.69	2.72	3264230	9358123.00
2013/08/16	2.70	2.78	2.68	2.70	4647010	13339471.00
2013/08/19	2.69	2.72	2.67	2.71	1733309	4934334.00
2013/08/20	2.70	2.74	2.69	2.71	2027021	5795195.00
2013/08/21	2.70	2.71	2.68	2.70	1616062	4598377.00
2013/08/22	2.70	2.71	2.69	2.70	1508789	4296410.00
2013/08/23	2.70	2.72	2.66	2.70	3482208	9876703.00
2013/08/26	2.70	2.74	2.67	2.74	4224020	12110207.00
2013/08/27	2.73	2.80	2.73	2.79	9603338	28077588.00
2013/08/28	2.77	2.83	2.76	2.80	6599512	19500612.00
2013/08/29	2.80	2.93	2.76	2.89	12198466	36640244.00
2013/08/30	2.85	2.99	2.85	2.96	15686100	48430360.00
2013/09/02	2.97	2.97	2.82	2.86	8441503	25565616.00
2013/09/03	2.86	2.89	2.85	2.88	5712030	17281060.00
2013/09/04	2.87	2.90	2.86	2.88	3318420	10065008.00
2013/09/05	2.88	2.88	2.82	2.84	2812824	8412821.00
2013/09/06	2.84	2.86	2.83	2.86	2229265	6684509.00
2013/09/09	2.85	2.94	2.84	2.92	6356302	19452500.00
2013/09/10	2.92	3.02	2.90	2.97	10094827	31574512.00
2013/09/11	2.97	3.02	2.95	2.97	7492697	23477092.00
2013/09/12	2.97	3.14	2.93	3.04	18282874	58506088.00
2013/09/13	3.03	3.09	3.00	3.04	8676670	27536280.00
2013/09/16	3.01	3.03	2.97	2.99	5927020	18633556.00
2013/09/17	2.98	3.03	2.90	2.92	6133962	19054618.00
2013/09/18	2.91	2.95	2.90	2.93	3039383	9341299.00
2013/09/23	2.96	2.98	2.93	2.96	3100795	9627289.00
2013/09/24	2.96	3.08	2.95	3.03	9123765	28877170.00
2013/09/25	3.02	3.02	2.94	2.96	6206471	19325612.00
2013/09/26	2.96	2.96	2.88	2.90	3794685	11603110.00
2013/09/27	2.89	2.92	2.88	2.89	2141640	6513179.00
2013/09/30	2.89	2.92	2.88	2.90	2134100	6511075.00
2013/10/08	2.90	2.94	2.88	2.93	5064464	15459974.00
2013/10/09	2.91	3.01	2.90	3.01	7718610	24016882.00
2013/10/10	3.01	3.01	2.91	2.94	5351111	16623152.00
2013/10/11	2.94	2.99	2.94	2.98	4477965	13969954.00
2013/10/14	2.97	3.01	2.97	3.01	4140621	13015741.00
2013/10/15	3.01	3.02	2.97	2.99	5057773	15916325.00
2013/10/16	2.98	3.00	2.91	2.92	4446201	13745676.00
2013/10/17	2.93	2.96	2.91	2.92	3212313	9898066.00
2013/10/18	2.92	2.94	2.90	2.93	1786305	5476821.00
2013/10/21	2.93	2.96	2.90	2.95	2807169	8642989.00
2013/10/22	2.95	2.95	2.92	2.93	2386260	7347356.00
2013/10/23	2.93	2.97	2.92	2.93	8891805	27501040.00
2013/10/24	2.92	2.93	2.90	2.91	1931249	5923538.00
2013/10/25	2.92	2.92	2.86	2.89	3676042	11175951.00
2013/10/28	2.89	2.91	2.88	2.90	2190240	6670394.00
2013/10/29	2.91	2.92	2.83	2.87	4464257	13475322.00
2013/10/30	2.88	2.94	2.84	2.92	5086250	15512742.00
2013/10/31	2.93	2.93	2.89	2.90	2031574	6202719.00
2013/11/01	2.91	2.91	2.85	2.90	3264262	9894234.00
2013/11/04	2.90	2.91	2.88	2.90	1249990	3803284.00
2013/11/05	2.89	2.90	2.86	2.89	1833282	5554217.00
2013/11/06	2.89	2.90	2.86	2.87	2352414	7124883.00
2013/11/07	2.87	2.89	2.85	2.86	2419720	7303137.00
2013/11/08	2.86	2.87	2.83	2.84	2354739	7052326.00
2013/11/11	2.84	2.86	2.81	2.84	1586407	4731604.00
2013/11/12	2.84	2.86	2.82	2.86	2064985	6178766.00
2013/11/13	2.86	2.86	2.80	2.81	1770161	5255611.00
2013/11/14	2.80	2.83	2.78	2.81	1768196	5224509.00
2013/11/15	2.81	2.86	2.79	2.85	4448562	13328692.00
2013/11/18	2.86	2.89	2.84	2.89	3934409	11871584.00
2013/11/19	2.89	2.89	2.86	2.88	3568862	10798776.00
2013/11/20	2.89	2.90	2.87	2.90	2083517	6317545.00
2013/11/21	2.89	2.91	2.86	2.89	4314656	13081896.00
2013/11/22	2.89	2.90	2.87	2.88	3841993	11651189.00
2013/11/25	2.88	2.89	2.87	2.88	3690976	11163771.00
2013/11/26	2.87	2.91	2.87	2.89	2864220	8689411.00
2013/11/27	2.89	2.91	2.88	2.90	3004355	9158414.00
2013/11/28	2.90	2.93	2.90	2.91	3954726	12114907.00
2013/11/29	2.91	2.93	2.89	2.91	5800779	17747516.00
2013/12/02	2.89	2.93	2.86	2.90	6232244	18979028.00
2013/12/03	2.91	2.94	2.88	2.93	4345610	13311389.00
2013/12/04	2.93	3.01	2.92	2.99	9909226	30989696.00
2013/12/05	2.99	2.99	2.95	2.96	4187182	13055092.00
2013/12/06	2.96	2.99	2.95	2.96	4546941	14176416.00
2013/12/09	2.97	2.99	2.96	2.97	3182299	9946087.00
2013/12/10	2.97	2.98	2.94	2.95	2435396	7561032.00
2013/12/11	2.94	2.95	2.90	2.92	3114913	9553496.00
2013/12/12	2.92	2.93	2.90	2.91	2405565	7362869.00
2013/12/13	2.91	2.98	2.91	2.95	5717355	17761196.00
2013/12/16	2.97	2.97	2.90	2.90	3016200	9254351.00
2013/12/17	2.92	2.92	2.87	2.87	2231101	6782633.00
2013/12/18	2.87	2.89	2.87	2.88	1477511	4473868.00
2013/12/19	2.88	2.90	2.85	2.86	1954729	5903692.00
2013/12/20	2.86	2.87	2.81	2.82	2530889	7564824.00
2013/12/23	2.83	2.84	2.79	2.82	1857320	5507304.00
2013/12/24	2.82	2.84	2.81	2.82	1693250	5034901.00
2013/12/25	2.82	2.84	2.81	2.84	1586383	4724619.00
2013/12/26	2.85	2.85	2.80	2.80	1406400	4165301.00
2013/12/27	2.80	2.84	2.80	2.83	1325315	3936576.00
2013/12/30	2.84	2.85	2.81	2.81	1829999	5445302.00
2013/12/31	2.81	2.89	2.79	2.88	4930308	14724442.00
2014/01/02	2.87	2.87	2.83	2.85	1322486	3961660.00
2014/01/03	2.84	2.84	2.80	2.80	1620621	4801123.00
2014/01/06	2.79	2.81	2.73	2.73	2462647	7171295.00
2014/01/07	2.72	2.75	2.72	2.73	1679878	4843081.00
2014/01/08	2.74	2.75	2.69	2.70	1995248	5726533.00
2014/01/09	2.71	2.72	2.64	2.66	2404688	6823090.00
2014/01/10	2.67	2.67	2.62	2.64	2169203	6052021.00
2014/01/13	2.65	2.70	2.64	2.68	2459008	6931061.00
2014/01/14	2.69	2.70	2.66	2.69	1375664	3892732.00
2014/01/15	2.69	2.72	2.66	2.69	1579500	4481874.00
2014/01/16	2.69	2.73	2.67	2.71	1357560	3869027.00
2014/01/17	2.70	2.70	2.64	2.66	2838382	7960382.00
2014/01/20	2.65	2.65	2.58	2.60	2719638	7514717.00
2014/01/21	2.64	2.64	2.59	2.63	2226474	6172970.00
2014/01/22	2.63	2.69	2.62	2.69	3829812	10790975.00
2014/01/23	2.69	2.70	2.66	2.67	3009935	8495929.00
2014/01/24	2.66	2.71	2.63	2.70	4377298	12364046.00
2014/01/27	2.67	2.69	2.66	2.67	1749684	4939487.00
2014/01/28	2.68	2.71	2.67	2.69	1270902	3610636.00
2014/01/29	2.70	2.71	2.69	2.70	1535661	4381597.00
2014/01/30	2.70	2.71	2.67	2.69	1180168	3349986.00
2014/02/07	2.68	2.68	2.64	2.68	2308088	6498856.00
2014/02/10	2.67	2.74	2.67	2.72	4042446	11586980.00
2014/02/11	2.71	2.77	2.71	2.75	3654974	10576782.00
2014/02/12	2.76	2.77	2.74	2.75	2579678	7482425.00
2014/02/13	2.76	2.76	2.71	2.72	2814258	8121196.00
2014/02/14	2.72	2.76	2.72	2.76	3380677	9763810.00
2014/02/17	2.75	2.79	2.73	2.79	3757352	10957495.00
2014/02/18	2.78	2.78	2.74	2.75	2854257	8303537.00
2014/02/19	2.75	2.79	2.73	2.77	5521872	16025334.00
2014/02/20	2.77	2.81	2.76	2.79	7114109	20889204.00
2014/02/21	2.77	2.78	2.72	2.75	3235400	9386917.00
2014/02/24	2.73	2.74	2.70	2.72	3410536	9758201.00
2014/02/25	2.71	2.72	2.65	2.66	3425856	9723070.00
2014/02/26	2.71	2.92	2.67	2.82	19831502	58696220.00
2014/02/27	2.78	2.82	2.72	2.77	10798875	31483752.00
2014/02/28	2.77	2.78	2.69	2.75	6220206	17969012.00
2014/03/03	2.75	2.78	2.73	2.75	4919352	14287011.00
2014/03/04	2.74	2.77	2.73	2.76	3657192	10606038.00
2014/03/05	2.77	2.77	2.74	2.75	2439232	7078267.00
2014/03/06	2.75	2.76	2.71	2.74	3018662	8712543.00
2014/03/07	2.73	2.76	2.72	2.73	2000701	5778117.00
2014/03/10	2.72	2.73	2.66	2.69	4477866	12694511.00
2014/03/11	2.68	2.70	2.66	2.67	2200151	6215568.00
2014/03/12	2.67	2.69	2.65	2.67	2037280	5732118.00
2014/03/13	2.67	2.70	2.67	2.69	2263732	6418609.00
2014/03/14	2.69	2.70	2.67	2.69	922001	2609706.00
2014/03/17	2.69	2.73	2.66	2.71	2272649	6462556.00
2014/03/18	2.70	2.71	2.68	2.70	2149456	6114609.00
2014/03/19	2.69	2.70	2.67	2.68	1649108	4664186.00
2014/03/20	2.68	2.70	2.66	2.66	2859255	8070155.00
2014/03/21	2.65	2.72	2.65	2.71	3898929	11067067.00
2014/03/24	2.71	2.78	2.70	2.77	5920267	17153444.00
2014/03/25	2.76	2.78	2.74	2.76	3446868	10045028.00
2014/03/26	2.78	2.79	2.75	2.76	2038162	5931027.00
2014/03/27	2.75	2.79	2.73	2.75	2471465	7191973.00
2014/03/28	2.75	2.79	2.75	2.78	3422688	9994171.00
2014/03/31	2.79	2.80	2.75	2.77	2923832	8526674.00
2014/04/01	2.77	2.80	2.76	2.78	3832263	11231749.00
2014/04/02	2.78	2.80	2.78	2.80	3446389	10145872.00
2014/04/03	2.80	2.83	2.78	2.79	3505697	10361360.00
2014/04/04	2.79	2.79	2.75	2.79	1932271	5654163.00
2014/04/08	2.79	2.83	2.78	2.81	3801953	11227051.00
2014/04/09	2.80	2.85	2.80	2.82	2744147	8178739.00
2014/04/10	2.84	2.89	2.81	2.85	7087389	21293460.00
2014/04/11	2.88	2.98	2.88	2.91	20969833	64681800.00
2014/04/14	2.88	2.90	2.86	2.87	7404836	22381068.00
2014/04/15	2.86	2.89	2.85	2.86	6046719	18268564.00
2014/04/16	2.86	2.87	2.83	2.84	4658727	13982081.00
2014/04/17	2.85	2.86	2.84	2.85	2214447	6645515.00
2014/04/18	2.85	2.86	2.83	2.85	3042924	9125563.00
2014/04/21	2.84	2.85	2.81	2.82	3298855	9830028.00
2014/04/22	2.82	2.83	2.78	2.81	2623509	7749826.00
2014/04/23	2.81	2.83	2.80	2.81	2421834	7187221.00
2014/04/24	2.81	2.83	2.80	2.81	1626923	4819203.00
2014/04/25	2.81	2.83	2.79	2.80	2361150	6991031.00
2014/04/28	2.79	2.80	2.74	2.76	2988093	8702193.00
2014/04/29	2.72	2.77	2.71	2.76	3217936	9300935.00
2014/04/30	2.77	2.77	2.73	2.74	2731105	7909160.00
2014/05/05	2.75	2.75	2.71	2.74	4978013	14322290.00
2014/05/06	2.74	2.75	2.72	2.74	3439630	9922887.00
2014/05/07	2.73	2.75	2.72	2.72	3059733	8807611.00
2014/05/08	2.73	2.75	2.71	2.75	4026246	11595130.00
2014/05/09	2.75	2.75	2.71	2.74	4600381	13226055.00
2014/05/12	2.76	2.83	2.74	2.83	12765316	37494008.00
2014/05/13	2.81	2.81	2.78	2.79	6375417	18778708.00
2014/05/14	2.78	2.84	2.78	2.82	5694592	16883476.00
2014/05/15	2.80	2.81	2.77	2.77	2159664	6341491.00
2014/05/16	2.77	2.80	2.74	2.79	3077183	8977128.00
2014/05/19	2.77	2.78	2.75	2.76	1719347	5007145.00
2014/05/20	2.76	2.79	2.76	2.79	2636662	7720578.00
2014/05/21	2.78	2.82	2.76	2.81	3248661	9583002.00
2014/05/22	2.81	2.82	2.79	2.80	1768476	5224294.00
2014/05/23	2.79	2.82	2.79	2.81	1733923	5128629.00
2014/05/26	2.82	2.82	2.80	2.82	1507639	4460462.00
2014/05/27	2.80	2.82	2.79	2.81	1318982	3900320.00
2014/05/28	2.80	2.82	2.80	2.82	2077107	6155978.00
2014/05/29	2.82	2.82	2.79	2.79	1400300	4134282.00
2014/05/30	2.79	2.80	2.78	2.79	1011991	2976245.00
2014/06/03	2.78	2.81	2.77	2.78	1252371	3682719.00
2014/06/04	2.78	2.78	2.74	2.75	2051810	5957863.00
2014/06/05	2.75	2.78	2.75	2.78	1275253	3709387.00
2014/06/06	2.77	2.78	2.75	2.77	1254989	3657943.00
2014/06/09	2.77	2.78	2.74	2.78	2258475	6577345.00
2014/06/10	2.78	2.80	2.76	2.79	2440600	7154627.00
2014/06/11	2.79	2.81	2.77	2.80	2542106	7483514.00
2014/06/12	2.80	2.82	2.79	2.80	2518651	7450562.00
2014/06/13	2.80	2.83	2.79	2.83	3381408	10053337.00
2014/06/16	2.84	2.84	2.80	2.83	3111069	9246471.00
2014/06/17	2.82	2.83	2.79	2.82	2474320	7329554.00
2014/06/18	2.81	2.82	2.76	2.78	2981149	8751020.00
2014/06/19	2.78	2.79	2.74	2.74	1979801	5762697.00
2014/06/20	2.74	2.77	2.73	2.76	1481999	4293042.00
2014/06/23	2.76	2.77	2.74	2.76	2761790	8030303.00
2014/06/24	2.77	2.79	2.76	2.79	1924076	5626811.00
2014/06/25	2.77	2.79	2.76	2.78	822052	2402865.00
2014/06/26	2.78	2.80	2.77	2.79	1511600	4442808.00
2014/06/27	2.79	2.82	2.78	2.81	3347928	9899945.00
2014/06/30	2.82	2.83	2.81	2.82	3104062	9217962.00
2014/07/01	2.83	2.85	2.81	2.84	4140366	12325915.00
2014/07/02	2.83	2.89	2.83	2.88	7108226	21416060.00
2014/07/03	2.88	2.90	2.86	2.88	8423234	25527520.00
2014/07/04	2.88	2.90	2.84	2.84	6634988	18953204.00
2014/07/07	2.84	2.85	2.81	2.82	3719923	10503571.00
2014/07/08	2.83	2.85	2.81	2.85	2798162	7917563.00
2014/07/09	2.83	2.85	2.82	2.83	1925610	5451733.00
2014/07/10	2.83	2.88	2.81	2.84	3815828	10830354.00
2014/07/11	2.83	2.87	2.83	2.87	2789605	7964939.00
2014/07/14	2.87	2.91	2.85	2.89	4755663	13706796.00
2014/07/15	2.89	2.90	2.85	2.87	3360733	9658334.00
2014/07/16	2.88	2.90	2.86	2.89	3434799	9926562.00
2014/07/17	2.90	2.90	2.86	2.89	2880677	8292461.00
2014/07/18	2.90	2.93	2.88	2.92	5194793	15161471.00
2014/07/21	2.92	2.92	2.87	2.88	2701889	7813698.00
2014/07/22	2.88	2.91	2.88	2.90	2750431	7966719.00
2014/07/23	2.89	2.92	2.88	2.90	4188003	12161565.00
2014/07/24	2.89	2.93	2.89	2.92	6725495	19584094.00
2014/07/25	2.92	2.95	2.92	2.95	5481212	16085705.00
2014/07/28	2.96	3.03	2.95	2.99	13119882	39190608.00
2014/07/29	3.00	3.04	2.99	3.02	12538777	37897488.00
2014/07/30	3.02	3.02	2.97	3.00	8196681	24559136.00
2014/07/31	2.99	3.05	2.96	3.02	7124335	21365784.00
2014/08/01	3.01	3.05	2.98	3.01	9206425	27836604.00
2014/08/04	3.00	3.09	3.00	3.07	9187579	28038780.00
2014/08/05	3.07	3.12	3.05	3.11	11223002	34607208.00
2014/08/06	3.12	3.13	3.07	3.10	4820622	14893496.00
2014/08/07	3.10	3.11	3.02	3.04	6088160	18677384.00
2014/08/08	3.04	3.19	3.03	3.13	10259460	32021392.00
2014/08/11	3.14	3.17	3.08	3.16	8180695	25701948.00
2014/08/12	3.15	3.17	3.12	3.14	3842055	12092151.00
2014/08/13	3.15	3.15	3.10	3.12	5715661	17831624.00
2014/08/14	3.11	3.17	3.11	3.12	4706247	14812766.00
2014/08/15	3.12	3.16	3.11	3.14	4270536	13393554.00
2014/08/18	3.16	3.18	3.12	3.16	5588385	17578754.00
2014/08/19	3.16	3.20	3.14	3.19	8818061	27973700.00
2014/08/20	3.18	3.29	3.16	3.25	16377181	53157352.00
2014/08/21	3.24	3.28	3.22	3.26	10274487	33371648.00
2014/08/22	3.25	3.29	3.24	3.28	5084702	16633590.00
2014/08/25	3.28	3.28	3.22	3.23	5775208	18732352.00
2014/08/26	3.22	3.25	3.13	3.14	8328231	26577148.00
2014/08/27	3.14	3.16	3.12	3.14	2984996	9375977.00
2014/08/28	3.14	3.15	3.11	3.12	2320174	7261863.00
2014/08/29	3.12	3.18	3.12	3.17	2692116	8485442.00
2014/09/01	3.17	3.26	3.15	3.20	6639392	21137250.00
2014/09/02	3.20	3.28	3.19	3.27	7916842	25518820.00
2014/09/03	3.26	3.36	3.24	3.28	11827217	38794856.00
2014/09/04	3.28	3.30	3.26	3.28	9629185	31524284.00
2014/09/05	3.28	3.36	3.26	3.33	21457115	71448904.00
2014/09/09	3.33	3.35	3.29	3.33	5115806	16954020.00
2014/09/10	3.31	3.34	3.30	3.33	6396197	21208488.00
2014/09/11	3.33	3.48	3.32	3.41	18340471	62575836.00
2014/09/12	3.41	3.41	3.35	3.40	6049752	20448326.00
2014/09/15	3.40	3.44	3.38	3.42	6752132	23076834.00
2014/09/16	3.43	3.57	3.39	3.40	14384123	49866816.00
2014/09/17	3.40	3.43	3.36	3.41	8598613	29099662.00
2014/09/18	3.41	3.60	3.40	3.50	15800937	55591260.00
2014/09/19	3.50	3.55	3.47	3.51	6921306	24328936.00
2014/09/22	3.52	3.55	3.39	3.42	10034035	34753196.00
2014/09/23	3.41	3.46	3.40	3.44	6220011	21319780.00
2014/09/24	3.42	3.49	3.35	3.48	23576328	80188144.00
2014/09/25	3.48	3.50	3.43	3.44	9423506	32712540.00
2014/09/26	3.41	3.47	3.41	3.44	6810817	23421508.00
2014/09/29	3.45	3.51	3.44	3.47	10843074	37725152.00
2014/09/30	3.48	3.52	3.47	3.50	10659802	37226904.00
2014/10/08	3.50	3.54	3.48	3.53	12627975	44383804.00
2014/10/09	3.54	3.56	3.49	3.51	11424660	40189924.00
2014/10/10	3.51	3.53	3.47	3.50	11772631	41301836.00
2014/10/13	3.50	3.50	3.46	3.48	9166528	31885256.00
2014/10/14	3.47	3.50	3.45	3.49	10118778	35191400.00
2014/10/15	3.50	3.58	3.49	3.55	17961986	63531616.00
2014/10/16	3.52	3.58	3.50	3.52	16515722	58407468.00
2014/10/17	3.51	3.54	3.41	3.45	10972147	38114588.00
2014/10/20	3.46	3.57	3.41	3.52	20954271	72821792.00
2014/10/21	3.49	3.50	3.43	3.44	9838197	34100712.00
2014/10/22	3.45	3.46	3.39	3.39	7212900	24722676.00
2014/10/23	3.40	3.41	3.31	3.33	9015833	30184416.00
2014/10/24	3.32	3.37	3.32	3.33	5128400	17158060.00
2014/10/27	3.32	3.37	3.32	3.34	3688000	12336256.00
2014/10/28	3.33	3.42	3.33	3.41	4564729	15456099.00
2014/10/29	3.42	3.50	3.41	3.49	15308480	53118280.00
2014/10/30	3.49	3.75	3.47	3.65	37166437	134512096.00
2014/10/31	3.65	3.70	3.60	3.64	24289471	88483768.00
2014/11/03	3.65	3.87	3.64	3.81	37180354	139506592.00
2014/11/04	3.75	3.84	3.73	3.79	23752795	89991328.00
2014/11/05	3.77	3.81	3.71	3.71	19322054	72265456.00
2014/11/06	3.73	3.74	3.65	3.70	13099085	48418232.00
2014/11/07	3.69	3.84	3.68	3.73	21642249	81680464.00
2014/11/10	3.74	3.98	3.74	3.97	40633693	158166560.00
2014/11/11	4.01	4.19	3.89	3.91	54523095	220901136.00
2014/11/12	3.89	3.98	3.83	3.97	18587720	72675592.00
2014/11/13	3.97	3.97	3.88	3.90	15583383	61041104.00
2014/11/14	3.91	3.92	3.84	3.88	14281620	55381864.00
2014/11/17	3.89	3.92	3.78	3.79	18498250	71268576.00
2014/11/18	3.77	3.79	3.70	3.75	14111820	52935384.00
2014/11/19	3.73	3.76	3.71	3.74	8614940	32157200.00
2014/11/20	3.75	3.78	3.72	3.77	7922290	29745384.00
2014/11/21	3.77	3.83	3.74	3.83	11868349	44944528.00
2014/11/24	3.88	3.93	3.84	3.91	21032876	81897024.00
2014/11/25	3.90	4.00	3.90	3.96	19622962	77657456.00
2014/11/26	3.96	3.98	3.90	3.95	17784133	70015408.00
2014/11/27	3.97	4.01	3.92	3.99	23696794	94228952.00
2014/11/28	3.99	4.32	3.97	4.12	40576291	168587152.00
2014/12/01	4.13	4.31	4.13	4.23	48971248	207747584.00
2014/12/02	4.25	4.26	4.12	4.23	34328064	144273824.00
2014/12/03	4.22	4.34	4.20	4.25	33941108	144568096.00
2014/12/04	4.25	4.39	4.22	4.35	31335207	135585552.00
2014/12/05	4.34	4.39	4.11	4.22	39647446	167576960.00
2014/12/08	4.28	4.37	4.20	4.37	41768558	180134144.00
2014/12/09	4.38	4.75	4.27	4.29	66301289	299399584.00
2014/12/10	4.27	4.58	4.18	4.57	43565380	192461664.00
2014/12/11	4.53	4.75	4.50	4.62	43405331	200998144.00
2014/12/12	4.70	5.08	4.70	5.00	66976811	331390112.00
2014/12/15	4.91	5.00	4.80	4.95	43843100	214326432.00
2014/12/16	4.94	4.95	4.78	4.86	31716539	153391104.00
2014/12/17	4.85	4.89	4.73	4.83	26093309	125895840.00
2014/12/18	4.80	4.87	4.75	4.82	22463526	108207192.00
2014/12/19	4.80	5.03	4.78	5.01	43832102	215945760.00
2014/12/22	5.05	5.25	4.90	4.95	49831256	252916208.00
2014/12/23	4.96	4.99	4.73	4.78	23288543	113199800.00
2014/12/24	4.78	4.84	4.57	4.62	23076135	107991528.00
2014/12/25	4.67	4.80	4.61	4.79	19984855	93894280.00
2014/12/26	4.79	4.96	4.77	4.89	23675388	115915296.00
2014/12/29	4.92	5.20	4.92	5.11	45469329	230478224.00
2014/12/30	5.11	5.11	4.88	4.95	32367921	161024336.00
2014/12/31	4.95	5.15	4.95	5.04	27498082	138713536.00
2015/01/05	5.05	5.32	5.01	5.27	61603938	319456704.00
2015/01/06	5.26	5.69	5.17	5.48	59916064	325619136.00
2015/01/07	5.45	5.45	5.27	5.35	26246336	140520960.00
2015/01/08	5.36	5.37	5.10	5.12	27890481	144878480.00
2015/01/09	5.11	5.23	5.04	5.10	26297084	134627888.00
2015/01/12	5.09	5.10	4.89	4.95	21053407	105100792.00
2015/01/13	4.93	5.04	4.91	4.95	12116873	60233024.00
2015/01/14	4.96	5.00	4.91	4.94	9839170	48700672.00
2015/01/15	4.96	5.13	4.92	5.12	17362985	87542856.00
2015/01/16	5.15	5.17	5.04	5.08	26253867	134220848.00
2015/01/19	4.80	4.91	4.57	4.57	36850227	173242688.00
2015/01/20	4.58	4.73	4.58	4.66	19688944	91713088.00
2015/01/21	4.69	4.84	4.65	4.83	17544157	83577544.00
2015/01/22	4.85	4.88	4.80	4.86	13527897	65521856.00
2015/01/23	4.86	4.89	4.76	4.79	19861745	96050264.00
2015/01/26	4.79	4.85	4.65	4.83	28241083	133989528.00
2015/01/27	4.80	5.20	4.70	5.19	66456320	332552960.00
2015/01/28	5.10	5.47	5.05	5.23	70571649	373029120.00
2015/01/29	5.09	5.23	5.02	5.08	28602784	145595136.00
2015/01/30	5.09	5.14	4.90	4.97	23434797	117808896.00
2015/02/02	4.82	4.87	4.67	4.69	25629519	122149384.00
2015/02/03	4.70	4.78	4.67	4.74	22155661	104568544.00
2015/02/04	4.75	4.80	4.67	4.68	15746167	74716928.00
2015/02/05	4.78	4.79	4.63	4.64	16893215	79162912.00
2015/02/06	4.61	4.64	4.46	4.52	15081760	68333136.00
2015/02/09	4.52	4.53	4.43	4.48	9113704	40780344.00
2015/02/10	4.48	4.59	4.46	4.59	8754201	39796812.00
2015/02/11	4.60	4.67	4.60	4.63	8183866	37928912.00
2015/02/12	4.65	4.68	4.59	4.63	8022627	37219608.00
2015/02/13	4.66	4.72	4.63	4.69	12682831	59439128.00
2015/02/16	4.69	4.73	4.65	4.72	8975329	42226736.00
2015/02/17	4.72	4.83	4.72	4.77	13222817	63361948.00
2015/02/25	4.78	4.82	4.75	4.78	9558141	45778860.00
2015/02/26	4.78	4.92	4.75	4.91	18541464	89910408.00
2015/02/27	4.94	5.01	4.91	4.96	17504957	86932112.00
2015/03/02	5.00	5.00	4.91	4.96	17577912	86943128.00
2015/03/03	4.93	4.95	4.87	4.87	16152986	79255664.00
2015/03/04	4.87	4.91	4.85	4.91	11355025	55460908.00
2015/03/05	4.88	4.90	4.78	4.82	13001284	62830892.00
2015/03/06	4.79	4.87	4.79	4.83	9161707	44263788.00
2015/03/09	4.83	4.88	4.74	4.87	13807733	66447416.00
2015/03/10	4.87	4.93	4.85	4.92	15146208	74276272.00
2015/03/11	4.94	4.98	4.89	4.91	15703301	77613760.00
2015/03/12	4.91	4.99	4.90	4.97	16609605	82278512.00
2015/03/13	5.00	5.00	4.95	4.98	14802678	73634048.00
2015/03/16	5.00	5.25	4.99	5.25	42604372	220252192.00
2015/03/17	5.35	5.78	5.21	5.65	81740510	447180384.00
2015/03/18	5.66	6.18	5.65	6.07	101318962	600702144.00
2015/03/19	6.09	6.09	5.75	5.98	57913042	345266848.00
2015/03/20	6.00	6.02	5.84	5.93	41255558	244423472.00
2015/03/23	5.95	6.50	5.93	6.49	73046490	449332192.00
2015/03/24	6.43	7.00	6.10	6.91	109440702	712010368.00
2015/03/25	6.80	6.83	6.61	6.63	40978161	275518592.00
2015/03/26	6.58	6.85	6.49	6.60	31606301	209758688.00
2015/03/27	6.60	6.70	6.55	6.65	23477329	155406384.00
2015/03/30	6.72	6.87	6.60	6.70	32696725	219344448.00
2015/03/31	6.80	6.80	6.46	6.50	38684734	255590912.00
2015/04/01	6.68	6.96	6.62	6.86	59995179	407770560.00
2015/04/02	6.89	7.38	6.80	7.24	63899941	457659296.00
2015/04/03	7.37	7.96	7.20	7.96	106861584	818291136.00
2015/04/07	8.00	8.39	7.98	8.01	72626368	589574848.00
2015/04/08	8.03	8.05	7.50	7.72	67159657	519408704.00
2015/04/09	7.80	7.80	7.32	7.54	44295986	332146304.00
2015/04/10	7.55	7.78	7.53	7.66	30651959	235095632.00
2015/04/13	7.68	8.32	7.68	8.11	47881171	384889248.00
2015/04/14	8.11	8.67	8.09	8.36	54807883	461600320.00
2015/04/15	8.36	8.86	8.10	8.27	74079617	628793408.00
2015/04/16	8.13	8.20	7.70	8.08	42628024	341502848.00
2015/04/17	8.10	8.27	8.00	8.13	50984506	415211520.00
2015/04/20	8.02	8.07	7.68	7.79	51811208	407260960.00
2015/04/21	7.74	7.92	7.51	7.89	44095539	342178560.00
2015/04/22	7.94	8.26	7.82	8.17	54014332	434892672.00
2015/04/23	8.22	8.25	8.05	8.17	48489096	394939040.00
2015/04/24	8.01	8.09	7.75	7.97	34807628	276690336.00
2015/04/27	8.01	8.08	7.88	7.97	38741194	309536192.00
2015/04/28	7.98	8.34	7.83	8.31	77432324	630083584.00
2015/04/29	8.32	8.53	8.13	8.34	69775641	580799680.00
2015/04/30	8.33	8.40	8.08	8.09	40551709	332119648.00
2015/05/05	8.29	8.29	8.29	8.29	0	0.00
数据来源:通达信
