601600 中国铝业 日线 前复权
      日期	    开盘	    最高	    最低	    收盘	    成交量	    成交额
2011/10/10	8.13	8.21	8.12	8.13	7445469	60741764.00
2011/10/11	8.28	8.35	8.14	8.20	7981648	65883296.00
2011/10/12	8.15	8.42	8.14	8.41	16860214	140629024.00
2011/10/13	8.41	8.60	8.35	8.52	18439021	156226112.00
2011/10/14	8.48	8.51	8.36	8.45	8953360	75526744.00
2011/10/17	8.50	8.52	8.42	8.44	6824531	57719856.00
2011/10/18	8.40	8.46	8.20	8.22	10414523	86825672.00
2011/10/19	8.22	8.40	8.18	8.20	6082437	50199332.00
2011/10/20	8.16	8.19	7.93	7.98	9854210	79095120.00
2011/10/21	8.00	8.09	7.92	7.94	6554038	52406688.00
2011/10/24	7.99	8.19	7.93	8.14	7789183	62825692.00
2011/10/26	8.25	8.42	8.25	8.35	19302678	160950976.00
2011/10/27	8.33	8.41	8.29	8.36	11894602	99503600.00
2011/10/28	8.50	8.57	8.41	8.48	15711794	133638040.00
2011/10/31	8.45	8.52	8.33	8.40	10723260	90108136.00
2011/11/01	8.30	8.48	8.27	8.33	16660857	139303184.00
2011/11/02	8.23	8.44	8.17	8.43	13737280	113621008.00
2011/11/03	8.46	8.70	8.42	8.52	21978454	188105856.00
2011/11/04	8.58	8.71	8.54	8.59	15548210	134037376.00
2011/11/07	8.52	8.65	8.50	8.53	10004235	85649224.00
2011/11/08	8.58	8.65	8.48	8.50	10080841	86205456.00
2011/11/09	8.56	8.62	8.38	8.53	8763358	74468968.00
2011/11/10	8.39	8.42	8.30	8.31	11926299	99496736.00
2011/11/11	8.36	8.41	8.29	8.35	6873701	57350736.00
2011/11/14	8.39	8.55	8.39	8.48	10568838	89544400.00
2011/11/15	8.50	8.54	8.44	8.49	8833250	74986552.00
2011/11/16	8.50	8.50	8.21	8.24	11843030	98837264.00
2011/11/17	8.30	8.34	8.24	8.25	7784921	64460536.00
2011/11/18	8.21	8.23	8.07	8.10	9600194	78137648.00
2011/11/21	8.10	8.15	8.07	8.13	4908054	39830424.00
2011/11/22	8.09	8.19	8.00	8.06	6953322	56077844.00
2011/11/23	8.07	8.11	7.96	8.00	7839254	62819128.00
2011/11/24	7.97	8.03	7.92	7.98	8346610	66608464.00
2011/11/25	7.98	8.03	7.91	7.92	5694324	45340908.00
2011/11/28	7.96	8.06	7.91	7.93	5283055	42020664.00
2011/11/29	8.00	8.03	7.94	8.01	5975281	47734212.00
2011/11/30	8.00	8.01	7.60	7.68	10817322	84005472.00
2011/12/01	7.90	8.02	7.68	7.90	12731891	100794616.00
2011/12/02	7.85	7.87	7.75	7.81	7456181	58266684.00
2011/12/05	7.89	7.89	7.71	7.72	7236611	56445752.00
2011/12/06	7.70	7.74	7.60	7.66	4970022	38051932.00
2011/12/07	7.72	7.72	7.62	7.67	4899191	37548624.00
2011/12/08	7.68	7.79	7.59	7.68	5143093	39434352.00
2011/12/09	7.67	7.72	7.63	7.65	4188728	32109728.00
2011/12/12	7.65	7.68	7.52	7.53	4352380	33071160.00
2011/12/13	7.47	7.56	7.32	7.32	7837010	58234112.00
2011/12/14	7.32	7.33	7.10	7.10	5356572	38616672.00
2011/12/15	7.00	7.00	6.78	6.78	11003283	75486336.00
2011/12/16	6.69	6.89	6.69	6.84	9157121	62159148.00
2011/12/19	6.80	6.82	6.34	6.61	15435030	101054208.00
2011/12/20	6.60	6.66	6.50	6.57	8951666	58909404.00
2011/12/21	6.60	6.65	6.38	6.39	6439178	42223900.00
2011/12/22	6.35	6.54	6.23	6.44	10149830	64612528.00
2011/12/23	6.40	6.62	6.38	6.53	7983842	52136320.00
2011/12/26	6.44	6.63	6.41	6.52	6429871	41992896.00
2011/12/27	6.52	6.55	6.40	6.41	5213069	33699856.00
2011/12/28	6.43	6.45	6.30	6.44	8030934	51202208.00
2011/12/29	6.39	6.43	6.32	6.35	7816418	49820700.00
2011/12/30	6.39	6.45	6.35	6.42	8906071	56984024.00
2012/01/04	6.47	6.50	6.30	6.31	10124853	64856912.00
2012/01/05	6.32	6.37	6.16	6.17	9909301	62119012.00
2012/01/06	6.20	6.26	6.11	6.25	7287228	45031220.00
2012/01/09	6.25	6.54	6.15	6.47	13704514	87315984.00
2012/01/10	6.45	6.84	6.43	6.81	23513177	156628432.00
2012/01/11	6.78	6.90	6.76	6.82	14249251	97034384.00
2012/01/12	6.78	6.93	6.75	6.83	10997029	75193856.00
2012/01/13	6.84	6.90	6.69	6.78	14321585	97283376.00
2012/01/16	6.61	6.78	6.61	6.65	7708866	51601472.00
2012/01/17	6.65	7.32	6.65	7.32	28580724	202170544.00
2012/01/18	7.40	7.67	7.13	7.17	33942777	253118016.00
2012/01/19	7.10	7.29	7.05	7.22	17484209	125575696.00
2012/01/20	7.22	7.29	7.16	7.22	10634638	76850176.00
2012/01/30	7.27	7.28	7.12	7.14	10211457	73335608.00
2012/01/31	7.10	7.20	7.09	7.13	7255665	51767368.00
2012/02/01	7.10	7.14	6.86	6.89	11486353	80509984.00
2012/02/02	6.92	7.05	6.88	7.04	9108011	63372208.00
2012/02/03	7.00	7.10	6.95	7.06	9252406	65052860.00
2012/02/06	7.07	7.11	6.99	7.04	7274888	51277436.00
2012/02/07	7.01	7.06	6.88	6.96	7631372	53100016.00
2012/02/08	6.96	7.31	6.93	7.24	17400851	124614704.00
2012/02/09	7.22	7.25	7.11	7.19	13704007	98444640.00
2012/02/10	7.18	7.27	7.15	7.21	11031852	79532368.00
2012/02/13	7.17	7.27	7.13	7.20	10257596	73926552.00
2012/02/14	7.21	7.26	7.15	7.16	7662753	55039144.00
2012/02/15	7.15	7.35	7.15	7.29	16953812	123526344.00
2012/02/16	7.24	7.29	7.20	7.24	12629427	91351728.00
2012/02/17	7.29	7.31	7.20	7.23	8771658	63666640.00
2012/02/20	7.32	7.34	7.23	7.24	8517683	62036628.00
2012/02/21	7.30	7.30	7.15	7.27	9887320	71625808.00
2012/02/22	7.28	7.34	7.24	7.34	12521911	91397768.00
2012/02/23	7.31	7.40	7.30	7.39	17954635	132180736.00
2012/02/24	7.39	7.45	7.31	7.43	18721649	138256784.00
2012/02/27	7.45	7.72	7.44	7.55	28606226	217611696.00
2012/02/28	7.54	7.59	7.47	7.59	16555381	124736640.00
2012/02/29	7.57	7.68	7.49	7.51	14167648	107061344.00
2012/03/01	7.48	7.50	7.40	7.45	7591208	56608068.00
2012/03/02	7.44	7.56	7.44	7.54	10505531	79032072.00
2012/03/05	7.52	7.58	7.47	7.48	13996239	105221216.00
2012/03/06	7.46	7.47	7.31	7.33	10872543	80086232.00
2012/03/07	7.28	7.30	7.18	7.23	11928012	86173816.00
2012/03/08	7.23	7.42	7.21	7.34	12631768	92269120.00
2012/03/09	7.37	7.40	7.21	7.33	11136672	81539424.00
2012/03/12	7.34	7.45	7.26	7.38	14710864	108379024.00
2012/03/13	7.39	7.46	7.32	7.44	15369186	113942616.00
2012/03/14	7.47	7.66	6.80	7.15	47154904	346529760.00
2012/03/15	7.07	7.13	6.93	6.95	23198687	163677200.00
2012/03/16	7.00	7.07	6.90	7.04	12931663	90606496.00
2012/03/19	7.05	7.11	6.91	7.08	17739260	124452400.00
2012/03/20	6.99	7.04	6.88	6.90	16066136	111561640.00
2012/03/21	6.95	7.59	6.85	7.59	127921025	962450496.00
2012/03/22	7.55	7.55	7.25	7.38	61955592	457054272.00
2012/03/23	7.30	7.38	7.16	7.26	44719790	324599264.00
2012/03/26	7.23	7.34	7.13	7.23	21928413	158711472.00
2012/03/27	7.26	7.57	7.03	7.05	40678713	292440992.00
2012/03/28	7.07	7.09	6.60	6.64	33451336	227286912.00
2012/03/29	6.63	6.64	6.45	6.51	21717013	142510656.00
2012/03/30	6.58	6.61	6.50	6.57	12333571	80862888.00
2012/04/05	6.70	6.82	6.63	6.81	25730831	172631264.00
2012/04/06	6.80	6.85	6.71	6.75	16935603	114473488.00
2012/04/09	6.76	6.80	6.68	6.70	12126914	81614392.00
2012/04/10	6.68	6.77	6.55	6.76	12547598	83471448.00
2012/04/11	6.68	6.77	6.62	6.68	11506570	76945592.00
2012/04/12	6.71	6.84	6.69	6.83	18683381	126679000.00
2012/04/13	6.85	6.91	6.81	6.87	16941076	116245608.00
2012/04/16	6.80	6.87	6.78	6.83	9644216	65804868.00
2012/04/17	6.85	6.85	6.75	6.76	9235343	62775656.00
2012/04/18	6.81	6.93	6.76	6.91	14924527	102480440.00
2012/04/19	6.91	6.93	6.84	6.89	10053031	69211488.00
2012/04/20	6.88	7.04	6.85	7.00	16657336	116007560.00
2012/04/23	6.98	7.06	6.90	6.93	11796368	82179312.00
2012/04/24	6.93	7.10	6.80	7.00	23379487	163084112.00
2012/04/25	6.99	7.03	6.88	7.01	15259167	106293456.00
2012/04/26	7.03	7.37	7.02	7.18	34164604	246605280.00
2012/04/27	7.19	7.19	7.03	7.08	14744480	104568160.00
2012/05/02	7.16	7.39	7.09	7.23	32359906	234775456.00
2012/05/03	7.23	7.38	7.17	7.20	27302140	198384224.00
2012/05/07	7.32	7.89	7.30	7.50	75243771	568757760.00
2012/05/08	7.43	7.53	7.25	7.39	49425778	364564576.00
2012/05/09	7.30	7.30	7.11	7.15	36074748	259311360.00
2012/05/10	7.09	7.36	7.07	7.19	30691762	221373792.00
2012/05/11	7.18	7.31	7.09	7.10	22430565	161077216.00
2012/05/14	7.14	7.18	6.95	6.97	23298266	164631968.00
2012/05/15	6.88	6.97	6.82	6.91	15543494	106990960.00
2012/05/16	6.91	6.92	6.69	6.72	20943613	142007376.00
2012/05/17	6.72	6.89	6.65	6.84	16425435	111479232.00
2012/05/18	6.80	6.90	6.74	6.81	16500972	112261744.00
2012/05/21	6.81	6.96	6.75	6.95	18421977	126457000.00
2012/05/22	6.95	6.98	6.89	6.93	11790388	81787792.00
2012/05/23	6.91	6.92	6.77	6.81	12101169	82741712.00
2012/05/24	6.77	6.87	6.76	6.78	8236417	56086900.00
2012/05/25	6.81	6.84	6.72	6.74	7319942	49639804.00
2012/05/28	6.73	6.88	6.61	6.84	13677718	92468184.00
2012/05/29	6.85	6.97	6.83	6.94	17105065	118349888.00
2012/05/30	6.93	6.96	6.85	6.93	12813551	88224088.00
2012/05/31	6.83	6.90	6.80	6.87	10204164	70000920.00
2012/06/01	6.86	7.04	6.86	6.90	17063243	118755256.00
2012/06/04	6.78	6.78	6.65	6.65	15145316	101593432.00
2012/06/05	6.65	6.72	6.62	6.65	7383285	49206108.00
2012/06/06	6.68	6.73	6.64	6.67	6003409	40125796.00
2012/06/07	6.75	6.77	6.59	6.60	7394153	49370712.00
2012/06/08	6.66	6.69	6.57	6.57	6971577	46167428.00
2012/06/11	6.61	6.74	6.61	6.72	6773308	45234184.00
2012/06/12	6.66	6.72	6.60	6.64	5736780	38109992.00
2012/06/13	6.66	6.70	6.59	6.68	8071924	53666412.00
2012/06/14	6.67	6.69	6.63	6.65	5979759	39792904.00
2012/06/15	6.63	6.70	6.63	6.68	6954594	46372668.00
2012/06/18	6.72	6.77	6.68	6.71	7533623	50628128.00
2012/06/19	6.68	6.70	6.61	6.63	4829154	32091932.00
2012/06/20	6.67	6.73	6.64	6.68	6258785	41823424.00
2012/06/21	6.68	6.68	6.50	6.55	7473202	49060232.00
2012/06/25	6.53	6.55	6.40	6.41	8240650	53408100.00
2012/06/26	6.41	6.45	6.35	6.39	6462456	41324776.00
2012/06/27	6.41	6.45	6.26	6.27	6827104	43467208.00
2012/06/28	6.30	6.34	6.16	6.17	10227101	63488680.00
2012/07/02	6.27	6.30	6.18	6.21	9324966	58086400.00
2012/07/03	6.22	6.30	6.00	6.21	9853636	61321552.00
2012/07/04	6.23	6.28	6.21	6.26	5940202	37136312.00
2012/07/05	6.22	6.25	6.12	6.19	6742020	41691316.00
2012/07/06	6.19	6.35	6.17	6.32	8562176	53693964.00
2012/07/09	6.26	6.29	6.15	6.16	7246780	45113348.00
2012/07/10	6.19	6.28	6.16	6.20	5970768	37081016.00
2012/07/11	6.20	6.32	6.18	6.28	8219051	51445932.00
2012/07/12	6.25	6.34	6.17	6.28	13307641	83501440.00
2012/07/13	6.26	6.34	6.23	6.24	7069662	44352984.00
2012/07/16	6.27	6.27	6.10	6.11	8467446	52202904.00
2012/07/17	6.11	6.22	6.11	6.17	5462469	33687576.00
2012/07/18	6.21	6.21	6.08	6.17	5897066	36309984.00
2012/07/19	6.19	6.29	6.16	6.21	8143142	50663616.00
2012/07/20	6.20	6.23	6.13	6.13	5788729	35676744.00
2012/07/23	6.10	6.12	6.02	6.04	6519047	39434328.00
2012/07/24	6.05	6.08	5.99	6.04	8151403	49207160.00
2012/07/25	6.04	6.07	5.99	6.01	5363442	32289118.00
2012/07/26	6.00	6.09	6.00	6.01	7301774	44128720.00
2012/07/27	6.06	6.09	6.03	6.05	5418054	32816064.00
2012/07/30	6.07	6.10	5.91	5.97	7107748	42804904.00
2012/07/31	5.99	6.01	5.79	5.82	9593074	56230224.00
2012/08/01	5.88	5.95	5.83	5.90	6364649	37576944.00
2012/08/02	5.90	5.92	5.83	5.86	3755787	22052012.00
2012/08/03	5.90	5.97	5.83	5.94	6320614	37418176.00
2012/08/06	5.95	6.07	5.94	6.05	8181844	49231712.00
2012/08/07	6.04	6.24	6.02	6.13	12490971	76486176.00
2012/08/08	6.15	6.31	6.14	6.18	13652157	84955832.00
2012/08/09	6.20	6.22	6.10	6.17	8834464	54441552.00
2012/08/10	6.16	6.19	6.12	6.15	5264408	32386640.00
2012/08/13	6.15	6.21	6.12	6.14	7740898	47860792.00
2012/08/14	6.20	6.22	6.08	6.14	8145492	50213080.00
2012/08/15	6.13	6.15	6.03	6.04	4927920	29899074.00
2012/08/16	6.01	6.07	5.95	5.96	4908754	29564270.00
2012/08/17	5.96	6.01	5.90	6.00	5448197	32489222.00
2012/08/20	5.93	6.00	5.88	5.95	5200233	30767118.00
2012/08/21	5.93	5.97	5.87	5.92	8088900	47943952.00
2012/08/22	5.91	5.91	5.79	5.83	10260619	59850540.00
2012/08/23	5.86	5.92	5.79	5.90	12198008	71660576.00
2012/08/24	5.85	5.87	5.80	5.82	8888628	51835428.00
2012/08/27	5.82	5.82	5.50	5.56	13627760	76386944.00
2012/08/28	5.55	5.60	5.51	5.56	6191503	34371648.00
2012/08/29	5.55	5.56	5.46	5.46	5079406	27972216.00
2012/08/30	5.50	5.50	5.30	5.35	9374663	50643136.00
2012/08/31	5.35	5.37	5.13	5.16	12094180	63139768.00
2012/09/03	5.17	5.18	5.12	5.14	13860888	71328352.00
2012/09/04	5.14	5.16	5.00	5.04	12950334	65684280.00
2012/09/05	4.99	4.99	4.89	4.97	11497288	56793920.00
2012/09/06	4.94	5.02	4.94	5.00	8363853	41674804.00
2012/09/07	5.05	5.34	5.03	5.25	26570497	138264240.00
2012/09/10	5.28	5.39	5.24	5.35	21956517	116557712.00
2012/09/11	5.30	5.31	5.20	5.26	10261832	53707880.00
2012/09/12	5.31	5.40	5.25	5.32	16291872	86557816.00
2012/09/13	5.31	5.31	5.23	5.23	8793480	46286448.00
2012/09/14	5.33	5.42	5.28	5.33	15478084	82499936.00
2012/09/17	5.30	5.40	5.21	5.22	12238474	65047452.00
2012/09/18	5.16	5.20	5.02	5.05	11618487	59017376.00
2012/09/19	5.06	5.11	5.03	5.10	10010653	50754820.00
2012/09/20	5.05	5.08	4.96	4.96	11217610	56241848.00
2012/09/21	4.96	5.04	4.95	4.99	11755414	58695040.00
2012/09/24	4.91	5.00	4.78	4.94	16517126	80527000.00
2012/09/25	4.90	4.97	4.84	4.86	7179189	35121932.00
2012/09/26	4.86	4.90	4.72	4.77	8180669	39291952.00
2012/09/27	4.73	5.00	4.73	4.94	12952995	63337652.00
2012/09/28	4.87	5.00	4.87	4.98	13491962	66710868.00
2012/10/08	4.98	5.04	4.92	4.93	8238647	40880220.00
2012/10/09	4.95	5.14	4.93	5.09	15808417	79901504.00
2012/10/10	5.09	5.11	5.01	5.09	9508365	48188024.00
2012/10/11	5.06	5.20	5.02	5.07	14859193	75784960.00
2012/10/12	5.09	5.14	5.04	5.08	10499685	53427880.00
2012/10/15	5.08	5.08	4.97	5.00	7917573	39658316.00
2012/10/16	5.01	5.04	4.97	4.99	6187589	30972844.00
2012/10/17	5.01	5.04	4.98	5.01	6856304	34382600.00
2012/10/18	5.04	5.13	5.03	5.10	10204275	51960824.00
2012/10/19	5.10	5.16	5.09	5.12	9673313	49469768.00
2012/10/22	5.10	5.14	5.05	5.11	7862297	40049980.00
2012/10/23	5.12	5.14	5.05	5.06	5748518	29267946.00
2012/10/24	5.06	5.11	5.03	5.10	8157439	41495576.00
2012/10/25	5.11	5.18	5.07	5.11	11010458	56494268.00
2012/10/26	5.10	5.10	4.90	4.90	12952419	64339360.00
2012/10/29	4.90	4.92	4.76	4.80	7519701	36352516.00
2012/10/30	4.82	4.87	4.79	4.83	7954002	38406424.00
2012/10/31	4.83	4.85	4.80	4.84	5511979	26573700.00
2012/11/01	4.85	4.97	4.83	4.95	7988587	39317400.00
2012/11/02	4.95	4.99	4.92	4.96	8541096	42276920.00
2012/11/05	4.96	4.97	4.91	4.94	7959330	39327624.00
2012/11/06	4.95	4.96	4.81	4.89	11064696	53666976.00
2012/11/07	4.88	4.94	4.83	4.86	9882288	48226304.00
2012/11/08	4.83	4.83	4.74	4.75	9494454	45376936.00
2012/11/09	4.76	4.79	4.73	4.75	4793800	22807098.00
2012/11/12	4.76	4.82	4.75	4.81	6160976	29430664.00
2012/11/13	4.81	4.81	4.72	4.73	5870037	27868572.00
2012/11/14	4.75	5.20	4.74	4.95	31322982	156803280.00
2012/11/15	4.89	4.91	4.78	4.82	15201236	73621224.00
2012/11/16	4.82	4.86	4.76	4.78	10857788	52080000.00
2012/11/19	4.78	4.80	4.71	4.76	7134617	33897612.00
2012/11/20	4.79	4.81	4.71	4.71	7273511	34491404.00
2012/11/21	4.69	4.99	4.68	4.83	12250679	58748592.00
2012/11/22	4.80	4.86	4.76	4.78	5825532	27972252.00
2012/11/23	4.83	4.87	4.72	4.81	6720887	32412600.00
2012/11/26	4.82	4.83	4.73	4.74	7058904	33689476.00
2012/11/27	4.73	4.75	4.65	4.67	10758633	50477420.00
2012/11/28	4.66	4.69	4.56	4.57	7173308	33164572.00
2012/11/29	4.57	4.62	4.55	4.57	5722868	26254206.00
2012/11/30	4.56	4.67	4.56	4.59	6731271	31031100.00
2012/12/03	4.59	4.66	4.56	4.58	6706629	30855928.00
2012/12/04	4.55	4.69	4.55	4.66	8419084	38856364.00
2012/12/05	4.65	4.84	4.62	4.75	25570118	121443416.00
2012/12/06	4.74	4.79	4.68	4.73	11192088	53087104.00
2012/12/07	4.74	4.85	4.71	4.82	17929939	85899320.00
2012/12/10	4.85	4.88	4.81	4.86	17840369	86601800.00
2012/12/11	4.84	4.88	4.80	4.84	12976616	62811336.00
2012/12/12	4.83	4.85	4.76	4.82	10552140	50666428.00
2012/12/13	4.79	4.84	4.68	4.75	10283772	49113976.00
2012/12/14	4.75	4.96	4.73	4.95	27112239	132717128.00
2012/12/17	4.94	5.14	4.92	5.05	28707216	144504704.00
2012/12/18	5.04	5.38	4.99	5.14	36105909	186172160.00
2012/12/19	5.12	5.19	5.07	5.11	16763454	85893488.00
2012/12/20	5.09	5.16	5.05	5.14	14832677	75690216.00
2012/12/21	5.14	5.22	5.05	5.06	21638361	110704872.00
2012/12/24	5.06	5.12	4.98	5.00	16866743	84749920.00
2012/12/25	4.99	5.14	4.94	5.09	24297396	123365136.00
2012/12/26	5.09	5.14	5.06	5.11	21367571	109255952.00
2012/12/27	5.13	5.18	5.03	5.07	20947999	106951248.00
2012/12/28	5.07	5.15	5.07	5.13	22131330	113183616.00
2012/12/31	5.15	5.20	5.10	5.13	26293045	135747952.00
2013/01/04	5.21	5.27	5.17	5.20	28565359	148654576.00
2013/01/07	5.21	5.23	5.10	5.16	24701774	127676072.00
2013/01/08	5.16	5.17	5.09	5.16	16448946	84401928.00
2013/01/09	5.15	5.22	5.11	5.18	26445756	136824080.00
2013/01/10	5.21	5.32	5.16	5.25	42682121	223030720.00
2013/01/11	5.27	5.31	5.07	5.11	32519683	168597376.00
2013/01/14	5.11	5.21	5.04	5.19	33904074	174004032.00
2013/01/15	5.18	5.24	5.15	5.22	36449628	189268752.00
2013/01/16	5.21	5.31	5.12	5.24	41616641	217873472.00
2013/01/17	5.24	5.26	5.14	5.17	23346590	121074608.00
2013/01/18	5.22	5.28	5.15	5.26	29890700	155932464.00
2013/01/21	5.25	5.26	5.19	5.23	25876928	135197680.00
2013/01/22	5.24	5.24	5.10	5.13	23487586	121417736.00
2013/01/23	5.14	5.17	5.09	5.14	15792465	80984928.00
2013/01/24	5.13	5.20	5.05	5.09	22460095	115284368.00
2013/01/25	5.08	5.16	5.07	5.13	16102582	82229920.00
2013/01/28	5.15	5.16	5.11	5.16	19201754	98618360.00
2013/01/29	5.18	5.23	5.13	5.22	33723942	174492304.00
2013/01/30	5.18	5.22	5.11	5.14	35577857	183719904.00
2013/01/31	5.16	5.22	5.14	5.17	25080289	130013232.00
2013/02/01	5.15	5.15	5.08	5.14	27144242	138646368.00
2013/02/04	5.14	5.34	5.12	5.27	58432949	306309632.00
2013/02/05	5.22	5.31	5.20	5.29	34656026	182109200.00
2013/02/06	5.29	5.34	5.25	5.27	24953923	132080280.00
2013/02/07	5.25	5.35	5.25	5.31	27827270	147438528.00
2013/02/08	5.32	5.37	5.29	5.30	22470692	119702728.00
2013/02/18	5.31	5.35	5.24	5.25	20508894	108041976.00
2013/02/19	5.22	5.25	5.15	5.16	17498697	90876656.00
2013/02/20	5.16	5.20	5.15	5.18	13009628	67295872.00
2013/02/21	5.15	5.15	4.97	4.99	28712367	144611984.00
2013/02/22	5.01	5.02	4.96	4.99	13245768	65997248.00
2013/02/25	4.99	5.06	4.95	4.97	13390606	66685736.00
2013/02/26	4.96	4.97	4.80	4.82	25779115	125702880.00
2013/02/27	4.83	4.90	4.80	4.84	16425079	79461536.00
2013/02/28	4.86	4.91	4.81	4.90	18389845	89620432.00
2013/03/01	4.90	4.90	4.82	4.86	14642467	71116624.00
2013/03/04	4.83	4.86	4.70	4.73	20777011	99589024.00
2013/03/05	4.75	4.78	4.66	4.76	20106852	95171408.00
2013/03/06	4.77	4.80	4.74	4.80	16023447	76616440.00
2013/03/07	4.78	4.87	4.73	4.81	18923544	91003472.00
2013/03/08	4.83	4.84	4.75	4.76	19968194	95400992.00
2013/03/11	4.75	4.76	4.68	4.69	18075654	85207392.00
2013/03/12	4.71	4.74	4.60	4.63	22042559	102693584.00
2013/03/13	4.64	4.70	4.60	4.63	24315540	112961296.00
2013/03/14	4.62	4.63	4.55	4.56	18591392	85426416.00
2013/03/15	4.58	4.59	4.38	4.42	72546155	323471136.00
2013/03/18	4.41	4.42	4.29	4.32	25162909	109674016.00
2013/03/19	4.31	4.38	4.29	4.37	19933100	86609808.00
2013/03/20	4.36	4.43	4.35	4.42	22272177	98042000.00
2013/03/21	4.43	4.46	4.40	4.42	17222810	76305680.00
2013/03/22	4.42	4.44	4.40	4.43	12394662	54769280.00
2013/03/25	4.44	4.46	4.42	4.44	12282193	54480332.00
2013/03/26	4.44	4.47	4.38	4.40	15649529	69119680.00
2013/03/27	4.40	4.44	4.39	4.40	10081330	44478808.00
2013/03/28	4.35	4.36	4.20	4.21	24024626	102276568.00
2013/03/29	4.22	4.24	4.11	4.12	19957575	82947936.00
2013/04/01	4.12	4.13	4.04	4.06	18140486	73927632.00
2013/04/02	4.05	4.11	4.03	4.06	13988520	56807024.00
2013/04/03	4.07	4.17	4.06	4.11	16410036	67349928.00
2013/04/08	4.08	4.09	4.02	4.08	13357878	54227616.00
2013/04/09	4.08	4.15	4.07	4.11	12011137	49479984.00
2013/04/10	4.13	4.47	4.10	4.34	48354941	208295424.00
2013/04/11	4.31	4.33	4.21	4.22	21281770	90508904.00
2013/04/12	4.22	4.25	4.19	4.20	9141174	38520692.00
2013/04/15	4.18	4.20	4.05	4.08	17185293	70629384.00
2013/04/16	4.05	4.11	4.03	4.10	12252292	49776768.00
2013/04/17	4.10	4.13	4.06	4.09	9144258	37357652.00
2013/04/18	4.06	4.09	4.03	4.07	10598292	43049028.00
2013/04/19	4.07	4.16	4.06	4.15	16510128	68159944.00
2013/04/22	4.15	4.17	4.12	4.14	11773882	48796308.00
2013/04/23	4.15	4.16	4.05	4.06	13702968	55785784.00
2013/04/24	4.06	4.11	4.05	4.09	12269592	50017908.00
2013/04/25	4.10	4.10	4.02	4.03	13204176	53618028.00
2013/04/26	4.03	4.06	3.97	3.98	15985511	64074104.00
2013/05/02	3.97	3.97	3.88	3.89	15231961	59650844.00
2013/05/03	3.89	3.99	3.88	3.96	11585308	45849696.00
2013/05/06	3.99	4.06	3.98	4.05	15376614	61953376.00
2013/05/07	4.05	4.13	4.01	4.07	13634123	55492340.00
2013/05/08	4.08	4.12	4.04	4.05	10764370	43778092.00
2013/05/09	4.05	4.07	4.01	4.02	9879485	39853072.00
2013/05/10	4.04	4.11	4.03	4.09	12923913	52718040.00
2013/05/13	4.11	4.12	4.06	4.09	9346077	38180756.00
2013/05/14	4.08	4.11	4.01	4.10	16132793	65363416.00
2013/05/15	4.09	4.11	4.03	4.05	11819026	48190432.00
2013/05/16	4.04	4.09	4.01	4.08	14075229	57078196.00
2013/05/17	4.08	4.15	4.06	4.14	20566244	84512608.00
2013/05/20	4.13	4.20	4.12	4.17	20249305	84443720.00
2013/05/21	4.17	4.17	4.13	4.16	17008757	70585440.00
2013/05/22	4.16	4.21	4.16	4.18	17870476	74737624.00
2013/05/23	4.17	4.18	4.11	4.14	16964582	70349832.00
2013/05/24	4.14	4.16	4.12	4.15	12275544	50860768.00
2013/05/27	4.15	4.16	4.10	4.11	10272740	42401972.00
2013/05/28	4.11	4.16	4.08	4.16	15168741	62485128.00
2013/05/29	4.16	4.17	4.13	4.14	13859194	57541156.00
2013/05/30	4.13	4.18	4.12	4.15	14568835	60501912.00
2013/05/31	4.18	4.19	4.11	4.11	13697233	56878384.00
2013/06/03	4.12	4.16	4.11	4.11	9506368	39252592.00
2013/06/04	4.11	4.12	4.04	4.05	11315495	46139712.00
2013/06/05	4.06	4.07	4.03	4.05	6840663	27692496.00
2013/06/06	4.04	4.05	3.99	3.99	8761189	35208404.00
2013/06/07	3.99	4.02	3.90	3.91	10997299	43471508.00
2013/06/13	3.90	3.90	3.75	3.79	15427400	58619532.00
2013/06/14	3.81	3.82	3.75	3.77	16298281	61453068.00
2013/06/17	3.77	3.78	3.72	3.73	14360542	53797060.00
2013/06/18	3.75	3.78	3.72	3.74	13010599	48673684.00
2013/06/19	3.74	3.78	3.71	3.77	18203212	68225704.00
2013/06/20	3.76	3.76	3.56	3.57	19346353	70865056.00
2013/06/21	3.51	3.59	3.48	3.55	16395867	57682280.00
2013/06/24	3.54	3.54	3.27	3.29	18230033	62218676.00
2013/06/25	3.28	3.28	3.01	3.22	24288007	76802664.00
2013/06/26	3.22	3.22	3.10	3.15	23088907	72486312.00
2013/06/27	3.15	3.20	3.11	3.14	23101317	72653344.00
2013/06/28	3.11	3.19	3.08	3.15	16430927	51528084.00
2013/07/01	3.15	3.20	3.12	3.16	12574244	39707920.00
2013/07/02	3.18	3.18	3.14	3.16	9816285	30974668.00
2013/07/03	3.15	3.15	3.08	3.11	10192518	31784120.00
2013/07/04	3.11	3.21	3.06	3.17	21191856	66804000.00
2013/07/05	3.17	3.26	3.14	3.23	23116910	74352512.00
2013/07/08	3.16	3.16	3.09	3.09	13444247	41959212.00
2013/07/09	3.09	3.19	3.08	3.16	17603180	55581752.00
2013/07/10	3.15	3.28	3.14	3.27	21348770	68514224.00
2013/07/11	3.27	3.45	3.25	3.35	33945448	113604584.00
2013/07/12	3.34	3.34	3.21	3.23	21115934	69258808.00
2013/07/15	3.23	3.32	3.21	3.26	13396049	43756264.00
2013/07/16	3.25	3.30	3.23	3.25	12337194	40079816.00
2013/07/17	3.25	3.30	3.24	3.24	16136667	52837064.00
2013/07/18	3.25	3.29	3.16	3.17	12729876	40685368.00
2013/07/19	3.18	3.21	3.10	3.10	11770732	37078284.00
2013/07/22	3.10	3.13	3.07	3.12	9379030	29069176.00
2013/07/23	3.14	3.25	3.12	3.20	14739756	47005848.00
2013/07/24	3.19	3.21	3.12	3.15	12196241	38470812.00
2013/07/25	3.16	3.20	3.13	3.13	11167390	35274676.00
2013/07/26	3.13	3.15	3.10	3.13	7169625	22383112.00
2013/07/29	3.11	3.11	3.03	3.06	12310554	37811452.00
2013/07/30	3.09	3.15	3.06	3.12	10272649	31926260.00
2013/07/31	3.10	3.18	3.08	3.10	7686456	24032912.00
2013/08/01	3.10	3.17	3.10	3.14	10205607	32081424.00
2013/08/02	3.16	3.26	3.13	3.19	21025857	67342272.00
2013/08/05	3.19	3.21	3.15	3.20	14189583	45091684.00
2013/08/06	3.18	3.22	3.14	3.20	14221002	45216136.00
2013/08/07	3.18	3.22	3.17	3.19	13280288	42497892.00
2013/08/08	3.19	3.22	3.17	3.17	12814896	40959920.00
2013/08/09	3.19	3.29	3.19	3.25	32408495	105301664.00
2013/08/12	3.26	3.40	3.24	3.38	38207104	127494528.00
2013/08/13	3.37	3.40	3.33	3.36	23057275	77469920.00
2013/08/14	3.35	3.38	3.31	3.32	15866560	53066544.00
2013/08/15	3.34	3.36	3.30	3.31	11409096	37998932.00
2013/08/16	3.29	3.64	3.25	3.28	33445243	112991848.00
2013/08/19	3.25	3.33	3.23	3.29	14562130	47687208.00
2013/08/20	3.29	3.30	3.23	3.24	13625481	44490700.00
2013/08/21	3.26	3.28	3.23	3.26	8686674	28237996.00
2013/08/22	3.26	3.28	3.22	3.23	10058391	32654856.00
2013/08/23	3.23	3.28	3.19	3.21	12721456	40986024.00
2013/08/26	3.21	3.28	3.21	3.26	13957132	45391928.00
2013/08/27	3.26	3.29	3.24	3.27	13147163	42906816.00
2013/08/28	3.25	3.36	3.23	3.33	30179201	99705920.00
2013/08/29	3.33	3.36	3.29	3.31	17167528	57016348.00
2013/08/30	3.31	3.35	3.28	3.32	17272074	57342488.00
2013/09/02	3.35	3.37	3.29	3.33	17784524	59272136.00
2013/09/03	3.35	3.38	3.33	3.37	17670614	59342044.00
2013/09/04	3.36	3.43	3.34	3.41	20552727	69540384.00
2013/09/05	3.40	3.40	3.30	3.34	14410503	48149584.00
2013/09/06	3.32	3.36	3.32	3.35	12286607	41043676.00
2013/09/09	3.35	3.54	3.35	3.46	43548536	150354784.00
2013/09/10	3.47	3.63	3.46	3.62	52443150	186957280.00
2013/09/11	3.70	3.98	3.70	3.98	96229899	380659680.00
2013/09/12	3.96	4.01	3.81	3.92	89840712	349261376.00
2013/09/13	3.89	3.89	3.77	3.78	36764744	140254144.00
2013/09/16	3.78	3.87	3.72	3.75	25772993	97939512.00
2013/09/17	3.74	3.77	3.61	3.61	24263961	88834776.00
2013/09/18	3.59	3.66	3.59	3.63	14319830	51949220.00
2013/09/23	3.65	3.75	3.63	3.73	23138730	85627136.00
2013/09/24	3.74	3.75	3.66	3.70	18885145	69695680.00
2013/09/25	3.75	4.07	3.74	4.07	128753318	515551584.00
2013/09/26	4.00	4.07	3.95	3.96	56576158	226402352.00
2013/09/27	3.96	4.36	3.93	4.36	98797960	422969888.00
2013/09/30	4.50	4.55	4.31	4.40	80652679	354596416.00
2013/10/08	4.30	4.37	4.22	4.31	55828467	238917520.00
2013/10/09	4.27	4.28	4.14	4.22	47545647	199438752.00
2013/10/10	4.18	4.56	4.08	4.49	106366773	464688064.00
2013/10/11	4.38	4.76	4.36	4.51	89711635	412944576.00
2013/10/14	4.43	4.69	4.31	4.52	57447640	258775008.00
2013/10/15	4.45	4.63	4.43	4.48	41316689	185807664.00
2013/10/16	4.47	4.47	4.22	4.28	42581533	184918464.00
2013/10/17	4.30	4.41	4.22	4.26	32465782	140043104.00
2013/10/18	4.25	4.32	4.16	4.19	32753157	138138400.00
2013/10/21	4.22	4.40	4.12	4.33	46377886	198169024.00
2013/10/22	4.28	4.44	4.20	4.36	44018879	191288752.00
2013/10/23	4.35	4.49	4.26	4.27	38087256	166536416.00
2013/10/24	4.23	4.29	4.16	4.18	26910836	112883632.00
2013/10/25	4.18	4.20	4.00	4.03	30366161	123973016.00
2013/10/28	4.03	4.15	4.01	4.09	20677412	84612808.00
2013/10/29	4.09	4.15	3.80	3.97	25740089	102934528.00
2013/10/30	3.95	4.26	3.88	4.18	47427903	197901840.00
2013/10/31	4.12	4.26	4.11	4.18	21566511	90165072.00
2013/11/01	4.21	4.28	4.12	4.16	29613548	123841824.00
2013/11/04	4.15	4.19	4.00	4.05	22580568	92002288.00
2013/11/05	4.01	4.11	4.00	4.09	16566678	67003928.00
2013/11/06	4.05	4.14	3.97	3.99	23997788	97108936.00
2013/11/07	3.98	4.07	3.96	4.02	18372643	73975760.00
2013/11/08	4.01	4.06	3.87	3.93	14417108	57227088.00
2013/11/11	3.92	3.96	3.83	3.87	12148955	47167468.00
2013/11/12	3.89	3.93	3.85	3.88	9030409	35122040.00
2013/11/13	3.85	3.88	3.76	3.77	13148310	50169324.00
2013/11/14	3.77	3.82	3.71	3.73	12861526	48499936.00
2013/11/15	3.73	3.95	3.73	3.91	27081050	105757440.00
2013/11/18	3.91	3.99	3.89	3.98	21513784	84664784.00
2013/11/19	3.99	4.02	3.93	3.97	17727766	70525368.00
2013/11/20	3.97	3.98	3.91	3.95	15438694	60833880.00
2013/11/21	3.94	3.94	3.89	3.93	11999047	46888748.00
2013/11/22	3.95	3.95	3.89	3.91	8436572	33060878.00
2013/11/25	3.88	3.93	3.87	3.88	8199171	31955826.00
2013/11/26	3.88	3.90	3.85	3.88	8078285	31269476.00
2013/11/27	3.88	3.93	3.86	3.93	9788025	38209956.00
2013/11/28	3.94	4.08	3.90	4.04	37676434	151365840.00
2013/11/29	4.00	4.02	3.98	3.99	19165824	76594000.00
2013/12/02	3.91	3.98	3.82	3.85	23253268	90548632.00
2013/12/03	3.83	3.91	3.83	3.89	13470648	52186616.00
2013/12/04	3.89	3.99	3.85	3.95	22355288	88182064.00
2013/12/05	3.96	4.01	3.95	3.98	15232984	60549148.00
2013/12/06	3.98	4.08	3.96	3.99	27745062	111584024.00
2013/12/09	4.02	4.04	3.93	3.94	15922835	63000896.00
2013/12/10	3.94	3.96	3.85	3.88	17306248	67346408.00
2013/12/11	3.85	3.87	3.80	3.81	14186533	54271808.00
2013/12/12	3.80	3.84	3.80	3.82	8895469	33968496.00
2013/12/13	3.76	3.84	3.72	3.80	8125594	30895864.00
2013/12/16	3.82	3.82	3.67	3.68	13480353	50398872.00
2013/12/17	3.69	3.75	3.65	3.67	10936073	40387848.00
2013/12/18	3.70	3.70	3.63	3.65	9083311	33154084.00
2013/12/19	3.66	3.70	3.63	3.65	12648495	46307568.00
2013/12/20	3.64	3.65	3.46	3.56	26543472	93404024.00
2013/12/23	3.54	3.56	3.48	3.50	9773087	34304884.00
2013/12/24	3.49	3.54	3.45	3.46	14547620	50714336.00
2013/12/25	3.46	3.47	3.38	3.42	25322062	86643600.00
2013/12/26	3.41	3.42	3.30	3.33	20574054	69291432.00
2013/12/27	3.34	3.41	3.31	3.38	14072936	47407080.00
2013/12/30	3.42	3.45	3.37	3.38	9746280	33097340.00
2013/12/31	3.36	3.42	3.33	3.40	11682232	39525812.00
2014/01/02	3.40	3.40	3.33	3.36	14487576	48631872.00
2014/01/03	3.38	3.42	3.33	3.38	23068014	78118240.00
2014/01/06	3.40	3.40	3.24	3.27	15981089	52821080.00
2014/01/07	3.24	3.28	3.20	3.26	8948135	28987464.00
2014/01/08	3.27	3.30	3.22	3.22	8615416	27925472.00
2014/01/09	3.22	3.25	3.14	3.14	10919653	34946532.00
2014/01/10	3.15	3.21	3.13	3.19	19789016	62889384.00
2014/01/13	3.34	3.51	3.31	3.50	95045703	330535872.00
2014/01/14	3.42	3.44	3.28	3.33	64680434	215754208.00
2014/01/15	3.30	3.31	3.19	3.24	52090697	168567040.00
2014/01/16	3.24	3.36	3.18	3.29	56889651	186035616.00
2014/01/17	3.26	3.26	3.18	3.20	36293187	116383232.00
2014/01/20	3.17	3.21	3.15	3.19	23153750	73582800.00
2014/01/21	3.19	3.23	3.18	3.21	19757548	63313264.00
2014/01/22	3.21	3.31	3.20	3.30	30234865	98924104.00
2014/01/23	3.30	3.31	3.26	3.28	20834770	68260536.00
2014/01/24	3.26	3.35	3.26	3.31	20236726	67031636.00
2014/01/27	3.27	3.30	3.22	3.23	23306052	75541928.00
2014/01/28	3.24	3.30	3.23	3.28	19715365	64223444.00
2014/01/29	3.26	3.29	3.24	3.25	14209790	46398048.00
2014/01/30	3.25	3.28	3.22	3.23	13289075	43133404.00
2014/02/07	3.22	3.24	3.20	3.24	12674340	40832600.00
2014/02/10	3.25	3.33	3.25	3.31	27754939	91855160.00
2014/02/11	3.31	3.49	3.30	3.43	46668448	157377392.00
2014/02/12	3.40	3.41	3.34	3.38	31130711	104780616.00
2014/02/13	3.37	3.49	3.35	3.38	34934667	119542672.00
2014/02/14	3.38	3.41	3.36	3.39	18958699	64251792.00
2014/02/17	3.44	3.45	3.38	3.40	25790859	87720240.00
2014/02/18	3.40	3.41	3.35	3.36	23471158	79208576.00
2014/02/19	3.36	3.43	3.35	3.40	20648385	69926864.00
2014/02/20	3.39	3.58	3.39	3.39	59518177	206142256.00
2014/02/21	3.38	3.43	3.31	3.33	36433996	122457536.00
2014/02/24	3.30	3.31	3.19	3.23	35700145	115150032.00
2014/02/25	3.23	3.25	3.15	3.16	27260577	87409296.00
2014/02/26	3.16	3.21	3.11	3.20	33412489	105775104.00
2014/02/27	3.20	3.21	3.13	3.14	38089159	120402048.00
2014/02/28	3.13	3.32	3.13	3.21	42654423	137463312.00
2014/03/03	3.26	3.41	3.21	3.33	61977470	205896912.00
2014/03/04	3.31	3.34	3.25	3.30	38536548	126747936.00
2014/03/05	3.33	3.46	3.32	3.33	47371163	159647296.00
2014/03/06	3.32	3.34	3.22	3.30	28934252	95043672.00
2014/03/07	3.33	3.42	3.31	3.34	33531996	112440040.00
2014/03/10	3.30	3.30	3.18	3.22	29078053	94061216.00
2014/03/11	3.21	3.22	3.16	3.20	17226343	54994688.00
2014/03/12	3.18	3.26	3.16	3.22	22527383	72323440.00
2014/03/13	3.22	3.27	3.20	3.23	18032029	58329960.00
2014/03/14	3.20	3.23	3.18	3.21	16233805	51969768.00
2014/03/17	3.22	3.28	3.21	3.25	20124359	65207508.00
2014/03/18	3.25	3.27	3.23	3.25	16213964	52646572.00
2014/03/19	3.26	3.30	3.23	3.26	27527837	89906696.00
2014/03/20	3.26	3.26	3.16	3.17	31204620	100690176.00
2014/03/21	3.17	3.28	3.14	3.26	37645401	121237896.00
2014/03/24	3.26	3.35	3.24	3.32	46207783	152267552.00
2014/03/25	3.30	3.43	3.29	3.35	51982607	174633728.00
2014/03/26	3.35	3.36	3.29	3.31	31716623	105165144.00
2014/03/27	3.30	3.35	3.28	3.29	24285243	80340704.00
2014/03/28	3.27	3.60	3.27	3.47	109140040	376812416.00
2014/03/31	3.40	3.43	3.37	3.39	47311817	160746720.00
2014/04/01	3.39	3.40	3.34	3.37	32069039	107945440.00
2014/04/02	3.38	3.42	3.36	3.40	35273055	119560504.00
2014/04/03	3.40	3.49	3.32	3.35	67364604	229302096.00
2014/04/04	3.34	3.41	3.32	3.39	37472856	126324920.00
2014/04/08	3.37	3.45	3.35	3.42	45959277	156887616.00
2014/04/09	3.43	3.44	3.39	3.41	26898004	91873128.00
2014/04/10	3.41	3.50	3.36	3.45	75767547	259459664.00
2014/04/11	3.42	3.45	3.39	3.42	47683693	162973056.00
2014/04/14	3.41	3.43	3.38	3.39	29096622	98931912.00
2014/04/15	3.38	3.39	3.34	3.35	24298275	81743392.00
2014/04/16	3.35	3.37	3.32	3.34	19652910	65733020.00
2014/04/17	3.35	3.37	3.31	3.33	19435077	64977296.00
2014/04/18	3.31	3.34	3.29	3.31	18252650	60496100.00
2014/04/21	3.30	3.31	3.22	3.23	24179247	79015728.00
2014/04/22	3.22	3.25	3.21	3.24	17378850	56114272.00
2014/04/23	3.24	3.27	3.22	3.26	16274078	52847944.00
2014/04/24	3.25	3.27	3.24	3.25	15084663	49115128.00
2014/04/25	3.25	3.26	3.16	3.18	19823945	63841204.00
2014/04/28	3.17	3.19	3.11	3.12	26732349	84127224.00
2014/04/29	3.14	3.18	3.12	3.18	13000676	40862408.00
2014/04/30	3.13	3.15	3.11	3.13	17516516	54794928.00
2014/05/05	3.11	3.11	3.02	3.06	36516694	111402128.00
2014/05/06	3.05	3.11	3.04	3.07	22993980	70519424.00
2014/05/07	3.05	3.05	3.01	3.02	18028701	54624924.00
2014/05/08	3.03	3.06	3.01	3.04	19957240	60538792.00
2014/05/09	3.04	3.08	3.02	3.05	22978918	70191664.00
2014/05/12	3.07	3.19	3.06	3.17	58123828	183355616.00
2014/05/13	3.16	3.18	3.09	3.12	46509155	145546288.00
2014/05/14	3.11	3.13	3.09	3.11	14678492	45590340.00
2014/05/15	3.09	3.11	3.03	3.04	25999166	79489848.00
2014/05/16	3.04	3.06	3.02	3.06	15507979	47117920.00
2014/05/19	3.04	3.05	3.01	3.03	16102330	48709468.00
2014/05/20	3.04	3.06	3.01	3.03	17263770	52352776.00
2014/05/21	3.02	3.04	2.98	3.03	24795649	74626760.00
2014/05/22	3.03	3.05	2.99	3.00	33132025	99909264.00
2014/05/23	3.01	3.05	2.99	3.04	22666676	68474216.00
2014/05/26	3.05	3.07	3.03	3.04	14928352	45445000.00
2014/05/27	3.04	3.05	3.01	3.02	11847032	35875232.00
2014/05/28	3.03	3.05	3.01	3.04	14586096	44198612.00
2014/05/29	3.05	3.05	3.01	3.02	14863873	44989292.00
2014/05/30	3.02	3.04	3.00	3.02	19337357	58345928.00
2014/06/03	3.02	3.04	3.00	3.00	18365319	55411796.00
2014/06/04	3.00	3.00	2.97	2.98	16543845	49319712.00
2014/06/05	2.98	3.00	2.97	2.99	11227118	33565976.00
2014/06/06	3.00	3.01	2.97	2.97	12955117	38665328.00
2014/06/09	2.98	3.02	2.98	3.00	17312234	52005604.00
2014/06/10	3.01	3.05	3.00	3.05	24710863	74993632.00
2014/06/11	3.05	3.16	3.04	3.10	64550323	201252224.00
2014/06/12	3.07	3.14	3.06	3.07	31290897	96802128.00
2014/06/13	3.09	3.11	3.05	3.06	36008834	110606888.00
2014/06/16	3.06	3.08	3.03	3.05	20831994	63609408.00
2014/06/17	3.05	3.05	3.00	3.02	17657362	53371648.00
2014/06/18	3.02	3.07	3.00	3.04	20970389	63534672.00
2014/06/19	3.05	3.05	2.97	2.97	21269768	63754048.00
2014/06/20	2.98	3.00	2.97	2.99	14719106	44006184.00
2014/06/23	2.99	3.05	2.99	3.02	15914840	48057488.00
2014/06/24	3.02	3.09	3.00	3.08	37380791	114253560.00
2014/06/25	3.07	3.07	3.03	3.05	15692831	47844560.00
2014/06/26	3.05	3.07	3.04	3.05	10840367	33091148.00
2014/06/27	3.04	3.08	3.02	3.05	34550888	105003816.00
2014/06/30	3.04	3.06	3.01	3.04	32442060	98610688.00
2014/07/01	3.04	3.11	3.03	3.06	39613917	121753720.00
2014/07/02	3.06	3.08	3.04	3.07	19703849	60287788.00
2014/07/03	3.10	3.16	3.09	3.11	56239135	175874640.00
2014/07/04	3.11	3.12	3.08	3.10	17354451	53739360.00
2014/07/07	3.10	3.10	3.06	3.07	16926523	52016148.00
2014/07/08	3.07	3.09	3.05	3.09	13754566	42229032.00
2014/07/09	3.08	3.10	3.04	3.04	25992877	79720520.00
2014/07/10	3.04	3.14	3.04	3.11	43075176	133497888.00
2014/07/11	3.10	3.19	3.09	3.14	71198066	224847920.00
2014/07/14	3.15	3.15	3.12	3.14	27493255	86209040.00
2014/07/15	3.14	3.16	3.12	3.15	28010347	87915936.00
2014/07/16	3.15	3.27	3.14	3.23	83030677	267009808.00
2014/07/17	3.24	3.24	3.17	3.20	39114165	125273912.00
2014/07/18	3.19	3.35	3.18	3.27	77307119	252422544.00
2014/07/21	3.24	3.42	3.23	3.38	109322870	365907136.00
2014/07/22	3.38	3.70	3.37	3.56	161280002	573208320.00
2014/07/23	3.56	3.66	3.47	3.50	112638915	401259072.00
2014/07/24	3.50	3.54	3.42	3.51	84908796	296257600.00
2014/07/25	3.50	3.63	3.49	3.58	93136139	333991104.00
2014/07/28	3.56	3.94	3.56	3.77	160448516	613580800.00
2014/07/29	3.79	3.79	3.67	3.70	133682668	493792288.00
2014/07/30	3.66	3.69	3.57	3.62	110485126	398483200.00
2014/07/31	3.64	3.68	3.60	3.66	78436305	285342272.00
2014/08/01	3.63	3.63	3.53	3.55	94581248	337679872.00
2014/08/04	3.55	3.80	3.53	3.75	138908840	508005184.00
2014/08/05	3.77	3.81	3.65	3.70	129160796	481700512.00
2014/08/06	3.66	4.07	3.58	4.07	190934609	740352384.00
2014/08/07	4.26	4.27	4.06	4.09	382231213	1588762496.00
2014/08/08	3.90	3.98	3.83	3.88	217188722	847426560.00
2014/08/11	3.89	3.92	3.82	3.89	117292894	455590016.00
2014/08/12	3.87	4.08	3.83	4.01	174900702	688932800.00
2014/08/13	3.96	4.05	3.89	3.96	118994514	471681344.00
2014/08/14	3.95	3.95	3.83	3.84	86506271	336422944.00
2014/08/15	3.80	3.86	3.76	3.84	75838222	289582656.00
2014/08/18	3.88	4.03	3.86	3.90	98894100	388368448.00
2014/08/19	3.90	3.94	3.83	3.88	78484725	304000800.00
2014/08/20	3.87	3.92	3.85	3.87	61045859	236722816.00
2014/08/21	3.91	3.96	3.84	3.90	101340804	395990816.00
2014/08/22	3.88	3.90	3.85	3.87	67299951	260621088.00
2014/08/25	3.88	3.89	3.75	3.77	62026392	235441104.00
2014/08/26	3.74	3.79	3.60	3.62	70859762	261066400.00
2014/08/27	3.64	3.70	3.62	3.65	47180258	172319168.00
2014/08/28	3.63	3.68	3.60	3.61	35694353	129557712.00
2014/08/29	3.55	3.60	3.52	3.60	61691991	219535536.00
2014/09/01	3.58	3.67	3.56	3.64	47451101	171560288.00
2014/09/02	3.64	3.79	3.64	3.79	88414496	328704608.00
2014/09/03	3.79	3.84	3.77	3.81	85907725	327112000.00
2014/09/04	3.81	3.81	3.73	3.78	60522366	227946288.00
2014/09/05	3.79	3.90	3.76	3.85	87549263	335579968.00
2014/09/09	3.83	3.84	3.77	3.79	57178149	216995952.00
2014/09/10	3.75	3.79	3.72	3.76	52375526	196417168.00
2014/09/11	3.75	3.85	3.74	3.76	72606934	275930624.00
2014/09/12	3.75	3.86	3.70	3.82	77286775	292610592.00
2014/09/15	3.80	3.85	3.79	3.83	72303348	276512256.00
2014/09/16	3.81	4.14	3.78	3.89	254226481	1003082624.00
2014/09/17	3.86	3.91	3.81	3.87	123216177	476433536.00
2014/09/18	3.87	3.98	3.84	3.92	106168295	415028096.00
2014/09/19	3.91	3.92	3.84	3.90	66563063	258312848.00
2014/09/22	3.87	3.88	3.73	3.75	74283698	281813696.00
2014/09/23	3.74	3.79	3.71	3.77	55050469	206451312.00
2014/09/24	3.75	3.86	3.74	3.85	79556814	303442720.00
2014/09/25	3.86	3.95	3.82	3.83	96797315	376684384.00
2014/09/26	3.81	3.85	3.80	3.82	51969787	198893952.00
2014/09/29	3.83	3.86	3.81	3.85	59181402	227113936.00
2014/09/30	3.85	3.94	3.85	3.88	81206168	316238944.00
2014/10/08	3.88	3.90	3.84	3.88	58816001	227315072.00
2014/10/09	3.87	3.98	3.87	3.94	140111638	549485312.00
2014/10/10	3.91	3.92	3.85	3.87	89696553	348521600.00
2014/10/13	3.86	3.87	3.79	3.86	57242226	219340944.00
2014/10/14	3.84	3.90	3.81	3.83	58876908	226647536.00
2014/10/15	3.82	3.97	3.81	3.90	120844992	470865088.00
2014/10/16	3.87	3.96	3.85	3.87	136410484	533552672.00
2014/10/17	3.86	3.87	3.71	3.76	95544937	361420832.00
2014/10/20	3.76	3.83	3.76	3.80	54106226	205366144.00
2014/10/21	3.80	3.84	3.74	3.74	49299880	186781440.00
2014/10/22	3.75	3.79	3.64	3.66	59595285	221285856.00
2014/10/23	3.66	3.67	3.55	3.57	52468119	189146368.00
2014/10/24	3.56	3.60	3.54	3.56	44369355	158553600.00
2014/10/27	3.55	3.56	3.46	3.52	41788999	146419520.00
2014/10/28	3.52	3.64	3.52	3.63	55039552	197119504.00
2014/10/29	3.64	3.74	3.61	3.71	83428041	307380576.00
2014/10/30	3.70	3.84	3.67	3.81	128396503	483549856.00
2014/10/31	3.78	3.89	3.76	3.85	144710856	554526848.00
2014/11/03	3.84	3.93	3.82	3.88	129557471	503337056.00
2014/11/04	3.89	4.09	3.87	4.00	233598779	931935936.00
2014/11/05	3.96	3.98	3.85	3.86	126703248	495915584.00
2014/11/06	3.86	3.95	3.82	3.92	107161922	417422880.00
2014/11/07	3.91	3.98	3.83	3.86	99975061	390795552.00
2014/11/10	3.85	4.24	3.85	4.05	200718506	807183488.00
2014/11/11	4.05	4.09	3.88	3.98	197888635	792293120.00
2014/11/12	3.96	4.09	3.93	4.07	130577836	525696288.00
2014/11/13	4.07	4.18	3.97	4.10	182819994	746112000.00
2014/11/14	4.06	4.08	3.96	4.02	116740760	468700288.00
2014/11/17	4.05	4.05	3.93	3.94	77436127	308738560.00
2014/11/18	3.92	3.93	3.85	3.89	75255982	292092160.00
2014/11/19	3.89	3.90	3.83	3.87	48849906	188994336.00
2014/11/20	3.84	3.93	3.82	3.86	46742693	181199504.00
2014/11/21	3.85	3.92	3.85	3.92	66447845	258267168.00
2014/11/24	3.97	4.08	3.94	4.01	140024886	561354752.00
2014/11/25	4.01	4.13	3.99	4.12	150281979	611114944.00
2014/11/26	4.10	4.19	4.06	4.12	143128722	590726656.00
2014/11/27	4.13	4.28	4.10	4.16	171085166	713236160.00
2014/11/28	4.14	4.36	4.12	4.35	262552758	1113769856.00
2014/12/01	4.32	4.65	4.26	4.42	297326440	1327463680.00
2014/12/02	4.38	4.56	4.30	4.48	205166418	909962624.00
2014/12/03	4.44	4.90	4.43	4.74	316328370	1477837184.00
2014/12/04	4.75	4.99	4.60	4.94	273496246	1314716800.00
2014/12/05	4.96	5.08	4.53	4.75	266587435	1288193536.00
2014/12/08	4.65	5.17	4.61	5.11	290477250	1430876800.00
2014/12/09	5.00	5.45	4.81	4.92	390947088	2014173568.00
2014/12/10	4.92	5.09	4.78	5.08	210286002	1038515712.00
2014/12/11	5.05	5.24	4.98	5.16	186260426	951890048.00
2014/12/12	5.16	5.29	5.07	5.16	149511937	770498304.00
2014/12/15	5.15	5.15	4.98	5.08	123078731	621774272.00
2014/12/16	5.05	5.25	5.00	5.23	175821914	901300608.00
2014/12/17	5.20	5.21	5.03	5.09	157020499	802239936.00
2014/12/18	5.09	5.42	5.06	5.27	234744403	1237114496.00
2014/12/19	5.28	5.80	5.28	5.80	175800897	1005689472.00
2014/12/22	6.38	6.38	6.07	6.38	507980002	3210326272.00
2014/12/23	6.18	6.33	5.74	5.92	361969500	2178447360.00
2014/12/24	5.86	6.28	5.76	6.00	288315971	1738971392.00
2014/12/25	5.96	6.20	5.66	6.15	271246928	1620929920.00
2014/12/26	6.10	6.30	5.89	6.16	278814976	1711468288.00
2014/12/29	6.13	6.66	6.02	6.38	345679750	2202317568.00
2014/12/30	6.31	6.39	6.17	6.20	165200042	1035020864.00
2014/12/31	6.24	6.31	6.08	6.25	153590757	952594560.00
2015/01/05	6.25	6.77	6.22	6.70	368073698	2423547904.00
2015/01/06	6.77	6.97	6.46	6.57	307210638	2048202368.00
2015/01/07	6.48	6.74	6.40	6.58	228494364	1500416256.00
2015/01/08	6.54	6.58	6.15	6.17	225592434	1420913408.00
2015/01/09	6.11	6.35	6.05	6.09	178664566	1105842432.00
2015/01/12	6.00	6.02	5.63	5.72	211338262	1226201088.00
2015/01/13	5.66	5.81	5.65	5.74	105578194	604354432.00
2015/01/14	5.75	5.79	5.50	5.59	118985979	670107648.00
2015/01/15	5.60	5.83	5.48	5.82	142572569	807738496.00
2015/01/16	5.88	5.98	5.76	5.84	153312310	897470656.00
2015/01/19	5.56	5.69	5.26	5.26	169683978	929984320.00
2015/01/20	5.27	5.39	5.17	5.35	111316405	592083264.00
2015/01/21	5.36	5.62	5.33	5.61	151746312	834284224.00
2015/01/22	5.61	6.09	5.60	5.88	259890698	1532565760.00
2015/01/23	5.86	5.98	5.76	5.79	147449920	859736960.00
2015/01/26	5.76	5.95	5.72	5.93	124705861	735168512.00
2015/01/27	5.96	6.07	5.72	5.86	132653989	782403520.00
2015/01/28	5.79	5.83	5.68	5.70	86792255	498926304.00
2015/01/29	5.65	5.78	5.60	5.65	72805224	412961984.00
2015/01/30	5.68	5.77	5.48	5.53	90701951	508726496.00
2015/02/02	5.04	5.25	5.00	5.14	150562412	773240704.00
2015/02/03	5.16	5.25	5.11	5.22	83034664	429968448.00
2015/02/04	5.27	5.38	5.18	5.19	95045519	502665792.00
2015/02/05	5.30	5.38	5.08	5.09	85053432	442275232.00
2015/02/06	5.06	5.08	4.82	4.89	104198161	515878944.00
2015/02/09	4.86	5.00	4.73	4.94	103740022	502080128.00
2015/02/10	4.91	5.00	4.91	4.99	59087597	293530336.00
2015/02/11	5.03	5.10	4.98	5.04	55077081	277306016.00
2015/02/12	5.04	5.10	4.98	5.08	55202308	278742080.00
2015/02/13	5.06	5.24	5.06	5.14	84770144	437836672.00
2015/02/16	5.15	5.20	5.14	5.17	45397549	234490864.00
2015/02/17	5.20	5.25	5.17	5.24	56512994	294190240.00
2015/02/25	5.24	5.25	5.11	5.16	54116222	280161888.00
2015/02/26	5.16	5.42	5.10	5.40	121111089	640193152.00
2015/02/27	5.40	5.44	5.34	5.41	82829093	446990944.00
2015/03/02	5.48	5.70	5.42	5.62	143585186	803650176.00
2015/03/03	5.60	5.89	5.45	5.68	184745858	1054865408.00
2015/03/04	5.63	5.76	5.60	5.64	78300186	443589056.00
2015/03/05	5.60	5.63	5.41	5.49	82304102	453950432.00
2015/03/06	5.48	6.04	5.45	6.04	155981249	921276160.00
2015/03/09	6.04	6.35	5.94	6.24	350790818	2166487040.00
2015/03/10	6.10	6.28	6.08	6.15	175924091	1084853376.00
2015/03/11	6.12	6.26	5.88	5.98	161716169	976366272.00
2015/03/12	6.00	6.23	5.97	6.02	134818785	820385216.00
2015/03/13	6.04	6.14	5.90	6.04	109960152	662374592.00
2015/03/16	6.03	6.14	5.95	6.13	148429778	900229056.00
2015/03/17	6.13	6.35	6.09	6.28	255943856	1597048320.00
2015/03/18	6.28	6.50	6.23	6.38	276087215	1750777984.00
2015/03/19	6.39	6.74	6.30	6.46	321972088	2090523008.00
2015/03/20	6.40	6.48	6.22	6.34	234480899	1484444800.00
2015/03/23	6.41	6.63	6.34	6.56	307573921	1996617472.00
2015/03/24	6.58	6.66	6.32	6.48	321469517	2079465728.00
2015/03/25	6.45	6.45	6.22	6.27	242692425	1540163584.00
2015/03/26	6.16	6.53	6.09	6.36	243514406	1547932160.00
2015/03/27	6.38	6.44	6.26	6.30	160391213	1017567488.00
2015/03/30	6.32	6.58	6.28	6.53	278601814	1794964608.00
2015/03/31	6.55	6.60	6.28	6.31	281693560	1813267712.00
2015/04/01	6.30	6.42	6.25	6.37	208176838	1318466560.00
2015/04/02	6.40	6.55	6.32	6.53	312712461	2008718080.00
2015/04/03	6.47	6.64	6.44	6.59	286323404	1875879680.00
2015/04/07	6.67	7.12	6.63	7.08	478325027	3293220608.00
2015/04/08	7.14	7.18	6.82	7.07	358059521	2503408384.00
2015/04/09	7.16	7.16	6.70	6.92	328254983	2273734656.00
2015/04/10	6.88	7.10	6.83	7.00	245736163	1715534080.00
2015/04/13	7.00	7.14	6.91	7.13	306795490	2150915328.00
2015/04/14	7.08	7.14	6.95	7.00	247868690	1742674176.00
2015/04/15	7.00	7.50	6.93	7.17	425962188	3070699008.00
2015/04/16	7.10	7.53	7.04	7.40	293291778	2148470528.00
2015/04/17	7.47	8.14	7.40	8.02	526388216	4156407040.00
2015/04/20	8.05	8.77	7.84	8.38	686256109	5646521856.00
2015/04/21	8.20	8.35	7.91	8.28	380987497	3095629824.00
2015/04/22	8.30	8.95	8.18	8.68	404288260	3471323392.00
2015/04/23	8.69	9.55	8.60	9.55	551234110	5073493504.00
2015/04/24	9.50	9.98	9.25	9.46	591982787	5676096000.00
2015/04/27	9.57	10.35	9.31	10.17	525267818	5109271552.00
2015/04/28	9.91	10.88	9.80	10.38	569102183	5855990272.00
2015/04/29	10.35	10.35	9.88	10.00	366962904	3715388928.00
2015/04/30	9.92	10.00	9.41	9.50	411430167	3970092288.00
2015/05/05	9.56	9.56	9.56	9.56	0	0.00
数据来源:通达信
