600865 百大集团 日线 前复权
      日期	    开盘	    最高	    最低	    收盘	    成交量	    成交额
2011/10/10	7.61	7.61	7.28	7.36	1093514	8309624.00
2011/10/11	7.52	7.54	7.27	7.35	1543595	11698910.00
2011/10/12	7.28	7.82	7.20	7.77	3224571	24998046.00
2011/10/13	7.76	8.01	7.73	7.92	7189574	58058328.00
2011/10/14	7.83	7.91	7.72	7.78	1877590	14972440.00
2011/10/17	7.78	7.85	7.61	7.69	2171793	17129876.00
2011/10/18	7.68	7.78	7.47	7.57	1730100	13414525.00
2011/10/19	7.62	7.70	7.52	7.55	1832892	14253729.00
2011/10/20	7.55	7.55	7.33	7.49	1619056	12310023.00
2011/10/21	7.49	7.62	7.37	7.38	954600	7320063.00
2011/10/24	7.45	7.64	7.22	7.61	1848831	14070761.00
2011/10/25	7.55	7.80	7.55	7.71	2587782	20344112.00
2011/10/26	7.73	7.83	7.64	7.71	3150931	25021796.00
2011/10/27	7.72	7.79	7.63	7.72	1984308	15657989.00
2011/10/28	7.81	7.84	7.73	7.76	3264410	25986896.00
2011/10/31	7.80	7.80	7.62	7.68	2767594	21764244.00
2011/11/01	7.63	8.04	7.60	7.94	8723403	70282920.00
2011/11/02	7.84	7.92	7.62	7.88	5512529	43895640.00
2011/11/03	7.89	7.94	7.78	7.87	7532275	60577076.00
2011/11/04	7.84	7.90	7.72	7.77	4262074	33953000.00
2011/11/07	7.72	7.95	7.62	7.92	9357086	74835760.00
2011/11/08	7.90	7.92	7.52	7.61	7199642	57012496.00
2011/11/09	7.58	7.67	7.37	7.59	4801646	37181368.00
2011/11/10	7.56	7.66	7.38	7.41	5237135	40147480.00
2011/11/11	7.39	7.53	7.34	7.40	2770476	21111520.00
2011/11/15	7.47	7.55	7.42	7.50	4124449	31655424.00
2011/11/16	7.51	7.54	7.27	7.34	3102642	23530988.00
2011/11/17	7.32	7.40	7.18	7.24	2349002	17508082.00
2011/11/18	7.24	7.28	6.95	7.09	3223814	23393520.00
2011/11/21	7.09	7.09	6.99	7.07	1543140	11127460.00
2011/11/22	7.06	7.09	6.87	7.07	2583033	18499376.00
2011/11/23	7.08	7.11	7.01	7.03	1268045	9181436.00
2011/11/24	6.97	7.02	6.85	6.88	1608386	11407913.00
2011/11/25	6.89	6.95	6.77	6.79	1557326	10969687.00
2011/11/28	6.82	6.84	6.74	6.83	1007688	7041345.00
2011/11/29	6.89	7.00	6.84	6.96	1590995	11297150.00
2011/11/30	6.96	6.98	6.58	6.58	1991369	13755258.00
2011/12/01	6.72	6.83	6.67	6.68	2521308	17481008.00
2011/12/02	6.68	6.77	6.52	6.77	1726089	11784514.00
2011/12/05	6.77	6.81	6.69	6.80	1523344	10557418.00
2011/12/06	6.77	6.90	6.70	6.85	1730050	12092609.00
2011/12/07	6.86	7.00	6.80	6.95	3478540	24602114.00
2011/12/08	6.95	7.12	6.85	6.86	3859899	27583956.00
2011/12/09	6.83	6.89	6.63	6.64	1325962	9206957.00
2011/12/12	6.62	6.66	6.52	6.59	889708	6014846.00
2011/12/13	6.53	6.57	6.27	6.39	1436900	9458797.00
2011/12/14	6.32	6.41	6.17	6.25	1223700	7898969.00
2011/12/15	6.12	6.24	5.88	5.98	2435313	15067189.00
2011/12/16	5.93	6.01	5.74	5.95	3974343	23956036.00
2011/12/19	5.88	5.88	5.58	5.77	2284396	13463111.00
2011/12/20	5.71	5.85	5.70	5.78	2005434	11986598.00
2011/12/21	5.81	5.85	5.59	5.60	1252400	7432724.00
2011/12/22	5.61	5.61	5.15	5.33	1965290	10856308.00
2011/12/23	5.28	5.42	5.17	5.31	1659777	9157066.00
2011/12/26	5.32	5.42	5.27	5.31	1784380	9854364.00
2011/12/27	5.31	5.36	5.12	5.12	1136400	6084160.00
2011/12/28	5.10	5.11	4.92	5.07	2102221	10887665.00
2011/12/29	5.07	5.11	5.00	5.09	2072325	10860402.00
2011/12/30	5.10	5.17	5.08	5.14	1219595	6472531.00
2012/01/04	5.17	5.21	5.04	5.04	1521800	8107455.00
2012/01/05	5.03	5.04	4.73	4.76	2202759	11106976.00
2012/01/06	4.76	4.78	4.52	4.72	2130349	10320769.00
2012/01/09	4.72	4.92	4.70	4.92	2804542	14076999.00
2012/01/10	4.90	5.13	4.90	5.07	5359215	28044932.00
2012/01/11	5.07	5.17	5.01	5.07	6245928	32884880.00
2012/01/12	5.06	5.13	4.98	5.05	7106490	37136272.00
2012/01/13	5.04	5.07	4.77	4.78	5332063	26972124.00
2012/01/16	4.75	4.76	4.57	4.58	2780966	13514766.00
2012/01/17	4.58	4.85	4.56	4.84	7309013	35821020.00
2012/01/18	4.82	4.91	4.62	4.67	5469581	27219504.00
2012/01/19	4.67	4.78	4.62	4.76	3066392	15038434.00
2012/01/20	4.77	4.87	4.75	4.86	3112117	15576626.00
2012/01/30	4.87	4.88	4.79	4.80	2488527	12453654.00
2012/01/31	4.78	4.82	4.74	4.79	1869453	9250018.00
2012/02/01	4.79	4.82	4.73	4.74	1817720	9008600.00
2012/02/02	4.76	4.83	4.73	4.83	2820451	14015713.00
2012/02/03	4.90	5.06	4.85	4.98	8651633	44607880.00
2012/02/06	5.00	5.13	4.98	5.04	7180912	37627528.00
2012/02/07	5.05	5.05	4.91	4.98	5175847	26574080.00
2012/02/08	4.97	5.12	4.91	5.12	5625697	29351358.00
2012/02/09	5.10	5.25	5.09	5.17	7651128	40783024.00
2012/02/10	5.15	5.23	5.11	5.16	5873363	31411468.00
2012/02/13	5.12	5.20	5.06	5.18	5397506	28714928.00
2012/02/14	5.17	5.20	5.12	5.19	4288563	22896104.00
2012/02/15	5.18	5.35	5.16	5.32	8995623	49134660.00
2012/02/16	5.32	5.41	5.25	5.37	6912579	38061184.00
2012/02/17	5.39	5.41	5.26	5.32	4500687	24759860.00
2012/02/20	5.38	5.41	5.30	5.31	5018700	27778428.00
2012/02/21	5.29	5.35	5.21	5.35	4515877	24730160.00
2012/02/22	5.34	5.44	5.33	5.44	6243500	34849572.00
2012/02/23	5.43	5.49	5.36	5.43	6274042	35157112.00
2012/02/24	5.42	5.66	5.41	5.58	12440824	71045584.00
2012/02/27	5.57	5.67	5.54	5.56	8974135	51830428.00
2012/02/28	5.54	5.58	5.39	5.47	7041372	39831176.00
2012/02/29	5.45	5.45	5.32	5.34	4960964	27580378.00
2012/03/01	5.32	5.45	5.31	5.39	3688890	20586448.00
2012/03/02	5.38	5.59	5.37	5.57	8389627	47737048.00
2012/03/05	5.57	5.73	5.56	5.69	11679732	68272184.00
2012/03/06	5.68	5.79	5.54	5.61	14663668	85931688.00
2012/03/07	5.54	5.67	5.48	5.58	8202707	47239504.00
2012/03/08	5.60	5.71	5.57	5.70	6843255	39874836.00
2012/03/09	5.71	6.19	5.69	6.12	27460807	168171792.00
2012/03/12	6.03	6.57	5.96	6.33	32686574	209218016.00
2012/03/13	6.25	6.74	6.12	6.53	16591564	108666088.00
2012/03/14	6.47	6.65	5.93	6.22	29274016	194093920.00
2012/03/15	6.17	6.26	5.93	6.17	11634883	73186928.00
2012/03/16	6.12	6.77	6.12	6.46	31080589	206985200.00
2012/03/19	6.34	6.46	6.25	6.42	10032084	65629856.00
2012/03/20	6.35	6.40	6.12	6.14	7307323	46797124.00
2012/03/21	6.13	6.36	5.99	6.29	9293109	59089252.00
2012/03/22	6.25	6.58	6.19	6.46	23476014	154628464.00
2012/03/23	6.35	6.46	6.14	6.20	15906509	104195416.00
2012/03/26	6.09	6.34	6.04	6.26	5792076	36991840.00
2012/03/27	6.28	6.32	6.16	6.25	5596727	35980608.00
2012/03/28	6.21	6.21	5.92	6.04	7860824	48982056.00
2012/03/29	6.00	6.09	5.68	5.87	7129936	43337176.00
2012/03/30	5.79	5.91	5.59	5.82	16151243	96376816.00
2012/04/05	5.76	6.19	5.72	6.09	16947030	103447664.00
2012/04/06	6.02	6.34	5.96	6.21	21443774	135901280.00
2012/04/09	6.39	6.39	5.88	5.89	18625824	117642720.00
2012/04/10	5.82	6.01	5.71	5.94	9198684	55292672.00
2012/04/11	5.82	6.18	5.78	6.06	14674819	91177432.00
2012/04/12	6.06	6.14	5.94	6.09	9860244	61497632.00
2012/04/13	6.11	6.39	6.03	6.22	17675368	112676784.00
2012/04/16	6.13	6.28	6.10	6.15	10983705	69991720.00
2012/04/17	6.13	6.23	5.96	5.98	7954639	49725152.00
2012/04/18	6.01	6.14	5.95	6.10	6237894	38862348.00
2012/04/19	6.10	6.19	6.07	6.18	7074623	44708904.00
2012/04/20	6.16	6.21	6.09	6.20	7857052	49888376.00
2012/04/23	6.19	6.28	6.03	6.08	6192636	39227324.00
2012/04/24	6.03	6.11	5.75	6.01	6764714	41450992.00
2012/04/25	5.98	6.35	5.98	6.27	12736436	81244088.00
2012/04/26	6.32	6.42	6.18	6.20	8453281	54513960.00
2012/04/27	6.17	6.27	5.95	6.02	6414821	39962088.00
2012/05/02	6.09	6.15	5.99	6.10	6190972	38680220.00
2012/05/03	6.10	6.10	5.93	6.00	5672778	35046808.00
2012/05/04	5.97	6.05	5.92	6.03	3867663	23882168.00
2012/05/07	6.01	6.02	5.94	6.01	3267018	20132302.00
2012/05/08	6.02	6.04	5.94	5.98	4117360	25378314.00
2012/05/09	5.96	5.96	5.78	5.79	6091102	36821312.00
2012/05/10	5.77	5.84	5.74	5.84	4206604	25122284.00
2012/05/11	5.80	5.82	5.60	5.63	4379228	25747628.00
2012/05/14	5.65	5.72	5.58	5.62	3632852	21147808.00
2012/05/15	5.56	5.60	5.44	5.58	2714350	15463628.00
2012/05/16	5.57	5.58	5.45	5.45	1809501	10312055.00
2012/05/17	5.45	5.58	5.42	5.57	3044514	17333100.00
2012/05/21	5.49	5.54	5.41	5.49	2016811	11424859.00
2012/05/22	5.52	5.57	5.49	5.56	1682799	9606956.00
2012/05/23	5.53	5.56	5.39	5.45	2397084	13551809.00
2012/05/24	5.45	5.51	5.40	5.42	2157972	12157458.00
2012/05/25	5.42	5.45	5.29	5.30	2072398	11469752.00
2012/05/28	5.29	5.38	5.20	5.38	1869726	10243443.00
2012/05/29	5.36	5.53	5.35	5.48	3170633	17888620.00
2012/05/30	5.50	5.57	5.48	5.51	2544461	14520534.00
2012/05/31	5.48	5.54	5.43	5.53	2050702	11637316.00
2012/06/01	5.53	5.57	5.47	5.49	1651352	9414012.00
2012/06/04	5.42	5.43	5.14	5.15	3421985	18633440.00
2012/06/05	5.21	5.22	5.12	5.12	2906781	15513044.00
2012/06/06	5.17	5.17	5.06	5.09	1802276	9533812.00
2012/06/07	5.15	5.17	5.05	5.05	1235800	6549330.00
2012/06/08	5.12	5.13	5.02	5.03	2143909	11273727.00
2012/06/11	5.05	5.11	5.03	5.10	1653604	8677321.00
2012/06/12	5.08	5.14	5.05	5.10	1777373	9377028.00
2012/06/13	5.11	5.20	5.09	5.19	1868255	9968932.00
2012/06/14	5.18	5.22	5.13	5.15	1782176	9547060.00
2012/06/15	5.18	5.19	5.10	5.17	1544040	8229852.00
2012/06/18	5.17	5.24	5.16	5.20	1796472	9685610.00
2012/06/19	5.21	5.21	5.15	5.18	1330285	7125806.00
2012/06/20	5.18	5.25	5.16	5.17	1964642	10580082.00
2012/06/21	5.15	5.15	5.02	5.04	2161531	11361095.00
2012/06/25	5.02	5.02	4.84	4.85	2514061	12813733.00
2012/06/26	4.86	4.90	4.80	4.88	1376740	6924162.00
2012/06/27	4.88	4.90	4.85	4.85	873918	4418108.00
2012/06/28	4.87	4.88	4.76	4.77	1359300	6805487.00
2012/06/29	4.77	4.81	4.72	4.79	3325028	16449452.00
2012/07/02	4.81	4.86	4.78	4.84	1963142	9810887.00
2012/07/03	4.84	4.89	4.82	4.85	1866980	9397094.00
2012/07/04	4.87	4.88	4.83	4.84	1513526	7608244.00
2012/07/05	4.83	4.83	4.68	4.72	2288280	11214173.00
2012/07/06	4.75	4.82	4.67	4.82	1872353	9224682.00
2012/07/09	4.80	4.87	4.73	4.76	1983058	9854188.00
2012/07/10	4.76	4.77	4.68	4.75	1810005	8731146.00
2012/07/11	4.75	4.81	4.72	4.77	964846	4685366.00
2012/07/12	4.73	4.86	4.70	4.83	2625198	12815558.00
2012/07/13	4.80	4.85	4.76	4.77	1842739	9022264.00
2012/07/16	4.80	4.80	4.53	4.54	2244849	10623649.00
2012/07/17	4.54	4.64	4.54	4.64	1429640	6713657.00
2012/07/18	4.62	4.65	4.53	4.63	1603010	7522268.00
2012/07/19	4.63	4.80	4.61	4.76	4215560	20363120.00
2012/07/20	4.73	4.76	4.67	4.71	2502509	12064521.00
2012/07/23	4.69	4.69	4.60	4.66	1286535	6102626.00
2012/07/24	4.64	4.78	4.61	4.75	1516592	7269011.00
2012/07/25	4.70	4.76	4.65	4.68	1407107	6788236.00
2012/07/26	4.68	4.71	4.63	4.64	1859593	8857072.00
2012/07/27	4.64	4.69	4.61	4.67	1995486	9472717.00
2012/07/30	4.68	4.71	4.54	4.59	1454762	6877298.00
2012/07/31	4.59	4.67	4.46	4.63	1781284	8290106.00
2012/08/01	4.62	4.71	4.59	4.69	2200012	10492442.00
2012/08/02	4.69	4.69	4.54	4.61	1646639	7745507.00
2012/08/03	4.60	4.75	4.57	4.74	1973388	9390767.00
2012/08/06	4.71	4.84	4.69	4.81	3320870	16217490.00
2012/08/07	4.79	4.95	4.76	4.93	4585396	22774648.00
2012/08/08	4.91	4.93	4.83	4.85	2748422	13667746.00
2012/08/09	4.85	4.97	4.82	4.96	3137840	15714017.00
2012/08/10	4.91	4.96	4.88	4.91	1971067	9901381.00
2012/08/13	4.88	4.90	4.79	4.79	1586059	7854911.00
2012/08/14	4.79	4.87	4.73	4.85	1129688	5533640.00
2012/08/15	4.86	4.86	4.77	4.81	2774586	13637960.00
2012/08/16	4.81	4.82	4.70	4.74	1495200	7276671.00
2012/08/17	4.73	4.77	4.72	4.76	802235	3887655.00
2012/08/20	4.71	4.74	4.63	4.73	1549192	7389467.00
2012/08/21	4.70	4.81	4.70	4.80	1901609	9276882.00
2012/08/22	4.80	4.80	4.74	4.80	1184604	5773519.00
2012/08/23	4.79	4.87	4.77	4.86	1853796	9139182.00
2012/08/24	4.86	4.86	4.71	4.71	1960681	9540244.00
2012/08/27	4.66	4.67	4.54	4.56	1757511	8254388.00
2012/08/28	4.57	4.78	4.55	4.62	1152420	5457943.00
2012/08/29	4.62	4.66	4.58	4.60	975680	4611884.00
2012/08/30	4.60	4.65	4.55	4.65	2377849	11183305.00
2012/08/31	4.63	4.70	4.60	4.68	1911042	9072015.00
2012/09/03	4.66	4.79	4.65	4.77	2067577	10008795.00
2012/09/04	4.80	4.81	4.75	4.80	2073545	10116886.00
2012/09/05	4.84	4.90	4.78	4.82	2613389	12905478.00
2012/09/06	4.82	4.84	4.78	4.83	1466021	7190635.00
2012/09/07	4.83	5.02	4.83	4.96	4639955	23352804.00
2012/09/10	4.96	5.00	4.91	4.99	2681460	13574854.00
2012/09/11	4.96	5.20	4.90	5.17	5618122	28852440.00
2012/09/12	5.11	5.24	5.05	5.16	8120954	42692344.00
2012/09/13	5.16	5.16	4.96	4.97	3241599	16750316.00
2012/09/14	5.00	5.15	4.95	5.09	3647208	18776844.00
2012/09/17	5.06	5.13	4.93	5.00	2425525	12418799.00
2012/09/18	4.99	5.03	4.93	5.01	1790482	9124759.00
2012/09/19	5.02	5.08	5.00	5.02	1668724	8576498.00
2012/09/20	5.00	5.02	4.92	4.93	1760841	8908194.00
2012/09/21	4.90	4.99	4.85	4.92	1498510	7540570.00
2012/09/24	4.90	5.00	4.84	4.97	1764916	8925522.00
2012/09/25	4.97	5.06	4.93	4.98	1494566	7619918.00
2012/09/26	4.96	4.98	4.82	4.89	1483151	7383432.00
2012/09/27	4.87	5.04	4.82	5.02	1883194	9544587.00
2012/09/28	5.01	5.11	4.98	5.06	4596546	23711482.00
2012/10/08	5.06	5.06	4.94	5.00	3019255	15323177.00
2012/10/09	5.00	5.08	4.95	5.07	2792765	14373770.00
2012/10/10	5.05	5.12	5.02	5.11	2810802	14559079.00
2012/10/11	5.09	5.09	5.00	5.00	1849443	9504055.00
2012/10/12	5.00	5.08	4.96	4.99	1787095	9154924.00
2012/10/15	4.99	5.00	4.90	4.92	1978553	9953405.00
2012/10/16	4.91	4.98	4.90	4.91	1711300	8616550.00
2012/10/17	4.94	4.96	4.89	4.96	1205074	6062516.00
2012/10/18	4.94	5.05	4.94	5.04	2334340	11923057.00
2012/10/19	5.04	5.05	5.00	5.02	1484086	7592900.00
2012/10/22	5.00	5.06	4.97	5.05	1810968	9279271.00
2012/10/23	5.03	5.11	5.02	5.02	1850352	9559817.00
2012/10/24	5.03	5.06	4.98	5.00	1272718	6511262.00
2012/10/25	5.00	5.04	4.94	4.95	1098815	5596458.00
2012/10/26	4.94	4.95	4.80	4.83	1707710	8493679.00
2012/10/29	4.83	4.89	4.80	4.85	851569	4217616.00
2012/10/30	4.85	4.95	4.85	4.90	1357486	6792222.00
2012/10/31	4.88	4.98	4.88	4.96	1039614	5227971.00
2012/11/01	4.95	5.06	4.93	5.05	2433896	12449980.00
2012/11/02	5.05	5.08	5.00	5.08	2177939	11216906.00
2012/11/05	5.07	5.07	4.99	5.01	1437646	7346886.00
2012/11/06	5.01	5.03	4.92	4.99	1107092	5595356.00
2012/11/07	4.98	5.01	4.93	5.01	1097459	5571025.00
2012/11/08	4.96	5.08	4.94	4.97	3039323	15517149.00
2012/11/09	4.96	5.07	4.95	5.07	2127521	10910866.00
2012/11/12	5.08	5.17	5.03	5.12	2707508	14055227.00
2012/11/13	5.08	5.10	5.01	5.02	2003250	10305812.00
2012/11/14	5.04	5.05	4.95	5.04	2540867	12972069.00
2012/11/15	5.04	5.04	4.90	4.91	2255245	11458975.00
2012/11/16	4.93	4.96	4.86	4.95	1258898	6304306.00
2012/11/19	4.90	4.95	4.87	4.92	1017044	5085195.00
2012/11/20	4.91	4.96	4.89	4.91	742035	3722423.00
2012/11/21	4.91	4.93	4.82	4.92	1438915	7152983.00
2012/11/22	4.88	4.91	4.80	4.82	1107520	5490201.00
2012/11/23	4.83	4.89	4.83	4.86	741285	3682869.00
2012/11/26	4.84	4.89	4.83	4.87	485369	2410644.00
2012/11/27	4.86	4.86	4.60	4.61	2543299	12221693.00
2012/11/28	4.62	4.62	4.52	4.55	1025300	4783612.00
2012/11/29	4.52	4.60	4.49	4.52	1042841	4839693.00
2012/11/30	4.53	4.62	4.50	4.61	1172634	5488056.00
2012/12/03	4.56	4.65	4.52	4.54	605791	2836377.00
2012/12/04	4.48	4.58	4.43	4.54	484487	2224740.00
2012/12/05	4.53	4.71	4.53	4.66	1223638	5823851.00
2012/12/06	4.65	4.71	4.63	4.69	585237	2789856.00
2012/12/07	4.69	4.80	4.66	4.77	1450246	7008331.00
2012/12/10	4.72	4.85	4.72	4.79	1467092	7171283.00
2012/12/11	4.76	4.84	4.74	4.74	1071600	5218179.00
2012/12/12	4.73	4.78	4.64	4.69	1198937	5755147.00
2012/12/13	4.66	4.74	4.61	4.63	1355320	6464522.00
2012/12/14	4.66	4.83	4.63	4.83	2547225	12401205.00
2012/12/17	4.85	4.88	4.82	4.84	2299775	11388796.00
2012/12/18	4.84	4.86	4.78	4.82	2188367	10786921.00
2012/12/19	4.82	4.86	4.81	4.84	1222214	6039634.00
2012/12/20	4.85	4.85	4.72	4.78	1411293	6878483.00
2012/12/21	4.77	4.82	4.74	4.78	1349483	6583849.00
2012/12/24	4.78	4.81	4.76	4.78	776185	3786158.00
2012/12/25	4.77	4.89	4.76	4.88	3767329	18631716.00
2012/12/26	4.88	4.96	4.86	4.93	5115973	25663780.00
2012/12/27	4.94	4.95	4.86	4.87	3979629	19879946.00
2012/12/28	4.87	4.96	4.86	4.95	4287345	21494332.00
2012/12/31	4.94	4.98	4.90	4.96	4689401	23644636.00
2013/01/04	4.99	5.01	4.88	4.90	4697020	23553164.00
2013/01/07	4.90	4.98	4.88	4.93	4136805	20773518.00
2013/01/08	4.91	4.98	4.91	4.95	5014670	25289188.00
2013/01/09	4.95	5.04	4.94	5.04	7801737	39760544.00
2013/01/10	5.03	5.07	4.97	5.01	5482813	28059352.00
2013/01/11	5.01	5.01	4.89	4.90	3362408	16984560.00
2013/01/14	4.89	5.01	4.87	5.00	5451091	27513228.00
2013/01/15	4.99	5.13	4.98	5.07	8539422	43976900.00
2013/01/16	5.06	5.08	4.98	5.05	4874583	25004660.00
2013/01/17	5.04	5.06	4.97	5.00	2876340	14695851.00
2013/01/18	5.00	5.06	4.99	5.06	3862812	19838442.00
2013/01/21	5.05	5.16	5.04	5.10	8965604	46608992.00
2013/01/22	5.11	5.11	5.01	5.03	5177473	26717164.00
2013/01/23	5.01	5.06	4.95	5.02	3364676	17158832.00
2013/01/24	5.02	5.09	4.90	4.95	4080702	20809032.00
2013/01/25	4.95	4.97	4.92	4.92	1830400	9227411.00
2013/01/28	4.94	5.05	4.94	5.05	3796024	19433636.00
2013/01/29	5.06	5.18	5.03	5.16	10965689	57425124.00
2013/01/30	5.26	5.30	5.08	5.14	8184532	43016108.00
2013/01/31	5.14	5.23	5.12	5.20	8199240	43211844.00
2013/02/01	5.22	5.22	5.09	5.15	6902004	36201108.00
2013/02/04	5.16	5.24	5.10	5.17	8879384	46870472.00
2013/02/05	5.11	5.15	5.06	5.13	4867055	25354912.00
2013/02/06	5.15	5.15	5.11	5.12	3000510	15694011.00
2013/02/07	5.11	5.13	5.05	5.09	4210400	21812696.00
2013/02/08	5.08	5.14	5.08	5.12	3971969	20703834.00
2013/02/18	5.14	5.15	5.09	5.13	3677087	19224734.00
2013/02/19	5.13	5.14	5.05	5.07	3755188	19456024.00
2013/02/20	5.07	5.12	5.04	5.12	3382364	17525526.00
2013/02/21	5.09	5.10	4.97	5.01	4299481	22028886.00
2013/02/22	5.01	5.02	4.95	4.97	2434334	12397582.00
2013/02/25	4.98	5.01	4.96	5.00	1932179	9823885.00
2013/02/26	4.97	5.03	4.92	4.93	3256544	16567181.00
2013/02/27	4.95	4.98	4.90	4.93	2442636	12303314.00
2013/02/28	4.95	5.01	4.92	5.01	2608997	13254147.00
2013/03/01	5.01	5.02	4.95	5.01	3000217	15262299.00
2013/03/04	4.97	5.03	4.94	5.01	5843367	29749824.00
2013/03/05	5.02	5.21	4.98	5.09	10891328	56663432.00
2013/03/06	5.10	5.13	5.06	5.12	6679550	34698260.00
2013/03/07	5.11	5.13	5.02	5.05	3952491	20479004.00
2013/03/08	5.07	5.10	5.03	5.04	2112147	10899533.00
2013/03/11	5.03	5.06	5.01	5.04	1301645	6689305.00
2013/03/12	5.06	5.11	4.85	4.91	3336039	16889960.00
2013/03/13	4.92	4.92	4.76	4.81	2750812	13540984.00
2013/03/14	4.78	4.85	4.78	4.82	1665928	8198963.00
2013/03/15	4.80	4.92	4.80	4.86	3161751	15689056.00
2013/03/18	4.86	4.90	4.80	4.88	2537932	12581709.00
2013/03/19	4.85	4.95	4.85	4.92	2873660	14380433.00
2013/03/20	4.92	5.14	4.42	5.11	10904546	56087884.00
2013/03/21	5.05	5.12	5.01	5.10	5757526	29819836.00
2013/03/22	5.09	5.10	5.03	5.06	3235927	16710480.00
2013/03/25	5.07	5.10	5.00	5.03	2644045	13564786.00
2013/03/26	5.01	5.03	4.96	5.02	2190523	11143934.00
2013/03/27	5.02	5.05	5.00	5.05	1970299	10107855.00
2013/03/28	5.01	5.01	4.84	4.88	4012219	20096490.00
2013/03/29	4.86	4.89	4.80	4.82	1487592	7369591.00
2013/04/01	4.82	4.91	4.80	4.85	1239600	6154678.00
2013/04/02	4.86	4.88	4.79	4.80	1347780	6641823.00
2013/04/03	4.80	4.83	4.78	4.79	1973707	9681481.00
2013/04/08	4.74	4.74	4.60	4.71	2216620	10606326.00
2013/04/09	4.73	4.78	4.72	4.76	1037901	5039149.00
2013/04/10	4.76	4.84	4.73	4.80	1403662	6848019.00
2013/04/11	4.80	4.80	4.69	4.70	1738538	8420378.00
2013/04/12	4.72	4.72	4.61	4.63	2379364	11332051.00
2013/04/15	4.62	4.62	4.55	4.57	1684900	7896632.00
2013/04/16	4.54	4.63	4.53	4.62	1164239	5437706.00
2013/04/17	4.60	4.66	4.59	4.63	1218249	5751672.00
2013/04/18	4.61	4.63	4.57	4.61	1126148	5293622.00
2013/04/19	4.60	4.73	4.60	4.71	2120595	10136366.00
2013/04/22	4.68	4.72	4.67	4.71	1489338	7152951.00
2013/04/23	4.69	4.71	4.59	4.60	1171160	5555179.00
2013/04/24	4.62	4.68	4.59	4.63	1092397	5168219.00
2013/04/25	4.64	4.64	4.53	4.53	1970505	9246256.00
2013/04/26	4.54	4.59	4.51	4.58	2192077	10216887.00
2013/05/02	4.56	4.64	4.53	4.63	1235039	5808360.00
2013/05/03	4.65	4.69	4.63	4.66	1414377	6742210.00
2013/05/06	4.65	4.72	4.65	4.71	2879842	13786345.00
2013/05/07	4.71	4.71	4.67	4.70	1348248	6459212.00
2013/05/08	4.70	4.81	4.70	4.73	2254500	10912659.00
2013/05/09	4.71	4.72	4.62	4.66	1313049	6255543.00
2013/05/10	4.66	4.72	4.61	4.70	3018058	14410469.00
2013/05/13	4.71	4.72	4.63	4.71	1835074	8769496.00
2013/05/14	4.71	4.71	4.64	4.66	1589437	7582131.00
2013/05/15	4.56	4.71	4.56	4.69	1900621	9043797.00
2013/05/16	4.69	4.75	4.66	4.72	2350712	11281810.00
2013/05/17	4.71	4.78	4.71	4.76	2466111	11947116.00
2013/05/20	4.76	4.83	4.75	4.81	3048814	14932524.00
2013/05/21	4.81	4.85	4.79	4.84	2274657	11189155.00
2013/05/22	4.85	4.95	4.83	4.94	5615982	28051836.00
2013/05/23	4.92	4.94	4.87	4.88	2349998	11752719.00
2013/05/24	4.88	4.96	4.88	4.92	2304545	11563870.00
2013/05/27	4.89	4.95	4.88	4.94	4250766	21301356.00
2013/05/28	4.94	5.03	4.88	5.00	3569869	18028662.00
2013/05/29	5.00	5.25	5.00	5.09	18085567	95500992.00
2013/05/30	5.09	5.10	5.02	5.05	5621780	28931248.00
2013/05/31	5.05	5.10	5.01	5.02	2945120	15169145.00
2013/06/03	5.03	5.05	4.99	5.04	3538621	18121524.00
2013/06/04	5.05	5.05	4.98	5.00	3218978	16429558.00
2013/06/05	5.02	5.06	4.97	4.99	1976594	10104256.00
2013/06/06	4.99	5.01	4.89	4.90	2628650	13286813.00
2013/06/07	4.94	4.96	4.86	4.91	2566182	12839253.00
2013/06/13	4.82	5.00	4.77	4.95	4477068	22361420.00
2013/06/14	4.94	5.43	4.92	5.25	21646458	115744216.00
2013/06/17	5.25	5.44	5.20	5.28	19055176	103408496.00
2013/06/18	5.30	5.37	5.18	5.26	10739856	57726092.00
2013/06/19	5.20	5.30	5.08	5.26	9953466	52575956.00
2013/06/20	5.23	5.29	5.12	5.15	6795070	35860328.00
2013/06/21	5.06	5.25	4.92	5.20	13851623	73247952.00
2013/06/24	5.17	5.24	4.94	5.11	11808700	61774408.00
2013/06/25	5.08	5.12	4.74	4.97	8269873	41433808.00
2013/06/26	4.95	5.10	4.89	5.05	9106705	46704856.00
2013/06/27	5.03	5.12	4.88	5.03	7754557	39681748.00
2013/06/28	5.02	5.09	4.97	5.07	4869560	25019756.00
2013/07/01	5.05	5.17	5.00	5.16	6534349	34049040.00
2013/07/02	5.15	5.35	5.13	5.33	14039457	75121304.00
2013/07/03	5.31	5.45	5.27	5.41	18998426	104277168.00
2013/07/04	5.37	5.48	5.30	5.38	10533930	57740088.00
2013/07/05	5.41	5.47	5.28	5.34	9370969	51162904.00
2013/07/08	5.28	5.34	5.16	5.28	7403891	39781648.00
2013/07/09	5.27	5.44	5.27	5.43	14890079	81582288.00
2013/07/10	5.41	5.60	5.40	5.57	25423189	142703568.00
2013/07/11	5.55	5.74	5.47	5.53	15462362	87994784.00
2013/07/12	5.51	5.70	5.48	5.57	22442756	128081288.00
2013/07/15	5.57	5.80	5.54	5.76	17684550	102739800.00
2013/07/16	5.75	5.84	5.62	5.75	9029243	52527952.00
2013/07/17	5.74	5.86	5.52	5.62	11190591	64970700.00
2013/07/18	5.60	5.69	5.50	5.69	9046613	51710532.00
2013/07/19	5.67	5.77	5.56	5.66	11932230	68725512.00
2013/07/22	5.62	5.90	5.61	5.85	23249863	137819072.00
2013/07/23	5.86	5.98	5.77	5.90	23815798	142506864.00
2013/07/24	5.87	6.00	5.76	5.85	15565321	93014312.00
2013/07/25	5.82	5.86	5.68	5.75	6157170	36055136.00
2013/07/26	5.71	5.81	5.71	5.80	5222282	30633164.00
2013/07/29	5.78	5.97	5.74	5.85	11864212	70458576.00
2013/07/30	5.83	5.97	5.75	5.95	15364828	92151064.00
2013/07/31	5.92	6.02	5.80	5.84	8649541	51960284.00
2013/08/01	5.80	5.90	5.72	5.86	7706992	45535924.00
2013/08/02	5.85	5.87	5.73	5.75	3944225	23126298.00
2013/08/05	5.76	5.81	5.73	5.79	3713543	21821398.00
2013/08/06	5.79	5.81	5.67	5.80	6591450	38576668.00
2013/08/07	5.79	5.98	5.75	5.88	9193697	54996268.00
2013/08/08	5.88	5.99	5.81	5.84	6220130	37296640.00
2013/08/09	5.87	5.90	5.73	5.84	3791439	22429824.00
2013/08/12	5.84	6.09	5.79	6.02	14206821	86266288.00
2013/08/13	6.00	6.18	5.95	6.03	13816593	85273104.00
2013/08/14	6.01	6.11	5.96	5.97	5939559	36315724.00
2013/08/15	5.99	6.05	5.96	5.99	5831050	35612408.00
2013/08/16	5.96	6.58	5.91	6.40	44946981	281929920.00
2013/08/19	6.15	6.40	6.03	6.15	57475997	358441824.00
2013/08/20	6.01	6.04	5.77	6.00	22255018	133145152.00
2013/08/21	5.88	6.00	5.83	5.91	7425539	44481512.00
2013/08/22	5.88	5.94	5.77	5.79	25462756	150778080.00
2013/08/23	5.81	6.08	5.56	5.74	24919030	146944272.00
2013/08/26	5.71	5.81	5.65	5.76	6186705	36145192.00
2013/08/27	5.73	5.78	5.67	5.75	5139462	29881774.00
2013/08/28	5.70	5.75	5.64	5.73	4419047	25563132.00
2013/08/29	5.69	5.81	5.66	5.79	5977497	34921896.00
2013/08/30	5.79	5.85	5.75	5.84	6695296	39537792.00
2013/09/02	5.85	5.97	5.78	5.94	9065078	54347652.00
2013/09/03	5.94	6.00	5.91	5.98	7425940	45072268.00
2013/09/04	5.97	6.06	5.86	5.91	5559386	33584240.00
2013/09/05	5.89	5.96	5.76	5.89	5706592	33922140.00
2013/09/06	5.89	6.08	5.85	6.06	13169542	80463192.00
2013/09/09	6.01	6.12	5.99	6.03	7903785	48573364.00
2013/09/10	6.04	6.20	5.98	6.14	9579472	59362980.00
2013/09/11	6.10	6.20	6.01	6.03	14431865	89261832.00
2013/09/12	6.00	6.11	5.95	6.04	5344540	32798440.00
2013/09/13	6.01	6.07	5.99	6.04	4070101	24963358.00
2013/09/16	6.05	6.13	6.00	6.08	4287535	26455960.00
2013/09/17	6.06	6.11	5.87	5.88	3264227	19818156.00
2013/09/18	5.90	6.00	5.81	5.98	3784554	22736746.00
2013/09/23	6.03	6.08	5.98	6.06	8077717	49566148.00
2013/09/24	6.08	6.09	5.95	5.97	6241287	38084924.00
2013/09/25	5.93	6.04	5.90	5.95	6136495	37238512.00
2013/09/26	5.92	5.94	5.74	5.80	4768610	28297188.00
2013/09/27	5.78	5.87	5.74	5.83	3543784	20922646.00
2013/09/30	5.81	5.90	5.64	5.80	10533409	61448940.00
2013/10/08	5.73	5.84	5.71	5.81	4647359	27397756.00
2013/10/09	5.81	5.91	5.75	5.89	5352198	31807908.00
2013/10/10	5.90	6.00	5.84	5.92	9114698	55029032.00
2013/10/11	5.94	6.15	5.93	6.08	26091641	160932544.00
2013/10/14	6.10	6.20	6.00	6.11	23302520	144468064.00
2013/10/15	6.12	6.16	6.01	6.12	11309646	69968424.00
2013/10/16	6.11	6.13	5.86	5.89	7420414	44859768.00
2013/10/17	5.89	6.12	5.89	6.09	7297753	44581704.00
2013/10/18	6.17	6.25	6.00	6.06	6848396	42519620.00
2013/10/21	6.10	6.13	6.02	6.10	7642795	47208564.00
2013/10/22	6.10	6.10	5.95	5.97	5646808	34509808.00
2013/10/23	5.97	6.03	5.84	5.87	5154316	31045004.00
2013/10/24	5.89	5.89	5.75	5.84	3911848	23141608.00
2013/10/25	5.80	5.86	5.69	5.74	2257445	13258182.00
2013/10/28	5.79	5.80	5.72	5.77	1630323	9558380.00
2013/10/29	5.74	5.85	5.59	5.73	3445199	19999592.00
2013/10/30	5.75	5.80	5.71	5.80	1061131	6231146.00
2013/10/31	5.80	5.81	5.68	5.68	1548513	9026708.00
2013/11/01	5.69	5.90	5.63	5.86	10555081	62595916.00
2013/11/04	5.87	5.99	5.77	5.85	2318613	13766804.00
2013/11/05	5.94	5.96	5.83	5.93	4071822	24457168.00
2013/11/06	5.91	5.96	5.80	5.80	4351055	26125370.00
2013/11/21	5.93	6.20	5.91	6.06	18136110	111877440.00
2013/11/22	5.92	6.00	5.82	5.89	7917046	47465068.00
2013/11/25	5.84	6.00	5.84	5.95	6626225	39969884.00
2013/11/26	5.93	5.98	5.85	5.93	2219823	13333787.00
2013/11/27	5.93	6.10	5.89	6.02	7958573	48511128.00
2013/11/28	6.03	6.05	5.97	6.04	5711179	34900708.00
2013/11/29	6.01	6.04	5.97	6.01	2232350	13595225.00
2013/12/02	5.93	5.96	5.69	5.91	7088695	42195992.00
2013/12/03	5.85	5.95	5.82	5.92	4055303	24307498.00
2013/12/04	5.92	6.03	5.91	6.00	6666914	40546800.00
2013/12/05	5.98	6.07	5.97	6.00	2100064	12816450.00
2013/12/06	5.99	6.10	5.97	6.05	5528976	33978960.00
2013/12/09	6.06	6.10	6.02	6.05	6433474	39745832.00
2013/12/10	6.05	6.11	5.96	6.05	2847662	17434562.00
2013/12/11	6.01	6.09	5.96	6.08	4516668	27649396.00
2013/12/12	6.06	6.30	6.01	6.21	15803069	99321528.00
2013/12/13	6.18	6.29	6.09	6.13	10117583	63582704.00
2013/12/16	6.15	6.25	6.11	6.16	5595074	35106200.00
2013/12/17	6.18	6.47	6.16	6.33	29051648	187222592.00
2013/12/18	6.34	6.46	6.25	6.40	17557420	113677112.00
2013/12/19	6.38	6.53	6.18	6.24	12704810	81492480.00
2013/12/20	6.22	6.29	6.01	6.14	7384975	45831544.00
2013/12/23	6.14	6.20	6.02	6.16	4955156	30884156.00
2013/12/24	6.13	6.27	6.08	6.24	8997608	56487236.00
2013/12/25	6.22	6.39	6.19	6.32	13407738	85735864.00
2013/12/26	6.31	6.38	6.23	6.25	4798307	30596844.00
2013/12/27	6.26	6.55	6.26	6.47	28012894	183655072.00
2013/12/30	6.48	6.70	6.42	6.54	30898506	205118144.00
2013/12/31	6.56	6.60	6.30	6.44	11146321	72961680.00
2014/01/02	6.42	6.46	6.28	6.37	5486219	35420528.00
2014/01/03	6.37	6.43	6.26	6.32	4435079	28541754.00
2014/01/06	6.30	6.30	5.92	5.99	9268964	57169828.00
2014/01/07	5.96	6.14	5.93	6.06	4256867	26064340.00
2014/01/08	6.05	6.10	5.99	6.02	2839495	17404636.00
2014/01/09	6.02	6.13	5.99	6.07	9134036	56237320.00
2014/01/10	6.06	6.10	6.00	6.05	3418157	21021688.00
2014/01/13	6.03	6.20	6.00	6.12	5064749	31477794.00
2014/01/14	6.12	6.27	6.01	6.24	12538324	78750112.00
2014/01/15	6.24	6.43	6.19	6.23	16913276	108006704.00
2014/01/16	6.24	6.33	6.15	6.24	11644382	73842592.00
2014/01/17	6.21	6.26	6.05	6.14	7416690	46018020.00
2014/01/20	6.11	6.24	6.06	6.19	12872437	80911904.00
2014/01/21	6.17	6.32	6.15	6.22	5294698	33548624.00
2014/01/22	6.23	6.36	6.19	6.34	9646290	61772100.00
2014/01/23	6.35	6.37	6.28	6.30	6795481	43665012.00
2014/01/24	6.29	6.41	6.28	6.38	11377609	73465560.00
2014/01/27	6.35	6.56	6.31	6.48	21309890	139625328.00
2014/01/28	6.45	6.50	6.39	6.46	10572126	69263024.00
2014/01/29	6.44	6.74	6.33	6.67	22759370	151480432.00
2014/01/30	6.63	6.76	6.49	6.52	9055667	60655416.00
2014/02/07	6.52	6.60	6.38	6.59	9284084	61630244.00
2014/02/10	6.53	6.87	6.43	6.78	20983504	141800160.00
2014/02/11	6.74	6.90	6.68	6.72	20543925	140882080.00
2014/02/12	6.68	6.76	6.55	6.66	9909801	66609000.00
2014/02/13	6.62	6.77	6.59	6.65	16294333	110434912.00
2014/02/14	6.62	6.70	6.56	6.67	10237859	68892216.00
2014/02/17	6.66	6.93	6.58	6.82	28708701	197926896.00
2014/02/18	6.83	6.89	6.69	6.74	12602790	86429792.00
2014/02/19	6.69	6.82	6.60	6.66	15705191	106746504.00
2014/02/20	6.70	6.72	6.53	6.54	9287903	62248916.00
2014/02/21	6.52	6.55	6.34	6.41	13036857	84894992.00
2014/02/24	6.40	6.48	6.26	6.40	11622381	75273584.00
2014/02/25	6.41	6.44	6.06	6.12	7351452	46700004.00
2014/02/26	6.11	6.16	6.00	6.15	4419596	27339956.00
2014/02/27	6.15	6.18	5.96	6.06	5936145	36716840.00
2014/02/28	6.06	6.28	5.98	6.23	8053936	50364824.00
2014/03/03	6.18	6.38	6.16	6.19	15602349	98782296.00
2014/03/04	6.16	6.23	6.09	6.14	6182554	38615368.00
2014/03/05	6.15	6.17	6.02	6.12	4516970	28002120.00
2014/03/06	6.09	6.22	6.01	6.08	7004191	43576372.00
2014/03/07	6.08	6.10	6.02	6.02	2665647	16423289.00
2014/03/10	6.02	6.12	5.77	5.78	10754125	65188096.00
2014/03/11	5.78	5.90	5.72	5.88	5785178	34331000.00
2014/03/12	5.82	5.87	5.67	5.70	10000172	58501048.00
2014/03/13	5.70	5.81	5.69	5.73	6153792	36010344.00
2014/03/14	5.71	5.74	5.59	5.60	4803622	27620242.00
2014/03/17	5.60	5.67	5.55	5.66	3464851	19805192.00
2014/03/18	5.64	5.73	5.63	5.72	3134908	18187130.00
2014/03/19	5.72	5.72	5.59	5.66	2649228	15223354.00
2014/03/20	5.67	5.71	5.53	5.54	3712129	21351720.00
2014/03/21	5.53	5.66	5.44	5.65	4603622	25960250.00
2014/03/24	5.64	5.72	5.61	5.69	3239460	18700332.00
2014/03/25	5.70	5.78	5.67	5.74	3897352	22767652.00
2014/03/26	5.77	5.77	5.70	5.74	2633536	15365047.00
2014/03/27	5.74	5.80	5.70	5.72	4081335	23854344.00
2014/03/28	5.69	5.78	5.68	5.69	2607800	15204728.00
2014/03/31	5.79	5.88	5.70	5.74	5038560	29630658.00
2014/04/01	5.65	5.80	5.60	5.79	6096400	35353080.00
2014/04/02	5.79	5.89	5.75	5.88	5626721	33494904.00
2014/04/03	5.86	5.99	5.85	5.97	8216586	49505532.00
2014/04/04	5.95	6.05	5.91	6.04	12065427	73898864.00
2014/04/08	6.04	6.11	5.95	6.06	12334820	75912240.00
2014/04/09	6.03	6.06	6.01	6.02	3852749	23596172.00
2014/04/10	6.03	6.08	5.94	6.01	11927751	73237880.00
2014/04/11	6.02	6.16	5.98	6.13	13381940	82878448.00
2014/04/14	6.13	6.17	6.07	6.14	10122522	63044760.00
2014/04/15	6.08	6.09	6.00	6.01	6491692	39958360.00
2014/04/16	6.01	6.05	5.93	6.00	7137507	43528700.00
2014/04/17	5.99	6.00	5.92	5.94	3731514	22578926.00
2014/04/18	5.95	5.97	5.89	5.90	4812099	29011684.00
2014/04/21	5.89	5.90	5.69	5.72	5719370	33673508.00
2014/04/22	5.70	5.77	5.67	5.77	2309230	13439503.00
2014/04/23	5.75	5.81	5.67	5.70	1805982	10538103.00
2014/04/24	5.70	5.75	5.67	5.70	1792655	10422631.00
2014/04/25	5.69	5.70	5.54	5.55	2311013	13207765.00
2014/04/28	5.50	5.51	5.37	5.39	2430248	13465828.00
2014/04/29	5.42	5.48	5.40	5.47	1681425	9311455.00
2014/04/30	5.48	5.61	5.47	5.61	2619301	14766651.00
2014/05/05	5.63	5.68	5.56	5.68	1466191	8393410.00
2014/05/06	5.70	5.70	5.64	5.65	1487758	8595338.00
2014/05/07	5.61	5.65	5.55	5.58	978571	5591836.00
2014/05/08	5.57	5.64	5.54	5.56	1938151	11003509.00
2014/05/09	5.55	5.58	5.42	5.47	1368686	7645147.00
2014/05/12	5.51	5.66	5.50	5.64	2209067	12562751.00
2014/05/13	5.60	5.70	5.60	5.64	1524932	8758980.00
2014/05/14	5.64	5.77	5.62	5.65	2136882	12354598.00
2014/05/15	5.64	5.64	5.50	5.53	2339010	13245716.00
2014/05/16	5.51	5.59	5.51	5.57	993847	5620414.00
2014/05/19	5.55	5.60	5.45	5.56	1270846	7164096.00
2014/05/20	5.57	5.65	5.54	5.57	1068062	6056329.00
2014/05/21	5.55	5.65	5.50	5.64	1159370	6608504.00
2014/05/22	5.64	5.72	5.60	5.65	2510007	14466719.00
2014/05/23	5.68	5.72	5.62	5.68	1238389	7140355.00
2014/05/26	5.70	5.83	5.66	5.80	3894648	22730284.00
2014/05/27	5.81	5.83	5.74	5.77	2261000	13315920.00
2014/05/28	5.75	5.81	5.71	5.78	1876660	11002533.00
2014/05/29	5.76	5.79	5.65	5.66	1456257	8456179.00
2014/05/30	5.64	5.72	5.64	5.67	1228731	7093214.00
2014/06/03	5.67	5.72	5.64	5.64	962596	5570865.00
2014/06/04	5.65	5.68	5.61	5.66	1175952	6755777.00
2014/06/05	5.63	5.74	5.63	5.73	1314013	7620499.00
2014/06/06	5.75	5.84	5.75	5.77	2648733	15601598.00
2014/06/09	5.73	5.80	5.70	5.80	1858802	10904364.00
2014/06/10	5.80	5.86	5.75	5.85	2298893	13601370.00
2014/06/11	5.81	5.86	5.76	5.80	2543711	15006361.00
2014/06/12	5.80	5.81	5.75	5.79	838178	4930731.00
2014/06/13	5.79	5.84	5.76	5.82	1483419	8762022.00
2014/06/16	5.80	5.82	5.77	5.80	1169604	6902891.00
2014/06/17	5.80	5.82	5.76	5.77	1356262	7992053.00
2014/06/18	5.74	5.82	5.73	5.78	1522731	8965521.00
2014/06/19	5.78	5.86	5.66	5.71	3315050	19550326.00
2014/06/20	5.71	5.84	5.70	5.81	2841818	16775759.00
2014/06/23	5.81	5.85	5.79	5.80	2632353	15558427.00
2014/06/24	5.80	5.89	5.79	5.87	2443146	14567422.00
2014/06/25	5.87	5.89	5.77	5.78	1721900	10168798.00
2014/06/26	5.78	5.92	5.78	5.90	3303532	19687292.00
2014/06/27	5.89	6.08	5.85	6.01	4813672	29356720.00
2014/06/30	6.02	6.05	5.96	6.00	2277402	13897627.00
2014/07/01	6.00	6.15	5.99	6.10	3976429	24639730.00
2014/07/02	6.07	6.17	6.05	6.15	4352487	27041108.00
2014/07/03	6.13	6.21	6.11	6.12	4096806	25652220.00
2014/07/04	6.13	6.16	6.09	6.12	3144763	19553722.00
2014/07/07	6.09	6.14	6.01	6.05	2557913	15756987.00
2014/07/08	6.07	6.14	6.04	6.13	2139634	13238221.00
2014/07/09	6.11	6.25	6.07	6.15	4196911	26282224.00
2014/07/10	6.15	6.18	6.09	6.13	2890586	18019876.00
2014/07/11	6.13	6.37	6.13	6.31	6888903	44054552.00
2014/07/14	6.31	6.58	6.29	6.49	6005524	39411800.00
2014/07/15	6.51	6.56	6.38	6.42	5829989	37589456.00
2014/07/16	6.42	6.49	6.34	6.35	2542951	16264603.00
2014/07/17	6.35	6.38	6.21	6.29	4028005	25316660.00
2014/07/18	6.27	6.44	6.26	6.42	3492290	22293704.00
2014/07/21	6.42	6.46	6.35	6.37	3499200	22383588.00
2014/07/22	6.33	6.40	6.33	6.36	2826253	17985722.00
2014/07/23	6.35	6.37	6.18	6.21	2544585	15934439.00
2014/07/24	6.21	6.32	6.16	6.22	2001299	12495771.00
2014/07/25	6.20	6.28	6.14	6.24	2741884	17013612.00
2014/07/28	6.23	6.40	6.22	6.38	4058744	25791864.00
2014/07/29	6.37	6.44	6.32	6.40	2947892	18861728.00
2014/07/30	6.37	6.44	6.37	6.41	2822797	18081460.00
2014/07/31	6.42	6.55	6.41	6.53	3696270	23959350.00
2014/08/01	6.50	6.53	6.41	6.42	5406629	34939676.00
2014/08/04	6.42	6.47	6.40	6.45	3125872	20115354.00
2014/08/05	6.42	6.44	6.38	6.42	2913634	18659648.00
2014/08/06	6.42	6.49	6.38	6.47	2677980	17277260.00
2014/08/07	6.46	6.50	6.40	6.41	3311896	21331796.00
2014/08/08	6.40	6.43	6.33	6.36	2754039	17537656.00
2014/08/11	6.36	6.55	6.35	6.53	4607567	29786084.00
2014/08/12	6.52	6.57	6.45	6.53	6316969	41086304.00
2014/08/13	6.53	6.59	6.48	6.58	4444381	29065076.00
2014/08/14	6.59	6.59	6.48	6.49	3262200	21333928.00
2014/08/15	6.49	6.55	6.46	6.51	3433899	22312652.00
2014/08/18	6.51	6.59	6.50	6.52	5415166	35394656.00
2014/08/19	6.54	6.66	6.52	6.65	6734249	44407360.00
2014/08/20	6.65	6.81	6.63	6.72	9956063	67209864.00
2014/08/21	6.67	6.74	6.60	6.66	4498880	29978648.00
2014/08/22	6.68	6.73	6.65	6.72	3302947	22086340.00
2014/08/25	6.72	6.93	6.72	6.83	8539815	58530780.00
2014/08/26	6.82	6.87	6.62	6.64	5799197	39000024.00
2014/08/27	6.61	7.07	6.61	6.99	9764383	67025248.00
2014/08/28	6.98	7.04	6.88	6.95	7776064	53999952.00
2014/08/29	6.95	7.00	6.90	6.99	3276495	22816452.00
2014/09/01	6.97	7.05	6.93	7.05	5097127	35596968.00
2014/09/02	7.07	7.16	6.99	7.10	6886078	48843448.00
2014/09/03	7.13	7.14	6.98	7.00	8338350	58709256.00
2014/09/04	7.01	7.09	6.94	7.09	5896574	41441368.00
2014/09/05	7.10	7.12	6.94	7.09	7049639	49634668.00
2014/09/09	7.09	7.28	7.03	7.22	6518972	46594736.00
2014/09/10	7.22	7.70	7.18	7.60	14315696	107756768.00
2014/09/11	7.57	7.87	7.53	7.59	10702863	82284752.00
2014/09/12	7.55	7.74	7.51	7.70	5979120	45801724.00
2014/09/15	7.70	8.16	7.66	8.02	7746151	61843688.00
2014/09/16	8.03	8.12	7.60	7.62	7473260	59035080.00
2014/09/17	7.65	7.94	7.49	7.89	7143620	55495460.00
2014/09/18	7.93	8.11	7.87	7.97	4810212	38510392.00
2014/09/19	7.97	8.11	7.74	8.06	5807256	46134488.00
2014/09/22	8.06	8.07	7.85	7.93	4495149	35606392.00
2014/09/23	7.92	8.19	7.84	8.18	9339842	75305184.00
2014/09/24	8.18	8.50	8.10	8.40	7150450	59656692.00
2014/09/25	8.40	8.83	8.31	8.61	11008043	94319696.00
2014/09/26	8.58	8.76	8.41	8.75	7809761	67113696.00
2014/09/29	8.80	8.91	8.70	8.78	6468392	56800700.00
2014/09/30	8.76	8.85	8.70	8.72	4168348	36489856.00
2014/10/08	8.73	8.75	8.50	8.56	7488861	64233956.00
2014/10/09	8.56	8.65	8.41	8.58	4935773	42143224.00
2014/10/10	8.58	8.58	8.20	8.24	7968379	66425828.00
2014/10/13	8.23	8.35	8.13	8.34	4970349	40967904.00
2014/10/14	8.34	8.41	8.15	8.23	4495400	37269876.00
2014/10/15	8.27	8.50	8.23	8.47	4678985	39276464.00
2014/10/16	8.47	8.58	8.30	8.32	5056009	42601052.00
2014/10/17	8.32	8.39	7.90	8.07	4890841	39683776.00
2014/10/20	8.09	8.37	8.05	8.27	3446404	28256160.00
2014/10/21	8.27	8.34	8.14	8.18	1908575	15699920.00
2014/10/22	8.18	8.41	8.18	8.30	4865030	40569056.00
2014/10/23	8.29	8.30	8.05	8.17	3415128	27858062.00
2014/10/24	8.17	8.29	8.03	8.17	3087330	25258890.00
2014/10/27	8.17	8.28	8.08	8.24	2123215	17416872.00
2014/10/28	8.24	8.57	8.20	8.53	5607196	47390436.00
2014/10/29	8.54	8.56	8.37	8.42	6759095	57196216.00
2014/10/30	8.42	8.46	8.35	8.42	3766541	31631868.00
2014/10/31	8.40	8.49	8.35	8.45	4334243	36511856.00
2014/11/03	8.43	8.73	8.41	8.72	8948830	77044832.00
2014/11/04	8.72	8.86	8.56	8.74	5608152	49089460.00
2014/11/05	8.74	8.78	8.62	8.69	3366154	29279836.00
2014/11/06	8.68	8.72	8.39	8.44	7119153	60548088.00
2014/11/07	8.44	8.50	8.29	8.38	5789976	48599864.00
2014/11/10	8.33	8.40	8.22	8.38	3366242	28036588.00
2014/11/11	8.37	8.37	7.80	7.90	8000766	64419496.00
2014/11/12	7.88	8.07	7.79	8.06	3595035	28647640.00
2014/11/13	8.06	8.06	7.85	7.92	2937940	23319860.00
2014/11/14	7.90	8.03	7.86	8.00	2831683	22606012.00
2014/11/17	8.08	8.18	7.98	8.11	2492238	20178468.00
2014/11/18	8.13	8.17	7.95	7.99	3962556	31765114.00
2014/11/19	7.98	8.06	7.73	7.96	5509686	43582144.00
2014/11/20	7.95	8.19	7.85	8.10	3975555	32033758.00
2014/11/21	8.10	8.15	8.06	8.10	3526385	28552824.00
2014/11/24	8.15	8.32	8.12	8.22	5357734	44244040.00
2014/11/25	8.25	8.60	8.23	8.50	8568885	72312120.00
2014/11/26	8.55	8.65	8.42	8.50	5154101	43948528.00
2014/11/27	8.50	8.60	8.43	8.52	5333271	45351192.00
2014/11/28	8.56	8.56	8.22	8.35	6537834	54743060.00
2014/12/01	8.31	8.36	8.15	8.18	4784049	39291956.00
2014/12/02	8.18	8.28	8.10	8.26	4122897	33883224.00
2014/12/03	8.25	8.27	8.07	8.22	8855953	72076960.00
2014/12/04	8.22	8.49	8.15	8.36	8841790	73393520.00
2014/12/05	8.35	8.36	7.78	7.99	12273569	98842696.00
2014/12/08	7.92	8.50	7.91	8.19	10537559	86906240.00
2014/12/09	8.18	8.25	7.98	7.98	8841897	71533136.00
2014/12/10	7.98	8.19	7.95	8.16	4244828	34362496.00
2014/12/11	8.19	8.21	8.06	8.17	6209716	50543712.00
2014/12/12	8.30	8.56	8.18	8.53	12830147	107817488.00
2014/12/15	8.45	8.63	8.30	8.56	8846468	75133848.00
2014/12/16	8.49	8.61	8.38	8.48	6031500	50962440.00
2014/12/17	8.48	8.53	8.19	8.22	5694044	47351340.00
2014/12/18	8.23	8.28	8.05	8.14	5274206	42961928.00
2014/12/19	8.14	8.15	7.90	8.06	5346990	42920120.00
2014/12/22	7.93	8.04	7.25	7.37	9818703	74738184.00
2014/12/23	7.49	7.60	7.40	7.59	4973803	37333136.00
2014/12/24	7.56	7.93	7.53	7.90	4915961	37938192.00
2014/12/25	7.89	7.96	7.78	7.88	3381593	26575658.00
2014/12/26	7.84	7.89	7.70	7.78	4272523	33217580.00
2014/12/29	7.80	7.95	7.50	7.88	4695634	36291016.00
2014/12/30	7.88	7.97	7.70	7.73	2622176	20451708.00
2014/12/31	7.71	7.75	7.57	7.68	3180807	24306624.00
2015/01/05	7.68	7.76	7.53	7.73	5160967	39527048.00
2015/01/06	7.71	7.84	7.63	7.82	5732122	44247956.00
2015/01/07	7.78	7.86	7.69	7.79	4612155	35893400.00
2015/01/08	7.80	7.85	7.72	7.76	3340215	25986634.00
2015/01/09	7.74	7.83	7.65	7.68	2945459	22840408.00
2015/01/12	7.66	7.66	7.41	7.42	2703675	20274048.00
2015/01/13	7.43	7.48	7.40	7.45	2126953	15825332.00
2015/01/14	7.45	7.66	7.42	7.47	2936073	22136568.00
2015/01/15	7.47	7.60	7.46	7.53	2871416	21654704.00
2015/01/16	7.52	7.61	7.42	7.61	3098047	23349438.00
2015/01/19	7.51	7.59	7.16	7.33	4421244	32939120.00
2015/01/20	7.34	7.90	7.32	7.85	9810938	76207216.00
2015/01/21	7.89	8.00	7.75	8.00	6165878	48807168.00
2015/01/22	7.97	8.04	7.85	8.00	5056100	40197008.00
2015/01/23	7.93	8.00	7.68	7.77	7918188	61701384.00
2015/01/26	7.76	7.91	7.74	7.90	5061100	39652024.00
2015/01/27	7.91	7.97	7.80	7.92	4579746	36132312.00
2015/01/28	7.92	8.19	7.90	8.11	7576183	61480684.00
2015/01/29	8.06	8.38	7.94	8.34	10129878	83636056.00
2015/01/30	8.32	8.39	8.16	8.19	5139672	42315636.00
2015/02/02	8.20	8.27	7.95	8.06	5516849	44720052.00
2015/02/03	8.10	8.36	8.05	8.31	6305341	52124156.00
2015/02/04	8.31	8.38	8.19	8.29	4834689	40039136.00
2015/02/05	8.29	8.36	8.14	8.16	4330121	35684964.00
2015/02/06	8.19	8.30	8.00	8.13	3980363	32417578.00
2015/02/09	8.10	8.48	8.10	8.47	9575360	79721200.00
2015/02/10	8.36	8.79	8.36	8.50	8386032	72215184.00
2015/02/11	8.48	9.35	8.45	9.35	17924844	163638752.00
2015/02/12	9.57	10.29	9.38	10.29	27461670	276033472.00
2015/02/13	11.32	11.32	10.73	10.97	70923483	790027392.00
2015/02/16	10.54	11.16	10.44	11.06	49115642	527860512.00
2015/02/17	10.56	10.74	10.25	10.31	44778898	467677056.00
2015/02/25	10.35	10.43	10.02	10.16	22654159	229954880.00
2015/02/26	10.11	10.32	10.00	10.31	20993090	213541008.00
2015/02/27	10.28	10.47	10.12	10.29	20025465	205866400.00
2015/03/02	10.32	10.73	10.19	10.64	28652403	300935616.00
2015/03/03	10.62	10.62	9.99	10.04	23468953	242037056.00
2015/03/04	10.06	10.24	9.88	10.16	21220624	212782832.00
2015/03/05	10.10	10.18	9.89	10.15	14853638	148533920.00
2015/03/06	10.10	10.16	9.91	9.96	10697440	107397128.00
2015/03/09	9.87	9.99	9.69	9.98	9900960	97567824.00
2015/03/10	10.06	10.54	10.06	10.25	20896663	215661296.00
2015/03/11	10.10	10.18	10.00	10.06	12433692	125227160.00
2015/03/12	10.06	10.14	9.78	9.89	10773346	107391080.00
2015/03/13	10.00	10.25	9.95	10.07	8684578	87126624.00
2015/03/16	10.15	10.40	10.03	10.37	16673361	170889376.00
2015/03/17	10.34	10.53	10.19	10.41	20685510	214510128.00
2015/03/18	10.42	10.80	10.33	10.79	20264001	215081520.00
2015/03/19	10.82	11.20	10.64	11.16	23175804	253655600.00
2015/03/20	11.22	11.29	10.91	10.97	14165912	155836624.00
2015/03/23	10.97	12.07	10.96	12.07	28395050	330294560.00
2015/03/24	12.10	13.04	12.10	12.69	33709312	423738912.00
2015/03/25	12.64	12.80	12.26	12.69	15351756	191923072.00
2015/03/26	12.80	12.95	12.33	12.56	13277836	167762000.00
2015/03/27	12.59	12.59	12.00	12.38	16828236	205307920.00
2015/03/30	12.37	13.62	12.35	13.62	17508688	231067776.00
2015/03/31	14.00	14.98	13.96	14.45	33191142	483870624.00
2015/04/01	14.69	15.47	13.88	14.85	31343750	455639552.00
2015/04/02	14.65	15.28	14.50	14.91	18943510	281177056.00
2015/04/03	14.70	16.40	14.53	16.40	31894545	510796736.00
2015/04/07	16.60	18.00	15.91	17.47	26465910	443897408.00
2015/04/08	17.60	17.95	16.78	17.08	20499093	355115136.00
2015/04/09	16.88	18.38	15.46	17.84	24437656	411225088.00
2015/04/10	17.73	18.45	17.35	18.15	17539753	316391904.00
2015/04/13	18.14	18.14	17.42	17.47	24140646	424982016.00
2015/04/14	17.25	17.34	16.61	16.86	17083505	288873152.00
2015/04/15	16.80	17.22	16.48	16.51	13086932	220176928.00
2015/04/16	16.20	16.94	15.01	16.54	13964764	228038528.00
2015/04/17	16.60	16.80	15.91	16.00	14300865	232799104.00
2015/04/20	15.61	16.38	15.61	16.04	14485037	232522832.00
2015/04/21	16.05	16.92	15.98	16.87	13711852	226616192.00
2015/04/22	16.90	17.29	16.60	16.89	14612620	247958944.00
2015/04/23	16.90	17.06	16.52	16.73	11561813	193217664.00
2015/04/24	16.50	17.00	16.22	16.94	13363612	223654480.00
2015/04/27	17.22	17.40	16.71	16.85	13959286	237121856.00
2015/04/28	16.80	16.85	15.66	15.75	12357586	199153376.00
2015/04/29	15.63	16.60	15.61	16.31	12569138	202965168.00
2015/04/30	16.24	16.75	16.18	16.32	10403281	171221152.00
2015/05/05	16.25	16.25	16.25	16.25	0	0.00
数据来源:通达信
