603009 北特科技 日线 前复权
      日期	    开盘	    最高	    最低	    收盘	    成交量	    成交额
2014/07/18	8.19	9.87	8.19	9.87	80400	806028.00
2014/07/21	10.88	10.88	10.88	10.88	44935	498779.00
2014/07/22	11.99	11.99	11.99	11.99	51200	625152.00
2014/07/23	13.21	13.21	13.21	13.21	124684	1674506.00
2014/07/24	14.55	14.55	14.55	14.55	225340	3328272.00
2014/07/25	16.03	16.03	16.03	16.03	294569	4786746.00
2014/07/28	17.66	17.66	17.66	17.66	374603	6697902.00
2014/07/29	19.45	19.45	19.45	19.45	721802	14197845.00
2014/07/30	21.42	21.42	21.42	21.42	7083122	153278752.00
2014/07/31	22.58	23.58	21.66	23.58	19619906	449046976.00
2014/08/01	23.88	25.96	23.77	25.96	13180825	331336448.00
2014/08/04	26.86	28.34	24.78	26.19	20007952	532342272.00
2014/08/05	25.09	25.77	24.65	24.88	10588741	267549760.00
2014/08/06	24.18	24.66	23.91	24.44	8632684	210698896.00
2014/08/07	24.38	24.64	23.88	24.05	6350914	154764640.00
2014/08/08	23.78	23.94	23.44	23.49	5821211	138805952.00
2014/08/11	23.51	23.73	23.30	23.65	4088878	97344512.00
2014/08/12	23.60	23.60	23.01	23.12	5243856	122675160.00
2014/08/13	23.12	23.13	22.66	22.77	4109106	94647936.00
2014/08/14	22.73	23.05	22.38	22.72	3897357	89346512.00
2014/08/15	22.64	22.86	22.43	22.72	2781062	63510272.00
2014/08/18	22.77	23.13	22.76	23.04	3756616	87129072.00
2014/08/19	23.08	24.63	22.96	24.50	10750959	261215280.00
2014/08/20	24.58	26.60	23.61	25.58	11279230	285602560.00
2014/08/21	24.77	25.18	24.03	24.24	6436164	159198480.00
2014/08/22	23.84	24.16	23.38	23.49	4742813	112943120.00
2014/08/25	23.61	23.99	23.24	23.65	3238635	77199272.00
2014/08/26	23.47	23.47	22.59	22.61	3165298	73215344.00
2014/08/27	22.77	23.11	22.70	22.88	1251314	28908380.00
2014/08/28	22.86	23.22	22.59	22.84	1521725	35160516.00
2014/08/29	22.75	23.26	22.69	23.22	1981434	46229476.00
2014/09/01	23.28	23.66	23.08	23.53	1973734	46646000.00
2014/09/02	23.84	24.66	23.84	24.23	4880582	119836272.00
2014/09/03	24.08	24.11	23.63	23.86	3330614	80155952.00
2014/09/04	23.90	24.43	23.70	24.11	3200417	77858176.00
2014/09/05	24.07	24.08	23.55	23.76	2318734	55586904.00
2014/09/09	23.86	23.88	23.40	23.60	1629291	38672440.00
2014/09/10	23.57	24.04	23.38	24.03	2798416	67405872.00
2014/09/11	24.06	24.77	24.02	24.47	5339660	131507776.00
2014/09/12	24.58	24.59	24.10	24.17	2515120	61516376.00
2014/09/15	24.09	24.31	23.89	24.03	2110157	51172340.00
2014/09/16	24.02	24.14	22.78	23.02	2836458	67600240.00
2014/09/17	22.93	23.33	22.80	23.22	1702493	39594132.00
2014/09/18	23.16	23.41	22.97	23.13	1130969	26410018.00
2014/09/19	23.08	23.26	23.05	23.23	853207	19937720.00
2014/09/22	23.20	23.20	22.67	23.01	1182100	27325120.00
2014/09/23	22.98	23.46	22.88	23.32	1553349	36476120.00
2014/09/24	23.42	24.36	23.32	24.18	4350435	105443584.00
2014/09/25	24.26	24.41	23.80	23.83	2270736	55053664.00
2014/09/26	23.91	24.13	23.73	24.03	1544486	37299656.00
2014/09/29	24.08	24.30	23.99	24.07	1867026	45401888.00
2014/09/30	24.04	24.20	24.01	24.15	1445791	35154876.00
2014/10/08	24.23	24.28	23.98	24.13	1475072	35880688.00
2014/10/09	24.13	24.24	23.66	23.88	2056625	49683420.00
2014/10/10	23.91	24.28	23.78	23.99	1469270	35680412.00
2014/10/13	24.07	24.08	23.45	23.66	1674602	39975176.00
2014/10/14	23.68	23.83	23.49	23.56	1008229	24065672.00
2014/10/15	23.51	24.17	23.49	24.16	2051053	49405712.00
2014/10/16	24.08	24.47	23.90	24.00	3673885	89967152.00
2014/10/17	23.88	25.08	22.96	24.82	5587971	137580736.00
2014/10/20	24.82	27.31	24.73	26.56	8773807	231147968.00
2014/10/21	26.53	28.20	25.89	26.97	8451024	231556640.00
2014/10/22	27.03	29.69	27.03	29.69	5688812	165800128.00
2014/10/23	30.18	31.38	28.42	28.85	9946131	296762176.00
2014/10/24	28.88	31.65	27.88	29.13	9933280	299337248.00
2014/10/27	28.24	28.34	26.20	26.20	6408787	175659264.00
2014/10/28	25.75	27.06	25.68	27.01	6069537	161237056.00
2014/10/29	26.76	27.78	26.61	27.17	6676907	183067904.00
2014/10/30	26.95	26.98	26.09	26.79	4964520	132979824.00
2014/10/31	26.66	27.26	26.41	27.15	4774278	129291024.00
2014/11/03	27.03	27.49	26.82	27.21	3444873	94242992.00
2014/11/04	27.22	28.25	27.09	27.40	4437351	123695656.00
2014/11/05	26.87	27.15	26.28	26.66	3249544	87357704.00
2014/11/06	26.68	28.75	26.67	28.30	6400064	179618912.00
2014/11/07	28.08	29.78	27.73	28.06	6918431	200835104.00
2014/11/10	28.01	29.64	27.81	29.61	5836871	170403296.00
2014/11/11	29.68	31.28	28.88	30.20	8184251	246587040.00
2014/11/12	29.38	31.68	28.99	31.65	8473612	260606272.00
2014/11/13	30.21	31.27	28.77	28.85	7007195	212996000.00
2014/11/14	28.29	29.28	26.07	26.35	5310118	146833152.00
2014/11/17	26.39	26.98	24.78	26.58	3130878	82995064.00
2014/11/18	26.37	27.05	26.17	26.88	2143511	57632836.00
2014/11/19	26.88	26.88	26.24	26.54	1660273	44440080.00
2014/11/20	26.18	27.07	25.98	26.77	1847474	49652772.00
2014/11/21	26.77	27.43	26.63	26.87	2303806	62915576.00
2014/11/24	27.19	27.75	26.86	27.60	2510420	69485272.00
2014/11/25	27.66	27.75	26.78	27.03	2575806	70292704.00
2014/11/26	27.05	27.37	26.88	27.28	1847163	50514152.00
2014/11/27	27.29	28.00	27.29	27.68	2764989	77209672.00
2014/11/28	27.77	27.88	27.20	27.31	2198254	60722908.00
2014/12/01	27.18	27.18	26.30	26.52	2267140	60988200.00
2014/12/02	26.48	27.48	26.48	27.09	2189973	59937768.00
2014/12/03	27.10	27.36	26.49	27.19	2576787	69657104.00
2014/12/04	27.22	27.33	26.98	27.05	2210045	60388988.00
2014/12/05	26.79	26.83	25.79	26.09	2962897	78352864.00
2014/12/08	26.78	26.78	25.88	26.12	1726850	45605476.00
2014/12/09	26.27	26.27	23.78	23.80	3323714	82829584.00
2014/12/10	23.81	24.57	23.81	24.46	1293269	31651204.00
2014/12/11	24.28	24.78	24.28	24.60	1113570	27574464.00
2014/12/12	24.58	24.78	24.40	24.70	811362	20154550.00
2014/12/15	24.79	25.30	24.49	25.24	1129316	28511392.00
2014/12/16	25.27	25.33	24.71	24.75	1018727	25550236.00
2014/12/17	24.58	24.94	23.89	24.02	1373803	33441626.00
2014/12/18	23.88	24.26	23.73	23.75	1127002	27281162.00
2014/12/19	23.63	23.98	22.79	23.00	1411701	33173664.00
2014/12/22	23.03	23.03	20.68	20.69	1793842	38308664.00
2014/12/23	20.69	21.67	20.68	20.95	1092499	23460274.00
2014/12/24	21.27	22.15	21.25	22.13	1560376	34266436.00
2014/12/25	22.18	22.22	21.68	22.06	1159402	25695088.00
2014/12/26	21.99	22.02	21.78	21.87	721850	15942693.00
2014/12/29	21.72	21.74	20.91	21.03	1023827	21830572.00
2014/12/30	21.09	21.24	20.88	21.01	493852	10487931.00
2014/12/31	21.17	21.23	20.91	21.17	645208	13749338.00
2015/01/05	21.30	21.36	20.38	20.86	872493	18308564.00
2015/01/06	20.56	21.58	20.56	21.58	1109822	23848888.00
2015/01/07	21.48	21.58	21.19	21.36	787418	16960204.00
2015/01/08	21.13	21.75	21.13	21.52	1019360	22221102.00
2015/01/09	21.49	21.75	21.32	21.58	916879	19973400.00
2015/01/12	21.45	21.45	20.63	20.65	909921	19185892.00
2015/01/13	20.68	21.17	20.68	21.02	876885	18546176.00
2015/01/14	21.02	21.02	20.73	20.80	804801	16926870.00
2015/01/15	20.84	22.08	20.84	21.58	1506011	32977680.00
2015/01/16	21.56	22.03	21.38	21.79	1232325	27033900.00
2015/01/19	21.58	22.55	21.28	21.77	2020950	44943244.00
2015/01/20	21.88	23.58	21.88	23.37	3039875	70187144.00
2015/01/21	23.28	23.74	22.91	23.27	2486353	58327244.00
2015/01/22	23.28	23.48	22.91	23.42	1839200	43204196.00
2015/01/23	23.48	23.53	22.85	22.91	1302500	30403326.00
2015/01/26	22.88	23.03	22.66	22.92	1019196	23529772.00
2015/01/27	23.02	23.28	22.90	23.13	974007	22689704.00
2015/01/28	23.13	23.58	22.93	23.49	1457751	34423312.00
2015/01/29	23.43	23.68	23.16	23.28	1122489	26480414.00
2015/01/30	23.36	23.36	22.41	22.41	1100689	25040592.00
2015/02/02	22.30	22.30	21.57	22.03	638121	13939691.00
2015/02/03	22.00	22.60	21.97	22.51	510336	11431857.00
2015/02/04	22.51	22.60	22.03	22.09	628114	14024334.00
2015/02/05	22.40	22.47	21.75	21.88	650699	14371115.00
2015/02/06	21.95	21.95	21.23	21.52	739656	15961420.00
2015/02/09	21.56	21.79	21.34	21.49	454579	9792011.00
2015/02/10	21.49	21.99	21.40	21.80	765554	16614704.00
2015/02/11	21.80	21.95	21.53	21.77	526119	11405034.00
2015/02/12	21.87	22.28	21.71	22.26	832247	18310006.00
2015/02/13	22.29	22.42	22.19	22.39	921985	20572174.00
2015/02/16	22.42	22.68	22.33	22.60	682479	15379233.00
2015/02/17	22.60	22.66	22.40	22.56	510331	11500284.00
2015/02/25	22.55	22.60	22.33	22.37	565023	12683215.00
2015/02/26	22.50	22.69	22.33	22.65	623089	14047697.00
2015/02/27	22.65	22.79	22.52	22.75	748623	16987022.00
2015/03/02	22.78	23.75	22.78	23.74	2290803	53591300.00
2015/03/03	23.79	24.00	23.20	23.24	1700668	40028176.00
2015/03/04	23.18	23.58	23.08	23.51	1070504	25025510.00
2015/03/05	23.55	23.60	23.09	23.60	1300145	30372362.00
2015/03/06	23.65	23.94	23.47	23.89	1860559	44226108.00
2015/03/09	23.85	23.85	23.11	23.62	938376	22100636.00
2015/03/10	23.47	23.82	23.42	23.55	804797	19018576.00
2015/03/11	23.62	23.72	23.25	23.35	830024	19477678.00
2015/03/12	23.43	23.57	22.91	23.04	1035190	23918284.00
2015/03/13	23.28	23.44	23.11	23.43	856703	19938312.00
2015/03/16	23.50	24.24	23.45	24.24	2147592	51396832.00
2015/03/17	24.24	24.84	24.24	24.55	2532645	62174256.00
2015/03/18	24.56	25.10	24.36	25.00	2792178	68928400.00
2015/03/19	24.96	24.96	24.60	24.85	1996979	49541848.00
2015/03/20	24.90	25.99	24.90	25.95	3898597	99646480.00
2015/03/23	25.95	26.15	25.52	26.14	2719142	70515528.00
2015/03/24	26.16	26.35	24.72	25.65	2887348	73591144.00
2015/03/25	25.62	26.54	25.01	26.32	2653789	68693768.00
2015/03/26	26.42	26.80	25.81	25.87	2207717	57929476.00
2015/03/27	25.92	25.99	25.48	25.84	1411026	36259592.00
2015/03/30	25.84	26.14	25.80	26.08	2102717	54658488.00
2015/03/31	26.07	26.08	25.72	25.77	1431205	37067148.00
2015/04/01	25.78	26.13	25.67	26.12	1692557	43910144.00
2015/04/02	26.20	27.65	26.20	27.43	4866476	131750176.00
2015/04/03	27.43	27.43	26.85	27.17	3007766	81627720.00
2015/04/07	27.27	27.86	27.12	27.69	2858151	78517712.00
2015/04/08	27.67	27.80	26.50	27.22	2690105	73206704.00
2015/04/09	27.28	27.28	25.97	26.61	2301100	61008872.00
2015/04/10	26.52	27.48	26.17	27.24	2063104	55820368.00
2015/04/13	27.39	28.40	27.29	28.10	3579106	100254912.00
2015/04/14	28.17	28.52	27.75	27.90	2651183	74584672.00
2015/04/15	27.73	27.85	26.70	26.73	2285970	62150036.00
2015/04/16	26.56	26.99	26.04	26.75	1566882	41732464.00
2015/04/17	26.78	27.68	26.78	27.38	2436269	66587600.00
2015/04/20	27.28	27.38	26.10	26.35	2055037	55226064.00
2015/04/21	26.27	27.37	26.27	27.34	1765426	47726552.00
2015/04/22	27.70	28.17	27.54	27.74	2867060	79645360.00
2015/04/23	27.99	28.80	27.50	28.79	3786587	107090256.00
2015/04/24	28.50	28.59	27.60	28.14	2935462	82785600.00
2015/04/27	28.52	29.84	28.21	29.32	3969022	114858064.00
2015/04/28	29.15	29.41	27.82	28.11	2713371	77362400.00
2015/04/29	27.45	28.42	27.20	28.19	2536395	70742864.00
2015/04/30	28.18	28.37	27.92	28.02	1870105	52598864.00
2015/05/05	28.81	28.81	28.81	28.81	0	0.00
数据来源:通达信
