601218 吉鑫科技 日线 前复权
      日期	    开盘	    最高	    最低	    收盘	    成交量	    成交额
2011/10/10	6.80	6.90	6.78	6.79	554233	8313124.00
2011/10/11	7.27	7.41	6.91	7.20	1307022	20296520.00
2011/10/12	7.20	7.26	7.05	7.25	1271676	20117208.00
2011/10/13	7.23	7.27	7.07	7.24	1012967	15988207.00
2011/10/14	7.31	7.41	7.05	7.23	1085639	17305596.00
2011/10/17	7.23	7.23	7.05	7.14	668015	10437762.00
2011/10/18	7.07	7.15	6.74	6.80	468778	7206120.00
2011/10/19	6.84	6.84	6.62	6.63	478679	7037714.00
2011/10/20	6.64	6.64	6.46	6.54	355595	5108169.00
2011/10/21	6.56	6.56	6.47	6.50	198902	2848072.00
2011/10/24	6.48	6.67	6.48	6.64	359161	5197595.00
2011/10/25	6.64	6.76	6.56	6.74	434577	6403952.00
2011/10/26	6.67	6.80	6.67	6.73	534435	7909490.00
2011/10/27	6.66	6.77	6.61	6.63	431412	6345707.00
2011/10/28	6.68	6.79	6.67	6.77	530580	7851703.00
2011/10/31	6.76	6.94	6.71	6.90	723351	10880724.00
2011/11/01	6.81	6.88	6.77	6.87	598715	8985276.00
2011/11/02	6.74	6.91	6.71	6.90	666266	9983395.00
2011/11/03	6.94	7.10	6.89	6.98	1091246	16809052.00
2011/11/04	7.00	7.09	6.94	7.08	859457	13271847.00
2011/11/07	7.21	7.21	6.97	7.11	930233	14448748.00
2011/11/08	7.20	7.21	6.95	6.95	626040	9736730.00
2011/11/09	7.05	7.20	6.88	7.13	1229275	19066050.00
2011/11/10	7.11	7.11	6.93	6.95	570054	8782251.00
2011/11/11	7.03	7.03	6.89	6.91	260210	3975746.00
2011/11/14	7.27	7.32	7.11	7.17	1941041	30751636.00
2011/11/15	7.13	7.16	7.05	7.07	782551	12195826.00
2011/11/16	7.10	7.12	6.89	6.90	716982	11027027.00
2011/11/17	6.91	6.95	6.87	6.87	454307	6900560.00
2011/11/18	6.78	6.94	6.59	6.61	695357	10309341.00
2011/11/21	6.55	6.66	6.55	6.64	278252	4041562.00
2011/11/22	6.60	6.65	6.54	6.61	329711	4779242.00
2011/11/23	6.62	6.65	6.58	6.62	215470	3140604.00
2011/11/24	6.57	6.62	6.52	6.59	210336	3036507.00
2011/11/25	6.60	6.62	6.49	6.52	574554	8268093.00
2011/11/28	6.55	6.55	6.46	6.52	247942	3543758.00
2011/11/29	6.56	6.60	6.50	6.58	432340	6235458.00
2011/11/30	6.59	6.61	6.23	6.27	694526	9806838.00
2011/12/01	6.45	6.49	6.35	6.36	535211	7546074.00
2011/12/02	6.29	6.40	6.18	6.18	347900	4778268.00
2011/12/05	6.18	6.27	6.14	6.16	282374	3851962.00
2011/12/06	6.17	6.17	6.10	6.16	196913	2657171.00
2011/12/07	6.17	6.28	6.14	6.17	275723	3765282.00
2011/12/08	6.26	6.27	6.13	6.17	317430	4324443.00
2011/12/09	6.19	6.19	6.06	6.07	211929	2851535.00
2011/12/12	6.07	6.11	5.96	5.97	195501	2592168.00
2011/12/13	5.97	6.00	5.81	5.83	343819	4465087.00
2011/12/14	5.82	5.89	5.74	5.75	160600	2056527.00
2011/12/15	5.70	5.75	5.45	5.50	326500	4023662.00
2011/12/16	5.55	5.60	5.46	5.58	349773	4268184.00
2011/12/19	5.55	5.55	5.37	5.51	437300	5258137.00
2011/12/20	5.60	5.60	5.47	5.48	381594	4644497.00
2011/12/21	5.51	5.55	5.32	5.32	306975	3695512.00
2011/12/22	5.27	5.27	4.95	5.10	579410	6491901.00
2011/12/23	5.09	5.18	5.09	5.10	356437	4018602.00
2011/12/26	5.05	5.14	5.00	5.00	306627	3424558.00
2011/12/27	5.05	5.08	4.94	4.99	333602	3669054.00
2011/12/28	4.96	5.04	4.91	5.00	361654	3945785.00
2011/12/29	4.95	5.03	4.95	4.98	289869	3184223.00
2011/12/30	5.01	5.07	5.00	5.04	298845	3308552.00
2012/01/04	5.06	5.09	4.86	4.86	270414	2961648.00
2012/01/05	4.83	4.83	4.54	4.55	447710	4568013.00
2012/01/06	4.45	4.61	4.45	4.60	228835	2280025.00
2012/01/09	4.60	5.06	4.53	5.06	1162921	12612199.00
2012/01/10	5.11	5.29	5.09	5.25	2028387	23120946.00
2012/01/11	5.18	5.31	5.09	5.30	1340935	15267475.00
2012/01/12	5.23	5.27	5.14	5.20	992790	11363905.00
2012/01/13	5.23	5.23	4.84	4.86	987670	10821463.00
2012/01/16	4.83	4.86	4.64	4.65	494792	5196327.00
2012/01/17	4.65	4.99	4.64	4.97	645334	6882967.00
2012/01/18	4.98	5.12	4.83	4.84	910488	9990998.00
2012/01/19	4.81	4.91	4.75	4.86	345198	3683667.00
2012/01/20	4.91	4.93	4.84	4.90	409664	4416800.00
2012/01/30	4.92	4.92	4.78	4.80	341938	3640975.00
2012/01/31	4.80	4.82	4.73	4.82	214243	2252761.00
2012/02/01	4.77	4.85	4.75	4.78	223627	2362042.00
2012/02/02	4.81	5.00	4.78	4.98	623783	6751935.00
2012/02/03	5.02	5.11	4.96	5.09	986465	11004266.00
2012/02/06	5.17	5.56	5.04	5.55	2115913	24678256.00
2012/02/07	5.46	5.99	5.39	5.90	3969649	49543992.00
2012/02/08	6.00	6.09	5.83	6.07	4068464	53334216.00
2012/02/09	6.10	6.17	6.00	6.07	4639137	61990900.00
2012/02/10	6.06	6.45	6.02	6.37	5653317	77490264.00
2012/02/13	6.35	6.35	6.10	6.17	4077984	55333016.00
2012/02/14	6.16	6.16	5.95	6.06	3080224	40860188.00
2012/02/15	6.02	6.12	5.99	6.09	2355182	31435602.00
2012/02/16	6.05	6.14	6.00	6.07	2026245	27062928.00
2012/02/17	6.09	6.09	5.85	5.91	2375711	30965876.00
2012/02/20	5.98	6.07	5.95	5.98	2026619	26788784.00
2012/02/21	5.98	6.11	5.86	6.09	2178373	28858896.00
2012/02/22	6.07	6.22	6.05	6.21	2500975	33733200.00
2012/02/23	6.24	6.26	6.06	6.10	2020979	27229696.00
2012/02/24	6.10	6.13	5.98	6.12	1864236	24875944.00
2012/02/27	6.13	6.27	6.08	6.12	2590578	35071812.00
2012/02/28	6.09	6.09	5.91	5.95	1300364	17130960.00
2012/02/29	5.89	5.93	5.73	5.75	1681202	21446028.00
2012/03/01	5.73	5.84	5.73	5.82	1075607	13718155.00
2012/03/02	5.84	5.89	5.82	5.89	870528	11232406.00
2012/03/05	5.89	5.97	5.89	5.92	1022149	13331421.00
2012/03/06	5.92	5.96	5.75	5.90	1101116	14151034.00
2012/03/07	5.85	6.00	5.79	5.95	1529413	19983296.00
2012/03/08	5.95	6.11	5.95	6.06	1863830	24783380.00
2012/03/09	6.09	6.17	6.01	6.08	1164810	15570761.00
2012/03/12	6.06	6.15	6.02	6.04	1055881	14044026.00
2012/03/13	6.05	6.10	6.00	6.10	1367351	18272698.00
2012/03/14	6.15	6.16	5.59	5.69	1790691	23409598.00
2012/03/15	5.64	5.70	5.45	5.55	1137026	13891895.00
2012/03/16	5.61	5.61	5.48	5.61	886478	10876299.00
2012/03/19	5.61	5.64	5.54	5.63	790741	9721529.00
2012/03/20	5.59	5.60	5.46	5.47	713799	8657384.00
2012/03/21	5.55	5.55	5.42	5.50	539427	6489999.00
2012/03/22	5.45	5.60	5.42	5.55	525893	6393597.00
2012/03/23	5.54	5.54	5.43	5.47	362206	4356323.00
2012/03/26	5.44	5.50	5.35	5.38	356520	4242294.00
2012/03/27	5.38	5.47	5.33	5.45	308608	3664307.00
2012/03/28	5.45	5.55	5.22	5.41	628162	7448826.00
2012/03/29	5.33	5.45	5.06	5.20	631832	7228922.00
2012/03/30	5.35	5.35	5.05	5.07	525200	5914699.00
2012/04/05	5.14	5.54	5.05	5.37	628615	7213910.00
2012/04/06	5.48	5.66	5.32	5.50	1317462	15995088.00
2012/04/09	5.58	5.58	5.31	5.32	657385	7896646.00
2012/04/10	5.35	5.45	5.10	5.44	599741	6997795.00
2012/04/11	5.36	5.54	5.32	5.49	955614	11428392.00
2012/04/12	5.49	5.56	5.45	5.54	917796	11113153.00
2012/04/13	5.48	5.58	5.48	5.53	666646	8101272.00
2012/04/16	5.45	5.65	5.32	5.62	956146	11768559.00
2012/04/17	5.57	5.63	5.48	5.50	573646	6978433.00
2012/04/18	5.53	5.61	5.46	5.59	503405	6166718.00
2012/04/19	5.58	5.63	5.54	5.57	411452	5045701.00
2012/04/20	5.59	5.69	5.55	5.66	860144	10672595.00
2012/04/23	5.64	5.64	5.22	5.25	1352908	16061629.00
2012/04/24	5.26	5.31	5.09	5.20	566967	6460618.00
2012/04/25	5.19	5.22	5.12	5.21	430937	4908180.00
2012/04/26	5.20	5.23	5.15	5.19	307628	3510326.00
2012/04/27	5.20	5.23	5.07	5.13	370855	4181478.00
2012/05/02	5.15	5.21	5.14	5.17	409950	4660772.00
2012/05/03	5.15	5.18	5.05	5.08	607165	6814428.00
2012/05/04	5.10	5.16	5.08	5.14	437423	4925811.00
2012/05/07	5.10	5.14	5.03	5.07	758550	8452612.00
2012/05/08	5.07	5.26	5.06	5.22	1216184	13836707.00
2012/05/09	5.20	5.20	5.12	5.14	646293	7323345.00
2012/05/10	5.09	5.09	4.90	4.97	2003666	21884792.00
2012/05/14	5.00	5.00	4.88	4.89	678451	7353416.00
2012/05/15	4.86	4.86	4.67	4.68	1364688	14152761.00
2012/05/16	4.70	4.75	4.66	4.68	877097	9065111.00
2012/05/17	4.64	4.75	4.64	4.75	589798	6126390.00
2012/05/18	4.76	4.76	4.66	4.69	422910	4381818.00
2012/05/21	4.70	4.72	4.64	4.67	439576	4522627.00
2012/05/22	4.72	4.75	4.67	4.70	697006	7214324.00
2012/05/23	4.70	4.72	4.59	4.61	837500	8572329.00
2012/05/24	4.59	4.73	4.59	4.72	917643	9441200.00
2012/05/25	4.70	4.75	4.55	4.59	865311	8787604.00
2012/05/28	4.55	4.71	4.55	4.71	953829	9756057.00
2012/05/29	4.67	4.77	4.67	4.76	1782927	18593964.00
2012/05/30	4.76	4.80	4.70	4.77	1392757	14518260.00
2012/05/31	4.73	4.84	4.66	4.84	2361296	24693360.00
2012/06/01	4.80	4.90	4.79	4.89	2172541	23157400.00
2012/06/04	4.80	5.38	4.75	5.25	12426373	141431968.00
2012/06/05	5.16	5.25	5.05	5.19	10100610	114222952.00
2012/06/06	5.13	5.31	5.12	5.30	13408975	154446816.00
2012/06/07	5.28	5.45	5.18	5.23	10061239	116376752.00
2012/06/08	5.26	5.26	5.09	5.10	6624140	75042592.00
2012/06/11	5.12	5.12	4.87	5.05	5569196	61081708.00
2012/06/12	4.99	5.05	4.89	4.97	2787878	30581348.00
2012/06/13	4.99	5.07	4.92	5.06	3664707	40390632.00
2012/06/14	5.02	5.07	4.80	4.84	3261873	35680208.00
2012/06/15	4.85	4.88	4.64	4.70	4148281	43259048.00
2012/06/18	4.72	4.78	4.69	4.75	1957604	20386148.00
2012/06/19	4.75	4.75	4.69	4.73	1522200	15796600.00
2012/06/20	4.76	4.77	4.65	4.66	1840276	19050154.00
2012/06/21	4.66	4.71	4.64	4.70	1807312	18610366.00
2012/06/25	4.70	4.75	4.51	4.52	2048875	21063020.00
2012/06/26	4.46	4.50	4.36	4.42	1578441	15366348.00
2012/06/27	4.46	4.46	4.32	4.33	1407964	13619114.00
2012/06/28	4.32	4.38	4.11	4.12	2753755	25462200.00
2012/06/29	4.10	4.17	3.96	4.15	1688723	15101437.00
2012/07/02	4.15	4.23	4.12	4.16	1293914	11895822.00
2012/07/03	4.16	4.20	4.13	4.15	1243000	11375389.00
2012/07/04	4.19	4.20	4.12	4.13	957691	8753724.00
2012/07/05	4.10	4.12	3.86	3.88	2029829	17648848.00
2012/07/06	3.91	3.96	3.82	3.94	1280237	10951436.00
2012/07/09	3.91	3.91	3.73	3.74	1614690	13562942.00
2012/07/10	3.73	3.78	3.70	3.77	818352	6729978.00
2012/07/11	3.73	3.89	3.73	3.80	1717161	14403693.00
2012/07/12	3.75	3.87	3.74	3.85	1216664	10179204.00
2012/07/13	3.85	3.87	3.81	3.83	831451	7032858.00
2012/07/16	3.82	3.84	3.70	3.72	994379	8197629.00
2012/07/17	3.70	3.82	3.70	3.81	807836	6656135.00
2012/07/18	3.81	3.88	3.76	3.86	1529199	12862527.00
2012/07/19	3.86	3.93	3.84	3.89	2870853	24536448.00
2012/07/20	3.89	3.90	3.83	3.83	1000321	8482902.00
2012/07/23	3.83	3.83	3.72	3.74	884068	7277246.00
2012/07/24	3.73	3.78	3.71	3.75	519600	4286574.00
2012/07/25	3.74	3.77	3.72	3.73	620915	5115828.00
2012/07/26	3.74	3.77	3.70	3.70	724876	5957829.00
2012/07/27	3.71	3.76	3.71	3.73	433470	3552975.00
2012/07/30	3.73	3.77	3.42	3.47	1222372	9645712.00
2012/07/31	3.48	3.49	3.35	3.37	1302346	9752932.00
2012/08/01	3.37	3.44	3.36	3.39	869970	6510919.00
2012/08/02	3.38	3.40	3.30	3.33	858876	6306218.00
2012/08/03	3.32	3.43	3.32	3.42	780538	5798100.00
2012/08/06	3.40	3.54	3.39	3.52	1449821	11048910.00
2012/08/07	3.54	3.63	3.50	3.58	1266059	9976655.00
2012/08/08	3.59	3.61	3.52	3.56	865276	6781420.00
2012/08/09	3.55	3.63	3.55	3.63	1179699	9328419.00
2012/08/10	3.60	3.78	3.59	3.73	2175629	17688978.00
2012/08/13	3.70	3.72	3.61	3.62	1757698	14117665.00
2012/08/14	3.62	3.67	3.55	3.65	1115482	8850453.00
2012/08/15	3.65	3.65	3.60	3.63	937977	7508902.00
2012/08/16	3.64	3.75	3.61	3.74	1771665	14448431.00
2012/08/17	3.72	3.75	3.66	3.75	1382406	11273933.00
2012/08/20	3.72	3.72	3.61	3.68	1142354	9206677.00
2012/08/21	3.67	3.75	3.66	3.73	1259908	10291943.00
2012/08/22	3.70	3.84	3.70	3.75	1988224	16425720.00
2012/08/23	3.82	3.84	3.69	3.75	1934121	15981924.00
2012/08/24	3.72	3.74	3.60	3.60	1549171	12492879.00
2012/08/27	3.57	3.57	3.44	3.45	768116	5874046.00
2012/08/28	3.44	3.52	3.44	3.49	517877	3965479.00
2012/08/29	3.50	3.52	3.47	3.50	563452	4334503.00
2012/08/30	3.48	3.52	3.30	3.44	743424	5635535.00
2012/08/31	3.45	3.45	3.35	3.38	534627	3990150.00
2012/09/03	3.40	3.48	3.39	3.47	463936	3522522.00
2012/09/04	3.48	3.48	3.41	3.43	606337	4591305.00
2012/09/05	3.40	3.56	3.40	3.50	1237865	9539502.00
2012/09/06	3.51	3.57	3.50	3.55	820437	6364760.00
2012/09/07	3.57	3.80	3.55	3.77	3490418	28318856.00
2012/09/10	3.76	3.77	3.69	3.74	2115933	17347320.00
2012/09/11	3.70	3.75	3.70	3.72	1368555	11179657.00
2012/09/12	3.75	3.75	3.70	3.74	1004383	8227695.00
2012/09/13	3.73	3.88	3.70	3.71	3958152	33154656.00
2012/09/14	3.72	3.73	3.63	3.66	2006930	16230039.00
2012/09/17	3.67	3.67	3.49	3.50	1475740	11585731.00
2012/09/18	3.50	3.53	3.44	3.48	550814	4227118.00
2012/09/19	3.51	3.53	3.46	3.52	546489	4221154.00
2012/09/20	3.51	3.51	3.40	3.42	673835	5107038.00
2012/09/21	3.43	3.44	3.39	3.40	462538	3478980.00
2012/09/24	3.36	3.44	3.34	3.40	676639	5039626.00
2012/09/25	3.37	3.43	3.37	3.39	343951	2572943.00
2012/09/26	3.37	3.40	3.32	3.34	480307	3544642.00
2012/09/27	3.34	3.45	3.30	3.42	774099	5774790.00
2012/09/28	3.40	3.48	3.39	3.45	703539	5327504.00
2012/10/08	3.46	3.49	3.40	3.41	495555	3734328.00
2012/10/09	3.41	3.53	3.40	3.51	867155	6657473.00
2012/10/10	3.52	3.57	3.45	3.56	1088441	8430005.00
2012/10/11	3.55	3.55	3.50	3.54	1023665	7919120.00
2012/10/12	3.56	3.56	3.47	3.50	820600	6334999.00
2012/10/15	3.50	3.50	3.39	3.42	746669	5654013.00
2012/10/16	3.49	3.49	3.41	3.45	441720	3345904.00
2012/10/17	3.47	3.49	3.42	3.49	520993	3965847.00
2012/10/18	3.50	3.56	3.49	3.55	817463	6357914.00
2012/10/19	3.55	3.57	3.53	3.55	756820	5900398.00
2012/10/22	3.52	3.65	3.52	3.60	1694452	13436835.00
2012/10/23	3.61	3.61	3.52	3.52	928761	7290600.00
2012/10/24	3.50	3.52	3.46	3.51	826015	6347443.00
2012/10/25	3.52	3.55	3.49	3.51	516336	3994911.00
2012/10/26	3.53	3.53	3.35	3.35	1004699	7502107.00
2012/10/29	3.36	3.43	3.18	3.22	3422585	24504116.00
2012/10/30	3.21	3.22	3.18	3.20	1203037	8473870.00
2012/10/31	3.22	3.22	3.18	3.20	627486	4416187.00
2012/11/01	3.21	3.29	3.20	3.28	1193263	8533333.00
2012/11/02	3.25	3.28	3.25	3.27	620135	4454058.00
2012/11/05	3.25	3.33	3.25	3.31	1001332	7270931.00
2012/11/06	3.30	3.30	3.23	3.26	656353	4708878.00
2012/11/07	3.26	3.29	3.25	3.26	328628	2365076.00
2012/11/08	3.25	3.25	3.16	3.17	734218	5173832.00
2012/11/09	3.17	3.19	3.14	3.15	362798	2520037.00
2012/11/12	3.08	3.15	3.08	3.12	1283311	8772157.00
2012/11/13	3.12	3.12	3.07	3.07	753570	5122855.00
2012/11/14	3.07	3.15	3.07	3.13	638101	4359563.00
2012/11/15	3.13	3.13	3.08	3.10	564688	3849017.00
2012/11/16	3.08	3.15	3.08	3.15	869815	5952440.00
2012/11/19	3.15	3.20	3.14	3.18	409153	2848285.00
2012/11/20	3.18	3.21	3.18	3.19	450228	3157145.00
2012/11/21	3.19	3.22	3.16	3.21	606386	4253287.00
2012/11/22	3.20	3.22	3.17	3.17	299799	2102810.00
2012/11/23	3.17	3.20	3.15	3.20	365300	2560385.00
2012/11/26	3.22	3.22	3.15	3.15	411827	2881202.00
2012/11/27	3.09	3.14	3.00	3.00	766410	5175291.00
2012/11/28	2.96	3.03	2.96	3.00	551220	3627307.00
2012/11/29	3.00	3.03	2.97	3.00	243704	1609613.00
2012/11/30	2.99	3.04	2.96	3.04	220300	1459396.00
2012/12/03	2.96	3.04	2.93	2.95	187109	1229592.00
2012/12/04	2.99	3.02	2.94	3.01	255774	1670039.00
2012/12/05	2.98	3.14	2.98	3.13	1040917	7095752.00
2012/12/06	3.13	3.13	3.06	3.08	596013	4043089.00
2012/12/07	3.08	3.15	3.07	3.15	1702773	11740734.00
2012/12/10	3.16	3.23	3.13	3.18	1730793	12118764.00
2012/12/11	3.16	3.20	3.15	3.17	646695	4522194.00
2012/12/12	3.15	3.20	3.12	3.17	1138578	7918557.00
2012/12/13	3.16	3.16	3.11	3.11	452526	3116241.00
2012/12/14	3.11	3.25	3.10	3.22	3152103	22086668.00
2012/12/17	3.22	3.30	3.22	3.26	2291139	16425605.00
2012/12/18	3.26	3.30	3.20	3.23	1868849	13356540.00
2012/12/19	3.23	3.37	3.23	3.26	2695888	19524664.00
2012/12/20	3.23	3.25	3.20	3.22	1544952	10957388.00
2012/12/21	3.24	3.27	3.20	3.23	1328759	9439603.00
2012/12/24	3.22	3.24	3.18	3.19	2599520	18257676.00
2012/12/25	3.18	3.30	3.17	3.29	3669217	26281140.00
2012/12/26	3.30	3.41	3.27	3.40	3450660	25262066.00
2012/12/27	3.39	3.48	3.37	3.38	5449393	41032580.00
2012/12/28	3.35	3.45	3.35	3.44	2777103	20728296.00
2012/12/31	3.43	3.52	3.41	3.47	3788896	29011672.00
2013/01/04	3.50	3.55	3.38	3.39	5589646	42244792.00
2013/01/07	3.37	3.47	3.36	3.46	2903719	21890002.00
2013/01/08	3.50	3.55	3.39	3.50	4861307	37093516.00
2013/01/09	3.50	3.60	3.48	3.56	5841366	45473048.00
2013/01/10	3.65	3.73	3.51	3.60	9626585	76093160.00
2013/01/11	3.56	3.60	3.49	3.53	4603520	35726424.00
2013/01/14	3.53	3.60	3.45	3.60	8493717	66274220.00
2013/01/15	3.59	3.65	3.56	3.63	4997690	39661624.00
2013/01/16	3.62	3.70	3.60	3.68	6496965	52145352.00
2013/01/17	3.68	3.69	3.57	3.63	4392050	35019300.00
2013/01/18	3.63	3.72	3.60	3.70	4840764	39006300.00
2013/01/21	3.70	3.79	3.68	3.74	3718127	30605368.00
2013/01/22	3.69	3.75	3.59	3.60	4049576	32438152.00
2013/01/23	3.59	3.66	3.52	3.65	3896331	30677482.00
2013/01/24	3.64	3.66	3.47	3.50	2910220	22803764.00
2013/01/25	3.50	3.54	3.46	3.48	1063058	8179247.00
2013/01/28	3.48	3.55	3.48	3.55	1723874	13389953.00
2013/01/29	3.55	3.59	3.52	3.59	1675560	13146258.00
2013/01/30	3.57	3.60	3.55	3.59	1299521	10230291.00
2013/01/31	3.60	3.88	3.58	3.85	6015083	49483264.00
2013/02/01	3.80	3.84	3.72	3.80	4173821	34727960.00
2013/02/04	3.71	3.79	3.68	3.69	2275161	18659022.00
2013/02/05	3.64	3.73	3.64	3.73	1667116	13560546.00
2013/02/06	3.73	3.89	3.71	3.81	3704396	31058776.00
2013/02/07	3.81	3.99	3.78	3.93	4975181	42831748.00
2013/02/08	3.93	4.21	3.92	4.13	6337150	57063628.00
2013/02/18	4.14	4.14	4.01	4.05	3144641	28093426.00
2013/02/19	4.08	4.10	3.95	4.05	3252504	28879514.00
2013/02/20	4.05	4.36	4.05	4.26	6957093	64947768.00
2013/02/21	4.26	4.31	4.15	4.16	4940064	45927248.00
2013/02/22	4.14	4.15	4.04	4.05	3078540	27684744.00
2013/02/25	4.01	4.12	4.01	4.06	1427189	12808966.00
2013/02/26	4.06	4.22	4.03	4.04	3602997	32781892.00
2013/02/27	4.09	4.10	3.90	3.98	1999143	17565882.00
2013/02/28	3.98	4.05	3.95	4.04	1779381	15726926.00
2013/03/01	4.04	4.12	4.01	4.11	1845586	16582069.00
2013/03/04	4.12	4.17	3.98	4.02	2712376	24328604.00
2013/03/05	4.02	4.16	3.99	4.16	2741858	24714856.00
2013/03/06	4.21	4.32	4.17	4.27	4987874	46813056.00
2013/03/07	4.28	4.28	4.15	4.23	2665760	24707934.00
2013/03/08	4.23	4.34	4.22	4.24	3367066	31599088.00
2013/03/11	4.23	4.26	4.09	4.13	2174979	19805618.00
2013/03/12	4.13	4.16	3.72	3.76	5795220	48891376.00
2013/03/13	3.74	3.80	3.66	3.72	2591589	21255944.00
2013/03/14	3.72	3.79	3.68	3.73	1299198	10694580.00
2013/03/15	3.75	3.95	3.72	3.84	3262505	27692628.00
2013/03/18	3.84	3.92	3.82	3.87	1798242	15315409.00
2013/03/19	3.98	4.00	3.87	3.91	1974572	17104244.00
2013/03/20	4.00	4.07	3.94	4.05	3096631	27336544.00
2013/03/21	4.11	4.45	4.09	4.45	16148611	154681216.00
2013/03/22	4.37	4.44	4.31	4.36	6337982	60759776.00
2013/03/25	4.36	4.45	4.31	4.43	3709364	35682656.00
2013/03/26	4.44	4.44	4.27	4.37	3568828	33979640.00
2013/03/27	4.31	4.60	4.13	4.40	5637056	54142456.00
2013/03/28	4.32	4.38	4.15	4.16	3176220	29467544.00
2013/03/29	4.18	4.27	4.18	4.20	2595522	24153070.00
2013/04/01	4.22	4.29	4.22	4.29	3594779	33645584.00
2013/04/02	4.30	4.44	4.30	4.40	3426539	33092426.00
2013/04/03	4.33	4.42	4.20	4.24	3078246	28971230.00
2013/05/02	3.81	3.81	3.81	3.81	875400	7344606.00
2013/05/03	3.69	3.73	3.59	3.71	14694040	118310496.00
2013/05/06	3.69	3.81	3.69	3.79	5214090	42948728.00
2013/05/07	3.77	3.80	3.72	3.74	5016395	41343828.00
2013/05/08	3.75	3.81	3.73	3.80	4032073	33356224.00
2013/05/09	3.80	3.92	3.78	3.88	5025013	42638420.00
2013/05/10	3.86	4.15	3.86	4.01	8659410	76557936.00
2013/05/13	4.02	4.21	4.01	4.20	4971928	44929872.00
2013/05/14	4.20	4.20	4.09	4.17	4337874	39473600.00
2013/05/15	4.18	4.26	4.14	4.21	3359842	31072576.00
2013/05/16	4.23	4.29	4.08	4.13	6685513	61427092.00
2013/05/17	4.13	4.24	4.11	4.22	5022487	46153932.00
2013/05/20	4.27	4.35	4.23	4.33	5451721	51491424.00
2013/05/21	4.34	4.40	4.30	4.40	4970515	47671336.00
2013/05/22	4.38	4.60	4.36	4.49	9323021	92387184.00
2013/05/23	4.52	4.87	4.49	4.68	13767304	140976144.00
2013/05/24	4.68	4.81	4.55	4.73	14953696	153727440.00
2013/05/27	4.80	4.80	4.67	4.75	10263288	106963392.00
2013/05/28	4.85	4.90	4.49	4.50	16902214	172319232.00
2013/05/29	4.48	4.56	4.46	4.51	7701374	76457976.00
2013/05/30	4.51	4.59	4.39	4.56	10033242	98944944.00
2013/05/31	4.57	4.57	4.45	4.46	8240219	81701504.00
2013/06/03	4.49	4.59	4.38	4.39	5957136	26723752.00
2013/06/04	4.26	4.32	4.01	4.08	13973771	58074404.00
2013/06/05	4.07	4.15	4.06	4.08	6182986	25340904.00
2013/06/06	4.05	4.09	3.93	3.94	7478562	29838254.00
2013/06/07	3.95	3.97	3.77	3.86	7218239	27891496.00
2013/06/13	3.81	3.81	3.65	3.77	5563816	20709852.00
2013/06/14	3.80	3.88	3.78	3.87	5837095	22431640.00
2013/06/17	3.90	3.96	3.80	3.95	5655018	22030828.00
2013/06/18	3.94	3.97	3.84	3.89	4402526	17161668.00
2013/06/19	3.85	3.90	3.69	3.82	5779593	21718860.00
2013/06/20	3.76	3.78	3.63	3.67	4855240	17964188.00
2013/06/21	3.70	3.80	3.60	3.75	8082535	30222804.00
2013/06/24	3.74	3.80	3.38	3.40	7561217	26681252.00
2013/06/25	3.38	3.40	3.06	3.33	6734727	21751952.00
2013/06/26	3.30	3.35	3.26	3.33	4402195	14526515.00
2013/06/27	3.34	3.44	3.28	3.30	6892388	23143892.00
2013/06/28	3.25	3.34	3.17	3.30	6195412	20184016.00
2013/07/01	3.28	3.53	3.24	3.49	11028478	37396884.00
2013/07/02	3.44	3.54	3.41	3.48	6306652	21858156.00
2013/07/03	3.49	3.49	3.33	3.40	4111097	13920653.00
2013/07/04	3.39	3.45	3.31	3.39	3763839	12729416.00
2013/07/05	3.39	3.42	3.32	3.34	3866907	13045051.00
2013/07/08	3.32	3.32	3.11	3.16	4412267	14031083.00
2013/07/09	3.14	3.21	3.13	3.17	2857549	9070742.00
2013/07/10	3.19	3.27	3.16	3.27	3318143	10658942.00
2013/07/11	3.27	3.42	3.26	3.37	5173494	17244552.00
2013/07/12	3.38	3.39	3.25	3.27	4932929	16405418.00
2013/07/15	3.27	3.50	3.25	3.42	7670549	25959984.00
2013/07/16	3.41	3.47	3.37	3.46	6022036	20638716.00
2013/07/17	3.44	3.47	3.34	3.35	4708849	16025121.00
2013/07/18	3.36	3.37	3.29	3.34	3376991	11240048.00
2013/07/19	3.32	3.36	3.20	3.21	4152452	13708906.00
2013/07/22	3.20	3.27	3.18	3.22	2766333	8942387.00
2013/07/23	3.22	3.39	3.21	3.34	5487696	18325540.00
2013/07/24	3.32	3.40	3.30	3.37	3441030	11528401.00
2013/07/25	3.37	3.39	3.31	3.35	2593398	8697260.00
2013/07/26	3.35	3.35	3.28	3.32	2655353	8780260.00
2013/07/29	3.33	3.49	3.24	3.39	6519827	22105714.00
2013/07/30	3.40	3.73	3.38	3.73	23225830	84072944.00
2013/07/31	3.70	4.09	3.53	3.99	37380310	142685680.00
2013/08/01	3.88	4.10	3.79	3.99	27448506	109075432.00
2013/08/02	3.92	3.97	3.81	3.88	19146103	74878952.00
2013/08/05	3.86	3.91	3.79	3.89	13947736	53676860.00
2013/08/06	3.87	3.91	3.81	3.90	10874599	42038568.00
2013/08/07	3.96	3.97	3.75	3.78	11723090	45062120.00
2013/08/08	3.77	4.07	3.75	4.05	22903590	90436768.00
2013/08/09	4.07	4.07	3.92	3.97	15262591	61019796.00
2013/08/12	3.95	4.14	3.94	4.04	14066747	56955144.00
2013/08/13	4.00	4.14	3.96	4.13	14580539	59146460.00
2013/08/14	4.16	4.48	4.11	4.33	27791633	119290600.00
2013/08/15	4.30	4.30	4.13	4.14	18190006	76291024.00
2013/08/16	4.14	4.16	3.95	3.96	12573711	50894760.00
2013/08/19	3.90	4.05	3.86	4.03	6022112	24072964.00
2013/08/20	4.01	4.08	3.92	3.95	8444615	33677032.00
2013/08/21	3.94	3.96	3.87	3.94	6202012	24282608.00
2013/08/22	3.95	4.02	3.90	3.95	7042526	27991194.00
2013/08/23	3.95	4.04	3.85	3.91	8963801	35237656.00
2013/08/26	3.90	3.97	3.89	3.96	6017434	23740082.00
2013/08/27	3.95	3.98	3.91	3.95	6842013	26882246.00
2013/08/28	3.93	3.94	3.83	3.85	8531768	32985744.00
2013/08/29	3.83	3.95	3.81	3.89	6314890	24526656.00
2013/08/30	3.89	3.91	3.74	3.76	8782891	33536382.00
2013/09/02	3.76	3.76	3.61	3.75	7322988	26986366.00
2013/09/03	3.75	3.81	3.71	3.80	4694920	17686380.00
2013/09/04	3.80	3.81	3.75	3.77	3921566	14795737.00
2013/09/05	3.77	3.83	3.76	3.80	3828065	14517420.00
2013/09/06	3.79	3.81	3.71	3.76	4402741	16513443.00
2013/09/09	3.75	3.96	3.73	3.94	11858050	45528100.00
2013/09/10	3.93	4.02	3.92	3.99	12700127	50395044.00
2013/09/11	3.95	4.22	3.92	4.12	21274706	87101016.00
2013/09/12	4.11	4.11	4.01	4.05	9470205	38320692.00
2013/09/13	4.05	4.07	3.95	4.00	6472002	25837958.00
2013/09/16	4.00	4.05	3.95	3.98	4810596	19194606.00
2013/09/17	4.00	4.03	3.85	3.87	5428187	21447320.00
2013/09/18	3.88	3.93	3.83	3.91	3798930	14734417.00
2013/09/23	3.92	4.30	3.92	4.30	23061786	96939592.00
2013/09/24	4.30	4.30	4.13	4.15	30803572	128776112.00
2013/09/25	4.12	4.21	4.07	4.16	14095726	58366824.00
2013/09/26	4.15	4.15	4.01	4.02	8641541	35067932.00
2013/09/27	3.99	4.10	3.99	4.06	6051270	24476080.00
2013/09/30	4.07	4.09	3.95	4.03	6192712	24919956.00
2013/10/08	4.03	4.06	3.99	4.05	6923096	27948472.00
2013/10/09	4.06	4.14	4.01	4.13	9159991	37290044.00
2013/10/10	4.13	4.27	4.08	4.14	12670847	52893004.00
2013/10/11	4.14	4.44	4.12	4.31	23168703	99657944.00
2013/10/14	4.31	4.36	4.20	4.30	14892783	63658860.00
2013/10/15	4.32	4.34	4.19	4.25	9216946	39152008.00
2013/10/16	4.24	4.24	4.09	4.12	8894047	36810372.00
2013/10/17	4.15	4.40	4.15	4.39	19046207	81881064.00
2013/10/18	4.41	4.48	4.27	4.30	13175013	57263080.00
2013/10/21	4.28	4.59	4.23	4.58	20874477	93175104.00
2013/10/22	4.57	4.85	4.49	4.53	26603493	124031992.00
2013/10/23	4.53	4.57	4.31	4.38	12320158	54544804.00
2013/10/24	4.38	4.58	4.32	4.55	11771359	52892448.00
2013/10/25	4.55	4.64	4.41	4.53	10522878	47619380.00
2013/10/28	4.51	4.51	4.12	4.21	11915989	51329656.00
2013/10/29	4.20	4.29	3.89	3.96	12965631	52666628.00
2013/10/30	3.99	4.06	3.96	4.03	6413872	25711314.00
2013/10/31	4.01	4.05	3.96	4.01	3664966	14668738.00
2013/11/01	4.00	4.01	3.91	3.97	4036504	15972064.00
2013/11/04	3.97	4.04	3.96	4.03	2747871	11051240.00
2013/11/05	4.01	4.06	3.95	4.05	3920777	15681496.00
2013/11/06	4.05	4.18	4.00	4.09	5303978	21634924.00
2013/11/07	4.07	4.09	4.00	4.01	4314320	17399310.00
2013/11/08	4.00	4.00	3.88	3.91	4896772	19268316.00
2013/11/11	3.92	3.97	3.88	3.96	2065327	8129783.00
2013/11/12	3.96	4.03	3.93	4.02	2798769	11159974.00
2013/11/13	4.00	4.01	3.91	3.92	2567207	10130449.00
2013/11/14	3.87	3.98	3.87	3.95	2276138	8913300.00
2013/11/15	3.95	4.04	3.92	4.01	3972760	15890997.00
2013/11/18	4.01	4.10	4.00	4.08	5145629	20882628.00
2013/11/19	4.09	4.12	4.03	4.09	4853308	19767932.00
2013/11/20	4.10	4.34	4.07	4.28	11701285	49551896.00
2013/11/21	4.26	4.28	4.17	4.23	5953360	25156280.00
2013/11/22	4.24	4.28	4.18	4.22	3570681	15012420.00
2013/11/25	4.23	4.26	4.18	4.21	3539124	14936948.00
2013/11/26	4.20	4.30	4.18	4.25	4917112	20898124.00
2013/11/27	4.25	4.29	4.20	4.25	3730853	15785260.00
2013/11/28	4.25	4.36	4.24	4.29	6642805	28562338.00
2013/11/29	4.29	4.30	4.21	4.24	4442242	18866440.00
2013/12/02	4.18	4.18	3.90	3.94	9286397	37283216.00
2013/12/03	3.94	4.05	3.90	4.03	3979912	15855794.00
2013/12/04	4.03	4.09	4.01	4.06	4961429	20156276.00
2013/12/05	4.06	4.12	4.04	4.07	3279221	13392596.00
2013/12/06	4.07	4.09	4.04	4.08	2568057	10445892.00
2013/12/09	4.08	4.21	4.07	4.19	5440305	22630924.00
2013/12/10	4.21	4.22	4.14	4.17	2541699	10611674.00
2013/12/11	4.17	4.17	4.05	4.09	2763201	11313836.00
2013/12/12	4.09	4.17	4.05	4.09	2601409	10668798.00
2013/12/13	4.10	4.14	4.06	4.09	2434897	9985035.00
2013/12/16	4.09	4.09	3.95	4.00	4225244	16980544.00
2013/12/17	4.00	4.03	3.97	4.00	1713800	6854503.00
2013/12/18	4.00	4.04	3.97	4.02	2191536	8761399.00
2013/12/19	4.02	4.13	4.00	4.03	3494880	14199447.00
2013/12/20	4.05	4.06	3.91	3.95	2470871	9801424.00
2013/12/23	3.99	3.99	3.89	3.94	1307865	5131570.00
2013/12/24	3.92	3.97	3.92	3.93	1523385	6012329.00
2013/12/25	3.92	3.95	3.88	3.93	1723612	6759118.00
2013/12/26	3.95	3.95	3.83	3.83	2684879	10411427.00
2013/12/27	3.83	3.90	3.78	3.88	1667564	6427863.00
2013/12/30	3.90	3.91	3.84	3.87	2110100	8157443.00
2013/12/31	3.87	3.89	3.82	3.88	1658552	6403673.00
2014/01/02	3.87	3.95	3.84	3.93	2290235	8907090.00
2014/01/03	3.93	3.93	3.85	3.86	1884768	7333641.00
2014/01/06	3.85	3.86	3.74	3.75	2822091	10708784.00
2014/01/07	3.76	3.80	3.68	3.73	2214446	8274856.00
2014/01/08	3.74	3.75	3.60	3.63	3204466	11693266.00
2014/01/09	3.60	3.65	3.53	3.54	2819165	10102505.00
2014/01/10	3.55	3.55	3.44	3.45	2558561	8892900.00
2014/01/13	3.44	3.48	3.41	3.45	1654453	5710145.00
2014/01/14	3.45	3.55	3.44	3.54	1796842	6304888.00
2014/01/15	3.54	3.60	3.45	3.57	2790567	9782347.00
2014/01/16	3.57	3.57	3.51	3.53	2059582	7290136.00
2014/01/17	3.53	3.55	3.47	3.49	1527554	5330941.00
2014/01/20	3.50	3.54	3.45	3.47	1489524	5191640.00
2014/01/21	3.52	3.58	3.48	3.54	1758283	6219342.00
2014/01/22	3.54	3.62	3.51	3.60	2944623	10560809.00
2014/01/23	3.64	3.82	3.60	3.80	6715409	25212310.00
2014/01/24	3.79	3.80	3.72	3.80	4743516	17817740.00
2014/01/27	3.78	3.78	3.71	3.73	2214750	8279848.00
2014/01/28	3.72	3.75	3.71	3.73	2260636	8428327.00
2014/01/29	3.72	3.75	3.70	3.72	1621307	6034998.00
2014/01/30	3.77	3.99	3.76	3.86	6482455	25285408.00
2014/02/07	3.80	3.99	3.80	3.99	5872615	23235744.00
2014/02/10	3.99	4.13	3.97	4.05	6664896	27041136.00
2014/02/11	4.10	4.10	4.02	4.06	4746847	19257000.00
2014/02/12	4.01	4.24	4.01	4.19	8637532	35848144.00
2014/02/13	4.18	4.23	4.02	4.03	7070446	29197476.00
2014/02/14	4.02	4.10	3.99	4.09	5498980	22272052.00
2014/02/17	4.12	4.28	4.12	4.25	11232507	47389728.00
2014/02/18	4.24	4.50	4.20	4.35	17768395	77606128.00
2014/02/19	4.35	4.45	4.26	4.32	9994322	43365304.00
2014/02/20	4.32	4.35	4.17	4.17	7309050	30899874.00
2014/02/21	4.14	4.18	4.08	4.15	5200311	21443192.00
2014/02/24	4.17	4.29	4.10	4.26	7145657	30098556.00
2014/02/25	4.26	4.32	4.04	4.06	7330268	30488950.00
2014/02/26	4.03	4.24	4.03	4.23	7666808	31908640.00
2014/02/27	4.23	4.35	4.18	4.31	12452894	53366660.00
2014/02/28	4.32	4.32	4.11	4.29	6615635	28010298.00
2014/03/03	4.27	4.32	4.21	4.29	6818468	29134044.00
2014/03/04	4.25	4.32	4.18	4.31	6686418	28284288.00
2014/03/05	4.31	4.35	4.22	4.24	6174614	26419936.00
2014/03/06	4.21	4.21	4.10	4.14	6019868	24964550.00
2014/03/07	4.11	4.18	4.10	4.11	4305474	17793226.00
2014/03/10	4.09	4.32	4.05	4.29	15100619	63647512.00
2014/03/11	4.23	4.47	4.22	4.43	21264132	93017384.00
2014/03/12	4.39	4.47	4.30	4.38	11647140	51000848.00
2014/03/13	4.40	4.82	4.38	4.77	38297885	180193424.00
2014/03/14	4.58	4.75	4.55	4.66	18013838	83717112.00
2014/03/17	4.61	4.87	4.61	4.71	16810799	79382320.00
2014/03/18	4.65	4.74	4.54	4.63	15958391	74320304.00
2014/03/19	4.58	5.09	4.57	5.00	37137837	184905760.00
2014/03/20	4.91	5.15	4.76	4.77	28792404	142474400.00
2014/03/21	4.73	4.84	4.51	4.78	16581448	77734880.00
2014/03/24	4.76	5.26	4.70	5.26	47402560	245650912.00
2014/03/25	5.20	5.31	5.05	5.28	32488377	169035904.00
2014/03/26	5.20	5.26	5.12	5.23	14523499	75453456.00
2014/03/27	5.23	5.54	5.02	5.05	34676704	183533600.00
2014/03/28	4.97	5.27	4.81	5.04	25176266	126653136.00
2014/03/31	5.00	5.06	4.74	4.85	13277840	64587712.00
2014/04/01	4.82	4.99	4.79	4.90	10696369	52408200.00
2014/04/02	4.90	5.00	4.84	5.00	9429422	46345996.00
2014/04/03	4.99	5.03	4.91	4.93	7857803	38999640.00
2014/04/04	4.82	4.91	4.75	4.88	10897746	52628364.00
2014/04/08	4.70	4.85	4.70	4.80	8050668	38572648.00
2014/04/09	4.85	4.90	4.76	4.89	7687735	37069440.00
2014/04/10	4.88	5.10	4.81	4.99	14260191	70528560.00
2014/04/11	4.98	5.17	4.93	5.10	15145606	76827112.00
2014/04/14	5.15	5.17	5.03	5.12	8941939	45578120.00
2014/04/15	5.12	5.12	4.85	4.92	12310884	61164752.00
2014/04/16	4.91	4.94	4.80	4.88	7131082	34658424.00
2014/04/17	4.88	4.91	4.77	4.78	5407781	26056750.00
2014/04/18	4.72	4.82	4.72	4.76	5007231	23860400.00
2014/04/21	4.73	4.81	4.60	4.60	7232614	34025276.00
2014/04/22	4.62	4.67	4.48	4.58	6367159	28989254.00
2014/04/23	4.57	4.61	4.52	4.60	3351585	15298254.00
2014/04/24	4.57	4.67	4.55	4.59	3178035	14698662.00
2014/04/25	4.57	4.72	4.55	4.57	3447556	15930947.00
2014/04/28	4.52	4.52	4.27	4.28	6254404	27245658.00
2014/04/29	4.28	4.36	4.03	4.12	7300546	30430404.00
2014/04/30	4.08	4.16	4.04	4.16	5090038	20837592.00
2014/05/05	4.07	4.18	4.04	4.16	3318762	13655877.00
2014/05/06	4.19	4.58	4.19	4.58	8663953	39014912.00
2014/05/07	4.78	4.85	4.65	4.74	25303426	120256744.00
2014/05/08	4.76	4.96	4.67	4.85	15537242	75064448.00
2014/05/09	4.80	4.87	4.69	4.75	8426782	40120792.00
2014/05/12	4.76	4.85	4.65	4.81	9304398	44551708.00
2014/05/13	4.79	5.08	4.76	4.87	12508775	61602136.00
2014/05/14	4.83	4.95	4.76	4.79	6459289	31245296.00
2014/05/15	4.77	4.82	4.62	4.64	5907846	27689644.00
2014/05/16	4.63	4.91	4.59	4.89	6526611	30961188.00
2014/05/19	4.89	4.93	4.79	4.91	6722281	32740620.00
2014/05/20	4.91	4.98	4.85	4.87	5011550	24562520.00
2014/05/21	4.87	4.96	4.71	4.93	5856579	28521108.00
2014/05/22	4.95	5.15	4.95	5.04	14780189	74870040.00
2014/05/23	5.03	5.14	4.95	5.10	8841522	44776272.00
2014/05/26	5.16	5.23	5.04	5.08	7671398	39072456.00
2014/05/27	5.08	5.10	4.96	5.05	8190645	41087648.00
2014/05/28	5.08	5.08	4.97	5.07	5072800	25528040.00
2014/05/29	5.08	5.19	5.02	5.18	10729342	54816708.00
2014/05/30	5.26	5.26	4.99	4.99	9762848	49825776.00
2014/06/03	4.99	5.00	4.85	4.87	7079509	34798192.00
2014/06/04	4.87	4.93	4.68	4.91	7436563	35508600.00
2014/06/05	4.95	5.40	4.89	5.34	24812409	129361224.00
2014/06/06	5.30	5.45	5.26	5.37	16378837	87697696.00
2014/06/09	5.38	5.66	5.36	5.48	24177022	133381256.00
2014/06/10	5.50	5.76	5.41	5.70	21308009	119666840.00
2014/06/11	5.70	5.95	5.59	5.78	22212316	127936984.00
2014/06/12	5.72	5.78	5.52	5.73	9331067	52723092.00
2014/06/13	5.65	6.12	5.65	5.95	24259566	145124496.00
2014/06/16	5.95	6.30	5.90	6.20	21022357	129687224.00
2014/06/17	6.15	6.23	5.94	6.09	22407090	135431040.00
2014/06/18	6.06	6.06	5.86	5.99	10848627	64394080.00
2014/06/19	5.97	6.15	5.76	5.88	15530462	92732760.00
2014/06/20	5.91	5.98	5.59	5.84	15919360	91873968.00
2014/06/23	5.80	5.93	5.80	5.84	7673896	44994128.00
2014/06/24	5.86	6.09	5.66	6.08	14754315	86598088.00
2014/06/25	6.08	6.27	6.05	6.18	17885280	110382792.00
2014/06/26	6.35	6.68	6.16	6.23	32929574	209945536.00
2014/06/27	6.12	6.18	5.91	6.02	17849026	107976456.00
2014/06/30	6.02	6.05	5.81	5.90	18075891	106918184.00
2014/07/01	5.88	6.01	5.82	5.99	9234503	54845552.00
2014/07/02	6.00	6.00	5.84	5.89	10119340	59612952.00
2014/07/03	5.89	5.94	5.81	5.86	9598869	56287896.00
2014/07/04	5.87	5.94	5.82	5.83	8407951	49426280.00
2014/07/07	5.80	5.85	5.70	5.72	9785719	56298536.00
2014/07/08	5.70	6.22	5.69	6.18	20226700	121561096.00
2014/07/09	6.17	6.60	6.12	6.38	27673006	175736384.00
2014/07/10	6.37	6.43	6.23	6.28	11737199	74252728.00
2014/07/11	6.25	6.50	6.20	6.36	12446336	79193264.00
2014/07/14	6.40	6.50	6.17	6.32	10280377	64554392.00
2014/07/15	6.35	6.35	6.05	6.12	11858013	73058992.00
2014/07/16	6.07	6.20	6.06	6.11	6747245	41267964.00
2014/07/17	6.08	6.16	6.08	6.13	5537281	33965288.00
2014/07/18	6.14	6.31	6.07	6.30	8227629	51102336.00
2014/07/21	6.29	6.36	6.03	6.06	11708453	71740168.00
2014/07/22	6.07	6.16	6.00	6.01	10607256	64164228.00
2014/07/23	6.01	6.22	5.91	6.01	7754232	46983272.00
2014/07/24	6.03	6.08	5.79	5.90	8847199	52406764.00
2014/07/25	5.85	5.93	5.84	5.88	5090978	29924936.00
2014/07/28	5.90	6.07	5.90	6.01	6893905	41408380.00
2014/07/29	6.04	6.28	6.02	6.17	12060772	74472632.00
2014/07/30	6.18	6.35	6.13	6.23	9125139	56978180.00
2014/07/31	6.24	6.43	6.22	6.40	16092308	101859656.00
2014/08/01	6.35	6.68	6.30	6.39	18161819	117928704.00
2014/08/04	6.40	6.65	6.40	6.44	11988022	77921920.00
2014/08/05	6.40	6.50	6.28	6.45	7319658	46759864.00
2014/08/06	6.45	6.48	6.34	6.43	5835595	37433712.00
2014/08/07	6.40	6.45	6.22	6.24	8141446	51456620.00
2014/08/08	6.24	6.40	6.21	6.34	8657328	54601916.00
2014/08/11	6.33	6.97	6.30	6.97	42192872	289080032.00
2014/08/12	6.95	6.98	6.78	6.97	20229754	139160672.00
2014/08/13	6.97	7.18	6.87	7.17	21243830	149803504.00
2014/08/14	7.05	7.25	6.90	7.18	23357028	165078272.00
2014/08/15	7.15	7.16	6.93	7.01	23426249	164814000.00
2014/08/18	7.05	7.23	7.04	7.17	15072605	107869168.00
2014/08/19	7.18	7.20	6.93	6.98	17298349	121465768.00
2014/08/20	6.95	7.22	6.92	7.15	16131595	114885304.00
2014/08/21	7.15	7.35	7.10	7.27	22617598	163116848.00
2014/08/22	7.23	7.27	7.12	7.17	13862512	99540160.00
2014/08/25	7.23	7.55	7.21	7.40	20654953	152559072.00
2014/08/26	7.31	7.50	7.06	7.12	21210993	154013520.00
2014/08/27	7.15	7.24	7.04	7.21	12348776	88132952.00
2014/08/28	7.21	7.25	7.10	7.18	11659992	83427600.00
2014/08/29	7.20	7.44	7.05	7.38	10560399	76967656.00
2014/09/01	7.45	7.80	7.39	7.68	12352151	94526472.00
2014/09/02	7.70	7.92	7.56	7.82	15257158	118040512.00
2014/09/03	7.79	8.12	7.70	7.89	21752610	172351824.00
2014/09/04	7.89	8.14	7.82	7.90	20681615	164928832.00
2014/09/05	7.90	8.00	7.70	7.92	6885145	54478452.00
2014/09/09	7.90	8.05	7.85	7.93	9690334	76943424.00
2014/09/10	7.90	8.09	7.77	7.95	15661795	123752392.00
2014/09/11	7.98	8.18	7.90	8.14	17205318	138992080.00
2014/09/12	8.14	8.37	8.10	8.32	10477826	86284336.00
2014/09/15	8.37	8.47	8.21	8.36	15941300	132942160.00
2014/09/16	8.30	8.38	7.92	8.01	20411869	166667056.00
2014/09/17	8.00	8.12	7.70	8.06	19345038	153162352.00
2014/09/18	8.06	8.34	8.04	8.19	11983522	97355560.00
2014/09/19	8.18	8.20	7.95	8.18	12869153	103650056.00
2014/09/22	8.13	8.29	8.04	8.21	10589679	86823144.00
2014/09/23	8.20	8.62	8.20	8.58	23446004	197027280.00
2014/09/24	8.55	8.59	8.34	8.52	20912581	176484032.00
2014/09/25	8.50	8.99	8.38	8.87	30064550	262786288.00
2014/09/26	8.85	9.30	8.77	9.07	28740960	261306880.00
2014/09/29	9.10	9.22	8.95	9.16	17815303	162232432.00
2014/09/30	9.13	9.35	9.03	9.23	20478377	188360816.00
2014/10/08	9.25	9.28	8.72	9.00	23971571	215105680.00
2014/10/09	9.00	9.04	8.11	8.78	63725689	548219840.00
2014/10/10	8.55	8.55	8.28	8.44	34045459	285582528.00
2014/10/13	8.37	8.49	8.20	8.46	20018260	167500400.00
2014/10/14	8.58	8.65	8.26	8.33	29843447	251092416.00
2014/10/15	8.26	8.42	8.20	8.36	22705154	189174848.00
2014/10/16	8.30	8.37	7.79	7.81	34132009	279205568.00
2014/10/17	7.81	7.95	7.52	7.81	27781281	214109568.00
2014/10/20	7.81	8.04	7.69	8.03	19755370	155972016.00
2014/10/21	8.03	8.16	7.84	7.89	15251825	122088952.00
2014/10/22	8.07	8.18	7.75	7.79	29487980	234259952.00
2014/10/23	7.80	7.88	7.57	7.70	10907058	84283296.00
2014/10/24	7.70	7.89	7.67	7.78	13143290	102284056.00
2014/10/27	7.78	7.78	7.41	7.50	15115737	114305136.00
2014/10/28	7.54	7.73	7.50	7.70	16613518	126909848.00
2014/10/29	7.71	8.00	7.63	7.82	42630677	334759328.00
2014/10/30	7.83	7.98	7.83	7.96	31751833	251011280.00
2014/10/31	8.00	8.05	7.77	7.79	27985861	220247264.00
2014/11/03	7.74	7.82	7.55	7.67	33766381	259448224.00
2014/11/04	7.67	7.68	7.43	7.47	32097671	240810752.00
2014/11/05	7.46	7.65	7.45	7.54	21397970	161946576.00
2014/11/06	7.60	7.79	7.54	7.79	21572421	165883392.00
2014/11/07	7.79	7.97	7.68	7.74	30292174	237284816.00
2014/11/10	7.75	7.85	7.72	7.80	13420213	104327592.00
2014/11/11	7.81	7.89	7.51	7.61	19855596	152639600.00
2014/11/12	7.61	7.69	7.49	7.59	13489027	101757200.00
2014/11/13	7.57	7.78	7.15	7.64	36978164	275651424.00
2014/11/14	7.60	8.00	7.56	7.84	53771003	421993664.00
2014/11/17	7.79	8.16	7.77	7.88	34920001	277740256.00
2014/11/18	7.85	7.97	7.80	7.94	14500846	114598912.00
2014/11/19	7.93	8.07	7.88	8.03	19192201	153521056.00
2014/11/20	8.00	8.18	7.96	8.10	28775574	233561136.00
2014/11/21	8.11	8.16	8.02	8.10	15098889	121902952.00
2014/11/24	8.18	8.25	8.05	8.13	30344051	247104896.00
2014/11/25	8.10	8.21	8.07	8.12	22442120	182356944.00
2014/11/26	8.09	8.14	7.90	7.96	30546917	244565264.00
2014/11/27	7.96	8.19	7.94	8.18	30901752	250726144.00
2014/11/28	8.24	8.44	8.14	8.15	47377612	393051328.00
2014/12/01	8.09	8.09	7.85	7.89	31039052	247123056.00
2014/12/02	7.89	8.00	7.70	7.77	37241685	291490400.00
2014/12/03	7.70	7.84	7.33	7.82	36538079	279432384.00
2014/12/04	7.79	7.90	7.69	7.82	25435289	198881152.00
2014/12/05	7.82	7.85	7.43	7.47	29764929	225578656.00
2014/12/08	7.40	7.60	7.33	7.48	21247273	158452352.00
2014/12/09	7.44	7.44	6.73	6.87	41557241	296950688.00
2014/12/10	6.85	7.07	6.75	7.00	18786434	129749768.00
2014/12/11	7.01	7.42	7.01	7.35	28416875	207074032.00
2014/12/12	7.39	7.60	7.33	7.46	28825278	216098464.00
2014/12/15	7.46	7.49	7.26	7.46	21778097	161025952.00
2014/12/16	7.45	7.64	7.40	7.54	21733360	164010736.00
2014/12/17	7.54	7.63	7.45	7.53	18926970	143040640.00
2014/12/18	7.54	7.59	7.32	7.37	16143791	119372600.00
2014/12/19	7.35	7.41	6.91	7.11	18847295	134177040.00
2014/12/22	7.11	7.11	6.50	6.63	21306493	143795984.00
2014/12/23	6.65	6.83	6.33	6.51	15564281	103748592.00
2014/12/24	6.50	6.80	6.50	6.74	13657341	91406064.00
2014/12/25	6.78	7.04	6.71	6.72	17532631	120446352.00
2014/12/26	6.74	6.98	6.74	6.90	15104390	103864552.00
2014/12/29	6.90	6.96	6.75	6.83	12967548	88830520.00
2014/12/30	6.83	6.95	6.73	6.76	13831489	94468824.00
2014/12/31	6.75	6.83	6.70	6.82	7511878	50784280.00
2015/01/05	6.83	7.04	6.81	7.02	19009932	131523880.00
2015/01/06	7.04	7.29	6.90	7.24	17895110	128200816.00
2015/01/07	7.20	7.46	7.20	7.37	21037530	155559824.00
2015/01/08	7.45	7.70	7.42	7.49	28315166	214190832.00
2015/01/09	7.57	7.57	7.25	7.29	16282637	120170768.00
2015/01/12	7.30	7.63	7.21	7.55	18422087	138149360.00
2015/01/13	7.55	7.67	7.49	7.63	13242168	100711640.00
2015/01/14	7.63	7.82	7.57	7.68	20184817	155563296.00
2015/01/15	7.66	7.79	7.54	7.59	12128451	92757400.00
2015/01/16	7.60	7.68	7.50	7.64	11885043	90358448.00
2015/01/19	7.50	7.69	7.39	7.48	19068897	144258848.00
2015/01/20	7.55	7.70	7.50	7.69	10508582	79904408.00
2015/01/21	7.78	7.88	7.70	7.85	21412269	167212560.00
2015/01/22	7.86	8.30	7.83	8.27	35631111	288607104.00
2015/01/23	8.22	8.28	8.03	8.09	18897226	154266992.00
2015/01/26	8.11	8.43	8.11	8.32	17876296	147989568.00
2015/01/27	8.39	8.45	8.18	8.35	20795864	173415616.00
2015/01/28	8.38	8.44	8.18	8.29	16950863	141161472.00
2015/01/29	8.24	8.24	8.05	8.13	13721323	111667648.00
2015/01/30	8.14	8.18	7.85	8.02	15589615	124972392.00
2015/02/02	8.02	8.15	7.98	8.04	12651709	101897024.00
2015/02/03	8.08	8.14	7.91	8.11	11747811	94810144.00
2015/02/04	8.11	8.11	7.88	7.88	11991934	95643312.00
2015/02/05	7.91	8.00	7.42	7.56	36919818	281743328.00
2015/02/06	7.54	7.91	7.50	7.90	23280032	180556992.00
2015/02/09	7.90	8.23	7.86	8.09	18529228	149742720.00
2015/02/10	8.24	8.30	7.97	8.02	16079887	129987736.00
2015/02/11	8.05	8.56	8.05	8.49	46574213	390173312.00
2015/02/12	8.53	9.16	8.51	9.10	63000052	562717184.00
2015/02/13	9.11	9.44	8.95	9.15	57641759	530304928.00
2015/02/16	9.16	9.87	9.10	9.70	40218089	382237088.00
2015/02/17	9.73	9.95	9.50	9.76	20806694	202695776.00
2015/02/25	9.83	9.91	9.58	9.74	20905564	203013728.00
2015/02/26	9.74	9.75	9.34	9.55	24692563	233986112.00
2015/02/27	9.45	10.33	9.45	10.22	42317892	423588320.00
2015/03/02	10.25	10.93	10.25	10.60	51557789	545618176.00
2015/03/03	10.60	11.65	10.45	11.03	45828564	504236928.00
2015/03/04	11.15	11.90	11.15	11.66	34497589	398463616.00
2015/03/05	11.65	12.18	11.36	11.41	47921350	562833536.00
2015/03/06	11.40	11.70	11.00	11.17	32669832	367243136.00
2015/03/09	10.99	11.54	10.65	11.36	42635762	470949568.00
2015/03/10	11.36	11.53	11.13	11.36	18152817	206038576.00
2015/03/11	11.33	11.40	10.46	10.61	59679896	646242304.00
2015/03/12	10.61	10.85	10.35	10.59	31286559	330559424.00
2015/03/13	10.65	10.75	10.25	10.55	33057094	345727200.00
2015/03/16	10.58	11.61	10.48	11.61	56232916	628216832.00
2015/03/17	11.97	12.30	11.72	12.14	70028013	839510784.00
2015/03/18	11.90	12.29	11.84	12.13	37356589	451889440.00
2015/03/19	12.14	12.23	11.88	11.97	25063539	299836608.00
2015/03/20	11.95	12.05	11.60	11.83	35510892	418514080.00
2015/03/23	11.83	12.03	11.75	11.95	35074733	416932352.00
2015/03/24	11.95	12.28	11.60	12.27	46245968	554687744.00
2015/03/25	12.24	12.86	11.88	11.98	59221338	726983104.00
2015/03/26	11.80	11.80	10.78	10.78	152455517	1669345792.00
2015/03/27	10.32	10.68	10.19	10.52	115394737	1198228224.00
2015/03/30	10.53	10.54	10.24	10.46	71893194	745823488.00
2015/03/31	10.43	10.75	10.33	10.65	64232694	681822912.00
2015/04/01	10.66	11.20	10.63	11.10	71007418	781556736.00
2015/04/02	11.18	11.30	10.92	11.13	59631168	659803712.00
2015/04/03	11.15	11.18	10.96	11.18	54850022	607993728.00
2015/04/07	11.30	11.77	11.20	11.77	72064644	832820032.00
2015/04/08	12.04	12.47	11.78	12.23	106669633	1301817216.00
2015/04/09	12.23	12.35	11.19	11.62	67405068	791320960.00
2015/04/10	11.59	11.93	11.28	11.74	48817922	571576576.00
2015/04/13	11.80	11.88	11.53	11.74	54798447	639368256.00
2015/04/14	11.75	11.77	11.45	11.51	47096637	546215936.00
2015/04/15	11.50	11.50	10.82	10.93	49186726	546347200.00
2015/04/16	10.85	11.37	10.63	11.20	31308875	347866336.00
2015/04/17	11.31	11.53	11.25	11.34	36817349	418898912.00
2015/04/20	11.35	11.66	11.00	11.65	65626768	749013376.00
2015/04/21	11.67	12.20	11.67	12.15	68822803	823518912.00
2015/04/22	12.22	12.45	12.00	12.17	70569738	860126912.00
2015/04/23	12.19	12.80	12.16	12.55	82474570	1033985536.00
2015/04/24	12.85	12.98	12.13	12.17	82482240	1028017664.00
2015/04/27	12.22	12.42	11.90	12.14	63939816	770573568.00
2015/04/28	12.14	12.21	11.50	11.56	48804181	578037952.00
2015/04/29	11.55	11.96	11.34	11.88	29875701	350133792.00
2015/04/30	11.96	12.04	11.72	11.78	30095828	357801792.00
2015/05/05	12.42	12.42	12.42	12.42	0	0.00
数据来源:通达信
