600168 武汉控股 日线 前复权
      日期	    开盘	    最高	    最低	    收盘	    成交量	    成交额
2011/10/10	7.87	7.95	7.77	7.86	1778995	14422330.00
2011/10/11	8.05	8.08	7.55	7.62	2698856	21711404.00
2011/10/12	7.55	7.81	7.55	7.78	3654016	29188672.00
2011/10/13	7.81	7.95	7.79	7.84	2840772	23080306.00
2011/10/14	7.88	7.90	7.59	7.77	1509800	12049451.00
2011/10/17	7.81	7.88	7.75	7.87	1261774	10198318.00
2011/10/18	7.84	7.88	7.44	7.56	1783040	14116853.00
2011/10/19	7.57	7.62	7.48	7.50	1070255	8346496.00
2011/10/20	7.46	7.46	6.85	6.93	4179740	30608516.00
2011/10/21	6.99	6.99	6.68	6.73	2155363	15165525.00
2011/10/24	6.73	6.93	6.60	6.84	1708505	12041052.00
2011/10/25	6.84	7.05	6.80	6.99	1646595	11824886.00
2011/10/26	6.97	7.12	6.94	7.03	2323300	16907626.00
2011/10/27	7.02	7.19	6.98	7.02	2328462	17082328.00
2011/10/28	7.10	7.45	7.02	7.30	5547763	41435856.00
2011/10/31	7.33	7.73	7.33	7.55	5020276	39162188.00
2011/11/01	7.43	7.56	7.33	7.47	2946632	22709732.00
2011/11/02	7.35	7.63	7.28	7.58	2624721	20273804.00
2011/11/03	7.56	7.91	7.53	7.88	7818251	63078096.00
2011/11/04	7.86	7.90	7.71	7.76	3418200	27440000.00
2011/11/07	7.75	7.80	7.66	7.74	1780101	14219731.00
2011/11/08	7.68	7.79	7.61	7.66	1318869	10526246.00
2011/11/09	7.66	7.75	7.51	7.71	1436404	11362327.00
2011/11/10	7.60	7.85	7.55	7.63	1773679	14163925.00
2011/11/11	7.65	7.87	7.60	7.81	3266845	26283194.00
2011/11/14	7.91	8.20	7.77	8.15	4385864	36356832.00
2011/11/15	8.06	8.57	8.06	8.36	6856428	59164556.00
2011/11/16	8.36	8.44	8.14	8.15	3892644	33237992.00
2011/11/17	8.12	8.46	8.05	8.35	2909848	24985152.00
2011/11/18	8.33	8.33	7.90	7.93	2633898	21951556.00
2011/11/21	7.90	8.06	7.90	7.95	1392211	11441458.00
2011/11/22	7.82	7.97	7.77	7.89	1570571	12747717.00
2011/11/23	7.99	7.99	7.78	7.85	1141909	9269529.00
2011/11/24	7.76	7.90	7.68	7.82	932844	7514448.00
2011/11/25	7.92	7.92	7.63	7.71	1891208	15143483.00
2011/11/28	7.74	7.86	7.71	7.83	1289451	10375465.00
2011/11/29	7.84	8.23	7.80	8.14	2924901	24290014.00
2011/11/30	8.16	8.16	7.67	7.90	2428066	19881340.00
2011/12/01	8.10	8.21	7.97	8.05	1853466	15474380.00
2011/12/02	8.02	8.05	7.62	7.67	1639994	13212765.00
2011/12/05	7.71	7.72	7.26	7.31	1308662	10034737.00
2011/12/06	7.31	7.47	7.18	7.30	2136225	16152997.00
2011/12/07	7.32	7.40	7.11	7.39	2144172	16102695.00
2011/12/08	7.34	7.47	7.20	7.31	1239647	9372913.00
2011/12/09	7.15	7.30	7.01	7.09	2150653	15846938.00
2011/12/12	7.13	7.17	6.97	7.01	982629	7193339.00
2011/12/13	6.96	7.02	6.66	6.72	2512462	17662216.00
2011/12/14	6.70	6.83	6.61	6.63	1161871	8090616.00
2011/12/15	6.63	6.69	6.03	6.11	2874524	18951232.00
2011/12/16	6.13	6.38	5.97	6.31	2973704	19133698.00
2011/12/19	6.22	6.51	6.15	6.50	3819326	25259780.00
2011/12/20	6.50	6.64	6.43	6.61	3485794	23772730.00
2011/12/21	6.63	6.77	6.41	6.44	3995982	27540578.00
2011/12/22	6.38	6.57	6.24	6.54	3185133	21277416.00
2011/12/23	6.48	6.70	6.36	6.61	2101008	14368631.00
2011/12/26	6.60	6.66	6.48	6.49	913319	6238342.00
2011/12/27	6.49	6.49	6.27	6.33	946544	6273850.00
2011/12/28	6.20	6.65	6.00	6.55	2074534	13678862.00
2011/12/30	6.60	6.67	6.43	6.61	891467	6102035.00
2012/01/04	6.66	6.79	6.36	6.45	577375	3933849.00
2012/01/05	6.40	6.42	6.21	6.24	1362460	8865918.00
2012/01/06	6.25	6.25	5.65	6.01	2708983	16556515.00
2012/01/09	5.98	6.31	5.88	6.29	1661641	10652626.00
2012/01/10	6.32	6.58	6.27	6.54	3644643	24567928.00
2012/01/11	6.55	6.69	6.41	6.59	3824008	25975722.00
2012/01/12	6.57	6.67	6.44	6.53	2648377	18010788.00
2012/01/13	6.50	6.53	6.19	6.33	2298898	15133041.00
2012/01/16	6.24	6.26	6.05	6.06	1209300	7769255.00
2012/01/17	6.13	6.59	5.97	6.49	1138036	7545638.00
2012/01/18	6.55	6.60	6.21	6.29	1534435	10193544.00
2012/01/19	6.34	6.49	6.23	6.46	1519941	10095278.00
2012/03/20	7.13	7.13	7.13	7.13	312566	2306737.00
2012/03/21	7.87	7.87	7.87	7.87	8962395	72774648.00
2012/03/22	8.68	8.68	7.51	7.74	30427638	247402720.00
2012/03/23	7.52	7.95	7.14	7.54	16155647	123818720.00
2012/03/26	7.39	7.41	7.19	7.24	5699057	42899044.00
2012/03/27	7.21	7.27	7.02	7.06	6628270	48888140.00
2012/03/28	7.02	7.02	6.65	6.68	7551119	53151448.00
2012/03/29	6.58	6.76	6.53	6.61	5621679	38811784.00
2012/03/30	6.68	6.85	6.45	6.78	7598707	52476028.00
2012/04/05	6.70	6.93	6.67	6.92	6586215	46620240.00
2012/04/06	6.88	7.01	6.85	6.95	6041262	43426392.00
2012/04/09	6.88	7.11	6.87	6.89	4746478	34372164.00
2012/04/10	6.78	6.86	6.48	6.86	4200145	29265878.00
2012/04/11	6.76	6.83	6.69	6.78	3033143	21218498.00
2012/04/12	6.76	6.99	6.75	6.93	4390273	31156476.00
2012/04/13	6.92	7.23	6.90	7.07	6403025	46840260.00
2012/04/16	7.04	7.34	6.93	7.22	4897202	36209976.00
2012/04/17	7.37	7.95	7.22	7.32	16553537	127810544.00
2012/04/18	7.17	7.38	7.04	7.30	10869227	80960336.00
2012/04/19	7.22	7.31	7.05	7.12	6902668	50915388.00
2012/04/20	7.15	7.25	7.09	7.18	4665721	34598984.00
2012/04/23	7.16	7.21	6.86	7.07	5686027	41280788.00
2012/04/24	6.97	7.08	6.74	6.86	3979018	28385652.00
2012/04/25	6.87	7.11	6.84	7.01	3491214	25232652.00
2012/04/26	7.03	7.65	6.98	7.45	11954102	90775096.00
2012/04/27	7.32	7.50	7.25	7.31	4789003	36238552.00
2012/05/02	7.67	8.06	7.57	8.06	15775721	129079312.00
2012/05/03	8.07	8.07	7.63	7.69	24055285	193631984.00
2012/05/04	7.65	7.76	7.45	7.61	9641128	75287024.00
2012/05/07	7.52	8.03	7.41	7.83	14105271	112825272.00
2012/05/08	7.77	7.99	7.69	7.96	13488131	109318192.00
2012/05/09	8.02	8.24	7.80	7.88	13501895	110916608.00
2012/05/10	7.65	7.95	7.65	7.87	7392032	59557892.00
2012/05/11	7.86	7.93	7.79	7.80	5173149	41948764.00
2012/05/14	7.84	7.93	7.55	7.81	8157985	65007532.00
2012/05/15	7.69	7.99	7.63	7.89	8524291	68800680.00
2012/05/16	8.03	8.07	7.73	7.75	6516286	52838908.00
2012/05/17	7.75	7.82	7.48	7.75	6962349	55102340.00
2012/05/18	7.67	7.81	7.60	7.62	4755855	37737532.00
2012/05/21	7.72	7.92	7.41	7.73	4834807	38317788.00
2012/05/22	7.77	7.91	7.69	7.77	3959180	31679972.00
2012/05/23	7.77	7.82	7.53	7.67	4094168	32315470.00
2012/05/24	7.65	7.67	7.42	7.46	3855287	29880152.00
2012/05/25	7.56	7.63	7.44	7.48	3708517	28832074.00
2012/05/28	7.47	7.56	6.97	7.52	5637929	42359728.00
2012/05/29	7.40	7.61	7.35	7.55	6299020	48778636.00
2012/05/30	7.56	7.76	7.47	7.66	7548659	59410528.00
2012/05/31	7.70	7.81	7.57	7.74	6890762	54607632.00
2012/06/04	7.66	7.66	7.33	7.43	3968742	30697756.00
2012/06/05	7.48	7.52	7.26	7.33	3203792	24335524.00
2012/06/06	7.33	7.55	7.25	7.36	3225888	24492820.00
2012/06/07	7.42	7.56	7.28	7.30	3060545	23435616.00
2012/06/08	7.42	7.45	7.27	7.35	3476163	26427462.00
2012/06/11	7.37	7.59	7.30	7.59	6442041	49831076.00
2012/06/12	7.60	7.61	7.46	7.55	5705202	44436544.00
2012/06/13	7.57	7.71	7.50	7.62	4955064	38860152.00
2012/06/14	7.62	7.67	7.51	7.55	3335615	26063568.00
2012/06/15	7.55	7.91	7.42	7.85	11685185	92715824.00
2012/06/18	7.86	7.95	7.78	7.86	10206372	82606320.00
2012/06/19	7.91	7.94	7.70	7.73	7342861	59256960.00
2012/06/20	7.75	7.77	7.49	7.59	6084256	47718228.00
2012/06/21	7.57	7.57	7.29	7.32	4000863	30490476.00
2012/06/25	7.28	7.37	7.04	7.05	2735112	20365374.00
2012/06/26	6.97	7.02	6.86	6.97	2731635	19589256.00
2012/06/27	6.93	7.01	6.91	6.96	2599754	18691202.00
2012/06/28	6.96	7.00	6.63	6.64	3888387	27189148.00
2012/06/29	6.64	6.74	6.55	6.73	4184461	28850086.00
2012/07/02	6.75	6.88	6.73	6.80	3926696	27662850.00
2012/07/03	6.82	6.97	6.65	6.81	3860132	27160040.00
2012/07/04	6.81	6.86	6.67	6.68	2285687	15942616.00
2012/07/05	6.67	6.69	6.40	6.58	3933876	26540472.00
2012/07/06	6.57	6.67	6.42	6.64	3203779	21704074.00
2012/07/09	6.61	6.75	6.49	6.56	3583666	24516052.00
2012/07/10	6.50	6.57	6.40	6.47	1635399	10960087.00
2012/07/11	6.70	6.70	6.43	6.55	1965541	13339667.00
2012/07/12	6.54	6.73	6.46	6.64	2919420	20013820.00
2012/07/13	6.64	6.82	6.59	6.69	4061700	28271582.00
2012/07/16	6.66	6.71	6.22	6.25	2511000	16724915.00
2012/07/17	6.25	6.52	6.15	6.35	2990534	19632198.00
2012/07/18	6.24	6.50	6.23	6.46	3140111	20756840.00
2012/07/19	6.45	6.71	6.42	6.64	4634981	31662744.00
2012/07/20	6.62	6.82	6.55	6.58	4002875	27580060.00
2012/07/23	6.65	6.70	6.43	6.56	2999494	20374120.00
2012/07/24	6.52	6.65	6.49	6.63	2642087	18035778.00
2012/07/25	6.61	6.74	6.57	6.67	3368558	23251746.00
2012/07/26	6.63	6.72	6.50	6.61	3874051	26553584.00
2012/07/27	6.60	6.63	6.40	6.49	2028129	13633388.00
2012/07/30	6.49	6.53	6.27	6.28	1771373	11635723.00
2012/07/31	6.26	6.43	6.12	6.32	2537657	16481316.00
2012/08/01	6.25	6.61	6.25	6.57	6215512	41855236.00
2012/08/02	6.68	6.68	6.48	6.57	3367626	22957900.00
2012/08/03	6.56	6.81	6.49	6.68	6692467	46115204.00
2012/08/06	6.62	6.97	6.61	6.82	6349342	44515940.00
2012/08/07	6.79	6.90	6.65	6.70	6418071	44666792.00
2012/08/08	6.71	6.71	6.51	6.58	3715677	25378924.00
2012/08/09	6.57	6.73	6.45	6.69	3120280	21410594.00
2012/08/10	6.69	6.69	6.58	6.60	2139568	14649942.00
2012/08/13	6.59	6.67	6.38	6.38	2500683	16812158.00
2012/08/14	6.35	6.45	6.32	6.43	2114367	13961232.00
2012/08/15	6.39	6.43	6.32	6.34	1216270	8030043.00
2012/08/16	6.34	6.37	6.29	6.32	1375274	9018170.00
2012/08/17	6.30	6.41	6.28	6.33	987050	6462284.00
2012/08/20	6.29	6.42	6.26	6.40	1366241	8968259.00
2012/08/21	6.34	6.60	6.32	6.52	3629392	24397232.00
2012/08/22	6.54	6.56	6.40	6.43	2460215	16544144.00
2012/08/23	6.47	6.50	6.40	6.45	1522032	10173238.00
2012/08/24	6.43	6.46	6.28	6.34	1417476	9310486.00
2012/08/27	6.31	6.31	5.93	5.95	2559000	16219698.00
2012/08/28	5.93	6.06	5.91	6.03	1569828	9749628.00
2012/08/29	6.02	6.03	5.92	5.95	955441	5927292.00
2012/08/30	5.93	5.97	5.66	5.75	2533850	15336792.00
2012/08/31	5.76	5.86	5.70	5.73	1020331	6126758.00
2012/09/03	5.74	5.83	5.70	5.82	1232240	7412572.00
2012/09/04	5.83	5.84	5.77	5.79	1508249	9104194.00
2012/09/05	5.77	5.85	5.72	5.84	1342036	8071069.00
2012/09/06	5.83	5.87	5.79	5.87	1498672	9087741.00
2012/09/07	5.91	6.23	5.91	6.18	5534539	35020400.00
2012/09/10	6.18	6.27	6.10	6.24	3935028	25391456.00
2012/09/11	6.26	6.37	6.13	6.29	3604639	23343970.00
2012/09/12	6.29	6.41	6.19	6.30	3249410	21255452.00
2012/09/13	6.42	6.52	6.18	6.30	4698185	31042384.00
2012/09/14	6.34	6.41	6.20	6.30	2794746	18224024.00
2012/09/17	6.43	6.45	6.15	6.20	3358953	22052992.00
2012/09/18	6.15	6.26	6.07	6.11	1246688	7956116.00
2012/09/19	6.15	6.32	6.11	6.23	1894810	12225189.00
2012/09/20	6.18	6.34	6.08	6.10	1826359	11736498.00
2012/09/21	6.08	6.23	6.08	6.12	1396812	8935978.00
2012/09/24	6.08	6.24	5.93	6.19	3027583	19238636.00
2012/09/25	6.19	6.35	6.13	6.33	4671357	30369460.00
2012/09/26	6.33	6.35	6.18	6.34	4860785	31617288.00
2012/09/27	6.32	6.39	6.23	6.37	5939208	38907864.00
2012/09/28	6.32	6.35	6.24	6.31	3499073	22865828.00
2012/10/08	6.30	6.36	5.97	6.00	4226500	26788914.00
2012/10/09	5.99	6.12	5.98	6.09	3381953	21299600.00
2012/10/10	6.09	6.14	6.04	6.14	2129388	13480453.00
2012/10/11	6.13	6.15	5.98	5.99	1986696	12525168.00
2012/10/12	5.96	6.05	5.94	5.98	1267499	7892867.00
2012/10/15	5.98	6.07	5.97	6.06	1832081	11462135.00
2012/10/16	5.97	5.97	5.84	5.88	5788092	35397716.00
2012/10/17	5.89	5.89	5.76	5.83	2790159	16842558.00
2012/10/18	5.77	5.88	5.75	5.87	3737159	22670702.00
2012/10/19	5.86	5.91	5.83	5.89	2575719	15711637.00
2012/10/22	5.88	6.01	5.80	5.98	3286511	20178304.00
2012/10/23	6.00	6.00	5.87	5.88	2654338	16349569.00
2012/10/24	5.81	5.87	5.77	5.80	2556139	15417267.00
2012/10/25	5.78	5.84	5.77	5.79	1638688	9881159.00
2012/10/26	5.79	5.80	5.52	5.56	2723117	15955363.00
2012/10/29	5.57	5.57	5.49	5.52	1099011	6322288.00
2012/10/30	5.52	5.60	5.49	5.52	872360	5029892.00
2012/10/31	5.57	5.61	5.51	5.60	993690	5744948.00
2012/11/01	5.58	5.69	5.58	5.67	1387924	8166169.00
2012/11/02	5.68	5.70	5.62	5.64	1190601	6997897.00
2012/11/05	5.65	5.69	5.62	5.64	1656839	9737362.00
2012/11/06	5.64	5.68	5.52	5.59	1418363	8245112.00
2012/11/07	5.59	5.61	5.53	5.61	1272138	7383110.00
2012/11/08	5.55	5.56	5.38	5.38	1316080	7530613.00
2012/11/09	5.39	5.42	5.28	5.31	1450771	8073836.00
2012/11/12	5.32	5.50	5.32	5.37	2001247	11227879.00
2012/11/13	5.38	5.41	5.23	5.25	1544467	8558693.00
2012/11/14	5.26	5.27	5.12	5.23	1380249	7483353.00
2012/11/15	5.21	5.22	5.07	5.09	1358400	7302858.00
2012/11/16	5.13	5.18	5.07	5.15	1445247	7746315.00
2012/11/19	5.14	5.24	5.11	5.23	1320899	7143237.00
2012/11/20	5.25	5.29	5.14	5.15	1116350	6052514.00
2012/11/21	5.14	5.22	5.07	5.20	1109599	5963476.00
2012/11/22	5.20	5.32	5.14	5.29	2738565	15042078.00
2012/11/23	5.30	5.32	5.23	5.29	1547674	8521157.00
2012/11/26	5.27	5.32	5.14	5.18	1033162	5640782.00
2012/11/27	5.15	5.15	4.80	4.83	1851034	9586823.00
2012/11/28	4.80	4.83	4.71	4.74	1053893	5259541.00
2012/11/29	4.76	4.79	4.65	4.66	918724	4546449.00
2012/11/30	4.65	4.72	4.64	4.71	645282	3176341.00
2012/12/03	4.72	4.74	4.55	4.61	914089	4492551.00
2012/12/04	4.57	4.65	4.47	4.63	1364257	6508699.00
2012/12/05	4.60	4.85	4.59	4.75	2571457	12828200.00
2012/12/06	4.74	5.02	4.74	4.93	4198639	21592132.00
2012/12/07	4.88	5.12	4.83	5.07	4278481	22277696.00
2012/12/10	5.60	5.60	5.60	5.60	3119855	18188756.00
2012/12/11	5.76	5.86	5.53	5.54	17077385	101662008.00
2012/12/12	5.40	5.72	5.37	5.60	8943457	51833312.00
2012/12/13	5.53	5.55	5.29	5.32	4918776	27768172.00
2012/12/14	5.32	5.55	5.32	5.51	5562841	31724572.00
2012/12/17	5.50	5.64	5.42	5.44	5111713	29308466.00
2012/12/18	5.39	5.54	5.39	5.44	3369019	19200676.00
2012/12/19	5.44	5.57	5.43	5.54	3147192	18042074.00
2012/12/20	5.52	5.69	5.50	5.68	6185719	36076040.00
2012/12/21	5.72	5.72	5.51	5.59	5304942	30808536.00
2012/12/24	5.61	5.61	5.38	5.42	4755805	27071640.00
2012/12/25	5.42	5.54	5.35	5.54	4970759	28411614.00
2012/12/26	5.53	5.65	5.53	5.63	5377600	31374778.00
2012/12/27	5.66	5.71	5.52	5.54	4136499	24179030.00
2012/12/28	5.54	5.62	5.47	5.60	3643871	21080396.00
2012/12/31	5.61	5.65	5.55	5.62	3774915	22021224.00
2013/01/04	5.62	5.71	5.54	5.59	3052347	17819456.00
2013/01/07	5.61	5.76	5.57	5.74	5305623	31345000.00
2013/01/08	5.72	5.78	5.64	5.74	5081261	30175448.00
2013/01/09	5.73	5.73	5.62	5.67	4402485	26036144.00
2013/01/10	5.66	5.71	5.58	5.63	5463227	32093216.00
2013/01/11	5.63	5.66	5.44	5.46	3935195	22677022.00
2013/01/14	5.45	5.68	5.44	5.66	4424408	25697436.00
2013/01/15	5.67	5.97	5.63	5.90	10503984	64015616.00
2013/01/16	5.91	5.91	5.72	5.81	5800137	35084500.00
2013/01/17	5.81	6.11	5.75	5.99	8614081	53332364.00
2013/01/18	6.00	6.05	5.91	6.02	4919863	30539132.00
2013/01/21	6.15	6.21	5.98	6.05	4629856	29142008.00
2013/01/22	5.97	6.03	5.82	5.86	4261369	26161960.00
2013/01/23	5.87	5.91	5.72	5.79	4340152	26169628.00
2013/01/24	5.79	5.88	5.62	5.67	3742142	22391856.00
2013/01/25	5.67	5.72	5.63	5.70	1686332	9957808.00
2013/01/28	5.70	5.80	5.63	5.79	2897976	17268622.00
2013/01/29	5.79	6.02	5.79	5.91	5996270	36791824.00
2013/01/30	5.94	5.98	5.86	5.93	3061458	18824616.00
2013/01/31	5.94	5.97	5.87	5.94	3178397	19550270.00
2013/02/01	5.89	5.94	5.85	5.92	3498130	21435958.00
2013/02/04	5.92	5.95	5.77	5.79	4482424	27193830.00
2013/02/05	5.76	5.89	5.71	5.87	2379325	14426094.00
2013/02/06	5.91	5.98	5.83	5.96	3878111	23865220.00
2013/02/07	5.91	6.04	5.91	6.02	4123073	25682616.00
2013/02/08	5.98	6.00	5.93	5.97	3872528	23987500.00
2013/02/18	5.99	6.15	5.96	6.09	6317970	39677292.00
2013/02/19	6.06	6.30	6.04	6.27	11577363	74681096.00
2013/02/20	6.23	6.54	6.19	6.38	12292479	81716592.00
2013/02/21	6.30	6.38	6.08	6.09	6892421	44468036.00
2013/02/22	6.06	6.20	6.06	6.08	3342727	21276120.00
2013/02/25	6.15	6.71	6.12	6.71	28539862	196595392.00
2013/02/26	6.65	6.76	6.52	6.55	23135747	158872176.00
2013/02/27	6.53	6.72	6.38	6.57	10294142	69804272.00
2013/02/28	6.59	6.76	6.51	6.71	10170177	70040576.00
2013/03/01	6.70	7.31	6.67	7.04	15477228	111888512.00
2013/03/04	6.95	7.43	6.78	6.95	19339663	141626400.00
2013/03/05	6.87	7.35	6.60	7.25	16641956	121700992.00
2013/03/06	7.13	7.31	7.02	7.11	11709939	86206008.00
2013/03/07	7.05	7.10	6.70	6.77	9527252	67430504.00
2013/03/08	6.76	6.83	6.57	6.60	6521757	45063840.00
2013/03/11	6.62	6.82	6.61	6.63	3933899	27336452.00
2013/03/12	6.77	6.80	6.32	6.46	6631152	44844372.00
2013/03/13	6.44	6.55	6.32	6.47	3602156	23965676.00
2013/03/14	6.40	6.52	6.39	6.45	2213836	14799267.00
2013/03/15	6.45	6.62	6.41	6.51	3477571	23524076.00
2013/03/18	6.52	7.18	6.48	7.18	17022442	122036888.00
2013/03/19	7.17	7.22	6.84	7.02	16555532	120212280.00
2013/03/20	6.98	7.24	6.92	7.16	13261400	96803344.00
2013/03/21	7.09	7.62	7.03	7.32	21417011	163042432.00
2013/03/22	7.24	7.27	6.99	7.10	10949370	80439592.00
2013/03/25	7.11	7.45	7.06	7.22	14954651	112887616.00
2013/03/26	7.13	7.14	6.94	7.05	7560139	54937868.00
2013/03/27	7.07	7.23	6.96	7.02	5752692	42036208.00
2013/03/28	6.99	6.99	6.71	6.78	6150116	43373888.00
2013/03/29	6.78	6.86	6.59	6.62	4677815	32463152.00
2013/04/01	6.57	6.84	6.57	6.83	4076894	28494776.00
2013/04/02	6.84	6.97	6.62	6.68	4998055	35229232.00
2013/04/03	6.69	6.74	6.43	6.56	3850360	26029336.00
2013/04/08	6.42	6.77	6.27	6.68	4062947	27432080.00
2013/04/09	6.62	6.77	6.62	6.72	3059431	21229156.00
2013/04/10	6.74	6.79	6.54	6.61	2456917	16860032.00
2013/04/11	6.62	6.76	6.59	6.63	2582321	17814672.00
2013/04/12	6.49	6.62	6.45	6.47	2259763	15227915.00
2013/04/15	6.45	6.51	6.32	6.33	2599237	17193158.00
2013/04/16	6.24	6.47	6.17	6.43	2157780	14182309.00
2013/04/17	6.46	6.52	6.36	6.45	1719368	11484379.00
2013/04/18	6.42	6.70	6.39	6.63	4510681	30739656.00
2013/04/19	6.58	6.76	6.58	6.76	5747826	39723524.00
2013/04/22	6.72	6.74	6.57	6.63	4250679	29058446.00
2013/04/23	6.60	6.63	6.28	6.32	4138433	27342180.00
2013/04/24	6.32	6.54	6.32	6.48	2825887	18812600.00
2013/04/25	6.43	6.49	6.24	6.26	3791255	24770584.00
2013/04/26	6.36	6.36	6.14	6.15	2238406	14337831.00
2013/05/02	6.16	6.28	6.11	6.22	1258196	8021548.00
2013/05/03	6.23	6.36	6.23	6.32	2174190	14187168.00
2013/05/06	6.81	6.97	6.72	6.97	8344136	59562528.00
2013/05/07	7.01	7.56	6.93	7.22	26168042	194386880.00
2013/05/08	7.21	7.37	7.06	7.33	15161533	112291760.00
2013/05/09	7.31	7.39	7.19	7.30	9995419	74621544.00
2013/05/10	7.35	7.51	7.11	7.17	10155349	75745472.00
2013/05/13	7.14	7.26	7.04	7.17	6030260	44125840.00
2013/05/14	7.04	7.16	6.94	7.02	5817447	41879800.00
2013/05/15	6.99	7.12	6.98	7.11	3798894	27560786.00
2013/05/16	7.10	7.16	6.91	7.08	5887983	42679360.00
2013/05/17	7.08	7.19	7.01	7.14	6187352	45199232.00
2013/05/20	7.21	7.27	7.14	7.18	6955086	51439392.00
2013/05/21	7.19	7.50	6.98	7.41	14172692	105804360.00
2013/05/22	7.37	7.38	7.20	7.23	6746955	50304332.00
2013/05/23	7.18	7.24	7.08	7.08	4531698	33259440.00
2013/05/24	7.05	7.30	7.04	7.24	3625939	26461788.00
2013/05/27	7.23	7.49	7.19	7.41	10774849	81423672.00
2013/05/28	7.36	7.80	7.26	7.67	15206014	118273944.00
2013/05/29	7.66	7.93	7.52	7.70	12853268	102375944.00
2013/05/30	7.69	7.86	7.56	7.69	7641355	60297188.00
2013/05/31	7.72	7.99	7.62	7.93	12870255	103517976.00
2013/06/03	7.91	8.21	7.82	7.94	10439032	85555592.00
2013/06/04	7.94	7.96	7.60	7.69	7895471	62715176.00
2013/06/05	7.59	7.76	7.51	7.62	4230240	33126660.00
2013/06/06	7.59	7.60	7.21	7.24	6774417	51354192.00
2013/06/17	7.79	7.98	7.31	7.88	18358220	144594208.00
2013/06/18	7.71	8.01	7.49	7.85	10933974	87079904.00
2013/06/19	7.77	7.78	7.55	7.62	5073142	39738844.00
2013/06/20	7.56	7.69	7.11	7.12	5612456	42712224.00
2013/06/21	6.82	7.06	6.74	6.91	4609597	32668654.00
2013/06/24	6.91	6.91	6.20	6.20	7656724	50697992.00
2013/06/25	6.11	6.26	5.56	6.17	8321608	50954824.00
2013/06/26	6.09	6.28	6.02	6.25	4627950	29449556.00
2013/06/27	6.29	6.71	6.28	6.31	7545594	50421036.00
2013/06/28	6.29	6.49	6.12	6.43	4699076	30879494.00
2013/07/01	6.41	6.57	6.32	6.52	3382771	22503480.00
2013/07/02	6.54	6.60	6.39	6.57	3908114	26145654.00
2013/07/03	6.54	6.54	6.25	6.39	4119822	27016220.00
2013/07/04	6.39	6.52	6.28	6.41	4224544	27962158.00
2013/07/05	6.44	6.56	6.30	6.31	3387705	22419104.00
2013/07/08	6.16	6.23	5.99	6.02	3564374	22379600.00
2013/07/09	6.02	6.11	5.97	6.07	1667985	10414077.00
2013/07/10	6.07	6.31	6.02	6.28	3241645	20675956.00
2013/07/11	6.29	6.55	6.25	6.44	4152671	27512456.00
2013/07/12	6.44	6.61	6.39	6.48	4534156	30426184.00
2013/07/15	6.52	6.76	6.52	6.67	5287773	36297328.00
2013/07/16	6.63	6.70	6.56	6.68	2994113	20446546.00
2013/07/17	6.67	6.67	6.41	6.43	2787874	18771968.00
2013/07/18	6.43	6.85	6.34	6.73	6825123	46752580.00
2013/07/19	6.71	6.71	6.42	6.48	4167817	28205454.00
2013/07/22	6.50	6.79	6.37	6.76	4355430	29851048.00
2013/07/23	6.75	6.97	6.73	6.88	6324386	44720552.00
2013/07/24	6.85	7.35	6.79	7.24	8406520	60833304.00
2013/07/25	7.45	7.59	7.06	7.06	10837118	81096952.00
2013/07/26	7.10	7.26	6.97	7.11	4996223	36446972.00
2013/07/29	7.01	7.09	6.77	6.85	5316680	37639672.00
2013/07/30	6.86	7.29	6.63	7.15	7407881	53257112.00
2013/07/31	7.16	7.34	7.08	7.10	4935521	36534872.00
2013/08/01	7.22	7.30	7.11	7.24	6019657	44418096.00
2013/08/02	7.24	7.24	7.11	7.18	4537058	33405496.00
2013/08/05	7.18	7.26	7.12	7.20	3748748	27674358.00
2013/08/06	7.21	7.21	7.11	7.19	4166745	30644122.00
2013/08/07	7.15	7.34	7.00	7.14	6687116	49125076.00
2013/08/08	7.17	7.24	7.11	7.14	3627711	26721112.00
2013/08/09	7.16	7.19	6.99	7.04	3967272	28767580.00
2013/08/12	7.17	7.27	7.12	7.18	5134750	37830728.00
2013/08/13	7.16	7.23	7.12	7.17	3597384	26533922.00
2013/08/14	7.17	7.34	7.15	7.28	6561397	48811840.00
2013/08/15	7.31	7.31	7.05	7.12	4384048	32264892.00
2013/08/16	7.04	7.31	6.88	6.89	4941713	35831316.00
2013/08/19	6.85	6.99	6.83	6.97	2075065	14794750.00
2013/08/20	6.95	7.03	6.88	6.94	2324046	16583341.00
2013/08/21	6.96	7.01	6.91	6.96	2637940	18880904.00
2013/08/22	6.93	7.02	6.88	6.90	2940900	21010264.00
2013/08/23	6.92	6.98	6.72	6.78	2896349	20353622.00
2013/08/26	6.75	6.93	6.74	6.89	2753541	19455652.00
2013/08/27	6.89	6.96	6.86	6.90	2360641	16754312.00
2013/08/28	6.89	6.89	6.75	6.76	4519747	31588642.00
2013/08/29	6.76	6.82	6.62	6.63	3322564	22850612.00
2013/08/30	6.62	6.75	6.59	6.63	3307179	22703352.00
2013/09/02	6.58	6.71	6.57	6.70	2176803	14872623.00
2013/09/03	6.71	6.84	6.67	6.80	3550852	24717058.00
2013/09/04	6.83	6.85	6.71	6.73	3179378	22038740.00
2013/09/05	6.75	6.75	6.61	6.66	2168128	14857765.00
2013/09/06	6.62	6.82	6.62	6.75	2731681	18878848.00
2013/09/09	6.78	6.88	6.73	6.85	4224003	29558492.00
2013/09/10	6.86	6.97	6.78	6.92	4772120	33804328.00
2013/09/11	6.95	6.96	6.79	6.87	4388476	30928992.00
2013/09/12	6.88	7.03	6.84	7.02	5904391	42177228.00
2013/09/13	7.04	7.05	6.89	6.96	3881311	27749904.00
2013/09/16	6.96	7.22	6.91	7.20	11666384	85067632.00
2013/09/17	7.18	7.31	6.98	6.99	10739547	79021440.00
2013/09/18	6.96	6.96	6.71	6.91	5674903	39812540.00
2013/09/23	6.92	6.97	6.80	6.95	6214194	43981140.00
2013/09/24	6.92	6.97	6.84	6.86	4317851	30588490.00
2013/09/25	6.86	6.88	6.71	6.71	4054951	28353810.00
2013/09/26	6.71	6.74	6.54	6.55	4132638	28261754.00
2013/09/27	6.54	6.64	6.53	6.62	2235342	15170597.00
2013/09/30	6.61	6.82	6.59	6.79	3002938	20762114.00
2013/10/08	6.81	6.98	6.73	6.93	4040865	28671742.00
2013/10/09	6.89	7.09	6.89	6.98	4649793	33504260.00
2013/10/10	6.95	7.12	6.94	7.00	4458421	32151436.00
2013/10/11	6.99	7.24	6.93	7.15	7171904	52324576.00
2013/10/14	7.13	7.22	7.04	7.21	6437865	47174812.00
2013/10/15	7.26	7.26	7.07	7.22	5223223	38452088.00
2013/10/16	7.21	7.21	6.89	7.00	5849820	42306792.00
2013/10/17	7.19	7.58	7.19	7.24	15984478	121028864.00
2013/10/18	7.17	7.23	7.03	7.11	5884546	42964152.00
2013/10/21	7.16	7.59	7.06	7.40	10748146	81544416.00
2013/10/22	7.40	7.85	7.37	7.58	16105023	126476160.00
2013/10/23	7.59	7.83	7.39	7.69	11122667	86932272.00
2013/10/24	7.58	7.61	7.38	7.48	5506883	42346588.00
2013/10/25	7.79	8.05	7.38	7.41	12588161	99158968.00
2013/10/28	7.27	7.78	7.11	7.69	10745933	82459544.00
2013/10/29	7.69	7.71	7.19	7.50	8366980	63861120.00
2013/10/30	7.43	7.65	7.25	7.60	7534776	57897616.00
2013/10/31	7.75	7.99	7.61	7.74	11938513	95087888.00
2013/11/01	7.70	7.72	7.41	7.46	6530485	50312068.00
2013/11/04	7.42	7.91	7.41	7.87	11088039	88018856.00
2013/11/05	7.82	8.01	7.66	7.96	10663690	86084184.00
2013/11/06	7.88	8.16	7.67	7.70	13382625	108290192.00
2013/11/07	7.61	7.76	7.51	7.66	6503762	50926812.00
2013/11/08	7.69	7.85	7.54	7.62	6445301	50881284.00
2013/11/11	7.60	7.83	7.58	7.76	5663080	44725436.00
2013/11/12	7.77	7.78	7.39	7.60	8604527	66711176.00
2013/11/13	7.50	7.55	7.16	7.24	6883406	51846136.00
2013/11/14	7.19	7.32	7.17	7.30	3816433	28451452.00
2013/11/15	7.31	7.59	7.30	7.48	6671194	51158804.00
2013/11/18	7.56	7.66	7.46	7.64	6816309	52824512.00
2013/11/19	7.61	7.75	7.57	7.63	5799591	45573752.00
2013/11/20	7.63	7.85	7.61	7.77	7160686	56915212.00
2013/11/21	7.76	7.87	7.63	7.85	6570713	52220456.00
2013/11/22	7.86	7.86	7.65	7.70	4202039	33298454.00
2013/11/25	7.68	7.84	7.60	7.72	5288147	41972412.00
2013/11/26	7.70	7.75	7.63	7.66	3644778	28688986.00
2013/11/27	7.64	7.85	7.63	7.84	6560434	52221112.00
2013/11/28	7.83	7.88	7.77	7.80	5923455	47478584.00
2013/11/29	7.80	8.13	7.80	8.01	12527537	102881408.00
2013/12/02	7.86	7.95	7.52	7.75	8872103	70635280.00
2013/12/03	7.68	8.38	7.68	8.24	11212081	92556192.00
2013/12/04	8.20	8.40	8.15	8.23	10608516	89884936.00
2013/12/05	8.24	8.39	8.16	8.28	9247006	78461960.00
2013/12/06	8.28	8.37	7.96	8.08	9582297	79520832.00
2013/12/09	8.07	8.17	7.96	8.13	5446374	44973672.00
2013/12/10	8.11	8.13	7.93	8.00	5347990	43856204.00
2013/12/11	7.94	8.03	7.86	7.95	3999271	32531364.00
2013/12/12	7.86	7.96	7.86	7.90	3047962	24708640.00
2013/12/13	7.88	8.03	7.83	8.01	4172767	34091976.00
2013/12/16	8.06	8.06	7.73	7.75	4232387	34002216.00
2013/12/17	7.75	7.79	7.61	7.64	2948824	23227322.00
2013/12/18	7.67	7.79	7.64	7.74	3337484	26461188.00
2013/12/19	7.81	7.90	7.63	7.64	2382481	19001782.00
2013/12/20	7.58	7.70	7.56	7.61	2857658	22315680.00
2013/12/23	7.61	7.81	7.52	7.73	2801221	22077848.00
2013/12/24	7.83	7.89	7.68	7.71	3588057	28603410.00
2013/12/25	7.69	7.79	7.67	7.78	2467104	19564272.00
2013/12/26	7.78	7.82	7.49	7.51	3311068	25904108.00
2013/12/27	7.48	7.65	7.47	7.63	2686587	20883964.00
2013/12/30	7.71	7.73	7.57	7.67	2321972	18168066.00
2013/12/31	7.71	7.85	7.70	7.84	4587993	36606552.00
2014/01/02	7.84	8.01	7.81	7.89	3602803	29141684.00
2014/01/03	7.82	7.90	7.73	7.87	3183126	25514890.00
2014/01/06	7.87	7.98	7.63	7.64	4531141	36123080.00
2014/01/07	7.66	7.68	7.44	7.51	3241112	25095850.00
2014/01/08	7.57	7.58	7.30	7.32	4947143	37582760.00
2014/01/09	7.31	7.39	7.22	7.24	2412470	18108072.00
2014/01/10	7.24	7.28	7.01	7.10	3210227	23501606.00
2014/01/13	7.11	7.16	7.02	7.07	1219660	8883132.00
2014/01/14	6.95	7.30	6.95	7.28	1933744	14277520.00
2014/01/15	7.24	7.31	7.18	7.26	1152845	8558816.00
2014/01/16	7.26	7.32	7.18	7.19	1187233	8827881.00
2014/01/17	7.15	7.20	6.98	7.01	1983384	14359348.00
2014/01/20	7.04	7.16	6.94	7.01	2134498	15382944.00
2014/01/21	7.05	7.15	7.01	7.08	1909119	13870742.00
2014/01/22	7.09	7.30	7.08	7.30	2670480	19786296.00
2014/01/23	7.26	7.37	7.25	7.29	2252829	16873444.00
2014/01/24	7.33	7.39	7.29	7.38	2200875	16607149.00
2014/01/27	7.33	7.37	7.26	7.28	2255801	16917928.00
2014/01/28	7.28	7.57	7.27	7.54	4197892	32029354.00
2014/01/29	7.36	7.36	7.13	7.19	6938915	51323224.00
2014/01/30	7.19	7.20	7.10	7.13	2336267	17118404.00
2014/02/07	7.07	7.28	7.07	7.27	2626004	19434256.00
2014/02/10	7.27	7.52	7.26	7.47	4893146	37173432.00
2014/02/11	7.47	7.79	7.42	7.63	8027127	63039504.00
2014/02/12	7.76	7.87	7.69	7.79	6962593	55415576.00
2014/02/13	7.71	7.94	7.67	7.68	6395438	50952064.00
2014/02/14	7.68	7.86	7.66	7.84	5124714	40944476.00
2014/02/17	7.93	7.94	7.80	7.85	6842171	54976564.00
2014/02/18	7.85	7.86	7.68	7.70	6267920	49676564.00
2014/02/19	7.73	8.20	7.73	8.02	15649701	128346032.00
2014/02/20	7.98	7.98	7.76	7.79	7256928	58510408.00
2014/02/21	7.84	7.86	7.63	7.72	3864839	30627536.00
2014/02/24	7.67	7.86	7.62	7.85	5390718	42641192.00
2014/02/25	7.82	7.95	7.49	7.53	6901573	54801436.00
2014/02/26	7.47	7.52	7.26	7.46	4836672	36731256.00
2014/02/27	7.53	7.74	7.41	7.56	4873248	37775996.00
2014/02/28	7.62	7.95	7.53	7.93	9392657	75032888.00
2014/03/03	7.93	8.18	7.85	8.15	13708125	112867512.00
2014/03/04	8.05	8.06	7.84	7.99	7054362	57528064.00
2014/03/05	7.99	8.13	7.86	7.86	7164879	58484944.00
2014/03/06	7.81	8.36	7.81	8.31	14601070	121307064.00
2014/03/07	8.26	8.30	7.99	8.08	8762395	72970408.00
2014/03/10	7.95	8.03	7.71	7.73	6891623	55656592.00
2014/03/11	7.68	7.78	7.51	7.63	5518601	43266900.00
2014/03/12	7.64	7.67	7.44	7.58	4328051	33530246.00
2014/03/13	7.59	7.71	7.57	7.61	4020857	31477250.00
2014/03/14	7.56	7.59	7.38	7.46	3699820	28351906.00
2014/03/17	7.55	7.70	7.46	7.69	3291593	25700946.00
2014/03/18	7.67	7.77	7.64	7.69	3288627	25972412.00
2014/03/19	7.66	7.70	7.56	7.70	2475982	19357828.00
2014/03/20	7.69	7.74	7.54	7.55	3333512	26161490.00
2014/03/21	7.47	7.75	7.44	7.71	3936281	30683064.00
2014/03/24	7.69	7.81	7.65	7.80	3962563	31462528.00
2014/03/25	7.81	7.95	7.77	7.86	5177496	41693112.00
2014/03/26	7.86	7.91	7.73	7.84	2675456	21363932.00
2014/03/27	7.80	7.84	7.60	7.72	3793732	30003624.00
2014/03/28	7.69	7.99	7.60	7.97	9627397	77093376.00
2014/03/31	7.99	8.01	7.79	7.87	6457029	52187196.00
2014/04/01	7.89	7.96	7.83	7.91	4242503	34282236.00
2014/04/02	7.92	7.95	7.71	7.73	4489861	36006056.00
2014/04/03	7.73	7.98	7.63	7.96	6892310	55290204.00
2014/04/04	7.89	7.93	7.81	7.90	5160871	41612444.00
2014/04/08	7.83	8.15	7.78	8.03	8021525	65617864.00
2014/04/09	8.03	8.06	7.96	8.04	4247440	34810636.00
2014/04/10	8.06	8.14	7.91	7.97	6719329	55272804.00
2014/04/11	7.91	8.06	7.81	8.00	5467867	44258536.00
2014/04/14	8.06	8.09	7.91	8.00	3719458	30204638.00
2014/04/15	7.95	8.38	7.86	8.19	18759369	155796368.00
2014/04/16	8.14	8.32	8.08	8.22	12728758	106074680.00
2014/04/17	8.24	8.34	8.13	8.16	9563936	79963216.00
2014/04/18	8.14	8.26	7.99	8.16	11108849	92075312.00
2014/04/21	8.16	8.22	7.98	8.03	11862338	97919712.00
2014/04/22	8.08	8.11	7.66	7.77	11722422	93812960.00
2014/04/23	7.75	7.79	7.57	7.60	5918994	46148112.00
2014/04/24	7.60	7.68	7.56	7.59	3043473	23625994.00
2014/04/25	7.61	7.67	7.45	7.48	2996379	23088612.00
2014/04/28	7.47	7.53	7.31	7.33	2905884	21813812.00
2014/04/29	7.36	7.46	7.26	7.44	2921250	22028828.00
2014/04/30	7.44	7.73	7.43	7.68	5756452	44798476.00
2014/05/05	7.65	7.65	7.52	7.64	3186541	24587152.00
2014/05/06	7.64	7.71	7.58	7.64	2562718	19985336.00
2014/05/07	7.61	7.61	7.38	7.39	2812193	21526732.00
2014/05/08	7.39	7.55	7.39	7.44	1774510	13523121.00
2014/05/09	7.44	7.60	7.37	7.49	2606577	19874628.00
2014/05/12	7.52	7.67	7.48	7.62	3478444	26932880.00
2014/05/13	7.60	7.64	7.56	7.61	2053469	15872834.00
2014/05/14	7.63	7.63	7.57	7.60	1715372	13267737.00
2014/05/15	7.56	7.60	7.42	7.42	2528240	19304794.00
2014/05/16	7.44	7.45	7.34	7.42	2440703	18369944.00
2014/05/19	7.41	7.45	7.29	7.31	2218508	16642844.00
2014/05/20	7.41	7.43	7.30	7.32	1292499	9685439.00
2014/05/21	7.30	7.36	7.26	7.34	2000321	14919214.00
2014/05/22	7.41	7.47	7.34	7.35	2759994	20851168.00
2014/05/23	7.36	7.44	7.35	7.43	1896041	14290381.00
2014/05/26	7.45	7.49	7.40	7.47	1935515	14677384.00
2014/05/27	7.45	7.49	7.40	7.42	1379173	10447507.00
2014/05/28	7.44	7.50	7.36	7.49	2803630	21243420.00
2014/05/29	7.49	7.49	7.30	7.31	2964329	22286644.00
2014/05/30	7.31	7.34	7.19	7.23	3099229	22930868.00
2014/06/03	7.23	7.30	7.20	7.24	1470504	10887078.00
2014/06/04	7.26	7.26	7.12	7.17	1668557	12200894.00
2014/06/05	7.19	7.24	7.12	7.24	1538966	11277062.00
2014/06/06	7.24	7.24	7.15	7.17	1609944	11797665.00
2014/06/09	7.17	7.22	7.11	7.13	1647758	12049373.00
2014/06/10	7.16	7.22	7.11	7.21	1491995	10914219.00
2014/06/11	7.21	7.53	7.21	7.40	6901441	52092948.00
2014/06/12	7.46	7.52	7.36	7.40	4523817	34230368.00
2014/06/13	7.40	7.44	7.33	7.39	3787580	28512340.00
2014/06/16	7.39	7.42	7.36	7.39	2715939	20454034.00
2014/06/17	7.36	7.42	7.30	7.36	2450106	18353522.00
2014/06/18	7.36	7.36	7.22	7.25	2138611	15879941.00
2014/06/19	7.26	7.27	7.02	7.04	2354471	17142530.00
2014/06/20	7.06	7.10	7.00	7.07	1962947	14097137.00
2014/06/23	7.13	7.13	7.06	7.07	1735986	12542849.00
2014/06/24	7.07	7.19	7.06	7.16	2197322	15984022.00
2014/06/25	7.16	7.19	7.08	7.12	1449826	10512906.00
2014/06/26	7.10	7.19	7.10	7.17	1641970	12004755.00
2014/06/27	7.18	7.26	7.15	7.23	2410422	17716616.00
2014/06/30	7.24	7.33	7.19	7.31	2568792	19038656.00
2014/07/01	7.32	7.40	7.26	7.36	3495765	26138176.00
2014/07/02	7.33	7.40	7.27	7.36	2755736	20624018.00
2014/07/03	7.36	7.42	7.26	7.42	3393191	25460576.00
2014/07/04	7.41	7.83	7.41	7.64	13800504	106431784.00
2014/07/07	7.61	7.73	7.56	7.70	12411286	96370912.00
2014/07/08	7.54	7.64	7.53	7.56	10254909	78913352.00
2014/07/09	7.57	7.58	7.36	7.38	5280083	40077192.00
2014/07/10	7.37	7.48	7.37	7.38	2132706	16130010.00
2014/07/11	7.40	7.51	7.38	7.46	2176661	16551811.00
2014/07/14	7.51	7.61	7.47	7.56	2952646	22713826.00
2014/07/15	7.56	7.59	7.50	7.55	2471838	18970952.00
2014/07/16	7.55	7.59	7.46	7.50	2778425	21273388.00
2014/07/17	7.50	7.57	7.40	7.47	2766383	21105072.00
2014/07/18	7.43	7.52	7.42	7.46	1668266	12709238.00
2014/07/21	7.49	7.50	7.38	7.43	1338991	10145446.00
2014/07/22	7.41	7.56	7.36	7.54	2676254	20486276.00
2014/07/23	7.54	7.58	7.43	7.46	2290136	17499508.00
2014/07/24	7.44	7.56	7.42	7.56	3396535	25977574.00
2014/07/25	7.58	7.73	7.52	7.69	5008918	39009028.00
2014/07/28	7.71	7.77	7.66	7.75	5936865	46692160.00
2014/07/29	7.76	7.80	7.67	7.70	5548544	43566748.00
2014/07/30	7.67	7.72	7.63	7.69	3476555	27155124.00
2014/07/31	7.69	7.75	7.67	7.74	3255474	25570978.00
2014/08/01	7.74	7.75	7.61	7.65	4023326	31528556.00
2014/08/04	7.62	7.74	7.61	7.74	4077783	31945476.00
2014/08/05	7.74	7.81	7.71	7.78	4515370	35622472.00
2014/08/06	7.78	7.87	7.71	7.83	4707777	37386200.00
2014/08/07	7.82	7.85	7.66	7.66	3818346	30092536.00
2014/08/08	7.67	7.75	7.67	7.72	2759867	21659304.00
2014/08/11	7.72	7.82	7.72	7.80	3467373	27504332.00
2014/08/12	7.80	7.82	7.72	7.81	3120806	24676652.00
2014/08/13	7.82	7.91	7.71	7.90	5655129	44997164.00
2014/08/14	7.87	7.97	7.75	7.78	6464628	51898800.00
2014/08/15	7.79	8.02	7.78	7.99	8693163	70356744.00
2014/08/18	8.02	8.02	7.93	7.99	4893750	39667832.00
2014/08/19	8.03	8.19	7.97	8.17	10678946	88041408.00
2014/08/20	8.13	8.24	8.07	8.16	5609990	46524948.00
2014/08/21	8.13	8.18	7.97	8.06	3900773	31967036.00
2014/08/22	8.06	8.15	8.02	8.12	3326005	27403362.00
2014/08/25	8.11	8.12	7.93	7.94	4250874	34581344.00
2014/08/26	7.94	8.02	7.79	7.87	3662754	29555624.00
2014/08/27	7.87	7.96	7.82	7.87	3130155	25126824.00
2014/08/28	7.89	7.97	7.74	7.78	3018796	24084400.00
2014/08/29	7.77	7.93	7.77	7.90	1979225	15802761.00
2014/09/01	7.97	8.22	7.96	8.08	7465055	61629708.00
2014/09/02	8.09	8.31	8.09	8.24	7897172	66111200.00
2014/09/03	8.37	8.51	8.28	8.42	12424805	105952368.00
2014/09/04	8.37	8.74	8.26	8.67	12478322	108632216.00
2014/09/05	8.58	9.47	8.58	8.98	18299547	168108112.00
2014/09/09	9.04	9.51	9.00	9.21	17900749	168145680.00
2014/09/10	9.26	9.41	9.01	9.37	13835626	129892176.00
2014/09/11	9.31	9.35	9.10	9.18	7469469	69971528.00
2014/09/12	9.14	9.81	9.12	9.77	15406016	149702704.00
2014/09/15	9.72	9.94	9.51	9.66	12604818	123292496.00
2014/09/16	9.62	9.78	9.31	9.31	13624729	131809560.00
2014/09/17	9.31	9.58	9.29	9.54	8801886	84546280.00
2014/09/18	9.54	9.96	9.47	9.75	10556658	104852240.00
2014/09/19	9.77	10.04	9.66	9.98	8331561	83451768.00
2014/09/22	9.97	10.54	9.86	10.07	11157778	115104776.00
2014/09/23	9.98	10.49	9.91	10.45	10698946	112419616.00
2014/09/24	10.40	10.89	10.36	10.66	8942484	96348352.00
2014/09/25	10.68	10.74	10.36	10.52	6988495	74438944.00
2014/09/26	10.49	10.49	10.19	10.31	8132088	84789784.00
2014/09/29	10.30	10.43	10.26	10.35	5114971	53562944.00
2014/09/30	10.36	10.37	10.20	10.31	4884945	50923908.00
2014/10/08	10.31	10.36	9.98	10.25	9870717	101459296.00
2014/10/09	10.25	10.56	10.24	10.44	8325401	87995344.00
2014/10/10	10.40	10.63	10.30	10.58	8024775	85552976.00
2014/10/13	10.74	10.74	10.16	10.37	6173613	64816968.00
2014/10/14	10.28	10.36	10.02	10.10	5217394	53926216.00
2014/10/15	10.11	10.22	9.88	10.06	6981317	71010408.00
2014/10/16	10.02	11.08	9.94	10.87	15869287	173007456.00
2014/10/17	11.37	11.97	11.10	11.97	29760172	352351392.00
2014/10/20	11.78	11.78	11.12	11.25	33706891	388517920.00
2014/10/21	10.88	10.88	10.45	10.48	26520439	286723712.00
2014/10/22	10.35	10.51	10.19	10.47	15041237	158082544.00
2014/10/23	10.38	10.38	9.98	10.10	8536487	88033856.00
2014/10/24	9.90	10.36	9.86	9.95	13724772	140698912.00
2014/10/27	9.84	9.92	9.48	9.55	14095907	137934368.00
2014/10/28	9.61	9.82	9.49	9.81	12077662	118454232.00
2014/10/29	9.81	10.01	9.64	9.98	14777414	147296960.00
2014/10/30	9.95	10.02	9.82	10.01	11123394	111756888.00
2014/10/31	10.22	10.23	9.81	9.88	18423991	185712768.00
2014/11/03	9.94	10.12	9.94	10.06	16255642	165479072.00
2014/11/04	10.04	10.07	9.89	10.02	11133405	112743096.00
2014/11/05	10.02	10.08	9.93	9.99	9322874	94600960.00
2014/11/06	10.05	10.06	9.91	10.04	8256144	83549616.00
2014/11/07	10.04	10.07	9.87	9.93	13418872	135945040.00
2014/11/10	9.96	9.99	9.90	9.92	13128518	132231792.00
2014/11/11	9.96	9.97	9.40	9.51	14908822	146347072.00
2014/11/12	9.46	9.70	9.38	9.65	9957021	96659480.00
2014/11/13	9.65	9.65	9.41	9.50	6332189	60976864.00
2014/11/14	9.41	9.62	9.38	9.57	6869201	66228108.00
2014/11/17	9.56	9.74	9.52	9.64	5460138	53448484.00
2014/11/18	9.64	10.08	9.62	9.95	14829250	149168048.00
2014/11/19	9.96	10.25	9.92	10.25	17489404	179952352.00
2014/11/20	10.21	10.29	10.01	10.22	12044824	124129008.00
2014/11/21	10.16	10.33	10.08	10.32	11016073	113729200.00
2014/11/24	10.38	10.66	10.21	10.49	18846967	200211344.00
2014/11/25	10.50	11.23	10.43	11.12	21615648	240354720.00
2014/11/26	11.06	11.36	10.99	11.16	13460610	152210368.00
2014/11/27	11.34	11.39	11.07	11.21	9796460	110992544.00
2014/11/28	11.19	11.19	10.76	10.84	12518271	138464592.00
2014/12/01	10.81	10.97	10.63	10.89	10362751	113312624.00
2014/12/02	10.94	11.74	10.92	11.70	19230935	224755536.00
2014/12/03	11.77	11.96	11.23	11.49	22847559	266668688.00
2014/12/04	11.46	11.67	11.40	11.59	12676850	148257920.00
2014/12/05	11.54	11.56	10.66	10.92	15827238	178174512.00
2014/12/08	10.76	11.33	10.67	11.21	12827244	144928160.00
2014/12/09	11.22	11.40	10.65	10.69	15207817	170381600.00
2014/12/10	10.69	11.77	10.69	11.77	15130596	174847552.00
2014/12/11	12.16	12.96	12.06	12.96	45884059	591349376.00
2014/12/12	12.91	12.92	12.18	12.68	31035089	394704640.00
2014/12/15	12.66	12.71	12.43	12.55	14163842	179413696.00
2014/12/16	12.33	13.60	12.33	13.25	21456058	286367552.00
2014/12/17	13.06	13.64	12.94	13.00	19265794	257128240.00
2014/12/18	12.91	14.18	12.87	13.49	19645984	268347584.00
2014/12/19	13.27	14.15	13.15	14.10	21259606	290713088.00
2014/12/22	13.78	14.21	12.76	13.56	24278828	332989888.00
2014/12/23	13.36	13.50	12.36	12.68	19360687	252806560.00
2014/12/24	12.96	13.52	12.74	13.00	23258859	308472992.00
2014/12/25	13.01	13.16	12.56	13.14	11729147	153143392.00
2014/12/26	13.31	13.81	13.22	13.74	19478189	266954336.00
2014/12/29	13.76	14.73	13.74	14.36	20099555	289321088.00
2014/12/30	13.97	14.31	13.17	13.39	21151991	289646400.00
2014/12/31	13.48	13.70	13.11	13.38	9496777	128452920.00
2015/01/05	13.39	13.68	12.87	13.46	14632805	196419392.00
2015/01/06	13.33	14.25	13.11	14.09	21857150	301700256.00
2015/01/07	13.81	13.93	13.41	13.54	12259018	168865440.00
2015/01/08	13.44	13.66	13.23	13.26	9615024	130097456.00
2015/01/09	13.06	13.40	12.91	12.98	9589129	127747968.00
2015/01/12	12.84	12.86	12.36	12.52	10352193	131193600.00
2015/01/13	12.45	12.55	12.28	12.40	8049358	100885312.00
2015/01/14	12.40	12.57	12.19	12.49	5944694	74719576.00
2015/01/15	12.49	12.94	12.46	12.82	8161113	105258288.00
2015/01/16	12.77	12.92	12.55	12.87	9230978	118898880.00
2015/01/19	12.55	12.55	12.11	12.26	11829454	147308816.00
2015/01/20	12.26	12.66	12.24	12.53	8599611	108223216.00
2015/01/21	12.66	12.94	12.57	12.80	9728154	125876232.00
2015/01/22	12.80	12.96	12.66	12.90	8698760	112810784.00
2015/01/23	13.01	13.33	12.90	13.00	11069076	146716944.00
2015/01/26	13.06	13.21	12.85	13.19	10037551	132144416.00
2015/01/27	13.31	13.41	12.85	13.03	14700876	195221792.00
2015/01/28	13.03	13.21	12.86	12.95	9317901	122814544.00
2015/01/29	12.86	12.86	12.51	12.56	8147681	103969128.00
2015/01/30	12.57	12.96	12.52	12.65	8121773	104176072.00
2015/02/02	12.44	12.44	12.13	12.31	8523634	105712080.00
2015/02/03	12.36	12.41	12.19	12.41	6153677	76688640.00
2015/02/04	12.41	12.46	12.25	12.27	4758209	59448168.00
2015/02/05	12.53	12.57	12.19	12.21	5968397	74610240.00
2015/02/06	12.16	12.30	11.79	11.93	6072865	73574312.00
2015/02/09	11.90	12.11	11.65	11.98	5884899	70600192.00
2015/02/10	11.93	12.12	11.86	12.07	3429127	41744328.00
2015/02/11	11.79	11.85	11.43	11.69	14425383	169604128.00
2015/02/12	11.65	11.76	11.52	11.69	8349358	98249368.00
2015/02/13	11.75	12.24	11.75	12.20	16107772	197211312.00
2015/02/16	12.50	13.36	12.50	13.25	23654881	309635680.00
2015/02/17	13.25	14.28	12.92	14.00	28841702	395837280.00
2015/02/25	13.78	15.41	13.71	14.62	29464856	440901728.00
2015/02/26	14.77	14.86	14.16	14.65	12829121	187558368.00
2015/02/27	14.46	14.60	14.29	14.54	10152857	148493392.00
2015/03/02	15.16	15.51	14.66	15.24	23537550	358731456.00
2015/03/03	15.06	15.83	14.61	15.57	26009174	401802944.00
2015/03/04	15.36	15.45	14.97	15.15	12891277	196670048.00
2015/03/05	15.09	15.38	14.54	14.79	14313595	214472000.00
2015/03/06	14.86	14.87	14.34	14.35	8175544	120121376.00
2015/03/09	14.36	14.55	14.27	14.45	6678666	97224656.00
2015/03/10	14.45	14.45	13.91	14.21	20769844	295662112.00
2015/03/11	14.18	14.21	13.88	14.02	9822510	139316784.00
2015/03/12	14.04	14.31	14.04	14.14	10059841	144168032.00
2015/03/13	14.20	14.44	13.95	14.17	10115443	144840096.00
2015/03/16	14.22	14.41	14.16	14.40	21330969	308195136.00
2015/03/17	14.46	14.76	14.36	14.74	26013724	380308800.00
2015/03/18	14.82	15.16	14.74	14.99	24894545	375034656.00
2015/03/19	15.00	15.00	14.50	14.66	23058637	341171040.00
2015/03/20	14.56	14.85	14.36	14.64	20638602	303393632.00
2015/03/23	14.65	14.99	14.43	14.87	24991677	371719520.00
2015/03/24	15.05	15.06	14.27	14.83	25954087	386626912.00
2015/03/25	14.83	15.85	14.56	15.38	33013474	509878368.00
2015/03/26	15.18	15.48	14.90	15.01	16043145	245337808.00
2015/03/27	14.96	15.14	14.87	15.00	11277365	170421360.00
2015/03/30	15.06	15.21	14.92	15.17	17476042	265443424.00
2015/03/31	15.17	15.22	14.68	14.79	16710267	252021504.00
2015/04/01	14.79	14.96	14.74	14.83	18505759	277026624.00
2015/04/02	14.90	15.51	14.84	15.49	32066002	493542944.00
2015/04/03	15.36	15.76	15.25	15.75	27649275	433835232.00
2015/04/07	16.51	17.22	16.26	16.80	37811264	635886272.00
2015/04/08	16.84	16.95	15.98	16.28	27370032	452198272.00
2015/04/09	16.28	17.16	16.27	17.14	39069051	660472704.00
2015/04/10	16.97	17.12	16.66	17.07	19134815	326540160.00
2015/04/13	17.14	17.64	16.86	16.96	23911254	412829856.00
2015/04/14	17.06	17.11	16.50	16.76	18440167	311191520.00
2015/04/15	16.74	17.73	16.51	16.92	26907185	467382592.00
2015/04/16	16.62	18.35	16.01	17.75	33999361	597918080.00
2015/04/17	18.52	18.85	17.26	17.42	47764724	863392896.00
2015/04/20	17.06	17.06	16.46	16.48	26520069	448004672.00
2015/04/21	16.32	16.95	16.28	16.84	16003044	269344256.00
2015/04/22	17.09	17.35	16.96	17.14	22386777	385995072.00
2015/04/23	17.16	17.21	16.73	16.90	19334898	329354880.00
2015/04/24	16.71	17.02	16.47	16.84	15910862	269055584.00
2015/04/27	17.00	17.01	16.66	16.77	15439764	261795584.00
2015/04/28	16.73	17.49	16.67	17.46	30848662	529440704.00
2015/04/29	17.31	17.31	16.76	17.12	18091592	311103872.00
2015/04/30	17.15	17.20	16.50	16.55	20916909	349865120.00
2015/05/05	16.36	16.36	16.36	16.36	0	0.00
数据来源:通达信
