600825 新华传媒 日线 前复权
      日期	    开盘	    最高	    最低	    收盘	    成交量	    成交额
2011/10/10	6.19	6.44	6.19	6.42	10099741	64440720.00
2011/10/11	6.44	6.59	6.10	6.19	14510243	93462920.00
2011/10/12	6.09	6.51	5.94	6.50	10733548	68543808.00
2011/10/13	6.53	6.91	6.49	6.77	20168339	137683840.00
2011/10/14	6.75	6.99	6.67	6.80	14327696	99158128.00
2011/10/17	6.83	6.88	6.62	6.82	17673396	120876424.00
2011/10/18	6.71	6.74	6.57	6.69	6845114	46114524.00
2011/10/19	6.76	7.05	6.60	6.62	21378214	148708928.00
2011/10/20	6.55	6.57	6.29	6.38	9616133	62499680.00
2011/10/21	6.31	6.40	6.18	6.21	4825804	30677640.00
2011/10/24	6.26	6.66	6.09	6.64	12290923	80223960.00
2011/10/25	6.61	7.31	6.54	7.31	78108369	569226432.00
2011/10/26	7.22	7.81	7.13	7.53	69449555	522692608.00
2011/10/27	7.41	7.47	7.23	7.35	28778301	213671456.00
2011/10/28	7.37	7.86	7.34	7.54	50813266	389314464.00
2011/10/31	7.49	8.09	7.41	7.87	48593696	383778464.00
2011/11/01	7.72	7.88	7.59	7.73	32602152	255201056.00
2011/11/02	7.50	8.49	7.50	8.47	63960571	515594368.00
2011/11/03	8.39	8.54	8.11	8.15	60091802	501057440.00
2011/11/04	8.15	8.34	7.87	7.99	34991940	286170624.00
2011/11/07	8.01	8.13	7.85	8.07	19684396	159612736.00
2011/11/08	8.08	8.11	7.71	7.74	30143876	240699424.00
2011/11/09	7.76	8.14	7.56	8.10	40758520	325620608.00
2011/11/10	7.95	8.02	7.59	7.63	29292953	232182112.00
2011/11/11	7.66	8.40	7.63	8.20	81221556	675469632.00
2011/11/14	8.20	8.49	8.11	8.37	68384080	576161600.00
2011/11/16	8.43	8.45	7.92	8.07	36467166	300558976.00
2011/11/17	8.11	8.17	7.91	7.95	22277709	180288768.00
2011/11/18	7.90	8.08	7.72	7.78	24578122	196353856.00
2011/11/21	7.86	8.01	7.73	7.95	23653439	188747792.00
2011/11/22	7.80	8.09	7.70	7.88	23782971	189614768.00
2011/11/23	7.82	7.95	7.58	7.84	18679497	146864144.00
2011/11/24	7.76	7.80	7.51	7.59	31812807	246399280.00
2011/11/25	7.54	7.69	7.41	7.52	23830008	182229264.00
2011/11/28	7.52	7.77	7.44	7.55	17273159	132766008.00
2011/11/29	7.65	7.68	7.43	7.60	13397660	102300936.00
2011/11/30	7.59	7.65	6.89	7.02	21404429	155614544.00
2011/12/01	7.29	7.61	7.05	7.07	20806221	153240080.00
2011/12/02	7.05	7.30	6.90	7.10	15146103	108933008.00
2011/12/05	7.11	7.19	6.75	6.80	12419667	88060568.00
2011/12/06	6.79	7.02	6.59	6.93	17076422	118318896.00
2011/12/07	6.91	6.99	6.76	6.85	11587205	80694888.00
2011/12/08	6.85	7.26	6.73	7.04	22462647	160372896.00
2011/12/09	6.94	7.06	6.81	6.86	10804624	75692584.00
2011/12/12	6.86	6.93	6.67	6.68	7209470	49751088.00
2011/12/13	6.63	6.84	6.28	6.62	15053130	100045592.00
2011/12/14	6.54	6.65	6.27	6.35	10208434	67077140.00
2011/12/15	6.27	6.59	6.22	6.31	11802733	76517704.00
2011/12/16	6.25	6.55	6.25	6.53	9095342	59187656.00
2011/12/19	6.46	6.82	6.36	6.74	16583697	110792880.00
2011/12/20	6.65	6.78	6.53	6.55	11779058	79508944.00
2011/12/21	6.60	6.71	6.40	6.41	7619366	50805224.00
2011/12/22	6.34	6.39	5.91	6.18	11814581	74106576.00
2011/12/23	6.16	6.37	6.10	6.23	8395240	53084312.00
2011/12/26	6.20	6.31	6.02	6.03	6741598	42134120.00
2011/12/27	6.01	6.01	5.69	5.73	10365663	61565848.00
2011/12/28	5.66	5.66	5.40	5.62	11395987	64323692.00
2011/12/29	5.56	5.62	5.50	5.52	6916220	38986464.00
2011/12/30	5.56	5.81	5.56	5.65	9525877	54941732.00
2012/01/04	5.72	5.85	5.57	5.58	8553810	49586624.00
2012/01/05	5.49	5.60	5.34	5.42	7383173	40903400.00
2012/01/06	5.42	5.50	5.31	5.48	6148065	33797104.00
2012/01/09	5.49	5.69	5.38	5.68	8391118	47557796.00
2012/01/10	5.65	5.95	5.64	5.94	14320955	84719544.00
2012/01/11	5.89	6.31	5.79	6.03	17783531	109233368.00
2012/01/12	5.93	6.06	5.88	5.93	9819235	59399028.00
2012/01/13	5.96	5.99	5.58	5.60	9956025	57835572.00
2012/01/16	5.46	5.60	5.43	5.44	3748373	21001984.00
2012/01/17	5.44	5.78	5.41	5.78	7804430	44555920.00
2012/01/18	5.78	5.86	5.59	5.62	9046634	52767588.00
2012/01/19	5.60	5.68	5.42	5.53	11162000	62801040.00
2012/01/20	5.56	5.67	5.53	5.61	9357401	53344656.00
2012/01/30	5.60	5.71	5.56	5.61	6042231	34564932.00
2012/01/31	5.59	5.86	5.50	5.82	11649547	67401104.00
2012/02/01	5.75	5.81	5.62	5.65	8004372	46573016.00
2012/02/02	5.66	5.95	5.64	5.86	12379209	72960712.00
2012/02/03	5.83	5.94	5.80	5.85	12048449	71783920.00
2012/02/06	5.85	5.90	5.76	5.84	8532747	50637852.00
2012/02/07	5.81	5.93	5.76	5.81	11804958	70069760.00
2012/02/08	5.79	5.94	5.72	5.92	11731599	69730144.00
2012/02/09	5.93	6.06	5.87	5.90	14757774	89276976.00
2012/02/10	5.89	5.97	5.84	5.94	9573233	57442216.00
2012/02/13	5.91	6.06	5.83	5.96	13557925	81932576.00
2012/02/14	5.96	5.98	5.87	5.92	7939692	47642888.00
2012/02/15	5.93	6.15	5.86	6.09	22893137	139719104.00
2012/02/16	6.10	6.23	5.99	6.08	19893692	123567504.00
2012/02/17	6.07	6.13	5.96	6.06	9897462	60512460.00
2012/02/20	6.15	6.18	6.04	6.06	14389664	89361784.00
2012/02/21	6.06	6.26	6.00	6.22	21414483	133598648.00
2012/02/22	6.16	6.35	6.12	6.30	25731978	162514768.00
2012/02/23	6.26	6.30	6.13	6.20	17522956	110468576.00
2012/02/24	6.20	6.40	6.17	6.29	22686919	144853008.00
2012/02/27	6.32	6.43	6.28	6.29	18681390	120232824.00
2012/02/28	6.25	6.32	6.18	6.29	15779310	100138392.00
2012/03/01	6.17	6.25	6.14	6.18	9812451	61669396.00
2012/03/02	6.17	6.30	6.17	6.29	11285620	71505424.00
2012/03/05	6.33	6.41	6.28	6.31	16969964	108963920.00
2012/03/06	6.27	6.37	6.22	6.24	12470284	79588560.00
2012/03/07	6.18	6.21	6.07	6.13	12109437	75563096.00
2012/03/08	6.14	6.75	6.13	6.75	29170397	193258032.00
2012/03/09	6.88	7.38	6.74	7.33	62130809	443735488.00
2012/03/12	7.16	7.47	7.06	7.25	59449523	433839680.00
2012/03/13	7.25	7.25	7.02	7.12	28262270	202951408.00
2012/03/14	7.09	7.13	6.51	6.61	32936413	229428192.00
2012/03/15	6.68	6.76	6.45	6.71	28434358	191366992.00
2012/03/16	6.75	7.16	6.53	7.10	38797709	270753920.00
2012/03/19	6.97	7.14	6.86	7.04	25511461	181668784.00
2012/03/20	7.03	7.03	6.67	6.70	18270778	126458728.00
2012/03/21	6.71	7.31	6.70	7.14	38720811	277587712.00
2012/03/22	7.06	7.19	6.91	7.15	19046369	135842080.00
2012/03/23	7.12	7.51	7.01	7.38	44212776	327475520.00
2012/03/26	7.26	7.37	6.97	7.10	32589888	237135280.00
2012/03/27	7.11	7.16	6.99	7.02	13463883	96147712.00
2012/03/28	6.95	7.20	6.65	6.69	18552714	129195248.00
2012/03/29	6.50	7.11	6.41	6.92	35792795	245365760.00
2012/03/30	6.81	6.88	6.49	6.62	28940239	197292592.00
2012/04/05	6.58	6.84	6.54	6.78	16067398	109547720.00
2012/04/06	6.73	6.87	6.65	6.79	18123165	124056768.00
2012/04/09	6.75	6.75	6.41	6.43	15386487	102270072.00
2012/04/10	6.40	6.58	6.30	6.54	12683471	82773600.00
2012/04/11	6.43	6.56	6.39	6.49	9377209	61583544.00
2012/04/12	6.52	6.68	6.44	6.62	15592188	104029744.00
2012/04/13	6.64	6.76	6.60	6.68	15124752	102294320.00
2012/04/16	6.62	6.70	6.56	6.63	9863236	66290756.00
2012/04/17	6.63	6.77	6.47	6.63	16679799	112022152.00
2012/04/18	6.59	7.10	6.58	6.86	27900661	194722144.00
2012/04/19	6.83	6.89	6.76	6.85	14466904	99949336.00
2012/04/20	6.89	7.16	6.83	7.12	26771415	189252544.00
2012/04/23	7.10	7.11	6.79	6.86	21331184	150508848.00
2012/04/24	6.76	6.91	6.51	6.84	16326308	111424416.00
2012/04/25	6.78	7.09	6.66	6.98	21140134	147982480.00
2012/04/26	7.00	7.12	6.82	6.86	15511863	109240480.00
2012/04/27	6.86	6.96	6.68	6.69	13127426	90630704.00
2012/05/02	6.76	6.88	6.68	6.82	12226703	84156768.00
2012/05/03	6.77	6.87	6.63	6.67	14616825	99302288.00
2012/05/04	6.63	6.76	6.63	6.75	8183449	55616304.00
2012/05/07	6.69	6.79	6.61	6.78	9461569	64128652.00
2012/05/08	6.77	6.93	6.77	6.82	18200740	126444000.00
2012/05/09	6.75	6.76	6.52	6.53	12513020	84026640.00
2012/05/10	6.56	6.61	6.49	6.51	8550879	56701456.00
2012/05/11	6.57	6.61	6.49	6.49	6439924	42756784.00
2012/05/14	6.55	6.59	6.43	6.44	6272184	41456392.00
2012/05/15	6.39	6.39	6.17	6.31	10435858	66392244.00
2012/05/16	6.30	6.32	6.17	6.17	5409500	34247764.00
2012/05/17	6.17	6.80	6.17	6.80	33886918	229624352.00
2012/05/21	6.66	7.04	6.36	6.99	45043214	309510880.00
2012/05/22	6.84	6.93	6.73	6.80	31811750	220028464.00
2012/05/23	6.77	6.85	6.59	6.69	13635915	92374896.00
2012/05/24	6.64	6.81	6.54	6.70	13649532	92252088.00
2012/05/25	6.67	6.72	6.51	6.53	9097676	60899992.00
2012/05/28	6.51	6.67	6.32	6.57	9411741	61689768.00
2012/05/29	6.53	6.78	6.50	6.67	12294229	83396016.00
2012/05/30	6.69	6.75	6.58	6.64	8417509	56871024.00
2012/05/31	6.61	6.80	6.56	6.69	12514046	84869504.00
2012/06/01	6.62	6.72	6.56	6.59	8017357	53871264.00
2012/06/04	6.43	6.52	6.27	6.29	9627193	62348868.00
2012/06/05	6.31	6.38	6.24	6.31	5716049	36546792.00
2012/06/06	6.35	6.37	6.19	6.28	4797894	30551564.00
2012/06/07	6.34	6.38	6.21	6.24	4177443	26666476.00
2012/06/08	6.33	6.35	6.23	6.25	3549700	22601856.00
2012/06/11	6.24	6.38	6.24	6.34	4075029	26119048.00
2012/06/12	6.31	6.31	6.22	6.24	3558942	22570404.00
2012/06/13	6.24	6.33	6.23	6.30	6110994	38927312.00
2012/06/14	6.30	6.37	6.27	6.30	5594016	35822824.00
2012/06/15	6.35	6.38	6.22	6.30	5025587	32057708.00
2012/06/18	6.34	6.44	6.28	6.39	8506349	54923744.00
2012/06/19	6.42	6.48	6.38	6.41	8757343	57141632.00
2012/06/20	6.41	6.47	6.34	6.34	4701912	30486276.00
2012/06/21	6.36	6.36	6.18	6.24	4691639	29705332.00
2012/06/25	6.19	6.23	6.05	6.06	4689024	29064412.00
2012/06/26	6.00	6.06	5.94	5.99	4184228	25473240.00
2012/06/27	5.98	6.04	5.96	5.97	3492468	21281136.00
2012/06/28	6.00	6.01	5.75	5.77	4426116	26365594.00
2012/06/29	5.78	5.87	5.73	5.85	3646503	21487468.00
2012/07/02	5.89	5.96	5.84	5.86	3287154	19663256.00
2012/07/03	5.86	5.96	5.84	5.90	3499928	20994272.00
2012/07/04	5.89	5.93	5.78	5.81	3729331	22073052.00
2012/07/05	5.76	5.76	5.51	5.55	5674351	32286916.00
2012/07/06	5.62	5.68	5.48	5.67	4751927	26988160.00
2012/07/09	5.61	5.64	5.37	5.40	5464338	30555892.00
2012/07/10	5.41	5.79	5.36	5.62	7788809	44051812.00
2012/07/11	5.58	5.67	5.51	5.58	4278881	24296416.00
2012/07/12	5.55	5.64	5.51	5.63	3759948	21230938.00
2012/07/13	5.63	5.68	5.57	5.63	3248736	18455472.00
2012/07/16	5.63	5.64	5.35	5.36	4332047	23837646.00
2012/07/17	5.36	5.44	5.34	5.43	2041191	11112882.00
2012/07/18	5.44	5.49	5.32	5.47	2944052	16073352.00
2012/07/19	5.46	5.71	5.43	5.61	7010561	39669312.00
2012/07/20	5.60	5.63	5.51	5.52	3953531	22202244.00
2012/07/23	5.52	5.73	5.39	5.57	5115318	28660272.00
2012/07/24	5.50	5.66	5.48	5.61	4205238	23746008.00
2012/07/25	5.62	5.72	5.54	5.57	5936015	33691168.00
2012/07/26	5.55	5.63	5.47	5.48	3835909	21491390.00
2012/07/27	5.52	5.57	5.41	5.45	2741091	15201311.00
2012/07/30	5.43	5.51	5.30	5.32	3020475	16417367.00
2012/07/31	5.32	5.37	5.10	5.20	3052729	16021809.00
2012/08/01	5.21	5.35	5.20	5.28	2542921	13566265.00
2012/08/02	5.26	5.31	5.21	5.24	2155073	11430161.00
2012/08/03	5.26	5.40	5.22	5.38	4177355	22471104.00
2012/08/06	5.37	5.48	5.31	5.46	4230263	23113134.00
2012/08/07	5.53	5.72	5.50	5.56	7944794	44982464.00
2012/08/08	5.51	5.64	5.51	5.60	5347015	30094136.00
2012/08/09	5.60	5.64	5.52	5.61	3993693	22464310.00
2012/08/10	5.58	5.61	5.53	5.55	4553241	25548868.00
2012/08/13	5.55	5.55	5.33	5.33	5231507	28694580.00
2012/08/14	5.30	5.44	5.25	5.43	5776503	31267700.00
2012/08/15	5.43	5.55	5.38	5.45	7296940	40527812.00
2012/08/16	5.48	5.48	5.36	5.37	2179769	11871552.00
2012/08/17	5.37	5.49	5.34	5.44	2421408	13239404.00
2012/08/20	5.43	5.48	5.33	5.44	2346309	12781562.00
2012/08/21	5.41	5.55	5.41	5.52	3437066	19075510.00
2012/08/22	5.53	5.68	5.48	5.55	9603998	53924976.00
2012/08/23	5.50	5.57	5.47	5.54	5340110	29744856.00
2012/08/24	5.54	5.54	5.35	5.36	4424921	24236552.00
2012/08/27	5.33	5.34	5.17	5.18	3424120	18062702.00
2012/08/28	5.18	5.27	5.14	5.20	3182784	16698594.00
2012/08/29	5.20	5.22	5.11	5.11	2737821	14255978.00
2012/08/30	5.12	5.16	4.99	5.09	4146933	21271032.00
2012/08/31	5.05	5.12	5.04	5.08	1919110	9828397.00
2012/09/03	5.08	5.21	5.05	5.16	2798113	14522557.00
2012/09/04	5.17	5.19	5.07	5.09	2931444	15188972.00
2012/09/05	5.06	5.14	5.03	5.10	2624923	13500638.00
2012/09/06	5.10	5.20	5.10	5.16	3315939	17255536.00
2012/09/07	5.20	5.40	5.18	5.33	6898849	36935680.00
2012/09/10	5.35	5.39	5.29	5.36	4181861	22523368.00
2012/09/11	5.36	5.50	5.29	5.39	7739565	42191792.00
2012/09/12	5.38	5.43	5.32	5.39	4430349	24030060.00
2012/09/13	5.39	5.48	5.35	5.36	5206099	28428360.00
2012/09/14	5.40	5.41	5.29	5.37	4637043	25061964.00
2012/09/17	5.32	5.40	5.14	5.16	4292174	22700148.00
2012/09/18	5.14	5.18	5.11	5.15	2281134	11851351.00
2012/09/19	5.15	5.27	5.15	5.22	2609502	13717300.00
2012/09/20	5.21	5.21	5.03	5.04	2792356	14429145.00
2012/09/21	5.05	5.27	5.03	5.25	10662224	55821068.00
2012/09/24	5.28	5.39	5.20	5.35	15650741	83787776.00
2012/09/25	5.30	5.30	5.13	5.14	6761108	35414212.00
2012/09/26	5.17	5.17	5.00	5.01	5261111	26792284.00
2012/09/27	5.00	5.20	5.00	5.14	5670612	29217420.00
2012/09/28	5.10	5.23	5.08	5.20	5588150	29085796.00
2012/10/08	5.19	5.22	5.11	5.14	2949680	15360634.00
2012/10/09	5.16	5.32	5.15	5.29	6545587	34681184.00
2012/10/10	5.26	5.36	5.23	5.35	6192170	33154620.00
2012/10/11	5.33	5.70	5.29	5.61	28913738	162090496.00
2012/10/12	6.18	6.18	6.05	6.18	79008740	491505632.00
2012/10/15	6.12	6.12	5.72	5.87	45802740	271268640.00
2012/10/16	5.81	6.00	5.66	5.83	32575637	191273184.00
2012/10/17	5.78	5.81	5.62	5.70	18749592	107599480.00
2012/10/18	5.69	5.79	5.65	5.78	19603635	113533440.00
2012/10/19	5.78	5.83	5.67	5.74	17638717	102170008.00
2012/10/22	5.63	5.68	5.53	5.63	14705472	83187824.00
2012/10/23	5.65	5.71	5.58	5.59	12060522	68640360.00
2012/10/24	5.55	5.62	5.52	5.62	9214416	51862960.00
2012/10/25	5.60	5.63	5.51	5.52	9805537	55160332.00
2012/10/26	5.51	5.52	5.32	5.33	12370967	67487928.00
2012/10/29	5.33	5.37	5.28	5.31	4722381	25382728.00
2012/10/30	5.31	5.45	5.30	5.41	8145871	44144248.00
2012/10/31	5.40	5.42	5.31	5.38	5384671	29181092.00
2012/11/01	5.39	5.47	5.36	5.45	7989415	43827276.00
2012/11/02	5.45	5.53	5.42	5.52	8599926	47625520.00
2012/11/05	5.49	5.54	5.38	5.44	8707479	47896768.00
2012/11/06	5.43	5.43	5.25	5.31	8601843	46131280.00
2012/11/07	5.33	5.39	5.31	5.38	5791500	31282050.00
2012/11/08	5.35	5.35	5.18	5.20	7368365	39072180.00
2012/11/09	5.20	5.25	5.14	5.23	5235723	27429616.00
2012/11/12	5.23	5.25	5.19	5.24	4363388	22980144.00
2012/11/13	5.23	5.24	5.07	5.07	5328009	27541794.00
2012/11/14	5.07	5.14	5.05	5.10	3694883	18978812.00
2012/11/15	5.05	5.15	4.98	5.00	5729066	29239876.00
2012/11/16	5.00	5.02	4.88	4.92	5419802	26988604.00
2012/11/19	4.92	4.94	4.83	4.93	3277982	16172494.00
2012/11/20	4.95	4.96	4.89	4.89	2186056	10886768.00
2012/11/21	4.91	4.94	4.78	4.92	4417732	21668864.00
2012/11/22	4.90	4.90	4.80	4.83	2719611	13306933.00
2012/11/23	4.84	4.88	4.81	4.84	2549100	12484348.00
2012/11/26	4.83	4.87	4.75	4.76	3121924	15213787.00
2012/11/27	4.75	4.75	4.50	4.51	5671415	26309806.00
2012/11/28	4.47	4.49	4.37	4.38	3532182	15760691.00
2012/11/29	4.39	4.42	4.27	4.28	3208231	14103614.00
2012/11/30	4.28	4.41	4.27	4.37	3706519	16278033.00
2012/12/03	4.36	4.37	4.15	4.16	4014149	17294000.00
2012/12/04	4.17	4.24	4.07	4.21	4793979	20114588.00
2012/12/05	4.19	4.48	4.17	4.42	8903479	39434624.00
2012/12/06	4.43	4.53	4.35	4.47	7745585	34807204.00
2012/12/07	4.45	4.58	4.41	4.57	10011634	45823080.00
2012/12/10	4.58	4.71	4.50	4.66	10734981	49815920.00
2012/12/11	4.60	4.63	4.49	4.50	8465992	39046928.00
2012/12/12	4.48	4.54	4.41	4.53	6214694	28078616.00
2012/12/13	4.52	4.58	4.41	4.41	5037072	22884908.00
2012/12/14	4.41	4.63	4.41	4.60	9696995	44708852.00
2012/12/17	4.56	4.70	4.56	4.67	10569780	49628540.00
2012/12/18	4.65	4.81	4.59	4.66	10969828	51968032.00
2012/12/19	4.67	4.73	4.63	4.67	11337059	53638016.00
2012/12/20	4.67	4.67	4.58	4.64	5449904	25462128.00
2012/12/21	4.66	4.72	4.60	4.61	6185122	29122600.00
2012/12/24	4.59	4.64	4.58	4.60	3899794	18171820.00
2012/12/25	4.59	4.72	4.58	4.70	9571569	45274448.00
2012/12/26	4.70	4.82	4.67	4.79	10343964	49819760.00
2012/12/27	4.80	4.84	4.72	4.76	10474689	50626328.00
2012/12/28	4.75	4.80	4.69	4.79	8036076	38618072.00
2012/12/31	4.80	4.84	4.76	4.82	7261220	35277872.00
2013/01/04	4.88	4.89	4.79	4.80	7510063	36649652.00
2013/01/07	4.81	4.84	4.78	4.83	5030299	24462856.00
2013/01/08	4.82	4.96	4.76	4.91	12478261	61432860.00
2013/01/09	4.89	4.96	4.87	4.91	8583746	42647700.00
2013/01/10	4.92	5.05	4.90	5.03	12861870	64568992.00
2013/01/11	5.02	5.03	4.89	4.93	9953478	49829004.00
2013/01/14	4.89	5.33	4.89	5.24	20535411	105695984.00
2013/01/15	5.25	5.71	5.15	5.64	31106829	169445472.00
2013/01/16	5.54	5.76	5.36	5.50	31441209	175548912.00
2013/01/17	5.46	5.54	5.35	5.47	21750418	120082720.00
2013/01/18	5.42	5.74	5.41	5.48	31695421	176448480.00
2013/01/21	5.48	5.48	5.33	5.40	8500195	46153288.00
2013/01/22	5.37	5.40	5.27	5.31	7668566	41243088.00
2013/01/23	5.30	5.44	5.25	5.36	10200280	55103984.00
2013/01/24	5.35	5.53	5.16	5.24	21779991	118009536.00
2013/01/25	5.18	5.29	5.10	5.19	6731394	35266416.00
2013/01/28	5.20	5.36	5.16	5.34	12219000	64848620.00
2013/01/29	5.32	5.43	5.26	5.35	8473363	45875104.00
2013/01/30	5.38	5.43	5.25	5.35	11709402	63139548.00
2013/01/31	5.35	5.49	5.26	5.39	16525056	89604944.00
2013/02/01	5.37	5.43	5.30	5.35	15727391	84992928.00
2013/02/04	5.36	5.36	5.16	5.17	8782843	46520152.00
2013/02/05	5.10	5.26	5.10	5.22	4774203	25040144.00
2013/02/06	5.22	5.25	5.20	5.21	2752237	14503658.00
2013/02/07	5.21	5.25	5.17	5.19	3551364	18668720.00
2013/02/08	5.22	5.28	5.20	5.23	3348452	17750468.00
2013/02/18	5.26	5.32	5.21	5.29	6022445	32029676.00
2013/02/19	5.29	5.30	5.12	5.15	5619789	29439754.00
2013/02/20	5.15	5.24	5.11	5.23	5169653	27079408.00
2013/02/21	5.20	5.21	5.08	5.13	6007953	31198344.00
2013/02/22	5.12	5.34	5.11	5.26	12250647	64974524.00
2013/02/25	5.26	5.32	5.20	5.28	6445018	34213312.00
2013/02/26	5.25	5.45	5.22	5.32	18598450	100802528.00
2013/02/27	5.34	5.41	5.26	5.38	15026538	81237048.00
2013/02/28	5.41	5.51	5.38	5.45	15545186	85172448.00
2013/03/01	5.45	5.49	5.36	5.46	10787282	59084392.00
2013/03/04	5.44	5.44	5.15	5.23	9161935	48827256.00
2013/03/05	5.21	5.29	5.15	5.28	5453499	28815148.00
2013/03/06	5.29	5.41	5.28	5.38	8421090	45495616.00
2013/03/07	5.35	5.39	5.23	5.31	6747792	36259848.00
2013/03/08	5.31	5.48	5.24	5.29	11287575	60980312.00
2013/03/11	5.32	5.35	5.13	5.16	11934944	62843000.00
2013/03/12	5.15	5.19	4.86	4.91	11261822	57015416.00
2013/03/13	4.90	4.94	4.80	4.87	5086008	24895320.00
2013/03/14	4.87	4.93	4.83	4.85	3928350	19350240.00
2013/03/15	4.84	4.92	4.78	4.81	4771563	23364568.00
2013/03/18	4.79	4.83	4.75	4.77	3407312	16490027.00
2013/03/19	4.77	4.84	4.75	4.82	2609019	12646147.00
2013/03/20	4.82	4.92	4.78	4.91	4452858	21915260.00
2013/03/21	4.91	4.94	4.87	4.94	5317398	26367648.00
2013/03/22	4.94	4.94	4.89	4.91	3326408	16493668.00
2013/03/25	4.90	4.94	4.86	4.89	3326178	16404682.00
2013/03/26	4.88	4.88	4.76	4.80	4042318	19589472.00
2013/03/27	4.79	4.85	4.74	4.76	3667345	17731880.00
2013/03/28	4.72	4.72	4.51	4.51	5763495	26693610.00
2013/03/29	4.51	4.61	4.50	4.56	3255094	14985122.00
2013/04/01	4.56	4.60	4.54	4.58	2026708	9386889.00
2013/04/02	4.59	4.61	4.53	4.59	3074010	14220560.00
2013/04/03	4.59	4.60	4.51	4.53	2567860	11795370.00
2013/04/08	4.51	4.52	4.43	4.52	2698094	12220321.00
2013/04/09	4.52	4.60	4.50	4.59	2688463	12397548.00
2013/04/10	4.60	4.60	4.54	4.58	2257897	10443846.00
2013/04/11	4.60	4.71	4.60	4.62	5211856	24491482.00
2013/04/12	4.59	4.67	4.59	4.62	3074838	14429087.00
2013/04/15	4.60	4.68	4.56	4.62	3229448	15108704.00
2013/04/16	4.64	4.80	4.58	4.79	5536566	26218134.00
2013/04/17	4.79	4.81	4.73	4.77	3075117	14794431.00
2013/04/18	4.77	4.84	4.72	4.78	2922989	14160385.00
2013/04/19	4.77	4.84	4.77	4.81	3260591	15845357.00
2013/04/22	4.76	4.89	4.71	4.83	3817350	18608560.00
2013/04/23	4.83	4.83	4.65	4.66	3652249	17396644.00
2013/04/24	4.66	4.83	4.65	4.82	5480971	26508840.00
2013/04/25	4.82	4.86	4.75	4.76	4263878	20688660.00
2013/04/26	4.76	4.80	4.67	4.69	3053703	14571855.00
2013/05/02	4.69	4.69	4.62	4.66	2536873	11937851.00
2013/05/03	4.66	4.76	4.66	4.76	2828264	13511664.00
2013/05/06	4.77	4.93	4.74	4.89	7971402	39384460.00
2013/05/07	4.86	4.92	4.81	4.85	4030807	19766274.00
2013/05/08	4.85	5.00	4.83	4.99	7502834	37359584.00
2013/05/09	4.99	5.00	4.85	4.94	6412114	31935824.00
2013/05/10	4.94	4.97	4.88	4.91	3961300	19642756.00
2013/05/13	4.91	4.93	4.85	4.90	2889515	14268605.00
2013/05/14	4.90	4.91	4.80	4.82	3536967	17304052.00
2013/05/15	4.82	4.91	4.81	4.91	4148173	20402408.00
2013/05/16	4.92	5.03	4.85	4.97	8371572	41881852.00
2013/05/17	4.96	5.15	4.92	5.10	13847128	71004184.00
2013/05/20	5.12	5.15	5.04	5.11	10201545	52653200.00
2013/05/21	5.08	5.35	5.07	5.33	18098961	95713160.00
2013/05/22	5.29	5.30	5.15	5.21	11485885	60523912.00
2013/05/23	5.17	5.23	5.07	5.09	7033246	36634644.00
2013/05/24	5.09	5.60	5.09	5.54	49363070	275415776.00
2013/05/27	5.44	5.50	5.34	5.48	29983978	163625360.00
2013/05/28	5.41	5.42	5.26	5.35	18410591	98990152.00
2013/05/29	5.39	5.42	5.33	5.39	13238915	71822960.00
2013/05/30	5.39	5.39	5.31	5.37	8904296	48107360.00
2013/05/31	5.38	5.42	5.23	5.25	11375543	61387972.00
2013/06/03	5.26	5.28	5.16	5.23	7339725	38670440.00
2013/06/04	5.26	5.26	5.04	5.10	6741994	35007788.00
2013/06/05	5.11	5.16	5.05	5.15	3513478	18139612.00
2013/06/06	5.14	5.16	5.06	5.07	4072820	20955340.00
2013/06/07	5.13	5.13	4.94	4.95	4998286	25284588.00
2013/06/13	4.93	4.93	4.65	4.71	5079733	24336000.00
2013/06/14	4.75	4.90	4.73	4.82	5802613	28360428.00
2013/06/17	4.88	5.00	4.78	4.92	8631884	42990416.00
2013/06/18	4.92	5.26	4.80	5.10	12353121	63213700.00
2013/06/19	5.04	5.10	4.91	5.04	7167988	36210584.00
2013/06/20	4.98	5.24	4.96	5.04	13804819	71522808.00
2013/06/21	4.94	5.12	4.71	5.07	9871556	49112480.00
2013/06/24	5.02	5.18	4.69	4.78	9890873	49334316.00
2013/06/25	4.75	4.76	4.30	4.67	11239135	51537072.00
2013/06/26	4.67	4.90	4.60	4.87	11501008	55879748.00
2013/06/27	4.87	5.04	4.80	4.88	12840274	63585488.00
2013/06/28	4.80	5.09	4.70	4.93	13783223	68948312.00
2013/07/01	4.93	5.29	4.87	5.23	22590839	117485344.00
2013/07/02	5.22	5.28	5.10	5.22	15203159	79609768.00
2013/07/03	5.21	5.45	5.06	5.36	25821570	137887584.00
2013/07/04	5.31	5.39	5.23	5.25	15244520	81397112.00
2013/07/05	5.26	5.33	5.09	5.10	11917145	62623448.00
2013/07/08	5.00	5.01	4.68	4.69	14999407	72763864.00
2013/07/09	4.68	4.88	4.60	4.81	8560922	41278016.00
2013/07/10	4.80	5.13	4.77	5.06	12246484	61624228.00
2013/07/11	5.03	5.24	5.00	5.20	14552931	75684864.00
2013/07/12	5.20	5.44	5.15	5.25	30957878	166626400.00
2013/07/15	5.25	5.38	5.20	5.30	16091584	86048616.00
2013/07/16	5.33	5.53	5.27	5.48	31883341	174942704.00
2013/07/17	5.48	5.59	5.34	5.43	25908858	142585088.00
2013/07/18	5.45	5.81	5.42	5.62	42058315	239585104.00
2013/07/19	5.58	5.76	5.35	5.37	27912253	157061296.00
2013/07/22	5.36	5.67	5.33	5.64	23653312	131651328.00
2013/07/23	5.67	5.96	5.60	5.92	39885622	232833408.00
2013/07/24	5.86	6.00	5.72	5.89	37981016	225136672.00
2013/07/25	5.82	5.86	5.48	5.54	26015957	148016928.00
2013/07/26	5.52	5.62	5.36	5.55	13613492	75715256.00
2013/07/29	5.51	5.59	5.37	5.41	9351512	51598304.00
2013/07/30	5.43	5.54	5.16	5.52	14941878	81117920.00
2013/07/31	5.54	5.90	5.46	5.67	20200396	115735864.00
2013/08/01	5.65	5.80	5.60	5.77	19922348	114959008.00
2013/08/02	5.80	5.82	5.68	5.71	12796469	74108816.00
2013/08/05	5.73	5.80	5.66	5.74	12710783	73627472.00
2013/08/06	5.79	5.88	5.70	5.75	18163017	105885576.00
2013/08/07	5.70	5.70	5.44	5.49	18612724	103790920.00
2013/08/08	5.50	5.60	5.46	5.49	10467111	58285060.00
2013/08/09	5.50	5.56	5.32	5.42	10352619	56674056.00
2013/08/12	5.44	5.54	5.38	5.53	10389424	56824048.00
2013/08/13	5.51	5.62	5.50	5.57	10106594	56581592.00
2013/08/14	5.59	5.73	5.50	5.64	16020340	90425856.00
2013/08/15	5.60	5.63	5.50	5.52	8482777	47464028.00
2013/08/16	5.59	5.82	5.54	5.59	26479541	151045104.00
2013/08/19	5.51	5.63	5.41	5.63	11590955	64238952.00
2013/08/20	5.63	5.72	5.55	5.63	11922503	67368344.00
2013/08/21	5.61	5.80	5.59	5.75	16995257	97329344.00
2013/08/22	5.75	5.82	5.71	5.77	15697901	90853752.00
2013/08/23	5.77	6.07	5.65	6.06	38440406	226350368.00
2013/08/26	5.98	6.23	5.93	6.10	40220296	246188928.00
2013/08/27	6.08	6.22	6.01	6.15	25339056	155528864.00
2013/08/28	6.06	6.77	6.00	6.58	77167301	508034688.00
2013/08/29	6.40	6.57	6.29	6.38	33190232	213605776.00
2013/08/30	6.39	6.42	5.88	5.93	38055049	234714320.00
2013/09/02	5.96	6.12	5.88	6.11	18309505	110430320.00
2013/09/03	6.04	6.15	6.02	6.10	15611701	95544648.00
2013/09/04	6.08	6.20	5.97	6.11	16621818	101411464.00
2013/09/05	6.08	6.38	6.08	6.25	33041653	208024752.00
2013/09/06	6.24	6.45	6.16	6.36	25150936	159391120.00
2013/09/09	6.37	6.65	6.36	6.40	31324665	203296256.00
2013/09/10	6.41	6.74	6.36	6.62	34864800	230853792.00
2013/09/11	6.60	6.68	6.20	6.66	37205501	240646528.00
2013/09/12	7.28	7.33	7.28	7.33	46044332	338206848.00
2013/09/13	7.88	8.07	7.56	7.69	118954773	933199360.00
2013/09/16	7.35	7.66	7.19	7.39	57531798	427766208.00
2013/09/17	7.32	7.38	6.95	7.06	35843691	255473024.00
2013/09/18	7.00	7.42	6.99	7.28	36203304	263476512.00
2013/09/23	7.31	7.63	7.13	7.52	52198332	387506912.00
2013/09/24	7.43	7.52	7.28	7.38	38101140	283343808.00
2013/09/25	7.43	7.96	7.38	7.65	63687748	496109536.00
2013/09/26	7.55	7.55	6.88	6.91	53024564	379228192.00
2013/09/27	6.96	7.60	6.93	7.60	79985090	600170816.00
2013/09/30	7.80	8.36	7.70	8.36	70440486	581323392.00
2013/10/08	8.69	9.03	7.98	8.47	111249813	959579008.00
2013/10/09	8.88	9.32	8.88	9.32	23227476	214474272.00
2013/10/10	10.25	10.25	9.52	9.54	121768103	1216111744.00
2013/10/11	9.98	10.46	9.64	10.16	85613122	855384128.00
2013/10/15	10.97	11.18	10.36	11.18	81826340	902178624.00
2013/10/16	11.23	12.20	10.77	11.54	105534099	1225557248.00
2013/10/17	11.18	11.41	10.38	10.38	68795834	741323200.00
2013/10/18	9.88	10.53	9.78	10.29	49689097	503858400.00
2013/10/21	10.38	11.20	10.13	11.10	61471346	667722944.00
2013/10/22	11.20	11.27	10.28	10.46	54847629	586904384.00
2013/10/23	10.31	10.43	9.41	9.41	43794179	424893792.00
2013/10/24	9.42	9.68	9.21	9.55	28972090	275550560.00
2013/10/25	9.58	10.50	9.28	10.14	48456501	481680896.00
2013/10/28	10.09	10.70	9.70	10.01	44704930	459903520.00
2013/10/30	9.47	10.24	9.20	9.77	32095977	313885184.00
2013/10/31	9.58	9.82	8.87	8.88	35255570	326165696.00
2013/11/01	8.73	8.87	8.12	8.57	30920268	263143248.00
2013/11/04	8.53	8.78	8.30	8.58	17636132	151605280.00
2013/11/05	8.58	8.94	8.39	8.91	23782768	207819008.00
2013/11/06	8.73	8.86	8.43	8.44	26194691	227388944.00
2013/11/07	8.32	8.68	8.11	8.40	20763483	174694160.00
2013/11/08	8.32	8.47	8.13	8.21	16135655	133971336.00
2013/11/11	8.22	8.30	7.93	8.00	15013838	121508600.00
2013/11/12	8.01	8.24	7.98	8.16	14969313	121714144.00
2013/11/13	8.21	8.98	8.15	8.57	42187672	367661216.00
2013/11/14	8.37	8.97	8.26	8.90	35358441	306788064.00
2013/11/15	8.78	9.78	8.73	9.48	44939727	425361536.00
2013/11/18	9.67	10.06	9.54	9.76	39737406	390686976.00
2013/11/19	9.79	10.48	9.79	10.28	36055160	368757440.00
2013/11/20	10.40	10.55	10.06	10.33	30160664	309570240.00
2013/11/21	10.18	10.41	10.09	10.18	25308478	258679648.00
2013/11/22	10.15	10.28	9.63	9.84	27546268	273319648.00
2013/11/25	9.78	10.23	9.67	10.08	24435728	244066640.00
2013/11/26	10.18	10.22	9.78	9.82	15222574	151504656.00
2013/11/27	9.78	10.43	9.73	10.29	41827277	427245120.00
2013/11/28	10.23	10.38	10.14	10.22	23538111	241903920.00
2013/11/29	10.24	10.32	10.08	10.17	20298871	208082928.00
2013/12/02	9.78	9.94	9.15	9.15	29651510	281824064.00
2013/12/03	8.98	9.40	8.88	9.29	13403918	124237032.00
2013/12/04	9.30	10.03	9.21	9.82	24790339	241688832.00
2013/12/05	9.73	9.87	9.47	9.57	13865490	133511872.00
2013/12/06	9.64	9.81	9.52	9.69	12219953	118520568.00
2013/12/09	9.76	10.09	9.60	10.04	20976296	206589408.00
2013/12/10	9.97	10.46	9.95	10.05	28878405	295019008.00
2013/12/11	9.97	10.16	9.70	9.91	17106060	169659488.00
2013/12/12	9.89	10.21	9.87	10.05	21404903	216239760.00
2013/12/13	9.93	10.10	9.87	9.99	10367571	103907008.00
2013/12/16	9.99	10.07	9.50	9.56	16154935	156855600.00
2013/12/17	9.61	9.74	9.33	9.38	8785098	83219904.00
2013/12/18	9.34	9.45	8.90	8.98	15798258	143204320.00
2013/12/19	9.00	9.21	8.76	8.81	10457942	94464096.00
2013/12/20	8.88	9.02	8.66	8.77	8190651	72247952.00
2013/12/23	8.69	8.80	8.21	8.43	9195777	77861232.00
2013/12/24	8.53	8.68	8.43	8.53	8664275	74286504.00
2013/12/25	8.58	8.84	8.48	8.83	9699632	84488360.00
2013/12/26	8.85	8.85	8.44	8.47	10224104	88358320.00
2013/12/27	8.40	8.68	8.40	8.65	6993092	60265348.00
2013/12/30	8.67	8.87	8.58	8.84	9211958	80230928.00
2013/12/31	8.74	8.92	8.65	8.88	8418302	74209808.00
2014/01/02	8.88	8.88	8.72	8.75	8221885	72260240.00
2014/01/03	8.77	8.77	8.36	8.50	13152167	111469040.00
2014/01/06	8.36	8.38	7.77	7.86	15020588	120772952.00
2014/01/07	7.83	8.17	7.72	7.91	9980924	79437920.00
2014/01/08	8.00	8.19	7.95	8.15	12844159	103956360.00
2014/01/09	8.13	8.35	8.00	8.02	9280671	76433352.00
2014/01/10	7.98	7.99	7.73	7.76	6172455	48447352.00
2014/01/13	7.78	8.06	7.74	7.85	5215143	40898228.00
2014/01/14	7.87	7.98	7.73	7.96	7139550	56312888.00
2014/01/15	7.93	8.00	7.72	7.75	11485903	90049248.00
2014/01/16	7.77	7.86	7.71	7.78	9825864	76690136.00
2014/01/17	7.78	7.79	7.48	7.51	11308718	85769832.00
2014/01/20	7.55	7.68	7.43	7.56	9048290	68786512.00
2014/01/21	7.50	8.28	7.50	8.25	21207453	168816848.00
2014/01/22	8.20	8.59	8.14	8.57	28533251	239233232.00
2014/01/23	8.58	8.76	8.44	8.50	23704576	204176448.00
2014/01/24	8.43	8.87	8.32	8.77	26710819	229665984.00
2014/01/27	8.67	9.07	8.62	8.90	24461026	218092080.00
2014/01/28	8.89	8.97	8.50	8.64	15283777	133152744.00
2014/01/29	8.68	8.85	8.66	8.70	11630361	101887928.00
2014/01/30	8.68	9.00	8.55	8.77	12980403	114842744.00
2014/02/07	8.68	9.53	8.60	9.34	21420146	196078048.00
2014/02/10	9.34	9.64	9.15	9.63	28718972	270954016.00
2014/02/11	9.56	9.72	9.28	9.53	21482298	205283936.00
2014/02/12	9.53	9.60	9.19	9.41	18749599	175593856.00
2014/02/13	9.41	10.34	9.26	9.87	48033505	473486816.00
2014/02/14	9.77	10.34	9.68	10.02	35383384	355372128.00
2014/02/17	10.16	10.22	9.75	9.95	20600207	204229616.00
2014/02/18	9.92	10.69	9.81	10.51	52967914	550177728.00
2014/02/19	10.40	10.56	10.19	10.37	24063723	249957408.00
2014/02/20	10.40	10.50	9.93	10.01	25545031	260225872.00
2014/02/21	10.03	10.87	9.94	10.70	47745028	504376256.00
2014/02/24	10.68	11.02	10.53	10.88	32320159	348930816.00
2014/02/25	10.88	11.05	9.80	9.96	38354488	404169888.00
2014/02/26	9.79	9.96	9.19	9.51	24167130	230374592.00
2014/02/27	9.50	9.96	9.29	9.48	24055912	232408768.00
2014/02/28	9.49	9.63	9.14	9.55	14187801	134029056.00
2014/03/03	9.48	10.02	9.35	9.90	18543235	182121472.00
2014/03/04	9.79	9.86	9.57	9.72	11365254	110566536.00
2014/03/05	9.74	9.88	9.52	9.55	10292891	100102192.00
2014/03/06	9.54	9.78	9.33	9.77	13540735	129719296.00
2014/03/07	9.75	9.86	9.45	9.50	12546257	120934584.00
2014/03/10	9.41	9.41	8.59	8.62	19757096	176308608.00
2014/03/11	8.61	8.78	8.44	8.64	10693334	92482120.00
2014/03/12	8.63	8.82	8.50	8.79	11561607	100860976.00
2014/03/13	8.83	8.86	8.65	8.81	7342218	64532744.00
2014/03/14	8.78	8.92	8.63	8.66	8565135	75390464.00
2014/03/17	8.73	8.90	8.62	8.89	8100995	71402776.00
2014/03/18	8.93	9.28	8.89	9.22	16697716	152381168.00
2014/03/19	9.14	9.14	8.97	9.05	9433363	85604656.00
2014/03/20	9.10	9.16	8.58	8.59	9618770	85803904.00
2014/03/21	8.55	9.15	8.48	9.12	15468558	138005104.00
2014/03/24	9.09	9.39	9.04	9.22	13788486	127539648.00
2014/03/25	9.24	9.68	9.15	9.61	20976899	200051744.00
2014/03/26	9.63	9.70	9.42	9.65	11218045	107074368.00
2014/03/27	9.67	9.97	9.45	9.51	17826875	174316512.00
2014/03/28	9.56	9.79	9.28	9.31	15658598	149388848.00
2014/03/31	9.18	9.25	8.59	8.75	14206375	125390904.00
2014/04/01	8.67	8.87	8.66	8.83	6771328	59580332.00
2014/04/02	8.86	8.87	8.64	8.69	7177466	62656720.00
2014/04/03	8.76	8.78	8.62	8.68	4771439	41641888.00
2014/04/04	8.68	8.86	8.63	8.85	5746652	50646264.00
2014/04/08	8.83	9.06	8.77	8.96	7960604	71210784.00
2014/04/09	9.03	9.30	9.03	9.20	12390947	114075912.00
2014/04/10	9.21	9.27	9.13	9.22	10362492	95517408.00
2014/04/11	9.22	9.22	9.07	9.11	6643583	60822016.00
2014/04/14	9.11	9.19	9.08	9.12	6278241	57421548.00
2014/04/15	9.13	9.14	8.86	8.91	8130659	73230576.00
2014/04/16	8.84	8.96	8.84	8.88	9116603	81372864.00
2014/04/17	8.92	9.08	8.82	8.83	9875324	88423152.00
2014/04/18	8.80	8.87	8.73	8.83	5712196	50366308.00
2014/04/21	8.78	8.90	8.60	8.61	10833645	95005824.00
2014/04/22	8.61	8.71	8.51	8.65	6107323	52737680.00
2014/04/23	8.66	8.74	8.44	8.46	6179624	53102008.00
2014/04/24	8.46	8.52	8.08	8.11	9165548	75717520.00
2014/04/25	8.11	8.19	7.54	7.70	13873034	108618328.00
2014/04/28	7.70	7.70	7.46	7.54	6840119	51911844.00
2014/04/29	7.51	7.88	7.50	7.86	10159802	78940856.00
2014/04/30	7.87	8.11	7.81	8.01	8803416	70415016.00
2014/05/05	8.02	8.10	7.94	8.07	5564832	44716088.00
2014/05/06	8.07	8.15	8.01	8.09	5182437	42104328.00
2014/05/07	8.04	8.08	7.78	7.80	4705730	37413304.00
2014/05/08	7.77	7.95	7.72	7.85	4723223	37179640.00
2014/05/09	7.81	7.97	7.75	7.90	7263600	57268048.00
2014/05/12	7.99	8.17	7.99	8.15	7969893	64764692.00
2014/05/13	8.14	8.22	8.01	8.04	5842256	47395224.00
2014/05/14	8.02	8.13	8.01	8.02	3376110	27276592.00
2014/05/15	8.02	8.10	7.78	7.83	4484250	35628000.00
2014/05/16	7.82	7.88	7.74	7.87	3524255	27607828.00
2014/05/19	7.84	7.90	7.73	7.85	3511464	27535516.00
2014/05/20	7.93	8.07	7.86	7.87	4239147	33707536.00
2014/05/21	7.85	7.95	7.73	7.94	3149610	24752766.00
2014/05/22	7.94	8.04	7.86	7.91	4152959	33161716.00
2014/05/23	7.90	7.95	7.85	7.95	5183204	41121660.00
2014/05/26	7.97	8.11	7.90	8.10	8759245	70411000.00
2014/05/27	8.09	8.09	7.96	7.98	5506345	44198640.00
2014/05/28	8.03	8.06	7.92	8.05	5346210	42934672.00
2014/05/29	8.10	8.32	8.09	8.13	14174297	116508864.00
2014/05/30	8.12	8.23	8.10	8.12	6570283	53769976.00
2014/06/03	8.10	8.28	8.06	8.19	9016883	74000248.00
2014/06/04	8.18	8.23	7.94	8.02	6652566	53610788.00
2014/06/05	8.03	8.25	7.97	8.23	9506701	77545176.00
2014/06/06	8.18	8.23	8.03	8.08	5380726	43810328.00
2014/06/09	8.10	8.18	8.01	8.03	4877801	39532096.00
2014/06/10	8.04	8.10	7.98	8.06	6727448	54193100.00
2014/06/11	8.05	8.22	8.01	8.17	9770506	79811976.00
2014/06/12	8.14	8.18	8.05	8.08	7379862	59930776.00
2014/06/13	8.08	8.26	8.02	8.24	12862461	105422944.00
2014/06/16	8.26	8.28	8.16	8.22	6968684	57321760.00
2014/06/17	8.22	8.22	8.03	8.05	8490721	68913768.00
2014/06/18	8.03	8.08	7.83	7.84	6665709	53344692.00
2014/06/19	7.84	7.96	7.47	7.53	9144200	70399304.00
2014/06/20	7.54	7.60	7.51	7.58	4576709	34662696.00
2014/06/23	7.59	7.73	7.59	7.69	4058507	31236508.00
2014/06/24	7.70	7.82	7.68	7.71	4928693	38284420.00
2014/06/25	7.72	7.72	7.59	7.62	4069209	31184804.00
2014/06/26	7.60	7.74	7.59	7.73	4435588	34268012.00
2014/06/27	7.72	7.77	7.69	7.72	6082248	47156552.00
2014/06/30	7.77	7.80	7.69	7.79	7251092	56224880.00
2014/07/01	7.78	7.87	7.71	7.85	8369992	65385184.00
2014/07/02	7.85	7.96	7.77	7.95	10222699	80627904.00
2014/07/03	7.95	7.98	7.86	7.89	8552975	67876632.00
2014/07/04	7.93	8.04	7.90	7.99	11570818	92470240.00
2014/07/08	7.85	7.87	7.59	7.80	12709828	98463320.00
2014/07/09	7.75	7.76	7.47	7.48	12729984	96971408.00
2014/07/10	7.51	7.56	7.49	7.53	5377152	40568680.00
2014/07/11	7.70	8.29	7.70	8.29	20968736	169857216.00
2014/07/14	8.52	8.52	8.09	8.20	28738857	237835264.00
2014/07/15	8.16	8.31	8.03	8.19	14513047	119021264.00
2014/07/16	8.21	8.42	8.10	8.26	16735859	138738784.00
2014/07/17	8.19	8.22	8.03	8.08	8571826	69557720.00
2014/07/18	8.05	8.12	8.00	8.08	6504679	52576064.00
2014/07/21	8.06	8.09	7.80	7.95	8075787	64310368.00
2014/07/22	7.95	8.03	7.89	7.99	7785563	62087656.00
2014/07/23	7.99	8.02	7.73	7.79	9307863	73282776.00
2014/07/24	7.80	7.88	7.66	7.87	7618679	59367784.00
2014/07/25	7.87	7.89	7.79	7.88	6084535	47919156.00
2014/07/28	7.88	8.21	7.88	8.15	14360173	116004128.00
2014/07/29	8.16	8.28	8.08	8.17	14604508	119885424.00
2014/07/30	8.11	8.21	8.09	8.14	8121094	66274336.00
2014/07/31	8.15	8.46	8.13	8.36	21816617	182181456.00
2014/08/01	8.24	8.35	8.13	8.16	11240381	93125520.00
2014/08/04	8.18	8.27	8.16	8.24	10762046	88648360.00
2014/08/05	8.24	8.40	8.16	8.36	16840114	140159776.00
2014/08/06	8.34	8.34	8.18	8.28	11707921	97049760.00
2014/08/07	8.28	8.43	8.26	8.27	13722275	114653552.00
2014/08/08	8.25	8.31	8.18	8.22	8583533	70856600.00
2014/08/11	8.22	8.40	8.22	8.38	13821535	115424528.00
2014/08/12	8.36	8.42	8.31	8.40	13632672	114383096.00
2014/08/13	8.41	9.23	8.36	9.03	49363187	437327296.00
2014/08/14	8.88	8.91	8.71	8.75	26635650	235091968.00
2014/08/15	8.77	8.87	8.70	8.78	14223281	125440272.00
2014/08/18	8.88	9.19	8.87	9.09	26965663	245553952.00
2014/08/19	10.00	10.00	9.78	10.00	76064458	760596288.00
2014/08/20	10.03	10.48	9.84	9.87	70850509	718861440.00
2014/08/21	9.91	10.86	9.58	10.86	78777612	805279360.00
2014/08/22	11.95	11.95	11.59	11.95	78681513	940822912.00
2014/08/25	12.38	12.65	11.98	12.33	145278759	1788277248.00
2014/08/26	12.08	12.14	11.50	11.91	107210908	1270765824.00
2014/08/27	11.88	12.06	11.28	11.45	80520981	935643712.00
2014/08/28	11.58	11.77	11.20	11.23	71981296	833248704.00
2014/08/29	11.13	11.20	10.66	11.09	53637452	587061888.00
2014/09/01	11.00	11.57	10.93	11.23	57042830	643379008.00
2014/09/02	11.20	11.43	11.01	11.31	58011706	651132480.00
2014/09/03	11.40	12.00	11.22	11.66	86523256	1008028608.00
2014/09/04	11.55	11.58	11.20	11.37	58943689	669326784.00
2014/09/05	11.33	11.53	11.08	11.19	38859298	437445056.00
2014/09/09	11.16	11.46	10.95	11.45	39360957	442867296.00
2014/09/10	11.32	11.62	11.26	11.37	34089769	389131264.00
2014/09/11	11.31	11.98	11.20	11.44	58196194	672406080.00
2014/09/12	11.29	11.40	11.21	11.34	26477884	298704896.00
2014/09/15	11.41	11.67	11.28	11.47	37897542	435902464.00
2014/09/16	11.50	11.53	10.60	10.67	44466383	493286848.00
2014/09/17	10.71	10.79	10.40	10.59	23367506	247405888.00
2014/09/18	10.59	10.69	10.42	10.66	12888637	136233072.00
2014/09/19	10.70	10.85	10.58	10.80	16744652	179461744.00
2014/09/22	10.70	10.77	10.40	10.43	15670024	165373088.00
2014/09/23	10.47	10.83	10.47	10.68	16836980	179495712.00
2014/09/24	10.59	10.99	10.58	10.92	23806021	256822352.00
2014/09/25	11.47	11.75	11.04	11.16	45147994	512225024.00
2014/09/26	11.15	11.35	10.92	11.17	26620989	296179904.00
2014/09/29	11.18	11.39	11.11	11.25	22527065	253323792.00
2014/09/30	11.31	11.45	11.26	11.38	26235442	298412192.00
2014/10/08	11.45	11.49	11.14	11.30	19825331	222993712.00
2014/10/09	11.30	11.39	11.13	11.28	20769986	233991376.00
2014/10/10	11.37	11.47	11.23	11.30	27396461	310659936.00
2014/10/13	11.41	11.74	11.36	11.71	48250070	558496192.00
2014/10/14	11.70	11.70	11.24	11.36	29740965	341110752.00
2014/10/15	11.36	11.70	11.15	11.69	33639198	385424800.00
2014/10/16	11.70	12.20	11.57	11.70	63046770	749810880.00
2014/10/17	11.46	11.57	11.12	11.32	29652758	336626816.00
2014/10/20	11.32	11.48	11.17	11.39	24027620	271728128.00
2014/10/21	11.26	11.49	11.17	11.36	22337760	252742832.00
2014/10/22	11.31	11.36	10.78	10.81	20653694	228551520.00
2014/10/23	10.85	10.85	10.41	10.44	21938383	231499888.00
2014/10/24	10.44	10.90	10.44	10.67	17879421	191685216.00
2014/10/27	10.57	10.75	10.49	10.72	10006226	106351136.00
2014/10/28	10.75	11.02	10.72	10.97	14823412	161356752.00
2014/10/29	11.04	11.25	10.83	11.12	25813273	284720928.00
2014/10/30	11.15	11.15	10.88	10.93	16180038	178436000.00
2014/10/31	10.88	10.97	10.68	10.89	18830872	203348912.00
2014/11/03	10.86	11.02	10.83	10.94	12476479	136470016.00
2014/11/04	10.97	11.03	10.76	10.80	11906455	129379608.00
2014/11/05	10.79	10.79	10.62	10.65	10693599	114292288.00
2014/11/06	10.65	11.59	10.60	11.54	34233278	380618336.00
2014/11/07	11.30	11.74	11.30	11.46	46390133	534184352.00
2014/11/10	11.36	11.96	11.36	11.87	46426555	546023616.00
2014/11/11	11.85	11.85	11.11	11.32	35051590	402423648.00
2014/11/12	11.23	12.02	11.20	11.77	39380623	462436352.00
2014/11/13	11.71	11.92	11.40	11.46	24602292	284731712.00
2014/11/14	11.48	11.60	11.15	11.38	18964860	215364464.00
2014/11/17	11.48	12.52	11.10	12.18	91781574	1127173376.00
2014/11/18	12.05	12.63	11.98	12.42	63853031	790314688.00
2014/11/19	12.60	12.78	12.25	12.44	50253504	627863552.00
2014/11/20	12.30	12.65	12.07	12.54	59336475	733737088.00
2014/11/21	12.61	13.74	12.38	13.61	86907668	1144316800.00
2014/11/24	13.65	13.65	13.00	13.54	70965104	949245760.00
2014/11/25	13.39	13.55	13.15	13.34	47764686	637218176.00
2014/11/26	13.25	13.25	12.68	12.90	59744688	769456384.00
2014/11/27	12.86	13.13	12.67	12.95	46501874	598293888.00
2014/11/28	12.86	12.91	12.41	12.44	50468091	636498240.00
2014/12/01	12.50	12.78	12.30	12.48	29491140	369639744.00
2014/12/02	12.41	12.67	12.32	12.56	30307098	379357216.00
2014/12/03	12.74	13.06	12.49	12.92	56828967	726403264.00
2014/12/04	12.95	12.99	12.68	12.78	43800747	559741504.00
2014/12/05	12.71	12.71	11.53	11.89	56218200	678628224.00
2014/12/08	11.61	12.24	11.55	11.84	36891026	439627584.00
2014/12/09	11.66	12.51	11.55	12.01	66751242	812586304.00
2014/12/10	12.11	12.93	12.11	12.89	74089315	937930688.00
2014/12/11	12.80	13.08	12.38	12.51	50944032	643689216.00
2014/12/12	12.36	12.61	12.28	12.39	31395708	390480672.00
2014/12/15	12.31	12.58	12.08	12.49	26566049	327437024.00
2014/12/16	12.58	12.64	12.25	12.44	26668486	332481120.00
2014/12/17	12.38	12.38	11.90	12.04	29577883	358074208.00
2014/12/18	12.05	12.26	11.98	12.01	17947997	217290192.00
2014/12/19	11.93	11.99	11.50	11.60	26793488	313094272.00
2014/12/22	11.50	11.66	10.82	11.09	27222950	303514784.00
2014/12/23	10.90	11.39	10.88	11.03	13845622	154466272.00
2014/12/24	11.06	11.35	10.98	11.26	14741052	164876928.00
2014/12/25	11.26	11.31	11.08	11.24	11460121	128101760.00
2014/12/26	11.25	11.43	11.12	11.33	16916610	191341952.00
2014/12/29	11.37	11.53	11.07	11.20	17119452	192330096.00
2014/12/30	11.09	11.29	10.55	10.65	17933368	195214240.00
2014/12/31	10.61	10.81	10.50	10.70	12105462	128713384.00
2015/01/05	10.70	10.86	10.52	10.81	13312664	142738688.00
2015/01/06	10.77	11.27	10.62	11.20	18225507	200065872.00
2015/01/07	11.20	11.32	11.06	11.12	13615180	152004896.00
2015/01/08	11.13	11.26	11.03	11.13	10614860	118233040.00
2015/01/09	11.12	11.25	11.05	11.08	10838244	121047640.00
2015/01/12	11.08	11.09	10.57	10.69	10495518	112923320.00
2015/01/13	10.58	11.20	10.57	11.08	17165373	188816544.00
2015/01/14	11.04	11.08	10.80	10.92	10515624	114805760.00
2015/01/15	10.92	10.98	10.80	10.91	6384191	69430344.00
2015/01/16	10.93	11.31	10.75	11.19	21656020	240973888.00
2015/01/19	11.04	11.44	10.66	10.88	20177674	224840096.00
2015/01/20	10.92	11.35	10.86	11.27	17468570	195251792.00
2015/01/21	11.27	11.60	11.23	11.49	26247254	300216160.00
2015/01/22	11.49	11.68	11.43	11.57	20000495	231238400.00
2015/01/23	11.60	11.62	11.33	11.38	17047830	194821088.00
2015/01/26	11.39	11.77	11.37	11.71	23744534	275583936.00
2015/01/27	11.76	11.80	11.43	11.59	16557629	192367408.00
2015/01/28	11.61	12.17	11.51	11.87	41089032	488818592.00
2015/01/29	11.70	11.77	11.50	11.57	15644051	182066544.00
2015/01/30	11.60	11.77	11.48	11.50	14362424	167363472.00
2015/02/02	11.31	11.58	11.21	11.45	9165579	104618040.00
2015/02/03	11.43	11.80	11.42	11.68	13301086	154829392.00
2015/02/04	11.67	11.75	11.45	11.47	12128823	140125728.00
2015/02/05	11.53	11.95	11.48	11.64	30618442	360113920.00
2015/02/06	11.59	11.70	11.30	11.36	16337020	188250176.00
2015/02/09	11.30	11.39	10.89	10.92	13361143	147595280.00
2015/02/10	10.90	11.12	10.83	11.11	8848245	97148064.00
2015/02/11	11.11	11.24	11.04	11.11	8740803	97443480.00
2015/02/12	11.12	11.80	11.11	11.69	26561134	306224928.00
2015/02/13	11.71	12.16	11.62	11.87	41659639	495409024.00
2015/02/16	12.05	12.69	11.95	12.66	53649857	666731904.00
2015/02/17	12.60	12.60	12.25	12.26	26983158	333418432.00
2015/02/25	12.29	12.30	11.90	11.99	18614495	224145264.00
2015/02/26	11.93	12.22	11.93	12.14	16232875	196112992.00
2015/02/27	12.10	12.48	12.00	12.31	24952540	306907616.00
2015/03/02	12.36	12.51	12.11	12.41	28140467	348552512.00
2015/03/03	12.37	12.38	11.99	12.00	23690554	289642272.00
2015/03/04	12.03	12.80	11.93	12.64	46189156	575537152.00
2015/03/05	12.56	12.78	12.28	12.43	29109538	362041952.00
2015/03/06	12.47	12.57	11.99	12.07	20640941	251402496.00
2015/03/09	12.01	12.40	12.00	12.38	17185794	209700032.00
2015/03/10	12.34	12.67	12.25	12.39	28187948	352347200.00
2015/03/11	12.41	12.53	12.18	12.42	21949847	271204544.00
2015/03/12	12.42	12.83	12.40	12.67	34281914	432872224.00
2015/03/13	12.65	13.08	12.50	13.00	37223904	476481600.00
2015/03/16	13.17	13.58	13.07	13.49	51150999	683180416.00
2015/03/17	13.58	13.65	13.24	13.49	43952382	591883712.00
2015/03/18	13.40	13.85	13.35	13.79	40700851	551799872.00
2015/03/19	13.70	13.75	13.44	13.60	34856946	473517696.00
2015/03/20	14.00	14.96	13.90	14.26	91855553	1343371264.00
2015/03/23	14.05	14.38	13.81	14.34	66047289	925358656.00
2015/03/24	14.23	14.23	13.60	13.90	50441471	702060160.00
2015/03/25	13.88	13.95	13.56	13.77	31601539	434093216.00
2015/03/26	13.75	13.99	13.53	13.86	30806302	424050848.00
2015/03/27	13.86	13.97	13.61	13.89	24436466	337400832.00
2015/03/30	13.88	14.25	13.75	14.04	30821060	431086752.00
2015/03/31	14.08	14.18	13.71	13.77	29090139	405194432.00
2015/04/01	13.76	14.13	13.64	14.05	35703232	493518048.00
2015/04/02	14.10	14.30	13.96	14.25	37867445	536161024.00
2015/04/03	14.23	15.18	13.98	14.74	74327110	1081118720.00
2015/04/07	14.70	14.95	14.51	14.79	39782013	584080128.00
2015/04/08	15.35	16.27	15.10	15.60	97536199	1547996160.00
2015/04/09	15.64	15.79	14.18	14.92	64044363	959279872.00
2015/04/10	15.01	15.78	15.01	15.18	52537909	804168960.00
2015/04/13	15.00	15.49	14.77	15.35	42470756	640988864.00
2015/04/14	15.28	15.28	14.81	15.01	39145987	587596224.00
2015/04/15	15.00	15.01	14.17	14.19	29601205	431203744.00
2015/04/16	14.05	14.56	13.88	14.40	26757574	382348576.00
2015/04/17	14.48	14.77	14.30	14.48	33855939	491157760.00
2015/04/20	14.36	14.78	14.09	14.20	38315905	552040832.00
2015/04/21	14.23	14.75	14.23	14.71	30126079	439230336.00
2015/04/22	14.78	15.35	14.75	15.13	45752852	691320192.00
2015/04/23	15.39	16.19	15.10	15.85	67036818	1045356992.00
2015/04/24	15.15	15.78	15.15	15.37	40914371	631840832.00
2015/04/27	15.55	16.16	15.10	15.80	69902249	1094573696.00
2015/04/28	15.70	15.80	14.73	15.17	39436720	600473856.00
2015/04/29	15.20	16.24	15.11	16.15	54649763	856041024.00
2015/04/30	16.08	16.17	15.62	15.68	44330101	702635072.00
2015/05/05	16.20	16.20	16.20	16.20	0	0.00
数据来源:通达信
