600090 啤酒花 日线 前复权
      日期	    开盘	    最高	    最低	    收盘	    成交量	    成交额
2011/10/10	10.04	10.19	9.97	10.07	1805802	18149384.00
2011/10/11	10.32	10.43	9.77	9.94	3083859	31253832.00
2011/10/12	9.85	10.41	9.80	10.32	4655002	47495392.00
2011/10/13	10.32	10.73	10.26	10.68	7320512	76850056.00
2011/10/14	10.58	10.79	10.55	10.71	4496204	47932248.00
2011/10/17	10.70	11.05	10.64	10.98	6367663	69049192.00
2011/10/18	10.98	10.98	10.71	10.96	5625681	60945772.00
2011/10/19	10.89	11.23	10.58	10.72	12626569	137424192.00
2011/10/20	10.53	10.73	10.07	10.25	12385969	126881496.00
2011/10/21	10.12	10.23	9.77	9.78	5810420	57578344.00
2011/10/24	9.78	9.85	9.05	9.73	5165722	49113456.00
2011/10/25	9.72	9.97	9.61	9.94	4808490	47249048.00
2011/10/26	9.80	10.11	9.72	9.91	5287419	52686600.00
2011/10/27	9.93	10.09	9.88	9.91	3472276	34624924.00
2011/10/28	10.03	10.18	9.94	10.15	5226180	52565504.00
2011/10/31	10.17	10.22	10.05	10.20	4501661	45684492.00
2011/11/01	10.10	10.18	10.04	10.12	3851441	38913148.00
2011/11/02	9.97	10.25	9.65	10.24	9858206	97873160.00
2011/11/03	10.20	10.75	10.18	10.46	13069012	136985040.00
2011/11/04	10.41	10.95	10.41	10.71	11871592	127727808.00
2011/11/07	10.68	10.91	10.55	10.62	6579291	70165552.00
2011/11/08	10.65	10.92	10.57	10.72	8874832	95412056.00
2011/11/09	10.73	11.04	10.71	10.92	8945650	97192256.00
2011/11/10	10.76	10.90	10.48	10.49	6694186	71191448.00
2011/11/11	10.52	10.58	10.38	10.49	4314326	45124496.00
2011/11/14	10.56	10.72	10.50	10.71	6829765	72569672.00
2011/11/15	10.68	10.70	10.52	10.62	5611977	59588488.00
2011/11/16	10.59	10.62	10.37	10.48	6852683	71589008.00
2011/11/17	10.69	11.10	10.67	10.87	20484348	223382576.00
2011/11/18	10.60	10.60	9.91	10.10	11382266	116883448.00
2011/11/21	10.00	10.11	9.80	10.00	3832530	37987468.00
2011/11/22	9.85	9.97	9.78	9.90	2902606	28677364.00
2011/11/23	9.96	10.06	9.89	9.97	3235565	32324172.00
2011/11/24	9.88	10.39	9.72	10.29	9264021	94618032.00
2011/11/25	10.20	10.33	9.98	10.00	5354653	54348580.00
2011/11/28	10.10	10.19	9.78	9.84	4293096	42405172.00
2011/11/29	9.98	10.04	9.84	10.03	3964424	39449968.00
2011/11/30	10.00	10.00	9.13	9.43	6414968	61448264.00
2011/12/01	9.75	9.79	9.52	9.54	4790556	46362112.00
2011/12/02	9.54	9.58	9.10	9.20	3624768	33624524.00
2011/12/05	9.18	9.19	8.86	8.88	3599588	32412088.00
2011/12/06	8.90	8.99	8.82	8.96	1710364	15257120.00
2011/12/07	8.96	9.04	8.91	8.99	1525545	13711163.00
2011/12/08	9.00	9.07	8.77	8.93	2192026	19578552.00
2011/12/09	8.90	8.95	8.74	8.75	1910751	16845216.00
2011/12/12	8.70	8.82	8.67	8.69	1434569	12521995.00
2011/12/13	8.65	8.70	8.14	8.15	3223425	26722326.00
2011/12/14	8.28	8.28	7.90	7.91	2123277	17169820.00
2011/12/15	7.80	7.80	7.40	7.45	3367084	25449348.00
2011/12/16	7.56	7.71	7.46	7.70	2334543	17666700.00
2011/12/19	7.72	7.78	7.48	7.75	2504199	19106434.00
2011/12/20	7.70	8.00	7.65	7.84	3439742	27112924.00
2011/12/21	7.89	7.98	7.52	7.56	3038292	23790816.00
2011/12/22	7.45	7.50	7.00	7.29	3270527	23714134.00
2011/12/23	7.27	7.55	7.22	7.41	2557702	19003680.00
2011/12/26	7.36	7.55	7.32	7.40	1846262	13794801.00
2011/12/27	7.40	7.40	7.08	7.10	2028468	14688942.00
2011/12/28	7.07	7.11	6.91	7.10	2229988	15638314.00
2011/12/29	7.10	7.29	7.02	7.19	2064783	14830830.00
2011/12/30	7.23	7.33	7.20	7.29	1882883	13708314.00
2012/01/04	7.40	7.47	7.09	7.10	2307236	16800488.00
2012/01/05	7.06	7.15	6.92	6.93	1639844	11512192.00
2012/01/06	6.82	6.97	6.68	6.92	2246231	15259454.00
2012/01/09	6.92	7.30	6.81	7.29	2967858	21166488.00
2012/01/10	7.35	7.93	7.27	7.73	7804844	59814364.00
2012/01/11	7.60	7.90	7.48	7.75	6560417	50474020.00
2012/01/12	7.65	8.21	7.58	7.92	8254382	64994268.00
2012/01/13	7.83	8.02	7.56	7.63	6348597	49413308.00
2012/01/16	7.55	7.56	7.27	7.29	3824625	28381640.00
2012/01/17	7.28	7.88	7.23	7.85	5559394	42320984.00
2012/01/18	7.89	8.09	7.71	7.76	5580222	44061360.00
2012/01/19	7.78	8.08	7.60	7.94	5059645	39869144.00
2012/01/20	7.99	8.00	7.78	7.89	3678304	28991024.00
2012/01/30	7.95	8.15	7.78	7.88	4715608	37658360.00
2012/01/31	7.81	7.95	7.75	7.87	2870518	22477844.00
2012/02/01	7.80	7.97	7.71	7.77	3077500	24077594.00
2012/02/02	7.80	7.96	7.77	7.96	3984406	31429932.00
2012/02/03	7.93	8.18	7.89	8.12	6845871	55467416.00
2012/02/06	8.20	8.23	8.00	8.09	4812403	38953252.00
2012/02/07	7.96	8.02	7.80	7.85	3913991	30919968.00
2012/02/08	7.86	8.64	7.82	8.64	13478324	112919696.00
2012/02/09	8.66	8.93	8.61	8.82	20014610	175027792.00
2012/02/10	8.77	8.85	8.63	8.78	9339393	81535800.00
2012/02/13	8.69	8.99	8.63	8.87	10007975	88473160.00
2012/02/14	8.83	8.90	8.67	8.74	6710536	58771836.00
2012/02/15	8.65	8.92	8.63	8.88	8846183	77938488.00
2012/02/16	8.85	9.03	8.72	9.02	8755802	77541768.00
2012/02/17	9.01	9.04	8.76	8.87	5989851	53215776.00
2012/02/20	8.93	8.98	8.81	8.82	5931762	52658876.00
2012/02/21	8.82	8.92	8.71	8.90	6146391	54266344.00
2012/02/22	8.89	9.06	8.82	9.05	9230796	82714592.00
2012/02/23	9.00	9.24	8.96	9.19	12410030	113430592.00
2012/02/24	9.15	9.21	9.06	9.19	7306974	66782336.00
2012/02/27	9.21	9.34	9.00	9.10	9378283	86252448.00
2012/02/28	9.07	9.07	8.76	8.92	8272549	73617744.00
2012/02/29	8.88	9.06	8.79	8.91	6521177	58261172.00
2012/03/01	8.80	8.98	8.78	8.91	4270934	38006672.00
2012/03/02	8.95	9.49	8.95	9.21	12591277	116587384.00
2012/03/05	9.17	9.66	9.12	9.44	15779867	147981248.00
2012/03/06	9.40	9.59	9.20	9.31	9719522	91094944.00
2012/03/07	9.23	9.66	9.10	9.46	12294766	116302808.00
2012/03/08	9.55	9.60	9.38	9.51	7773130	73634648.00
2012/03/09	9.55	9.67	9.38	9.59	10116193	96551776.00
2012/03/12	9.66	9.69	9.40	9.50	7753830	73764896.00
2012/03/13	9.50	9.55	9.41	9.53	6683335	63360356.00
2012/03/14	9.55	9.72	8.85	8.94	13460319	125784360.00
2012/03/15	8.98	9.11	8.56	8.77	7202884	63601240.00
2012/03/16	8.77	9.65	8.77	9.65	24366177	230186576.00
2012/03/19	9.67	9.68	9.38	9.58	15291666	145942096.00
2012/03/20	9.60	9.94	9.20	9.81	22445863	215243984.00
2012/03/21	9.70	10.35	9.62	10.10	24123904	242432064.00
2012/03/22	10.12	10.14	9.85	9.92	11235410	112034544.00
2012/03/23	9.80	10.10	9.66	9.68	14719609	146066960.00
2012/03/26	9.60	9.78	9.28	9.40	9611592	91345000.00
2012/03/28	9.23	9.30	8.80	8.85	9680979	86630168.00
2012/03/29	8.80	9.02	8.58	8.84	7912914	69624336.00
2012/03/30	8.82	8.87	8.38	8.45	7396587	63646616.00
2012/04/05	8.48	9.04	8.42	8.90	6206206	54334496.00
2012/04/06	8.90	9.16	8.80	9.00	6986942	62950664.00
2012/04/09	8.78	8.82	8.50	8.64	7290435	63347008.00
2012/04/10	8.60	8.65	8.31	8.64	7004096	59300656.00
2012/04/11	8.55	8.70	8.46	8.65	4619386	39673188.00
2012/04/12	8.60	8.95	8.60	8.87	6951783	61091072.00
2012/04/13	8.89	9.20	8.81	9.07	9988388	90201408.00
2012/04/16	9.00	9.68	8.90	9.29	14230035	133083000.00
2012/04/17	9.19	9.28	9.02	9.04	7603708	69395504.00
2012/04/18	9.10	9.35	9.08	9.31	8399279	77684320.00
2012/04/19	9.32	9.71	9.15	9.52	15243861	144203088.00
2012/04/20	9.41	9.59	9.35	9.44	9487281	89609616.00
2012/04/23	9.39	9.43	9.11	9.15	7304972	67576672.00
2012/04/24	9.10	9.27	8.70	9.02	7745887	69421552.00
2012/04/25	8.99	9.12	8.90	9.08	5230351	47296616.00
2012/04/26	9.09	9.13	8.87	8.96	5262315	47358172.00
2012/04/27	8.90	9.33	8.86	9.14	9116889	83497408.00
2012/05/02	9.26	9.31	9.09	9.27	9137713	84135936.00
2012/05/03	9.27	9.56	9.20	9.40	11655215	109902376.00
2012/05/04	9.38	9.44	9.25	9.42	6479519	60609676.00
2012/05/07	9.36	9.76	9.31	9.61	12246958	116957056.00
2012/05/08	9.58	9.61	9.36	9.46	7575737	71647288.00
2012/05/09	9.35	9.41	9.14	9.15	7673279	71040560.00
2012/05/10	9.10	9.28	9.10	9.18	4687060	43096428.00
2012/05/11	9.18	9.40	9.11	9.30	6502784	60423492.00
2012/05/14	9.36	9.65	9.28	9.41	10993684	104125688.00
2012/05/15	9.26	9.42	9.18	9.40	6422038	59771768.00
2012/05/16	9.39	9.68	9.37	9.57	14462637	138393728.00
2012/05/17	9.58	9.80	9.39	9.78	15964882	153832528.00
2012/05/18	9.62	9.74	9.28	9.40	11077940	105269920.00
2012/05/21	9.36	10.34	9.20	9.81	34404875	345424512.00
2012/05/22	9.60	10.79	9.46	10.79	57226457	593970944.00
2012/05/23	10.60	10.97	10.47	10.70	47440152	505372512.00
2012/05/24	10.65	10.65	10.30	10.37	26156527	273356768.00
2012/05/25	10.34	10.58	10.15	10.48	21730321	225502896.00
2012/05/28	10.33	10.55	10.05	10.50	18240838	188834464.00
2012/05/30	10.57	10.79	10.28	10.33	20252612	212428352.00
2012/05/31	10.22	10.43	10.11	10.28	11122525	114310464.00
2012/06/01	10.28	10.46	10.16	10.19	12166084	125174440.00
2012/06/04	10.00	10.70	9.90	10.39	20158280	208613104.00
2012/06/05	10.36	10.46	9.97	10.15	11643365	118777736.00
2012/06/06	10.19	10.45	10.00	10.29	14359075	147642080.00
2012/06/07	10.39	10.45	10.11	10.22	10776877	110767872.00
2012/06/08	10.30	10.32	9.61	9.70	12301304	123197752.00
2012/06/11	9.62	9.75	9.23	9.52	14372370	135628688.00
2012/06/12	9.43	9.49	9.28	9.29	6953934	65112264.00
2012/06/13	9.37	9.50	9.30	9.46	6577477	61999456.00
2012/06/14	9.45	9.70	9.40	9.55	9270243	88843872.00
2012/06/15	9.50	9.62	9.29	9.39	6510009	61433044.00
2012/06/18	9.42	9.64	9.42	9.62	6456363	61796616.00
2012/06/19	9.68	9.69	9.48	9.51	4654767	44423924.00
2012/06/20	9.50	9.55	9.17	9.21	7909719	73569368.00
2012/06/21	9.22	9.24	8.96	9.06	5137620	46459788.00
2012/06/25	9.04	9.04	8.70	8.73	4074245	36103384.00
2012/06/26	8.67	8.84	8.43	8.83	5258775	45444180.00
2012/06/27	8.79	8.90	8.61	8.62	3779138	33122886.00
2012/06/28	8.65	8.74	8.46	8.47	3480094	29831024.00
2012/06/29	8.45	8.90	8.44	8.75	5406831	47191956.00
2012/07/02	8.79	9.14	8.68	9.02	7564955	67732464.00
2012/07/03	9.00	9.00	8.81	8.92	5193566	46287264.00
2012/07/04	8.91	9.04	8.85	8.93	3484551	31163064.00
2012/07/05	8.91	8.91	8.55	8.56	4270220	36895836.00
2012/07/06	8.62	8.84	8.57	8.80	5049129	44032592.00
2012/07/09	8.72	8.94	8.58	8.61	4488436	39314576.00
2012/07/10	8.58	8.66	8.40	8.42	3180319	26999558.00
2012/07/11	8.43	8.48	8.12	8.28	4622359	38177892.00
2012/07/12	8.28	8.45	8.16	8.41	4011363	33527792.00
2012/07/13	9.11	9.13	8.52	8.58	5942740	51647516.00
2012/07/16	8.53	8.60	8.17	8.20	4235896	35342868.00
2012/07/17	8.17	8.25	7.97	8.22	2909606	23633848.00
2012/07/18	8.20	8.23	8.03	8.22	2688362	21824072.00
2012/07/19	8.22	8.41	8.11	8.31	3770812	31313482.00
2012/07/20	8.31	8.50	8.25	8.41	3928454	32937640.00
2012/07/23	8.35	8.39	8.16	8.19	2649128	21825568.00
2012/07/24	8.11	8.30	8.10	8.26	1909174	15695144.00
2012/07/25	8.23	8.28	8.12	8.13	2130326	17440008.00
2012/07/26	8.12	8.25	8.02	8.09	2381307	19392052.00
2012/07/27	8.12	8.17	7.97	8.01	2044969	16462910.00
2012/07/30	8.01	8.07	7.37	7.39	4579972	35002552.00
2012/07/31	7.38	7.39	7.06	7.13	3571037	25651104.00
2012/08/01	7.16	7.32	7.11	7.23	2045718	14798389.00
2012/08/02	7.23	7.27	7.12	7.15	1652207	11846864.00
2012/08/03	7.18	7.30	7.16	7.30	2068463	14990913.00
2012/08/06	7.31	7.55	7.27	7.53	3401570	25294132.00
2012/08/07	7.56	7.71	7.50	7.67	3225323	24604690.00
2012/08/08	7.68	7.74	7.56	7.63	3126469	23936790.00
2012/08/09	7.60	7.79	7.57	7.76	3796397	29273716.00
2012/08/10	7.76	8.12	7.76	7.88	5757092	45731864.00
2012/08/13	7.80	7.80	7.46	7.47	4290809	32707370.00
2012/08/14	7.45	7.53	7.23	7.50	2744201	20298306.00
2012/08/15	7.51	7.63	7.40	7.46	2170891	16327167.00
2012/08/16	7.41	7.57	7.37	7.39	1727493	12895078.00
2012/08/17	7.42	7.56	7.33	7.45	2071862	15348938.00
2012/08/20	7.41	7.45	7.30	7.40	1529706	11265562.00
2012/08/21	7.44	7.55	7.37	7.51	2843294	21332164.00
2012/08/22	7.52	7.66	7.47	7.53	2391949	18077648.00
2012/08/23	7.52	7.67	7.52	7.63	2858812	21756452.00
2012/08/24	7.68	7.68	7.37	7.39	3123837	23393224.00
2012/08/27	7.38	7.38	7.11	7.16	2364350	16959020.00
2012/08/28	7.15	7.30	7.14	7.27	1537149	11097494.00
2012/08/29	7.22	7.29	7.10	7.11	1951163	14011001.00
2012/08/30	7.09	7.28	6.86	7.26	3034212	21481734.00
2012/08/31	7.13	7.27	7.10	7.17	2208088	15873576.00
2012/09/03	7.20	7.35	7.18	7.32	3287761	23955080.00
2012/09/04	7.34	7.42	7.17	7.22	3224021	23564770.00
2012/09/05	7.18	7.30	7.15	7.21	1934123	13981002.00
2012/09/06	7.27	7.34	7.20	7.34	2490025	18124128.00
2012/09/07	7.39	7.74	7.35	7.59	7166492	54233116.00
2012/09/10	7.61	7.73	7.51	7.66	5076517	38709216.00
2012/09/11	7.63	7.85	7.54	7.73	5844195	44847600.00
2012/09/12	7.74	7.84	7.69	7.79	5242643	40679052.00
2012/09/13	7.79	7.79	7.50	7.54	4461918	34152324.00
2012/09/14	7.65	8.06	7.53	7.92	11525878	89982952.00
2012/09/17	7.89	8.25	7.85	8.04	16394733	132915768.00
2012/09/18	7.94	7.97	7.70	7.80	6938891	54490288.00
2012/09/19	7.80	8.16	7.64	8.10	8438465	66848320.00
2012/09/20	8.01	8.44	7.88	7.89	12568778	102355496.00
2012/09/21	7.80	8.13	7.58	7.71	8625213	67604896.00
2012/09/24	7.60	7.88	7.57	7.83	5243384	40758704.00
2012/09/25	7.80	7.81	7.62	7.66	3825773	29504512.00
2012/09/26	7.60	7.70	7.22	7.27	5381941	39879736.00
2012/09/27	7.25	7.53	7.17	7.42	4286925	31499508.00
2012/09/28	7.38	7.59	7.30	7.54	3562706	26683230.00
2012/10/08	7.50	7.65	7.34	7.41	3096599	23074036.00
2012/10/09	7.41	7.65	7.40	7.63	4504505	34041436.00
2012/10/10	7.63	7.82	7.55	7.79	5758830	44364084.00
2012/10/11	7.73	8.08	7.73	7.90	10511375	83012864.00
2012/10/12	7.90	7.97	7.73	7.85	7196975	56523448.00
2012/10/15	7.87	7.98	7.83	7.87	6596367	52147512.00
2012/10/16	7.89	7.94	7.65	7.75	5843046	45462276.00
2012/10/17	7.80	7.81	7.65	7.71	3528148	27199948.00
2012/10/18	7.71	7.85	7.70	7.80	5061624	39421008.00
2012/10/19	7.77	7.83	7.68	7.70	3653266	28285576.00
2012/10/22	7.63	7.72	7.51	7.67	3583500	27240664.00
2012/10/23	7.64	7.71	7.50	7.53	3404677	25899976.00
2012/10/24	7.45	7.64	7.42	7.54	2499916	18827912.00
2012/10/25	7.57	7.64	7.43	7.44	2374479	17852068.00
2012/10/26	7.44	7.50	7.20	7.27	3189221	23305644.00
2012/10/29	7.26	7.30	7.20	7.27	1256254	9118762.00
2012/10/30	7.25	7.34	7.20	7.27	1668353	12120162.00
2012/10/31	7.28	7.40	7.27	7.32	1813526	13292917.00
2012/11/01	7.35	7.50	7.33	7.49	2723515	20221012.00
2012/11/02	7.48	7.52	7.40	7.48	2105332	15726226.00
2012/11/05	7.46	7.76	7.45	7.61	5396697	41091504.00
2012/11/06	7.56	7.57	7.33	7.43	3375506	25068418.00
2012/11/07	7.43	7.45	7.30	7.39	1935228	14270227.00
2012/11/08	7.32	7.32	7.11	7.13	3158858	22831892.00
2012/11/09	7.13	7.20	7.09	7.13	1578568	11265982.00
2012/11/12	7.16	7.19	7.08	7.17	1490891	10654739.00
2012/11/13	7.16	7.22	7.00	7.02	2109149	14965738.00
2012/11/14	7.02	7.07	6.97	7.07	1328482	9320002.00
2012/11/15	7.03	7.03	6.88	6.90	1347819	9362070.00
2012/11/16	6.91	6.92	6.73	6.80	1572768	10708460.00
2012/11/19	6.82	6.85	6.73	6.83	1039346	7062949.00
2012/11/20	6.86	6.97	6.82	6.88	1231190	8485644.00
2012/11/21	6.86	6.95	6.72	6.93	1318617	9044305.00
2012/11/22	6.88	6.93	6.82	6.83	1147121	7885346.00
2012/11/23	6.78	7.03	6.78	6.91	2158303	14992284.00
2012/11/26	6.85	6.90	6.69	6.75	1579417	10695502.00
2012/11/27	6.69	6.77	6.43	6.45	1859409	12233319.00
2012/11/28	6.40	6.42	6.10	6.12	2516080	15613480.00
2012/11/29	6.12	6.23	5.97	5.98	1530755	9363273.00
2012/11/30	5.99	6.08	5.95	6.04	1243643	7509874.00
2012/12/03	6.04	6.07	5.75	5.76	1529950	9057812.00
2012/12/04	5.72	5.95	5.68	5.92	2431222	14153714.00
2012/12/05	5.90	6.20	5.85	6.16	2803773	17091532.00
2012/12/06	6.16	6.19	6.09	6.15	1463825	8977812.00
2012/12/07	6.13	6.30	6.10	6.28	2656114	16566150.00
2012/12/10	6.31	6.43	6.23	6.39	3089916	19582794.00
2012/12/11	6.36	6.53	6.30	6.41	3930173	25298568.00
2012/12/12	6.38	6.54	6.38	6.49	2918219	18858558.00
2012/12/13	6.47	6.75	6.38	6.49	6364998	41965776.00
2012/12/14	6.43	6.71	6.40	6.68	6282546	41571760.00
2012/12/17	6.68	6.85	6.66	6.76	4924139	33206484.00
2012/12/18	6.72	6.82	6.63	6.65	4200201	28232492.00
2012/12/19	6.65	6.76	6.56	6.68	2847169	18984484.00
2012/12/20	6.66	6.73	6.52	6.70	7045900	46405936.00
2012/12/21	6.64	6.86	6.63	6.79	8693183	58827212.00
2012/12/24	6.75	6.99	6.71	6.97	10612246	72805144.00
2012/12/25	6.92	7.01	6.82	6.98	12548933	86773008.00
2012/12/26	6.93	6.96	6.86	6.95	6447472	44558600.00
2012/12/27	6.95	6.97	6.84	6.84	5328731	36787384.00
2012/12/28	6.83	6.93	6.81	6.90	3531110	24285512.00
2012/12/31	6.90	6.98	6.87	6.91	3824857	26486732.00
2013/01/04	6.93	7.03	6.77	6.94	6420906	44504848.00
2013/01/07	6.94	7.18	6.86	7.05	6785020	47602020.00
2013/01/08	7.06	7.29	7.05	7.18	9253644	66394900.00
2013/01/09	7.20	7.24	7.04	7.17	5727350	40989388.00
2013/01/10	7.16	7.20	7.06	7.12	4613541	32841960.00
2013/01/11	7.11	7.15	6.87	6.90	5360162	37664776.00
2013/01/14	6.90	7.06	6.76	7.05	5005083	34908344.00
2013/01/15	7.04	7.22	7.01	7.18	7714804	55053280.00
2013/01/16	7.16	7.28	7.08	7.26	8667910	62365552.00
2013/01/17	7.24	7.34	7.10	7.15	5087477	36588076.00
2013/01/18	7.17	7.24	7.08	7.18	4518669	32359652.00
2013/01/21	7.21	7.28	7.12	7.28	5855375	42148236.00
2013/01/22	7.28	7.28	7.08	7.11	5230172	37512884.00
2013/01/23	7.10	7.12	6.90	7.06	4793488	33595400.00
2013/01/24	7.05	7.12	6.82	6.83	5479941	38287240.00
2013/01/25	6.82	6.93	6.81	6.85	2010037	13777335.00
2013/01/28	6.90	6.98	6.85	6.96	2993192	20700964.00
2013/01/29	6.91	6.93	6.84	6.89	6665845	45795840.00
2013/01/30	6.88	6.89	6.78	6.84	4732583	32280072.00
2013/01/31	6.83	6.93	6.78	6.93	5294815	36293136.00
2013/02/01	6.86	7.04	6.85	7.02	5416204	37566352.00
2013/02/04	7.01	7.22	6.91	7.13	10054474	71253864.00
2013/02/05	7.08	7.15	6.94	7.06	6569488	46211704.00
2013/02/06	7.07	7.09	7.00	7.04	3743037	26399012.00
2013/02/07	7.04	7.13	6.99	7.10	4304464	30483840.00
2013/02/08	7.04	7.14	7.04	7.11	3398696	24169888.00
2013/02/18	7.11	7.23	7.08	7.18	6497138	46520064.00
2013/02/19	7.19	7.42	7.15	7.32	14650750	107119664.00
2013/02/20	7.28	7.37	7.21	7.34	6416862	46807572.00
2013/02/21	7.27	7.43	7.18	7.22	7487434	54576492.00
2013/02/22	7.20	7.29	7.09	7.12	5392633	38803344.00
2013/02/25	7.07	7.18	6.99	7.06	4885634	34463920.00
2013/02/26	7.04	7.08	6.91	6.92	3966153	27766598.00
2013/02/27	6.93	7.01	6.89	6.95	2636748	18302340.00
2013/02/28	6.97	7.04	6.90	7.04	3040697	21231866.00
2013/03/01	7.04	7.08	6.99	7.08	3856335	27137420.00
2013/03/04	7.05	7.05	6.75	6.80	4381716	30246444.00
2013/03/05	7.18	7.48	7.14	7.27	15684882	113819288.00
2013/03/06	7.12	7.38	7.10	7.36	11873679	86472544.00
2013/03/07	7.33	7.56	7.23	7.46	16581621	123491352.00
2013/03/08	7.46	7.47	7.30	7.32	6461911	47517532.00
2013/03/11	7.33	7.47	7.21	7.27	4766704	35019344.00
2013/03/12	7.27	7.35	7.02	7.14	4877401	34949168.00
2013/03/13	7.10	7.14	7.01	7.11	3366364	23808124.00
2013/03/14	7.10	7.16	7.06	7.09	2648769	18824628.00
2013/03/15	7.12	7.13	6.92	7.04	3542501	24971734.00
2013/03/18	7.00	7.00	6.80	6.81	4409356	30323040.00
2013/03/19	6.85	6.89	6.65	6.76	3373470	22775348.00
2013/03/20	6.73	6.93	6.73	6.92	2844884	19523484.00
2013/03/21	6.92	7.03	6.90	6.98	3313682	23095636.00
2013/03/22	7.00	7.00	6.89	6.95	2798411	19415434.00
2013/03/25	6.95	7.13	6.95	7.11	4903336	34606424.00
2013/03/26	7.05	7.09	6.93	7.02	2917450	20377904.00
2013/03/27	7.04	7.17	6.97	7.12	5338477	37830512.00
2013/03/28	7.11	7.11	6.87	6.87	4031634	27870746.00
2013/03/29	6.88	6.95	6.81	6.85	1802630	12375826.00
2013/04/01	6.85	6.90	6.75	6.77	1937731	13252035.00
2013/04/02	6.76	6.87	6.69	6.70	2786579	18773200.00
2013/04/03	6.70	6.75	6.60	6.68	1983858	13215447.00
2013/04/08	6.60	6.72	6.50	6.71	2213062	14579214.00
2013/04/09	6.71	6.80	6.68	6.73	1665261	11237666.00
2013/04/10	6.71	6.85	6.69	6.77	2183233	14793308.00
2013/04/11	6.79	6.85	6.61	6.65	1973472	13303547.00
2013/04/12	6.65	6.70	6.59	6.63	1241081	8244941.00
2013/04/15	6.61	6.63	6.50	6.52	1539105	10057830.00
2013/04/16	6.43	6.56	6.35	6.53	1772821	11423941.00
2013/04/17	6.52	6.53	6.40	6.47	1662595	10763916.00
2013/04/18	6.43	6.50	6.38	6.43	1362958	8781999.00
2013/04/19	6.43	6.63	6.43	6.59	2562266	16784672.00
2013/04/22	6.50	6.62	6.48	6.62	2406970	15790298.00
2013/04/23	6.63	6.66	6.39	6.42	2438762	15762620.00
2013/04/24	6.46	6.53	6.40	6.46	2052694	13238215.00
2013/04/25	6.45	6.45	6.25	6.27	3180207	20157220.00
2013/04/26	6.31	6.31	6.18	6.20	1564977	9759685.00
2013/05/02	6.30	6.56	6.30	6.49	4266874	27596026.00
2013/05/03	6.50	6.63	6.44	6.61	3813775	25001008.00
2013/05/06	6.61	6.65	6.56	6.64	3353594	22175756.00
2013/05/07	6.62	6.72	6.58	6.68	3179474	21152592.00
2013/05/08	6.68	6.72	6.64	6.67	3270074	21816872.00
2013/05/09	6.69	6.69	6.57	6.66	2791492	18494118.00
2013/05/10	6.66	6.81	6.61	6.77	3778991	25359358.00
2013/05/13	6.80	6.85	6.70	6.74	3272097	22080180.00
2013/05/14	6.74	6.74	6.58	6.66	2634575	17492052.00
2013/05/15	6.62	6.71	6.60	6.70	2099432	14014563.00
2013/05/16	6.71	6.79	6.64	6.78	3834361	25779678.00
2013/05/17	6.79	6.92	6.74	6.91	5645137	38726408.00
2013/05/20	6.95	7.27	6.91	7.14	11405457	81608504.00
2013/05/21	7.10	7.33	7.07	7.26	9138147	66176168.00
2013/05/22	7.26	7.29	7.11	7.18	5921812	42649164.00
2013/05/23	7.17	7.26	7.05	7.07	5323372	38169072.00
2013/05/24	7.05	7.14	7.04	7.11	5287189	37461288.00
2013/05/27	7.09	7.18	7.06	7.16	4239775	30232834.00
2013/05/28	7.11	7.25	7.08	7.23	5854796	41982804.00
2013/05/29	7.24	7.38	7.19	7.30	7928450	57863376.00
2013/05/30	7.25	7.33	7.19	7.25	4473852	32379552.00
2013/05/31	7.25	7.33	7.20	7.22	4737555	34348692.00
2013/06/03	7.22	7.26	7.07	7.11	4233858	30264730.00
2013/06/04	7.11	7.11	6.90	6.99	4519707	31601310.00
2013/06/05	6.99	7.10	6.94	7.05	2900581	20372272.00
2013/06/06	7.04	7.24	6.95	7.13	6841982	48909476.00
2013/06/07	7.18	7.18	6.87	6.90	4663110	32677952.00
2013/06/13	6.85	6.85	6.45	6.59	3237154	21391408.00
2013/06/14	6.63	6.67	6.56	6.64	2274712	15061479.00
2013/06/17	6.64	6.79	6.60	6.76	2789879	18703502.00
2013/06/18	6.68	6.78	6.68	6.75	1936316	13021638.00
2013/06/19	6.71	6.74	6.48	6.71	3111281	20538696.00
2013/06/20	6.67	6.77	6.56	6.57	2420459	16108758.00
2013/06/21	6.40	6.54	6.19	6.46	2530899	16088039.00
2013/06/24	6.41	6.42	5.91	6.00	3362897	20688684.00
2013/06/25	6.00	6.06	5.40	5.90	3702500	21377980.00
2013/06/26	5.91	5.96	5.78	5.96	2586324	15249555.00
2013/06/27	5.98	6.05	5.84	5.85	2845107	16934476.00
2013/06/28	5.85	5.95	5.70	5.84	1961646	11440907.00
2013/07/01	5.80	5.92	5.74	5.87	1836902	10715046.00
2013/07/02	5.89	6.04	5.84	6.01	2982592	17761784.00
2013/07/03	5.99	6.02	5.78	5.92	2924190	17281044.00
2013/07/04	5.90	6.04	5.78	5.97	4231359	25078492.00
2013/07/05	5.98	6.04	5.93	5.98	3475254	20788368.00
2013/07/08	5.99	6.58	5.83	6.46	18059443	115290776.00
2013/07/09	6.34	6.60	6.24	6.48	12033638	76932216.00
2013/07/10	6.40	6.57	6.30	6.56	8360060	54065600.00
2013/07/11	6.56	6.74	6.46	6.65	11177563	74180080.00
2013/07/12	6.68	6.98	6.61	6.62	10789769	73372008.00
2013/07/15	6.57	6.70	6.46	6.62	7017675	46232792.00
2013/07/16	6.60	6.68	6.51	6.64	5395438	35576816.00
2013/07/17	6.60	6.63	6.36	6.37	6182977	40142312.00
2013/07/18	6.35	6.46	6.29	6.33	3451721	21961648.00
2013/07/19	6.33	6.38	6.08	6.10	4822782	30131924.00
2013/07/22	6.00	6.16	5.99	6.15	2998852	18282770.00
2013/07/23	6.16	6.37	6.16	6.35	4008033	25159468.00
2013/07/24	6.31	6.40	6.25	6.34	3628868	22958950.00
2013/07/25	6.32	6.60	6.20	6.50	7806986	50157756.00
2013/07/26	6.40	6.47	6.25	6.31	4849345	30756350.00
2013/07/29	6.20	6.28	6.10	6.12	3255079	20035800.00
2013/07/30	6.10	6.22	6.06	6.16	2300370	14148727.00
2013/07/31	6.17	6.24	6.12	6.13	2718756	16789188.00
2013/08/01	6.13	6.44	6.12	6.34	5662418	35788256.00
2013/08/02	6.34	6.47	6.31	6.36	4566530	29180490.00
2013/08/05	6.34	6.44	6.31	6.43	3586220	22916104.00
2013/08/06	6.40	6.52	6.36	6.50	5206307	33588728.00
2013/08/07	6.47	6.52	6.37	6.40	4683550	30159446.00
2013/08/08	6.40	6.57	6.39	6.49	4384402	28477424.00
2013/08/09	6.48	6.55	6.38	6.51	4654265	30159804.00
2013/08/12	6.52	6.71	6.52	6.66	7072378	46760360.00
2013/08/13	6.66	6.66	6.58	6.66	4332427	28689768.00
2013/08/14	6.66	6.68	6.51	6.54	4333031	28634240.00
2013/08/15	6.54	6.62	6.41	6.42	3845885	25092740.00
2013/08/16	6.31	6.54	6.31	6.32	4279104	27403432.00
2013/08/19	6.25	6.43	6.25	6.41	2084792	13270045.00
2013/08/20	6.41	6.53	6.37	6.44	3065609	19771800.00
2013/08/21	6.46	6.64	6.42	6.63	6291997	41409868.00
2013/08/22	6.66	6.68	6.57	6.62	4207042	27869764.00
2013/08/23	6.65	6.65	6.43	6.52	4048403	26456410.00
2013/08/26	6.55	6.72	6.55	6.71	5711046	38090628.00
2013/08/27	7.01	7.29	6.92	7.01	22739787	160737920.00
2013/08/28	7.06	7.71	7.06	7.70	38489686	287276736.00
2013/08/29	7.48	7.65	7.41	7.53	18847521	141767568.00
2013/08/30	7.47	7.80	7.32	7.58	18219919	137780992.00
2013/09/02	7.56	7.75	7.26	7.44	10899214	81200024.00
2013/09/03	7.42	7.65	7.32	7.58	11586087	87478376.00
2013/09/04	7.59	8.13	7.40	8.02	20521858	159009296.00
2013/09/05	7.86	7.92	7.72	7.76	14971413	116827616.00
2013/09/06	7.67	7.73	7.56	7.67	9739327	74412008.00
2013/09/09	7.65	7.72	7.58	7.67	8957997	68602896.00
2013/09/10	7.69	7.70	7.48	7.56	10991890	83106152.00
2013/09/11	7.57	7.63	7.39	7.40	9283881	69271800.00
2013/09/12	7.41	7.51	7.35	7.44	6665249	49454396.00
2013/09/13	7.47	7.59	7.41	7.56	7638797	57369160.00
2013/09/16	7.58	7.60	7.42	7.45	4844037	36272808.00
2013/09/17	7.42	7.68	7.42	7.51	9023453	68499912.00
2013/09/18	7.51	7.53	7.32	7.47	5332945	39507636.00
2013/09/23	7.47	7.61	7.44	7.60	6482841	48958428.00
2013/09/24	7.61	7.64	7.42	7.47	5433043	40699992.00
2013/09/25	7.48	7.63	7.47	7.58	6924966	52427924.00
2013/09/26	7.55	7.60	7.34	7.35	4516600	33568640.00
2013/09/27	7.35	7.36	7.06	7.09	5831274	41789872.00
2013/09/30	7.13	7.17	7.04	7.16	3063728	21793784.00
2013/10/08	7.16	7.27	7.09	7.25	3525047	25377352.00
2013/10/09	7.23	7.29	7.18	7.29	3708001	26818280.00
2013/10/10	7.29	7.38	7.21	7.30	3956550	28859926.00
2013/10/11	7.31	7.45	7.31	7.42	4776958	35330272.00
2013/10/14	7.39	7.86	7.39	7.67	11795783	90841888.00
2013/10/15	7.62	7.68	7.43	7.63	6682558	50607504.00
2013/10/16	7.57	7.79	7.45	7.63	8302810	63336092.00
2013/10/17	7.74	7.80	7.46	7.48	8006581	61098092.00
2013/10/18	7.48	7.59	7.37	7.58	4847244	36274756.00
2013/10/21	7.61	7.73	7.55	7.71	6657637	51140988.00
2013/10/22	7.72	7.76	7.48	7.51	6311907	47846120.00
2013/10/23	7.53	7.53	7.15	7.21	6335891	46359088.00
2013/10/24	7.20	7.29	7.17	7.21	2945672	21267276.00
2013/10/25	7.21	7.27	7.07	7.11	3392759	24193618.00
2013/10/28	7.13	7.18	7.05	7.17	2343432	16658070.00
2013/10/29	7.20	7.26	6.78	6.92	4768550	33444018.00
2013/10/30	6.88	7.00	6.88	6.99	2561031	17813670.00
2013/10/31	7.00	7.15	6.92	7.04	4186727	29498888.00
2013/11/01	7.05	7.30	7.00	7.25	5673870	40946240.00
2013/11/04	7.26	7.41	7.19	7.32	4334827	31732710.00
2013/11/05	7.29	7.34	7.19	7.33	2976179	21723964.00
2013/11/06	7.28	7.55	7.23	7.48	8229108	61203720.00
2013/11/07	7.45	7.54	7.33	7.36	5605764	41744976.00
2013/11/08	7.36	7.38	7.02	7.06	5100034	36827408.00
2013/11/11	7.00	7.31	6.99	7.24	2913173	20965140.00
2013/11/12	7.20	7.41	7.13	7.39	3888111	28505720.00
2013/11/13	7.39	7.39	7.14	7.15	3084712	22394984.00
2013/11/14	7.12	7.30	7.12	7.22	2357670	16963276.00
2013/11/15	7.22	7.50	7.16	7.46	6008010	44303544.00
2013/11/18	7.46	7.60	7.41	7.59	7764160	58511456.00
2013/11/19	7.58	7.60	7.44	7.51	5381573	40405368.00
2013/11/20	7.49	7.74	7.49	7.68	8001421	61308912.00
2013/11/21	7.70	7.70	7.54	7.62	5458995	41507336.00
2013/11/22	7.63	7.65	7.46	7.48	3770758	28417652.00
2013/11/25	7.44	7.75	7.38	7.74	10348399	79507840.00
2013/11/26	7.70	7.91	7.60	7.60	7682051	59384456.00
2013/11/27	7.56	7.69	7.55	7.66	4575605	34864304.00
2013/11/28	7.68	7.73	7.53	7.69	7201178	55073696.00
2013/11/29	7.65	7.69	7.49	7.62	7506787	56874528.00
2013/12/02	7.35	7.39	7.02	7.10	12018502	86643144.00
2013/12/03	7.08	7.23	6.99	7.20	5435938	38613788.00
2013/12/04	7.20	7.31	7.13	7.28	6431570	46625704.00
2013/12/05	7.25	7.29	7.20	7.25	3708314	26834668.00
2013/12/06	7.25	7.30	7.18	7.22	3137797	22700070.00
2013/12/09	7.22	7.33	7.20	7.28	3954797	28742416.00
2013/12/10	7.29	7.33	7.23	7.29	3807419	27757566.00
2013/12/11	7.30	7.31	7.01	7.11	5254641	37501892.00
2013/12/12	7.07	7.18	7.05	7.16	2413557	17212136.00
2013/12/13	7.14	7.25	7.10	7.18	2323001	16709505.00
2013/12/16	7.18	7.20	7.10	7.13	2293633	16376818.00
2013/12/17	7.10	7.16	7.08	7.15	1864317	13270417.00
2013/12/18	7.18	7.20	7.06	7.14	1567472	11172540.00
2013/12/19	7.17	7.17	7.05	7.06	2201640	15637407.00
2013/12/20	7.08	7.09	6.80	6.82	3498755	24143842.00
2013/12/23	6.83	6.86	6.71	6.73	2175754	14738394.00
2013/12/24	6.76	6.83	6.73	6.78	1824792	12382870.00
2013/12/25	6.82	6.85	6.75	6.84	1250490	8519894.00
2013/12/26	6.85	6.87	6.70	6.70	2033350	13757772.00
2013/12/27	6.70	6.82	6.65	6.79	2951914	19890516.00
2013/12/30	6.80	6.85	6.76	6.85	2169194	14791470.00
2013/12/31	6.80	6.95	6.78	6.93	2473213	17019620.00
2014/01/02	6.90	6.97	6.86	6.92	2113758	14629512.00
2014/01/03	6.93	6.93	6.75	6.80	1909751	13007456.00
2014/01/06	6.80	6.80	6.60	6.62	2074294	13875093.00
2014/01/07	6.51	6.69	6.50	6.57	1812450	11950280.00
2014/01/08	6.55	6.68	6.53	6.57	1666108	10983836.00
2014/01/09	6.58	6.64	6.39	6.39	1598491	10453381.00
2014/01/10	6.26	6.39	6.14	6.16	2349201	14667447.00
2014/01/13	6.18	6.29	6.16	6.18	1895590	11759690.00
2014/01/14	6.25	6.31	6.17	6.31	1460866	9141350.00
2014/01/15	6.31	6.36	6.30	6.35	1622994	10274878.00
2014/01/16	6.35	6.42	6.32	6.41	1173163	7475926.00
2014/01/17	6.40	6.44	6.29	6.30	1267219	8050351.00
2014/01/20	6.30	6.39	6.27	6.32	1113450	7027850.00
2014/01/21	6.35	6.63	6.32	6.63	3688768	24046268.00
2014/01/22	6.60	6.73	6.55	6.69	3512507	23395514.00
2014/01/23	6.68	6.82	6.64	6.74	3592535	24138044.00
2014/01/24	6.75	6.79	6.68	6.76	3560069	24020744.00
2014/01/27	6.72	6.81	6.63	6.74	4551190	30624316.00
2014/01/28	6.74	6.78	6.63	6.63	2346415	15642130.00
2014/01/29	6.67	6.69	6.56	6.62	2638125	17450076.00
2014/01/30	6.62	6.65	6.57	6.61	1717186	11359233.00
2014/02/07	6.57	6.69	6.54	6.69	2035716	13507670.00
2014/02/10	6.70	6.83	6.70	6.82	4806529	32623800.00
2014/02/11	6.77	6.87	6.75	6.83	4351553	29656764.00
2014/02/12	6.84	6.88	6.78	6.87	3481527	23791776.00
2014/02/13	6.86	7.11	6.83	6.92	9042387	63192204.00
2014/02/14	6.90	6.98	6.80	6.95	4390514	30275004.00
2014/02/17	6.92	7.05	6.91	7.00	5624317	39364912.00
2014/02/18	7.01	7.03	6.86	6.90	4624750	31953000.00
2014/02/19	6.90	7.19	6.85	7.18	10746317	75783168.00
2014/02/20	7.16	7.24	7.00	7.03	6970964	49438792.00
2014/02/21	7.02	7.13	6.90	6.95	4185801	29266912.00
2014/02/24	6.89	6.97	6.82	6.97	3210513	22091488.00
2014/02/25	6.99	7.02	6.72	6.74	4636636	31989852.00
2014/02/26	6.70	6.74	6.52	6.70	3319053	22019516.00
2014/02/27	6.71	6.82	6.55	6.58	3476165	23252508.00
2014/02/28	6.57	6.69	6.52	6.67	2743502	18157708.00
2014/03/03	6.65	6.84	6.62	6.83	3288410	22261244.00
2014/03/04	6.81	6.82	6.71	6.80	2580428	17468410.00
2014/03/05	6.85	6.93	6.75	6.88	3136512	21470774.00
2014/03/06	6.82	6.87	6.76	6.86	2481343	16947860.00
2014/03/07	6.88	6.95	6.83	6.89	2570062	17715544.00
2014/03/10	6.86	6.86	6.47	6.51	3681574	24427900.00
2014/03/11	6.50	6.59	6.49	6.55	2077284	13565857.00
2014/03/12	6.55	6.59	6.46	6.55	1694090	11064628.00
2014/03/13	6.57	6.84	6.53	6.72	3503423	23457830.00
2014/03/14	6.71	6.71	6.61	6.66	2010554	13360241.00
2014/03/17	6.63	6.78	6.60	6.76	2401622	16096401.00
2014/03/18	6.77	6.87	6.76	6.82	3153840	21512688.00
2014/03/19	6.81	6.91	6.73	6.88	2924716	19934268.00
2014/03/20	6.87	6.87	6.63	6.68	3323322	22593112.00
2014/03/21	6.63	6.94	6.62	6.93	4612867	31488208.00
2014/03/24	6.98	7.12	6.93	7.01	7391581	51973204.00
2014/03/25	7.03	7.03	6.88	6.94	3691629	25640328.00
2014/03/26	6.91	6.99	6.89	6.93	2271906	15757845.00
2014/03/27	6.88	7.09	6.88	6.97	4036473	28236280.00
2014/03/28	7.04	7.05	6.88	6.89	3369216	23458176.00
2014/03/31	6.83	7.13	6.83	7.11	7687269	54150864.00
2014/04/01	7.13	7.13	6.99	7.10	5878900	41586716.00
2014/04/02	7.09	7.11	6.99	7.01	3598020	25330760.00
2014/04/03	6.98	7.17	6.98	7.06	5970507	42375296.00
2014/04/04	7.06	7.06	6.90	7.01	4035666	28180608.00
2014/04/08	7.00	7.08	6.95	7.08	3662917	25802220.00
2014/04/09	7.09	7.16	7.04	7.13	4841635	34365112.00
2014/04/10	7.12	7.18	7.05	7.12	6583323	46904992.00
2014/04/11	7.10	7.17	7.05	7.06	4136369	29376460.00
2014/04/14	7.07	7.30	7.03	7.26	7468513	53446492.00
2014/04/15	7.25	7.35	7.18	7.18	9055576	65683584.00
2014/04/16	7.14	7.28	7.09	7.20	5873226	42194116.00
2014/04/17	7.21	7.23	7.10	7.13	4597855	32880804.00
2014/04/18	7.11	7.23	7.09	7.19	3843521	27592312.00
2014/04/21	7.15	7.20	7.01	7.12	4388191	31213108.00
2014/04/22	7.12	7.12	6.87	6.98	5690942	39598328.00
2014/04/23	6.97	6.98	6.76	6.82	4697283	32230784.00
2014/04/24	6.81	6.85	6.69	6.71	3188798	21593396.00
2014/04/25	6.68	6.77	6.65	6.68	2938412	19699336.00
2014/04/28	6.66	6.72	6.50	6.54	3132950	20677784.00
2014/04/29	6.50	6.67	6.50	6.66	2249995	14837592.00
2014/04/30	6.55	6.67	6.55	6.65	2130507	14093227.00
2014/05/05	6.65	6.75	6.58	6.69	3132489	20900376.00
2014/05/06	6.69	6.72	6.64	6.69	2597423	17341776.00
2014/05/07	6.67	6.67	6.50	6.52	2297157	15090908.00
2014/05/08	6.48	6.60	6.48	6.51	2023608	13227340.00
2014/05/09	6.50	6.53	6.31	6.40	2600151	16679371.00
2014/05/12	6.48	6.55	6.41	6.51	2785405	18104724.00
2014/05/13	6.52	6.61	6.51	6.58	2515440	16535507.00
2014/05/14	6.58	6.76	6.53	6.64	4013657	26714260.00
2014/05/15	6.62	6.73	6.48	6.50	2982648	19685076.00
2014/05/16	6.46	6.53	6.30	6.47	2211953	14171888.00
2014/05/19	6.45	6.45	6.33	6.41	1260688	8043707.00
2014/05/20	6.45	6.47	6.36	6.39	1180758	7570260.00
2014/05/21	6.38	6.48	6.35	6.47	2522652	16226394.00
2014/05/22	6.46	6.52	6.35	6.37	2338569	15070609.00
2014/05/23	6.36	6.51	6.36	6.50	2048758	13219551.00
2014/05/26	6.52	6.61	6.51	6.59	2476205	16266087.00
2014/05/27	6.60	6.74	6.57	6.67	4758047	31696718.00
2014/05/28	6.64	6.69	6.57	6.66	3712668	24623596.00
2014/05/29	6.66	6.81	6.60	6.70	6201300	41709816.00
2014/05/30	6.70	6.97	6.70	6.80	8701984	59460704.00
2014/06/03	6.80	6.83	6.66	6.67	4678116	31540300.00
2014/06/04	6.69	6.71	6.56	6.61	2509147	16592666.00
2014/06/05	6.62	6.80	6.61	6.78	3758275	25300884.00
2014/06/06	6.78	6.96	6.71	6.90	7874908	54136912.00
2014/06/09	6.87	7.04	6.85	6.88	6302006	43802272.00
2014/06/10	6.89	6.93	6.81	6.88	3850571	26415404.00
2014/06/11	6.87	6.94	6.78	6.87	3681865	25246200.00
2014/06/12	6.84	7.05	6.83	6.94	6648643	46282928.00
2014/06/13	6.90	6.99	6.82	6.90	5531332	38098168.00
2014/06/16	6.90	7.00	6.85	6.86	3202981	22142316.00
2014/06/17	6.83	6.85	6.72	6.72	3172225	21427780.00
2014/06/18	6.70	6.76	6.64	6.66	2410508	16111891.00
2014/06/19	6.65	6.69	6.43	6.49	2876038	18788674.00
2014/06/20	6.50	6.55	6.46	6.54	1364557	8869505.00
2014/06/23	6.54	6.61	6.54	6.57	1445433	9487080.00
2014/06/24	6.57	6.68	6.55	6.63	1823293	12078321.00
2014/06/25	6.63	6.64	6.50	6.54	1594343	10483667.00
2014/06/26	6.52	6.63	6.52	6.61	1612885	10652298.00
2014/06/27	6.60	6.68	6.57	6.65	2067454	13728189.00
2014/06/30	6.66	6.69	6.60	6.67	2229421	14826508.00
2014/07/01	6.62	6.71	6.62	6.68	1954396	13041368.00
2014/07/02	6.69	6.82	6.69	6.73	3938008	26638744.00
2014/07/03	6.74	6.85	6.68	6.80	5231114	35221056.00
2014/07/04	6.75	6.80	6.74	6.75	2105594	14227923.00
2014/07/07	6.78	6.81	6.73	6.80	2671749	18104744.00
2014/07/08	6.83	6.90	6.73	6.80	3351846	22846428.00
2014/07/09	6.77	6.81	6.62	6.63	3544964	23829728.00
2014/07/10	6.63	6.68	6.53	6.58	3770357	24907542.00
2014/07/11	6.57	6.68	6.56	6.67	2396479	15948019.00
2014/07/14	6.67	6.80	6.67	6.79	3394165	22938248.00
2014/07/15	6.80	6.87	6.75	6.84	3937057	26869380.00
2014/07/16	6.83	6.91	6.70	6.80	4542001	30979760.00
2014/07/17	6.89	7.04	6.87	6.95	9586793	66712076.00
2014/07/18	6.85	7.15	6.82	7.13	10291438	72151504.00
2014/07/21	7.14	7.17	7.03	7.13	7046807	49974888.00
2014/07/22	7.12	7.17	7.06	7.13	7235212	51523152.00
2014/07/23	7.09	7.11	6.95	6.97	5228868	36607960.00
2014/07/24	6.96	7.06	6.82	7.01	7825934	54533060.00
2014/07/25	7.03	7.11	6.89	7.00	10205672	71229424.00
2014/07/28	6.99	7.22	6.95	7.17	12339600	87742768.00
2014/07/29	7.18	7.32	7.10	7.27	10841266	78397120.00
2014/07/30	7.19	7.34	7.15	7.31	7749619	56162304.00
2014/07/31	7.31	7.34	7.24	7.30	5806573	42290168.00
2014/08/01	7.28	7.30	7.08	7.09	5958446	42893428.00
2014/08/04	7.10	7.45	7.10	7.41	10712424	78698544.00
2014/08/05	7.42	7.65	7.38	7.44	13121968	98154064.00
2014/08/06	7.46	7.51	7.36	7.45	6662439	49637272.00
2014/08/07	7.45	7.57	7.35	7.37	6094925	45577712.00
2014/08/08	7.34	7.49	7.31	7.41	5164493	38181248.00
2014/08/11	7.41	7.59	7.39	7.45	6792002	50550888.00
2014/08/12	7.46	7.48	7.31	7.37	7050225	51940000.00
2014/08/13	7.37	7.39	7.25	7.31	5955509	43522396.00
2014/08/14	7.32	7.38	7.25	7.31	5091613	37321308.00
2014/08/15	7.33	7.51	7.27	7.47	7270613	53997904.00
2014/08/18	7.47	7.65	7.46	7.60	9379497	70928136.00
2014/08/19	7.58	7.65	7.49	7.56	5160431	38950068.00
2014/08/20	7.55	7.63	7.51	7.53	3780769	28559294.00
2014/08/21	7.51	7.59	7.41	7.58	4656171	34917872.00
2014/08/22	7.56	7.59	7.51	7.54	4663324	35211536.00
2014/08/25	7.55	7.55	7.35	7.38	6682567	49625064.00
2014/08/26	7.38	7.42	7.21	7.24	4273789	31266142.00
2014/08/27	7.22	7.29	7.12	7.17	6388028	45841824.00
2014/08/28	7.20	7.34	7.10	7.28	5726188	41317320.00
2014/08/29	7.28	7.32	7.21	7.30	2958728	21563540.00
2014/09/01	7.30	7.36	7.20	7.35	3759957	27472980.00
2014/09/02	7.32	7.80	7.30	7.66	11201194	83754088.00
2014/09/03	7.64	7.69	7.54	7.63	10681877	81381752.00
2014/09/04	7.63	8.26	7.59	8.03	20258971	160903568.00
2014/09/05	8.08	8.20	7.90	8.13	13011137	105047984.00
2015/04/20	8.94	8.94	8.94	8.94	82834	740536.00
2015/04/21	9.83	9.83	9.83	9.83	97849	961856.00
2015/04/22	10.81	10.81	10.81	10.81	102042	1103074.00
2015/04/23	11.89	11.89	11.89	11.89	124908	1485156.00
2015/04/24	13.08	13.08	13.08	13.08	228058	2982999.00
2015/04/27	14.39	14.39	14.39	14.39	267602	3850793.00
2015/04/28	15.83	15.83	15.83	15.83	814967	12900928.00
2015/04/29	17.41	17.41	17.41	17.41	1453861	25311720.00
2015/04/30	19.15	19.15	19.15	19.15	1301153	24917080.00
2015/05/05	19.34	19.34	19.34	19.34	0	0.00
数据来源:通达信
