600209 罗顿发展 日线 前复权
      日期	    开盘	    最高	    最低	    收盘	    成交量	    成交额
2011/10/10	6.05	6.11	5.93	5.95	1062912	6383600.00
2011/10/11	6.04	6.12	5.93	5.99	1161599	6978922.00
2011/10/12	5.95	6.19	5.90	6.19	2478922	15114459.00
2011/10/13	6.11	6.30	6.11	6.29	2641053	16493407.00
2011/10/14	6.29	6.32	6.21	6.29	2422447	15203769.00
2011/10/17	6.29	6.30	6.17	6.19	1736073	10778322.00
2011/10/18	6.15	6.28	6.06	6.09	2083822	12891138.00
2011/10/19	6.09	6.14	6.00	6.02	1080373	6535852.00
2011/10/20	6.02	6.05	5.76	5.78	1781688	10444280.00
2011/10/21	5.88	5.90	5.71	5.79	1085239	6283458.00
2011/10/24	5.79	5.88	5.63	5.86	1294982	7484943.00
2011/10/25	5.88	6.00	5.83	5.97	1263246	7473712.00
2011/10/26	5.95	6.05	5.91	5.99	1611262	9648173.00
2011/11/01	6.20	6.29	6.18	6.29	6806380	42737812.00
2011/11/02	6.19	6.40	6.10	6.30	10111017	63523604.00
2011/11/03	6.30	6.37	6.20	6.25	6071163	38102352.00
2011/11/04	6.26	6.34	6.23	6.29	5383332	33859004.00
2011/11/07	6.29	6.30	6.13	6.15	2986120	18560444.00
2011/11/08	6.46	6.46	6.23	6.24	8388009	53175128.00
2011/11/09	6.20	6.35	6.18	6.34	6354765	39843620.00
2011/11/10	6.25	6.30	6.18	6.18	2133529	13303710.00
2011/11/11	6.13	6.23	6.11	6.18	2860341	17729718.00
2011/11/14	6.22	6.30	6.18	6.28	2107750	13173334.00
2011/11/15	6.26	6.31	6.25	6.30	2051340	12883627.00
2011/11/16	6.32	6.32	6.07	6.10	3324500	20522000.00
2011/11/17	6.11	6.17	6.07	6.08	1859440	11353624.00
2011/11/18	6.07	6.22	5.80	6.19	7036742	42396036.00
2011/11/21	6.12	6.33	6.04	6.31	8766032	54643320.00
2011/11/22	6.27	6.41	6.20	6.33	10482314	66382592.00
2011/11/23	6.31	6.39	6.10	6.15	7746631	48520972.00
2011/11/24	6.00	6.10	5.91	6.05	2488506	14970534.00
2011/11/25	6.05	6.07	5.98	6.03	1628783	9793154.00
2011/11/28	6.03	6.06	5.78	5.86	2007545	11888622.00
2011/11/29	5.91	5.97	5.87	5.92	3804537	22443594.00
2011/11/30	5.90	5.90	5.62	5.62	2861667	16355043.00
2011/12/01	5.76	5.84	5.63	5.66	4111503	23524880.00
2011/12/02	5.61	5.66	5.38	5.38	4276574	23306228.00
2011/12/05	5.38	5.40	5.11	5.11	3824851	19770334.00
2011/12/06	5.04	5.10	4.86	4.92	3603826	17841440.00
2011/12/07	4.88	4.99	4.88	4.98	1492164	7378174.00
2011/12/08	5.00	5.00	4.88	4.94	1537834	7576266.00
2011/12/09	4.93	4.93	4.85	4.87	1301838	6365146.00
2011/12/12	4.88	4.89	4.63	4.63	1666991	7888004.00
2011/12/13	4.61	4.61	4.40	4.40	2517608	11128227.00
2011/12/14	4.25	4.35	4.18	4.18	3195125	13523841.00
2011/12/15	4.00	4.05	3.97	3.97	3083801	12274480.00
2011/12/16	3.94	4.07	3.84	4.03	2723662	10765489.00
2011/12/19	4.00	4.01	3.85	3.99	1960013	7743136.00
2011/12/20	3.99	4.19	3.95	4.14	5833364	24159328.00
2011/12/21	4.14	4.26	4.03	4.04	4559447	18975672.00
2011/12/22	4.01	4.01	3.84	3.90	2608970	10104547.00
2011/12/23	3.90	4.03	3.87	3.97	1667740	6581749.00
2011/12/26	3.97	4.14	3.92	4.10	3351690	13639431.00
2011/12/27	4.06	4.12	3.90	3.94	1975234	7961880.00
2011/12/28	3.95	3.99	3.85	3.97	2011464	7908526.00
2011/12/29	3.96	4.02	3.89	3.93	2875500	11384763.00
2011/12/30	3.95	4.03	3.93	4.01	2057271	8196710.00
2012/01/04	4.04	4.08	3.90	3.91	1476200	5905227.00
2012/01/05	3.88	3.92	3.71	3.71	2192815	8210813.00
2012/01/06	3.71	3.71	3.53	3.62	2314845	8286503.00
2012/01/09	3.62	3.79	3.56	3.78	3030853	11279090.00
2012/01/10	3.74	3.97	3.72	3.97	6045653	23726178.00
2012/01/11	3.94	4.09	3.92	4.02	6596974	26479188.00
2012/01/12	4.00	4.06	3.95	4.01	2809988	11247354.00
2012/01/13	4.01	4.03	3.81	3.85	2078302	8094255.00
2012/01/16	3.85	3.89	3.69	3.71	1195295	4558009.00
2012/01/17	3.75	3.90	3.70	3.90	3341441	12853928.00
2012/01/18	3.94	3.95	3.87	3.89	2515069	9827392.00
2012/01/19	3.93	4.05	3.84	4.02	4217359	16772605.00
2012/01/20	4.04	4.04	3.90	4.01	1935881	7724264.00
2012/01/30	4.03	4.05	3.97	4.04	1739522	6988616.00
2012/01/31	4.03	4.24	3.99	4.24	5059966	21228676.00
2012/02/01	4.24	4.30	4.10	4.14	4157712	17508252.00
2012/02/02	4.14	4.16	4.05	4.16	2662533	10964542.00
2012/02/03	4.14	4.28	4.12	4.21	2869509	12106164.00
2012/02/06	4.21	4.41	4.21	4.35	4742478	20679336.00
2012/02/07	4.30	4.31	4.13	4.20	4543139	18964088.00
2012/02/08	4.19	4.36	4.13	4.33	6808899	29062964.00
2012/02/09	4.28	4.53	4.27	4.34	8785088	38666340.00
2012/02/10	4.36	4.47	4.30	4.39	5431733	23910960.00
2012/02/13	4.38	4.48	4.32	4.43	5931874	26254406.00
2012/02/14	4.42	4.62	4.39	4.51	9656595	43577560.00
2012/02/15	4.52	4.64	4.48	4.54	7438087	33906632.00
2012/02/16	4.55	4.57	4.32	4.37	6844572	30229944.00
2012/02/17	4.41	4.48	4.36	4.40	4227912	18625816.00
2012/02/20	4.46	4.47	4.35	4.37	3130219	13845478.00
2012/02/21	4.44	4.59	4.43	4.59	9276539	42506952.00
2012/02/22	4.72	4.72	4.56	4.59	14292326	66086520.00
2012/02/23	4.52	4.58	4.45	4.49	9531860	42997688.00
2012/02/24	4.50	4.56	4.47	4.55	7454661	33688504.00
2012/02/27	4.56	4.65	4.51	4.52	10432772	47893656.00
2012/02/28	4.55	4.55	4.36	4.43	6474794	28846074.00
2012/02/29	4.43	4.57	4.36	4.49	6967944	31047468.00
2012/03/01	4.45	4.57	4.43	4.49	5891523	26576580.00
2012/03/02	4.54	4.56	4.50	4.53	4866106	22007176.00
2012/03/05	4.53	4.55	4.48	4.51	5782156	26092924.00
2012/03/06	4.51	4.55	4.37	4.47	5823004	26024700.00
2012/03/07	4.43	4.47	4.38	4.39	4515199	19970536.00
2012/03/08	4.41	4.47	4.39	4.42	4637850	20519504.00
2012/03/09	4.43	4.47	4.40	4.46	4216959	18718592.00
2012/03/12	4.45	4.51	4.40	4.49	4739925	21117172.00
2012/03/13	4.49	4.64	4.46	4.56	9182632	41864960.00
2012/03/14	4.56	4.60	4.33	4.33	6818405	30554332.00
2012/03/15	4.30	4.35	4.11	4.14	6757652	28188124.00
2012/03/16	4.13	4.21	4.13	4.21	3641655	15167297.00
2012/03/19	4.21	4.28	4.17	4.27	3240449	13727225.00
2012/03/20	4.24	4.25	4.14	4.16	4444584	18627660.00
2012/03/21	4.18	4.20	4.07	4.11	3027408	12512099.00
2012/03/22	4.10	4.17	4.08	4.15	2635013	10849491.00
2012/03/23	4.14	4.23	4.08	4.13	3857900	16020917.00
2012/03/26	4.10	4.17	4.08	4.14	2474689	10228712.00
2012/03/27	4.15	4.24	4.14	4.16	2543791	10626762.00
2012/03/28	4.14	4.14	3.95	3.95	4467823	17873536.00
2012/03/29	3.92	3.95	3.81	3.87	6227055	24250700.00
2012/03/30	3.91	3.91	3.75	3.82	2132170	8194969.00
2012/04/05	3.83	3.94	3.81	3.94	3077974	11943895.00
2012/04/06	3.92	4.03	3.90	3.96	3323110	13192467.00
2012/04/09	3.95	4.05	3.92	4.00	2933301	11737143.00
2012/04/10	3.99	4.05	3.90	4.05	2714853	10798727.00
2012/04/11	4.00	4.07	3.99	4.06	2158668	8715686.00
2012/04/12	4.05	4.20	4.05	4.16	3605179	14870119.00
2012/04/13	4.17	4.22	4.14	4.16	2809776	11735044.00
2012/04/16	4.13	4.37	4.09	4.37	11410741	49476704.00
2012/04/17	4.30	4.38	4.15	4.26	7590531	32403064.00
2012/04/18	4.23	4.34	4.16	4.30	4683131	19965832.00
2012/04/19	4.29	4.30	4.24	4.29	3278810	14016546.00
2012/04/20	4.29	4.35	4.27	4.32	3910272	16872620.00
2012/04/23	4.32	4.34	4.12	4.17	4143422	17638668.00
2012/04/24	4.12	4.38	4.12	4.37	16931097	73696376.00
2012/04/25	4.31	4.48	4.28	4.35	14739468	64815656.00
2012/04/26	4.37	4.57	4.27	4.52	12748220	56708844.00
2012/04/27	4.45	4.49	4.34	4.37	5766505	25321100.00
2012/05/02	4.46	4.59	4.36	4.42	8964010	40025952.00
2012/05/03	4.36	4.46	4.33	4.36	5498577	24208092.00
2012/05/04	4.34	4.53	4.34	4.50	6388931	28433198.00
2012/05/07	4.46	4.73	4.45	4.64	7229971	33483348.00
2012/05/08	4.63	4.77	4.60	4.67	7675851	36011408.00
2012/05/09	4.67	4.90	4.67	4.76	15702381	75705016.00
2012/05/10	4.73	4.80	4.66	4.76	10305242	48717416.00
2012/05/11	4.76	4.81	4.70	4.77	5296006	25231356.00
2012/05/14	4.78	4.82	4.64	4.68	5706348	26992430.00
2012/05/15	4.66	4.79	4.62	4.79	5141899	24327270.00
2012/05/16	4.75	4.79	4.55	4.55	8272847	38430340.00
2012/05/17	4.52	4.62	4.46	4.59	8756894	39967368.00
2012/05/18	4.58	4.82	4.53	4.82	10132078	48188876.00
2012/05/21	4.94	5.06	4.80	4.82	21552866	107211696.00
2012/05/22	4.78	5.03	4.70	4.98	18028661	87938600.00
2012/05/23	4.91	5.15	4.85	5.15	15243746	76234864.00
2012/05/24	5.08	5.16	5.06	5.09	9680742	49353696.00
2012/05/28	4.99	5.03	4.84	4.93	9973019	48999608.00
2012/05/29	4.92	5.05	4.88	5.00	9783868	48749836.00
2012/05/30	5.01	5.12	4.94	5.11	8625983	43528948.00
2012/05/31	5.05	5.10	5.02	5.06	6141679	31037920.00
2012/06/01	5.05	5.08	4.95	4.97	5453982	27328040.00
2012/06/04	4.86	4.97	4.75	4.81	7957230	38768812.00
2012/06/05	4.83	4.87	4.76	4.83	3936505	18937168.00
2012/06/06	4.82	4.84	4.59	4.59	8229611	38492428.00
2012/06/07	4.67	4.67	4.54	4.63	6070075	28015988.00
2012/06/08	4.65	4.66	4.40	4.49	8067702	36221444.00
2012/06/11	4.48	4.59	4.43	4.57	3848604	17391712.00
2012/06/12	4.56	4.56	4.45	4.47	3935111	17676206.00
2012/06/13	4.48	4.59	4.48	4.57	7002848	31623796.00
2012/06/14	4.58	4.65	4.52	4.54	5449084	24972572.00
2012/06/15	4.46	4.51	4.31	4.37	13986836	61043256.00
2012/06/18	4.35	4.44	4.33	4.37	4836528	21174918.00
2012/06/19	4.38	4.40	4.34	4.35	2628041	11501203.00
2012/06/20	4.38	4.41	4.34	4.38	3188879	13976419.00
2012/06/21	4.36	4.40	4.23	4.27	3852344	16556112.00
2012/06/25	4.38	4.48	4.27	4.28	8342053	36726492.00
2012/06/26	4.28	4.49	4.24	4.49	8985473	39331992.00
2012/06/27	4.46	4.56	4.36	4.38	9680013	43353108.00
2012/06/28	4.33	4.43	4.25	4.27	4685394	20407976.00
2012/06/29	4.17	4.23	4.06	4.22	5875382	24272436.00
2012/07/02	4.25	4.35	4.18	4.29	3163594	13498514.00
2012/07/03	4.31	4.36	4.25	4.27	2291018	9891128.00
2012/07/04	4.28	4.32	4.16	4.24	2701365	11439255.00
2012/07/05	4.24	4.25	4.03	4.04	3232447	13268176.00
2012/07/06	4.07	4.14	3.99	4.14	3390166	13805159.00
2012/07/09	4.07	4.16	3.95	4.01	3635592	14769561.00
2012/07/10	4.00	4.03	3.91	3.93	2165467	8567633.00
2012/07/11	3.92	3.97	3.89	3.96	2458116	9659200.00
2012/07/16	4.36	4.36	4.36	4.36	1597692	6965937.00
2012/07/17	4.70	4.80	4.62	4.80	22343191	106018176.00
2012/07/18	5.04	5.28	5.04	5.28	8828581	46604688.00
2012/07/19	5.81	5.81	5.81	5.81	2657090	15437693.00
2012/07/20	6.30	6.39	6.21	6.39	76774843	489095744.00
2012/07/23	6.55	7.03	6.23	7.03	69097591	467747104.00
2012/07/31	6.33	6.97	6.33	6.79	63513033	418043072.00
2012/08/01	6.71	7.43	6.44	6.73	68177482	473035424.00
2012/08/02	6.66	7.40	6.54	7.40	69319466	492131392.00
2012/08/03	7.70	8.14	7.41	8.14	71657238	557039360.00
2012/08/06	8.20	8.95	8.15	8.59	75495359	646005312.00
2012/08/07	8.58	9.45	8.50	9.45	50913991	465907904.00
2012/08/08	9.81	10.07	9.00	9.68	79780812	751721472.00
2012/08/09	9.40	10.61	9.11	10.10	75473160	748165440.00
2012/08/10	10.00	10.28	9.57	9.59	47570192	469962752.00
2012/08/13	9.47	9.66	9.12	9.28	50256509	468641888.00
2012/08/14	9.26	9.34	8.76	9.08	51909772	468464768.00
2012/08/15	8.88	9.20	8.66	8.81	39743485	352841952.00
2012/08/16	8.82	9.07	8.47	8.48	46073496	404042400.00
2012/08/17	8.39	8.65	8.22	8.59	41772429	353409152.00
2012/08/20	8.48	8.80	8.36	8.69	41432046	357436992.00
2012/08/21	8.59	9.03	8.46	8.71	54068791	471569984.00
2012/08/22	8.54	8.60	8.26	8.38	39736115	334625824.00
2012/08/23	8.30	8.56	8.27	8.43	32742273	275715392.00
2012/08/24	8.39	8.58	7.59	7.59	60904957	487475136.00
2012/08/27	7.54	7.65	7.44	7.54	29748154	223865328.00
2012/08/28	7.56	7.60	7.39	7.46	21529982	161589520.00
2012/08/29	7.43	7.70	7.29	7.45	34863285	263216736.00
2012/08/30	7.37	7.53	6.94	7.14	35789954	258449584.00
2012/08/31	7.10	7.43	7.10	7.26	25652917	186067008.00
2012/09/03	7.21	7.51	7.17	7.36	26272452	193967104.00
2012/09/04	7.30	7.42	7.11	7.15	23739297	171872640.00
2012/09/05	7.19	7.46	7.14	7.18	26388341	192717936.00
2012/09/06	7.22	7.47	7.10	7.32	23585164	172007136.00
2012/09/07	7.36	7.76	7.27	7.45	41317490	310005792.00
2012/09/10	7.30	7.38	7.20	7.35	32535745	237252784.00
2012/09/11	7.29	7.68	7.16	7.55	51478683	385077024.00
2012/09/12	7.55	8.31	7.44	8.31	74975227	595169344.00
2012/09/13	8.21	8.29	7.75	7.77	63394685	509246400.00
2012/09/14	7.70	7.90	7.37	7.49	41334757	312715040.00
2012/09/17	7.38	7.44	7.02	7.07	28893308	207873200.00
2012/09/18	7.04	7.30	6.96	7.19	24603511	176515376.00
2012/09/19	7.18	7.29	6.98	7.04	22712639	161820464.00
2012/09/20	7.00	7.01	6.56	6.58	25039095	169846832.00
2012/09/21	6.58	6.84	6.51	6.52	21278310	141732240.00
2012/09/24	6.45	6.80	6.36	6.63	19973349	132009520.00
2012/09/25	6.57	6.73	6.53	6.66	15842447	105257608.00
2012/09/26	6.60	6.85	6.45	6.49	27689871	185194160.00
2012/09/27	6.36	6.70	6.29	6.52	24129001	157061344.00
2012/09/28	6.48	6.65	6.45	6.61	16927695	111063248.00
2012/10/08	6.61	6.72	6.57	6.70	16821866	111647424.00
2012/10/09	6.67	6.93	6.65	6.89	24298757	165872448.00
2012/10/10	6.84	7.58	6.78	7.58	67151701	494597664.00
2012/10/11	7.45	7.49	6.88	6.89	52788899	379477856.00
2012/10/12	6.74	6.91	6.44	6.61	30652737	204264768.00
2012/10/15	6.61	6.62	6.33	6.45	13863148	89497080.00
2012/10/16	6.44	6.57	6.41	6.47	12658362	82231680.00
2012/10/17	6.49	6.79	6.45	6.67	21548841	143055184.00
2012/10/18	6.72	6.85	6.54	6.84	24931405	166900112.00
2012/10/19	6.78	7.17	6.76	6.91	33171956	232331520.00
2012/10/22	6.80	6.83	6.55	6.71	20192767	134825120.00
2012/10/23	6.66	6.77	6.62	6.63	12635138	84516712.00
2012/10/24	6.59	6.88	6.46	6.70	18815943	125999592.00
2012/10/25	6.63	6.69	6.42	6.43	17202879	112501024.00
2012/10/26	6.40	6.50	6.25	6.29	11230707	71664112.00
2012/10/29	6.23	6.29	6.08	6.18	9066642	55931060.00
2012/10/30	6.18	6.38	6.13	6.22	10217434	64241888.00
2012/10/31	6.14	6.28	6.08	6.25	8563704	52856928.00
2012/11/01	6.35	6.45	6.25	6.35	11683437	74381712.00
2012/11/02	6.37	6.86	6.33	6.60	29817072	197105680.00
2012/11/05	6.50	6.51	6.33	6.43	17934699	115027528.00
2012/11/06	6.42	6.42	6.19	6.29	12935194	81239760.00
2012/11/07	6.25	6.45	6.24	6.38	10318459	65426000.00
2012/11/08	6.28	6.30	5.91	5.93	19897493	122046632.00
2012/11/09	5.85	5.87	5.65	5.77	17431379	100775336.00
2012/11/12	5.81	5.81	5.57	5.68	14170701	80416760.00
2012/11/13	5.70	5.70	5.54	5.56	9840290	55146856.00
2012/11/14	5.58	5.64	5.52	5.60	8956822	50069408.00
2012/11/15	5.58	5.58	5.33	5.34	11490291	62795632.00
2012/11/16	5.41	5.87	5.39	5.52	26223265	148373248.00
2012/11/19	5.43	5.55	5.34	5.54	13885993	75674904.00
2012/11/20	5.54	5.60	5.46	5.56	11497029	63634976.00
2012/11/21	5.54	5.60	5.36	5.59	12090147	66427464.00
2012/11/22	5.52	5.72	5.48	5.67	16892477	94812040.00
2012/11/23	5.72	5.76	5.63	5.65	14378944	81902816.00
2012/11/26	5.64	5.64	5.44	5.45	9313657	51498924.00
2012/11/27	5.44	5.44	5.01	5.02	10601193	54835384.00
2012/11/28	4.93	4.98	4.78	4.84	8973958	43863544.00
2012/11/29	4.90	5.07	4.83	4.85	12681567	62839136.00
2012/11/30	4.89	5.34	4.82	5.34	19207116	99752680.00
2012/12/03	5.34	5.83	5.28	5.50	46375344	259916416.00
2012/12/04	5.30	6.05	5.25	6.05	35999342	209462768.00
2012/12/05	6.66	6.66	6.31	6.49	65796179	430685472.00
2012/12/06	6.40	7.14	6.30	7.14	57572474	393454400.00
2012/12/07	7.41	7.85	7.21	7.85	72680027	557347840.00
2012/12/10	8.22	8.64	8.03	8.64	42251540	358548288.00
2012/12/11	8.62	9.18	8.31	8.34	83089147	719942912.00
2012/12/12	8.25	8.31	7.63	7.90	68542779	542834048.00
2012/12/13	7.75	8.18	7.64	7.84	55302565	437869600.00
2012/12/14	7.72	8.62	7.68	8.62	49098809	408404704.00
2012/12/17	9.12	9.48	8.44	8.50	103984535	947234816.00
2012/12/18	8.20	8.54	8.05	8.32	57847825	478916640.00
2012/12/19	8.25	8.45	8.07	8.10	33967395	278219904.00
2012/12/20	8.00	8.80	7.90	8.60	60912619	516129952.00
2012/12/21	8.46	9.45	8.38	9.29	80671909	733219968.00
2012/12/24	9.26	10.13	9.10	10.00	70746212	691790784.00
2012/12/25	10.39	10.48	9.70	10.01	70664272	711591680.00
2012/12/26	9.95	10.47	9.88	10.09	62010156	631718912.00
2012/12/27	10.05	10.16	9.08	9.34	75191835	710965888.00
2012/12/28	9.24	9.88	9.08	9.61	56091171	533033504.00
2012/12/31	9.48	10.56	9.33	10.39	71657137	725547456.00
2013/01/04	10.38	10.49	9.80	9.87	62470265	626703616.00
2013/01/07	9.52	10.36	9.46	10.06	44008939	439047456.00
2013/01/08	9.98	10.08	9.56	9.79	33831989	331221248.00
2013/01/09	9.67	10.09	9.49	9.69	36209095	354236064.00
2013/01/10	9.57	9.77	9.36	9.52	35726549	340267264.00
2013/01/11	9.45	9.80	9.37	9.53	38637997	369410432.00
2013/01/14	9.38	9.65	9.02	9.54	35999669	339045408.00
2013/01/15	9.47	10.40	9.39	10.15	74262757	738258240.00
2013/01/16	10.00	10.10	9.59	9.68	45544267	445147424.00
2013/01/17	9.56	9.90	9.43	9.47	27450850	263943696.00
2013/01/18	9.98	10.42	9.96	9.98	78504466	805431104.00
2013/01/21	9.80	10.23	9.71	9.91	36994770	368794912.00
2013/01/22	9.80	9.86	9.55	9.61	30735879	296705440.00
2013/01/23	9.48	9.66	9.20	9.54	27804395	262163968.00
2013/01/24	9.53	9.90	9.40	9.52	30869568	297072896.00
2013/01/25	9.40	9.49	9.08	9.13	22438498	207690192.00
2013/01/28	9.02	9.35	9.01	9.25	19394917	178393312.00
2013/01/29	9.25	9.43	9.13	9.29	17705788	164439696.00
2013/01/30	9.27	9.33	9.08	9.14	17155555	156951296.00
2013/01/31	9.15	9.41	9.11	9.18	21242972	196768736.00
2013/02/01	9.22	9.22	8.88	8.90	23306290	209867712.00
2013/02/04	8.83	8.96	8.53	8.54	22898619	199078720.00
2013/02/05	8.50	8.77	8.42	8.71	17215563	149583264.00
2013/02/06	8.75	8.87	8.69	8.71	14124430	123567048.00
2013/02/07	8.71	8.76	8.53	8.61	10514561	90653960.00
2013/02/08	8.60	8.88	8.57	8.80	12999176	114138552.00
2013/02/18	8.85	9.53	8.75	9.35	35543394	326990720.00
2013/02/19	9.20	9.60	9.10	9.20	25543008	238983504.00
2013/02/20	9.20	9.30	8.92	9.22	16757993	151993392.00
2013/02/21	9.11	9.11	8.69	8.81	16119630	143778272.00
2013/02/22	8.78	9.05	8.68	8.74	11153779	98739856.00
2013/02/25	8.78	8.95	8.71	8.83	9444605	83392472.00
2013/02/26	8.83	9.30	8.58	9.04	27155310	244099040.00
2013/02/27	9.00	9.35	8.95	9.30	32739944	301403424.00
2013/02/28	9.33	9.39	9.12	9.32	28382167	262702496.00
2013/03/01	9.25	9.40	9.15	9.25	18984700	175752144.00
2013/03/04	9.09	9.57	8.90	9.40	45965911	430314080.00
2013/03/05	9.40	9.52	9.20	9.40	27688285	259303232.00
2013/03/06	9.39	9.82	9.20	9.78	41414865	393356128.00
2013/03/07	10.08	10.76	9.81	10.76	89825670	924835072.00
2013/03/08	11.29	11.84	11.19	11.71	100911629	1171170048.00
2013/03/11	11.33	11.48	10.54	10.55	62776434	685642368.00
2013/03/12	10.51	11.61	10.23	11.61	83392445	933924608.00
2013/03/13	11.40	12.66	11.10	11.15	100054144	1193949696.00
2013/03/14	10.88	11.75	10.79	11.44	61910926	699381056.00
2013/03/15	11.15	11.40	10.84	10.93	42855287	474634656.00
2013/03/18	10.80	11.15	10.23	10.57	46319509	489353536.00
2013/03/19	10.38	10.47	9.69	10.09	43463547	437032288.00
2013/03/20	10.10	10.39	9.92	10.30	34179896	349142464.00
2013/03/21	10.39	11.10	10.32	10.74	51361645	556326208.00
2013/03/22	10.53	10.69	10.35	10.52	31435523	329361280.00
2013/03/25	10.45	11.57	10.45	11.57	61030845	688729856.00
2013/03/26	11.96	12.32	11.60	11.77	74947136	895809472.00
2013/03/27	11.73	12.95	11.73	12.67	82675971	1046925248.00
2013/03/28	12.34	13.37	11.91	12.36	83865053	1066216640.00
2013/03/29	12.33	13.29	12.31	12.93	62816119	808252992.00
2013/04/01	12.77	12.93	12.06	12.22	51939123	645456512.00
2013/04/02	12.08	13.25	12.02	12.69	59287094	760444608.00
2013/04/03	12.40	12.50	11.79	12.05	43588592	527511264.00
2013/04/08	11.70	11.74	10.92	11.58	33264010	379040096.00
2013/04/09	11.60	12.70	11.39	12.44	49935062	606822912.00
2013/04/10	12.20	12.95	12.06	12.19	55351887	690947712.00
2013/04/11	12.53	12.97	12.09	12.28	43555330	545595584.00
2013/04/12	12.00	12.31	11.67	11.80	35303385	419828832.00
2013/04/15	11.75	12.03	11.43	11.91	27988171	331412192.00
2013/04/16	11.73	12.07	11.53	11.93	26027284	308759776.00
2013/04/17	12.15	12.55	12.02	12.14	32175168	393540032.00
2013/04/18	12.04	12.04	11.60	11.82	27338652	322534912.00
2013/04/19	11.70	12.09	11.70	11.94	27118275	323577984.00
2013/04/22	11.82	11.89	11.46	11.80	29844235	347795136.00
2013/04/23	11.86	12.39	11.75	11.84	43278035	523749792.00
2013/04/24	11.69	12.09	11.37	11.99	32643536	382618816.00
2013/04/25	11.87	12.09	11.40	11.50	29902105	351909600.00
2013/04/26	11.45	11.67	10.70	10.84	28736298	318456352.00
2013/05/02	10.79	10.99	10.57	10.86	16895485	182193712.00
2013/05/03	10.86	11.22	10.82	11.09	21669638	238840448.00
2013/05/06	10.99	11.39	10.81	11.28	23376515	261071360.00
2013/05/07	11.20	11.26	10.85	10.95	22298179	245691008.00
2013/05/08	10.86	11.25	10.85	11.11	15880346	176174752.00
2013/05/09	11.10	11.18	10.71	10.87	19453493	211928320.00
2013/05/10	10.76	10.94	10.70	10.88	14075709	152272528.00
2013/05/13	10.99	11.01	10.82	10.98	13396440	146579584.00
2013/05/14	10.92	11.25	10.92	11.10	22722691	252640848.00
2013/05/15	11.19	11.26	10.93	11.08	14624775	161647072.00
2013/05/16	11.08	11.14	10.78	11.10	18580110	203783520.00
2013/05/17	11.13	11.92	11.06	11.73	45396523	528993632.00
2013/05/20	11.64	12.19	11.52	12.09	40286901	477949440.00
2013/05/21	12.08	12.28	11.74	12.09	34759793	417375040.00
2013/05/22	12.01	12.35	11.82	12.15	35319950	428594560.00
2013/05/23	12.07	12.27	11.61	11.69	27735781	329673216.00
2013/05/24	11.71	11.87	11.60	11.69	15427965	180600704.00
2013/05/27	11.70	12.20	11.50	11.95	24940915	297785440.00
2013/05/28	11.89	12.68	11.70	12.41	53703607	661222656.00
2013/05/29	12.63	12.93	12.20	12.28	49074792	614863232.00
2013/05/30	12.18	12.58	12.11	12.21	23132086	283737248.00
2013/05/31	12.24	12.33	11.80	11.82	22947879	274525088.00
2013/06/03	11.72	12.00	11.72	11.80	11584451	137553008.00
2013/06/04	11.76	11.87	11.35	11.40	15712517	182128544.00
2013/06/05	11.33	11.49	11.25	11.43	9887774	112546912.00
2013/06/06	11.41	11.69	11.33	11.44	14815827	171019888.00
2013/06/07	11.44	11.77	10.86	10.97	17030138	191678880.00
2013/06/13	10.60	10.62	9.87	10.09	14964132	152106528.00
2013/06/14	10.09	10.35	10.09	10.23	9415733	96241432.00
2013/06/17	10.28	10.88	10.09	10.85	15926107	166309760.00
2013/06/18	10.60	11.06	10.60	10.81	15368874	166806464.00
2013/06/19	10.75	10.75	10.41	10.58	10332125	109233496.00
2013/06/20	10.38	10.59	10.03	10.05	10094623	103844112.00
2013/06/21	9.83	10.12	9.58	9.92	9736663	96142024.00
2013/06/24	9.99	10.06	8.93	8.93	13925147	129898760.00
2013/06/25	8.75	9.09	8.04	8.88	21601289	182236528.00
2013/06/26	8.86	9.06	8.53	8.98	15540542	137538448.00
2013/06/27	9.00	9.34	8.66	8.70	17299434	157308336.00
2013/06/28	8.76	9.00	8.53	8.72	13100653	114699080.00
2013/07/01	8.66	8.95	8.57	8.90	9870159	86594376.00
2013/07/02	8.85	9.12	8.80	9.11	15129278	136298896.00
2013/07/03	9.11	9.11	8.83	9.01	12898346	115714848.00
2013/07/04	8.85	9.23	8.72	9.08	17244696	155453696.00
2013/07/05	9.09	9.98	9.06	9.71	36966341	352869376.00
2013/07/08	9.43	9.71	8.96	9.01	22379571	210172096.00
2013/07/09	8.89	9.10	8.60	8.92	15285425	134731904.00
2013/07/10	8.92	9.48	8.80	9.26	19034740	174365472.00
2013/07/11	9.19	9.70	9.18	9.46	24635938	233474752.00
2013/07/12	9.40	9.85	9.35	9.46	23564572	225764560.00
2013/07/15	9.48	9.58	9.31	9.49	14704799	139366464.00
2013/07/16	9.46	9.86	9.42	9.68	20351729	196078816.00
2013/07/17	9.59	9.66	9.31	9.35	17043226	161825392.00
2013/07/18	9.35	9.59	9.31	9.36	12364640	116763504.00
2013/07/19	9.37	9.44	8.76	8.81	19628853	177582640.00
2013/07/22	8.70	9.08	8.50	9.05	18760385	164888336.00
2013/07/23	9.05	9.32	8.95	9.20	19805701	181459424.00
2013/07/24	9.14	9.35	8.93	9.10	18363798	167279024.00
2013/07/25	9.13	9.14	8.80	8.81	13435772	120261504.00
2013/07/26	8.82	8.95	8.71	8.86	9089718	80546416.00
2013/07/29	8.75	9.29	8.70	9.09	18285201	164660320.00
2013/07/30	9.14	9.33	8.78	8.98	22509041	204796064.00
2013/07/31	9.07	9.30	8.98	9.02	16030178	146399712.00
2013/08/01	9.02	9.92	9.01	9.66	49856866	476000768.00
2013/08/02	9.52	9.96	9.33	9.77	44318919	425922752.00
2013/08/05	9.66	9.95	9.56	9.77	26355632	257150720.00
2013/08/06	9.76	9.83	9.60	9.70	18753039	181607232.00
2013/08/07	9.65	9.87	9.43	9.65	24174728	233299328.00
2013/08/08	9.56	9.85	9.48	9.74	21840973	212082064.00
2013/08/09	9.70	9.78	9.44	9.52	19128640	183411952.00
2013/08/12	9.45	9.79	9.45	9.78	21003916	203461120.00
2013/08/13	9.75	9.85	9.66	9.71	17849851	173664144.00
2013/08/14	9.73	9.92	9.61	9.74	20895337	203824784.00
2013/08/15	9.69	9.94	9.65	9.79	26440358	259374080.00
2013/08/16	9.75	10.28	9.73	9.89	42732111	427793760.00
2013/08/19	9.75	9.83	9.51	9.75	19104533	185099696.00
2013/08/20	9.73	9.79	9.58	9.60	14682897	141855280.00
2013/08/21	9.59	9.69	9.47	9.62	13641833	130365992.00
2013/08/22	9.55	9.64	9.22	9.29	12670339	120317280.00
2013/08/23	9.22	9.41	9.13	9.32	13723561	127555632.00
2013/08/26	9.27	10.10	9.26	10.01	40832967	401023072.00
2013/08/27	9.89	10.15	9.83	9.94	33312756	333097920.00
2013/08/28	9.81	9.93	9.60	9.72	22018891	214454256.00
2013/08/29	9.80	10.48	9.78	10.20	42717006	436338880.00
2013/08/30	10.21	11.19	10.08	10.68	57351055	617944256.00
2013/09/02	10.43	10.98	9.75	10.96	46863440	489303840.00
2013/09/03	11.22	12.06	11.21	12.06	73988489	882218944.00
2013/09/04	12.40	13.08	11.85	12.20	111100138	1388748288.00
2013/09/05	11.49	12.00	11.29	11.72	53277941	620646528.00
2013/09/06	11.61	12.34	11.37	11.81	46862069	555561152.00
2013/09/09	11.82	12.49	11.60	11.91	50205182	607599104.00
2013/09/10	12.00	12.56	11.57	12.38	68595361	833726208.00
2013/09/11	12.16	12.97	11.76	12.02	68489317	844732672.00
2013/09/12	11.77	12.24	11.52	11.57	36885067	435724288.00
2013/09/13	11.64	11.85	11.44	11.59	20354411	236059440.00
2013/09/16	11.50	11.78	11.44	11.64	20848976	242202816.00
2013/09/17	11.78	12.14	11.44	11.47	37619328	445869472.00
2013/09/18	11.38	11.38	10.91	11.17	28751223	319023360.00
2013/09/23	11.16	11.74	11.15	11.63	28343920	326794816.00
2013/09/24	11.55	12.48	11.38	12.09	59157417	708707520.00
2013/09/25	12.00	12.68	11.90	12.09	55863729	685487424.00
2013/09/26	12.30	12.62	11.62	11.66	40038870	487896096.00
2013/09/27	11.45	11.50	10.50	10.85	34065919	371718016.00
2013/09/30	10.97	11.38	10.89	11.32	20389957	228240704.00
2013/10/08	11.31	12.00	11.12	11.49	30093420	351099648.00
2013/10/09	11.29	11.90	11.14	11.72	31870108	370808160.00
2013/10/10	11.73	11.85	11.41	11.45	26751469	310885824.00
2013/10/11	11.50	11.69	11.31	11.56	19357430	222694784.00
2013/10/14	11.69	12.12	11.66	11.92	37899785	453232032.00
2013/10/15	11.90	11.95	11.52	11.62	21771599	254836464.00
2013/10/16	11.53	11.54	10.80	10.92	24716910	272794720.00
2013/10/17	11.14	12.01	10.80	12.01	35959040	412596768.00
2013/10/18	12.12	12.49	11.78	11.90	47504735	575933824.00
2013/10/21	11.71	12.29	11.60	11.91	32971631	393730752.00
2013/10/22	11.93	13.10	11.77	13.10	96413326	1227702016.00
2013/10/23	12.80	13.08	12.26	12.38	52097940	657381760.00
2013/10/24	12.55	12.78	12.10	12.20	31823747	396613984.00
2013/10/25	12.39	12.48	11.25	11.67	32529478	382942784.00
2013/10/28	11.85	12.07	11.61	11.71	31533835	373773664.00
2013/10/29	11.34	11.34	10.60	11.18	36531078	402659744.00
2013/10/30	11.01	11.67	10.90	11.59	29140120	330205792.00
2013/10/31	11.70	11.87	11.18	11.20	29702208	342973376.00
2013/11/01	10.87	11.30	10.60	11.08	18776168	204454160.00
2013/11/04	11.08	11.18	10.82	11.00	11415711	125696368.00
2013/11/05	10.89	11.46	10.69	11.33	21167982	235704864.00
2013/11/06	11.18	11.29	10.93	10.94	17878624	199262992.00
2013/11/07	10.80	11.17	10.70	10.72	13649722	148446528.00
2013/11/08	10.47	10.67	10.25	10.38	15698600	164189504.00
2013/11/11	10.39	10.52	10.26	10.29	9381083	97523120.00
2013/11/12	10.26	10.38	9.65	10.08	17790966	177752720.00
2013/11/13	10.09	10.79	10.00	10.33	24798895	258126416.00
2013/11/14	10.15	10.58	10.10	10.25	16514565	170603360.00
2013/11/15	10.28	10.59	10.10	10.41	18572435	193234960.00
2013/11/18	10.48	10.98	10.40	10.81	24806167	266274800.00
2013/11/19	10.81	10.83	10.62	10.75	15568466	166620816.00
2013/11/20	10.75	11.16	10.71	11.00	22657736	247797088.00
2013/11/21	10.91	11.27	10.82	10.92	20866647	230560496.00
2013/11/22	10.85	11.04	10.56	10.59	15177267	162525888.00
2013/11/25	10.66	10.66	10.46	10.50	10047485	105836104.00
2013/11/26	10.40	11.12	10.40	10.91	24694653	268203104.00
2013/11/27	10.80	11.07	10.72	11.02	22456579	245144928.00
2013/11/28	11.01	11.25	10.89	10.90	25101671	278024320.00
2013/11/29	10.84	10.94	10.63	10.75	15820157	170111968.00
2013/12/02	10.45	10.58	9.81	10.02	19194613	196589248.00
2013/12/03	10.00	10.31	9.91	10.23	9298359	94647376.00
2013/12/04	10.27	10.50	10.27	10.34	12444735	129258864.00
2013/12/05	10.40	10.54	10.25	10.37	10618344	110469320.00
2013/12/06	10.38	10.45	10.17	10.21	7962857	81836776.00
2013/12/09	10.26	10.40	10.21	10.36	9686006	100073104.00
2013/12/10	10.37	10.66	10.24	10.51	15449219	161951648.00
2013/12/11	10.32	10.42	10.20	10.29	10526541	108165856.00
2013/12/12	10.29	10.35	10.18	10.21	7546039	77503704.00
2013/12/13	10.11	10.55	10.06	10.39	14067096	146200848.00
2013/12/16	10.28	10.35	10.04	10.05	10083842	102762632.00
2013/12/17	10.05	10.14	9.90	9.92	7945366	79308696.00
2013/12/18	9.93	10.00	9.79	9.83	5182170	51187920.00
2013/12/19	9.86	9.98	9.62	9.63	6050193	59039292.00
2013/12/20	9.72	9.78	9.12	9.28	9395798	87959088.00
2013/12/23	9.28	9.36	8.98	9.17	4986446	45645808.00
2013/12/24	9.50	9.78	9.35	9.58	11752210	112886704.00
2013/12/25	9.41	9.60	9.41	9.55	5471706	51933284.00
2013/12/26	9.56	9.56	9.15	9.16	7544625	70169768.00
2013/12/27	9.16	9.32	9.11	9.28	5235223	48384384.00
2013/12/30	9.48	9.56	9.38	9.50	6884034	65218116.00
2013/12/31	9.55	9.57	9.33	9.54	7568809	71723952.00
2014/01/02	9.46	9.53	9.43	9.45	4988397	47239556.00
2014/01/03	9.38	9.39	9.18	9.24	7037774	64968984.00
2014/01/06	9.21	9.21	8.80	8.81	7969277	71157712.00
2014/01/07	8.80	8.95	8.70	8.86	5172607	45801504.00
2014/01/08	8.93	9.04	8.80	8.87	4655934	41394712.00
2014/01/09	8.87	9.06	8.81	8.81	6006565	53564304.00
2014/01/10	8.77	8.85	8.40	8.44	6155578	52954560.00
2014/01/13	8.48	8.54	8.11	8.23	6170250	51388008.00
2014/01/14	8.45	8.60	8.42	8.52	6987417	59365888.00
2014/01/15	8.43	9.37	8.43	9.37	21438002	193919008.00
2014/01/16	9.30	9.66	9.16	9.33	22634210	212587312.00
2014/01/17	9.30	9.48	9.14	9.31	11858862	110626184.00
2014/01/20	9.45	9.48	9.01	9.05	8716763	80389584.00
2014/01/21	8.99	9.45	8.99	9.23	9224758	85507632.00
2014/01/22	9.13	9.64	9.13	9.48	14538274	137022352.00
2014/01/23	9.39	9.53	9.33	9.37	10259303	96370248.00
2014/01/24	9.29	9.48	9.26	9.35	8322534	78136320.00
2014/01/27	9.28	9.50	9.19	9.43	11050557	103350608.00
2014/01/28	9.39	9.43	9.18	9.20	6942180	64460704.00
2014/01/29	9.02	9.13	8.77	8.85	11966551	106493472.00
2014/01/30	8.85	8.92	8.80	8.84	4219131	37363020.00
2014/02/07	8.74	8.97	8.70	8.97	4231237	37659144.00
2014/02/10	8.98	9.28	8.98	9.24	9150291	83938136.00
2014/02/11	9.27	9.49	9.23	9.36	11311301	105867912.00
2014/02/12	9.30	10.03	9.27	9.92	29484097	285999936.00
2014/02/13	9.76	9.90	9.47	9.49	18538430	179428960.00
2014/02/14	9.45	9.75	9.45	9.61	9652677	93147536.00
2014/02/17	9.68	9.79	9.57	9.72	9772718	94809056.00
2014/02/18	9.84	10.06	9.68	9.81	18266376	180399312.00
2014/02/19	9.81	10.41	9.62	10.13	29121785	292615648.00
2014/02/20	9.99	11.14	9.90	10.96	55534500	592204928.00
2014/02/21	10.70	11.05	10.45	10.85	40222856	432353792.00
2014/02/24	11.04	11.04	10.42	10.65	23554918	250050464.00
2014/02/25	10.58	10.77	10.21	10.68	32579218	343229760.00
2014/02/26	11.30	11.30	10.33	10.88	46598926	499371936.00
2014/02/27	10.95	10.95	10.22	10.31	36061228	378898016.00
2014/02/28	10.38	10.43	9.69	9.92	23062955	229766432.00
2014/03/03	9.92	10.20	9.71	10.16	17060102	170585568.00
2014/03/04	10.02	10.32	9.96	10.23	17007342	172838272.00
2014/03/05	10.24	10.53	10.09	10.13	19532937	201290992.00
2014/03/06	10.02	10.04	9.73	9.80	15120951	148904560.00
2014/03/07	9.80	9.95	9.59	9.62	10520483	102385992.00
2014/03/10	9.47	9.53	9.05	9.09	10948248	100985944.00
2014/03/11	8.99	9.20	8.96	9.10	6475641	58913476.00
2014/03/12	9.15	9.21	8.98	9.05	6691654	60695704.00
2014/03/13	9.07	9.12	9.01	9.07	6091242	55174496.00
2014/03/14	9.00	9.03	8.86	8.92	6045039	54094464.00
2014/03/17	8.88	9.17	8.88	9.13	5738544	52034844.00
2014/03/18	9.15	9.30	9.14	9.21	7107496	65448848.00
2014/03/19	9.21	9.21	9.05	9.08	6044675	55028376.00
2014/03/20	9.10	9.21	8.86	8.88	7689831	70008680.00
2014/03/21	8.80	9.07	8.51	9.00	7114424	62999276.00
2014/03/24	8.98	9.16	8.97	9.09	6390163	58092624.00
2014/03/25	9.15	9.47	9.06	9.41	13576471	126102760.00
2014/03/26	9.35	9.54	9.27	9.34	9191617	86208352.00
2014/03/27	9.33	9.33	8.95	8.97	9183452	83924704.00
2014/03/28	8.90	9.04	8.73	8.80	7120108	63185472.00
2014/03/31	8.80	8.92	8.72	8.78	3818557	33663256.00
2014/04/01	8.79	8.99	8.79	8.92	4359790	38796548.00
2014/04/02	9.08	9.78	9.05	9.63	27616542	261348144.00
2014/04/03	9.59	9.85	9.41	9.67	22756367	219093056.00
2014/04/04	9.53	9.74	9.44	9.68	13837306	133252312.00
2014/04/08	9.53	9.95	9.41	9.90	20739761	201487408.00
2014/04/09	9.87	9.98	9.70	9.75	22599172	221521712.00
2014/04/10	9.76	9.79	9.52	9.57	15909241	152905792.00
2014/04/11	9.41	9.53	9.38	9.44	7858104	74288128.00
2014/04/14	9.40	9.50	9.32	9.44	6774818	63799808.00
2014/04/15	9.38	9.69	9.35	9.55	15160793	144985152.00
2014/04/16	9.47	9.71	9.26	9.55	14863552	141199776.00
2014/04/17	9.55	9.58	9.32	9.33	7589201	71563264.00
2014/04/18	9.30	9.37	9.21	9.26	6218610	57734048.00
2014/04/21	9.18	9.34	9.09	9.20	6959891	64056676.00
2014/04/22	9.15	9.23	8.87	9.02	7967030	71967968.00
2014/04/23	9.02	9.08	8.90	8.91	4315923	38733708.00
2014/04/24	8.92	8.97	8.68	8.71	7224962	63685480.00
2014/04/25	8.64	8.75	8.56	8.57	5552956	48092188.00
2014/04/28	8.56	8.60	8.23	8.25	4840224	40471568.00
2014/04/29	8.23	8.38	8.20	8.37	3865909	32021714.00
2014/04/30	8.38	8.47	8.31	8.45	3463220	29141196.00
2014/05/05	8.46	8.55	8.41	8.49	2625538	22254468.00
2014/05/06	8.50	8.53	8.39	8.46	3327078	28218072.00
2014/05/07	8.40	8.52	8.31	8.32	4123566	34673832.00
2014/05/08	8.27	8.42	8.21	8.29	3487737	29043132.00
2014/05/09	8.28	8.33	8.07	8.17	4851918	39667088.00
2014/05/12	8.21	8.46	8.19	8.42	6102615	50886860.00
2014/05/13	8.45	8.46	8.33	8.37	3453094	28965876.00
2014/05/14	8.38	8.43	8.35	8.39	2760516	23156102.00
2014/05/15	8.39	8.39	8.10	8.11	4193028	34510960.00
2014/05/16	8.10	8.17	8.06	8.13	2428074	19700562.00
2014/05/19	8.17	8.37	8.09	8.18	4655880	38355996.00
2014/05/20	8.23	8.34	8.08	8.12	3677524	30155428.00
2014/05/21	8.11	8.18	8.05	8.15	3093762	25121072.00
2014/05/22	8.17	8.23	8.07	8.09	4719196	38492308.00
2014/05/23	8.06	8.17	8.06	8.15	3054155	24822556.00
2014/05/26	8.18	8.65	8.14	8.47	13191585	111519320.00
2014/05/27	8.48	8.59	8.34	8.35	7904140	66742504.00
2014/05/28	8.35	8.46	8.29	8.42	5030736	42120404.00
2014/05/29	8.41	8.42	8.19	8.20	4934347	41024056.00
2014/05/30	8.23	8.26	8.14	8.21	2913788	23902636.00
2014/06/03	8.22	8.25	8.12	8.12	3940507	32161020.00
2014/06/04	8.12	8.27	8.09	8.16	5722567	46799268.00
2014/06/05	8.16	8.19	8.07	8.18	4851626	39496056.00
2014/06/06	8.23	8.23	8.10	8.11	3256531	26533290.00
2014/06/09	8.16	8.17	8.07	8.09	2819054	22867120.00
2014/06/10	8.10	8.18	8.07	8.16	3596945	29232412.00
2014/06/11	8.14	8.42	8.09	8.27	7652112	63103304.00
2014/06/12	8.21	8.33	8.17	8.22	7531618	61994128.00
2014/06/13	8.20	8.37	8.17	8.26	10215918	84613344.00
2014/06/16	8.30	8.58	8.22	8.41	14558454	122535208.00
2014/06/17	8.34	8.37	8.22	8.25	8293134	68693880.00
2014/06/18	8.21	8.26	8.11	8.11	5953383	48621256.00
2014/06/19	8.11	8.24	7.67	7.88	6995311	56437800.00
2014/06/20	7.91	7.91	7.72	7.84	4222760	33021996.00
2014/06/23	7.88	7.97	7.85	7.88	3920903	31019446.00
2014/06/24	7.88	8.03	7.84	7.97	4780404	37936656.00
2014/06/25	7.93	7.97	7.80	7.89	4643537	36522448.00
2014/06/26	7.87	8.12	7.83	7.97	6593840	52809768.00
2014/06/27	7.90	8.46	7.90	8.23	14597003	119975464.00
2014/06/30	8.19	8.26	8.13	8.19	6613245	54050240.00
2014/07/01	8.22	8.48	8.17	8.35	15672711	131165712.00
2014/07/02	8.29	8.44	8.26	8.36	9367783	78155544.00
2014/07/03	8.33	8.38	8.27	8.34	6232267	51947332.00
2014/07/04	8.36	8.36	8.20	8.23	6380733	52678356.00
2014/07/07	8.23	8.30	8.12	8.17	7044803	57681564.00
2014/07/08	8.20	8.20	8.10	8.19	3854712	31403392.00
2014/07/09	8.19	8.24	8.05	8.06	6085840	49549740.00
2014/07/10	8.07	8.11	8.04	8.05	3579501	28870292.00
2014/07/11	8.05	8.11	8.01	8.09	3564976	28761094.00
2014/07/14	8.09	8.16	8.09	8.14	4042778	32824084.00
2014/07/15	8.17	8.17	8.07	8.12	4434527	35951324.00
2014/07/16	8.12	8.26	8.04	8.22	8656842	70927536.00
2014/07/17	8.18	8.19	8.04	8.08	6560829	53134760.00
2014/07/18	8.07	8.24	8.03	8.19	7901601	64473104.00
2014/07/21	8.16	8.31	8.15	8.24	10466044	86243152.00
2014/07/22	8.21	8.27	8.11	8.23	9442988	77383232.00
2014/07/23	8.24	8.45	8.17	8.28	13316343	110671600.00
2014/07/24	8.30	8.34	8.14	8.18	12100245	99591920.00
2014/07/25	8.18	8.35	8.12	8.33	13771008	113844688.00
2014/07/28	8.32	8.54	8.30	8.48	21102395	177983296.00
2014/07/29	8.48	8.89	8.40	8.75	32962020	286288768.00
2014/07/30	8.68	8.75	8.55	8.69	16441473	142269312.00
2014/07/31	8.68	8.89	8.63	8.75	15793056	138670928.00
2014/08/01	8.75	8.88	8.52	8.54	15736368	137073104.00
2014/08/04	8.52	8.65	8.52	8.60	9735188	83645464.00
2014/08/05	8.61	8.89	8.52	8.79	20484740	178757312.00
2014/08/06	8.70	9.08	8.62	8.98	23929934	212586192.00
2014/08/07	8.88	9.07	8.78	8.80	15825401	141062912.00
2014/08/08	8.78	8.86	8.67	8.73	8836860	77312528.00
2014/08/11	8.74	8.96	8.71	8.88	12190411	107915648.00
2014/08/12	8.92	8.97	8.82	8.87	10427355	92569584.00
2014/08/13	8.86	8.88	8.67	8.74	11548204	101068312.00
2014/08/14	8.74	8.95	8.67	8.81	14677182	129859048.00
2014/08/15	8.79	8.92	8.74	8.83	9793248	86495288.00
2014/08/18	8.83	8.90	8.78	8.88	10333971	91420560.00
2014/08/19	8.92	9.35	8.84	9.19	33854765	308168224.00
2014/08/20	9.17	9.26	8.99	9.02	19321502	175979040.00
2014/08/21	9.00	9.15	8.88	8.96	12776021	114988496.00
2014/08/22	8.91	9.28	8.86	9.16	20087838	182889920.00
2014/08/25	9.11	9.25	9.00	9.02	12584715	114496920.00
2014/08/26	9.03	9.04	8.67	8.70	10862553	95804416.00
2014/08/27	8.68	8.76	8.59	8.61	6408513	55521400.00
2014/08/28	8.58	8.72	8.56	8.57	5236564	45171708.00
2014/08/29	8.55	8.68	8.55	8.64	4557487	39288492.00
2014/09/01	8.61	8.79	8.61	8.76	6380727	55525784.00
2014/09/02	8.78	8.88	8.75	8.86	8844454	78054848.00
2014/09/03	8.88	9.29	8.82	9.06	24886810	226465344.00
2014/09/04	9.00	9.08	8.94	9.04	11781882	106082168.00
2014/09/05	9.00	9.25	9.00	9.07	20211603	184220880.00
2014/09/09	9.07	9.18	9.00	9.11	12541756	113990544.00
2014/09/10	9.07	9.59	9.03	9.45	47167216	443101760.00
2014/09/11	9.36	9.84	9.26	9.60	47081354	451309120.00
2014/09/12	9.48	9.58	9.37	9.52	17837092	169081632.00
2014/09/15	9.50	9.71	9.47	9.65	18327465	175710512.00
2014/09/16	9.70	9.88	9.21	9.29	26418326	254000784.00
2014/09/17	9.36	9.83	9.16	9.56	27058613	258012640.00
2014/09/18	9.42	9.63	9.23	9.44	19368136	182426704.00
2014/09/19	9.45	10.38	9.41	10.38	46834003	467190848.00
2014/09/22	10.60	11.17	10.42	10.79	87811255	951008448.00
2014/09/23	11.06	11.87	11.06	11.38	88175120	1015490624.00
2014/09/24	11.36	11.68	11.06	11.55	74968515	853820224.00
2014/09/25	11.54	11.90	11.30	11.66	67822060	786534912.00
2014/09/26	11.50	12.08	11.41	11.58	67326706	790858304.00
2014/09/29	11.57	11.68	11.28	11.50	39970800	458729248.00
2014/09/30	11.40	11.46	10.65	10.80	62288023	682208576.00
2014/10/08	10.82	10.95	10.70	10.92	25936672	280978880.00
2014/10/09	10.85	11.07	10.63	11.01	35363754	385574464.00
2014/10/10	10.85	11.04	10.75	10.92	23280977	253264736.00
2014/10/13	10.88	10.89	10.64	10.80	20198625	216754656.00
2014/10/14	10.80	10.98	10.73	10.88	20742200	225346896.00
2014/10/15	10.83	11.08	10.78	11.03	27828348	305451744.00
2014/10/16	10.93	11.16	10.60	10.62	31241011	343300768.00
2014/10/17	10.47	10.61	10.21	10.36	26971771	280798816.00
2014/10/20	10.44	10.58	10.32	10.49	16608762	173859920.00
2014/10/21	10.36	10.50	10.08	10.11	17825074	183191952.00
2014/10/22	10.13	10.25	10.04	10.22	13405858	136308400.00
2014/10/23	10.15	10.47	9.98	10.27	18732219	192216768.00
2014/10/24	10.28	10.34	10.12	10.17	12182573	124559760.00
2014/10/27	10.10	10.37	9.89	10.30	12927864	131893512.00
2014/10/28	10.25	10.56	10.20	10.52	18958941	197962464.00
2014/10/29	10.50	10.70	10.42	10.60	22810622	241043712.00
2014/10/30	10.57	10.95	10.51	10.60	27585707	295615264.00
2014/10/31	10.55	10.62	10.16	10.31	20852602	215662192.00
2014/11/03	10.25	10.56	10.23	10.44	14396239	149910752.00
2014/11/04	10.35	10.45	10.19	10.36	14264672	147332672.00
2014/11/05	10.36	11.03	10.31	10.85	47438492	509892160.00
2014/11/06	10.70	10.77	10.52	10.69	20675097	220022224.00
2014/11/07	10.66	10.91	10.51	10.58	24711249	265435200.00
2014/11/10	10.55	10.62	10.32	10.60	16942335	177539472.00
2014/11/11	10.59	10.96	10.45	10.94	42797317	460332256.00
2014/11/12	10.89	11.15	10.65	11.08	40283040	442565728.00
2014/11/13	11.07	11.26	10.78	10.80	30832981	338873920.00
2014/11/14	10.80	10.86	10.23	10.41	20452876	214706624.00
2014/11/17	10.34	10.69	10.27	10.54	14437155	151408880.00
2014/11/18	10.46	11.20	10.42	10.84	34406170	373804544.00
2014/11/19	10.75	10.91	10.60	10.84	21179833	227644416.00
2014/11/20	10.75	11.05	10.69	10.76	22155125	241059008.00
2014/11/21	11.00	11.18	10.68	10.77	27453840	298457440.00
2014/11/24	10.79	11.15	10.64	11.08	33865864	370585152.00
2014/11/25	11.08	11.14	10.93	11.10	28003421	308699424.00
2014/11/26	11.15	11.34	10.88	11.02	27793897	308586688.00
2014/11/27	11.00	11.40	11.00	11.38	40477097	452944640.00
2014/11/28	11.39	11.39	11.01	11.13	26777609	299312704.00
2014/12/01	11.10	11.23	10.82	11.14	25047863	275672736.00
2014/12/02	11.08	11.20	11.00	11.09	20553355	227723056.00
2014/12/03	11.38	11.69	11.10	11.22	41984768	478581792.00
2014/12/04	11.22	11.27	11.03	11.24	29848344	332701088.00
2014/12/05	11.18	11.22	10.20	10.55	29641854	318619424.00
2014/12/08	10.50	10.78	10.30	10.60	20959355	221783952.00
2014/12/09	10.57	11.05	10.26	10.28	34243559	366355136.00
2014/12/10	10.21	10.45	10.07	10.45	21264987	218733728.00
2014/12/11	10.38	10.71	10.21	10.65	25026615	261368336.00
2014/12/12	10.66	10.69	10.49	10.53	14908328	157378544.00
2014/12/15	10.49	10.69	10.39	10.66	14964712	158370864.00
2014/12/16	10.69	10.73	10.52	10.59	14266135	151290096.00
2014/12/17	10.55	10.57	10.12	10.23	17047947	175310896.00
2014/12/18	10.23	10.35	10.15	10.21	10851972	111199472.00
2014/12/19	10.22	10.27	9.85	10.04	14841018	148921392.00
2014/12/22	10.22	10.39	9.34	10.34	32465168	323456416.00
2014/12/23	10.14	10.18	9.50	9.57	14960193	146799136.00
2014/12/24	9.60	9.74	9.47	9.67	7466858	71705152.00
2014/12/25	9.67	9.83	9.61	9.71	8465595	82153104.00
2014/12/26	9.75	10.02	9.56	9.88	14255079	139835216.00
2014/12/29	9.72	9.78	9.39	9.43	13616848	130211040.00
2014/12/30	9.49	9.66	9.10	9.17	9450849	88877336.00
2014/12/31	9.25	9.38	9.00	9.20	11096114	102368624.00
2015/01/05	9.30	9.58	9.23	9.50	12889741	122029496.00
2015/01/06	9.40	9.80	9.35	9.70	15523420	148766848.00
2015/01/07	9.64	9.72	9.53	9.60	9699801	93177648.00
2015/01/08	9.65	9.66	9.50	9.55	7942830	76041024.00
2015/01/09	9.55	10.00	9.40	9.48	12096820	117047168.00
2015/01/12	9.48	9.70	9.00	9.49	10462807	99431392.00
2015/01/13	9.30	9.54	9.21	9.51	8200242	76818072.00
2015/01/14	9.48	9.56	9.27	9.37	6534180	61596444.00
2015/01/15	9.37	9.50	9.36	9.49	6513516	61592588.00
2015/01/16	9.51	9.61	9.42	9.59	9177692	87466072.00
2015/01/19	9.50	9.57	8.86	9.00	13093232	121708488.00
2015/01/20	9.10	9.31	9.07	9.30	9254808	84967072.00
2015/01/21	9.38	9.59	9.29	9.53	13035981	122953488.00
2015/01/22	9.52	9.75	9.42	9.68	14726785	141895760.00
2015/01/23	9.65	9.90	9.55	9.59	14790918	143805776.00
2015/01/26	9.61	9.87	9.59	9.79	11587087	113128720.00
2015/01/27	9.74	9.94	9.71	9.92	16443471	162057920.00
2015/01/28	9.95	9.97	9.80	9.82	9933614	98117672.00
2015/01/29	9.75	9.99	9.69	9.83	11094025	109541856.00
2015/01/30	9.85	9.95	9.75	9.79	8780323	86422536.00
2015/02/02	9.70	9.89	9.60	9.66	8035392	78439072.00
2015/02/03	9.73	9.76	9.49	9.64	8155364	78354288.00
2015/02/04	9.64	9.69	9.50	9.52	9222903	88505344.00
2015/02/05	9.60	9.64	9.40	9.42	7998709	75980688.00
2015/02/06	9.36	9.39	9.11	9.17	7776481	71891912.00
2015/02/09	9.20	9.25	9.13	9.16	4041450	37136780.00
2015/02/10	9.19	9.28	9.16	9.27	4713796	43405676.00
2015/02/11	9.25	9.37	9.23	9.26	4632772	43047596.00
2015/02/12	9.28	9.68	9.27	9.56	11862946	112548600.00
2015/02/13	9.57	9.62	9.46	9.56	9875788	94396080.00
2015/02/16	9.57	9.66	9.52	9.63	9768813	93834824.00
2015/02/17	9.63	9.92	9.63	9.82	16080525	157713152.00
2015/02/25	9.90	10.19	9.86	10.04	23692990	238072496.00
2015/02/26	10.00	10.22	9.90	10.09	18597516	187233936.00
2015/02/27	10.22	10.45	9.99	10.39	34105162	348779488.00
2015/03/02	10.32	10.70	10.21	10.68	35312052	366886080.00
2015/03/03	10.50	10.70	10.38	10.39	23285810	244803264.00
2015/03/04	10.41	10.54	10.28	10.39	16728062	173460432.00
2015/03/05	10.41	10.46	10.21	10.41	17308757	178842048.00
2015/03/06	10.45	10.45	10.23	10.28	12578099	129884208.00
2015/03/09	10.25	10.55	10.24	10.47	15154422	158203072.00
2015/03/10	10.46	10.75	10.40	10.59	19390728	204975072.00
2015/03/11	10.70	10.78	10.34	10.36	16651809	175027792.00
2015/05/05	10.36	10.36	10.36	10.36	0	0.00
数据来源:通达信
