600830 香溢融通 日线 前复权
      日期	    开盘	    最高	    最低	    收盘	    成交量	    成交额
2011/10/10	8.62	8.62	8.13	8.20	1575624	13486250.00
2011/10/11	8.57	8.63	8.23	8.39	1824638	15807800.00
2011/10/12	8.30	8.73	8.30	8.70	1715396	15171181.00
2011/10/13	8.70	8.92	8.63	8.78	1238785	11181995.00
2011/10/14	8.83	9.33	8.69	9.13	5568001	51483732.00
2011/10/17	9.03	9.23	8.97	8.99	3113407	28869724.00
2011/10/18	8.88	8.90	8.20	8.38	2886524	25274926.00
2011/10/19	8.37	8.43	8.18	8.18	1434528	12211816.00
2011/10/20	8.08	8.18	7.93	7.99	1130166	9333518.00
2011/10/21	8.23	8.23	7.94	7.99	962912	7946232.00
2011/10/24	8.00	8.07	7.76	7.98	1751014	14286572.00
2011/10/25	8.08	8.43	8.03	8.16	4182665	35282832.00
2011/10/26	8.21	8.29	8.09	8.18	3073826	25889786.00
2011/10/27	8.23	8.37	8.18	8.22	1985954	16809360.00
2011/10/28	8.33	8.49	8.24	8.41	3008098	25787348.00
2011/10/31	8.45	8.45	8.28	8.38	1718590	14730920.00
2011/11/01	8.33	8.52	8.22	8.43	3247712	27896366.00
2011/11/02	8.30	8.62	8.23	8.50	2727519	23518182.00
2011/11/03	8.59	8.66	8.44	8.54	4634260	40768476.00
2011/11/04	8.61	8.69	8.52	8.66	3683107	32518864.00
2011/11/07	8.66	8.73	8.51	8.57	2182234	19230496.00
2011/11/08	8.56	8.61	8.40	8.43	1659175	14454950.00
2011/11/09	8.67	8.67	8.40	8.55	1796921	15785194.00
2011/11/10	8.47	8.56	8.33	8.34	1547529	13414504.00
2011/11/11	8.34	9.20	8.34	8.68	10462552	94639984.00
2011/11/14	8.68	8.96	8.54	8.82	4963022	44756704.00
2011/11/15	8.74	8.88	8.63	8.79	3129304	28062272.00
2011/11/16	8.78	8.78	8.46	8.53	3818794	33590440.00
2011/11/17	8.49	8.67	8.49	8.54	2521497	22193136.00
2011/11/18	8.57	8.65	8.30	8.43	2012817	17420788.00
2011/11/21	8.43	8.52	8.35	8.46	1392295	11997925.00
2011/11/22	8.39	8.56	8.33	8.47	1111235	9624748.00
2011/11/23	8.54	8.54	8.33	8.39	1185137	10227089.00
2011/11/24	8.33	8.46	8.25	8.32	1258687	10776258.00
2011/11/25	8.37	8.37	8.12	8.18	1427980	12097004.00
2011/11/28	8.18	8.26	8.06	8.19	1447211	12125126.00
2011/11/29	8.29	8.36	8.21	8.30	2029576	17240048.00
2011/11/30	8.37	8.42	7.87	7.96	1998042	16818216.00
2011/12/01	8.23	8.33	8.10	8.14	1897887	15991372.00
2011/12/02	8.06	8.16	7.89	7.91	1047864	8598389.00
2011/12/05	7.91	7.91	7.48	7.61	1211680	9573431.00
2011/12/06	7.66	7.78	7.50	7.70	1258243	9888366.00
2011/12/07	7.68	7.85	7.68	7.75	665852	5312490.00
2011/12/08	7.87	7.87	7.68	7.84	1085333	8690499.00
2011/12/09	7.87	7.87	7.63	7.65	591269	4711441.00
2011/12/12	7.61	7.77	7.53	7.66	689096	5422245.00
2011/12/13	7.60	7.65	7.29	7.29	731700	5595199.00
2011/12/14	7.29	7.45	7.13	7.15	539815	4044295.00
2011/12/15	7.10	7.15	6.66	6.68	1474150	10474495.00
2011/12/16	6.68	6.98	6.56	6.93	1099243	7649629.00
2011/12/19	6.83	6.97	6.63	6.87	977895	6840465.00
2011/12/20	6.90	6.96	6.81	6.82	1029663	7314892.00
2011/12/21	6.89	6.90	6.33	6.46	988377	6867837.00
2011/12/22	6.39	6.49	6.17	6.45	1558840	10213791.00
2011/12/23	6.37	6.78	6.33	6.69	2454840	16863860.00
2011/12/26	6.66	6.69	6.50	6.52	3241245	22069320.00
2011/12/27	6.44	6.45	6.18	6.20	1588774	10394127.00
2011/12/28	6.17	6.23	5.94	6.10	958123	6002258.00
2011/12/29	6.12	6.44	6.00	6.11	1608972	10353286.00
2011/12/30	6.26	6.27	6.13	6.22	891851	5745044.00
2012/01/04	6.23	6.37	5.99	6.01	1080156	6884873.00
2012/01/05	6.01	6.04	5.71	5.91	1751518	10661907.00
2012/01/06	5.87	5.97	5.64	5.80	1912152	11468150.00
2012/01/09	5.80	6.07	5.72	6.05	3338816	20634576.00
2012/01/10	6.04	6.42	6.00	6.39	2893491	18721232.00
2012/01/11	6.38	6.52	6.29	6.46	2350923	15604802.00
2012/01/12	6.46	6.54	6.40	6.45	1389904	9286444.00
2012/01/13	6.40	6.46	6.13	6.21	1499029	9756034.00
2012/01/16	6.13	6.19	5.93	5.98	916276	5797309.00
2012/01/17	6.14	6.55	6.12	6.40	3965340	26086794.00
2012/01/18	6.40	6.64	6.34	6.53	4500303	30297538.00
2012/01/19	6.58	6.74	6.48	6.66	5093337	34808708.00
2012/01/20	6.66	6.68	6.58	6.61	3082645	21089412.00
2012/01/30	6.64	6.64	6.33	6.41	3733749	24969596.00
2012/01/31	6.41	6.45	6.29	6.45	1155151	7632490.00
2012/02/01	6.41	6.52	6.26	6.30	2582840	16961240.00
2012/02/02	6.33	6.46	6.28	6.43	1756002	11584820.00
2012/02/03	6.45	6.86	6.41	6.68	5458813	37584012.00
2012/02/06	6.64	6.96	6.61	6.89	7667195	54047528.00
2012/02/07	6.88	6.88	6.65	6.71	3600974	25027790.00
2012/02/08	6.74	6.91	6.68	6.89	4678042	32957436.00
2012/02/09	6.85	6.96	6.81	6.83	5065814	35976088.00
2012/02/10	6.83	6.90	6.76	6.82	2689406	18979268.00
2012/02/13	6.75	7.11	6.68	6.95	4146960	29561338.00
2012/02/14	6.95	6.95	6.82	6.87	2064871	14649622.00
2012/02/15	6.83	7.02	6.82	7.00	4183847	30007160.00
2012/02/16	7.02	7.19	6.96	7.06	4715183	34406604.00
2012/02/17	7.14	7.14	6.86	7.00	3177378	22959106.00
2012/02/20	7.12	7.12	6.89	6.96	4679108	33943260.00
2012/02/21	6.93	7.00	6.76	6.96	4078220	28922648.00
2012/02/22	6.98	7.10	6.91	7.08	5993797	43292696.00
2012/02/23	7.04	7.24	6.93	7.23	7312637	53822332.00
2012/02/24	7.28	7.30	7.14	7.27	5260560	39174140.00
2012/02/27	7.27	7.51	7.21	7.30	9226469	70050464.00
2012/02/28	7.27	7.33	7.10	7.23	4438585	33021108.00
2012/02/29	7.20	7.33	7.13	7.15	3788271	28120566.00
2012/03/01	7.10	7.24	7.10	7.17	2423155	17931760.00
2012/03/02	7.18	7.33	7.17	7.28	4159287	31111188.00
2012/03/05	7.30	7.45	7.27	7.40	5954853	45238548.00
2012/03/06	7.35	7.41	7.18	7.30	3877037	29157956.00
2012/03/07	7.22	7.53	7.20	7.35	6042015	46024904.00
2012/03/08	7.42	7.65	7.38	7.57	9932328	76706936.00
2012/03/09	7.57	7.83	7.54	7.66	9183819	72667208.00
2012/03/12	7.63	7.82	7.55	7.78	5887199	46503236.00
2012/03/13	7.76	7.94	7.70	7.80	7557176	60712280.00
2012/03/14	7.93	7.93	7.13	7.23	8411151	65946964.00
2012/03/15	7.23	7.53	7.19	7.30	7661798	58283084.00
2012/03/16	7.23	7.56	7.20	7.53	6774349	51555364.00
2012/03/19	7.61	7.65	7.41	7.64	5164033	39946412.00
2012/03/20	7.58	7.77	7.49	7.65	8017611	63239848.00
2012/03/21	7.71	7.77	7.52	7.75	6485858	51186980.00
2012/03/22	7.71	7.77	7.63	7.65	4115092	32547184.00
2012/03/23	7.63	7.63	7.15	7.29	4703860	35817808.00
2012/03/26	7.32	7.37	7.13	7.22	2452595	18235636.00
2012/03/27	7.26	7.31	7.16	7.16	1850758	13797361.00
2012/03/28	7.15	7.16	6.76	6.83	2924520	20843448.00
2012/03/29	7.23	7.54	6.92	6.96	13589600	100815456.00
2012/03/30	6.75	7.68	6.58	7.68	21713704	167369792.00
2012/04/05	7.99	8.47	7.70	8.47	38885059	323270336.00
2012/04/06	9.28	9.32	8.52	8.60	46275687	416559776.00
2012/04/09	8.43	8.86	8.28	8.55	28338086	249051232.00
2012/04/10	8.38	9.43	8.30	9.43	38877626	348878304.00
2012/04/11	9.26	10.40	9.19	10.05	65959185	666073792.00
2012/04/12	9.73	10.23	9.69	10.00	44224030	448512032.00
2012/04/13	9.85	10.31	9.60	9.80	41938858	425830720.00
2012/04/16	9.78	10.80	9.56	10.60	67507214	715844928.00
2012/04/17	10.36	10.43	9.52	9.52	58486471	588591360.00
2012/04/18	9.53	10.13	9.34	9.75	50127598	500859712.00
2012/04/19	9.53	9.62	9.04	9.30	34980319	332168320.00
2012/04/20	9.20	10.24	9.18	9.76	51070833	509845440.00
2012/04/23	9.58	10.34	9.51	9.91	41228280	419963808.00
2012/04/24	9.78	10.92	9.73	10.92	62535463	669848576.00
2012/04/25	11.29	12.03	11.16	12.03	88455886	1057903872.00
2012/04/27	10.81	11.33	10.81	10.81	64508222	721855040.00
2012/05/02	10.81	11.23	10.34	10.98	46082710	507901952.00
2012/05/03	10.81	11.36	10.59	11.22	39368553	441854976.00
2012/05/04	11.08	11.22	10.68	10.84	34533349	384965216.00
2012/05/07	10.61	10.83	10.40	10.54	31687895	342493760.00
2012/05/08	10.56	10.83	10.11	10.30	33631024	358104832.00
2012/05/09	10.17	10.62	9.99	10.44	31261467	331741728.00
2012/05/10	10.29	10.56	9.98	10.14	26156979	273226464.00
2012/05/11	10.10	10.46	10.04	10.14	20207746	211245792.00
2012/05/14	10.23	10.54	10.08	10.27	22940070	242710384.00
2012/05/15	10.16	10.52	9.68	10.00	27439275	282885312.00
2012/05/16	9.90	10.23	9.78	9.87	18209616	185910688.00
2012/05/17	9.89	10.51	9.80	10.28	37152154	388845440.00
2012/05/18	10.06	10.07	9.23	9.24	41449427	403535904.00
2012/05/21	9.13	9.34	8.99	9.07	18123007	169726272.00
2012/05/22	9.15	9.28	9.09	9.24	14009929	132007536.00
2012/05/23	9.18	9.55	9.11	9.35	22877558	218461360.00
2012/05/24	9.18	9.36	9.03	9.13	16275524	153269952.00
2012/05/25	9.11	9.32	9.03	9.09	13800115	129513216.00
2012/05/28	9.08	9.66	9.05	9.51	28863175	277484512.00
2012/05/29	9.41	9.52	9.23	9.47	21355727	204620864.00
2012/05/30	9.39	9.63	9.32	9.38	17301059	167450528.00
2012/05/31	9.28	9.42	9.12	9.27	12649682	120021912.00
2012/06/01	9.29	9.36	9.17	9.23	8346329	79072216.00
2012/06/04	8.99	9.13	8.31	8.40	20137965	180388960.00
2012/06/05	8.44	8.59	8.22	8.52	12847854	111108336.00
2012/06/06	8.47	8.55	8.32	8.41	7400797	63986768.00
2012/06/07	8.50	8.78	8.39	8.46	12688756	111487712.00
2012/06/08	8.53	8.56	8.29	8.31	8098177	70075960.00
2012/06/11	8.28	8.75	8.22	8.51	14768977	128412184.00
2012/06/12	8.38	8.58	8.34	8.47	6808769	59198308.00
2012/06/13	8.48	8.82	8.46	8.73	20594028	183116160.00
2012/06/14	8.66	8.73	8.39	8.42	12592732	110367560.00
2012/06/15	8.48	8.57	8.28	8.43	6589917	56606180.00
2012/06/18	8.48	8.64	8.45	8.53	6880834	59947308.00
2012/06/19	8.51	8.78	8.43	8.53	10776319	94704888.00
2012/06/20	8.52	8.67	8.41	8.44	7880516	68599336.00
2012/06/21	8.38	8.69	8.18	8.49	12541536	108648784.00
2012/06/25	8.40	8.40	8.00	8.06	8391377	69965128.00
2012/06/26	7.96	8.27	7.87	8.16	7243098	60050944.00
2012/06/27	8.11	8.37	8.09	8.18	7535861	63446756.00
2012/06/28	8.19	8.71	8.18	8.33	18332727	158404944.00
2012/06/29	8.16	8.30	7.94	8.25	10252070	84813104.00
2012/07/02	8.31	8.38	8.21	8.28	6977800	58980720.00
2012/07/03	8.29	8.49	8.25	8.48	11549317	98897384.00
2012/07/04	8.54	8.56	8.18	8.38	8140376	69485408.00
2012/07/05	8.19	8.72	8.08	8.35	28701725	249331920.00
2012/07/06	8.31	8.31	7.50	7.84	26554392	211384464.00
2012/07/09	7.66	7.83	7.48	7.49	12362563	96920880.00
2012/07/10	7.44	7.58	7.23	7.33	6843054	51950700.00
2012/07/11	7.30	7.42	7.26	7.39	5582655	41971280.00
2012/07/12	7.37	7.45	7.13	7.42	8191904	61346896.00
2012/07/13	7.32	7.57	7.31	7.41	7986985	60855784.00
2012/07/16	7.40	7.40	6.81	6.92	9784814	70700840.00
2012/07/17	6.90	7.17	6.78	7.09	6849349	49274040.00
2012/07/18	7.05	7.28	6.97	7.24	7090397	51762608.00
2012/07/19	7.16	7.98	7.16	7.72	35185673	277673984.00
2012/07/20	7.48	8.08	7.44	7.71	24869233	196626448.00
2012/07/23	7.93	7.96	7.48	7.55	9382049	73523672.00
2012/07/24	7.41	8.11	7.38	7.74	19979292	158869824.00
2012/07/25	7.64	7.66	7.49	7.50	8746573	67612152.00
2012/07/26	7.47	7.59	7.25	7.34	7873785	59581284.00
2012/07/27	7.38	7.43	7.13	7.15	6072435	45032960.00
2012/07/30	7.17	7.21	6.88	6.95	5881154	41992376.00
2012/07/31	6.87	7.20	6.75	7.05	6675380	47930144.00
2012/08/01	7.00	7.19	6.94	7.11	6363635	46356700.00
2012/08/02	7.11	7.14	6.86	6.93	5078250	36298700.00
2012/08/03	6.93	7.08	6.92	7.07	4389949	31473824.00
2012/08/06	7.03	7.33	7.02	7.29	8677292	64072268.00
2012/08/07	7.29	7.39	7.23	7.36	8177099	61263116.00
2012/08/08	7.34	7.56	7.33	7.37	10050639	76338952.00
2012/08/09	7.38	7.47	7.23	7.44	8797376	66354792.00
2012/08/10	7.41	7.63	7.34	7.47	9611365	73949032.00
2012/08/13	7.37	7.47	7.13	7.19	7483096	55969980.00
2012/08/14	7.18	7.38	7.04	7.38	7050358	51970420.00
2012/08/15	7.34	7.34	7.18	7.18	3380014	25109996.00
2012/08/16	7.14	7.24	7.07	7.20	4005049	29362880.00
2012/08/17	7.41	7.61	7.30	7.37	18740332	142376592.00
2012/08/20	7.21	7.23	7.04	7.18	7748722	56501352.00
2012/08/21	7.20	7.45	7.12	7.35	9891808	73860224.00
2012/08/22	7.31	7.50	7.16	7.37	14905587	112229976.00
2012/08/23	7.28	7.44	7.19	7.34	9173586	68666168.00
2012/08/24	7.28	7.33	6.94	6.95	7744942	56325672.00
2012/08/27	6.97	7.02	6.82	6.82	4759126	33626976.00
2012/08/28	6.84	6.96	6.77	6.89	3319976	23387476.00
2012/08/29	6.91	7.00	6.82	6.88	4266197	30228756.00
2012/08/30	6.83	6.98	6.74	6.97	5748195	40673584.00
2012/08/31	6.91	6.93	6.78	6.82	4711210	33082682.00
2012/09/03	6.80	6.98	6.74	6.95	4049938	28674130.00
2012/09/04	7.03	7.03	6.86	6.94	4262466	30252012.00
2012/09/05	6.89	7.04	6.83	6.94	11863310	84673200.00
2012/09/06	7.27	7.27	6.90	6.99	7904954	56616720.00
2012/09/07	7.03	7.32	6.98	7.23	12402226	91038984.00
2012/09/10	7.20	7.36	7.17	7.30	9812503	72885144.00
2012/09/11	7.27	7.27	7.10	7.20	6700292	49145828.00
2012/09/12	7.21	7.31	7.15	7.30	8225322	61008504.00
2012/09/13	7.29	7.30	7.06	7.10	7780952	57311912.00
2012/09/14	7.15	7.20	7.00	7.04	6481475	47035352.00
2012/09/17	7.12	7.37	6.98	6.98	12917656	95380584.00
2012/09/18	6.85	6.88	6.62	6.68	9268935	64035728.00
2012/09/19	6.72	6.76	6.64	6.71	3686196	25312578.00
2012/09/20	6.69	6.69	6.32	6.37	6316009	41971464.00
2012/09/21	6.34	6.48	6.31	6.31	4029874	26464916.00
2012/09/24	6.31	6.36	6.13	6.28	3004487	19334244.00
2012/09/25	6.28	6.37	6.24	6.31	2402501	15566938.00
2012/09/26	6.26	6.38	6.17	6.18	2585737	16546241.00
2012/09/27	6.15	6.34	6.06	6.28	4638506	29734068.00
2012/09/28	6.24	6.40	6.21	6.39	4450572	28935882.00
2012/10/08	6.39	6.40	6.29	6.34	2616288	17024284.00
2012/10/09	6.33	6.57	6.33	6.52	5916063	39333296.00
2012/10/10	6.49	6.64	6.45	6.63	5402214	36422560.00
2012/10/11	6.62	6.63	6.41	6.43	3814498	25556236.00
2012/10/12	6.40	6.55	6.37	6.53	3751187	24943074.00
2012/10/15	6.53	6.54	6.31	6.36	2590449	16979502.00
2012/10/16	6.36	6.51	6.34	6.42	3115226	20610994.00
2012/10/17	6.42	6.57	6.39	6.48	3273424	21788372.00
2012/10/18	6.48	6.61	6.46	6.57	4630635	31142788.00
2012/10/19	6.58	6.66	6.53	6.61	3302294	22349698.00
2012/10/22	6.54	6.58	6.46	6.54	3405812	22755306.00
2012/10/23	6.54	6.65	6.40	6.43	5551075	36961868.00
2012/10/24	6.40	6.48	6.33	6.35	4818034	31611920.00
2012/10/25	6.35	6.50	6.33	6.39	3228282	21203964.00
2012/10/26	6.36	6.42	6.06	6.12	4798501	30603258.00
2012/10/29	6.15	6.22	6.03	6.06	2510679	15713516.00
2012/10/30	6.06	6.07	5.93	5.96	2708908	16678317.00
2012/10/31	5.95	6.11	5.95	6.10	2248607	14009460.00
2012/11/01	6.18	6.33	6.13	6.27	4302811	27464688.00
2012/11/02	6.27	6.33	6.19	6.32	2250039	14469868.00
2012/11/05	6.32	6.33	6.21	6.26	1874708	12060212.00
2012/11/06	6.26	6.26	6.06	6.18	2132638	13471051.00
2012/11/07	6.15	6.28	6.13	6.19	1840273	11731009.00
2012/11/08	6.15	6.53	5.93	5.98	11708794	74990664.00
2012/11/09	5.95	6.11	5.83	6.05	6243103	38233576.00
2012/11/12	6.03	6.03	5.89	6.03	4464839	27360104.00
2012/11/13	6.02	6.04	5.85	5.97	3217634	19610692.00
2012/11/14	5.96	6.01	5.90	5.99	2067032	12646747.00
2012/11/15	5.92	5.99	5.87	5.95	2411675	14684865.00
2012/11/16	5.92	5.94	5.87	5.92	1783933	10823124.00
2012/11/19	5.93	6.10	5.90	5.99	3504512	21562526.00
2012/11/20	5.99	6.08	5.93	5.99	3604932	22260756.00
2012/11/21	5.94	6.02	5.85	6.00	3409299	20854318.00
2012/11/22	5.98	6.24	5.89	6.18	12052101	75641816.00
2012/11/23	6.14	6.42	6.07	6.10	11976976	76653888.00
2012/11/26	6.00	6.02	5.87	5.92	5794703	35395184.00
2012/11/27	5.89	5.89	5.62	5.67	5451572	32114120.00
2012/11/28	5.63	5.63	5.44	5.51	3073037	17470826.00
2012/11/29	5.53	5.57	5.36	5.42	2585430	14535592.00
2012/11/30	5.39	5.52	5.37	5.46	1548415	8717532.00
2012/12/03	5.46	5.52	5.19	5.23	1569533	8726050.00
2012/12/04	5.19	5.31	4.99	5.28	3219859	17190298.00
2012/12/05	5.29	5.50	5.20	5.46	5561570	31036108.00
2012/12/06	5.45	5.68	5.39	5.52	7431025	42416912.00
2012/12/07	5.46	5.64	5.40	5.59	7037044	40184304.00
2012/12/10	5.58	5.91	5.55	5.76	10164285	60151096.00
2012/12/11	5.72	5.90	5.66	5.70	8944967	53203244.00
2012/12/12	5.70	5.79	5.52	5.59	5562588	32263844.00
2012/12/13	5.56	5.66	5.50	5.51	4204427	24099336.00
2012/12/14	5.51	6.08	5.51	6.08	16770983	102748624.00
2012/12/17	6.23	6.62	6.14	6.31	28966747	187961376.00
2012/12/18	6.19	6.74	6.15	6.57	23994747	157612272.00
2012/12/19	6.45	6.50	6.28	6.40	13882643	91330568.00
2012/12/20	6.38	6.49	6.25	6.43	9220840	60335600.00
2012/12/21	6.41	6.67	6.23	6.33	13788714	91059736.00
2012/12/24	6.28	6.39	6.18	6.27	7106403	45763876.00
2012/12/25	6.27	6.48	6.16	6.38	14115000	92414208.00
2012/12/26	6.35	6.56	6.33	6.46	11233719	74243520.00
2012/12/27	6.44	6.48	6.26	6.27	9289782	60743292.00
2012/12/28	6.27	6.48	6.27	6.41	9024308	59377904.00
2012/12/31	6.45	6.60	6.40	6.53	12765957	85137056.00
2013/01/04	6.60	6.62	6.34	6.36	8516003	56186632.00
2013/01/07	6.32	6.36	6.18	6.36	6317795	40788356.00
2013/01/08	6.33	6.52	6.29	6.45	9820497	64694748.00
2013/01/09	6.43	6.71	6.41	6.62	17229656	116355568.00
2013/01/10	6.62	6.64	6.48	6.59	10790996	72474920.00
2013/01/11	6.57	6.59	6.23	6.28	9547030	62834948.00
2013/01/14	6.24	6.48	6.18	6.47	8709233	56969832.00
2013/01/15	6.45	6.73	6.43	6.65	14084065	95281704.00
2013/01/16	6.63	6.97	6.57	6.76	17323815	120378600.00
2013/01/17	6.77	6.80	6.58	6.70	9960663	68338384.00
2013/01/18	6.73	6.82	6.60	6.78	9593827	66275068.00
2013/01/21	6.79	6.92	6.75	6.80	8587765	60062940.00
2013/01/22	6.83	6.88	6.62	6.64	8616571	59448344.00
2013/01/23	6.58	7.29	6.53	7.06	20969050	148862000.00
2013/01/24	6.99	7.33	6.78	7.02	31335636	227187440.00
2013/01/25	6.94	6.99	6.67	6.68	11774569	81765976.00
2013/01/28	6.66	6.92	6.63	6.87	9890049	69001632.00
2013/01/29	6.83	6.91	6.73	6.82	10919703	76233136.00
2013/01/30	6.86	6.90	6.69	6.80	8822122	61304064.00
2013/01/31	6.77	6.85	6.59	6.65	9763324	66728316.00
2013/02/01	6.62	6.99	6.58	6.91	15080131	105485736.00
2013/02/04	7.02	7.62	6.91	7.62	24499372	185515232.00
2013/02/05	7.91	8.04	7.47	7.52	44054487	348499232.00
2013/02/06	7.37	7.64	7.36	7.43	17547272	134272432.00
2013/02/07	7.33	7.42	7.13	7.20	13461462	99711344.00
2013/02/08	7.18	7.31	7.18	7.21	7024510	52079440.00
2013/02/18	7.21	7.31	7.10	7.23	7978486	58897816.00
2013/02/19	7.15	7.21	6.95	7.00	11106890	80006560.00
2013/02/20	6.97	7.09	6.91	7.06	9192536	66061068.00
2013/02/21	7.05	7.05	6.75	6.80	9629987	67933704.00
2013/02/22	6.80	6.90	6.66	6.69	7207471	50070544.00
2013/02/25	6.69	6.81	6.68	6.81	4575117	31676990.00
2013/02/26	6.75	6.91	6.65	6.77	7066868	49234052.00
2013/02/27	7.18	7.18	6.83	6.88	8977420	63784516.00
2013/02/28	6.88	7.01	6.83	6.96	9421149	66867208.00
2013/03/01	6.93	6.99	6.86	6.97	7634795	54222452.00
2013/03/04	6.87	6.87	6.49	6.59	9241965	62972836.00
2013/03/05	6.58	6.74	6.57	6.72	5804486	39680648.00
2013/03/06	6.72	6.87	6.67	6.82	6957456	48409764.00
2013/03/07	6.80	6.82	6.63	6.75	5203048	35980224.00
2013/03/08	6.73	6.91	6.68	6.79	5509573	38456944.00
2013/03/11	6.79	6.87	6.68	6.77	3668863	25483260.00
2013/03/12	6.73	6.86	6.43	6.54	6616367	45083004.00
2013/03/13	6.46	6.53	6.30	6.40	4330128	28480632.00
2013/03/14	6.39	6.44	6.35	6.39	2427842	15920631.00
2013/03/15	6.39	6.50	6.27	6.35	4085776	26834488.00
2013/03/18	6.37	6.40	6.15	6.16	3429797	22091056.00
2013/03/19	6.15	6.24	6.04	6.18	3961383	24984594.00
2013/03/20	6.20	6.56	6.18	6.51	8314851	54460696.00
2013/03/21	6.45	6.62	6.43	6.51	5672560	37946812.00
2013/03/22	6.51	6.56	6.43	6.49	3375266	22511332.00
2013/03/25	6.49	6.55	6.46	6.50	3935695	26268392.00
2013/03/26	6.48	7.01	6.39	6.78	16809287	115928880.00
2013/03/27	6.76	6.81	6.64	6.69	7914006	54487896.00
2013/03/28	6.63	6.64	6.24	6.32	6438507	42304808.00
2013/03/29	6.30	6.46	6.28	6.33	2628062	17190616.00
2013/04/01	6.29	6.46	6.27	6.34	2499516	16325137.00
2013/04/02	6.34	6.44	6.20	6.25	3805277	24683700.00
2013/04/03	6.26	6.32	6.15	6.19	2375084	15134946.00
2013/04/08	6.10	6.21	5.97	6.21	2448805	15349210.00
2013/04/09	6.21	6.46	6.21	6.31	3679386	23998128.00
2013/04/10	6.27	6.35	6.23	6.31	2612400	16895616.00
2013/04/11	6.37	6.37	6.26	6.31	2475762	16027622.00
2013/04/12	6.35	6.35	6.21	6.22	1829720	11812418.00
2013/04/15	6.27	6.27	6.13	6.19	2075617	13207876.00
2013/04/16	6.16	6.30	6.06	6.26	2191076	13876914.00
2013/04/17	6.27	6.35	6.18	6.23	1674330	10734123.00
2013/04/18	6.23	6.32	6.19	6.23	1815751	11645598.00
2013/04/19	6.25	6.41	6.24	6.36	4605160	30000360.00
2013/04/22	6.33	6.34	6.25	6.31	3070608	19816106.00
2013/04/23	6.31	6.32	6.10	6.21	4145625	26369022.00
2013/04/24	6.19	6.80	6.19	6.72	14342470	95994976.00
2013/04/25	6.66	6.79	6.60	6.66	10043387	68992784.00
2013/04/26	6.68	6.91	6.54	6.66	9196262	63518156.00
2013/05/02	6.69	6.85	6.52	6.81	9270499	64044832.00
2013/05/03	6.83	7.12	6.77	7.03	18302742	130748728.00
2013/05/06	7.05	7.13	6.98	7.04	14273395	103233832.00
2013/05/07	6.98	7.43	6.98	7.39	29789313	221133216.00
2013/05/08	7.34	7.48	7.15	7.35	27107498	202852720.00
2013/05/09	7.33	7.43	7.19	7.26	17199360	128176984.00
2013/05/10	7.27	7.35	7.13	7.31	18708474	138972384.00
2013/05/13	7.29	7.45	7.23	7.31	24566980	184587808.00
2013/05/14	7.30	7.30	7.12	7.22	14505315	106891952.00
2013/05/15	7.25	7.54	7.14	7.49	30891270	233789888.00
2013/05/16	7.46	7.56	7.39	7.41	24535301	187426096.00
2013/05/17	7.40	7.40	7.05	7.18	22856235	167671376.00
2013/05/20	7.17	7.26	7.10	7.19	12416135	91557712.00
2013/05/21	7.18	7.23	7.06	7.22	12230220	89469632.00
2013/05/22	7.19	7.42	7.12	7.34	18298708	136791024.00
2013/05/23	7.27	7.27	6.88	6.89	19101266	137326496.00
2013/05/24	6.87	6.96	6.85	6.93	8575897	60619136.00
2013/05/27	6.93	7.03	6.88	6.96	7663881	54578624.00
2013/05/28	6.94	7.16	6.80	7.08	14338669	102809600.00
2013/05/29	7.03	7.07	6.93	7.02	9446457	67771728.00
2013/05/30	6.99	7.18	6.97	7.09	10181235	73868032.00
2013/05/31	7.07	7.14	6.91	6.92	8174875	58663892.00
2013/06/03	6.90	6.96	6.84	6.86	5183520	36579756.00
2013/06/04	6.85	6.85	6.64	6.67	5979050	41215132.00
2013/06/05	6.67	6.72	6.51	6.63	4306579	29308144.00
2013/06/06	6.56	6.61	6.41	6.43	4208761	28200516.00
2013/06/07	6.44	6.49	6.13	6.29	4559131	29663104.00
2013/06/13	6.24	6.24	5.99	6.04	5399538	33584916.00
2013/06/14	6.06	6.12	6.03	6.09	3248662	20318868.00
2013/06/17	6.15	6.16	6.02	6.10	2418987	15064567.00
2013/06/18	6.10	6.27	6.08	6.23	3149921	19854186.00
2013/06/19	6.20	6.27	6.03	6.26	3027683	18979536.00
2013/06/20	6.22	6.32	6.05	6.07	4297184	27271870.00
2013/06/21	5.97	5.99	5.76	5.88	3879732	23244158.00
2013/06/24	5.88	5.94	5.28	5.47	6682853	38060008.00
2013/06/25	5.40	6.03	5.39	6.03	20337969	123922136.00
2013/06/26	6.54	6.65	6.43	6.57	50043487	336102912.00
2013/06/27	6.28	7.05	6.23	6.79	53283237	360307936.00
2013/06/28	6.54	6.86	6.43	6.56	28578581	191860208.00
2013/07/01	6.65	6.96	6.54	6.76	25704837	176853040.00
2013/07/02	6.62	7.10	6.48	7.08	36421936	254883280.00
2013/07/03	6.91	7.03	6.83	6.94	23412248	165043952.00
2013/07/04	6.85	7.13	6.71	6.75	25154887	176559712.00
2013/07/05	6.88	7.44	6.76	7.44	55738356	409991136.00
2013/07/08	7.88	8.20	7.79	8.20	41854565	343895264.00
2013/07/09	8.50	8.98	8.39	8.69	86262687	757475840.00
2013/07/10	8.78	9.57	8.62	9.10	89837249	836695488.00
2013/07/11	8.88	9.32	8.83	9.24	72513214	665624320.00
2013/07/12	9.11	9.29	8.82	8.97	53288040	489892576.00
2013/07/15	8.83	9.14	8.63	9.07	55424919	502717152.00
2013/07/16	8.98	9.34	8.81	9.07	55364321	509551264.00
2013/07/17	8.88	9.52	8.78	9.17	61285358	568301824.00
2013/07/18	8.98	9.11	8.82	8.90	41542356	376765472.00
2013/07/19	8.88	8.97	8.06	8.09	54201750	466837664.00
2013/07/22	7.80	8.02	7.65	8.00	42718312	341030848.00
2013/07/23	7.95	8.42	7.91	8.15	47778531	396331488.00
2013/07/24	8.07	8.31	7.75	8.22	39649106	322274400.00
2013/07/25	8.14	8.65	8.00	8.33	49224355	419250560.00
2013/07/26	8.33	8.51	7.96	8.12	30730816	256115760.00
2013/07/29	7.88	7.92	7.55	7.58	25888196	202976960.00
2013/07/30	7.66	8.35	7.46	8.35	29247670	238856784.00
2013/07/31	8.63	8.83	8.42	8.47	50416598	440077952.00
2013/08/01	8.47	8.83	8.19	8.62	38987389	337717408.00
2013/08/02	8.58	8.76	8.35	8.42	29984343	259781776.00
2013/08/05	8.56	8.81	8.36	8.67	26718529	233734464.00
2013/08/06	8.65	8.76	8.46	8.65	24137873	210242768.00
2013/08/07	8.60	9.35	8.52	8.93	44149751	402597152.00
2013/08/08	8.78	8.85	8.55	8.67	24297598	214326560.00
2013/08/09	8.59	8.82	8.32	8.54	22298916	193997584.00
2013/08/12	8.54	8.78	8.44	8.72	22502604	196759424.00
2013/08/13	8.70	9.38	8.51	9.10	44970447	406810432.00
2013/08/14	8.90	9.56	8.85	9.10	45462359	422859648.00
2013/08/15	9.27	10.02	9.17	10.02	50528340	496784608.00
2013/08/16	10.23	10.81	9.76	9.80	78518222	819607296.00
2013/08/19	9.26	10.18	9.11	9.99	46610209	457817536.00
2013/08/20	9.80	10.75	9.69	10.45	51575032	535420768.00
2013/08/21	10.38	10.71	10.04	10.39	40810304	428470400.00
2013/08/22	10.28	10.50	9.82	9.87	41844581	428318048.00
2013/08/23	9.93	10.03	9.38	9.58	34353873	336436192.00
2013/08/26	9.68	9.84	9.57	9.78	24947924	245698368.00
2013/08/27	9.77	10.32	9.74	10.03	32588344	332046848.00
2013/08/28	10.01	10.18	9.56	9.83	35711929	353900864.00
2013/08/29	9.82	10.23	9.65	9.72	22320117	222491232.00
2013/08/30	9.56	10.48	9.50	10.16	57914904	592291392.00
2013/09/02	10.03	10.06	9.49	9.68	29260899	286949440.00
2013/09/03	9.56	9.79	9.39	9.78	25764286	250296384.00
2013/09/04	9.70	9.78	9.50	9.52	22012857	213888448.00
2013/09/05	9.45	9.97	9.30	9.73	31753566	311345984.00
2013/09/06	9.59	9.96	9.58	9.77	29468363	293014080.00
2013/09/09	10.03	10.76	9.86	10.76	75347958	803706688.00
2013/09/10	10.77	11.33	10.48	11.00	72876664	799225664.00
2013/09/11	10.98	10.98	10.42	10.46	37270420	401393696.00
2013/09/12	10.70	11.52	10.59	11.52	75996768	874310144.00
2013/09/13	11.78	12.52	11.35	11.39	85987428	1033409152.00
2013/09/16	11.42	12.25	10.86	12.11	63069818	732942080.00
2013/09/17	11.69	12.07	11.26	11.29	40916437	482559424.00
2013/09/18	11.19	11.76	11.12	11.43	28866803	335331840.00
2013/09/23	11.33	11.85	11.32	11.78	34666302	407488928.00
2013/09/24	11.78	12.18	11.38	12.11	48338896	578449152.00
2013/09/25	11.88	12.07	11.50	11.65	32496287	386875552.00
2013/09/26	11.48	11.51	10.83	11.06	30002006	339508512.00
2013/09/27	10.89	11.24	10.81	10.96	18105901	201801984.00
2013/09/30	11.01	11.43	10.97	11.29	19009941	216379040.00
2013/10/08	11.33	12.23	11.10	11.82	34436579	409484128.00
2013/10/09	11.63	11.98	11.55	11.88	22859588	270973120.00
2013/10/10	11.78	12.59	11.73	12.14	44443129	549222528.00
2013/10/11	12.23	12.31	11.97	12.17	24686087	302254464.00
2013/10/14	12.26	12.26	11.70	11.92	26386619	316406208.00
2013/10/15	11.71	11.86	11.46	11.59	38005408	445071424.00
2013/10/16	11.33	11.45	10.79	10.84	30538261	342042784.00
2013/10/17	11.07	11.31	10.49	10.63	21796763	240276000.00
2013/10/18	10.77	10.97	10.39	10.77	17345532	187535504.00
2013/10/21	10.70	11.16	10.70	11.10	19247649	213633040.00
2013/10/22	11.09	11.23	10.78	10.85	19421429	216379408.00
2013/10/23	10.78	11.05	10.19	10.30	21230688	226018128.00
2013/10/24	10.33	10.53	10.21	10.35	12100609	126919920.00
2013/10/25	10.32	10.41	9.58	9.72	17838506	179343440.00
2013/10/28	9.72	10.08	9.46	9.95	15983909	158434432.00
2013/10/29	9.91	10.04	8.95	9.48	17314438	166540496.00
2013/10/30	9.47	9.68	9.38	9.63	11014317	106350520.00
2013/10/31	9.52	9.95	9.32	9.65	18003044	176916832.00
2013/11/01	9.52	10.22	9.34	10.15	21789357	216166128.00
2013/11/04	10.03	10.28	9.88	10.17	18090739	185510896.00
2013/11/05	10.04	10.25	9.90	10.17	14526506	148624304.00
2013/11/06	10.16	10.56	9.99	10.14	18799508	194631328.00
2013/11/07	9.98	10.20	9.78	9.80	14470910	145993280.00
2013/11/08	9.66	9.73	9.37	9.38	12693461	122558976.00
2013/11/11	9.38	9.55	9.30	9.43	6535162	62573560.00
2013/11/12	9.48	9.68	9.39	9.64	8950391	86683360.00
2013/11/13	9.48	9.55	9.10	9.12	12653667	119799760.00
2013/11/14	9.08	9.21	8.96	9.15	9616829	88552192.00
2013/11/15	9.16	9.57	9.16	9.42	16567357	158291072.00
2013/11/18	9.48	9.79	9.47	9.78	16541700	162340976.00
2013/11/19	9.78	10.02	9.59	9.83	18024404	178501840.00
2013/11/20	9.82	10.03	9.73	9.95	14690981	147114896.00
2013/11/21	9.85	10.22	9.76	10.15	21480721	217326912.00
2013/11/22	10.12	10.33	9.93	9.97	20664092	211230800.00
2013/11/25	9.93	10.22	9.83	9.96	14364177	145950048.00
2013/11/26	9.90	10.10	9.85	9.96	12338794	124436072.00
2013/11/27	9.98	10.12	9.88	10.08	11831414	120019784.00
2013/11/28	10.08	10.23	9.94	9.98	16588627	169445280.00
2013/11/29	9.99	10.38	9.91	10.23	23581552	242488160.00
2013/12/02	9.94	10.33	9.68	9.72	22231734	224870640.00
2013/12/03	9.71	9.97	9.54	9.88	10344509	102586288.00
2013/12/04	9.80	10.22	9.80	10.14	19664491	200470944.00
2013/12/05	10.16	10.26	10.06	10.17	15307686	157364368.00
2013/12/06	10.13	10.20	9.95	10.02	9124269	92738656.00
2013/12/09	10.09	10.12	9.97	10.00	6473033	65713752.00
2013/12/10	10.00	10.36	9.98	10.23	18816440	194169552.00
2013/12/11	10.17	10.17	9.80	9.89	12729695	128531224.00
2013/12/12	9.88	9.98	9.70	9.74	9220412	91814464.00
2013/12/13	9.72	9.86	9.56	9.59	8913908	87499200.00
2013/12/16	9.58	9.66	9.19	9.25	11047332	105089344.00
2013/12/17	9.32	9.45	9.26	9.33	5245805	49729400.00
2013/12/18	9.34	9.74	9.28	9.56	8886452	85998960.00
2013/12/19	9.50	9.83	9.40	9.68	14369007	140387184.00
2013/12/20	9.88	10.65	9.76	10.58	55490336	580682048.00
2013/12/23	10.28	11.03	10.25	10.50	47272509	511894208.00
2013/12/24	10.31	10.68	10.01	10.23	33586539	349485664.00
2013/12/25	10.06	10.15	9.79	10.09	24176907	243808176.00
2013/12/26	10.02	10.03	9.43	9.45	20718192	204641424.00
2013/12/27	9.28	9.74	9.26	9.68	16089185	154743168.00
2013/12/30	9.75	9.76	9.46	9.52	12747102	123141824.00
2013/12/31	9.44	9.59	9.33	9.53	7774881	74763568.00
2014/01/02	9.47	9.54	9.37	9.40	10218728	97778504.00
2014/01/03	9.36	9.40	9.01	9.14	14339532	132936584.00
2014/01/06	9.11	9.11	8.62	8.68	11052806	99225824.00
2014/01/07	8.68	9.21	8.63	9.15	14164935	129829432.00
2014/01/08	9.16	9.16	8.93	9.02	9572403	87367360.00
2014/01/09	8.99	9.12	8.70	8.72	8368857	75814440.00
2014/01/10	8.71	8.81	8.60	8.61	6103425	53747628.00
2014/01/13	8.42	8.66	8.38	8.41	6878303	59247016.00
2014/01/14	8.47	8.64	8.39	8.61	5681392	49211200.00
2014/01/15	8.58	8.73	8.55	8.72	5981051	52456152.00
2014/01/16	8.78	8.80	8.67	8.71	7006239	61955580.00
2014/01/17	8.62	9.02	8.62	8.78	10923398	97929880.00
2014/01/20	8.76	8.94	8.56	8.91	9786691	86778352.00
2014/01/21	8.78	8.99	8.78	8.97	8786761	79525328.00
2014/01/22	8.96	9.16	8.91	9.11	11561061	106160816.00
2014/01/23	9.11	9.18	8.96	9.06	11105353	101761128.00
2014/01/24	8.99	9.14	8.98	9.09	10952668	100519168.00
2014/01/27	8.99	9.15	8.89	9.04	10261775	93984016.00
2014/01/28	9.06	9.08	8.91	8.94	6698901	60962984.00
2014/01/29	8.91	9.00	8.83	8.86	7257956	65536708.00
2014/01/30	8.86	8.94	8.71	8.72	4955710	44478676.00
2014/02/07	8.63	8.81	8.51	8.79	5420812	47590260.00
2014/02/10	8.83	9.08	8.82	9.08	11252784	102958008.00
2014/02/11	9.11	9.29	9.04	9.17	14138841	131447280.00
2014/02/12	9.18	9.79	9.06	9.69	26229464	251907280.00
2014/02/13	9.66	9.66	9.33	9.35	18269976	175419600.00
2014/02/14	9.30	9.52	9.30	9.45	10296010	98284760.00
2014/02/17	9.52	9.64	9.44	9.58	13079788	126521352.00
2014/02/18	9.65	9.79	9.53	9.62	15249000	148672384.00
2014/02/19	9.63	9.76	9.44	9.65	15815171	153972000.00
2014/02/20	9.73	9.75	9.38	9.39	13853929	133079936.00
2014/02/21	9.39	9.43	8.97	9.12	10652735	99192176.00
2014/02/24	9.05	9.11	8.81	8.91	9555365	86284752.00
2014/02/25	8.96	9.05	8.58	8.74	11110466	99530912.00
2014/02/26	8.68	8.79	8.44	8.76	6808606	59713928.00
2014/02/27	8.78	9.07	8.66	8.90	11469599	102775728.00
2014/02/28	8.83	9.02	8.62	8.88	7596013	67711408.00
2014/03/03	8.82	9.02	8.81	8.95	8199786	74174728.00
2014/03/04	8.89	8.89	8.70	8.85	6683012	59619444.00
2014/03/05	8.86	9.19	8.83	9.02	13971157	127897672.00
2014/03/06	8.93	9.12	8.80	9.01	10105962	92026888.00
2014/03/07	8.98	9.04	8.73	8.75	8567762	77007712.00
2014/03/10	8.70	8.70	8.20	8.33	8148033	69598712.00
2014/03/11	8.21	8.38	8.21	8.30	4639029	39064992.00
2014/03/12	8.36	8.38	8.01	8.12	5699042	47282596.00
2014/03/13	8.15	8.22	8.05	8.19	4423454	36625508.00
2014/03/14	8.10	8.25	8.10	8.19	4880474	40414528.00
2014/03/17	8.18	8.32	8.16	8.28	4120645	34511104.00
2014/03/18	8.37	8.62	8.34	8.50	9009796	78005632.00
2014/03/19	8.43	8.48	8.20	8.30	6701288	56458288.00
2014/03/20	8.29	8.41	8.08	8.10	5204087	43559300.00
2014/03/21	8.04	8.31	8.00	8.28	6193260	51386908.00
2014/03/24	8.29	8.49	8.26	8.39	6271897	53250704.00
2014/03/25	8.36	8.53	8.34	8.42	6022159	51444672.00
2014/03/26	8.45	8.46	8.33	8.38	4295945	36479392.00
2014/03/27	8.44	8.87	8.37	8.57	17196641	151030192.00
2014/03/28	8.59	8.67	8.38	8.43	11114156	96225384.00
2014/03/31	8.42	8.47	7.93	8.02	9179808	75490752.00
2014/04/01	8.02	8.21	8.01	8.19	5017719	41485764.00
2014/04/02	8.17	8.28	8.09	8.16	4458120	37000788.00
2014/04/03	8.19	8.23	8.12	8.13	3584744	29678124.00
2014/04/04	8.12	8.21	8.06	8.18	3601536	29792112.00
2014/04/08	8.15	8.37	8.13	8.33	6037233	50745412.00
2014/04/09	8.33	8.50	8.28	8.43	6982471	59479564.00
2014/04/10	8.40	8.51	8.39	8.42	7414304	63507468.00
2014/04/11	8.40	8.47	8.29	8.38	6171726	52408548.00
2014/04/14	8.38	8.50	8.31	8.48	6500388	55499684.00
2014/04/15	8.43	8.51	8.33	8.43	7183255	61285024.00
2014/04/16	8.43	8.54	8.36	8.48	8223522	70498112.00
2014/04/17	8.51	8.71	8.43	8.62	13631357	118486392.00
2014/04/18	8.53	8.78	8.49	8.64	15283983	133887696.00
2014/04/21	8.51	8.61	8.32	8.34	8556932	73349432.00
2014/04/22	8.28	8.34	8.12	8.24	5596771	46759308.00
2014/04/23	8.22	8.33	8.16	8.19	4031488	33677208.00
2014/04/24	8.19	8.28	8.08	8.09	3416353	28361300.00
2014/04/25	8.17	8.20	7.87	7.91	4782893	38897280.00
2014/04/28	7.88	7.91	7.39	7.44	5198280	40111056.00
2014/04/29	7.48	7.58	7.43	7.52	3306995	25212516.00
2014/04/30	7.54	7.60	7.51	7.56	2837258	21825010.00
2014/05/05	7.56	7.63	7.38	7.58	2959353	22540848.00
2014/05/06	7.57	7.72	7.52	7.64	3610172	27922252.00
2014/05/07	7.58	7.62	7.38	7.41	3905718	29764068.00
2014/05/08	7.38	7.63	7.38	7.47	3658650	27936370.00
2014/05/09	7.50	7.52	7.38	7.41	2682132	20267780.00
2014/05/12	7.49	7.67	7.47	7.65	5315936	41010928.00
2014/05/13	7.66	7.66	7.55	7.60	3354431	25896562.00
2014/05/14	7.59	7.65	7.56	7.61	2440573	18877400.00
2014/05/15	7.61	7.62	7.36	7.38	3948773	29890832.00
2014/05/16	7.38	7.43	7.22	7.30	3240096	24128828.00
2014/05/19	7.29	7.32	7.16	7.19	3495237	25572120.00
2014/05/20	7.24	7.33	7.23	7.25	1962086	14489156.00
2014/05/21	7.25	7.34	7.16	7.34	2296268	16955806.00
2014/05/22	7.34	7.43	7.26	7.27	2648277	19810364.00
2014/05/23	7.27	7.36	7.22	7.35	2265223	16776795.00
2014/05/26	7.40	7.54	7.35	7.53	4910342	37246132.00
2014/05/27	7.54	7.54	7.40	7.41	3063623	23223684.00
2014/05/28	7.43	7.60	7.38	7.56	5989053	45854900.00
2014/05/29	7.56	7.93	7.52	7.81	15740277	123475192.00
2014/05/30	7.74	8.57	7.69	8.21	30230988	248354576.00
2014/06/03	8.00	8.06	7.80	7.82	17592032	141381152.00
2014/06/04	7.76	7.83	7.58	7.67	8667132	67377576.00
2014/06/05	7.61	7.72	7.54	7.72	6835640	53056832.00
2014/06/06	7.69	7.72	7.55	7.63	5385132	41652784.00
2014/06/09	7.58	7.66	7.53	7.58	4201735	32482532.00
2014/06/10	7.80	7.91	7.68	7.80	13557408	107496240.00
2014/06/11	7.70	7.83	7.64	7.76	7219125	56621344.00
2014/06/12	7.70	7.75	7.64	7.65	5056307	39432812.00
2014/06/13	7.68	7.95	7.65	7.83	10549893	83840984.00
2014/06/16	7.79	7.86	7.72	7.82	7159531	56611792.00
2014/06/17	7.82	7.82	7.73	7.80	5244419	41391116.00
2014/06/18	7.78	7.92	7.75	7.88	7095696	56312496.00
2014/06/19	7.88	7.88	7.52	7.55	7646245	58817652.00
2014/06/20	7.56	7.58	7.40	7.50	5646404	42152184.00
2014/06/23	7.49	7.55	7.46	7.51	3979616	29902484.00
2014/06/24	7.52	7.56	7.45	7.56	3360342	25262960.00
2014/06/25	7.56	7.56	7.45	7.48	2996773	22427140.00
2014/06/26	7.52	7.60	7.46	7.59	5281871	39865880.00
2014/06/27	7.57	7.69	7.53	7.65	5309559	40542928.00
2014/06/30	7.65	7.74	7.62	7.70	5016550	38556512.00
2014/07/01	7.72	7.84	7.65	7.82	7283203	56480616.00
2014/07/02	7.82	7.83	7.71	7.80	5464040	42482132.00
2014/07/03	7.76	7.85	7.74	7.79	7028322	54800680.00
2014/07/04	7.82	8.17	7.75	8.13	18862908	150383856.00
2014/07/07	8.05	8.35	8.02	8.20	29278834	240245328.00
2014/07/08	8.21	8.41	8.02	8.34	23390408	192379424.00
2014/07/09	8.24	8.38	8.06	8.08	15203004	124870600.00
2014/07/10	8.00	8.11	7.90	8.00	10134487	81046712.00
2014/07/11	8.00	8.07	7.91	8.05	6733052	53941284.00
2014/07/14	8.05	8.14	7.98	8.13	7107653	57334556.00
2014/07/15	8.10	8.14	7.95	8.02	7516573	60296104.00
2014/07/16	8.00	8.03	7.88	7.91	5980106	47541008.00
2014/07/17	7.92	8.01	7.88	7.95	4287067	34069344.00
2014/07/18	7.91	8.01	7.87	7.95	4150381	32969660.00
2014/07/21	7.91	7.98	7.78	7.80	5166396	40669840.00
2014/07/22	7.80	8.04	7.75	8.01	6628607	52539564.00
2014/07/23	8.09	8.09	7.94	7.97	6097873	48812624.00
2014/07/24	8.15	8.25	8.00	8.07	13453934	109071376.00
2014/07/25	8.01	8.26	7.92	8.21	15944880	129031376.00
2014/07/28	8.23	8.49	8.19	8.40	22205224	185394240.00
2014/07/29	8.41	8.44	8.30	8.38	16166295	135287600.00
2014/07/30	8.35	8.46	8.27	8.40	18316119	153565920.00
2014/07/31	8.35	8.49	8.31	8.39	12460646	104178680.00
2014/08/01	8.37	8.39	8.15	8.16	14535392	120309096.00
2014/08/04	8.15	8.32	8.15	8.29	8140812	67198688.00
2014/08/05	8.30	8.41	8.26	8.38	10643907	88791064.00
2014/08/06	8.35	8.36	8.24	8.33	8780914	72964904.00
2014/08/07	8.33	8.38	8.21	8.22	7517202	62341708.00
2014/08/08	8.21	8.35	8.21	8.32	6378285	52834324.00
2014/08/11	8.36	8.50	8.32	8.47	15933532	134275920.00
2014/08/12	8.45	8.48	8.38	8.47	9230770	77829920.00
2014/08/13	8.48	8.51	8.34	8.46	8950224	75437496.00
2014/08/14	8.46	8.64	8.37	8.45	16564412	141087648.00
2014/08/15	8.47	9.20	8.45	8.78	35436712	314041408.00
2014/08/18	8.65	8.97	8.60	8.95	25855049	228691456.00
2014/08/19	8.90	8.94	8.75	8.84	15817390	139549056.00
2014/08/20	8.85	9.09	8.78	8.97	21960847	196992480.00
2014/08/21	8.98	8.98	8.72	8.82	13853466	122498192.00
2014/08/22	8.85	8.87	8.73	8.83	12057618	105964024.00
2014/08/25	8.82	8.89	8.69	8.71	9604416	84311648.00
2014/08/26	8.71	8.77	8.39	8.44	11851313	101510872.00
2014/08/27	8.40	8.50	8.38	8.45	7723176	65130464.00
2014/08/28	8.50	8.50	8.26	8.29	7920018	66191488.00
2014/08/29	8.28	8.45	8.28	8.43	4956981	41554060.00
2014/09/01	8.46	8.60	8.43	8.59	6808192	58058440.00
2014/09/02	8.60	8.67	8.55	8.65	9163381	78955488.00
2014/09/03	8.66	8.84	8.66	8.78	15028458	131805160.00
2014/09/04	8.79	8.93	8.76	8.82	11957737	105435760.00
2014/09/05	8.83	8.95	8.76	8.88	13827645	122259016.00
2014/09/09	8.88	9.31	8.81	9.18	29579168	268858912.00
2014/09/10	9.15	9.17	9.03	9.09	15712029	142830656.00
2014/09/11	9.13	9.34	8.93	8.98	23656270	216510768.00
2014/09/12	8.93	9.10	8.90	9.10	13845832	124616824.00
2014/09/15	9.10	9.42	9.02	9.31	23943087	221417280.00
2014/09/16	9.33	9.38	8.79	8.88	21041452	192014592.00
2014/09/17	8.95	9.08	8.79	9.08	13209469	118573312.00
2014/09/18	9.07	9.12	8.97	9.05	9632631	87052096.00
2014/09/19	9.04	9.15	8.89	9.11	11910646	107835136.00
2014/09/22	9.07	9.10	8.88	8.93	8502632	76236616.00
2014/09/23	8.90	9.24	8.89	9.16	15372049	139264032.00
2014/09/24	9.15	9.56	9.08	9.41	25737770	240387536.00
2014/09/25	9.36	9.75	9.31	9.57	37256564	356111872.00
2014/09/26	9.50	9.65	9.43	9.54	18314336	175128608.00
2014/09/29	9.54	9.85	9.54	9.74	20907652	203209232.00
2014/09/30	9.80	9.84	9.64	9.68	14159803	137594320.00
2014/10/08	9.69	9.75	9.56	9.70	11300094	109202992.00
2014/10/09	9.68	9.77	9.43	9.54	15924349	152587424.00
2014/10/10	9.54	9.69	9.46	9.54	10858888	103956200.00
2014/10/13	9.55	9.70	9.33	9.68	12740936	121421104.00
2014/10/14	9.68	9.75	9.47	9.53	11854573	114195040.00
2014/10/15	9.50	9.69	9.36	9.65	13575504	129742712.00
2014/10/16	9.55	9.72	9.41	9.44	12478867	119610696.00
2014/10/17	9.31	9.44	9.11	9.24	12975506	120155400.00
2014/10/20	9.20	9.46	9.20	9.39	8542928	79874072.00
2014/10/21	9.39	9.42	9.21	9.23	6936370	64598264.00
2014/10/22	9.21	9.31	8.97	9.01	8916510	81541056.00
2014/10/23	9.01	9.05	8.78	8.79	8422028	74951608.00
2014/10/24	8.85	8.87	8.69	8.76	7301855	64228088.00
2014/10/27	8.71	8.85	8.67	8.83	5151542	45332696.00
2014/10/28	8.86	9.09	8.80	9.07	8461176	75829016.00
2014/10/29	9.11	9.28	9.09	9.19	11094214	101741424.00
2014/10/30	9.13	9.24	9.06	9.23	13259163	121320328.00
2014/10/31	9.20	9.43	9.09	9.31	17765221	164742448.00
2014/11/03	9.33	9.68	9.27	9.59	22040087	209564528.00
2014/11/04	9.53	9.66	9.44	9.48	11649480	110810640.00
2014/11/05	9.46	9.55	9.38	9.40	9236276	87458216.00
2014/11/06	9.46	9.59	9.38	9.51	13810844	131251104.00
2014/11/07	9.49	9.70	9.35	9.37	18166313	173423424.00
2014/11/10	9.34	9.46	9.26	9.41	11083024	103802256.00
2014/11/11	9.42	9.59	8.97	9.07	16608458	154891296.00
2014/11/12	9.00	9.19	8.98	9.18	8373610	75938544.00
2014/11/13	9.23	10.10	9.23	10.10	23821297	234850320.00
2014/11/14	10.17	10.70	10.00	10.32	66258449	681847424.00
2014/11/17	10.13	10.94	10.05	10.61	49536148	521472768.00
2014/11/18	10.54	10.55	10.25	10.41	29110935	302597152.00
2014/11/19	10.38	10.66	10.33	10.44	28989139	304075392.00
2014/11/20	10.20	10.43	10.18	10.26	19408794	199917456.00
2014/11/21	10.29	10.85	10.29	10.71	35948925	382160832.00
2014/11/24	10.70	11.23	10.40	10.80	45270595	491766752.00
2014/11/25	10.63	11.05	10.58	10.99	31563977	343232576.00
2014/11/26	10.92	11.36	10.85	10.91	36378677	402113440.00
2014/11/27	10.88	11.40	10.65	11.36	49927425	553688384.00
2014/11/28	11.25	11.33	10.90	11.10	33645435	374122368.00
2014/12/01	11.28	11.28	10.55	10.62	26252679	283740448.00
2014/12/02	10.54	11.08	10.49	10.99	29398367	318427424.00
2014/12/03	10.97	11.19	10.50	10.74	31940885	346482880.00
2014/12/04	10.69	11.65	10.53	11.48	53185018	591087104.00
2014/12/05	11.34	11.90	10.83	11.52	60531242	695135488.00
2014/12/08	11.30	12.60	11.15	12.31	61158662	729554432.00
2014/12/09	12.19	12.50	11.08	11.08	58803212	703547008.00
2014/12/10	10.91	11.26	10.50	11.11	35541307	384313440.00
2014/12/11	11.08	11.27	10.83	10.97	22788719	250993568.00
2014/12/12	10.91	11.32	10.91	11.05	18589306	206754688.00
2014/12/15	10.91	11.39	10.65	11.37	20996011	231984448.00
2014/12/16	11.37	12.03	11.22	12.00	43301646	506460064.00
2014/12/17	12.00	12.00	11.30	11.60	31461829	367552928.00
2014/12/18	11.49	12.13	11.32	11.81	31521491	370346144.00
2014/12/19	12.30	12.99	11.96	12.18	53672428	670347712.00
2014/12/22	12.00	12.00	10.96	10.96	39409252	440544192.00
2014/12/23	10.60	11.07	10.43	10.59	18511479	198227872.00
2014/12/24	10.59	10.95	10.55	10.71	12320153	132153104.00
2014/12/25	10.86	11.01	10.71	10.88	17128482	186051488.00
2014/12/26	10.82	11.32	10.74	11.15	25634756	284376704.00
2014/12/29	11.15	11.40	10.80	10.88	24231630	268581376.00
2014/12/30	10.79	10.86	10.29	10.30	21555710	226101552.00
2014/12/31	10.32	10.47	10.08	10.21	13488978	138630176.00
2015/01/05	10.41	10.79	10.35	10.49	15807782	167182144.00
2015/01/06	10.39	10.60	10.18	10.59	17220408	178377904.00
2015/01/07	10.50	10.85	10.45	10.75	18541111	198368480.00
2015/01/08	10.75	10.76	10.37	10.40	13760840	144610112.00
2015/01/09	10.40	10.65	10.30	10.31	11814709	123872544.00
2015/01/12	10.33	10.35	9.91	9.92	11613754	116567008.00
2015/01/13	9.91	10.05	9.90	10.00	6417043	63986928.00
2015/01/14	10.04	10.16	9.91	9.94	6718393	67379320.00
2015/01/15	9.94	10.19	9.92	10.17	10162198	102447456.00
2015/01/16	10.19	10.23	10.00	10.18	9696200	98209408.00
2015/01/19	9.70	9.84	9.16	9.16	17131453	162921472.00
2015/01/20	9.19	9.46	9.19	9.40	12094619	113044288.00
2015/01/21	9.51	10.34	9.42	10.34	28236054	281747392.00
2015/01/22	10.50	11.24	10.35	10.85	54829038	590175104.00
2015/01/23	10.72	10.85	10.51	10.60	27067136	288894464.00
2015/01/26	10.51	10.94	10.51	10.82	23776468	256126464.00
2015/01/27	10.80	11.19	10.60	11.04	27736094	303051264.00
2015/01/28	10.93	10.94	10.72	10.89	14431598	156323632.00
2015/01/29	10.70	11.45	10.56	11.06	30487404	340866080.00
2015/01/30	10.85	11.03	10.71	10.72	15614797	169297328.00
2015/02/02	10.60	10.98	10.41	10.76	10921223	116895408.00
2015/02/03	10.76	11.32	10.76	11.16	24480263	271670016.00
2015/02/04	11.13	11.82	11.07	11.37	36038513	412860544.00
2015/02/05	11.60	11.65	11.11	11.12	22342924	252296736.00
2015/02/06	11.02	11.55	10.81	11.28	22022050	248037696.00
2015/02/09	11.20	11.28	10.88	11.01	14958676	165755728.00
2015/02/10	11.01	11.07	10.72	10.98	12548524	136705488.00
2015/02/11	10.99	11.98	10.95	11.56	29562514	339184128.00
2015/02/12	11.56	11.85	11.38	11.73	25925801	302108896.00
2015/02/13	11.73	12.49	11.70	11.75	39628539	478229408.00
2015/02/16	11.73	12.22	11.70	12.03	25955204	311350304.00
2015/02/17	12.05	12.58	12.05	12.37	34276553	422506336.00
2015/02/25	12.35	12.35	11.81	12.03	24321770	291938656.00
2015/02/26	11.87	12.17	11.78	12.14	19310473	231413344.00
2015/02/27	12.13	12.13	11.88	11.99	16847854	202051536.00
2015/03/02	12.04	12.24	11.94	12.08	21633712	260776432.00
2015/03/03	12.01	12.01	11.58	11.64	23558930	276898496.00
2015/03/04	11.61	12.80	11.61	12.80	42239212	526809632.00
2015/03/05	13.00	13.60	12.66	13.29	67678484	882376000.00
2015/03/06	13.20	13.36	12.81	12.97	33940763	441625120.00
2015/03/09	12.95	13.35	12.58	13.18	32838277	427046592.00
2015/03/10	13.15	13.75	12.92	13.36	33700578	448173664.00
2015/03/11	13.23	14.53	13.18	13.78	38221590	531286048.00
2015/03/12	13.64	14.38	13.39	13.47	42702684	588448448.00
2015/03/13	13.50	13.65	13.20	13.52	23395391	313261568.00
2015/03/16	13.42	14.17	13.41	14.05	31263635	435027744.00
2015/03/17	14.08	15.00	13.89	14.90	43101354	620850112.00
2015/03/18	14.80	14.99	14.52	14.86	27895631	411374016.00
2015/03/19	14.70	15.45	14.48	14.96	31719841	474568064.00
2015/03/20	14.75	15.80	14.72	15.17	30987936	471333408.00
2015/03/23	15.17	15.42	15.00	15.23	29347830	444185216.00
2015/03/24	15.20	15.20	14.22	14.69	33882649	497154656.00
2015/03/25	14.69	14.69	14.30	14.57	22047853	319323392.00
2015/03/26	14.56	15.70	14.27	15.17	38585356	580392320.00
2015/03/27	14.96	15.12	14.68	15.02	19903427	296128384.00
2015/03/30	15.02	15.29	14.90	15.14	25828406	390253504.00
2015/03/31	15.40	15.48	14.81	14.83	27678718	417587872.00
2015/04/01	14.80	15.50	14.69	15.46	36894897	561096896.00
2015/04/02	15.50	15.79	15.14	15.70	34569010	532855616.00
2015/04/03	15.51	15.91	15.30	15.61	30083310	468626912.00
2015/04/07	15.56	16.13	15.46	15.84	30787083	486068832.00
2015/04/08	15.78	15.94	15.00	15.45	28247851	439461536.00
2015/04/09	15.44	16.50	15.21	16.35	50501313	806228672.00
2015/04/10	16.00	16.99	15.85	16.68	40130365	659484480.00
2015/04/13	16.78	17.91	16.78	16.91	39274718	679955328.00
2015/04/14	16.81	17.18	16.37	16.60	29667783	496025312.00
2015/04/15	16.45	16.82	15.54	15.68	25230687	405932128.00
2015/04/16	15.46	16.33	15.11	16.11	24625162	387029856.00
2015/04/17	16.15	17.00	15.94	16.57	38109136	630398208.00
2015/04/20	16.38	16.90	15.85	16.08	36591810	599127232.00
2015/04/21	15.86	16.88	15.84	16.87	35992840	591581568.00
2015/04/22	17.10	17.34	16.70	17.19	35254537	598958592.00
2015/04/23	17.10	17.32	16.72	16.93	28609111	486047712.00
2015/04/24	16.76	17.71	16.52	17.69	41768474	721958336.00
2015/04/27	17.66	18.30	17.30	17.41	39975313	707286528.00
2015/04/28	17.15	17.37	16.38	16.47	28826327	482661312.00
2015/04/29	16.47	17.08	16.44	16.93	17212162	288695232.00
2015/04/30	16.85	17.25	16.55	16.57	15454288	260643216.00
2015/05/05	16.27	16.27	16.27	16.27	0	0.00
数据来源:通达信
