600702 沱牌舍得 日线 前复权
      日期	    开盘	    最高	    最低	    收盘	    成交量	    成交额
2011/10/10	17.67	18.32	17.56	17.57	2627722	48831152.00
2011/10/11	17.97	18.32	17.17	17.55	1763072	32136494.00
2011/10/12	17.47	18.12	17.19	18.07	3392697	62175544.00
2011/10/13	18.04	18.93	17.87	18.77	4456058	85036504.00
2011/10/14	18.75	18.76	18.38	18.47	2269767	43338112.00
2011/10/17	18.47	18.93	18.42	18.89	1929005	37156704.00
2011/10/18	18.74	18.89	18.03	18.07	1686986	32089628.00
2011/10/19	18.07	18.35	17.97	18.10	1539795	28718114.00
2011/10/20	18.10	18.14	17.35	17.68	1653892	29968848.00
2011/10/21	17.65	17.65	16.65	17.03	1793293	31633370.00
2011/10/24	17.04	17.50	16.77	17.47	1917832	34070016.00
2011/10/25	17.47	18.76	17.47	18.53	3959470	74353232.00
2011/10/26	18.47	18.82	18.37	18.71	2568980	49226108.00
2011/10/27	18.69	18.77	18.25	18.28	2479382	47042680.00
2011/10/28	18.64	18.93	18.37	18.90	3717594	71423680.00
2011/10/31	18.91	19.54	18.82	19.10	3725489	73495504.00
2011/11/01	18.96	19.58	18.77	19.38	2971735	59067024.00
2011/11/02	19.12	19.65	18.98	19.58	2243028	44619596.00
2011/11/03	19.72	20.30	19.72	19.97	5951582	122458632.00
2011/11/04	19.97	20.33	19.62	19.78	2555291	52425416.00
2011/11/07	19.72	19.95	19.27	19.40	2025917	40827772.00
2011/11/08	19.39	19.55	19.08	19.09	1904044	37965280.00
2011/11/09	19.13	19.81	19.13	19.80	2264907	45417776.00
2011/11/10	19.48	19.85	19.36	19.43	2021593	40659116.00
2011/11/11	19.53	19.80	19.29	19.67	3907176	78191272.00
2011/11/14	19.80	20.27	19.70	19.97	3743133	76992088.00
2011/11/15	19.97	20.04	19.62	19.70	2475702	50214440.00
2011/11/16	19.72	19.77	19.20	19.25	3359458	66881664.00
2011/11/17	19.25	19.69	19.17	19.35	3104603	62021492.00
2011/11/18	19.32	19.47	18.87	19.05	3700450	72673264.00
2011/11/21	19.03	19.27	18.68	19.23	1773054	34697232.00
2011/11/22	19.03	19.81	19.00	19.54	4546598	91259192.00
2011/11/23	19.50	20.94	19.50	20.37	10405218	217679136.00
2011/11/24	20.20	21.05	20.07	20.87	7893048	167752832.00
2011/11/25	20.82	21.57	20.57	21.18	8523382	185625008.00
2011/11/28	21.12	21.57	20.88	21.42	7133009	155602768.00
2011/11/29	21.62	21.70	21.01	21.14	9839538	214816992.00
2011/11/30	21.02	21.37	19.85	20.37	7585455	160209200.00
2011/12/01	20.79	20.99	19.97	20.39	10828069	228587856.00
2011/12/02	20.07	20.42	19.79	20.17	5268597	108704288.00
2011/12/05	20.13	20.27	18.87	18.96	5319901	106140312.00
2011/12/06	18.97	19.06	17.95	18.50	5579099	105629760.00
2011/12/07	18.45	18.67	18.28	18.58	2962734	56447428.00
2011/12/08	18.58	18.75	18.07	18.47	2711597	51359736.00
2011/12/09	18.28	18.60	18.09	18.26	1948675	36686524.00
2011/12/12	18.32	18.57	18.07	18.08	1829187	34478944.00
2011/12/13	18.18	18.18	17.37	17.40	2810549	51093640.00
2011/12/14	17.39	17.72	17.11	17.46	2370563	42707440.00
2011/12/15	17.37	17.45	16.33	16.93	4557093	78592968.00
2011/12/16	16.77	17.60	16.63	17.49	3300421	57837240.00
2011/12/19	17.43	17.62	16.97	17.47	2026881	36083316.00
2011/12/20	17.44	17.87	17.20	17.66	1999746	36365112.00
2011/12/21	17.77	17.95	16.83	17.00	2218602	39825400.00
2011/12/22	16.82	16.98	16.38	16.77	2636494	45464804.00
2011/12/23	16.72	17.42	16.65	17.38	2270517	40120264.00
2011/12/26	17.26	17.65	16.87	16.95	2271208	40513092.00
2011/12/27	16.97	17.16	15.92	15.94	3282360	55663568.00
2011/12/28	15.87	15.87	15.24	15.48	3912845	62214852.00
2011/12/29	15.29	15.72	15.29	15.63	1563332	25201772.00
2011/12/30	15.77	16.16	15.65	16.10	1566594	25861348.00
2012/01/04	16.27	16.42	15.26	15.32	2253697	36666272.00
2012/01/05	15.17	15.34	14.78	14.84	1304979	20320744.00
2012/01/06	14.85	15.04	14.07	14.67	2752418	41116416.00
2012/01/09	14.66	15.43	14.29	15.41	2773812	42924072.00
2012/01/10	15.97	17.00	15.71	17.00	9266545	158709136.00
2012/01/11	17.00	17.82	16.85	17.37	5821688	104518672.00
2012/01/12	17.20	17.77	17.20	17.57	3723343	67315296.00
2012/01/13	17.53	17.95	16.99	17.25	5740521	103612136.00
2012/01/16	17.07	17.57	16.32	16.39	3845288	66800392.00
2012/01/17	16.47	17.85	16.35	17.81	5449437	96168576.00
2012/01/18	17.65	17.93	16.87	16.95	3808500	68271848.00
2012/01/19	17.04	17.92	16.87	17.54	5271464	95470064.00
2012/01/20	17.82	18.75	17.57	18.65	6313283	119481400.00
2012/01/30	18.66	18.73	18.29	18.45	3550856	67591960.00
2012/01/31	18.43	18.57	18.14	18.54	3053055	57832936.00
2012/02/01	18.46	18.85	18.19	18.48	3283122	62728032.00
2012/02/02	18.47	18.57	17.91	18.46	4621132	86444328.00
2012/02/03	18.28	18.42	18.03	18.36	4476302	83750832.00
2012/02/06	18.25	19.21	18.25	19.03	5978969	115751120.00
2012/02/07	18.92	19.34	18.81	19.07	6309428	123820936.00
2012/02/08	19.02	20.27	19.02	20.04	7437634	151567328.00
2012/02/09	19.97	20.76	19.77	20.33	5996743	125440736.00
2012/02/10	20.35	20.70	19.88	20.29	4388477	91989520.00
2012/02/13	20.08	21.62	19.98	21.15	7700977	167212816.00
2012/02/14	21.17	21.87	21.07	21.80	9130970	201850768.00
2012/02/15	21.80	21.96	21.28	21.51	7412926	163491520.00
2012/02/16	21.50	21.80	21.02	21.41	4567492	100193800.00
2012/02/17	21.39	22.00	21.28	21.37	4770125	105519528.00
2012/02/20	21.77	21.77	21.04	21.27	4786514	104700120.00
2012/02/21	21.25	22.41	21.13	22.34	10057337	225105216.00
2012/02/22	22.27	22.60	22.22	22.57	6735194	154844112.00
2012/02/23	22.57	22.77	22.07	22.57	5023730	115150040.00
2012/02/24	22.37	22.88	22.37	22.74	5967158	138874800.00
2012/02/27	22.68	22.89	21.91	22.04	13897670	316422272.00
2012/02/28	21.77	22.39	21.60	21.80	7447578	167454208.00
2012/02/29	21.88	22.35	21.67	22.09	5583294	126060840.00
2012/03/01	21.82	23.26	21.82	22.97	12307383	287408928.00
2012/03/02	22.96	23.57	22.87	23.40	5461473	130356216.00
2012/03/05	23.47	25.29	23.47	24.84	14009326	350682496.00
2012/03/06	24.47	25.17	23.48	24.35	13691467	343399232.00
2012/03/07	23.97	24.37	23.37	23.46	8497243	207310976.00
2012/03/08	23.47	24.19	23.47	23.86	5761605	140397776.00
2012/03/09	23.89	26.30	23.89	26.30	13821462	358922592.00
2012/03/12	26.57	27.41	26.36	26.97	14660555	400838208.00
2012/03/13	26.96	27.59	26.58	27.45	11054399	307384512.00
2012/03/14	27.27	27.92	25.37	26.52	14358460	393020672.00
2012/03/15	26.49	26.92	25.50	26.59	8601656	230559200.00
2012/03/16	26.68	27.94	26.40	27.58	11810075	328929632.00
2012/03/19	27.65	27.66	26.27	26.89	7652350	209835392.00
2012/03/20	26.87	26.87	25.73	25.83	6733410	179006912.00
2012/03/21	26.08	26.27	24.97	25.58	9156597	239080000.00
2012/03/22	25.58	26.74	25.27	26.61	7591794	203320608.00
2012/03/23	26.38	27.45	25.87	26.61	7362061	200695600.00
2012/03/26	26.47	28.07	26.07	27.66	9617620	269381920.00
2012/03/27	27.45	28.32	26.27	26.82	14040891	390773600.00
2012/03/28	27.13	27.50	26.13	27.09	10699822	292034176.00
2012/03/29	27.07	27.97	26.17	26.48	15205938	418812448.00
2012/03/30	25.47	26.48	23.98	26.41	15227683	391426848.00
2012/04/05	25.77	29.10	25.67	29.10	14451441	409953184.00
2012/04/06	29.97	31.11	29.53	30.04	16374060	501796256.00
2012/04/09	29.77	30.97	29.68	30.41	11382871	351029376.00
2012/04/10	30.07	31.27	29.10	31.08	15056854	457799200.00
2012/04/11	30.52	31.06	29.45	30.07	8693575	266923024.00
2012/04/12	29.88	30.46	29.24	30.12	7677999	233505520.00
2012/04/13	30.06	30.64	29.55	30.11	6629630	203916496.00
2012/04/16	29.73	30.97	29.68	30.27	7398418	228309056.00
2012/04/17	30.26	30.56	29.23	29.85	7173789	216975824.00
2012/04/18	29.67	29.85	28.87	29.61	7944444	238257552.00
2012/04/19	29.61	29.63	28.52	28.83	8249612	242830224.00
2012/04/20	28.90	29.52	28.52	29.17	6612862	195868816.00
2012/04/23	29.07	29.42	28.07	28.23	7832283	228640176.00
2012/04/24	27.86	28.35	26.69	28.14	10987683	307224832.00
2012/04/25	27.97	28.44	27.17	27.60	6358193	180155360.00
2012/04/26	27.45	29.34	27.45	28.64	9413074	273955520.00
2012/04/27	28.47	30.46	28.23	29.94	15984158	483206208.00
2012/05/02	30.37	30.45	29.22	29.92	9171575	278351424.00
2012/05/03	29.65	31.67	29.65	31.24	12842878	403653024.00
2012/05/04	31.02	31.95	30.65	31.54	8532547	271291264.00
2012/05/07	31.48	31.90	30.97	31.17	7829040	249093168.00
2012/05/08	31.17	31.17	29.90	30.34	7448177	230583472.00
2012/05/09	30.12	30.86	29.80	30.39	4977351	153575936.00
2012/05/10	30.24	30.76	29.97	30.61	4851888	150201840.00
2012/05/11	30.57	30.79	29.77	29.83	5506408	169243920.00
2012/05/14	29.97	29.97	28.77	29.17	9344612	277301888.00
2012/05/15	28.87	30.17	28.60	30.09	6569332	197298832.00
2012/05/16	30.17	30.96	29.87	29.96	8061158	249261664.00
2012/05/17	29.78	30.22	29.33	29.90	4585919	139003312.00
2012/05/18	29.77	30.22	29.07	29.11	5381247	162371104.00
2012/05/22	30.62	31.97	30.27	31.79	15938772	504619968.00
2012/05/23	31.48	33.33	31.42	32.81	16942644	561086976.00
2012/05/24	32.47	33.02	31.47	32.35	9268554	303243264.00
2012/05/25	32.10	32.26	31.35	31.49	6201055	199332736.00
2012/05/28	31.12	32.62	30.97	32.12	6331074	204550976.00
2012/05/29	31.95	32.33	31.15	32.10	5126538	165288688.00
2012/05/30	31.87	32.62	31.49	31.62	4314624	140323712.00
2012/05/31	31.35	32.01	31.07	31.52	3437420	110535000.00
2012/06/01	31.48	32.43	31.47	31.86	4726349	153931808.00
2012/06/04	31.47	32.27	31.23	31.28	5470620	176070496.00
2012/06/05	31.35	31.56	30.12	30.60	5799034	180587392.00
2012/06/06	30.60	30.76	30.12	30.44	3249951	100451504.00
2012/06/07	30.72	31.93	30.67	31.16	4568447	145327728.00
2012/06/08	31.27	31.77	30.87	30.94	2936735	93362680.00
2012/06/11	30.93	31.17	29.87	31.15	4394658	136038672.00
2012/06/12	30.97	31.66	30.12	30.56	6491304	203337280.00
2012/06/13	30.47	31.47	30.37	31.26	4922585	155571968.00
2012/06/14	31.27	33.35	31.12	32.62	11004222	363581248.00
2012/06/15	32.55	32.87	31.82	32.44	5112523	167908912.00
2012/06/18	32.97	33.50	32.54	33.35	5808291	195598336.00
2012/06/19	33.42	33.43	32.31	32.39	4036680	134333568.00
2012/06/20	32.38	32.97	32.06	32.39	3098390	102190024.00
2012/06/21	32.52	32.52	31.40	31.91	3638075	117534584.00
2012/06/25	31.62	31.91	30.57	30.68	4967644	157430304.00
2012/06/26	30.48	30.70	29.26	29.78	5678571	172421728.00
2012/06/27	29.73	31.56	29.47	31.46	7774811	244432528.00
2012/06/28	31.52	33.87	31.00	33.02	9841294	326885888.00
2012/06/29	32.62	36.37	32.62	35.72	14089111	503943520.00
2012/07/02	36.13	39.22	35.47	37.28	16716450	639753920.00
2012/07/03	36.67	38.05	36.56	37.30	9510344	357457088.00
2012/07/04	37.10	39.05	36.55	38.09	10184407	389924192.00
2012/07/05	37.65	37.90	36.15	37.33	7690693	287238464.00
2012/07/06	37.16	39.21	36.67	38.54	10661408	412090016.00
2012/07/09	38.20	40.03	37.15	38.84	9535188	369928064.00
2012/07/10	38.45	39.43	36.74	36.97	8207117	314262656.00
2012/07/11	36.98	37.64	35.37	37.52	9419316	347113824.00
2012/07/12	37.14	38.75	36.55	36.86	10947670	415604192.00
2012/07/13	36.65	37.86	36.25	37.39	6101353	228711024.00
2012/07/16	37.25	38.41	36.65	37.85	9516077	361923008.00
2012/07/17	37.18	37.19	35.44	36.26	8025746	291968256.00
2012/07/18	36.05	36.32	34.15	35.41	7600533	269523200.00
2012/07/19	35.15	35.55	34.66	35.31	4432010	157429280.00
2012/07/20	35.31	36.61	35.21	35.33	6875645	249201296.00
2012/07/23	34.60	34.60	33.26	33.66	5287133	181874528.00
2012/07/24	33.44	35.44	33.35	35.20	5321531	185886256.00
2012/07/25	34.67	35.64	34.67	34.87	4616790	164229696.00
2012/07/26	34.71	36.01	34.65	34.82	4274378	152585296.00
2012/07/27	34.64	35.08	33.63	34.78	5003301	172682944.00
2012/07/30	34.68	35.05	33.86	34.25	2508037	86746144.00
2012/07/31	34.25	34.64	31.65	32.57	6056246	202207520.00
2012/08/01	32.15	33.45	31.65	32.80	5094177	168454656.00
2012/08/02	32.59	33.27	32.48	32.99	2564974	85311392.00
2012/08/03	32.99	34.13	32.75	34.11	3543941	120388528.00
2012/08/06	33.65	34.83	33.53	34.60	4218432	145518080.00
2012/08/07	34.57	35.47	34.45	34.79	3462113	122307912.00
2012/08/08	34.80	34.80	33.78	34.16	2253663	77961008.00
2012/08/09	34.11	37.57	33.85	37.54	10019428	366272544.00
2012/08/10	37.24	37.25	36.15	36.39	7416412	273498560.00
2012/08/13	35.96	36.74	35.74	35.83	4260526	155742192.00
2012/08/14	35.60	36.03	34.92	35.88	4375988	157284576.00
2012/08/15	35.82	35.83	34.96	35.09	3727415	133128568.00
2012/08/16	34.96	35.50	33.32	33.58	6493805	224090736.00
2012/08/17	33.42	33.53	31.54	32.52	6958855	225381760.00
2012/08/20	32.11	32.83	31.80	32.75	3610388	118347088.00
2012/08/21	32.75	34.04	32.65	33.48	4031508	136498288.00
2012/08/22	33.39	33.65	32.35	32.67	4327747	143466192.00
2012/08/23	32.30	32.82	31.54	31.78	5878436	189162752.00
2012/08/24	31.56	32.05	30.76	31.53	3749030	119671608.00
2012/08/27	31.05	31.85	30.53	30.78	3122775	98909408.00
2012/08/28	30.75	31.25	29.62	30.48	6014388	184220640.00
2012/08/29	30.25	30.50	29.59	29.63	4941443	149204832.00
2012/08/30	29.65	29.85	28.05	28.76	7227138	209594064.00
2012/08/31	28.64	29.60	28.48	29.51	4116235	121000928.00
2012/09/03	29.53	31.63	29.53	31.46	6382466	199114464.00
2012/09/04	31.95	32.25	30.85	30.97	5998031	191239008.00
2012/09/05	30.65	30.65	29.65	30.25	6433322	195996960.00
2012/09/06	30.16	30.82	29.98	30.38	3048019	93353696.00
2012/09/07	30.73	32.15	30.45	31.43	5874518	186746992.00
2012/09/10	31.50	32.53	31.15	31.82	4890910	157730128.00
2012/09/11	31.80	31.80	31.18	31.52	2418900	76933784.00
2012/09/12	31.55	32.35	31.55	32.19	3708827	120380640.00
2012/09/13	32.26	32.80	31.95	32.18	3782080	123938144.00
2012/09/14	32.40	32.42	31.49	31.98	2905293	93658848.00
2012/09/17	31.93	32.14	30.25	30.35	3136610	99727968.00
2012/09/18	30.37	31.09	30.37	30.70	2195115	68338208.00
2012/09/19	30.76	31.04	29.98	30.55	3046938	93511008.00
2012/09/20	30.27	30.34	29.65	29.99	2159213	65316684.00
2012/09/21	29.97	30.30	29.53	30.20	1781034	54083568.00
2012/09/24	29.84	30.87	29.15	30.66	2441987	74694456.00
2012/09/25	30.65	31.65	30.36	30.95	2996955	94312160.00
2012/09/26	30.95	31.40	29.80	30.12	2728655	83990160.00
2012/09/27	29.98	31.15	29.88	31.03	2498440	77720640.00
2012/09/28	31.08	32.42	31.08	32.16	6763430	219291840.00
2012/10/08	32.19	32.19	31.33	31.63	2472461	79077664.00
2012/10/09	31.62	32.26	31.62	32.17	3077294	99623504.00
2012/10/10	32.17	32.80	31.86	32.48	3144883	102977072.00
2012/10/11	32.35	32.35	31.66	31.86	2492822	80504480.00
2012/10/12	31.75	32.08	30.76	31.11	3389430	107097072.00
2012/10/15	31.32	32.00	31.23	31.68	3883335	124175456.00
2012/10/16	31.70	33.95	31.25	33.06	8691970	288652352.00
2012/10/17	32.85	33.79	32.75	33.68	6892633	232694976.00
2012/10/18	33.68	35.15	33.48	34.03	8447782	292880960.00
2012/10/19	34.03	34.55	33.35	33.80	4540813	155272000.00
2012/10/22	33.65	33.94	32.75	33.53	4845961	162301632.00
2012/10/23	33.40	33.40	32.20	32.29	4843542	160113232.00
2012/10/24	32.00	32.52	30.85	31.26	8657660	276272000.00
2012/10/25	31.32	31.65	30.95	31.39	5335763	169377568.00
2012/10/26	30.35	30.81	29.44	30.12	12115741	368823200.00
2012/10/29	29.65	30.15	29.35	29.69	4382580	131811424.00
2012/10/30	29.95	30.12	29.66	29.98	3569595	108007024.00
2012/10/31	30.13	30.13	28.65	28.80	8479085	249260288.00
2012/11/01	28.75	29.64	28.30	29.64	8241396	241886832.00
2012/11/02	29.65	30.61	29.45	30.43	8555848	260530416.00
2012/11/05	30.25	30.43	29.45	29.54	5186626	155986880.00
2012/11/06	29.54	29.64	28.25	28.93	5610776	162714176.00
2012/11/07	28.85	28.93	28.45	28.78	2529377	73470112.00
2012/11/08	28.65	29.10	28.32	28.55	3456640	100865536.00
2012/11/09	28.54	28.79	28.35	28.51	1875706	54204164.00
2012/11/12	28.52	28.64	27.45	27.88	3196701	90700560.00
2012/11/13	27.65	27.89	26.95	27.13	3456068	95286096.00
2012/11/14	27.05	27.49	26.86	27.47	2500256	69201848.00
2012/11/15	27.44	27.58	27.04	27.15	1919794	53098912.00
2012/11/16	26.96	27.13	25.56	26.20	5845464	154651040.00
2012/11/19	26.05	26.05	23.55	24.10	13268859	327028192.00
2012/11/20	23.85	25.23	23.70	25.06	9751809	244233840.00
2012/11/21	24.99	25.25	23.06	24.83	10091248	246772048.00
2012/11/22	23.55	24.24	23.28	23.43	9942633	239043680.00
2012/11/23	23.45	24.32	23.45	23.57	11911625	288592416.00
2012/11/26	23.42	23.42	22.18	22.21	8061050	184356608.00
2012/11/27	22.13	22.46	21.91	21.94	6587022	148247824.00
2012/11/28	21.99	22.32	21.67	22.05	7124369	159220336.00
2012/11/29	22.15	22.44	21.67	21.92	5643007	126865944.00
2012/11/30	21.83	22.07	21.24	21.63	4785738	104946704.00
2012/12/03	21.45	21.60	19.43	19.43	11481432	234190064.00
2012/12/04	18.85	20.14	18.35	19.95	16437829	319840640.00
2012/12/05	19.45	20.65	19.05	19.95	18756454	379383424.00
2012/12/06	19.85	21.03	19.10	20.78	17633142	359179936.00
2012/12/07	20.79	21.20	20.43	20.94	15056671	319006816.00
2012/12/10	20.63	21.80	19.97	21.55	16485973	348649600.00
2012/12/11	21.34	22.18	21.21	21.49	14441106	319127456.00
2012/12/12	21.26	21.65	20.89	21.29	7067420	152190704.00
2012/12/13	21.10	21.32	20.25	20.30	7160825	151379312.00
2012/12/14	19.77	21.18	19.46	20.86	16569917	344186688.00
2012/12/17	20.83	22.98	20.48	22.98	23316107	518301344.00
2012/12/18	22.93	24.96	22.77	24.20	27626513	666292800.00
2012/12/19	24.10	25.24	23.95	24.79	16363686	409209152.00
2012/12/20	24.55	25.21	23.97	24.80	10673069	266657936.00
2012/12/21	24.66	25.04	24.29	24.92	9403784	235121856.00
2012/12/24	24.80	24.80	23.95	24.16	12202461	301095040.00
2012/12/25	23.78	25.78	23.78	25.15	14733443	373262624.00
2012/12/26	25.05	26.25	24.75	26.11	11646542	301719712.00
2012/12/27	26.23	28.65	25.94	27.71	17138114	469866464.00
2012/12/28	27.75	28.77	27.31	28.04	10840724	310351904.00
2012/12/31	28.04	28.65	27.51	28.46	7994670	227169216.00
2013/01/04	28.26	29.01	27.53	28.28	12276442	352064480.00
2013/01/07	27.95	28.31	27.55	27.94	10338309	291004448.00
2013/01/08	27.85	29.45	27.80	29.36	13284312	389201376.00
2013/01/09	29.37	30.74	29.15	30.23	10719337	325745152.00
2013/01/10	30.05	30.59	29.65	30.12	6622799	201412560.00
2013/01/11	30.25	30.40	28.95	29.16	8230876	246550688.00
2013/01/14	28.75	30.27	28.10	29.89	12475194	368859776.00
2013/01/15	29.82	30.40	29.37	29.86	7704364	232061792.00
2013/01/16	29.45	29.75	28.95	29.08	7503742	221907120.00
2013/01/17	28.78	29.60	28.78	28.88	5849653	172763136.00
2013/01/18	28.65	29.11	27.80	28.41	7657081	219186160.00
2013/01/21	28.36	28.45	27.54	27.58	8877342	250793520.00
2013/01/22	27.38	27.51	26.20	27.35	10976703	297407520.00
2013/01/23	27.05	27.90	26.76	27.83	7061640	196587552.00
2013/01/24	27.55	27.93	26.45	26.83	5579792	154318544.00
2013/01/25	26.85	27.00	25.61	25.81	7182035	189551024.00
2013/01/28	25.65	25.65	23.19	24.35	23163489	567038016.00
2013/01/29	23.95	25.08	23.62	24.85	17794337	441567488.00
2013/01/30	24.78	26.65	24.56	26.45	14778984	386826016.00
2013/01/31	26.46	26.46	25.45	25.96	8276578	217269936.00
2013/02/01	25.66	26.86	25.66	25.97	7476143	199560784.00
2013/02/04	25.89	26.10	24.42	24.58	15797918	396694496.00
2013/02/05	24.47	25.65	24.18	25.63	11957323	303497760.00
2013/02/06	25.63	25.91	24.94	25.16	10113917	259455344.00
2013/02/07	25.15	25.46	24.47	25.26	8221129	209144288.00
2013/02/08	25.05	25.54	24.86	25.20	6228456	158953344.00
2013/02/18	25.20	25.34	24.15	24.20	8538342	211723328.00
2013/02/19	24.14	24.60	23.87	23.94	7043662	173245200.00
2013/02/20	23.94	24.30	23.08	24.22	7855823	189875856.00
2013/02/21	24.04	25.60	23.66	24.93	13494196	341688192.00
2013/02/22	25.23	27.32	25.20	27.08	20856634	557980096.00
2013/02/25	27.08	27.38	26.07	26.55	10203586	274459040.00
2013/02/26	26.18	27.25	25.86	25.97	10912231	292933408.00
2013/02/27	25.66	26.21	25.03	25.29	7398080	191547472.00
2013/02/28	25.06	25.44	24.48	25.15	9712583	244781232.00
2013/03/01	25.08	25.50	24.60	24.89	8521049	216070960.00
2013/03/04	24.70	25.36	23.59	24.10	11990991	299156288.00
2013/03/05	24.15	24.91	23.76	24.38	8254828	205067808.00
2013/03/06	24.36	25.61	23.75	25.59	18251853	455371936.00
2013/03/07	25.50	27.05	25.30	25.93	20930513	556782400.00
2013/03/08	25.69	25.85	24.98	25.03	16444721	423226880.00
2013/03/11	24.65	24.65	23.85	24.29	10805580	264907504.00
2013/03/12	24.18	24.52	23.66	24.09	9494415	231464016.00
2013/03/13	24.01	24.45	23.72	24.28	7678787	188082304.00
2013/03/14	24.24	24.42	23.18	23.32	11247341	270472992.00
2013/03/15	23.16	23.16	21.93	21.98	19425653	440383200.00
2013/03/18	21.99	22.17	20.24	20.46	20490854	434407712.00
2013/03/19	20.37	20.63	19.90	20.52	12441900	256573616.00
2013/03/20	20.42	21.20	20.31	21.15	12736844	269699712.00
2013/03/21	21.11	21.29	20.70	20.83	13148232	279458240.00
2013/03/22	20.75	21.18	20.60	20.87	8916534	189722688.00
2013/03/25	20.98	21.06	20.62	20.81	8235999	174169584.00
2013/03/26	20.81	20.93	20.46	20.71	8191216	173042384.00
2013/03/27	20.74	20.80	19.40	19.43	16625078	337273920.00
2013/03/28	19.31	20.05	18.28	20.03	21608141	421015744.00
2013/03/29	19.75	20.55	19.60	19.76	14676988	299250720.00
2013/04/01	19.33	19.53	18.56	18.74	12721504	245869712.00
2013/04/02	18.63	19.00	18.37	18.89	8477563	161890320.00
2013/04/03	18.89	19.57	18.76	19.25	12344788	241817120.00
2013/04/08	18.65	19.11	18.38	18.99	6923719	132717520.00
2013/04/09	19.03	19.40	18.95	19.00	6516199	127003232.00
2013/04/10	19.05	20.35	18.80	20.21	18399179	371686912.00
2013/04/11	20.04	20.14	19.56	19.62	11080520	223335056.00
2013/04/12	19.64	20.29	19.37	19.77	11885176	240830944.00
2013/04/15	19.65	19.65	18.77	19.04	8407686	163576048.00
2013/04/16	18.55	18.79	18.33	18.68	8639707	163678064.00
2013/04/17	18.65	19.12	18.65	18.94	6895205	133012912.00
2013/04/18	18.75	18.84	18.39	18.60	6446435	122180264.00
2013/04/19	18.65	19.10	18.60	19.08	9611396	185062768.00
2013/04/22	18.75	18.94	18.43	18.59	10606241	200965168.00
2013/04/23	18.59	18.84	18.45	18.47	7414012	140779120.00
2013/04/24	18.45	18.53	17.21	17.87	17213202	310281056.00
2013/04/25	17.65	17.65	17.25	17.27	8592952	152953344.00
2013/04/26	17.04	17.45	16.56	16.67	10165145	175317216.00
2013/05/02	16.45	16.45	15.41	15.62	15701505	253952112.00
2013/05/03	15.65	15.91	15.58	15.66	13118977	211341248.00
2013/05/06	15.76	16.15	15.66	16.11	12896126	209728224.00
2013/05/07	16.08	16.78	15.96	16.70	15200316	254837232.00
2013/05/08	16.72	16.73	16.17	16.44	11318307	189793056.00
2013/05/09	16.42	16.94	16.36	16.64	13842795	236076992.00
2013/05/10	16.65	16.79	16.30	16.49	8171739	137768016.00
2013/05/13	16.47	16.74	16.25	16.46	7428133	125045720.00
2013/05/14	16.41	16.41	15.72	15.77	9365849	152240048.00
2013/05/15	15.77	16.01	15.77	15.86	4541520	73654208.00
2013/05/16	15.85	16.04	15.52	15.99	7356798	119516680.00
2013/05/17	15.97	16.50	15.92	16.43	7524837	124861144.00
2013/05/20	16.54	17.02	16.50	16.91	13955315	239732144.00
2013/05/21	16.94	17.00	16.56	16.83	9409137	160893072.00
2013/05/22	16.83	17.50	16.76	17.25	15534232	272148896.00
2013/05/23	17.15	17.69	17.01	17.10	13160604	233230144.00
2013/05/24	17.11	17.41	16.92	17.19	7649295	133916880.00
2013/05/27	17.20	17.29	16.88	17.14	6358120	110672448.00
2013/05/28	17.21	17.39	16.99	17.35	7606155	133698496.00
2013/05/29	17.38	18.25	17.38	17.81	14625119	267649136.00
2013/05/30	17.78	17.99	17.50	17.69	9608940	173258944.00
2013/05/31	17.58	17.83	17.58	17.62	5772262	104169616.00
2013/06/03	17.59	17.75	17.24	17.44	7920880	140672720.00
2013/06/04	17.36	17.42	16.88	17.04	6429737	111964504.00
2013/06/05	16.99	17.40	16.86	17.26	5175436	90639824.00
2013/06/06	17.16	17.37	16.87	16.95	3922873	68411264.00
2013/06/07	16.97	17.21	16.36	16.71	5793151	99019576.00
2013/06/13	16.45	16.45	15.85	15.94	4222862	69329280.00
2013/06/14	15.95	16.15	15.92	16.05	2975986	48766096.00
2013/06/17	16.05	16.15	15.47	15.73	5037682	81084568.00
2013/06/18	15.73	16.25	15.70	16.08	4068168	66809864.00
2013/06/19	16.10	16.95	15.76	16.76	6195706	103832440.00
2013/06/20	16.51	16.79	16.07	16.11	4964479	83335848.00
2013/06/21	15.77	16.44	15.75	16.22	4117595	67981256.00
2013/06/24	16.25	16.25	15.07	15.32	5686248	91118704.00
2013/06/25	15.18	15.59	13.85	14.99	6564534	99470752.00
2013/06/26	15.01	15.15	14.47	14.64	4254679	64174540.00
2013/06/27	14.68	14.85	14.11	14.18	4791223	71494952.00
2013/06/28	14.21	14.67	14.18	14.34	4020225	59217484.00
2013/07/01	14.45	14.49	14.00	14.33	4849790	71026752.00
2013/07/02	14.45	15.80	14.26	15.80	6129434	95024200.00
2013/07/03	16.34	16.85	16.16	16.62	20079418	338604320.00
2013/07/04	16.40	17.27	16.15	16.60	16613969	285605088.00
2013/07/05	16.30	17.93	16.20	17.38	20402111	358505280.00
2013/07/08	17.15	18.12	16.85	17.66	18819311	339380160.00
2013/07/09	17.50	17.93	17.13	17.48	10918961	194238016.00
2013/07/10	17.33	18.44	17.18	18.19	17271639	314249888.00
2013/07/11	17.55	18.50	17.46	17.65	28319568	515494112.00
2013/07/12	17.30	17.44	16.83	16.85	17735297	309429568.00
2013/07/15	16.53	16.95	16.46	16.85	10964649	187423024.00
2013/07/16	16.74	17.93	16.74	17.87	20344466	362002464.00
2013/07/17	17.65	17.77	17.05	17.09	11744552	208197088.00
2013/07/18	16.93	17.29	16.78	16.88	6273618	108724648.00
2013/07/19	16.90	17.50	16.80	16.86	9773362	170773840.00
2013/07/22	16.71	17.96	16.43	17.55	9573308	166579344.00
2013/07/23	17.49	18.20	17.48	17.90	13164327	236066592.00
2013/07/24	17.87	18.86	17.59	18.63	14864559	273273568.00
2013/07/25	18.63	19.95	18.23	19.43	23488534	451319552.00
2013/07/26	19.19	19.37	18.58	18.86	10652792	201549264.00
2013/07/29	18.65	18.94	17.98	18.15	8232697	151424960.00
2013/07/30	18.02	18.38	17.38	18.20	8279807	149196560.00
2013/07/31	18.33	18.35	17.85	17.99	4989061	90132448.00
2013/08/01	17.99	18.13	17.68	18.06	8987744	160915280.00
2013/08/02	18.06	18.55	17.78	18.13	9584510	175231984.00
2013/08/05	18.15	18.36	17.69	17.97	7952403	142949152.00
2013/08/06	17.96	18.18	17.69	17.99	7381555	132629016.00
2013/08/07	17.88	18.14	17.61	17.63	7940061	141872976.00
2013/08/08	17.57	17.81	17.40	17.43	5855508	103081184.00
2013/08/09	17.53	17.60	16.99	17.08	8178880	140938432.00
2013/08/12	17.10	18.05	17.10	18.00	9687615	170776096.00
2013/08/13	18.03	18.23	17.88	17.91	8491667	153062848.00
2013/08/14	17.88	18.14	17.64	17.74	6499165	116605448.00
2013/08/15	17.75	18.33	17.68	17.93	9991249	180681648.00
2013/08/16	17.83	18.38	17.68	17.80	6859992	123202512.00
2013/08/19	17.72	18.00	17.34	17.93	5795827	102487776.00
2013/08/20	17.92	18.36	17.69	17.94	6857037	123624536.00
2013/08/21	17.98	18.12	17.75	18.05	5713693	102807328.00
2013/08/22	18.02	18.05	17.68	17.73	4876268	87073192.00
2013/08/23	17.69	17.97	17.18	17.42	5212466	91466696.00
2013/08/26	17.42	17.77	17.32	17.60	4443622	77751496.00
2013/08/27	17.51	17.88	17.50	17.77	6465263	114631896.00
2013/08/28	17.53	17.58	17.29	17.32	5033023	87736640.00
2013/08/29	17.23	17.38	16.98	16.99	5281571	90470448.00
2013/08/30	17.10	17.12	16.23	16.47	8420402	140084576.00
2013/09/02	16.33	16.33	14.82	15.16	19555640	297037536.00
2013/09/03	14.98	15.45	14.89	15.30	10909289	166391872.00
2013/09/04	15.23	15.36	14.98	15.15	8901440	135511952.00
2013/09/05	15.17	15.27	14.96	15.11	6921264	104533072.00
2013/09/06	15.06	15.18	14.95	15.04	5213639	78494344.00
2013/09/09	15.05	15.23	15.01	15.18	7417931	112543704.00
2013/09/10	15.20	15.46	15.07	15.43	8987701	137479824.00
2013/09/11	15.42	16.23	15.28	15.98	13147048	208368976.00
2013/09/12	15.93	16.14	15.82	16.08	7476793	119516200.00
2013/09/13	16.06	16.58	15.91	16.13	11176524	182203664.00
2013/09/16	16.03	16.10	15.62	15.67	6196677	98045704.00
2013/09/17	15.67	15.67	15.01	15.05	6093107	92926224.00
2013/09/18	15.05	15.28	14.99	15.10	2868299	43440112.00
2013/09/23	15.11	15.18	15.02	15.13	4342973	65644936.00
2013/09/24	15.28	15.34	14.83	15.00	7581491	113630928.00
2013/09/25	15.02	15.02	14.60	14.75	6080646	90289792.00
2013/09/26	14.75	15.14	14.73	14.79	5175122	77251608.00
2013/09/27	14.80	14.92	14.18	14.28	8061141	116017448.00
2013/09/30	14.30	14.48	14.01	14.34	4190963	59795716.00
2013/10/08	14.27	14.43	14.16	14.41	3455714	49502968.00
2013/10/09	14.38	14.48	14.31	14.43	3289672	47431276.00
2013/10/10	14.44	14.45	14.02	14.03	6489410	91965568.00
2013/10/11	13.90	14.08	13.58	13.59	11801060	163029312.00
2013/10/14	13.62	14.18	13.61	14.16	12854528	179097488.00
2013/10/15	14.05	14.28	13.99	14.16	8198009	116057624.00
2013/10/16	14.15	14.44	14.03	14.24	8731737	124744920.00
2013/10/17	14.24	14.58	14.22	14.40	6815752	98263448.00
2013/10/18	14.33	14.36	14.01	14.11	3768341	53330344.00
2013/10/21	14.11	14.16	13.68	14.07	5955301	83047720.00
2013/10/22	13.96	14.23	13.84	14.10	4995909	70448560.00
2013/10/23	14.10	14.41	14.10	14.26	7437556	106525032.00
2013/10/24	14.23	14.28	13.99	14.09	3271563	46296984.00
2013/10/25	14.10	14.13	13.58	13.63	4405457	60702808.00
2013/10/28	13.61	13.61	13.03	13.04	4715505	62337772.00
2013/10/29	13.06	13.26	12.57	13.07	5011560	64737204.00
2013/10/30	13.04	13.27	12.78	12.98	2978509	38747868.00
2013/10/31	12.98	13.73	12.86	13.36	5956993	79948624.00
2013/11/01	13.25	13.25	12.90	13.07	2937170	38403176.00
2013/11/04	13.00	13.38	13.00	13.24	3079842	40835136.00
2013/11/05	13.13	13.23	12.98	13.17	2127192	27972964.00
2013/11/06	13.16	13.63	13.07	13.31	5974520	80269800.00
2013/11/07	13.13	13.92	13.13	13.76	11282358	154835536.00
2013/11/08	13.70	13.88	13.60	13.75	4545620	62478644.00
2013/11/11	13.68	14.98	13.64	14.75	14231357	208584048.00
2013/11/12	14.59	15.62	14.48	15.24	23255914	351924224.00
2013/11/13	14.98	15.36	14.58	14.59	12264901	183550320.00
2013/11/14	14.48	14.48	14.19	14.34	6800064	97507816.00
2013/11/15	14.34	14.78	14.28	14.57	6937692	100813304.00
2013/11/18	14.55	14.78	14.39	14.74	6553911	95865168.00
2013/11/19	14.74	15.54	14.65	15.29	11832360	180479488.00
2013/11/20	15.21	15.25	14.78	15.21	6101969	91870192.00
2013/11/21	15.07	15.14	14.80	14.95	5216394	77949856.00
2013/11/22	14.94	15.26	14.83	15.03	5079123	76759648.00
2013/11/25	14.98	15.55	14.90	15.20	5830084	89520864.00
2013/11/26	15.21	15.42	14.85	15.11	4428190	66578952.00
2013/11/27	15.11	15.38	14.78	15.07	3992336	59923520.00
2013/11/28	15.11	15.28	14.90	15.14	6272142	94838880.00
2013/11/29	15.13	15.21	14.85	15.13	4652126	69865464.00
2013/12/02	14.90	15.06	14.03	14.21	6953418	100669208.00
2013/12/03	14.09	14.73	14.04	14.54	3127156	45318920.00
2013/12/04	14.50	15.18	14.34	14.85	7151069	106300576.00
2013/12/05	14.78	15.08	14.73	14.88	2989601	44674632.00
2013/12/06	14.80	15.42	14.80	15.40	11101576	169274368.00
2013/12/09	15.35	16.46	15.28	16.18	15664626	250868320.00
2013/12/10	15.98	16.29	15.88	16.26	7156014	115248232.00
2013/12/11	16.26	16.75	15.99	16.27	9056229	148714736.00
2013/12/12	16.27	16.47	16.00	16.07	4461146	72163824.00
2013/12/13	15.99	16.28	15.68	15.86	4028294	64457520.00
2013/12/16	15.86	15.92	15.28	15.39	5521213	85762176.00
2013/12/17	15.36	15.70	15.28	15.40	4937080	76665880.00
2013/12/18	15.42	15.48	15.13	15.33	2976453	45525444.00
2013/12/19	15.32	15.76	15.17	15.63	5296222	82053024.00
2013/12/20	15.58	15.86	15.41	15.73	5260211	82607816.00
2013/12/23	15.48	15.75	15.27	15.51	2653776	41200768.00
2013/12/24	15.42	15.65	15.28	15.45	2775848	42917688.00
2013/12/25	15.37	15.44	15.06	15.30	3960983	60393172.00
2013/12/26	15.30	15.32	14.56	14.71	5555513	82230640.00
2013/12/27	14.69	14.90	14.48	14.68	5980774	87592792.00
2013/12/30	14.63	14.73	14.53	14.64	3341645	49025912.00
2013/12/31	14.65	15.48	14.58	15.02	10113957	152521440.00
2014/01/02	14.91	14.93	14.43	14.56	5627974	82274776.00
2014/01/03	14.44	14.57	13.60	13.90	10112718	141246016.00
2014/01/06	13.84	13.89	12.86	13.09	9289957	122619280.00
2014/01/07	13.01	13.30	12.86	13.08	4628629	60282432.00
2014/01/08	13.06	13.12	12.75	12.89	4741797	61316340.00
2014/01/09	12.79	13.19	12.76	12.87	4678249	60929384.00
2014/01/10	12.74	12.99	12.68	12.70	2580196	33121414.00
2014/01/13	12.69	13.16	12.68	12.74	3718444	47786480.00
2014/01/14	12.77	12.97	12.68	12.89	3043608	39108564.00
2014/01/15	12.89	12.91	12.58	12.68	3016572	38423608.00
2014/01/16	12.77	13.03	12.65	12.88	3367988	43464624.00
2014/01/17	12.87	12.87	12.49	12.51	3330020	42221116.00
2014/01/20	12.55	12.75	12.43	12.55	2130774	26851704.00
2014/01/21	12.49	12.72	12.49	12.54	2335380	29448460.00
2014/01/22	12.54	12.98	12.48	12.82	4771257	61240588.00
2014/01/23	12.81	12.91	12.68	12.77	3282039	42032384.00
2014/01/24	12.78	12.94	12.70	12.83	5185754	66604424.00
2014/01/27	12.74	13.04	12.66	12.89	5120978	65899836.00
2014/01/28	12.78	12.95	12.58	12.67	2833269	36050320.00
2014/01/29	12.65	12.65	11.40	11.41	19815533	231109984.00
2014/01/30	11.30	11.33	10.78	10.83	11631614	127321536.00
2014/02/07	10.81	11.20	10.71	11.19	5730335	62845088.00
2014/02/10	11.15	11.30	11.04	11.26	6582522	73760240.00
2014/02/11	11.25	11.45	11.15	11.34	6289409	71213848.00
2014/02/12	11.28	11.43	11.16	11.35	5784965	65411436.00
2014/02/13	11.36	11.58	11.22	11.26	6962822	79924120.00
2014/02/14	11.23	11.61	11.22	11.47	7427258	85095912.00
2014/02/17	11.47	11.93	11.45	11.82	9752138	114732088.00
2014/02/18	11.85	11.88	11.52	11.56	6543804	76338776.00
2014/02/19	11.51	11.80	11.49	11.62	5643463	65887312.00
2014/02/20	11.65	11.67	11.23	11.26	5896948	67174368.00
2014/02/21	11.28	11.36	10.94	11.03	5168792	57461312.00
2014/02/24	10.98	11.03	10.76	10.93	3367642	36678444.00
2014/02/25	10.86	10.95	10.41	10.50	4337269	46555368.00
2014/02/26	10.50	10.51	10.18	10.47	4321223	44843736.00
2014/02/27	10.47	10.57	10.18	10.20	3383854	35322804.00
2014/02/28	10.17	10.48	10.13	10.42	3328173	34633496.00
2014/03/03	10.38	10.56	10.28	10.55	3603375	37620384.00
2014/03/04	10.46	10.52	10.32	10.41	2655259	27747008.00
2014/03/05	10.49	11.45	10.40	11.45	19405634	218458656.00
2014/03/06	11.45	11.74	11.25	11.65	17454955	201865760.00
2014/03/07	11.72	11.72	11.19	11.58	10576099	121320600.00
2014/03/10	11.38	11.48	11.00	11.19	6462309	72771760.00
2014/03/11	11.05	11.69	11.04	11.67	14045296	160921424.00
2014/03/12	11.52	11.76	11.15	11.35	8776151	100551728.00
2014/03/13	11.29	12.49	11.26	12.49	17800609	216107680.00
2014/03/14	12.53	12.56	11.91	12.10	14253012	174028352.00
2014/03/17	12.03	12.33	11.88	12.32	9579190	116322672.00
2014/03/18	12.31	12.93	12.09	12.14	16375825	205386416.00
2014/03/19	11.99	12.37	11.76	12.05	10811391	129821008.00
2014/03/20	11.96	12.08	11.49	11.51	7676201	90496128.00
2014/03/21	11.41	12.04	11.39	11.91	8399400	98441648.00
2014/03/24	11.83	12.10	11.73	12.02	7024614	84131368.00
2014/03/25	11.97	11.97	11.48	11.70	6687701	78305056.00
2014/03/26	11.68	11.76	11.58	11.75	3499925	40924264.00
2014/03/27	11.70	11.91	11.45	11.62	6038027	70589496.00
2014/03/28	11.58	11.65	10.98	10.99	6238270	70028032.00
2014/03/31	10.99	11.24	10.93	11.01	2689324	29793468.00
2014/04/01	10.98	11.23	10.98	11.15	2596776	28995188.00
2014/04/02	11.18	11.38	11.14	11.24	3230712	36490580.00
2014/04/03	11.24	11.29	11.03	11.08	2492201	27768746.00
2014/04/04	11.08	11.08	10.79	11.05	3391186	37137188.00
2014/04/08	11.04	11.28	10.98	11.26	4077028	45447264.00
2014/04/09	11.26	11.92	11.17	11.68	9108675	106000480.00
2014/04/10	11.64	11.83	11.48	11.69	4588455	53454104.00
2014/04/11	11.68	12.08	11.63	11.80	7706114	91888864.00
2014/04/14	11.81	11.88	11.59	11.75	4147380	48684096.00
2014/04/15	11.69	11.73	11.54	11.62	3435577	40034732.00
2014/04/16	11.70	11.81	11.58	11.74	3119283	36562112.00
2014/04/17	11.74	11.80	11.66	11.79	3116111	36693276.00
2014/04/18	11.73	11.87	11.61	11.62	3440445	40378604.00
2014/04/21	11.44	11.56	11.06	11.08	5564115	62699296.00
2014/04/22	11.06	11.22	11.00	11.17	2657546	29592748.00
2014/04/23	11.17	11.67	11.17	11.38	4764711	54618088.00
2014/04/24	11.33	11.37	11.12	11.19	2246493	25224958.00
2014/04/25	10.99	11.15	10.49	10.64	7638860	82199480.00
2014/04/28	10.60	10.60	10.15	10.27	2958039	30674920.00
2014/04/29	10.29	10.52	10.23	10.51	2202514	22904582.00
2014/04/30	10.42	10.57	10.40	10.52	1551769	16329672.00
2014/05/05	10.49	10.75	10.30	10.63	2735078	28734452.00
2014/05/06	10.63	10.66	10.48	10.62	2585436	27316280.00
2014/05/07	10.55	10.61	10.40	10.48	2288338	24004136.00
2014/05/08	10.47	10.64	10.40	10.56	2262043	23829552.00
2014/05/09	10.55	11.12	10.48	10.78	4564369	49511560.00
2014/05/12	10.78	11.40	10.69	11.18	6322785	70201696.00
2014/05/13	11.10	11.68	11.10	11.50	8460816	96752792.00
2014/05/14	11.40	11.50	11.18	11.37	3452862	39140348.00
2014/05/15	11.33	11.44	11.04	11.06	3456942	38911308.00
2014/05/16	11.10	11.20	10.96	11.06	2078621	23059440.00
2014/05/19	11.00	11.18	10.53	11.12	4736866	51501156.00
2014/05/20	11.18	11.48	10.94	11.13	3645938	40808052.00
2014/05/21	11.04	11.36	10.83	11.33	2494385	27949412.00
2014/05/22	11.27	11.41	11.13	11.15	2347108	26436450.00
2014/05/23	11.09	11.24	11.01	11.15	2065986	22989416.00
2014/05/26	11.14	11.29	11.10	11.14	2033130	22769354.00
2014/05/27	11.13	11.24	10.92	11.01	2080850	23094284.00
2014/05/28	10.98	11.20	10.79	11.06	3028505	33391038.00
2014/05/29	11.06	11.10	10.88	10.88	2094496	23045204.00
2014/05/30	10.84	10.93	10.72	10.77	1676259	18186280.00
2014/06/03	10.74	10.86	10.48	10.50	4823719	51514440.00
2014/06/04	10.50	10.54	10.34	10.41	3015642	31413776.00
2014/06/05	10.41	10.57	10.36	10.56	1673702	17584250.00
2014/06/06	10.56	10.64	10.53	10.59	1297488	13761285.00
2014/06/09	10.45	10.64	10.45	10.51	1352826	14291839.00
2014/06/10	10.50	10.63	10.49	10.62	1696950	17972062.00
2014/06/11	10.62	10.73	10.56	10.70	1827854	19522332.00
2014/06/12	10.71	10.71	10.46	10.56	2606045	27533848.00
2014/06/13	10.54	10.66	10.52	10.62	2728817	28968260.00
2014/06/16	10.62	10.69	10.56	10.62	2438271	25957396.00
2014/06/17	10.61	10.62	10.33	10.36	2946991	30868032.00
2014/06/18	10.39	10.41	10.25	10.29	2085695	21560132.00
2014/06/19	10.32	10.34	10.01	10.06	2635246	26811356.00
2014/06/20	10.08	10.24	10.04	10.23	1590744	16218235.00
2014/06/23	10.20	10.31	10.17	10.25	1270571	13050627.00
2014/06/24	10.25	10.66	10.20	10.48	4186573	44080500.00
2014/06/25	10.39	10.53	10.26	10.28	2361260	24535812.00
2014/06/26	10.32	10.42	10.26	10.34	2171374	22486742.00
2014/06/27	10.35	10.46	10.31	10.40	1944362	20237416.00
2014/06/30	10.40	10.53	10.38	10.45	2298350	24114064.00
2014/07/01	10.45	10.53	10.41	10.48	2108954	22124796.00
2014/07/02	10.49	10.63	10.46	10.62	4388128	46401736.00
2014/07/03	10.65	10.73	10.54	10.63	4322826	45970880.00
2014/07/04	10.63	10.64	10.43	10.55	3318294	35035644.00
2014/07/07	10.48	10.58	10.38	10.49	2256977	23646954.00
2014/07/08	10.45	10.50	10.40	10.46	1716488	17979462.00
2014/07/09	10.46	10.78	10.38	10.52	7897066	84009616.00
2014/07/10	10.42	10.57	10.29	10.51	3864949	40518656.00
2014/07/11	10.45	10.78	10.42	10.73	7779219	83259384.00
2014/07/14	10.71	11.22	10.69	11.06	12183801	133657952.00
2014/07/15	11.11	11.98	10.98	11.48	23311142	267337952.00
2014/07/16	11.28	11.39	11.09	11.16	11180572	125679760.00
2014/07/17	11.09	11.26	10.86	10.96	5302082	58603796.00
2014/07/18	10.90	11.70	10.90	11.39	10810315	123218560.00
2014/07/21	11.40	11.98	11.31	11.72	17793628	209670800.00
2014/07/22	11.61	11.88	11.52	11.69	8549911	99695672.00
2014/07/23	11.69	11.85	11.58	11.66	6208057	72642928.00
2014/07/24	11.61	11.74	11.33	11.58	5066791	58402800.00
2014/07/25	11.59	11.92	11.47	11.86	7107419	83672384.00
2014/07/28	11.80	12.37	11.80	12.09	8898479	107678496.00
2014/07/29	12.01	12.06	11.87	12.00	5586199	66813996.00
2014/07/30	11.91	12.18	11.77	12.14	5767746	68990424.00
2014/07/31	12.05	12.37	12.00	12.20	4789294	58530796.00
2014/08/01	12.17	12.27	11.90	12.05	6070446	73407880.00
2014/08/04	11.99	12.24	11.90	12.17	5305751	64194464.00
2014/08/05	12.13	12.25	12.00	12.20	3533267	42930084.00
2014/08/06	12.18	12.18	11.97	12.08	5235932	63133584.00
2014/08/07	12.10	12.36	12.00	12.03	5476664	66750916.00
2014/08/08	11.98	12.05	11.74	11.83	5377255	63814336.00
2014/08/11	11.80	12.10	11.78	12.03	5771088	68910264.00
2014/08/12	12.01	12.36	12.01	12.35	8297896	101516256.00
2014/08/13	12.35	13.33	12.31	13.06	18078280	232956800.00
2014/08/14	13.10	13.19	12.71	12.85	9122102	117854600.00
2014/08/15	12.90	13.15	12.79	12.92	4941267	64057520.00
2014/08/18	12.93	13.17	12.88	13.12	5106074	66421812.00
2014/08/19	13.20	13.43	12.94	13.36	8961469	118241952.00
2014/08/20	13.21	14.05	13.15	13.75	11642579	160511856.00
2014/08/21	13.70	14.00	13.48	13.99	7628890	105033008.00
2014/08/22	13.99	14.08	13.73	13.79	7016025	97411984.00
2014/08/25	13.78	13.85	13.30	13.34	5546862	74835784.00
2014/08/26	13.35	13.54	12.78	13.03	7279864	94975360.00
2014/08/27	13.01	13.15	12.80	13.13	4987405	64932688.00
2014/08/28	13.13	13.56	12.95	13.53	5511471	72871344.00
2014/08/29	13.40	14.88	13.40	14.53	16905793	243770384.00
2014/09/01	14.66	14.69	14.30	14.62	6081126	88089904.00
2014/09/02	15.90	16.04	14.89	15.33	25881746	401181760.00
2014/09/03	15.36	15.88	15.01	15.65	13080952	203463424.00
2014/09/04	15.52	15.57	15.10	15.20	13430053	204716048.00
2014/09/05	15.20	15.51	14.86	15.38	12973610	196214352.00
2014/09/09	15.28	15.40	15.06	15.17	5389662	81760432.00
2014/09/10	15.10	15.32	15.00	15.16	5965510	90430192.00
2014/09/11	15.17	15.86	15.10	15.83	11531363	178115456.00
2014/09/12	15.83	16.04	15.59	15.67	7977923	125933400.00
2014/09/15	15.67	15.87	15.41	15.50	5754237	89329240.00
2014/09/16	15.46	15.55	14.60	14.62	8475728	127754880.00
2014/09/17	14.70	14.77	14.30	14.46	7049450	101651184.00
2014/09/18	14.49	14.69	14.39	14.54	3626511	52550400.00
2014/09/19	14.55	14.66	14.21	14.45	6407388	92062768.00
2014/09/22	14.46	14.46	13.01	13.97	8964071	124762432.00
2014/09/23	13.94	13.99	13.68	13.90	9396942	129487016.00
2014/09/24	13.79	14.38	13.68	14.32	9481779	132948056.00
2014/09/25	14.33	14.50	14.16	14.25	5389231	77321472.00
2014/09/26	13.99	14.35	13.97	14.27	3252723	46155252.00
2014/09/29	14.30	14.74	14.30	14.59	6717915	97933872.00
2014/09/30	14.62	15.21	14.62	15.17	10177971	152766144.00
2014/10/08	15.15	15.38	14.80	14.92	10110785	151091536.00
2014/10/09	14.93	15.23	14.80	15.02	5773691	86674080.00
2014/10/10	15.00	15.00	14.50	14.56	7187918	105439504.00
2014/10/13	14.46	14.48	14.06	14.20	5102309	72319408.00
2014/10/14	13.82	14.54	13.82	14.36	5325961	76141760.00
2014/10/15	14.35	14.46	14.10	14.42	3108616	44544888.00
2014/10/16	14.30	14.38	14.05	14.09	3609340	51388496.00
2014/10/17	14.03	14.39	13.90	14.38	4946472	70098528.00
2014/10/20	14.43	14.49	14.19	14.28	2568721	36646436.00
2014/10/21	14.22	14.37	14.08	14.19	2412904	34279008.00
2014/10/22	14.16	14.29	14.00	14.07	2688686	37995192.00
2014/10/23	14.07	14.07	13.68	13.69	4178099	57824996.00
2014/10/24	13.70	13.86	13.64	13.67	1729471	23788288.00
2014/10/27	13.67	14.07	13.46	13.82	2639793	36159784.00
2014/10/28	13.78	14.10	13.78	14.05	3568408	49923056.00
2014/10/29	14.08	14.20	13.82	14.06	5401804	75670064.00
2014/10/30	14.06	14.18	13.91	13.98	3854542	54039424.00
2014/10/31	13.98	14.39	13.81	14.23	7202961	101711952.00
2014/11/03	14.20	14.28	14.06	14.25	5175031	73524568.00
2014/11/04	14.22	14.27	13.93	13.96	4780559	67380832.00
2014/11/05	13.96	14.19	13.80	14.04	3417018	47864052.00
2014/11/06	14.05	14.10	13.81	13.94	2778094	38705236.00
2014/11/07	13.90	14.05	13.65	13.74	5131508	70942592.00
2014/11/10	13.79	14.89	13.73	14.87	14520697	209878208.00
2014/11/11	14.89	15.49	14.39	14.61	16743373	249858608.00
2014/11/12	14.65	14.80	14.31	14.78	7527617	109621656.00
2014/11/13	14.79	15.23	14.68	14.88	10773732	161550336.00
2014/11/14	14.80	15.34	14.80	15.21	11147442	169264496.00
2014/11/17	15.28	15.60	14.60	14.64	10041854	150217216.00
2014/11/18	14.55	14.85	14.50	14.55	4494445	65728056.00
2014/11/19	14.59	14.76	14.38	14.46	3611148	52348916.00
2014/11/20	14.40	14.53	14.22	14.33	4444976	63722892.00
2014/11/21	14.47	14.74	14.33	14.68	6431801	93496168.00
2014/11/24	14.80	14.85	14.50	14.63	7281775	106602608.00
2014/11/25	14.65	15.05	14.55	15.03	8054230	119665232.00
2014/11/26	15.04	15.63	14.78	15.31	13476558	204906832.00
2014/11/27	15.23	15.63	15.01	15.17	9069395	138594608.00
2014/11/28	15.00	15.33	14.91	15.10	7276547	110048816.00
2014/12/01	15.09	16.28	14.85	16.24	25150928	396698304.00
2014/12/02	16.20	16.80	15.81	16.26	20756626	335232704.00
2014/12/03	16.10	17.20	16.04	16.47	19503113	324686880.00
2014/12/04	16.31	17.09	16.31	16.67	15236677	254452512.00
2014/12/05	16.66	16.98	15.70	16.57	19359589	316967648.00
2014/12/08	16.24	16.66	15.99	16.30	14708351	239919568.00
2014/12/09	16.19	16.66	15.43	15.52	16627495	267131968.00
2014/12/10	15.18	15.98	15.15	15.70	8847172	138536512.00
2014/12/11	15.70	16.20	15.60	15.86	7706464	122632504.00
2014/12/12	15.86	16.22	15.84	16.11	10268554	164926912.00
2014/12/15	16.11	17.23	15.90	17.22	22264701	373550016.00
2014/12/16	17.04	17.40	16.77	16.99	12594885	214544000.00
2014/12/17	16.90	16.98	16.51	16.83	10672208	178508352.00
2014/12/18	16.85	17.50	16.80	16.91	9632407	165233120.00
2014/12/19	17.00	17.37	16.65	17.20	11051972	189497440.00
2014/12/22	17.30	17.35	16.65	16.98	9998606	169060976.00
2014/12/23	16.75	18.19	16.73	17.78	19998341	351790112.00
2014/12/24	17.70	18.92	17.55	18.25	22968797	422607968.00
2014/12/25	18.12	18.95	17.85	18.33	14530285	267018688.00
2014/12/26	18.16	18.57	17.85	18.10	12679790	230375808.00
2014/12/29	18.18	18.65	17.61	18.36	14680453	265609584.00
2014/12/30	18.25	19.19	18.02	18.73	20338090	379868896.00
2014/12/31	18.50	18.71	18.03	18.63	11951629	220141824.00
2015/01/05	18.51	20.30	18.16	19.89	22034287	428865152.00
2015/01/06	19.66	20.57	19.25	19.98	13897074	275456224.00
2015/01/07	19.99	20.51	19.71	20.10	10583331	213340880.00
2015/01/08	20.09	20.88	19.51	20.49	13543137	273659936.00
2015/01/16	22.00	22.00	18.89	19.49	26604963	526571616.00
2015/01/19	18.71	19.21	17.58	17.66	15418605	283425856.00
2015/01/20	17.75	18.65	17.75	18.50	12211178	223229952.00
2015/01/21	18.35	19.16	18.35	19.02	7066432	133432384.00
2015/01/22	19.03	19.90	19.03	19.88	7943015	155749936.00
2015/01/23	19.90	20.10	19.20	19.38	8538209	167522912.00
2015/01/26	19.40	19.59	19.17	19.47	5396062	104339336.00
2015/01/27	19.41	19.66	18.60	19.02	7477579	142753968.00
2015/01/28	19.03	19.43	18.98	19.18	3883416	74404576.00
2015/01/29	18.97	19.18	18.70	18.93	2912401	55003496.00
2015/01/30	18.94	19.47	18.85	19.20	5406664	103811704.00
2015/02/02	19.06	19.17	18.55	19.06	4965719	93662920.00
2015/02/03	19.15	19.20	18.88	18.98	3942918	74895216.00
2015/02/04	19.07	19.28	18.80	19.11	4486007	85305808.00
2015/02/05	19.11	19.49	18.92	18.94	7155686	138064000.00
2015/02/06	18.80	19.00	17.47	17.64	13311759	238846784.00
2015/02/09	17.57	18.30	17.38	17.74	7023852	125796328.00
2015/02/10	17.72	18.10	16.73	17.98	10856653	187733456.00
2015/02/11	17.64	19.01	17.50	18.77	10115618	183573056.00
2015/02/12	17.58	18.49	17.51	17.98	9714169	173616560.00
2015/02/13	17.87	18.16	17.72	17.88	7695642	137472192.00
2015/02/16	17.88	17.88	17.62	17.77	5612356	99671312.00
2015/02/17	17.87	17.87	17.68	17.73	4015108	71217000.00
2015/02/25	17.80	17.80	17.45	17.50	5137634	90538680.00
2015/02/26	17.42	18.37	17.41	18.30	9513631	172142672.00
2015/02/27	18.38	19.79	18.35	19.61	15346391	297102464.00
2015/03/02	19.60	20.56	18.70	19.42	21959869	428839712.00
2015/03/03	18.50	19.14	18.28	18.93	12935791	242413424.00
2015/03/04	18.76	19.28	18.69	18.98	8196289	155332240.00
2015/03/05	18.82	19.19	18.82	19.06	5139392	97855896.00
2015/03/06	19.08	19.19	18.80	18.96	6347471	120422544.00
2015/03/09	18.95	19.40	18.65	19.29	7205084	137617264.00
2015/03/10	19.27	19.50	19.00	19.21	7064242	136035920.00
2015/03/11	19.22	21.13	19.22	20.15	22370946	451814304.00
2015/03/12	19.55	19.81	18.80	19.19	18490064	355254144.00
2015/03/13	19.10	19.50	18.48	19.06	15240336	288398112.00
2015/03/16	18.90	19.33	18.80	19.20	24097433	460965408.00
2015/03/17	18.50	19.11	18.20	18.92	39569271	736901184.00
2015/03/18	18.62	18.88	18.50	18.87	29947668	560267072.00
2015/03/19	18.96	18.97	18.49	18.67	23692640	442426272.00
2015/03/20	18.59	18.82	18.51	18.78	19828542	370924512.00
2015/03/23	18.80	19.35	18.77	19.34	35597538	678302656.00
2015/03/24	19.34	20.27	18.93	20.11	49833384	976194944.00
2015/03/25	19.80	20.11	19.55	19.78	25791981	510406656.00
2015/03/26	19.65	20.20	19.38	19.99	29671447	588748992.00
2015/03/27	20.05	20.15	19.50	19.65	19338702	381865248.00
2015/03/30	19.65	19.81	19.50	19.75	18380522	361030304.00
2015/03/31	19.71	20.98	19.56	20.60	39980511	805673920.00
2015/04/01	20.36	20.48	20.10	20.45	26177773	531292352.00
2015/04/02	20.47	20.67	20.24	20.54	21114813	431232256.00
2015/04/03	20.41	20.88	20.32	20.55	20169405	415142688.00
2015/04/07	20.56	21.46	20.55	21.30	29638108	623272704.00
2015/04/08	21.20	21.50	20.81	21.13	25150705	532843840.00
2015/04/09	20.95	21.24	19.71	20.07	19964448	403727136.00
2015/04/10	20.07	20.47	19.91	20.40	13730566	277658848.00
2015/04/13	20.43	20.68	20.05	20.59	17168779	350777120.00
2015/04/14	20.47	21.02	20.26	20.74	20110801	417734496.00
2015/04/15	20.58	20.65	19.40	19.47	16164495	323464000.00
2015/04/16	19.48	21.26	19.25	20.35	25010867	507528320.00
2015/04/17	20.36	20.76	20.12	20.28	23251909	473889600.00
2015/04/20	20.29	20.60	19.88	20.00	18081850	364812544.00
2015/04/21	19.94	21.08	19.78	21.01	34021960	704359104.00
2015/04/22	21.25	21.62	20.89	21.58	36461454	773249536.00
2015/04/23	21.60	21.96	21.03	21.51	25624856	549881280.00
2015/04/24	21.29	22.90	21.29	22.78	41956842	938469120.00
2015/04/27	22.85	23.68	22.58	23.05	39089175	903983936.00
2015/04/28	22.97	22.97	21.50	21.86	20611152	456602624.00
2015/04/29	22.00	22.63	21.82	22.28	14211354	316570432.00
2015/04/30	22.40	22.65	21.98	22.00	13558921	302404096.00
2015/05/05	23.70	23.70	23.70	23.70	0	0.00
数据来源:通达信
