600375 华菱星马 日线 前复权
      日期	    开盘	    最高	    最低	    收盘	    成交量	    成交额
2011/10/10	13.83	13.97	13.18	13.30	723700	10577446.00
2011/10/11	13.58	13.80	13.02	13.23	1162043	16764455.00
2011/10/12	13.23	13.83	12.99	13.80	1357276	19865780.00
2011/10/13	13.63	14.38	13.63	14.06	1655126	25004110.00
2011/10/14	13.99	14.26	13.78	14.06	1147672	17223046.00
2011/10/17	14.08	14.18	13.93	14.02	548913	8263114.00
2011/10/18	13.98	13.98	13.29	13.31	769744	11270322.00
2011/10/19	13.30	13.48	13.16	13.23	738108	10541338.00
2011/10/20	13.12	13.23	12.68	12.75	674670	9394393.00
2011/10/21	12.75	12.94	12.64	12.84	364885	5052662.00
2011/10/24	12.88	13.21	12.63	13.18	598766	8368620.00
2011/10/25	13.25	13.62	13.08	13.44	1672934	24093824.00
2011/10/26	13.34	13.66	13.30	13.53	1914391	27905572.00
2011/10/27	13.50	13.60	13.25	13.33	1729229	24983444.00
2011/10/28	13.48	13.88	13.43	13.84	2367487	34780696.00
2011/10/31	13.88	13.95	13.58	13.67	1737822	25576760.00
2011/11/01	13.56	13.84	13.48	13.63	1262607	18507306.00
2011/11/02	13.45	13.53	12.78	13.52	4005342	56863216.00
2011/11/03	13.56	14.20	13.54	13.93	4395086	65608024.00
2011/11/04	13.98	14.46	13.97	14.45	4374375	66608660.00
2011/11/07	14.47	14.56	14.08	14.24	2400759	36754280.00
2011/11/08	14.23	14.34	13.93	14.04	1475379	22283780.00
2011/11/10	14.05	14.16	13.82	13.83	1767174	26518078.00
2011/11/11	13.89	13.95	13.68	13.91	1090899	16167214.00
2011/11/14	14.02	14.38	13.98	14.23	2311077	35189704.00
2011/11/15	14.21	14.24	13.98	14.23	1602845	24272186.00
2011/11/16	14.28	14.36	13.59	13.70	2075179	30867068.00
2011/11/17	13.63	13.76	13.36	13.47	1921452	27987980.00
2011/11/18	13.28	13.28	12.88	12.90	1672880	23545048.00
2011/11/21	13.01	13.11	12.79	13.02	1130087	15814216.00
2011/11/22	12.96	12.96	12.47	12.58	1542142	21057464.00
2011/11/23	12.69	12.69	12.20	12.23	1371300	18402210.00
2011/11/24	11.96	12.37	11.93	12.16	1280406	16830664.00
2011/11/25	12.18	12.18	11.89	12.06	1480534	19323490.00
2011/11/28	12.15	12.17	12.01	12.02	599251	7848171.00
2011/11/29	12.22	12.36	12.02	12.36	1496621	19792006.00
2011/11/30	12.28	12.34	11.28	11.43	1583351	20404932.00
2011/12/01	11.89	12.09	11.70	11.74	1669430	21516532.00
2011/12/02	11.71	12.18	11.36	12.13	1770377	22687572.00
2011/12/05	11.99	12.13	11.68	11.83	1128305	14539341.00
2011/12/06	11.86	12.08	11.39	11.96	2325350	29924140.00
2011/12/07	12.30	12.53	11.83	12.13	4094772	53883272.00
2011/12/08	11.95	12.45	11.58	12.33	4597726	60972244.00
2011/12/09	12.96	12.96	11.79	11.85	4597473	61352496.00
2011/12/12	11.97	11.97	10.99	11.00	4707023	58101948.00
2011/12/13	10.84	10.84	10.39	10.40	2011140	23305378.00
2011/12/14	10.28	10.51	10.16	10.18	748720	8469655.00
2011/12/15	10.16	10.28	9.91	9.93	1168983	12965286.00
2011/12/16	9.85	10.16	9.78	10.16	2158076	23632268.00
2011/12/19	10.10	10.10	9.74	10.01	1529673	16709330.00
2011/12/20	9.96	10.25	9.80	10.09	1590684	17699920.00
2011/12/21	10.24	10.25	9.66	9.70	1285999	14188672.00
2011/12/22	9.59	9.62	9.01	9.32	2205761	22726038.00
2011/12/23	9.28	9.74	9.19	9.50	1797140	18936528.00
2011/12/26	9.42	9.65	9.30	9.56	1430553	15091102.00
2011/12/27	9.51	9.56	9.15	9.16	1030677	10673026.00
2011/12/28	9.06	9.31	9.00	9.29	1109862	11285785.00
2011/12/29	9.31	9.57	9.19	9.51	1426304	14884754.00
2011/12/30	9.52	9.71	9.48	9.69	1634918	17382322.00
2012/01/04	9.70	9.83	9.28	9.30	1363064	14439363.00
2012/01/05	9.18	9.42	9.00	9.09	1248454	12766272.00
2012/01/06	9.10	9.26	8.87	9.17	1263369	12736409.00
2012/01/09	9.28	9.68	9.13	9.67	2013733	21212812.00
2012/01/10	9.73	10.40	9.69	10.30	3252998	36000088.00
2012/01/11	10.48	10.48	10.13	10.24	2358594	26582300.00
2012/01/12	10.24	10.44	10.16	10.21	1718643	19418158.00
2012/01/13	10.20	10.25	9.67	10.02	2471738	27036204.00
2012/01/16	9.88	9.98	9.70	9.72	1059526	11495388.00
2012/01/17	9.72	10.42	9.72	10.36	2354437	26341580.00
2012/01/18	10.38	10.90	10.38	10.60	6442318	75544288.00
2012/01/19	10.58	11.12	10.43	10.98	4545762	54137712.00
2012/01/20	10.99	11.47	10.97	11.38	4666908	57365688.00
2012/01/30	11.41	11.44	11.08	11.11	3109660	38247376.00
2012/01/31	11.07	11.34	10.86	11.12	1860845	22525100.00
2012/02/01	11.04	11.15	10.65	10.73	1524597	18164248.00
2012/02/02	10.78	11.27	10.66	11.24	1774116	21179440.00
2012/02/03	11.18	11.28	10.98	11.19	2191689	26677732.00
2012/02/06	11.19	11.32	11.08	11.17	1704427	20800886.00
2012/02/07	11.15	11.15	10.64	10.78	1633660	19314516.00
2012/02/08	10.67	11.16	10.63	11.15	1807430	21638412.00
2012/02/09	11.16	11.37	11.02	11.35	4668517	57121340.00
2012/02/10	11.28	11.51	11.19	11.38	6135757	75732912.00
2012/02/13	11.33	12.23	11.13	12.20	9442526	121233040.00
2012/02/14	11.99	12.17	11.64	11.89	6523523	84021320.00
2012/02/22	11.93	12.43	11.89	12.19	6242139	82414688.00
2012/02/23	12.12	12.18	11.78	12.00	4362114	56730276.00
2012/02/24	11.99	12.17	11.80	12.16	4221691	55005688.00
2012/02/27	12.15	12.74	12.15	12.19	5812502	78469000.00
2012/02/28	12.00	12.30	11.94	12.04	2900036	38046144.00
2012/02/29	11.98	12.12	11.75	11.77	2554205	32991094.00
2012/03/01	11.71	11.92	11.71	11.74	1599217	20545728.00
2012/03/02	11.75	12.17	11.75	12.10	2730362	35536608.00
2012/03/05	12.22	12.52	12.11	12.31	3840077	51340568.00
2012/03/06	12.18	12.33	11.91	12.01	2156589	28113888.00
2012/03/07	11.89	12.31	11.74	12.02	3252002	42256588.00
2012/03/12	12.19	12.62	12.18	12.58	4460078	60105192.00
2012/03/13	12.61	12.73	12.40	12.71	3376545	45770108.00
2012/03/14	12.77	12.85	11.88	12.15	5406823	72568704.00
2012/03/15	12.15	12.20	11.59	11.73	2460122	31641490.00
2012/03/16	11.87	12.18	11.75	12.16	2210510	28740576.00
2012/03/19	12.20	12.58	12.08	12.53	3559679	47712240.00
2012/03/20	12.55	12.55	11.90	11.93	2957980	39014060.00
2012/03/21	11.98	12.13	11.73	11.98	2223826	28796404.00
2012/03/22	11.98	12.08	11.62	11.69	2167949	27736312.00
2012/03/23	11.60	11.72	11.20	11.37	2095106	26123530.00
2012/03/26	11.27	11.69	11.27	11.58	1341051	16833064.00
2012/03/27	11.51	11.54	10.94	10.99	3060861	37354656.00
2012/03/28	10.89	10.89	10.04	10.07	3493384	39724308.00
2012/03/29	10.06	10.08	9.58	9.61	2134069	23172470.00
2012/03/30	9.68	9.83	9.60	9.64	1320995	14146508.00
2012/04/05	9.73	10.04	9.60	10.00	1596755	17425282.00
2012/04/06	10.01	10.23	9.91	10.19	2029913	22572668.00
2012/04/09	10.16	10.35	9.84	9.85	1457074	16184251.00
2012/04/10	9.87	10.00	9.58	9.97	1857406	20053576.00
2012/04/11	9.89	10.07	9.68	9.98	1980707	21627454.00
2012/04/12	9.99	10.27	9.88	10.27	2552810	28442208.00
2012/04/13	10.21	11.03	10.21	10.79	4694424	54296528.00
2012/04/17	10.64	10.69	10.38	10.52	1917622	22158336.00
2012/04/18	10.48	10.97	10.48	10.86	3900048	45930468.00
2012/04/19	10.78	11.31	10.78	10.99	3299864	39954856.00
2012/04/20	10.99	11.26	10.85	11.24	2845869	34556288.00
2012/04/23	11.31	11.73	11.08	11.56	4914789	61079580.00
2012/04/24	11.38	11.54	10.88	11.34	2828117	34518816.00
2012/04/25	11.21	11.33	11.00	11.18	2432374	29541616.00
2012/04/26	11.13	11.24	11.00	11.13	1532759	18581052.00
2012/04/27	11.13	11.18	10.60	10.74	1917678	22668596.00
2012/05/02	10.82	11.07	10.73	10.87	2100527	25010944.00
2012/05/03	10.78	11.21	10.73	11.17	3041356	36789088.00
2012/05/04	11.13	11.26	11.04	11.13	1493468	18156752.00
2012/05/07	11.12	11.58	11.00	11.47	2848660	35206260.00
2012/05/08	11.46	11.50	11.22	11.34	2086140	25745384.00
2012/05/09	11.29	11.29	10.92	11.00	1736755	20931248.00
2012/05/10	10.97	11.11	10.73	10.82	1634357	19453944.00
2012/05/11	10.88	10.88	10.40	10.48	3683657	42604220.00
2012/05/14	10.58	10.61	10.34	10.35	1163310	13388477.00
2012/05/15	10.31	10.31	9.97	10.11	2024138	22483568.00
2012/05/16	10.07	10.12	9.90	10.04	2102524	23168268.00
2012/05/17	10.07	10.26	9.98	10.21	1538272	17153482.00
2012/05/18	10.15	10.18	9.89	9.99	1380227	15247275.00
2012/05/21	10.07	10.43	10.00	10.34	1740679	19623144.00
2012/05/22	10.45	10.45	10.28	10.41	1338757	15248862.00
2012/05/23	10.39	10.50	10.27	10.48	1724512	19685650.00
2012/05/24	10.45	10.60	10.38	10.45	1486482	16584910.00
2012/05/25	10.39	10.48	10.17	10.18	1131222	12401634.00
2012/05/28	10.19	11.26	9.96	11.26	5398702	62215900.00
2012/05/29	11.63	12.15	11.49	11.60	10281165	127890608.00
2012/05/30	11.64	12.02	11.54	11.65	6646870	82338784.00
2012/05/31	11.45	11.61	11.36	11.50	2967470	36042012.00
2012/06/01	11.53	11.69	11.30	11.62	3433114	41876208.00
2012/06/04	11.33	11.45	10.86	10.87	2805039	33180148.00
2012/06/05	10.86	10.98	10.35	10.60	2063169	23390964.00
2012/06/06	10.61	10.77	10.50	10.56	1092342	12302337.00
2012/06/07	10.65	10.80	10.35	10.51	2084845	23344880.00
2012/06/08	10.63	10.68	10.38	10.50	1214350	13599349.00
2012/06/11	10.41	10.69	10.37	10.65	1503898	16845992.00
2012/06/12	10.55	10.58	10.38	10.43	1307900	14517830.00
2012/06/13	10.45	10.67	10.45	10.64	1332826	14968666.00
2012/06/14	10.63	10.74	10.54	10.65	1398523	15803455.00
2012/06/15	10.69	10.71	10.41	10.56	1012749	11339185.00
2012/06/18	10.58	10.67	10.48	10.55	1053259	11819379.00
2012/06/19	10.54	10.54	10.36	10.38	1443902	15980028.00
2012/06/20	10.43	10.49	10.35	10.37	612646	6765722.00
2012/06/21	10.38	10.44	10.10	10.17	985828	10703625.00
2012/06/25	10.15	10.16	9.62	9.65	1171259	12349439.00
2012/06/26	9.67	9.75	9.57	9.75	880107	9083220.00
2012/06/27	9.75	9.80	9.55	9.57	837925	8640519.00
2012/06/28	9.55	9.70	9.38	9.39	743283	7561869.00
2012/06/29	9.43	9.43	8.90	9.22	1807402	17693680.00
2012/07/02	9.30	9.30	9.06	9.13	1349929	13272494.00
2012/07/03	9.13	9.22	9.03	9.05	1057631	10343802.00
2012/07/04	9.13	9.15	9.01	9.05	811865	7896171.00
2012/07/05	9.08	9.08	8.60	8.65	1531583	14377954.00
2012/07/06	8.82	8.83	8.52	8.81	992214	9260377.00
2012/07/09	8.85	9.76	8.85	9.66	9877315	101703848.00
2012/07/10	9.35	9.40	8.63	8.75	6663511	64002276.00
2012/07/11	8.73	8.78	8.36	8.57	2653853	24473566.00
2012/07/12	8.59	8.81	8.41	8.67	2350481	21703652.00
2012/07/13	8.64	8.77	8.50	8.52	1550622	14404092.00
2012/07/16	8.47	8.60	8.14	8.15	1664255	14905320.00
2012/07/17	8.15	8.32	8.06	8.26	1262707	11176908.00
2012/07/18	8.23	8.45	8.15	8.43	899596	8057542.00
2012/07/19	8.44	8.70	8.43	8.56	1419650	13097457.00
2012/07/20	8.52	8.63	8.31	8.39	924742	8416330.00
2012/07/23	7.75	8.13	7.66	7.90	1877457	16095290.00
2012/07/24	7.85	8.03	7.81	7.94	836932	7193564.00
2012/07/25	7.94	8.07	7.90	7.91	618262	5334848.00
2012/07/26	7.92	7.99	7.87	7.91	987668	8477820.00
2012/07/27	7.92	8.12	7.77	7.88	1082466	9225855.00
2012/07/30	7.88	7.96	7.66	7.67	735029	6204932.00
2012/07/31	7.67	7.70	7.44	7.50	642601	5262797.00
2012/08/01	7.50	7.95	7.43	7.76	996987	8374988.00
2012/08/02	7.70	7.75	7.53	7.60	825920	6831977.00
2012/08/03	7.65	7.69	7.55	7.67	933726	7729509.00
2012/08/06	7.65	8.02	7.61	7.97	1313890	11107759.00
2012/08/07	7.92	8.09	7.82	8.08	1436531	12360667.00
2012/08/08	8.04	8.15	7.91	8.00	1183429	10296255.00
2012/08/09	8.00	8.09	7.90	8.05	1214349	10521745.00
2012/08/10	8.16	8.20	7.92	7.96	1252774	10858491.00
2012/08/13	7.99	8.00	7.74	7.85	908235	7708362.00
2012/08/14	7.75	7.90	7.65	7.90	989774	8325371.00
2012/08/15	7.77	7.90	7.68	7.80	526133	4420731.00
2012/08/16	7.73	7.83	7.70	7.81	422533	3555580.00
2012/08/17	7.79	7.89	7.75	7.85	545894	4628101.00
2012/08/20	7.83	7.83	7.57	7.78	751813	6252110.00
2012/08/21	7.77	7.88	7.70	7.80	1231363	10392049.00
2012/08/22	7.81	7.83	7.64	7.65	655765	5474572.00
2012/08/23	7.73	7.74	7.60	7.70	765535	6379912.00
2012/08/24	7.69	7.73	7.53	7.65	643938	5342399.00
2012/08/27	7.62	7.62	7.35	7.43	855454	6929380.00
2012/08/28	7.39	7.54	7.39	7.45	638860	5184617.00
2012/08/29	7.45	7.50	7.36	7.42	704765	5690398.00
2012/08/30	7.38	7.49	7.05	7.19	932664	7407251.00
2012/08/31	7.19	7.26	7.08	7.21	606531	4734887.00
2012/09/03	7.15	7.33	7.10	7.32	822593	6492537.00
2012/09/04	7.40	7.40	7.12	7.19	553144	4367189.00
2012/09/05	7.19	7.32	7.15	7.19	900670	7073355.00
2012/09/06	7.26	7.35	7.24	7.29	1282124	10184269.00
2012/09/07	7.45	8.07	7.41	7.68	5887245	49659952.00
2012/09/10	7.75	8.15	7.75	7.96	5184881	44558928.00
2012/09/11	7.90	7.90	7.70	7.88	2403871	20340044.00
2012/09/12	7.88	7.98	7.71	7.91	2619621	22285772.00
2012/09/13	7.90	7.90	7.68	7.76	1611101	13592114.00
2012/09/14	7.80	7.88	7.70	7.80	1816777	15342697.00
2012/09/17	7.80	7.80	7.35	7.39	1450460	11910815.00
2012/09/18	7.27	7.40	7.13	7.23	1718098	13604944.00
2012/09/19	7.28	7.30	7.19	7.28	745900	5909641.00
2012/09/20	7.27	7.33	7.01	7.02	1073200	8375345.00
2012/09/21	7.01	7.12	6.99	7.04	632400	4865737.00
2012/09/24	7.02	7.22	6.91	7.13	801425	6220534.00
2012/09/25	7.10	7.20	6.98	7.06	488390	3783286.00
2012/09/26	7.04	7.07	6.79	6.80	496869	3745746.00
2012/09/27	6.93	7.43	6.86	7.30	2602614	20370008.00
2012/09/28	7.10	7.34	7.10	7.33	1411317	11147355.00
2012/10/08	7.31	7.33	7.08	7.17	1128718	8837306.00
2012/10/09	7.21	7.36	7.17	7.36	2637899	20976180.00
2012/10/10	7.32	7.57	7.32	7.48	2309098	18773608.00
2012/10/11	7.46	7.56	7.28	7.28	1959308	15862613.00
2012/10/12	7.29	7.40	7.15	7.29	1075852	8530994.00
2012/10/16	7.15	7.27	6.95	7.10	1530206	11854115.00
2012/10/17	7.15	7.17	6.96	7.15	1125840	8710442.00
2012/10/18	7.15	7.50	7.14	7.40	2399767	19182572.00
2012/10/19	7.37	7.91	7.35	7.47	3185906	26468996.00
2012/10/22	7.45	7.50	7.30	7.43	944979	7606156.00
2012/10/23	7.36	7.65	7.36	7.55	2458725	20176902.00
2012/10/24	7.45	7.70	7.37	7.66	2317472	19072752.00
2012/10/25	7.63	7.79	7.46	7.50	2336499	19385122.00
2012/10/26	7.50	7.58	7.30	7.36	1622557	13056344.00
2012/10/29	7.33	7.45	7.17	7.24	984653	7830919.00
2012/10/30	7.20	7.35	7.15	7.16	880019	6929351.00
2012/10/31	7.16	7.23	7.06	7.18	594994	4651545.00
2012/11/01	7.20	7.43	7.17	7.42	1735071	13900332.00
2012/11/02	7.44	7.46	7.31	7.45	1343684	10818094.00
2012/11/05	7.45	7.46	7.36	7.45	802365	6464439.00
2012/11/06	7.38	7.45	7.25	7.43	1040163	8327525.00
2012/11/07	7.43	7.65	7.35	7.56	2270111	18549970.00
2012/11/08	7.53	7.53	7.15	7.26	1693123	13558784.00
2012/11/09	7.15	7.25	7.03	7.10	1068262	8319469.00
2012/11/12	7.12	7.24	7.06	7.15	619872	4820344.00
2012/11/13	7.15	7.15	6.92	6.95	749799	5735517.00
2012/11/14	6.94	7.02	6.87	6.96	520890	3950746.00
2012/11/15	6.94	6.94	6.77	6.78	608572	4561987.00
2012/11/16	6.75	6.76	6.58	6.72	732438	5341305.00
2012/11/19	6.66	6.74	6.57	6.70	542998	3963440.00
2012/11/20	6.75	6.75	6.65	6.67	409898	3009221.00
2012/11/21	6.62	6.78	6.55	6.76	703662	5144929.00
2012/11/22	6.70	6.75	6.67	6.71	521645	3835670.00
2012/11/23	6.68	6.88	6.63	6.84	919601	6876564.00
2012/11/26	6.82	6.83	6.69	6.73	317668	2352433.00
2012/11/27	6.69	6.78	6.48	6.49	623300	4491961.00
2012/11/28	6.47	6.55	6.29	6.31	1552700	10940067.00
2012/11/29	6.32	6.44	6.22	6.27	1413546	9890239.00
2012/11/30	6.38	6.96	6.27	6.96	3961875	29733412.00
2012/12/03	7.07	7.13	6.71	6.87	5832376	43799204.00
2012/12/04	6.77	7.15	6.77	7.09	5857144	44986248.00
2012/12/05	6.95	7.71	6.89	7.45	7797601	62357368.00
2012/12/06	7.38	7.48	7.25	7.43	3951332	31612446.00
2012/12/07	7.41	7.65	7.33	7.51	5401510	44037176.00
2012/12/10	7.44	7.80	7.38	7.57	5763351	47582812.00
2012/12/11	7.53	7.75	7.40	7.44	3302015	27091736.00
2012/12/12	7.41	7.57	7.32	7.46	2195949	17705762.00
2012/12/13	7.43	7.57	7.35	7.49	1727975	14008996.00
2012/12/14	7.55	7.99	7.46	7.88	5883178	49779892.00
2012/12/17	7.93	8.34	7.91	8.00	5596223	48852072.00
2012/12/18	8.03	8.04	7.80	7.88	3368872	28833440.00
2012/12/19	7.84	7.96	7.73	7.87	2914186	24809756.00
2012/12/20	7.80	7.90	7.62	7.80	2891674	24281352.00
2012/12/21	7.74	7.92	7.63	7.67	2767950	23257224.00
2012/12/24	7.70	7.95	7.63	7.85	3294928	27832508.00
2012/12/25	7.83	8.27	7.75	8.25	6086244	53230904.00
2012/12/26	8.15	8.55	8.05	8.47	4844120	43441308.00
2012/12/27	8.50	8.54	8.15	8.16	3477436	31187260.00
2012/12/28	8.08	8.34	7.99	8.25	2381086	21063470.00
2012/12/31	8.17	8.34	8.13	8.20	2441715	21669580.00
2013/01/04	8.35	8.40	7.93	7.97	2455250	21420760.00
2013/01/07	7.90	8.13	7.90	8.12	1490724	12937439.00
2013/01/08	8.15	8.52	8.05	8.30	4713474	42297048.00
2013/01/09	8.31	8.38	8.08	8.20	3763139	33292432.00
2013/01/10	8.16	8.24	8.00	8.10	2043660	17895812.00
2013/01/11	8.11	8.17	7.88	7.95	2146401	18596982.00
2013/01/14	7.89	8.23	7.86	8.21	2717104	23787190.00
2013/01/15	8.21	8.67	8.18	8.63	5660081	51503976.00
2013/01/16	8.58	8.73	8.46	8.62	3560875	32905764.00
2013/01/17	8.53	8.60	8.30	8.37	3503284	31619892.00
2013/01/18	8.34	8.65	8.29	8.62	1988089	18150380.00
2013/01/21	8.70	8.70	8.50	8.66	1633373	15134293.00
2013/01/22	8.66	8.66	8.35	8.37	1238155	11270251.00
2013/01/23	8.37	8.41	8.17	8.31	1231620	11003671.00
2013/01/24	8.32	8.49	8.00	8.06	1756387	15636210.00
2013/01/25	8.04	8.13	7.90	7.95	1270805	11013977.00
2013/01/28	8.00	8.19	7.95	8.18	1689588	14813291.00
2013/01/29	8.18	8.28	8.15	8.24	1510986	13415842.00
2013/01/30	8.23	8.23	8.03	8.18	1397988	12273483.00
2013/01/31	8.18	8.18	8.05	8.06	1106884	9671052.00
2013/02/01	8.05	8.19	7.99	8.12	1381458	12121554.00
2013/02/04	8.12	8.47	8.05	8.28	2401792	21596554.00
2013/02/05	8.21	8.50	8.15	8.46	3968383	35675740.00
2013/02/06	8.48	8.70	8.21	8.31	3465652	31363636.00
2013/02/07	8.31	8.34	8.21	8.29	1419460	12668467.00
2013/02/08	8.35	8.54	8.28	8.50	2392028	21744126.00
2013/02/18	8.53	8.67	8.50	8.58	2281986	21071142.00
2013/02/19	8.51	8.52	8.11	8.13	3046817	27216976.00
2013/02/20	8.06	8.22	8.06	8.20	1668120	14691987.00
2013/02/21	8.19	8.19	7.88	7.96	1605132	13889954.00
2013/02/22	7.97	8.03	7.93	7.99	909403	7836791.00
2013/02/25	8.08	8.14	7.99	8.00	837938	7290674.00
2013/02/26	7.95	8.08	7.87	7.88	876962	7563610.00
2013/02/27	7.84	7.99	7.76	7.82	922964	7840094.00
2013/02/28	7.90	8.09	7.84	8.03	905412	7815510.00
2013/03/01	7.97	8.09	7.95	8.05	1025323	8870309.00
2013/03/04	7.81	7.90	7.39	7.46	2818295	23227860.00
2013/03/05	7.45	7.58	7.39	7.56	1186498	9687564.00
2013/03/06	7.56	7.93	7.53	7.92	3203961	26763856.00
2013/03/07	7.85	7.94	7.79	7.91	2284457	19468470.00
2013/03/08	7.91	8.00	7.82	7.92	1076472	9213527.00
2013/03/11	7.88	7.96	7.65	7.73	2254308	18962808.00
2013/03/12	7.63	7.95	7.53	7.62	2356070	19804780.00
2013/03/13	7.60	7.78	7.57	7.75	1020907	8503422.00
2013/03/14	7.72	8.15	7.66	8.14	7180225	62049288.00
2013/03/15	8.18	8.25	8.02	8.16	6171729	54315904.00
2013/03/18	8.04	8.27	7.92	8.26	4897107	43033876.00
2013/03/19	8.24	8.44	8.17	8.33	8301452	74212152.00
2013/03/20	8.31	8.60	8.24	8.35	8679743	78334296.00
2013/03/21	8.33	8.42	8.14	8.40	5338424	47606280.00
2013/03/22	8.35	8.53	8.24	8.40	5280036	47629808.00
2013/03/25	8.40	8.62	8.20	8.24	4657479	41955228.00
2013/03/26	8.22	8.38	7.98	8.08	2705353	23660824.00
2013/03/27	8.03	8.15	7.84	7.95	2152898	18556030.00
2013/03/28	7.86	7.86	7.58	7.63	1851448	15396500.00
2013/03/29	7.63	7.67	7.58	7.63	990051	8206539.00
2013/04/01	7.60	7.81	7.60	7.73	1507414	12626665.00
2013/04/02	7.73	7.79	7.60	7.61	1332685	11123775.00
2013/04/03	7.63	7.63	7.15	7.28	2564482	20550384.00
2013/04/08	7.27	7.27	6.96	7.15	1294488	10000215.00
2013/04/09	7.15	7.28	7.10	7.24	1158241	9103588.00
2013/04/10	7.09	7.26	7.09	7.16	673995	5272598.00
2013/04/11	7.20	7.59	7.20	7.30	1134970	9061972.00
2013/04/12	7.31	7.45	7.25	7.37	1523206	12206918.00
2013/04/15	7.40	7.53	7.14	7.15	1333506	10551765.00
2013/04/16	7.10	7.31	7.04	7.29	832673	6537271.00
2013/04/17	7.32	7.42	7.27	7.42	1077327	8613778.00
2013/04/18	7.36	7.48	7.30	7.37	783620	6294955.00
2013/04/19	7.37	7.52	7.37	7.48	1168117	9480386.00
2013/04/22	7.53	7.60	7.45	7.50	1104555	8992096.00
2013/04/23	7.50	7.50	7.15	7.16	1039139	8241440.00
2013/04/24	7.16	7.25	7.13	7.19	1056350	8276841.00
2013/04/25	7.22	7.24	7.10	7.11	994566	7784692.00
2013/04/26	7.18	7.20	7.05	7.09	983759	7650855.00
2013/05/02	7.10	7.48	7.09	7.39	1771622	14064115.00
2013/05/03	7.39	7.54	7.39	7.46	1530944	12431421.00
2013/05/06	7.50	7.60	7.43	7.58	1893394	15444685.00
2013/05/07	7.52	7.62	7.46	7.59	1380776	11308378.00
2013/05/08	7.65	7.68	7.52	7.58	1669258	13767714.00
2013/05/09	7.58	8.05	7.50	7.81	5455491	46388576.00
2013/05/10	7.84	8.18	7.80	8.09	3603419	31163352.00
2013/05/13	8.09	8.31	8.05	8.24	4324319	38292916.00
2013/05/14	8.16	8.50	8.15	8.40	5161844	46503632.00
2013/05/15	8.45	8.53	8.27	8.36	3542431	32055564.00
2013/05/16	8.17	8.51	8.17	8.50	3118974	28147122.00
2013/05/17	8.55	9.42	8.50	9.42	5376961	53060192.00
2013/05/20	10.15	10.34	9.80	10.17	13279247	142306640.00
2013/05/21	9.95	11.24	9.81	10.87	11473426	130160312.00
2013/05/22	10.73	11.23	10.56	11.00	8552616	98794616.00
2013/05/23	10.95	11.69	10.76	11.23	11736985	141060816.00
2013/05/24	11.23	11.45	11.06	11.27	5741653	68142832.00
2013/05/27	11.20	11.30	11.01	11.20	4480737	52848244.00
2013/05/28	11.20	11.65	10.66	10.94	7377678	86459432.00
2013/05/29	11.01	11.18	10.76	11.10	5823588	68035760.00
2013/05/30	11.10	11.35	10.90	11.03	3400898	38826724.00
2013/05/31	11.00	11.12	10.47	10.49	6548373	71704672.00
2013/06/03	10.40	10.70	10.21	10.41	3630808	39041156.00
2013/06/04	10.46	10.86	10.40	10.76	7372417	80752072.00
2013/06/05	11.20	11.87	11.10	11.60	20901562	248267248.00
2013/06/06	11.44	12.79	11.44	12.79	20902631	264229344.00
2013/06/07	13.50	13.68	13.03	13.54	27855580	380547584.00
2013/06/13	13.15	13.32	12.36	12.77	17229412	225429584.00
2013/06/14	12.70	12.88	12.32	12.75	16415913	211779856.00
2013/06/17	12.70	12.72	12.00	12.31	16127780	203789824.00
2013/06/18	12.49	12.96	12.11	12.53	17689424	227691648.00
2013/06/19	12.00	12.18	11.63	12.16	13164851	160114272.00
2013/06/20	12.02	13.31	11.95	12.86	21760680	281619808.00
2013/06/21	12.21	12.77	11.68	12.39	12378593	156959952.00
2013/06/24	12.17	12.89	11.22	11.85	12470288	157677040.00
2013/06/25	11.48	11.70	10.64	11.14	17581245	198659184.00
2013/06/26	11.25	11.68	10.72	11.67	14698099	168991296.00
2013/06/27	11.74	11.74	10.47	10.62	14168183	162029152.00
2013/06/28	10.40	10.66	9.97	10.26	9019219	95773120.00
2013/07/01	10.19	10.77	10.04	10.64	7863853	84144240.00
2013/07/02	10.59	11.04	10.40	11.03	10054082	111531808.00
2013/07/03	10.83	10.88	10.52	10.74	7792980	85546624.00
2013/07/04	10.69	11.12	10.35	10.88	10693240	118703360.00
2013/07/05	10.95	11.08	10.39	10.40	8871236	98183592.00
2013/07/08	9.98	10.06	9.56	9.60	8577210	86325704.00
2013/07/09	9.51	9.81	9.51	9.77	4126795	41325304.00
2013/07/10	9.87	10.16	9.58	10.07	7864001	79701080.00
2013/07/11	10.26	10.55	10.21	10.41	10816679	115286496.00
2013/07/12	10.45	10.74	10.10	10.17	6949229	74584080.00
2013/07/15	10.33	10.45	10.10	10.43	5498805	58258672.00
2013/07/16	10.38	10.76	10.30	10.73	6823013	74160224.00
2013/07/17	10.75	10.85	10.08	10.12	7507305	80322712.00
2013/07/18	10.06	10.35	9.75	10.16	5696586	59006640.00
2013/07/19	10.06	10.30	9.72	9.73	5029504	51780096.00
2013/07/22	9.61	9.90	9.56	9.89	3747018	37785720.00
2013/07/23	9.95	10.42	9.81	10.35	6000000	62966720.00
2013/07/24	10.22	10.48	10.04	10.27	6400309	67411024.00
2013/07/25	10.22	10.85	10.22	10.82	11938938	130090368.00
2013/07/26	10.70	10.79	10.49	10.66	6369732	69620288.00
2013/07/29	10.52	10.63	9.73	9.78	6876683	71648432.00
2013/07/30	9.85	9.94	9.20	9.63	6112658	60300312.00
2013/07/31	9.63	9.86	9.63	9.69	2788900	27967788.00
2013/08/01	9.68	10.12	9.67	10.10	3445428	35215088.00
2013/08/02	10.15	10.20	9.89	9.95	3562784	36799152.00
2013/08/05	9.82	10.31	9.82	10.29	4052267	42289060.00
2013/08/06	10.38	10.71	10.15	10.61	7946699	85971080.00
2013/08/07	10.50	10.57	10.23	10.25	5168902	55230936.00
2013/08/08	10.25	10.41	10.15	10.27	2705537	28589548.00
2013/08/09	10.45	10.51	10.12	10.30	2930146	31103394.00
2013/08/12	10.34	10.68	10.34	10.61	5297128	57635176.00
2013/08/13	10.56	10.87	10.46	10.51	6245539	68390560.00
2013/08/14	10.44	10.76	10.44	10.59	4672705	50995084.00
2013/08/15	10.53	10.80	10.35	10.78	6066499	65888864.00
2013/08/16	10.55	10.79	10.06	10.08	6822675	73084640.00
2013/08/19	9.97	10.09	9.73	9.99	4369909	44554376.00
2013/08/20	9.98	10.07	9.69	9.86	3696019	37577616.00
2013/08/21	9.83	9.90	9.67	9.81	2985438	30062464.00
2013/08/22	9.82	9.91	9.78	9.85	2471694	25076380.00
2013/08/23	9.90	9.94	9.62	9.78	3169986	31948126.00
2013/08/26	9.75	10.04	9.73	10.04	2939056	29983608.00
2013/08/27	10.04	10.10	9.91	10.05	2765964	28483008.00
2013/08/28	9.96	9.96	9.74	9.81	3664646	37145900.00
2013/08/29	9.75	9.92	9.75	9.84	2082470	21088374.00
2013/08/30	9.83	9.83	9.55	9.58	4190716	41923244.00
2013/09/02	9.54	10.02	9.38	9.96	4912774	49424180.00
2013/09/03	9.91	10.09	9.88	10.03	3148280	32419860.00
2013/09/04	10.04	10.09	9.82	10.04	2735399	28040466.00
2013/09/05	10.05	10.09	9.88	10.04	2293164	23578000.00
2013/09/06	10.07	10.07	9.86	9.98	3393530	34748576.00
2013/09/09	10.00	10.24	9.98	10.14	4265894	44420704.00
2013/09/10	10.12	10.25	10.03	10.15	3892842	40613288.00
2013/09/11	10.15	10.63	10.01	10.29	7482611	79770552.00
2013/09/12	10.25	10.66	10.25	10.57	8929123	96715000.00
2013/09/13	10.52	10.67	10.44	10.49	4251463	46115368.00
2013/09/16	10.54	10.60	10.38	10.54	3476153	37438328.00
2013/09/17	10.54	10.70	10.27	10.28	4450990	48077184.00
2013/09/18	10.35	10.35	10.04	10.11	3702674	38616896.00
2013/09/23	10.12	10.41	10.12	10.41	2907807	30675660.00
2013/09/24	10.40	10.47	10.17	10.36	3222656	34105256.00
2013/09/25	10.37	10.38	10.06	10.10	2480957	26127044.00
2013/09/26	10.06	10.24	10.00	10.12	3083474	32251498.00
2013/09/27	10.03	10.26	9.99	10.24	2598836	27013128.00
2013/09/30	10.16	10.41	10.16	10.40	2666133	28345470.00
2013/10/08	10.39	10.46	10.17	10.45	3386657	36038016.00
2013/10/09	10.40	10.56	10.32	10.55	3947673	42587904.00
2013/10/10	10.61	10.61	10.35	10.39	2918302	31315728.00
2013/10/11	10.40	10.57	10.32	10.56	4438178	47853372.00
2013/10/14	10.59	10.87	10.53	10.72	9309346	102710648.00
2013/10/15	10.66	10.71	10.54	10.66	4676817	51041928.00
2013/10/16	10.66	10.66	10.16	10.20	5336682	56742772.00
2013/10/17	10.30	10.33	10.21	10.25	2226877	23526404.00
2013/10/18	10.25	10.42	10.22	10.29	1815646	19282086.00
2013/10/21	10.50	10.75	10.25	10.62	5052868	54809668.00
2013/10/22	10.62	10.84	10.56	10.66	6375149	70196224.00
2013/10/23	10.70	10.95	10.51	10.77	7530183	83176144.00
2013/10/24	10.77	11.67	10.65	11.56	18089301	209911744.00
2013/10/25	11.50	11.66	11.17	11.43	10050763	117459080.00
2013/10/28	11.39	11.40	10.93	11.16	6804664	77885904.00
2013/10/29	11.12	11.59	10.57	11.56	9742458	111801352.00
2013/10/30	11.25	12.13	11.11	12.02	13997429	167587984.00
2013/10/31	11.92	11.93	11.50	11.51	7382044	88484424.00
2013/11/01	11.49	11.58	11.12	11.30	4281250	49692064.00
2013/11/04	11.29	11.54	11.06	11.52	4468342	51845944.00
2013/11/05	11.40	11.44	11.12	11.29	3948895	45676600.00
2013/11/06	11.13	11.43	10.59	10.62	6688149	75714928.00
2013/11/07	10.61	10.65	9.68	9.86	8055892	83615640.00
2013/11/08	9.85	9.85	9.50	9.56	3872436	38421220.00
2013/11/11	9.50	9.78	9.48	9.72	2969408	29587540.00
2013/11/12	9.70	9.81	9.59	9.66	2770131	27614604.00
2013/11/13	9.68	9.70	9.22	9.26	2736225	26741308.00
2013/11/14	9.20	9.43	8.92	9.39	3251912	30840622.00
2013/11/15	9.38	9.66	9.30	9.56	3163573	31112304.00
2013/11/18	9.56	9.81	9.52	9.80	4226168	42131768.00
2013/11/19	9.83	10.08	9.77	9.99	4752331	48554472.00
2013/11/20	10.08	10.18	9.90	9.98	3101733	31867624.00
2013/11/21	9.90	9.94	9.77	9.91	2868322	29157824.00
2013/11/22	9.99	9.99	9.79	9.89	2366972	24086658.00
2013/11/25	9.91	9.93	9.77	9.87	1953216	19825568.00
2013/11/26	9.84	10.14	9.71	10.09	4417045	45363388.00
2013/11/27	10.03	10.32	10.00	10.25	6264329	65741124.00
2013/11/28	10.22	10.24	10.10	10.19	4148676	43512340.00
2013/11/29	10.21	10.24	10.07	10.10	2725545	28489690.00
2013/12/02	9.80	10.00	9.52	9.56	4730425	47537048.00
2013/12/03	9.47	9.88	9.47	9.85	2409138	24196732.00
2013/12/04	9.91	10.26	9.87	10.15	4549482	47323744.00
2013/12/05	10.10	10.38	10.06	10.24	4401949	46497528.00
2013/12/06	10.20	10.28	10.12	10.16	2240208	23494796.00
2013/12/09	10.16	10.28	10.08	10.16	1947228	20368168.00
2013/12/10	10.20	10.35	9.92	9.96	4165801	43575056.00
2013/12/11	9.95	9.95	9.76	9.85	2554933	25906772.00
2013/12/12	9.85	10.02	9.81	9.95	1513014	15451471.00
2013/12/13	9.88	10.24	9.80	10.09	2345745	24284806.00
2013/12/16	10.05	10.17	9.78	9.82	1856405	19012428.00
2013/12/17	9.81	9.94	9.76	9.86	1000433	10141698.00
2013/12/18	9.90	9.93	9.80	9.85	701585	7128088.00
2013/12/19	9.90	9.93	9.72	9.78	1146391	11610010.00
2013/12/20	9.78	9.78	9.56	9.61	1052341	10488974.00
2013/12/23	9.61	9.69	9.45	9.60	929388	9149806.00
2013/12/24	9.65	9.85	9.65	9.70	1053049	10547947.00
2013/12/25	9.69	9.79	9.68	9.77	882289	8854214.00
2013/12/26	9.77	9.80	9.35	9.52	1805785	17746414.00
2013/12/27	9.52	9.93	9.44	9.80	990421	9836321.00
2013/12/30	9.80	9.92	9.72	9.89	1699739	17220108.00
2013/12/31	9.85	10.18	9.80	10.10	2896382	30047356.00
2014/01/02	10.15	10.18	10.01	10.10	1522713	15832672.00
2014/01/03	10.02	10.10	9.85	9.94	1499118	15366237.00
2014/01/06	9.90	9.90	9.60	9.65	1069315	10700234.00
2014/01/07	9.59	9.74	9.58	9.61	746190	7418593.00
2014/01/08	9.76	9.76	9.50	9.56	1186781	11750314.00
2014/01/09	9.56	9.67	9.41	9.42	1226825	12105445.00
2014/01/10	9.42	9.54	9.27	9.39	924488	8919031.00
2014/01/13	9.41	9.47	9.28	9.35	480984	4655609.00
2014/01/14	9.42	9.60	9.38	9.57	1135037	11129321.00
2014/01/15	9.59	9.79	9.50	9.77	1320853	13123144.00
2014/01/16	9.76	9.79	9.60	9.62	910070	9076982.00
2014/01/17	9.69	9.72	9.37	9.43	952401	9296275.00
2014/01/20	9.36	9.43	9.21	9.32	592702	5695528.00
2014/01/21	9.31	9.65	9.31	9.42	746388	7303849.00
2014/01/22	9.43	9.68	9.42	9.65	1395841	13806977.00
2014/01/23	9.60	9.72	9.60	9.64	1069691	10682352.00
2014/01/24	9.66	9.78	9.59	9.69	1112144	11128082.00
2014/01/27	9.69	9.83	9.69	9.74	1297228	13050473.00
2014/01/28	9.78	9.95	9.71	9.89	2110995	21379056.00
2014/01/29	9.78	9.94	9.78	9.85	1013543	10303123.00
2014/01/30	9.88	9.94	9.68	9.73	1088240	11000092.00
2014/02/07	9.62	9.77	9.55	9.76	1424678	14166617.00
2014/02/10	9.82	10.28	9.78	10.28	4044361	42240336.00
2014/02/11	10.29	10.44	10.13	10.36	3121565	33062448.00
2014/02/12	10.25	10.63	10.25	10.50	3966346	42703240.00
2014/02/13	10.53	10.60	10.33	10.37	3772189	40673656.00
2014/02/14	10.41	10.86	10.36	10.83	5334494	58749696.00
2014/02/17	10.93	11.38	10.75	11.19	5438235	62044084.00
2014/02/18	11.12	11.48	10.95	11.19	4725526	54537676.00
2014/02/19	11.20	11.35	10.90	11.07	4620702	52770380.00
2014/02/20	11.12	11.21	10.75	11.06	3384328	38354800.00
2014/02/21	11.06	11.40	10.75	11.38	4072448	46249880.00
2014/02/24	11.36	11.36	10.86	11.24	6273511	71594592.00
2014/02/25	11.17	11.25	10.50	10.66	3110463	34965364.00
2014/02/26	10.68	10.88	10.50	10.53	2715873	29718528.00
2014/02/27	10.55	11.02	10.55	10.99	3959516	44041532.00
2014/02/28	11.07	11.29	10.66	11.26	3753633	42258552.00
2014/03/03	11.29	11.65	11.22	11.59	4259946	50042520.00
2014/03/04	11.52	12.77	11.52	12.60	9808798	124347904.00
2014/03/05	12.50	13.62	12.40	13.21	11815507	158106320.00
2014/03/06	13.10	13.88	12.98	13.75	9576374	132290144.00
2014/03/07	13.73	14.19	13.30	13.74	8753474	123416416.00
2014/03/10	13.60	14.26	13.48	14.00	9821135	139679552.00
2014/03/11	14.00	15.15	13.74	14.72	10978317	162731344.00
2014/03/12	14.80	15.02	13.22	13.22	12532833	176937200.00
2014/03/13	12.52	12.52	11.87	12.30	19424109	240313648.00
2014/03/14	11.80	12.04	11.80	11.96	7761229	94739616.00
2014/03/17	11.96	11.99	11.50	11.95	7103018	85738792.00
2014/03/18	11.81	12.18	11.76	12.11	9117110	111967520.00
2014/03/19	11.99	11.99	11.59	11.78	6155244	74197400.00
2014/03/20	11.81	11.85	10.85	10.98	8381918	97825112.00
2014/03/21	10.84	11.23	10.76	11.17	6697820	75799064.00
2014/03/24	11.20	11.27	10.98	11.06	4710074	53640376.00
2014/03/25	11.08	11.28	11.03	11.27	4555938	52207336.00
2014/03/26	11.30	11.31	11.04	11.08	3787843	43291328.00
2014/03/27	11.06	11.06	10.59	10.60	6448790	71495968.00
2014/03/28	10.60	10.93	10.53	10.79	4918848	54290976.00
2014/03/31	10.71	10.82	10.61	10.71	2335696	25732728.00
2014/04/01	10.77	10.93	10.71	10.93	2944347	32858054.00
2014/04/02	10.96	11.02	10.81	10.91	3459817	38795376.00
2014/04/03	10.98	11.14	10.91	11.03	3541695	40110388.00
2014/04/04	11.03	11.07	10.87	11.02	2325706	26154666.00
2014/04/08	10.99	11.13	10.92	11.11	2579965	29315768.00
2014/04/09	11.12	11.30	11.05	11.19	3665376	42101092.00
2014/04/10	11.22	11.27	11.06	11.23	3615394	41437616.00
2014/04/11	11.21	11.21	10.99	11.03	2674231	30467956.00
2014/04/14	11.10	11.29	11.01	11.20	4115501	47307172.00
2014/04/15	11.33	11.83	11.30	11.76	13635737	162923632.00
2014/04/16	11.76	12.28	11.43	12.04	11558069	141170960.00
2014/04/17	11.94	12.37	11.81	11.91	7374954	91341672.00
2014/04/18	11.86	12.13	11.73	11.90	4106426	50232544.00
2014/04/21	11.74	12.27	11.71	11.98	5517015	67666568.00
2014/04/22	11.90	12.04	11.40	11.66	5081350	60543000.00
2014/04/23	11.64	11.75	11.46	11.47	2235479	26516528.00
2014/04/24	11.48	11.60	11.26	11.44	2774793	32461532.00
2014/04/25	11.34	11.45	11.05	11.05	2695274	31174208.00
2014/04/28	10.85	10.85	10.38	10.42	3654217	39497028.00
2014/04/29	10.39	10.78	10.22	10.70	2858743	30735666.00
2014/04/30	10.70	10.87	10.61	10.85	1681633	18525688.00
2014/05/05	10.98	10.98	10.71	10.90	831668	9003375.00
2014/05/06	10.87	11.13	10.83	11.06	1281646	14080362.00
2014/05/07	11.06	11.06	10.71	10.75	1693016	18387316.00
2014/05/08	10.83	10.91	10.58	10.66	1305779	13991271.00
2014/05/09	10.66	10.81	10.10	10.32	3155509	32557492.00
2014/05/12	10.36	10.56	10.33	10.51	2270941	23766756.00
2014/05/13	10.51	10.72	10.46	10.50	1601243	16983990.00
2014/05/14	10.51	10.65	10.51	10.56	1035312	10941513.00
2014/05/15	10.52	10.63	10.36	10.59	1593800	16796804.00
2014/05/16	10.52	10.59	10.31	10.45	1640089	17106882.00
2014/05/19	10.49	10.49	10.20	10.46	1321459	13698908.00
2014/05/20	10.50	10.69	10.39	10.63	1726809	18302362.00
2014/05/21	10.58	10.87	10.50	10.82	1370226	14736578.00
2014/05/22	10.82	11.15	10.79	10.90	2030825	22314974.00
2014/05/23	10.90	11.14	10.76	11.12	2704803	29649808.00
2014/05/26	11.12	11.30	10.98	11.24	2542059	28385432.00
2014/05/27	11.27	11.36	11.18	11.26	2672850	30138554.00
2014/05/28	11.26	11.50	11.23	11.36	2826490	32162190.00
2014/05/29	11.37	11.42	11.15	11.15	2267506	25569264.00
2014/05/30	11.11	11.34	11.03	11.13	1452685	16224956.00
2014/06/03	11.24	11.26	11.08	11.19	1910158	21285572.00
2014/06/04	11.20	11.20	10.74	11.10	3214945	35141784.00
2014/06/05	11.10	11.26	10.91	11.17	1307109	14486405.00
2014/06/06	11.21	11.26	11.10	11.18	1682177	18827608.00
2014/06/09	11.15	11.32	11.10	11.24	1560874	17560612.00
2014/06/10	11.27	11.57	11.14	11.56	3382366	38259528.00
2014/06/11	11.50	12.13	11.50	11.95	4633431	55111552.00
2014/06/12	11.77	12.07	11.77	11.96	2691195	32105226.00
2014/06/13	12.00	12.39	12.00	12.34	6177281	75673000.00
2014/06/16	12.33	12.36	11.90	11.99	5876542	71144776.00
2014/06/17	11.95	11.97	11.70	11.75	2744655	32487068.00
2014/06/18	11.80	11.84	11.45	11.54	2423155	28139236.00
2014/06/19	11.52	11.59	11.12	11.46	2021591	23086996.00
2014/06/20	11.31	11.51	11.20	11.41	2137274	24282608.00
2014/06/23	11.41	11.78	11.33	11.69	2224472	25587926.00
2014/06/24	11.69	11.82	11.60	11.71	1708599	20009948.00
2014/06/25	11.70	11.78	11.37	11.58	3201468	37118012.00
2014/06/26	11.58	11.70	11.55	11.56	2188461	25426664.00
2014/06/27	11.49	11.56	11.35	11.46	2492331	28499400.00
2014/06/30	11.40	11.49	11.27	11.29	3878087	43992184.00
2014/07/01	11.25	11.25	10.85	11.04	3740556	41158176.00
2014/07/02	11.25	12.14	11.22	12.14	10482405	124078128.00
2014/07/03	12.36	12.36	11.90	11.95	8678287	104452712.00
2014/07/04	11.85	11.85	10.76	11.50	64397478	702317184.00
2014/07/07	10.89	11.07	10.80	10.86	27090797	295631104.00
2014/07/08	10.75	10.82	10.61	10.68	18852901	201320128.00
2014/07/09	10.55	10.59	10.13	10.16	24316127	251358960.00
2014/07/10	10.18	10.35	10.13	10.20	11888100	121575528.00
2014/07/11	10.15	10.38	10.09	10.22	13930958	142468704.00
2014/07/14	10.20	10.70	10.19	10.59	19626638	206484720.00
2014/07/15	10.62	10.74	10.43	10.51	10680678	112570528.00
2014/07/16	10.52	10.67	10.41	10.45	8342823	87629664.00
2014/07/17	10.45	10.45	10.21	10.32	6852039	70700680.00
2014/07/18	10.22	10.41	10.22	10.35	4725716	48880444.00
2014/07/21	10.32	10.34	10.06	10.13	8153907	82914696.00
2014/07/22	10.13	10.33	10.06	10.21	7714861	78656776.00
2014/07/23	10.20	10.21	10.07	10.11	6748413	68391592.00
2014/07/24	10.13	10.18	9.85	9.88	10659141	106298576.00
2014/07/25	9.90	10.08	9.90	10.07	6693657	66873796.00
2014/07/28	10.07	10.39	10.07	10.33	10683035	109676152.00
2014/07/29	10.35	10.46	10.30	10.38	9152488	95091856.00
2014/07/30	10.40	10.42	10.34	10.38	6898196	71573776.00
2014/07/31	10.40	10.45	10.33	10.44	7806890	81182288.00
2014/08/01	10.43	10.75	10.38	10.49	18411113	194341264.00
2014/08/04	10.47	10.96	10.42	10.92	30043587	324124512.00
2014/08/05	10.88	11.34	10.71	11.14	31501521	347572544.00
2014/08/06	11.13	11.37	11.02	11.19	22396274	249949552.00
2014/08/07	11.20	11.60	11.07	11.55	35277862	401031296.00
2014/08/08	11.45	11.65	11.38	11.48	18427091	211832400.00
2014/08/11	11.49	11.55	11.30	11.48	18849512	216032672.00
2014/08/12	11.43	11.74	11.39	11.60	19952434	230176256.00
2014/08/13	11.60	12.01	11.55	11.65	27390944	323006848.00
2014/08/14	11.65	12.07	11.55	11.71	21700101	256578208.00
2014/08/15	11.75	11.80	11.38	11.54	18632266	214972224.00
2014/08/18	11.54	11.75	11.40	11.68	23899457	276869440.00
2014/08/19	11.67	11.68	11.50	11.61	13892921	161123408.00
2014/08/20	11.62	12.15	11.56	11.98	28446037	338838720.00
2014/08/21	12.08	12.13	11.70	12.06	21993348	262511024.00
2014/08/22	12.09	13.11	12.08	12.94	33393745	422060736.00
2014/08/25	12.35	12.36	11.65	11.65	56792490	674242432.00
2014/08/26	11.37	11.39	10.83	10.93	38619022	428920160.00
2014/08/27	10.90	11.03	10.84	10.95	15073312	164971024.00
2014/08/28	10.95	10.95	10.60	10.67	16718694	179485040.00
2014/08/29	10.66	10.93	10.62	10.84	10086914	108887608.00
2014/09/01	10.87	11.05	10.75	10.99	14695191	160861936.00
2014/09/02	10.99	11.23	10.95	11.13	18423279	205126112.00
2014/09/03	11.14	11.35	11.14	11.28	20913609	235631568.00
2014/09/04	11.38	11.73	11.26	11.62	27929821	322883936.00
2014/09/05	11.72	11.74	11.40	11.53	19403374	223569920.00
2014/09/09	11.51	11.74	11.50	11.65	17083460	198484912.00
2014/09/10	11.64	11.96	11.52	11.86	33270219	393163616.00
2014/09/11	11.88	12.07	11.59	11.67	24283721	286543712.00
2014/09/12	11.70	11.84	11.60	11.79	14678979	172369424.00
2014/09/15	11.80	11.88	11.65	11.83	17733706	208643024.00
2014/09/16	11.84	11.93	11.23	11.42	20623146	241170896.00
2014/09/17	11.45	11.58	11.33	11.44	12247189	140087216.00
2014/09/18	11.46	11.63	11.39	11.51	10069955	116064488.00
2014/09/19	11.56	11.83	11.51	11.78	16138651	189497216.00
2014/09/22	11.77	11.90	11.38	11.40	17984161	208973776.00
2014/09/23	11.40	11.68	11.40	11.67	11543191	133365248.00
2014/09/24	11.68	11.84	11.56	11.75	16083732	189285472.00
2014/09/25	11.80	12.18	11.78	12.03	26250986	315108960.00
2014/09/26	12.03	12.49	11.92	12.27	22481210	276383904.00
2014/09/29	12.29	12.37	12.09	12.27	24067342	293396064.00
2014/09/30	12.24	12.55	12.21	12.35	18797648	232951680.00
2014/10/08	12.36	12.97	12.35	12.74	19823999	251841632.00
2014/10/09	12.60	12.89	12.46	12.63	22965777	289627392.00
2014/10/10	12.62	12.62	12.13	12.17	27035227	332169056.00
2014/10/13	12.15	12.39	12.03	12.34	17698803	216581776.00
2014/10/14	12.30	12.72	12.23	12.59	22495852	281448640.00
2014/10/15	12.57	12.79	12.28	12.68	18043199	226788464.00
2014/10/16	12.59	12.63	12.24	12.26	19234899	239584784.00
2014/10/17	12.25	12.43	11.61	11.97	18733166	225269520.00
2014/10/20	11.93	12.18	11.93	12.09	10497198	126758584.00
2014/10/21	12.14	12.15	11.86	11.89	10879982	130641072.00
2014/10/22	11.92	12.01	11.80	11.88	8226391	97620816.00
2014/10/23	11.88	12.25	11.84	12.19	15066332	181970736.00
2014/10/24	12.20	12.43	12.11	12.21	12630725	154785456.00
2014/10/27	12.19	12.65	12.12	12.59	16605375	206347952.00
2014/10/28	12.60	12.84	12.46	12.73	20695862	262242800.00
2014/10/29	12.73	12.87	12.55	12.79	22548125	287193056.00
2014/10/30	12.80	12.94	12.53	12.59	21708113	275871104.00
2014/10/31	12.50	13.46	12.42	13.23	43086357	561534464.00
2014/11/03	13.18	13.46	13.05	13.33	22898569	304119456.00
2014/11/04	13.26	13.59	13.13	13.32	16363976	218499584.00
2014/11/05	13.32	13.50	13.03	13.14	14272613	188860672.00
2014/11/06	13.15	13.52	13.05	13.41	16090032	214791008.00
2014/11/07	13.40	13.57	12.73	12.94	22634569	298934848.00
2014/11/10	12.95	13.10	12.78	13.02	12617207	163257104.00
2014/11/11	13.01	13.02	12.05	12.34	23313578	291736416.00
2014/11/12	12.30	12.45	12.10	12.42	9551068	118033160.00
2014/11/13	12.35	12.68	12.21	12.53	10958689	136896512.00
2014/11/14	12.42	12.62	12.23	12.50	6958462	86552152.00
2014/11/17	12.50	12.89	12.40	12.84	11687056	148967168.00
2014/11/18	12.85	12.89	12.66	12.69	7160889	91277744.00
2014/11/19	12.66	12.76	12.40	12.50	8573565	107544880.00
2014/11/20	12.48	12.69	12.42	12.50	6299786	79077432.00
2014/11/21	12.51	12.66	12.35	12.62	11926657	148748592.00
2014/11/24	12.73	13.18	12.63	13.07	22074453	286091232.00
2014/11/25	12.98	13.23	12.97	13.08	13302142	173738272.00
2014/11/26	13.08	13.50	13.00	13.11	15400004	203178672.00
2014/11/27	13.14	13.28	12.95	13.08	16190923	211727104.00
2014/11/28	13.11	13.31	12.90	13.03	17661246	230804224.00
2014/12/01	13.05	13.05	12.62	12.69	12932614	165331088.00
2014/12/02	12.69	12.83	12.66	12.82	12553277	160182160.00
2014/12/03	12.90	13.23	12.73	13.07	18155239	235022384.00
2014/12/04	13.15	13.29	12.97	13.08	32247019	421690336.00
2014/12/05	13.01	13.03	12.00	12.43	27379633	345364896.00
2014/12/08	12.31	12.85	12.16	12.59	22694527	285091168.00
2014/12/09	12.61	12.98	12.21	12.28	26306052	331116416.00
2014/12/10	12.32	13.35	11.98	13.19	33791571	432103904.00
2014/12/11	13.06	13.45	12.92	13.30	33012201	434198208.00
2014/12/12	12.85	13.20	12.71	12.79	43697741	563348352.00
2014/12/15	12.80	13.49	12.74	13.43	35915279	472898912.00
2014/12/16	13.36	13.51	13.10	13.28	21633354	288217792.00
2014/12/17	13.29	14.02	13.05	13.78	41038094	558559680.00
2014/12/18	13.64	13.74	13.41	13.64	18847435	256038560.00
2014/12/19	13.60	13.64	12.90	13.18	21645569	286585632.00
2014/12/22	13.10	13.48	12.00	12.47	21789097	279170976.00
2014/12/23	12.27	12.62	12.08	12.21	12294293	151557488.00
2014/12/24	12.27	12.51	12.21	12.46	8382201	103621008.00
2014/12/25	12.49	12.76	12.49	12.61	9351898	117876104.00
2014/12/26	12.70	12.85	12.52	12.62	9697439	122616992.00
2014/12/29	12.64	12.65	12.06	12.26	13764281	169145968.00
2014/12/30	12.26	12.44	12.16	12.24	7972088	97925712.00
2014/12/31	12.25	12.36	12.04	12.17	8039617	97780672.00
2015/01/05	12.19	12.24	11.64	11.94	17124756	204263536.00
2015/01/06	11.94	12.39	11.84	12.36	13214077	161245824.00
2015/01/07	12.29	12.35	12.09	12.21	8522928	103980760.00
2015/01/08	12.24	12.47	12.04	12.24	10473774	128566816.00
2015/01/09	12.29	12.52	12.10	12.12	9762774	120774912.00
2015/01/12	12.12	12.12	11.64	11.72	9278643	109942152.00
2015/01/13	11.75	11.96	11.71	11.89	5944265	70402384.00
2015/01/14	11.91	11.91	11.50	11.62	9391799	109489264.00
2015/01/15	11.60	11.73	11.55	11.69	5993726	69838160.00
2015/01/16	11.69	11.82	11.65	11.81	7309885	85851832.00
2015/01/19	10.63	10.96	10.63	10.63	23136767	247017856.00
2015/01/20	10.28	10.48	9.91	10.28	28152184	285541024.00
2015/01/21	10.24	10.60	10.14	10.59	20491621	213203840.00
2015/01/22	10.60	10.69	10.48	10.68	15940286	169287840.00
2015/01/23	10.61	10.84	10.51	10.79	20128601	214574464.00
2015/01/26	10.71	10.88	10.63	10.80	12884349	138963104.00
2015/01/27	10.75	11.06	10.73	11.05	14935694	162709568.00
2015/01/28	11.08	11.41	10.95	11.17	14690724	164464256.00
2015/01/29	11.20	11.25	10.98	11.17	10717863	118719760.00
2015/01/30	11.17	11.19	10.79	10.94	8573412	94069880.00
2015/02/02	10.77	10.95	10.70	10.83	4962584	53858192.00
2015/02/03	10.79	10.97	10.79	10.93	5637925	61249004.00
2015/02/04	10.94	10.97	10.72	10.73	5822291	63298988.00
2015/02/05	10.88	10.98	10.70	10.70	6124041	66221012.00
2015/02/06	10.67	10.75	10.36	10.51	5873035	62197728.00
2015/02/09	10.49	10.66	10.46	10.52	3712164	39174888.00
2015/02/10	10.60	10.63	10.52	10.57	3465291	36619076.00
2015/02/11	10.58	10.79	10.57	10.71	3645137	39035804.00
2015/02/12	10.71	10.85	10.68	10.72	4715301	50746676.00
2015/02/13	10.79	10.92	10.78	10.84	7903216	85628064.00
2015/02/16	10.86	10.94	10.76	10.93	6737346	73251536.00
2015/02/17	10.95	11.07	10.89	10.95	8947904	98142456.00
2015/02/25	11.00	11.24	10.89	11.17	11581169	128817968.00
2015/02/26	11.16	11.26	11.10	11.19	7161140	80062016.00
2015/02/27	11.15	11.33	11.14	11.21	8324193	93515584.00
2015/03/02	11.24	11.46	11.13	11.39	13428335	151890448.00
2015/03/03	11.39	11.44	11.26	11.32	10192494	115578288.00
2015/03/04	11.37	11.45	11.16	11.39	11960945	135632736.00
2015/03/05	11.39	11.52	11.34	11.42	11477182	131177608.00
2015/03/06	11.38	11.40	11.18	11.29	10351306	116827872.00
2015/03/09	11.27	11.38	11.14	11.36	8445088	95042680.00
2015/03/10	11.35	11.85	11.29	11.68	19751204	230746528.00
2015/03/11	11.66	12.15	11.66	12.06	18269396	218463312.00
2015/03/12	12.10	12.49	11.96	12.02	15866019	194049248.00
2015/03/13	12.05	12.38	11.92	12.30	11651017	141933680.00
2015/03/16	12.38	12.57	12.28	12.41	14561641	180743584.00
2015/03/17	12.40	12.67	12.25	12.41	19463009	241375104.00
2015/03/18	12.37	12.80	12.33	12.64	17751081	223376288.00
2015/03/19	12.66	12.86	12.58	12.79	14128561	180364928.00
2015/03/20	12.72	12.79	12.54	12.69	14470823	183182752.00
2015/03/23	12.70	13.21	12.70	13.14	19341648	252216624.00
2015/03/24	13.14	13.20	12.35	12.79	19913877	255132672.00
2015/03/25	12.79	13.28	12.61	12.99	19562360	254440976.00
2015/03/26	12.99	13.61	12.81	13.45	23845087	317883232.00
2015/03/27	13.43	13.77	13.31	13.40	16128605	218453328.00
2015/03/30	13.42	14.08	13.41	13.70	17996893	248018704.00
2015/03/31	13.71	13.97	13.45	13.70	15423758	211029344.00
2015/04/01	13.62	13.87	13.59	13.74	14629154	200540288.00
2015/04/02	13.74	14.30	13.40	14.23	22219031	309232032.00
2015/04/03	14.15	14.25	13.88	14.18	23559937	332160640.00
2015/04/07	14.18	14.61	14.18	14.35	21775594	313738624.00
2015/04/08	14.38	14.50	13.81	14.08	19936314	281786336.00
2015/04/09	14.08	14.14	13.34	13.75	20261614	277075808.00
2015/04/10	13.75	15.13	13.63	15.13	29147651	426729792.00
2015/04/13	15.31	15.96	15.25	15.56	33796708	528478848.00
2015/04/14	15.50	16.29	15.30	15.80	22967613	364679712.00
2015/04/15	15.65	15.95	15.12	15.26	19869446	308233856.00
2015/04/16	15.18	15.50	14.66	15.32	18376891	277754944.00
2015/04/17	15.33	15.60	15.18	15.28	19108060	294680672.00
2015/04/20	14.90	14.90	14.18	14.24	26616030	387363680.00
2015/04/21	14.02	14.65	14.02	14.61	15182763	217789856.00
2015/04/22	14.70	15.19	14.60	15.00	19564901	291776512.00
2015/04/23	15.17	15.89	15.03	15.26	21150706	328192608.00
2015/04/24	15.25	15.79	14.82	15.20	17993148	274152992.00
2015/04/27	15.33	15.80	15.10	15.32	19968974	307908288.00
2015/04/28	15.35	15.49	14.30	14.48	17518636	260670144.00
2015/04/29	14.40	15.09	14.40	14.90	12406892	184223568.00
2015/04/30	14.93	15.45	14.93	15.22	15625328	238789744.00
2015/05/05	15.27	15.27	15.27	15.27	0	0.00
数据来源:通达信
