600821 津劝业 日线 前复权
      日期	    开盘	    最高	    最低	    收盘	    成交量	    成交额
2011/10/10	5.48	5.70	5.39	5.44	2478375	13489706.00
2011/10/11	5.55	5.64	5.41	5.44	2421600	13416065.00
2011/10/12	5.43	5.68	5.40	5.64	3160918	17718384.00
2011/10/13	5.67	5.76	5.61	5.73	4204787	24006506.00
2011/10/14	5.73	5.75	5.62	5.66	2364607	13410127.00
2011/10/17	5.66	5.71	5.59	5.64	2066147	11654577.00
2011/10/18	5.60	5.60	5.39	5.40	2492639	13675430.00
2011/10/19	5.40	5.46	5.34	5.40	1228673	6641180.00
2011/10/20	5.35	5.41	5.02	5.10	3627146	18782088.00
2011/10/21	5.10	5.18	5.03	5.10	3658933	18703548.00
2011/10/24	5.12	5.16	4.76	5.06	5811345	29028172.00
2011/10/25	5.02	5.20	4.97	5.17	3276185	16695364.00
2011/10/26	5.15	5.30	5.10	5.21	4100768	21366788.00
2011/10/27	5.15	5.38	5.15	5.35	5822300	30996650.00
2011/10/28	5.35	5.41	5.31	5.39	7135227	38256980.00
2011/10/31	5.37	5.37	5.28	5.34	3260110	17341022.00
2011/11/01	5.25	5.36	5.25	5.28	3212400	17039882.00
2011/11/02	5.24	5.33	5.13	5.33	3394254	17736968.00
2011/11/03	5.32	5.45	5.31	5.41	5657562	30543548.00
2011/11/04	5.42	5.55	5.39	5.47	5309612	28987172.00
2011/11/07	5.50	5.55	5.38	5.41	3916825	21326188.00
2011/11/08	5.41	5.47	5.38	5.39	3020366	16372850.00
2011/11/09	5.41	5.46	5.30	5.43	3141638	16914784.00
2011/11/10	5.35	5.38	5.23	5.23	3974179	21020956.00
2011/11/11	5.27	5.28	5.17	5.19	2724599	14247490.00
2011/11/14	5.26	5.37	5.23	5.34	3010141	15998414.00
2011/11/15	5.33	5.46	5.33	5.45	4110820	22210008.00
2011/11/16	5.45	5.49	5.24	5.28	4738921	25225704.00
2011/11/17	5.25	5.35	5.22	5.28	5697937	29981262.00
2011/11/18	5.24	5.28	5.11	5.12	2575181	13334337.00
2011/11/21	5.20	5.21	5.04	5.10	2068741	10587557.00
2011/11/22	5.09	5.12	5.00	5.12	1845202	9327336.00
2011/11/23	5.11	5.16	5.07	5.10	2029100	10380332.00
2011/11/24	5.06	5.11	5.02	5.09	1725325	8737066.00
2011/11/25	5.10	5.13	4.96	4.99	1984750	10010019.00
2011/11/28	5.00	5.04	4.94	5.01	1377793	6878350.00
2011/11/29	5.03	5.10	5.00	5.09	2766938	13940909.00
2011/11/30	5.05	5.07	4.70	4.77	3624727	17650840.00
2011/12/01	4.91	5.01	4.84	4.89	3104289	15291162.00
2011/12/02	4.89	4.89	4.72	4.80	1915541	9184543.00
2011/12/05	4.85	4.85	4.64	4.66	1247368	5841487.00
2011/12/06	4.66	4.66	4.56	4.65	1006620	4651958.00
2011/12/07	4.66	4.68	4.61	4.67	932839	4337991.00
2011/12/08	4.67	4.68	4.53	4.65	1213496	5600732.00
2011/12/09	4.60	4.64	4.48	4.50	1279257	5813494.00
2011/12/12	4.52	4.54	4.39	4.39	1361375	6059481.00
2011/12/13	4.37	4.40	4.12	4.14	3162781	13312270.00
2011/12/14	4.15	4.20	4.06	4.10	1477355	6117880.00
2011/12/15	4.10	4.10	3.92	3.98	2072315	8284475.00
2011/12/16	3.97	4.09	3.96	4.08	1885786	7574686.00
2011/12/19	4.07	4.07	3.94	4.03	2070632	8295657.00
2011/12/20	4.04	4.13	4.00	4.04	2517108	10251454.00
2011/12/21	4.07	4.11	3.95	3.96	2118088	8550866.00
2011/12/22	3.90	3.93	3.71	3.84	3917870	15047307.00
2011/12/23	3.88	4.00	3.82	3.96	3522728	13856851.00
2011/12/26	3.95	4.03	3.89	3.92	2304876	9090032.00
2011/12/27	3.89	3.92	3.79	3.81	1498213	5767763.00
2011/12/28	3.81	3.87	3.73	3.82	1827045	6931775.00
2011/12/29	3.82	3.86	3.78	3.85	1615687	6187373.00
2011/12/30	3.87	3.95	3.85	3.94	3035504	11843054.00
2012/01/04	3.96	4.00	3.87	3.87	2860819	11216146.00
2012/01/05	3.87	3.87	3.65	3.66	1754542	6615092.00
2012/01/06	3.64	3.68	3.56	3.67	1502764	5438193.00
2012/01/09	3.66	3.87	3.64	3.86	3270996	12369700.00
2012/01/10	3.84	4.06	3.82	4.03	7410601	29525148.00
2012/01/11	4.00	4.11	3.98	4.04	5878647	23834646.00
2012/01/12	4.00	4.22	3.98	4.10	4520590	18492582.00
2012/01/13	4.08	4.09	3.88	3.93	3920977	15522070.00
2012/01/16	3.91	3.92	3.77	3.79	1892635	7278452.00
2012/01/17	3.80	4.06	3.78	4.05	3542557	13878333.00
2012/01/18	4.04	4.09	3.91	3.94	4742600	18888188.00
2012/01/19	3.95	3.98	3.91	3.98	3223250	12724348.00
2012/01/20	3.97	4.02	3.95	4.00	2775627	11059765.00
2012/01/30	4.00	4.03	3.92	3.93	1899302	7537139.00
2012/01/31	3.93	3.96	3.90	3.95	1832099	7197650.00
2012/02/01	3.96	3.98	3.87	3.88	1586075	6219647.00
2012/02/02	3.90	3.98	3.87	3.97	1962788	7691299.00
2012/02/03	3.97	4.07	3.95	4.04	3216121	12891977.00
2012/02/06	4.04	4.09	4.02	4.06	3006304	12183926.00
2012/02/07	4.09	4.21	4.05	4.09	9654250	39835188.00
2012/02/08	4.06	4.26	4.05	4.25	8816728	36731532.00
2012/02/09	4.25	4.27	4.19	4.20	7720083	32628524.00
2012/02/10	4.22	4.27	4.17	4.21	5604896	23632300.00
2012/02/13	4.16	4.24	4.12	4.22	3811697	15962015.00
2012/02/14	4.22	4.30	4.15	4.29	5944374	25042772.00
2012/02/15	4.25	4.41	4.25	4.40	8845506	38234952.00
2012/02/16	4.35	4.44	4.29	4.38	6682872	29179552.00
2012/02/17	4.36	4.42	4.29	4.34	3602958	15674594.00
2012/02/20	4.37	4.41	4.33	4.35	3773175	16470748.00
2012/02/21	4.34	4.37	4.24	4.37	3775837	16277501.00
2012/02/22	4.38	4.58	4.35	4.50	7717588	34466208.00
2012/02/23	4.49	4.50	4.41	4.46	3587170	15984558.00
2012/02/24	4.42	4.52	4.41	4.52	5081424	22763524.00
2012/02/27	4.51	4.73	4.51	4.58	10889575	50328072.00
2012/02/28	4.54	4.58	4.40	4.47	6560590	29312124.00
2012/02/29	4.46	4.51	4.41	4.44	3633826	16169367.00
2012/03/01	4.42	4.54	4.41	4.51	4702544	21108024.00
2012/03/02	4.50	4.58	4.49	4.57	3948435	17927440.00
2012/03/05	4.57	4.69	4.54	4.61	6420926	29671568.00
2012/03/06	4.61	4.61	4.49	4.53	3268603	14825404.00
2012/03/07	4.45	4.63	4.45	4.56	4485506	20395404.00
2012/03/08	4.56	4.67	4.54	4.63	5164470	23874574.00
2012/03/09	4.64	4.71	4.62	4.70	5603471	26155536.00
2012/03/12	4.70	4.76	4.63	4.72	4427661	20827234.00
2012/03/13	4.76	4.88	4.74	4.81	7554825	36285456.00
2012/03/14	4.82	4.84	4.45	4.53	7953753	37542504.00
2012/03/15	4.49	4.57	4.38	4.50	3821313	17137884.00
2012/03/16	4.49	4.95	4.49	4.95	14829951	72261256.00
2012/03/19	5.08	5.08	4.90	4.99	19674514	98268752.00
2012/03/20	4.90	4.96	4.77	4.80	8326696	40427656.00
2012/03/21	4.84	4.92	4.65	4.89	6954342	33446640.00
2012/03/22	4.89	4.95	4.80	4.89	4744951	23179570.00
2012/03/23	4.88	4.88	4.68	4.70	4298030	20439020.00
2012/03/26	4.69	4.73	4.58	4.64	3095439	14329984.00
2012/03/27	4.68	4.70	4.59	4.61	2377195	11027745.00
2012/03/28	4.56	4.59	4.30	4.35	4249300	18764136.00
2012/03/29	4.35	4.39	4.13	4.26	3116572	13432042.00
2012/03/30	4.28	4.32	4.20	4.27	1385587	5894344.00
2012/04/05	4.27	4.40	4.23	4.40	2010005	8738499.00
2012/04/06	4.36	4.46	4.36	4.43	2311183	10206105.00
2012/04/09	4.42	4.55	4.38	4.53	3866850	17308336.00
2012/04/10	4.49	4.66	4.36	4.66	4165163	18794416.00
2012/04/11	4.60	4.76	4.55	4.67	3949692	18426876.00
2012/04/12	4.71	4.71	4.59	4.71	3715480	17365098.00
2012/04/13	4.71	5.10	4.68	4.85	8036883	39503628.00
2012/04/16	4.80	5.34	4.78	5.34	31644394	164673264.00
2012/04/17	5.38	5.69	5.11	5.14	37490090	203413728.00
2012/04/18	5.01	5.33	4.81	5.14	24159709	120891664.00
2012/04/19	5.02	5.04	4.87	4.96	11700591	58044036.00
2012/04/20	4.92	5.10	4.92	5.01	9839221	49432980.00
2012/04/23	5.03	5.19	4.90	4.97	10642035	53517012.00
2012/04/24	4.88	5.03	4.75	5.00	9870352	48173796.00
2012/04/25	4.94	5.20	4.92	5.14	13218288	67761640.00
2012/04/26	5.10	5.18	4.99	5.01	6572736	33297288.00
2012/04/27	5.03	5.03	4.88	4.93	4203311	20720858.00
2012/05/02	5.00	5.04	4.94	5.00	3889306	19398060.00
2012/05/03	4.96	5.00	4.90	4.95	4373750	21595924.00
2012/05/04	4.93	4.98	4.90	4.97	2771432	13703489.00
2012/05/07	4.94	4.97	4.89	4.97	2574665	12662937.00
2012/05/08	4.96	5.05	4.91	5.04	3792286	18960816.00
2012/05/09	4.99	5.03	4.90	4.92	3378552	16742821.00
2012/05/10	4.90	4.97	4.90	4.92	1978338	9739201.00
2012/05/11	4.93	4.93	4.82	4.83	2769590	13496012.00
2012/05/14	4.86	4.89	4.80	4.83	1459100	7067922.00
2012/05/15	4.83	4.83	4.70	4.77	2678435	12712169.00
2012/05/16	4.75	4.78	4.71	4.72	1503159	7120863.00
2012/05/17	4.73	4.83	4.68	4.81	2263821	10779973.00
2012/05/21	4.76	4.78	4.63	4.67	1895210	8922658.00
2012/05/22	4.68	4.77	4.65	4.75	2121200	9974634.00
2012/05/23	4.70	4.82	4.70	4.79	2355407	11236515.00
2012/05/24	4.77	4.83	4.73	4.75	1520737	7249126.00
2012/05/25	4.78	4.78	4.65	4.65	1534086	7203981.00
2012/05/28	4.65	4.78	4.54	4.73	2443141	11356403.00
2012/05/29	4.74	4.85	4.69	4.82	3020474	14460626.00
2012/05/30	4.83	4.85	4.75	4.79	2208649	10579608.00
2012/05/31	4.75	4.81	4.70	4.75	1571327	7470399.00
2012/06/01	4.72	4.79	4.71	4.77	1422529	6768497.00
2012/06/04	4.70	4.70	4.51	4.52	2399500	11047341.00
2012/06/05	4.57	4.59	4.48	4.50	1089437	4923647.00
2012/06/06	4.57	4.57	4.47	4.50	1034350	4653569.00
2012/06/07	4.50	4.57	4.42	4.44	1521995	6839731.00
2012/06/08	4.47	4.49	4.35	4.39	1290300	5709734.00
2012/06/11	4.40	4.50	4.36	4.49	1408639	6263072.00
2012/06/12	4.46	4.53	4.42	4.51	1072370	4806390.00
2012/06/13	4.54	4.57	4.48	4.55	1395911	6322855.00
2012/06/14	4.55	4.60	4.48	4.50	918761	4163422.00
2012/06/15	4.51	4.56	4.48	4.52	880800	3983777.00
2012/06/18	4.52	4.57	4.52	4.55	986990	4490106.00
2012/06/19	4.56	4.56	4.33	4.47	1116090	5014744.00
2012/06/20	4.47	4.54	4.47	4.50	925266	4173057.00
2012/06/21	4.50	4.58	4.44	4.54	2133211	9630342.00
2012/06/25	4.50	4.50	4.29	4.32	1639662	7219460.00
2012/06/26	4.32	4.39	4.28	4.36	1239001	5360763.00
2012/06/27	4.35	4.48	4.31	4.36	1173901	5160244.00
2012/06/28	4.35	4.39	4.24	4.25	1129159	4865922.00
2012/06/29	4.26	4.68	4.18	4.68	9344296	43299436.00
2012/07/02	4.88	4.99	4.73	4.78	14337014	69786168.00
2012/07/03	4.73	4.97	4.62	4.96	11352440	54848572.00
2012/07/04	4.93	4.96	4.83	4.85	6581299	32176048.00
2012/07/05	4.78	4.98	4.68	4.71	8970226	43617976.00
2012/07/06	4.77	4.79	4.51	4.78	7449115	34713008.00
2012/07/09	4.73	4.90	4.63	4.85	9845550	47263448.00
2012/07/10	4.76	4.95	4.70	4.83	9117045	44155904.00
2012/07/11	4.83	5.05	4.63	4.67	18142432	88421568.00
2012/07/12	4.56	4.56	4.21	4.48	9853497	43622340.00
2012/07/13	4.42	4.45	4.32	4.37	5991839	26238232.00
2012/07/16	4.39	4.40	4.20	4.21	3580338	15271911.00
2012/07/17	4.19	4.28	4.05	4.24	3550312	14846214.00
2012/07/18	4.21	4.26	4.09	4.22	3570603	14918913.00
2012/07/19	4.20	4.43	4.16	4.30	5383686	23189226.00
2012/07/20	4.30	4.33	4.24	4.25	3081360	13178309.00
2012/07/23	4.20	4.35	4.13	4.27	3378415	14314978.00
2012/07/24	4.21	4.43	4.21	4.36	4852854	21067816.00
2012/07/25	4.30	4.36	4.24	4.26	3218880	13840722.00
2012/07/26	4.26	4.29	4.19	4.20	2021243	8555365.00
2012/07/27	4.22	4.24	4.15	4.18	1453914	6093599.00
2012/07/30	4.18	4.21	4.01	4.02	2073059	8495489.00
2012/07/31	4.02	4.07	3.92	3.97	1534296	6111048.00
2012/08/01	3.97	4.09	3.97	4.03	1712984	6924699.00
2012/08/02	4.01	4.03	3.98	4.00	1180442	4723666.00
2012/08/03	4.02	4.07	4.01	4.06	1336422	5403634.00
2012/08/06	4.06	4.25	4.06	4.19	3058233	12814288.00
2012/08/07	4.18	4.23	4.15	4.22	2601725	10914692.00
2012/08/08	4.20	4.29	4.18	4.22	2189175	9246950.00
2012/08/09	4.21	4.28	4.19	4.27	2590918	10988245.00
2012/08/10	4.27	4.29	4.22	4.24	1827076	7775075.00
2012/08/13	4.22	4.39	4.20	4.25	3340379	14278773.00
2012/08/14	4.21	4.26	4.13	4.24	2461325	10309478.00
2012/08/15	4.24	4.24	4.15	4.16	1465696	6143711.00
2012/08/16	4.15	4.18	4.13	4.14	975740	4054998.00
2012/08/17	4.14	4.18	4.11	4.16	892096	3697983.00
2012/08/20	4.16	4.24	4.10	4.21	1312809	5465970.00
2012/08/21	4.20	4.27	4.19	4.24	1818436	7717599.00
2012/08/22	4.28	4.29	4.17	4.19	1229840	5190363.00
2012/08/23	4.19	4.23	4.17	4.23	1183013	4978653.00
2012/08/24	4.23	4.24	4.13	4.14	1179112	4923768.00
2012/08/27	4.14	4.14	4.05	4.06	1065410	4343135.00
2012/08/28	4.06	4.12	4.06	4.10	629515	2573662.00
2012/08/29	4.09	4.15	4.05	4.06	902846	3702114.00
2012/08/30	4.06	4.11	4.01	4.06	1437295	5842381.00
2012/08/31	4.08	4.10	4.05	4.07	798252	3258036.00
2012/09/03	4.09	4.12	4.05	4.11	1194940	4891549.00
2012/09/04	4.11	4.14	4.08	4.11	1042315	4280201.00
2012/09/05	4.08	4.16	4.08	4.12	984941	4061725.00
2012/09/06	4.14	4.18	4.12	4.18	1418359	5892202.00
2012/09/07	4.19	4.35	4.18	4.31	3378065	14432580.00
2012/09/10	4.29	4.33	4.26	4.31	2276049	9771631.00
2012/09/11	4.31	4.31	4.24	4.26	1387148	5924150.00
2012/09/12	4.27	4.33	4.27	4.32	1719273	7390633.00
2012/09/13	4.31	4.32	4.23	4.23	1336550	5719451.00
2012/09/14	4.27	4.28	4.19	4.25	1707975	7236017.00
2012/09/17	4.26	4.27	4.12	4.13	1144090	4796064.00
2012/09/18	4.08	4.16	4.08	4.10	792899	3272269.00
2012/09/19	4.10	4.18	4.10	4.16	833084	3456239.00
2012/09/20	4.16	4.16	4.04	4.06	1419791	5801685.00
2012/09/21	4.06	4.09	4.03	4.07	990160	4027524.00
2012/09/24	4.05	4.12	4.02	4.08	897581	3650610.00
2012/09/25	4.05	4.11	4.04	4.07	858241	3492864.00
2012/09/26	4.06	4.07	4.00	4.00	1042680	4194952.00
2012/09/27	4.01	4.10	3.97	4.08	1460453	5907665.00
2012/09/28	4.07	4.14	4.07	4.13	1202012	4938988.00
2012/10/08	4.09	4.15	4.09	4.11	1183316	4863974.00
2012/10/09	4.11	4.19	4.11	4.19	2305038	9613162.00
2012/10/10	4.16	4.29	4.15	4.24	2901056	12280472.00
2012/10/11	4.20	4.25	4.13	4.18	1865201	7812135.00
2012/10/12	4.18	4.56	4.16	4.36	9659211	42344252.00
2012/10/15	4.31	4.36	4.19	4.26	4513812	19186320.00
2012/10/16	4.25	4.63	4.19	4.40	9685614	42852192.00
2012/10/17	4.32	4.45	4.31	4.36	4632222	20212336.00
2012/10/18	4.36	4.41	4.33	4.37	3480198	15217483.00
2012/10/19	4.34	4.37	4.28	4.29	2668938	11556378.00
2012/10/22	4.27	4.31	4.23	4.29	1933948	8249082.00
2012/10/23	4.28	4.32	4.27	4.28	1819800	7812080.00
2012/10/24	4.27	4.36	4.24	4.34	2577332	11142940.00
2012/10/25	4.34	4.37	4.24	4.25	2183576	9373557.00
2012/10/26	4.24	4.26	4.11	4.14	2122026	8867361.00
2012/10/29	4.14	4.18	4.09	4.10	1229800	5076621.00
2012/10/30	4.12	4.16	4.08	4.14	1234468	5097576.00
2012/10/31	4.16	4.16	4.09	4.16	835201	3444519.00
2012/11/01	4.14	4.24	4.14	4.23	1483816	6244623.00
2012/11/02	4.24	4.26	4.18	4.23	2554014	10771758.00
2012/11/05	4.22	4.26	4.20	4.24	1065593	4504269.00
2012/11/06	4.21	4.23	4.13	4.18	1256445	5232859.00
2012/11/07	4.16	4.21	4.15	4.18	897000	3749071.00
2012/11/08	4.15	4.15	4.06	4.06	1155357	4737633.00
2012/11/09	4.05	4.13	4.04	4.13	1260599	5173236.00
2012/11/12	4.14	4.20	4.12	4.14	1053350	4381508.00
2012/11/13	4.17	4.17	4.08	4.09	786354	3229550.00
2012/11/14	4.09	4.12	4.06	4.11	586799	2399445.00
2012/11/15	4.10	4.10	3.98	3.99	1149801	4642700.00
2012/11/16	4.01	4.01	3.95	4.00	935468	3722856.00
2012/11/19	3.96	4.01	3.93	4.00	595142	2362068.00
2012/11/20	4.02	4.03	3.99	4.01	565386	2268834.00
2012/11/21	4.01	4.05	3.95	4.05	696880	2800485.00
2012/11/22	4.04	4.05	3.98	3.99	562204	2258947.00
2012/11/23	4.00	4.04	4.00	4.01	456107	1835779.00
2012/11/26	4.00	4.03	3.96	3.97	468440	1872023.00
2012/11/27	3.97	3.97	3.77	3.77	1346152	5206245.00
2012/11/28	3.79	3.80	3.72	3.74	746890	2798655.00
2012/11/29	3.77	3.81	3.73	3.75	711200	2685303.00
2012/11/30	3.75	3.82	3.74	3.78	614710	2321391.00
2012/12/03	3.75	3.80	3.73	3.73	602749	2259793.00
2012/12/04	3.73	3.79	3.63	3.77	905801	3351242.00
2012/12/05	3.74	3.91	3.74	3.87	1512879	5833532.00
2012/12/06	3.86	3.89	3.81	3.83	571811	2199958.00
2012/12/07	3.82	3.93	3.82	3.92	1590250	6177640.00
2012/12/10	3.94	3.97	3.91	3.96	1265107	4988746.00
2012/12/11	3.97	4.05	3.93	3.97	2055750	8222519.00
2012/12/12	3.93	3.98	3.89	3.94	1066840	4197493.00
2012/12/13	3.96	3.96	3.89	3.91	1342460	5265225.00
2012/12/14	3.90	4.05	3.88	4.02	2616065	10469834.00
2012/12/17	4.03	4.06	3.99	4.05	2079233	8377054.00
2012/12/18	4.04	4.17	4.00	4.05	2881104	11748774.00
2012/12/19	4.04	4.06	4.02	4.05	1255671	5071867.00
2012/12/20	4.03	4.04	3.98	4.03	1351506	5420012.00
2012/12/21	4.01	4.06	4.00	4.02	1135983	4566126.00
2012/12/24	4.01	4.03	3.96	4.01	1124856	4500689.00
2012/12/25	4.01	4.11	3.98	4.08	2525776	10277138.00
2012/12/26	4.10	4.12	4.06	4.12	2708568	11102173.00
2012/12/27	4.13	4.13	4.07	4.08	1864472	7632732.00
2012/12/28	4.08	4.14	4.05	4.13	3119503	12791809.00
2012/12/31	4.10	4.15	4.10	4.14	2299698	9498813.00
2013/01/04	4.17	4.17	4.08	4.12	2159607	8921394.00
2013/01/07	4.10	4.22	4.09	4.19	3135956	13090946.00
2013/01/08	4.20	4.21	4.15	4.18	2520761	10519960.00
2013/01/09	4.18	4.22	4.15	4.19	2298166	9630316.00
2013/01/10	4.17	4.31	4.17	4.23	4038882	17115708.00
2013/01/11	4.23	4.23	4.12	4.12	2966361	12387778.00
2013/01/14	4.10	4.21	4.09	4.21	3316413	13800871.00
2013/01/15	4.21	4.28	4.20	4.27	4071411	17305472.00
2013/01/16	4.29	4.29	4.19	4.25	3579060	15154380.00
2013/01/17	4.25	4.27	4.20	4.22	1738948	7352420.00
2013/01/18	4.23	4.27	4.20	4.26	2307933	9788700.00
2013/01/21	4.26	4.42	4.25	4.36	6405276	27839484.00
2013/01/22	4.38	4.39	4.27	4.28	3159036	13600289.00
2013/01/23	4.20	4.30	4.19	4.29	2354423	9979280.00
2013/01/24	4.28	4.30	4.14	4.17	2918200	12311640.00
2013/01/25	4.20	4.22	4.15	4.22	1850791	7768317.00
2013/01/28	4.22	4.35	4.19	4.34	3351412	14387204.00
2013/01/29	4.35	4.39	4.32	4.36	2980219	12980738.00
2013/01/30	4.36	4.45	4.34	4.37	4242285	18630194.00
2013/01/31	4.37	4.40	4.32	4.33	2297503	9995847.00
2013/02/01	4.31	4.42	4.31	4.38	3262750	14324329.00
2013/02/04	4.40	4.44	4.35	4.41	3252841	14311603.00
2013/02/05	4.41	4.41	4.33	4.40	1984922	8680337.00
2013/02/06	4.40	4.46	4.38	4.44	2936908	13010645.00
2013/02/07	4.43	4.44	4.37	4.39	1573800	6923105.00
2013/02/08	4.39	4.48	4.39	4.47	3074748	13708290.00
2013/02/18	4.48	4.51	4.42	4.46	1632881	7285231.00
2013/02/19	4.46	4.46	4.34	4.39	2352111	10313436.00
2013/02/20	4.39	4.44	4.36	4.43	2083266	9168684.00
2013/02/21	4.42	4.42	4.27	4.30	2279251	9867962.00
2013/02/22	4.29	4.40	4.28	4.34	2466682	10722747.00
2013/02/25	4.34	4.43	4.32	4.42	1908902	8377122.00
2013/02/26	4.41	4.42	4.29	4.30	1488147	6493374.00
2013/02/27	4.31	4.36	4.29	4.33	1231921	5317419.00
2013/02/28	4.36	4.40	4.31	4.38	1437790	6261532.00
2013/03/01	4.38	4.43	4.34	4.42	1480463	6511828.00
2013/03/04	4.41	4.44	4.33	4.35	2791073	12218535.00
2013/03/05	4.34	4.44	4.31	4.42	2171120	9527029.00
2013/03/06	4.42	4.68	4.39	4.63	7106657	32577682.00
2013/03/07	4.62	4.62	4.53	4.56	3040100	13917590.00
2013/03/08	4.56	4.65	4.50	4.52	1820560	8313657.00
2013/03/11	4.53	4.62	4.46	4.59	2264440	10349898.00
2013/03/12	4.60	4.62	4.40	4.49	3809628	17165182.00
2013/03/13	4.47	4.49	4.37	4.40	1243346	5464585.00
2013/03/14	4.40	4.65	4.40	4.61	3447122	15787348.00
2013/03/15	4.58	4.70	4.53	4.53	3403855	15707001.00
2013/03/18	4.47	4.54	4.44	4.44	1414476	6340353.00
2013/03/19	4.44	4.53	4.40	4.47	934871	4154748.00
2013/03/20	4.47	4.58	4.45	4.57	1716001	7767675.00
2013/03/21	4.58	4.63	4.52	4.56	1836801	8370474.00
2013/03/22	4.53	4.57	4.48	4.52	1221198	5537972.00
2013/03/25	4.53	4.68	4.52	4.63	3156186	14592736.00
2013/03/26	4.63	4.66	4.54	4.65	2672430	12343888.00
2013/03/27	4.63	4.63	4.49	4.56	3609769	16445156.00
2013/03/28	4.52	4.52	4.36	4.36	3357698	14804934.00
2013/03/29	4.36	4.43	4.23	4.24	3153107	13554285.00
2013/04/01	4.24	4.32	4.23	4.28	1075482	4610077.00
2013/04/02	4.32	4.33	4.25	4.28	1090490	4677301.00
2013/04/03	4.33	4.36	4.26	4.34	2258393	9728416.00
2013/04/08	4.29	4.37	4.25	4.35	1264201	5464067.00
2013/04/09	4.37	4.40	4.34	4.38	1058079	4620317.00
2013/04/10	4.35	4.41	4.32	4.33	790925	3445816.00
2013/04/11	4.33	4.37	4.25	4.25	927601	3984318.00
2013/04/12	4.25	4.28	4.20	4.22	811019	3434372.00
2013/04/15	4.21	4.29	4.15	4.17	734406	3073198.00
2013/04/16	4.15	4.28	4.14	4.26	611796	2574865.00
2013/04/17	4.25	4.25	4.19	4.23	372635	1571632.00
2013/04/18	4.19	4.24	4.18	4.20	382845	1610209.00
2013/04/19	4.20	4.38	4.20	4.28	1497611	6431769.00
2013/04/22	4.29	4.30	4.21	4.24	1380316	5845890.00
2013/04/23	4.24	4.25	4.10	4.12	1253460	5228216.00
2013/04/24	4.13	4.21	4.12	4.20	1411729	5887768.00
2013/04/25	4.16	4.19	4.12	4.17	1557894	6464628.00
2013/04/26	4.16	4.16	4.07	4.08	714165	2941254.00
2013/05/02	4.08	4.10	4.04	4.06	897480	3645014.00
2013/05/03	4.06	4.17	4.06	4.13	868991	3589959.00
2013/05/06	4.15	4.19	4.12	4.18	694101	2889436.00
2013/05/07	4.16	4.18	4.14	4.16	541019	2250290.00
2013/05/08	4.16	4.20	4.15	4.19	835224	3486425.00
2013/05/09	4.19	4.19	4.14	4.16	853131	3553548.00
2013/05/10	4.17	4.58	4.14	4.58	10683747	47241988.00
2013/05/13	4.66	4.67	4.39	4.44	10860180	48707656.00
2013/05/14	4.37	4.56	4.31	4.45	5978109	26473520.00
2013/05/15	4.41	4.43	4.35	4.40	2581143	11312932.00
2013/05/16	4.41	4.45	4.36	4.40	2499854	10994051.00
2013/05/17	4.40	4.45	4.38	4.43	2858910	12639401.00
2013/05/20	4.43	4.47	4.39	4.44	3219317	14250928.00
2013/05/21	4.43	4.50	4.40	4.50	2903441	12976821.00
2013/05/22	4.50	4.54	4.41	4.41	3249811	14491465.00
2013/05/23	4.40	4.45	4.33	4.34	2291400	10059028.00
2013/05/24	4.33	4.42	4.33	4.41	2281820	9976521.00
2013/05/27	4.40	4.41	4.37	4.41	1717242	7543049.00
2013/05/28	4.40	4.46	4.36	4.45	2457383	10859888.00
2013/05/29	4.44	4.50	4.42	4.46	3071562	13742809.00
2013/05/30	4.45	4.49	4.43	4.47	2190228	9759641.00
2013/05/31	4.49	4.50	4.40	4.41	2497099	11075027.00
2013/06/03	4.40	4.63	4.40	4.59	6787823	30839704.00
2013/06/04	4.54	4.63	4.45	4.61	5104336	23192112.00
2013/06/05	4.58	4.64	4.49	4.56	3937600	17960504.00
2013/06/06	4.56	4.57	4.46	4.52	3202866	14471270.00
2013/06/07	4.50	4.54	4.27	4.28	3725576	16278249.00
2013/06/13	4.28	4.30	4.11	4.25	1898786	7973075.00
2013/06/14	4.26	4.30	4.25	4.28	1083300	4632881.00
2013/06/17	4.28	4.30	4.23	4.27	845242	3608565.00
2013/06/18	4.28	4.29	4.22	4.22	919337	3907146.00
2013/06/19	4.22	4.22	4.08	4.17	1285043	5330526.00
2013/06/20	4.17	4.19	4.08	4.09	1162328	4799333.00
2013/06/21	4.09	4.12	4.04	4.09	1060812	4325420.00
2013/06/24	4.11	4.23	3.90	3.92	2749716	11192084.00
2013/06/25	3.95	4.03	3.65	3.86	2906511	11062338.00
2013/06/26	3.88	3.95	3.85	3.87	1560507	6063513.00
2013/06/27	3.88	3.94	3.86	3.89	1392229	5434697.00
2013/06/28	3.89	3.93	3.83	3.86	811799	3140496.00
2013/07/01	3.86	3.88	3.83	3.87	848353	3269106.00
2013/07/02	3.88	3.93	3.83	3.91	898469	3483432.00
2013/07/03	3.91	3.91	3.81	3.86	861557	3315008.00
2013/07/04	3.87	3.91	3.81	3.88	1510033	5830428.00
2013/07/05	3.88	4.02	3.86	3.90	1976880	7770424.00
2013/07/08	3.84	3.89	3.68	3.73	1561898	5900196.00
2013/07/09	3.75	3.78	3.71	3.78	509049	1900506.00
2013/07/10	3.98	4.16	3.98	4.16	4521472	18794262.00
2013/07/11	4.58	4.58	4.36	4.42	20083098	89285144.00
2013/07/12	4.30	4.36	4.19	4.21	10184657	43402384.00
2013/07/15	4.14	4.23	4.14	4.21	4804780	20091380.00
2013/07/16	4.20	4.22	4.14	4.19	3610179	15073322.00
2013/07/17	4.19	4.19	4.00	4.04	5513341	22594786.00
2013/07/18	4.02	4.27	3.97	4.19	6783271	27874964.00
2013/07/19	4.10	4.12	3.93	3.96	4195597	17005804.00
2013/07/22	3.96	4.01	3.89	4.01	1790224	7089524.00
2013/07/23	4.01	4.09	3.96	4.05	2071757	8380396.00
2013/07/24	4.05	4.10	4.02	4.06	2020932	8195841.00
2013/07/25	4.04	4.08	4.00	4.02	1826788	7353929.00
2013/07/26	4.01	4.02	3.93	3.95	1662435	6588680.00
2013/07/29	3.93	3.95	3.90	3.92	1406034	5517215.00
2013/07/30	3.90	3.97	3.87	3.95	1260942	4940217.00
2013/07/31	3.94	3.99	3.94	3.98	1338041	5309295.00
2013/08/01	4.00	4.05	3.98	4.04	1471022	5906493.00
2013/08/02	4.04	4.09	4.02	4.02	1564500	6335897.00
2013/08/05	4.02	4.06	4.02	4.05	1364581	5510580.00
2013/08/06	4.08	4.17	4.03	4.10	3453867	14167053.00
2013/08/07	4.09	4.12	4.04	4.07	2117799	8621201.00
2013/08/08	4.07	4.09	4.01	4.05	1386797	5615351.00
2013/08/09	4.06	4.08	4.03	4.07	2127952	8644064.00
2013/08/12	4.05	4.12	4.03	4.12	3322409	13585770.00
2013/08/13	4.10	4.13	4.09	4.13	2409153	9898209.00
2013/08/14	4.12	4.30	4.10	4.18	7895907	33288108.00
2013/08/15	4.17	4.50	4.14	4.31	14778789	63678808.00
2013/08/16	4.24	4.30	4.10	4.13	9359281	39023960.00
2013/08/19	4.12	4.44	4.09	4.32	9981681	42764912.00
2013/08/20	4.30	4.37	4.23	4.27	6816651	29291236.00
2013/08/21	4.30	4.30	4.16	4.25	4872602	20540000.00
2013/08/22	4.23	4.28	4.18	4.23	3126863	13210730.00
2013/08/23	4.26	4.27	4.13	4.20	3544785	14918246.00
2013/08/26	4.18	4.62	4.18	4.62	31851815	144432656.00
2013/08/27	4.51	4.84	4.50	4.76	38520061	178913136.00
2013/08/28	4.63	4.75	4.56	4.60	24370491	113307872.00
2013/08/29	4.56	5.06	4.55	5.06	46416848	228673472.00
2013/08/30	5.16	5.57	5.15	5.57	29524317	161850288.00
2013/09/02	5.98	5.98	5.01	5.01	41898877	217065632.00
2013/09/03	4.83	4.90	4.67	4.79	29082889	138518560.00
2013/09/04	4.78	4.98	4.74	4.84	21492379	104008464.00
2013/09/05	4.80	4.80	4.64	4.70	16741323	78647568.00
2013/09/06	4.65	4.88	4.65	4.75	18996022	90668144.00
2013/09/09	4.77	4.92	4.66	4.85	21902544	105115960.00
2013/09/10	4.84	5.14	4.80	5.06	31215591	156177312.00
2013/09/11	5.00	5.06	4.84	4.91	17432169	85676016.00
2013/09/12	4.83	4.95	4.72	4.92	11651286	56733120.00
2013/09/13	4.87	4.95	4.79	4.86	10403372	50648624.00
2013/09/16	4.87	5.02	4.86	5.00	12633630	62472544.00
2013/09/17	4.95	5.00	4.78	4.78	10882835	52887712.00
2013/09/18	4.70	4.77	4.65	4.75	8583271	40373408.00
2013/09/23	4.74	4.80	4.70	4.79	7850754	37292432.00
2013/09/24	4.76	4.88	4.69	4.85	11085280	52930172.00
2013/09/25	4.81	5.03	4.79	4.90	18585386	91505216.00
2013/09/26	4.85	4.90	4.50	4.55	10057098	47440640.00
2013/09/27	4.60	4.63	4.46	4.52	6679925	30393258.00
2013/09/30	4.51	4.58	4.50	4.56	3650026	16580607.00
2013/10/08	4.58	5.02	4.57	5.02	19155867	94203704.00
2013/10/09	5.23	5.52	5.23	5.52	29660195	161193168.00
2013/10/10	5.92	5.99	5.28	5.46	55629773	313235680.00
2013/10/11	5.31	5.44	5.16	5.32	21100452	111484952.00
2013/10/14	5.29	5.29	5.13	5.22	16345908	84975000.00
2013/10/15	5.21	5.28	5.10	5.27	15620253	80955912.00
2013/10/16	5.21	5.26	5.03	5.05	11743777	59992928.00
2013/10/17	5.09	5.14	4.98	4.99	7591350	38292748.00
2013/10/18	4.98	5.07	4.98	5.02	4742086	23858644.00
2013/10/21	5.05	5.13	4.91	5.12	8548801	42954732.00
2013/10/22	5.23	5.63	5.23	5.63	37408330	208931152.00
2013/10/23	5.30	5.64	5.23	5.39	32730389	177632624.00
2013/10/24	5.20	5.23	5.07	5.12	13531226	69438800.00
2013/10/25	5.12	5.19	5.00	5.02	7847699	39751280.00
2013/10/28	5.00	5.05	4.89	4.92	6154449	30361268.00
2013/10/29	4.92	5.02	4.51	4.75	9056730	43034544.00
2013/10/30	4.68	5.23	4.68	5.23	15824490	80655720.00
2013/10/31	5.23	5.42	5.06	5.08	19572588	102435328.00
2013/11/01	4.97	5.25	4.71	5.08	12850340	64775012.00
2013/11/04	4.97	5.29	4.96	5.20	11993180	62039688.00
2013/11/05	5.13	5.59	5.07	5.36	21329977	114222968.00
2013/11/06	5.25	5.36	5.09	5.10	15034915	78383248.00
2013/11/07	5.07	5.28	5.00	5.24	9313625	47801152.00
2013/11/08	5.20	5.47	5.17	5.34	20923898	112040800.00
2013/11/11	5.30	5.34	5.13	5.22	8950504	46623140.00
2013/11/12	5.19	5.45	5.18	5.36	15872954	85037288.00
2013/11/13	5.33	5.35	5.10	5.11	9976087	52179024.00
2013/11/14	5.06	5.14	4.94	5.12	9377713	47204712.00
2013/11/15	5.09	5.37	5.07	5.25	10916923	57190476.00
2013/11/18	5.28	5.45	5.20	5.41	17190193	92342776.00
2013/11/19	5.42	5.55	5.27	5.44	18098903	97911680.00
2013/11/20	5.34	5.97	5.34	5.79	37771586	215039040.00
2013/11/21	5.72	6.30	5.64	5.96	46773504	282053248.00
2013/11/22	5.91	5.96	5.55	5.56	26935344	153310000.00
2013/11/25	5.64	5.85	5.56	5.63	20096377	114973192.00
2013/11/26	5.60	5.74	5.42	5.50	13773493	75931672.00
2013/11/27	5.54	5.64	5.40	5.60	11288343	62315688.00
2013/11/28	5.60	5.65	5.49	5.54	9662602	53906220.00
2013/11/29	5.51	5.58	5.46	5.54	7019847	38691868.00
2013/12/02	5.44	5.44	5.06	5.14	11756000	61630224.00
2013/12/03	5.11	5.50	5.11	5.45	8923767	47227984.00
2013/12/04	5.43	5.81	5.37	5.63	22085345	124086056.00
2013/12/05	5.57	5.63	5.47	5.54	8861049	48952236.00
2013/12/06	5.55	5.72	5.51	5.57	8308643	46707912.00
2013/12/09	5.60	5.66	5.54	5.61	5433161	30421748.00
2013/12/10	5.61	5.63	5.48	5.60	7931921	44067936.00
2013/12/11	5.60	5.78	5.51	5.60	14523884	82321760.00
2013/12/12	5.55	5.56	5.40	5.45	8983102	49153812.00
2013/12/13	5.40	5.55	5.35	5.53	5736090	31379264.00
2013/12/16	5.50	5.51	5.36	5.36	5406995	29358822.00
2013/12/17	5.36	5.44	5.26	5.27	5118127	27422848.00
2013/12/18	5.25	5.34	5.01	5.18	5416122	28275854.00
2013/12/19	5.19	5.23	5.00	5.06	8226056	41922284.00
2013/12/20	5.07	5.08	4.90	4.92	5473596	27213700.00
2013/12/23	4.90	4.95	4.71	4.86	4629738	22406146.00
2013/12/24	4.86	4.97	4.85	4.94	3218257	15822165.00
2013/12/25	4.92	4.96	4.84	4.88	5286733	25858016.00
2013/12/26	4.88	4.91	4.67	4.68	5163018	24622236.00
2013/12/27	4.69	4.82	4.65	4.80	7083017	33591180.00
2013/12/30	4.80	4.93	4.77	4.84	8891346	43166088.00
2013/12/31	4.83	4.97	4.81	4.90	5068795	24875148.00
2014/01/02	4.89	4.90	4.82	4.87	3461940	16809352.00
2014/01/03	4.83	4.87	4.71	4.74	3892235	18503600.00
2014/01/06	4.71	4.72	4.48	4.49	5360623	24331172.00
2014/01/07	4.45	4.59	4.45	4.47	3228965	14573920.00
2014/01/08	4.47	4.51	4.36	4.39	3629280	16084818.00
2014/01/09	4.39	4.44	4.30	4.31	3701666	16135219.00
2014/01/10	4.30	4.34	4.11	4.15	4183890	17635604.00
2014/01/13	4.16	4.21	4.16	4.21	3137871	13141273.00
2014/01/14	4.22	4.32	4.19	4.31	4240450	18095520.00
2014/01/15	4.31	4.31	4.23	4.30	2748091	11747848.00
2014/01/16	4.31	4.51	4.26	4.42	5265925	23210798.00
2014/01/17	4.39	4.39	4.28	4.29	3381901	14605012.00
2014/01/20	4.30	4.32	4.23	4.30	2258785	9686873.00
2014/01/21	4.29	4.36	4.28	4.33	2263508	9785572.00
2014/01/22	4.34	4.48	4.33	4.46	4627029	20444412.00
2014/01/23	4.47	4.55	4.41	4.53	5381033	24055432.00
2014/01/24	4.49	4.58	4.47	4.53	4026636	18272852.00
2014/01/27	4.50	4.54	4.47	4.49	3473905	15634578.00
2014/01/28	4.52	4.56	4.48	4.55	3310330	14976267.00
2014/01/29	4.54	4.57	4.51	4.54	2145746	9724542.00
2014/01/30	4.56	4.56	4.44	4.46	1986635	8887311.00
2014/02/07	4.42	4.51	4.38	4.50	2405578	10742413.00
2014/02/10	4.50	4.65	4.50	4.63	7031114	32277216.00
2014/02/11	4.64	4.85	4.58	4.81	11297561	53617188.00
2014/02/12	4.87	5.24	4.77	5.12	19874161	100925344.00
2014/02/13	5.06	5.10	4.86	4.88	11292125	56312544.00
2014/02/14	4.88	5.02	4.88	4.95	5229854	25881966.00
2014/02/17	4.96	5.00	4.88	4.97	5915368	29134464.00
2014/02/18	4.96	5.47	4.85	5.43	23490885	122179952.00
2014/02/19	5.30	5.51	5.18	5.26	23192918	123630328.00
2014/02/20	5.21	5.31	5.06	5.09	11115280	57516740.00
2014/02/21	5.11	5.25	5.04	5.14	8257839	42645692.00
2014/02/24	5.15	5.17	4.98	5.01	6300396	31721416.00
2014/02/25	5.04	5.21	4.88	4.98	8947143	45146772.00
2014/02/26	4.92	5.10	4.88	5.06	6669088	33405220.00
2014/02/27	5.06	5.14	5.02	5.05	6367618	32343604.00
2014/02/28	5.13	5.13	4.91	5.02	5436919	27179426.00
2014/03/03	4.96	5.17	4.95	5.17	8362829	42685288.00
2014/03/04	5.14	5.45	5.10	5.28	15907838	83769808.00
2014/03/05	5.24	5.26	5.08	5.10	9585882	49693776.00
2014/03/06	5.20	5.37	5.15	5.16	9056474	47299972.00
2014/03/07	5.12	5.15	5.03	5.07	7021563	35638640.00
2014/03/10	5.07	5.12	4.90	4.92	5755948	28812344.00
2014/03/11	4.90	4.94	4.77	4.81	5408846	26259560.00
2014/03/12	4.81	4.89	4.70	4.79	4620414	22109668.00
2014/03/13	4.80	4.86	4.79	4.82	2612121	12595238.00
2014/03/14	4.80	4.97	4.74	4.91	5492297	26633680.00
2014/03/17	4.87	4.92	4.82	4.91	2741278	13406915.00
2014/03/18	4.90	4.93	4.85	4.89	3780376	18480472.00
2014/03/19	4.86	4.97	4.81	4.91	4344306	21244948.00
2014/03/20	4.91	5.00	4.82	4.83	5382615	26561460.00
2014/03/21	4.79	4.94	4.68	4.91	5163476	24955940.00
2014/03/24	4.90	5.25	4.90	5.18	15215759	77928416.00
2014/03/25	5.19	5.42	5.09	5.16	21749312	114209704.00
2014/03/26	5.11	5.18	5.04	5.10	9401037	47794424.00
2014/03/27	5.10	5.20	5.04	5.04	8552005	43888476.00
2014/03/28	5.04	5.11	5.00	5.04	6243772	31521136.00
2014/03/31	5.06	5.09	4.95	4.96	4493608	22570412.00
2014/04/01	4.93	5.00	4.90	4.97	3817426	18925272.00
2014/04/02	4.98	5.06	4.95	5.04	4079415	20460740.00
2014/04/03	5.04	5.04	4.92	4.94	3630759	18063930.00
2014/04/04	4.95	5.03	4.93	5.03	2891032	14420690.00
2014/04/08	5.01	5.08	5.00	5.06	3657417	18467240.00
2014/04/09	5.07	5.11	5.02	5.07	3417922	17309662.00
2014/04/10	5.08	5.12	5.03	5.10	5685234	28928772.00
2014/04/11	5.09	5.15	5.05	5.14	6211163	31774278.00
2014/04/14	5.11	5.18	5.03	5.17	6496800	33179212.00
2014/04/15	5.15	5.27	5.08	5.10	7109590	36736088.00
2014/04/16	5.08	5.11	5.03	5.05	4649889	23526582.00
2014/04/17	5.04	5.10	5.03	5.06	2417201	12240023.00
2014/04/18	5.05	5.06	5.00	5.02	3156046	15856833.00
2014/04/21	5.00	5.02	4.85	4.88	4409985	21788806.00
2014/04/22	4.88	4.93	4.79	4.87	3273127	15901710.00
2014/04/23	4.88	4.89	4.80	4.84	2292446	11105982.00
2014/04/24	4.82	4.85	4.79	4.79	1819601	8769421.00
2014/04/25	4.83	4.85	4.58	4.60	3886290	18315394.00
2014/04/28	4.60	4.65	4.38	4.41	3969396	17754676.00
2014/04/29	4.40	4.49	4.40	4.49	2171965	9663789.00
2014/04/30	4.49	4.55	4.47	4.55	1458330	6593632.00
2014/05/05	4.54	4.59	4.50	4.56	2304901	10469365.00
2014/05/06	4.56	4.62	4.53	4.55	1757488	8053582.00
2014/05/07	4.56	4.57	4.50	4.51	1457683	6607455.00
2014/05/08	4.51	4.58	4.49	4.53	1811359	8221598.00
2014/05/09	4.54	4.54	4.43	4.48	1656154	7430349.00
2014/05/12	4.51	4.60	4.50	4.59	2428433	11075600.00
2014/05/13	4.60	4.62	4.55	4.58	1884269	8623403.00
2014/05/14	4.59	4.66	4.57	4.59	1456642	6700929.00
2014/05/15	4.59	4.59	4.47	4.49	1538805	6955444.00
2014/05/16	4.48	4.53	4.46	4.53	933990	4191689.00
2014/05/19	4.53	4.53	4.41	4.45	1457761	6488414.00
2014/05/20	4.49	4.51	4.44	4.44	1279361	5721096.00
2014/05/21	4.45	4.50	4.43	4.48	724779	3238446.00
2014/05/22	4.46	4.65	4.46	4.55	3363088	15314125.00
2014/05/23	4.53	4.58	4.51	4.58	1617708	7357649.00
2014/05/26	4.60	4.61	4.56	4.58	1327326	6079774.00
2014/05/27	4.59	4.60	4.49	4.51	2124260	9648366.00
2014/05/28	4.51	4.63	4.47	4.59	3405477	15564669.00
2014/05/29	4.58	4.60	4.48	4.50	2153921	9775705.00
2014/05/30	4.50	4.58	4.50	4.54	1725214	7842175.00
2014/06/03	4.54	4.56	4.50	4.54	1871796	8492165.00
2014/06/04	4.51	4.54	4.42	4.45	2130402	9522851.00
2014/06/05	4.42	4.52	4.42	4.50	1155632	5188751.00
2014/06/06	4.53	4.55	4.49	4.52	1565835	7078093.00
2014/06/09	4.46	4.58	4.45	4.50	1560495	7039328.00
2014/06/10	4.52	4.58	4.48	4.56	1874244	8510387.00
2014/06/11	4.56	4.57	4.52	4.54	2261265	10267568.00
2014/06/12	4.53	4.55	4.49	4.53	1645631	7433751.00
2014/06/13	4.52	4.58	4.49	4.54	2445157	11103412.00
2014/06/16	4.55	4.58	4.54	4.58	2244713	10256031.00
2014/06/17	4.58	4.75	4.52	4.65	8510538	39644744.00
2014/06/18	4.61	4.70	4.58	4.59	6009651	27825502.00
2014/06/19	4.58	4.60	4.48	4.50	4438017	20081826.00
2014/06/20	4.50	4.69	4.48	4.59	3527055	16206824.00
2014/06/23	4.60	4.68	4.56	4.62	3595289	16552607.00
2014/06/24	4.61	4.61	4.50	4.56	4912699	22261224.00
2014/06/25	4.55	4.57	4.50	4.52	1987379	8989561.00
2014/06/26	4.54	4.58	4.51	4.56	2969808	13532503.00
2014/06/27	4.54	4.62	4.54	4.59	3616725	16625754.00
2014/06/30	4.60	4.65	4.59	4.62	4379326	20206522.00
2014/07/01	4.60	4.67	4.60	4.65	4280197	19855950.00
2014/07/02	4.67	4.69	4.61	4.69	4004328	18632000.00
2014/07/03	4.68	4.71	4.65	4.68	3861070	18055308.00
2014/07/04	4.68	4.71	4.64	4.67	2903778	13552741.00
2014/07/07	4.66	4.70	4.63	4.69	2286705	10669285.00
2014/07/08	4.67	4.69	4.64	4.69	2574961	12023375.00
2014/07/09	4.68	4.68	4.57	4.58	3509150	16221841.00
2014/07/10	4.58	4.62	4.58	4.60	2259126	10395444.00
2014/07/11	4.58	4.69	4.58	4.67	2009157	9349275.00
2014/07/14	4.66	4.73	4.66	4.72	3559736	16744490.00
2014/07/15	4.73	4.73	4.69	4.73	2521455	11888828.00
2014/07/16	4.71	4.75	4.70	4.72	2737821	12919403.00
2014/07/17	4.71	4.77	4.67	4.76	3639888	17209638.00
2014/07/18	4.76	4.79	4.72	4.78	3616959	17231056.00
2014/07/21	4.77	4.87	4.77	4.86	6561213	31643452.00
2014/07/22	4.86	4.88	4.82	4.84	5129093	24843660.00
2014/07/23	4.84	5.08	4.78	4.89	12074215	59487048.00
2014/07/24	4.85	4.89	4.78	4.82	7363616	35503132.00
2014/07/25	4.83	4.88	4.81	4.84	4499007	21772888.00
2014/07/28	4.86	4.91	4.85	4.89	4394029	21457514.00
2014/07/29	4.90	4.98	4.88	4.91	6286629	30980544.00
2014/07/30	4.93	4.93	4.88	4.91	4290640	21010110.00
2014/07/31	4.92	4.96	4.89	4.95	4887907	24090000.00
2014/08/01	4.94	4.97	4.87	4.88	6059130	29858170.00
2014/08/04	4.86	4.95	4.85	4.94	5743559	28225380.00
2014/08/05	4.94	4.98	4.91	4.97	5656207	28007924.00
2014/08/06	4.95	4.99	4.91	4.98	4046668	20056422.00
2014/08/07	5.00	5.02	4.88	4.90	5472774	26987852.00
2014/08/08	4.89	4.92	4.87	4.91	3397743	16648464.00
2014/08/11	4.90	5.00	4.90	4.97	4596619	22834762.00
2014/08/12	4.97	5.03	4.94	5.03	6773662	33801188.00
2014/08/13	5.00	5.03	4.96	5.01	4906520	24495404.00
2014/08/14	5.01	5.04	4.94	4.97	5576189	27848956.00
2014/08/15	4.98	5.02	4.94	5.02	4449516	22222944.00
2014/08/18	5.00	5.08	5.00	5.08	6115990	30893050.00
2014/08/19	5.08	5.12	5.05	5.09	5701551	28978892.00
2014/08/20	5.09	5.32	5.09	5.20	18288914	95206592.00
2014/08/21	5.18	5.29	5.10	5.16	9997469	51873680.00
2014/08/22	5.17	5.34	5.13	5.27	13663935	71624384.00
2014/08/25	5.27	5.34	5.18	5.20	11088668	58316912.00
2014/08/26	5.19	5.20	5.05	5.06	8740909	44754648.00
2014/08/27	5.03	5.09	5.03	5.06	3121595	15814895.00
2014/08/28	5.06	5.11	5.03	5.06	3863645	19597608.00
2014/08/29	5.03	5.12	5.03	5.10	4399241	22388436.00
2014/09/01	5.10	5.21	5.10	5.17	5628961	29086456.00
2014/09/02	5.19	5.23	5.18	5.22	6863257	35718940.00
2014/09/03	5.29	5.32	5.21	5.25	8397248	44149520.00
2014/09/04	5.25	5.55	5.25	5.41	20788637	112719408.00
2014/09/05	5.35	5.42	5.31	5.37	10511125	56340928.00
2014/09/09	5.38	5.47	5.35	5.46	9193990	49809188.00
2014/09/10	5.41	5.42	5.35	5.40	6818998	36723160.00
2014/09/11	5.40	5.50	5.33	5.35	11250729	60868136.00
2014/09/12	5.35	5.47	5.33	5.47	11402510	61925320.00
2014/09/15	5.50	5.62	5.45	5.57	14800817	82057832.00
2014/09/16	5.57	5.60	5.32	5.35	12979071	71092544.00
2014/09/17	5.35	5.42	5.27	5.42	8297693	44508628.00
2014/09/18	5.39	5.52	5.37	5.48	7127808	38943044.00
2014/09/19	5.48	5.59	5.46	5.58	10182748	56436720.00
2014/09/22	5.60	5.74	5.52	5.57	17280222	97518936.00
2014/09/23	5.54	5.63	5.49	5.62	11294777	62858740.00
2014/09/24	5.61	5.67	5.57	5.65	9679220	54482400.00
2014/09/25	5.66	5.75	5.58	5.63	14798248	83624216.00
2014/09/26	5.60	5.66	5.53	5.65	7302932	41031320.00
2014/09/29	5.64	5.74	5.63	5.74	10166257	57965784.00
2014/09/30	5.73	5.80	5.70	5.76	11478068	65977240.00
2014/10/08	5.80	5.94	5.73	5.85	15393502	90338320.00
2014/10/09	5.85	5.87	5.70	5.84	10580376	61357168.00
2014/10/10	5.81	5.90	5.75	5.80	9617052	55941860.00
2014/10/13	5.75	5.76	5.64	5.75	12654536	72118240.00
2014/10/14	5.74	5.89	5.72	5.88	15569897	90570608.00
2014/10/15	5.87	5.93	5.75	5.88	9321451	54514836.00
2014/10/16	5.81	5.88	5.68	5.73	9645913	55980272.00
2014/10/17	5.67	5.78	5.48	5.58	10286467	57746952.00
2014/10/20	5.57	5.69	5.54	5.65	5801831	32542886.00
2014/10/21	5.66	5.73	5.55	5.56	7533551	42415504.00
2014/10/22	5.58	5.62	5.40	5.42	7382076	40712552.00
2014/10/23	5.42	5.45	5.30	5.36	6386967	34178888.00
2014/10/24	5.35	5.53	5.34	5.52	8166551	44454168.00
2014/10/27	5.45	5.63	5.42	5.49	9850422	54496760.00
2014/10/28	5.59	5.74	5.59	5.67	14344700	81294048.00
2014/10/29	5.64	6.05	5.61	5.83	25287251	148467152.00
2014/10/30	5.80	5.94	5.69	5.71	20323207	117868448.00
2014/10/31	5.72	5.83	5.68	5.71	17379247	99855760.00
2014/11/03	5.75	5.85	5.69	5.76	13502726	77962056.00
2014/11/04	5.77	5.89	5.73	5.84	15956128	93018880.00
2014/11/05	5.86	5.88	5.75	5.85	11191398	65152400.00
2014/11/06	5.85	5.87	5.77	5.87	9212498	53649872.00
2014/11/07	5.87	5.89	5.70	5.72	11343348	65923308.00
2014/11/10	5.78	5.81	5.67	5.79	8208299	47251108.00
2014/11/11	5.79	5.82	5.42	5.51	13147522	73727072.00
2014/11/12	5.49	5.61	5.46	5.61	5997661	33359050.00
2014/11/13	5.60	5.60	5.48	5.50	7137474	39494104.00
2014/11/14	5.49	5.58	5.44	5.51	4852338	26770860.00
2014/11/17	5.55	5.91	5.55	5.78	15399351	88542848.00
2014/11/18	5.71	5.82	5.67	5.82	11186347	64430212.00
2014/11/19	5.76	5.82	5.73	5.77	6539183	37700496.00
2014/11/20	5.74	5.98	5.70	5.95	19225015	112887312.00
2014/11/21	5.90	5.96	5.84	5.91	12150418	71680408.00
2014/11/24	5.96	6.06	5.87	5.92	16327156	97153672.00
2014/11/25	5.93	6.05	5.88	5.99	12678068	75653424.00
2014/11/26	6.00	6.02	5.84	5.95	11725610	69358800.00
2014/11/27	5.94	5.97	5.87	5.92	10294358	60883180.00
2014/11/28	5.92	6.10	5.89	6.04	20024853	119875904.00
2014/12/01	6.04	6.06	5.86	5.93	14137986	84237200.00
2014/12/02	5.91	5.99	5.89	5.97	10818409	64418500.00
2014/12/03	5.95	6.00	5.87	5.99	15019301	89171368.00
2014/12/04	5.98	6.12	5.94	6.10	19946354	120977992.00
2014/12/05	6.09	6.48	5.71	6.31	32684820	199054592.00
2014/12/08	6.31	6.62	6.25	6.49	38096145	246348560.00
2014/12/09	6.50	6.64	6.00	6.04	33121228	210602624.00
2014/12/10	6.03	6.47	5.92	6.46	20529220	126295680.00
2014/12/11	6.35	6.45	6.25	6.40	17255826	109834176.00
2014/12/12	6.35	6.40	6.27	6.31	10706739	67649056.00
2014/12/15	6.54	6.60	6.35	6.41	21894628	141212912.00
2014/12/16	6.36	6.39	6.27	6.31	15044507	95134536.00
2014/12/17	6.25	6.29	6.13	6.22	13098035	81404264.00
2014/12/18	6.21	6.25	6.16	6.18	8085178	50226080.00
2014/12/19	6.18	6.20	5.99	6.05	12606425	76390840.00
2014/12/22	6.05	6.05	5.69	5.74	13798391	80712400.00
2014/12/23	5.74	5.85	5.71	5.75	6613717	38356376.00
2014/12/24	5.78	5.92	5.78	5.91	6769321	39651384.00
2014/12/25	6.06	6.27	6.00	6.16	15875121	97620248.00
2014/12/26	6.16	6.23	6.10	6.17	8803609	54273904.00
2014/12/29	6.20	6.20	6.03	6.08	9372787	57209572.00
2014/12/30	6.08	6.10	5.88	5.90	6942512	41355168.00
2014/12/31	5.88	6.16	5.87	6.09	8875455	53832388.00
2015/01/05	6.14	6.31	6.05	6.24	15121700	93578672.00
2015/01/06	6.18	6.24	6.08	6.22	9346645	57585204.00
2015/01/07	6.22	6.39	6.14	6.31	14396588	90345736.00
2015/01/08	6.28	6.30	6.14	6.19	8823194	54757576.00
2015/01/09	6.16	6.20	6.03	6.06	8403177	51582336.00
2015/01/12	6.02	6.02	5.79	5.90	7624248	44999548.00
2015/01/13	5.90	5.96	5.80	5.96	3141924	18545568.00
2015/01/14	5.93	6.01	5.85	5.96	4843851	28718846.00
2015/01/15	5.91	6.00	5.88	5.96	5451668	32375524.00
2015/01/16	5.95	5.98	5.90	5.94	7010973	41693328.00
2015/01/19	5.85	5.85	5.38	5.51	11384013	64512352.00
2015/01/20	5.59	5.69	5.53	5.68	7184813	40310352.00
2015/01/21	5.70	6.00	5.65	5.86	9075949	52689588.00
2015/01/22	5.83	5.99	5.82	5.93	7096770	41874516.00
2015/01/23	5.90	5.98	5.85	5.88	8800400	52000396.00
2015/01/26	5.88	6.04	5.85	6.04	11743730	70102800.00
2015/01/27	6.03	6.11	5.94	6.06	10745253	64846608.00
2015/01/28	6.01	6.14	6.00	6.07	11455493	69609256.00
2015/01/29	6.01	6.12	5.98	6.12	7854969	47613996.00
2015/01/30	6.10	6.13	5.96	6.02	7329798	44173640.00
2015/02/02	5.97	6.04	5.90	6.02	9303849	55533988.00
2015/02/03	6.00	6.17	5.98	6.16	10329402	62784968.00
2015/02/04	6.15	6.20	6.08	6.10	8411105	51712928.00
2015/02/05	6.14	6.16	6.03	6.09	6572352	39985936.00
2015/02/06	6.11	6.33	6.07	6.23	24030046	149046864.00
2015/02/09	6.24	6.38	6.20	6.30	15853074	100022624.00
2015/02/10	6.29	6.32	6.19	6.26	8263512	51683400.00
2015/02/11	6.27	6.54	6.24	6.48	16061762	102875928.00
2015/02/12	6.47	6.98	6.43	6.74	31723570	213036304.00
2015/02/13	6.85	6.95	6.68	6.78	18897462	128615784.00
2015/02/16	6.74	6.90	6.69	6.79	12391510	83959520.00
2015/02/17	6.77	6.80	6.57	6.71	13138964	87583080.00
2015/02/25	6.71	6.87	6.62	6.76	9738422	65490160.00
2015/02/26	6.75	6.84	6.68	6.80	8682732	58765072.00
2015/02/27	6.80	6.99	6.72	6.95	13849285	95217776.00
2015/03/02	6.93	6.94	6.80	6.89	12554583	86117800.00
2015/03/03	6.85	6.87	6.75	6.76	9237699	62900304.00
2015/03/04	6.75	6.82	6.68	6.77	12178278	82072856.00
2015/03/05	6.75	6.77	6.60	6.70	9956803	66327064.00
2015/03/06	6.68	6.74	6.61	6.68	6199467	41456316.00
2015/03/09	6.64	6.84	6.58	6.81	9553996	64433612.00
2015/03/10	6.80	6.97	6.80	6.90	10726447	74147864.00
2015/03/11	6.92	6.96	6.80	6.86	8656621	59528208.00
2015/03/12	6.84	6.95	6.83	6.92	7477033	51516456.00
2015/03/13	6.92	7.56	6.92	7.27	21672694	157854592.00
2015/03/16	7.28	7.50	7.25	7.43	15522235	114380008.00
2015/03/17	7.42	7.54	7.37	7.43	14125796	105065792.00
2015/03/18	7.48	7.52	7.37	7.50	12745027	94823840.00
2015/03/19	7.48	7.49	7.32	7.41	14483807	107439544.00
2015/03/20	7.44	7.88	7.35	7.72	20632361	157291744.00
2015/03/23	7.73	7.78	7.62	7.74	13619607	105030384.00
2015/03/24	7.76	8.35	7.60	8.27	26883792	212579712.00
2015/03/25	8.30	8.88	8.18	8.22	30845004	262298688.00
2015/03/26	8.15	8.17	7.85	8.02	17916824	143949872.00
2015/03/27	8.02	8.36	7.93	8.30	15491952	127118792.00
2015/03/30	8.20	8.68	8.18	8.45	15256439	128483288.00
2015/03/31	8.47	8.52	8.10	8.26	12021944	99639808.00
2015/04/01	8.27	8.50	8.27	8.37	11630471	97627520.00
2015/04/02	8.37	8.50	8.31	8.48	14047880	118181792.00
2015/04/03	8.49	8.80	8.39	8.65	14493637	124842464.00
2015/04/07	8.80	9.09	8.80	8.90	19991252	178758096.00
2015/04/08	8.91	8.99	8.50	8.70	17137778	149737936.00
2015/04/09	8.70	8.75	8.12	8.40	14033241	118227048.00
2015/04/10	8.36	8.78	8.30	8.77	15149744	130058912.00
2015/04/13	8.79	9.45	8.79	9.15	26823208	246077632.00
2015/04/14	9.17	9.48	9.00	9.22	21218762	196750784.00
2015/04/15	9.10	9.23	8.80	8.85	15765849	141558544.00
2015/04/16	8.50	8.98	8.42	8.82	11895288	104209032.00
2015/04/17	8.96	8.99	8.70	8.85	15070260	132804824.00
2015/04/20	8.93	9.74	8.91	9.74	25697112	243002288.00
2015/04/21	10.20	10.40	9.74	10.02	62605538	628175168.00
2015/04/22	9.84	10.17	9.79	10.03	34217036	341454176.00
2015/04/23	10.21	11.03	10.21	11.03	57534247	628788864.00
2015/04/24	11.03	11.30	10.54	11.02	53807489	588444928.00
2015/04/27	11.08	12.12	10.81	11.77	41991397	482638432.00
2015/04/28	11.71	12.56	11.60	12.11	43418639	528814560.00
2015/04/29	11.95	12.53	11.71	12.32	25640451	314052992.00
2015/04/30	12.18	12.26	11.55	11.75	24083844	286349440.00
2015/05/05	11.75	11.75	11.75	11.75	0	0.00
数据来源:通达信
