600651 飞乐音响 日线 前复权
      日期	    开盘	    最高	    最低	    收盘	    成交量	    成交额
2011/10/10	7.74	8.00	7.68	7.90	16371824	156133968.00
2011/10/11	8.05	8.14	7.76	8.00	16612936	159970736.00
2011/10/12	7.91	8.27	7.69	8.19	23109723	226452640.00
2011/10/13	8.16	8.20	7.98	8.12	16614173	163178224.00
2011/10/14	8.05	8.10	7.86	7.94	10224571	98542920.00
2011/10/17	7.90	8.05	7.90	7.91	8157509	78804536.00
2011/10/18	7.83	7.85	7.57	7.59	10598164	98783568.00
2011/10/19	7.62	7.96	7.61	7.83	10634212	101056688.00
2011/10/20	7.77	7.82	7.28	7.35	11636335	105389792.00
2011/10/21	7.33	7.40	6.93	7.05	8621427	74876568.00
2011/10/24	7.08	7.24	6.73	7.16	5895546	50295328.00
2011/10/25	7.16	7.33	7.03	7.25	6185508	54112256.00
2011/10/26	7.20	7.57	7.16	7.37	8705791	78149920.00
2011/10/27	7.41	7.48	7.26	7.28	4888436	43792728.00
2011/10/28	7.41	7.50	7.33	7.41	6441981	57961084.00
2011/10/31	7.41	7.45	7.29	7.32	6948651	61956268.00
2011/11/01	7.25	7.83	7.23	7.70	16995701	157387776.00
2011/11/02	7.58	8.15	7.56	8.10	24554527	235986672.00
2011/11/03	8.15	8.55	7.95	7.97	43136498	432277568.00
2011/11/04	8.05	8.13	7.90	8.12	16732063	163314016.00
2011/11/07	8.13	8.54	8.13	8.24	21841516	221026208.00
2011/11/08	8.18	8.23	7.99	8.01	12244249	120320720.00
2011/11/09	8.00	8.28	7.96	8.26	10311815	101348424.00
2011/11/10	8.16	8.22	8.01	8.05	9101514	89557976.00
2011/11/11	8.06	8.19	8.00	8.05	6799563	66599800.00
2011/11/14	8.12	8.26	8.03	8.20	10275596	101805528.00
2011/11/15	8.20	8.24	7.98	8.10	10806739	106246352.00
2011/11/16	8.17	8.23	7.82	7.94	10924306	106492616.00
2011/11/17	7.90	8.00	7.81	7.87	8186300	78451360.00
2011/11/18	7.85	7.92	7.62	7.70	8186542	76932344.00
2011/11/21	7.65	7.73	7.45	7.50	7131250	65265104.00
2011/11/22	7.48	7.54	7.40	7.50	7731915	70343096.00
2011/11/23	7.54	7.64	7.47	7.49	6363476	58490528.00
2011/11/24	7.41	7.45	7.24	7.31	9040876	80391928.00
2011/11/25	7.35	7.40	7.13	7.17	7697761	67756768.00
2011/11/28	7.18	7.23	7.00	7.16	6194022	53642144.00
2011/11/29	7.25	7.29	7.17	7.28	7550977	66326872.00
2011/11/30	7.27	7.27	6.83	6.85	8040228	68314448.00
2011/12/01	7.10	7.14	6.95	6.98	6956982	59476240.00
2011/12/02	6.99	7.06	6.94	7.02	4062457	34596772.00
2011/12/05	7.01	7.04	6.83	6.92	3187485	26819346.00
2011/12/06	6.95	7.08	6.82	7.07	5226850	44235252.00
2011/12/07	7.07	7.41	7.03	7.30	9941617	86824488.00
2011/12/08	7.26	7.40	7.13	7.31	9980802	88177328.00
2011/12/09	7.17	7.30	7.08	7.16	7136722	62501772.00
2011/12/12	7.20	7.22	6.90	6.94	5071534	43177000.00
2011/12/13	6.90	7.08	6.59	6.96	10257788	84631368.00
2011/12/14	7.07	7.07	6.63	6.73	13084887	108181232.00
2011/12/15	6.57	6.57	6.05	6.30	10788312	81887648.00
2011/12/16	6.28	6.28	5.97	6.25	6527170	48815080.00
2011/12/19	6.20	6.26	6.05	6.24	3767026	28369132.00
2011/12/20	6.20	6.31	6.17	6.23	3330653	25302742.00
2011/12/21	6.27	6.45	6.10	6.25	4472870	34036692.00
2011/12/22	6.15	6.15	5.79	5.95	4735747	34142796.00
2011/12/26	5.91	5.98	5.88	5.93	2255795	16309896.00
2011/12/27	5.92	5.92	5.63	5.64	3358724	23487174.00
2011/12/28	5.50	5.58	5.20	5.42	5059647	33058008.00
2011/12/29	5.33	5.45	5.29	5.40	2589943	17027292.00
2011/12/30	5.39	5.46	5.39	5.44	2653205	17587466.00
2012/01/04	5.48	5.50	5.23	5.25	2665596	17481984.00
2012/01/05	5.20	5.31	5.06	5.14	5948317	37700952.00
2012/01/06	5.10	5.48	5.04	5.19	13080177	81907728.00
2012/01/09	5.15	5.35	4.85	5.33	11258904	70578128.00
2012/01/10	5.24	5.60	5.22	5.59	10968113	72764240.00
2012/01/11	5.63	5.63	5.41	5.55	8200334	55208248.00
2012/01/12	5.48	5.64	5.46	5.50	6075077	41052296.00
2012/01/13	5.47	5.52	5.19	5.20	5323642	34549344.00
2012/01/16	5.15	5.16	4.99	4.99	2721079	16894172.00
2012/01/17	4.99	5.30	4.99	5.28	4334886	27420732.00
2012/01/18	5.30	5.48	5.17	5.19	4709621	30667074.00
2012/01/19	5.19	5.30	5.19	5.23	3251151	20796236.00
2012/01/20	5.27	5.36	5.25	5.35	2823710	18330176.00
2012/01/30	5.39	5.41	5.30	5.30	2677735	17463940.00
2012/01/31	5.29	5.37	5.28	5.36	2176868	14123192.00
2012/02/01	5.37	5.55	5.31	5.47	7694372	51265448.00
2012/02/02	5.46	5.55	5.42	5.54	4916677	32916460.00
2012/02/03	5.55	5.64	5.50	5.60	5768621	39206112.00
2012/02/06	5.59	5.66	5.56	5.58	5138459	35100652.00
2012/02/07	5.58	5.64	5.53	5.61	5842108	39744572.00
2012/02/08	5.61	5.93	5.53	5.90	9318266	65570508.00
2012/02/09	5.85	6.03	5.81	5.91	7861079	56865520.00
2012/02/10	5.87	6.11	5.85	6.10	7488888	55134908.00
2012/02/13	6.05	6.52	6.00	6.38	12135341	92951456.00
2012/02/14	6.37	6.39	6.20	6.28	6936987	52804376.00
2012/02/15	6.24	6.32	6.19	6.30	4902384	37387864.00
2012/02/16	6.29	6.35	6.20	6.23	5491936	41835288.00
2012/02/17	6.23	6.48	6.16	6.17	6112018	46678712.00
2012/02/20	6.25	6.30	6.12	6.13	4459960	33656004.00
2012/02/21	6.12	6.18	5.97	6.17	5378683	39753624.00
2012/02/22	6.17	6.30	6.10	6.27	4982537	37711652.00
2012/02/23	6.27	6.30	6.20	6.25	3845730	29226900.00
2012/02/24	6.29	6.37	6.20	6.36	6519434	49947704.00
2012/02/27	6.37	6.50	6.34	6.37	8147244	63668692.00
2012/02/28	6.30	6.40	6.28	6.36	4724102	36454304.00
2012/02/29	6.36	6.57	6.35	6.37	7823804	61544248.00
2012/03/01	6.40	6.54	6.34	6.48	7496188	58928852.00
2012/03/02	6.47	6.77	6.47	6.67	12282499	99744776.00
2012/03/05	6.78	6.84	6.64	6.67	9612216	78329816.00
2012/03/06	6.62	6.65	6.41	6.46	7708661	61007628.00
2012/03/07	6.38	6.55	6.34	6.45	6140491	48225836.00
2012/03/08	6.46	6.70	6.45	6.56	8241233	66128460.00
2012/03/09	6.55	6.63	6.50	6.59	5325288	42424908.00
2012/03/12	6.60	6.65	6.49	6.53	6459948	51543852.00
2012/03/13	6.53	6.62	6.50	6.61	5485204	43819188.00
2012/03/14	6.65	6.68	6.08	6.17	9481521	74661016.00
2012/03/15	6.25	6.38	6.09	6.19	8525123	64588352.00
2012/03/16	6.20	6.33	6.20	6.30	5565319	42549260.00
2012/03/19	6.29	6.42	6.26	6.40	5980504	46255132.00
2012/03/20	6.40	6.44	6.15	6.15	5007558	38329628.00
2012/03/21	6.23	6.29	6.09	6.15	4925820	36927148.00
2012/03/22	6.15	6.21	6.10	6.20	4035854	30243016.00
2012/03/23	6.16	6.19	5.98	6.01	4033442	29837274.00
2012/03/26	6.01	6.08	5.89	5.95	3315531	24094384.00
2012/03/27	5.95	6.04	5.89	5.92	3920235	28517486.00
2012/03/28	5.91	5.92	5.46	5.51	8058708	55603352.00
2012/03/29	5.50	5.52	5.35	5.44	3207943	21325996.00
2012/03/30	5.50	5.52	5.40	5.50	4028136	26799604.00
2012/04/05	5.50	5.70	5.50	5.64	6821175	46590196.00
2012/04/09	5.62	5.66	5.52	5.53	4437539	30296448.00
2012/04/10	5.59	5.64	5.34	5.60	5731654	38229080.00
2012/04/11	5.62	5.74	5.54	5.64	7457282	51310280.00
2012/04/12	5.76	6.21	5.76	6.21	24177593	181890512.00
2012/04/13	6.42	6.54	6.28	6.33	36106308	281103616.00
2012/04/16	6.20	6.34	6.10	6.20	16532014	124922640.00
2012/04/17	6.17	6.44	6.15	6.27	13617032	103495608.00
2012/04/18	6.19	6.43	6.19	6.39	13824937	106614848.00
2012/04/19	6.36	6.45	6.22	6.27	9913531	76136104.00
2012/04/20	6.31	6.81	6.25	6.50	22784458	181589024.00
2012/04/23	6.47	6.77	6.42	6.55	14668951	117763760.00
2012/04/24	6.46	6.70	6.30	6.68	16720180	132840672.00
2012/04/25	6.69	6.97	6.66	6.79	24467951	202689552.00
2012/04/26	6.76	6.76	6.58	6.65	11103323	90080528.00
2012/04/27	6.75	6.86	6.64	6.65	8626303	70596424.00
2012/05/02	6.73	6.89	6.69	6.78	11304852	93494552.00
2012/05/03	6.80	6.80	6.57	6.61	12733316	102933608.00
2012/05/04	6.65	6.69	6.60	6.64	6449631	52037480.00
2012/05/07	6.65	7.04	6.64	6.92	18898003	156851520.00
2012/05/08	6.90	6.90	6.75	6.80	9122242	75486520.00
2012/05/09	6.75	6.75	6.60	6.60	8849768	71641776.00
2012/05/10	6.60	6.67	6.53	6.65	5120981	41136236.00
2012/05/11	6.65	6.68	6.54	6.55	4725097	37914472.00
2012/05/14	6.59	6.63	6.48	6.49	5339310	42598152.00
2012/05/15	6.44	6.72	6.41	6.58	7258659	58005464.00
2012/05/17	6.50	6.74	6.45	6.71	8841957	71342160.00
2012/05/18	6.65	6.67	6.47	6.48	7984536	63896784.00
2012/05/21	6.45	6.51	6.39	6.44	5035396	39412000.00
2012/05/22	6.48	6.65	6.45	6.65	6411251	51176072.00
2012/05/23	6.65	6.70	6.49	6.52	6911222	55193644.00
2012/05/24	6.50	6.63	6.49	6.53	4641342	36984032.00
2012/05/25	6.54	6.60	6.39	6.40	5556808	43820724.00
2012/05/28	6.37	6.46	6.20	6.45	4782673	36888904.00
2012/05/29	6.47	6.69	6.45	6.65	9752845	78124904.00
2012/05/30	6.65	6.80	6.56	6.72	10673475	86862520.00
2012/05/31	6.66	6.77	6.63	6.70	8522578	69578240.00
2012/06/01	6.70	6.74	6.60	6.65	5500227	44594888.00
2012/06/04	6.53	6.54	6.33	6.33	7732031	60558836.00
2012/06/05	6.34	6.39	6.24	6.27	5794263	44404756.00
2012/06/06	6.32	6.34	6.21	6.25	4131049	31508002.00
2012/06/07	6.32	6.34	6.11	6.13	4674522	35461308.00
2012/06/08	6.23	6.23	6.10	6.14	3783870	28336024.00
2012/06/11	6.13	6.25	6.12	6.23	4900219	36838004.00
2012/06/12	6.20	6.20	6.07	6.09	3152755	23503658.00
2012/06/13	6.14	6.29	6.10	6.25	4105784	31023562.00
2012/06/14	6.25	6.27	6.16	6.18	3187728	24140080.00
2012/06/15	6.17	6.24	6.09	6.17	2594962	19486540.00
2012/06/18	6.20	6.26	6.19	6.24	2325259	17640720.00
2012/06/19	6.24	6.24	6.11	6.12	4081184	30522210.00
2012/06/20	6.16	6.17	6.09	6.10	2012812	14997250.00
2012/06/21	6.08	6.12	5.90	5.93	3762605	27292456.00
2012/06/25	5.91	5.91	5.75	5.76	2651953	18784244.00
2012/06/26	5.67	5.82	5.66	5.78	3567063	25075652.00
2012/06/27	5.82	5.84	5.74	5.77	2514106	17729964.00
2012/06/28	5.80	5.83	5.67	5.68	2059732	14460097.00
2012/06/29	5.66	5.80	5.60	5.80	2959615	20559880.00
2012/07/02	5.86	5.98	5.81	5.88	3124196	18659426.00
2012/07/03	5.89	5.92	5.80	5.84	3082091	18283754.00
2012/07/04	5.86	5.88	5.76	5.77	2302549	13540286.00
2012/07/05	5.77	5.77	5.59	5.62	3084274	17634028.00
2012/07/06	5.69	5.78	5.59	5.76	3211923	18469856.00
2012/07/09	5.73	5.73	5.53	5.56	3061032	17432276.00
2012/07/10	5.53	5.59	5.49	5.53	1948927	10917599.00
2012/07/11	5.52	5.57	5.49	5.56	1660699	9308438.00
2012/07/12	5.57	5.70	5.53	5.68	5063110	28828240.00
2012/07/13	5.65	5.69	5.60	5.62	2488991	14202918.00
2012/07/16	5.62	5.62	5.31	5.32	4635306	25493044.00
2012/07/17	5.33	5.40	5.30	5.35	2121510	11502173.00
2012/07/18	5.37	5.40	5.28	5.40	2477523	13379894.00
2012/07/19	5.39	5.84	5.36	5.70	8717827	49977068.00
2012/07/20	5.64	5.80	5.59	5.73	7004322	40430104.00
2012/07/23	5.62	5.66	5.54	5.59	4007231	22675840.00
2012/07/24	5.52	5.63	5.49	5.57	3196622	18014796.00
2012/07/25	5.57	5.58	5.46	5.49	2378458	13295204.00
2012/07/26	5.49	5.57	5.45	5.47	2563501	14298470.00
2012/07/27	5.52	5.52	5.40	5.45	2451728	13537265.00
2012/07/30	5.42	5.49	5.29	5.31	2532360	13807357.00
2012/07/31	5.35	5.37	5.19	5.21	2196989	11725914.00
2012/08/01	5.23	5.39	5.23	5.36	3326329	17944640.00
2012/08/02	5.36	5.38	5.23	5.26	2435997	13085752.00
2012/08/03	5.28	5.51	5.28	5.44	4077662	22433464.00
2012/08/06	5.45	5.57	5.35	5.56	3725048	20711218.00
2012/08/07	5.57	5.59	5.50	5.58	4027386	22618548.00
2012/08/08	5.57	5.59	5.50	5.54	2573487	14433476.00
2012/08/09	5.53	5.57	5.43	5.57	4375296	24406040.00
2012/08/10	5.57	5.57	5.47	5.51	2931759	16377477.00
2012/08/13	5.46	5.50	5.32	5.33	3456439	18897850.00
2012/08/14	5.31	5.46	5.24	5.44	3501977	18932192.00
2012/08/15	5.42	5.42	5.28	5.31	3074716	16606824.00
2012/08/16	5.32	5.34	5.23	5.25	2591697	13830526.00
2012/08/17	5.27	5.33	5.22	5.30	1950319	10446971.00
2012/08/20	5.28	5.32	5.21	5.31	1574317	8406042.00
2012/08/21	5.33	5.51	5.29	5.46	4658104	25626630.00
2012/08/22	5.41	5.47	5.34	5.37	2789340	15243750.00
2012/08/23	5.34	5.56	5.34	5.48	4700548	26061214.00
2012/08/24	5.44	5.48	5.33	5.33	3075921	16809640.00
2012/08/27	5.34	5.40	5.23	5.30	4018300	21609712.00
2012/08/28	5.38	5.41	5.31	5.36	3021380	16381878.00
2012/08/29	5.41	5.62	5.38	5.51	11133393	62291676.00
2012/08/30	5.50	5.57	5.38	5.56	7337476	40853188.00
2012/08/31	5.42	5.43	5.21	5.28	8468999	45427072.00
2012/09/03	5.27	5.28	5.01	5.21	5846738	30812192.00
2012/09/04	5.23	5.26	5.10	5.12	3710648	19423564.00
2012/09/05	5.12	5.20	5.06	5.16	3421264	17831236.00
2012/09/06	5.15	5.23	5.12	5.19	2452739	12858522.00
2012/09/07	5.22	5.44	5.22	5.38	7661317	41547496.00
2012/09/10	5.37	5.45	5.35	5.44	11117433	60916928.00
2012/09/11	5.40	5.40	5.31	5.38	5504914	29847688.00
2012/09/12	5.40	5.45	5.36	5.43	5304724	29031088.00
2012/09/13	5.42	5.45	5.28	5.29	4779892	26000676.00
2012/09/14	5.32	5.37	5.25	5.27	4450208	23899036.00
2012/09/17	5.26	5.27	5.12	5.13	5078980	26702988.00
2012/09/18	5.12	5.17	5.09	5.14	2609020	13565411.00
2012/09/19	5.15	5.21	5.11	5.18	1981574	10370875.00
2012/09/20	5.17	5.17	5.02	5.03	3353762	17234346.00
2012/09/21	5.02	5.06	4.99	5.01	2364741	12052000.00
2012/09/24	4.95	5.02	4.90	5.00	2331567	11728606.00
2012/09/25	5.02	5.02	4.93	4.94	1795711	9030653.00
2012/09/26	4.94	4.97	4.80	4.81	2493945	12321677.00
2012/09/27	4.77	4.97	4.77	4.87	3226904	15949675.00
2012/09/28	4.85	4.98	4.81	4.98	2835193	14183100.00
2012/10/08	4.99	5.04	4.92	4.94	2435622	12266599.00
2012/10/09	4.94	5.09	4.94	5.07	3521928	17986388.00
2012/10/10	5.08	5.15	5.03	5.14	4455908	23088860.00
2012/10/11	5.13	5.15	5.01	5.02	3249690	16724851.00
2012/10/12	5.02	5.50	4.95	5.33	16785300	88968080.00
2012/10/15	5.32	5.32	5.10	5.18	9383888	49163212.00
2012/10/16	5.18	5.19	5.09	5.11	5103251	26598458.00
2012/10/17	5.17	5.18	5.08	5.14	2431600	12665879.00
2012/10/18	5.21	5.28	5.16	5.22	4651802	24609904.00
2012/10/19	5.25	5.25	5.15	5.19	3157306	16610826.00
2012/10/22	5.16	5.22	5.12	5.20	2710557	14245329.00
2012/10/23	5.20	5.20	5.08	5.12	3284965	17138016.00
2012/10/24	5.10	5.18	5.06	5.12	2567170	13346654.00
2012/10/25	5.10	5.16	5.01	5.02	3198414	16509945.00
2012/10/26	5.02	5.05	4.88	4.94	3240167	16282722.00
2012/10/29	4.91	4.91	4.80	4.84	4409803	21665492.00
2012/10/30	4.84	4.88	4.78	4.81	3055108	14960065.00
2012/10/31	4.81	4.85	4.80	4.84	2595799	12695892.00
2012/11/01	4.84	4.95	4.84	4.94	4020031	20015588.00
2012/11/02	4.94	4.95	4.88	4.93	2834626	14134009.00
2012/11/05	4.93	5.00	4.92	4.92	3722903	18694440.00
2012/11/06	4.92	4.94	4.81	4.89	4583069	22622164.00
2012/11/07	4.89	4.91	4.81	4.86	3539424	17403292.00
2012/11/08	4.80	4.83	4.71	4.71	3536940	17100668.00
2012/11/09	4.71	4.74	4.66	4.71	1719509	8221773.00
2012/11/12	4.73	4.75	4.67	4.73	2771981	13228567.00
2012/11/13	4.74	4.75	4.58	4.59	2865264	13501937.00
2012/11/14	4.63	4.68	4.60	4.65	1893647	8915683.00
2012/11/15	4.61	4.62	4.51	4.52	1998523	9263419.00
2012/11/16	4.62	4.62	4.46	4.47	1781278	8143608.00
2012/11/19	4.49	4.55	4.43	4.52	1962140	8982064.00
2012/11/20	4.53	4.56	4.43	4.44	1769340	8059966.00
2012/11/21	4.44	4.56	4.40	4.56	2991913	13616563.00
2012/11/22	4.53	4.59	4.48	4.52	3694119	16969310.00
2012/11/23	4.52	4.66	4.50	4.53	5098802	23643946.00
2012/11/26	4.51	4.53	4.39	4.41	3436110	15539473.00
2012/11/27	4.37	4.40	4.16	4.18	3209909	13917230.00
2012/11/28	4.17	4.20	4.03	4.07	2423408	10076000.00
2012/11/29	4.06	4.11	4.00	4.00	1898744	7835933.00
2012/11/30	4.00	4.06	3.99	4.04	1702842	6983863.00
2012/12/03	4.05	4.06	3.88	3.88	2127150	8622246.00
2012/12/04	3.90	3.97	3.85	3.96	2044315	8117405.00
2012/12/05	3.96	4.15	3.90	4.11	4454460	18502676.00
2012/12/06	4.12	4.18	4.10	4.14	3127949	13152820.00
2012/12/07	4.14	4.25	4.10	4.23	2998366	12822157.00
2012/12/10	4.22	4.34	4.22	4.33	3823639	16707962.00
2012/12/11	4.33	4.33	4.26	4.27	3335372	14534343.00
2012/12/12	4.26	4.31	4.18	4.24	2563848	11034975.00
2012/12/13	4.23	4.25	4.13	4.14	2136260	9082039.00
2012/12/14	4.13	4.37	4.12	4.35	5957893	26024028.00
2012/12/17	4.36	4.49	4.32	4.45	9037605	40457476.00
2012/12/18	4.41	4.60	4.38	4.48	9162139	41685248.00
2012/12/19	4.46	4.48	4.39	4.44	3700609	16703794.00
2012/12/20	4.47	4.47	4.35	4.42	4265437	19019628.00
2012/12/21	4.43	4.48	4.37	4.41	3972750	17806744.00
2012/12/24	4.40	4.52	4.38	4.48	8459903	38221704.00
2012/12/25	4.44	4.58	4.41	4.55	11071386	50657148.00
2012/12/26	4.54	4.82	4.51	4.70	17782501	84203792.00
2012/12/27	4.66	4.71	4.54	4.56	10586633	49591936.00
2012/12/28	4.60	4.62	4.53	4.60	5692132	26485632.00
2012/12/31	4.63	4.71	4.60	4.63	5813209	27445608.00
2013/01/04	4.68	4.70	4.54	4.59	7582782	35336528.00
2013/01/07	4.59	4.59	4.49	4.58	6438555	29768620.00
2013/01/08	4.57	4.68	4.54	4.65	9060827	42533528.00
2013/01/09	4.63	4.81	4.59	4.67	12581523	59780240.00
2013/01/10	4.67	4.70	4.61	4.68	9053552	42779040.00
2013/01/11	4.69	4.79	4.53	4.54	9561808	45343468.00
2013/01/14	4.52	4.70	4.50	4.67	7548302	35294168.00
2013/01/15	4.67	4.87	4.66	4.78	13527473	65688676.00
2013/01/16	4.78	4.88	4.70	4.87	13098880	63728660.00
2013/01/17	4.83	4.85	4.76	4.76	6261296	30470960.00
2013/01/18	4.83	5.01	4.76	4.92	13166923	65195572.00
2013/01/21	4.88	5.08	4.88	4.95	10396561	52547384.00
2013/01/22	4.96	4.96	4.79	4.82	10336462	51152748.00
2013/01/23	4.82	4.85	4.68	4.77	7758289	37456560.00
2013/01/24	4.77	4.85	4.51	4.59	10287360	48838432.00
2013/01/25	4.60	4.63	4.55	4.58	4409394	20503534.00
2013/01/28	4.60	4.75	4.55	4.72	8226840	39085216.00
2013/01/29	4.72	4.86	4.69	4.83	15145185	73536584.00
2013/01/30	4.83	4.95	4.80	4.84	12501990	61972024.00
2013/01/31	4.85	4.95	4.85	4.89	8397381	41670352.00
2013/02/01	4.85	5.08	4.79	5.03	19086694	95720528.00
2013/02/04	5.10	5.22	4.98	5.00	22767302	117796336.00
2013/02/05	4.93	5.00	4.88	4.98	9179354	45930128.00
2013/02/06	4.96	5.18	4.94	5.11	16705711	86131720.00
2013/02/07	5.12	5.16	4.99	5.02	9739013	49954184.00
2013/02/08	5.03	5.06	4.97	5.01	8542678	43492196.00
2013/02/18	5.03	5.07	5.00	5.02	8862076	45157984.00
2013/02/19	5.02	5.05	4.90	4.93	8581517	43051712.00
2013/02/20	4.93	5.10	4.90	5.07	11351859	57452196.00
2013/02/21	5.02	5.03	4.85	4.87	8971092	44871588.00
2013/02/22	4.86	4.90	4.79	4.80	6008681	29585096.00
2013/02/25	4.76	4.85	4.76	4.83	4769902	23302436.00
2013/02/26	4.81	4.84	4.68	4.70	6002087	29096298.00
2013/02/27	4.73	4.77	4.62	4.73	4429713	21209752.00
2013/02/28	4.82	4.95	4.80	4.95	14632626	72648768.00
2013/03/01	4.92	4.96	4.87	4.94	9545883	47509528.00
2013/03/04	4.91	4.91	4.68	4.69	9826081	47571708.00
2013/03/05	4.69	4.91	4.69	4.89	9710759	47638876.00
2013/03/06	4.90	5.01	4.84	4.99	12463137	62704336.00
2013/03/07	4.99	4.99	4.84	4.89	9586478	47812580.00
2013/03/08	4.90	4.95	4.86	4.88	5172299	25708346.00
2013/03/11	4.88	4.99	4.85	4.98	7998456	40136684.00
2013/03/12	4.96	4.99	4.74	4.82	8400839	41457168.00
2013/03/13	4.80	5.11	4.73	5.02	21605246	108825664.00
2013/03/14	4.96	5.18	4.94	5.10	20612232	105959840.00
2013/03/15	5.07	5.23	5.02	5.15	21429902	111405408.00
2013/03/18	5.21	5.35	5.06	5.10	27905295	147622720.00
2013/03/19	5.05	5.10	4.91	5.04	14206546	71930784.00
2013/03/20	5.03	5.40	4.97	5.31	22309036	117331224.00
2013/03/21	5.23	5.33	5.18	5.24	15956467	84978424.00
2013/03/22	5.23	5.40	5.18	5.23	16630949	89171432.00
2013/03/25	5.26	5.30	5.13	5.15	11658193	61392880.00
2013/03/26	5.16	5.22	5.08	5.17	9177290	47946788.00
2013/03/27	5.14	5.21	5.10	5.18	8022210	41887184.00
2013/03/28	5.14	5.26	5.03	5.20	15501565	80658128.00
2013/03/29	5.18	5.22	5.10	5.16	8979476	46907704.00
2013/04/01	5.11	5.31	5.11	5.26	10556550	56009352.00
2013/04/02	5.25	5.41	5.20	5.31	18180194	97849976.00
2013/04/03	5.27	5.30	5.10	5.13	11419399	59845112.00
2013/04/08	5.04	5.38	4.99	5.37	21085535	111996048.00
2013/04/09	5.37	5.45	5.33	5.37	13741613	74973776.00
2013/04/10	5.40	5.55	5.36	5.44	17451728	96434720.00
2013/04/11	5.43	5.50	5.31	5.36	10800328	58774160.00
2013/04/12	5.32	5.36	5.25	5.30	7004583	37559780.00
2013/04/15	5.29	5.33	5.13	5.29	8201980	43560488.00
2013/04/16	5.20	5.32	5.16	5.28	7222250	38275868.00
2013/04/17	5.28	5.30	5.18	5.21	5183610	27419552.00
2013/04/18	5.16	5.38	5.11	5.37	12265958	65240748.00
2013/04/19	5.33	5.52	5.30	5.42	16618678	91450656.00
2013/04/22	5.38	5.65	5.31	5.57	17844180	99531080.00
2013/04/23	5.54	5.70	5.46	5.62	25563948	144905296.00
2013/04/24	5.60	6.01	5.52	5.89	29639795	173614880.00
2013/04/25	5.84	5.98	5.70	5.78	25549168	151016144.00
2013/04/26	5.75	5.84	5.59	5.72	13937992	80365120.00
2013/05/02	5.69	5.72	5.50	5.68	12465205	70733984.00
2013/05/03	5.64	5.84	5.64	5.82	13469168	78873344.00
2013/05/06	5.82	5.91	5.73	5.80	13170449	77399600.00
2013/05/07	5.78	5.89	5.69	5.71	11349163	66438840.00
2013/05/08	5.72	5.76	5.58	5.70	10582284	60448816.00
2013/05/09	5.67	5.95	5.60	5.94	21378715	125407872.00
2013/05/10	5.91	6.02	5.82	5.92	13900043	83103200.00
2013/05/13	5.98	6.00	5.81	5.81	10771515	64262764.00
2013/05/14	5.80	5.85	5.67	5.72	9963625	57832788.00
2013/05/15	5.68	5.86	5.63	5.83	10441175	60852016.00
2013/05/16	5.85	5.88	5.75	5.76	11469468	67393856.00
2013/05/17	5.73	6.12	5.73	6.05	23491917	142572624.00
2013/05/20	6.05	6.42	5.97	6.25	26471987	165872736.00
2013/05/21	6.23	6.36	6.17	6.26	14300541	90485408.00
2013/05/22	6.21	6.32	6.10	6.16	12813999	80170008.00
2013/05/23	6.11	6.41	6.09	6.36	21692336	138197040.00
2013/05/24	6.36	6.58	6.29	6.50	20165444	132536488.00
2013/05/27	6.49	6.57	6.43	6.45	13857408	90935624.00
2013/05/28	6.46	6.47	6.28	6.45	11854680	76306656.00
2013/05/29	6.45	6.63	6.34	6.58	15268392	100423888.00
2013/05/30	6.53	6.71	6.40	6.46	15974582	105176088.00
2013/05/31	6.44	6.48	6.28	6.30	11028296	71176664.00
2013/06/03	6.26	6.49	6.25	6.40	12262611	79157344.00
2013/06/04	6.35	6.47	6.21	6.29	7762943	49749840.00
2013/06/05	6.29	6.39	6.26	6.32	4729996	30193828.00
2013/06/06	6.32	6.32	5.99	6.02	13299239	82322928.00
2013/06/07	5.99	6.06	5.71	5.78	11455961	67777648.00
2013/06/13	5.73	5.73	5.53	5.63	8358143	47577376.00
2013/06/14	5.65	5.79	5.61	5.77	8533717	49306520.00
2013/06/17	5.76	5.76	5.54	5.54	8029330	45709020.00
2013/06/18	5.55	5.64	5.50	5.61	5654804	31918030.00
2013/06/19	5.59	5.66	5.40	5.66	11035847	61844772.00
2013/06/20	5.58	5.63	5.37	5.39	6149320	34235940.00
2013/06/21	5.24	5.44	5.20	5.38	5910844	32012826.00
2013/06/24	5.39	5.43	4.84	4.87	11558343	59561632.00
2013/06/25	4.83	5.11	4.63	5.08	14387933	71719816.00
2013/06/26	5.06	5.19	5.02	5.16	8185785	42453196.00
2013/06/27	5.16	5.22	4.93	4.97	7457792	38661120.00
2013/06/28	5.13	5.47	5.13	5.17	34609498	187770784.00
2013/07/01	5.08	5.33	4.84	5.26	18789304	95563936.00
2013/07/02	5.15	5.41	5.10	5.22	17856418	94975560.00
2013/07/03	5.13	5.27	5.07	5.19	8412148	44180392.00
2013/07/04	5.14	5.36	5.13	5.26	7460642	39744644.00
2013/07/05	5.25	5.31	5.16	5.17	6993443	36949776.00
2013/07/08	5.11	5.11	4.93	4.95	7526091	38116808.00
2013/07/09	5.00	5.03	4.92	4.96	2737279	13653104.00
2013/07/10	4.86	5.07	4.80	5.05	9772211	48645768.00
2013/07/11	5.05	5.35	5.00	5.19	16095164	84064704.00
2013/07/12	5.20	5.26	5.13	5.17	5677266	29534748.00
2013/07/15	5.27	5.69	5.26	5.45	33697641	186421408.00
2013/07/16	5.63	5.63	5.39	5.46	15817541	86938504.00
2013/07/17	5.43	5.55	5.34	5.39	12262079	66913412.00
2013/07/18	5.40	5.60	5.34	5.45	13096451	72218104.00
2013/07/19	5.46	5.74	5.45	5.61	25838766	145466720.00
2013/07/22	5.50	5.55	5.37	5.53	13643158	74765408.00
2013/07/23	5.51	5.68	5.48	5.60	13887356	78002536.00
2013/07/24	5.57	5.58	5.42	5.49	12353687	67949912.00
2013/07/25	5.47	5.51	5.27	5.28	9922444	53595148.00
2013/07/26	5.28	5.30	5.17	5.23	8409014	44038560.00
2013/07/29	5.24	5.24	5.10	5.10	4556477	23543608.00
2013/07/30	5.13	5.17	5.02	5.10	7117620	36420132.00
2013/07/31	5.10	5.23	5.07	5.10	6606195	34075552.00
2013/08/01	5.10	5.45	5.06	5.36	14654557	77604560.00
2013/08/02	5.33	5.43	5.29	5.30	11193017	60213080.00
2013/08/05	5.29	5.44	5.23	5.42	10820468	58212164.00
2013/08/06	5.36	5.54	5.34	5.42	21322621	116820656.00
2013/08/07	5.42	5.43	5.28	5.29	10860809	58206172.00
2013/08/08	5.30	5.37	5.26	5.30	5984990	31830094.00
2013/08/09	5.31	5.33	5.16	5.24	6183137	32553036.00
2013/08/12	5.25	5.40	5.21	5.38	8076911	43154248.00
2013/08/13	5.36	5.43	5.34	5.40	5911656	31973974.00
2013/08/14	5.41	5.46	5.37	5.39	8802173	47821832.00
2013/08/15	5.40	5.42	5.23	5.26	7196172	38513224.00
2013/08/16	5.23	5.42	5.12	5.13	9019664	47589456.00
2013/08/19	5.12	5.30	5.09	5.27	5794640	30388528.00
2013/08/20	5.33	5.33	5.15	5.21	5394475	28325972.00
2013/08/21	5.20	5.44	5.18	5.40	11347286	60644176.00
2013/08/22	5.36	5.61	5.26	5.45	18087204	99452584.00
2013/08/23	5.44	5.52	5.23	5.33	13545598	73018928.00
2013/08/26	5.33	5.63	5.29	5.57	20185635	112021352.00
2013/08/27	5.56	5.86	5.53	5.66	26014503	148779472.00
2013/08/28	5.62	6.06	5.55	5.91	40202500	236897760.00
2013/08/29	5.88	5.92	5.62	5.76	18344908	106384424.00
2013/08/30	5.76	6.18	5.76	5.93	31169529	187482416.00
2013/09/02	6.53	6.53	5.98	6.02	42183138	263597936.00
2013/09/03	5.96	6.38	5.92	6.18	27030282	167602320.00
2013/09/04	6.07	6.36	6.02	6.15	26095751	161754176.00
2013/09/05	6.23	6.77	6.09	6.77	79630338	526135008.00
2013/09/06	6.73	7.06	6.53	6.74	80344976	546692864.00
2013/09/09	6.77	6.91	6.56	6.67	49317696	333173728.00
2013/09/10	6.62	7.03	6.54	6.97	59522298	407336448.00
2013/09/11	7.18	7.34	6.68	6.82	54033138	376527264.00
2013/09/12	6.68	6.86	6.58	6.60	31035604	208255808.00
2013/09/13	6.63	6.90	6.39	6.58	31106502	206956640.00
2013/09/16	6.46	6.62	6.36	6.40	20321213	131450688.00
2013/09/17	6.36	6.42	6.11	6.17	22972598	143093568.00
2013/09/18	6.14	6.29	6.13	6.21	12207399	76055912.00
2013/09/23	6.23	6.36	6.17	6.31	16374298	103079448.00
2013/09/24	6.28	6.51	6.18	6.40	21568955	137276128.00
2013/09/25	6.38	6.71	6.36	6.49	32299063	211591904.00
2013/09/26	6.38	6.40	5.85	5.89	27825971	170211072.00
2013/09/27	5.85	5.97	5.79	5.89	10770750	63615792.00
2013/09/30	6.02	6.21	5.98	6.08	12402873	75995528.00
2013/10/08	5.99	6.15	5.98	6.13	9109842	55602236.00
2013/10/09	6.11	6.14	6.04	6.12	11149206	68052712.00
2013/10/10	6.08	6.42	6.08	6.27	22130697	138864544.00
2013/10/11	6.27	6.57	6.20	6.47	24658857	158415536.00
2013/10/14	6.45	6.55	6.31	6.42	17177027	110759600.00
2013/10/15	6.44	6.50	6.28	6.46	13730766	87903008.00
2013/10/16	6.45	6.45	6.04	6.09	14809147	91858104.00
2013/10/17	6.15	6.21	6.02	6.07	7409056	45454132.00
2013/10/18	6.11	6.17	6.03	6.09	5868730	35967856.00
2013/10/21	6.13	6.34	6.08	6.28	10066010	63058272.00
2013/10/22	6.29	6.31	6.06	6.13	11485389	70955600.00
2013/10/23	6.10	6.18	5.88	5.89	10269657	61679200.00
2013/10/24	5.93	6.01	5.87	5.89	6125203	36440516.00
2013/10/25	5.90	5.93	5.62	5.71	9741847	56173476.00
2013/10/28	5.72	5.80	5.67	5.71	4183456	23992466.00
2013/10/29	5.77	5.78	5.35	5.51	7099853	39531244.00
2013/10/30	5.52	5.61	5.49	5.60	3202955	17861104.00
2013/10/31	5.68	5.76	5.58	5.61	4063924	23014196.00
2013/11/01	5.57	5.63	5.44	5.57	3974414	22010632.00
2013/11/04	5.58	5.63	5.55	5.60	2698930	15134733.00
2013/11/05	5.60	5.64	5.48	5.64	4076235	22771128.00
2013/11/06	5.63	5.72	5.58	5.62	5135610	29193600.00
2013/11/07	5.54	5.58	5.48	5.50	4028517	22292624.00
2013/11/08	5.53	5.57	5.45	5.46	4038562	22324232.00
2013/11/11	5.46	5.52	5.38	5.45	2165409	11804266.00
2013/11/12	5.45	5.51	5.42	5.50	2528083	13892848.00
2013/11/13	5.51	5.51	5.32	5.33	2854650	15508242.00
2013/11/14	5.34	5.36	5.22	5.32	4658151	24683708.00
2013/11/15	5.32	5.61	5.30	5.53	8561544	47551144.00
2013/11/18	5.58	5.67	5.50	5.66	8389342	47137668.00
2013/11/19	5.75	5.77	5.64	5.67	7047933	40133392.00
2013/11/20	5.68	5.71	5.59	5.68	5557746	31466432.00
2013/11/21	5.68	5.68	5.58	5.65	5210943	29387266.00
2013/11/22	5.66	5.70	5.58	5.62	5061453	28591106.00
2013/11/25	5.62	5.96	5.56	5.80	15094241	87805296.00
2013/11/26	5.75	5.94	5.73	5.88	13758295	80993320.00
2013/11/27	5.89	5.90	5.76	5.86	7950149	46594008.00
2013/11/28	5.88	5.95	5.83	5.88	9875266	58487532.00
2013/11/29	5.89	5.90	5.81	5.84	5644446	33125936.00
2013/12/02	5.74	5.93	5.58	5.75	15179430	88230576.00
2013/12/03	5.65	5.83	5.64	5.82	7614837	43956908.00
2013/12/04	5.81	6.14	5.78	6.00	19813193	120026864.00
2013/12/05	5.98	6.08	5.94	5.99	8603989	51929720.00
2013/12/06	5.98	6.15	5.94	6.04	9538983	58070024.00
2013/12/09	6.04	6.32	6.04	6.18	16460095	102186008.00
2013/12/10	6.27	6.66	6.26	6.43	29365072	190637744.00
2013/12/11	6.33	6.39	6.16	6.30	18241068	114452896.00
2013/12/12	6.26	6.61	6.24	6.26	22996622	147789824.00
2013/12/13	6.23	6.25	6.08	6.16	11338484	70165392.00
2013/12/16	6.20	6.27	5.97	5.98	12103539	73852920.00
2013/12/17	6.03	6.05	5.83	5.88	7992152	47620720.00
2013/12/18	5.87	6.01	5.84	5.91	7281524	43369516.00
2013/12/19	5.91	5.98	5.80	5.82	5450812	32179208.00
2013/12/20	5.84	5.93	5.74	5.75	6314161	36835912.00
2013/12/23	5.78	5.78	5.57	5.63	6699888	37901128.00
2013/12/24	5.62	5.70	5.57	5.66	5245367	29675946.00
2013/12/25	5.66	5.72	5.63	5.71	4516482	25747244.00
2013/12/26	5.70	5.70	5.55	5.55	6215787	34965456.00
2013/12/27	5.58	5.66	5.52	5.61	4356944	24472682.00
2013/12/30	5.64	5.68	5.59	5.61	4211617	23773128.00
2013/12/31	5.60	5.71	5.60	5.69	5706071	32461804.00
2014/01/02	5.71	5.85	5.64	5.83	7862993	45401640.00
2014/01/03	5.78	5.84	5.68	5.69	6908359	39811096.00
2014/01/06	5.70	5.85	5.56	5.59	12373603	71007752.00
2014/01/07	5.58	5.63	5.46	5.58	6461237	35984604.00
2014/01/08	5.60	5.88	5.51	5.74	11518928	66048396.00
2014/01/09	5.68	5.85	5.61	5.64	9480343	54732112.00
2014/01/10	5.66	5.66	5.37	5.43	7950943	43800120.00
2014/01/13	5.44	5.46	5.22	5.30	5176246	27650956.00
2014/01/14	5.31	5.45	5.30	5.45	3388769	18288510.00
2014/01/15	5.42	5.70	5.39	5.66	8451163	47464728.00
2014/01/16	5.66	5.77	5.55	5.58	7702432	43811984.00
2014/01/17	5.57	5.67	5.53	5.59	4698035	26432896.00
2014/01/20	5.61	5.66	5.38	5.42	5664006	31429932.00
2014/01/21	5.43	5.55	5.43	5.54	3829061	21096084.00
2014/01/22	5.51	5.69	5.49	5.67	6430584	36319892.00
2014/01/23	5.66	5.75	5.63	5.64	8125387	46328560.00
2014/01/24	5.61	5.76	5.61	5.74	7242776	41486300.00
2014/01/27	5.70	5.81	5.67	5.74	6939832	40058056.00
2014/01/28	5.72	5.79	5.61	5.67	5169051	29504094.00
2014/01/29	5.67	5.76	5.66	5.74	3993108	22884834.00
2014/01/30	5.74	6.03	5.70	5.89	11139807	65781580.00
2014/02/07	5.84	6.04	5.79	6.02	11388903	68046232.00
2014/02/10	6.03	6.13	6.02	6.08	14244050	86785968.00
2014/02/11	6.08	6.10	5.99	6.09	12000448	72827392.00
2014/02/12	6.08	6.12	5.99	6.06	9857020	59794600.00
2014/02/13	6.03	6.18	5.93	6.05	16294146	98805584.00
2014/02/14	6.02	6.25	6.00	6.20	18594379	114538424.00
2014/02/17	6.33	6.41	6.19	6.26	18677612	117656128.00
2014/02/18	6.32	6.41	6.26	6.34	21272703	135561584.00
2014/02/19	6.40	6.61	6.36	6.54	28465780	185868768.00
2014/02/20	6.60	6.60	6.32	6.42	22314799	143908384.00
2014/02/21	6.46	6.47	6.18	6.20	17823517	112285424.00
2014/02/24	6.13	6.26	6.03	6.19	15238246	94268744.00
2014/02/25	6.17	6.38	5.96	6.03	18242198	113460600.00
2014/02/26	6.01	6.13	5.90	6.10	12359736	74715760.00
2014/02/27	6.22	6.28	5.99	6.02	13934423	86175936.00
2014/02/28	6.03	6.07	5.87	6.06	9156857	54865552.00
2014/03/03	6.09	6.46	6.06	6.37	24662293	156677440.00
2014/03/04	6.31	6.39	6.23	6.32	13969662	88240184.00
2014/03/05	6.35	6.47	6.22	6.25	13909720	88409960.00
2014/03/06	6.22	6.25	6.04	6.18	14823871	91230496.00
2014/03/07	6.16	6.80	6.06	6.71	34813263	226973024.00
2014/03/10	6.59	6.73	6.38	6.40	31031430	204371872.00
2014/03/11	6.38	6.93	6.38	6.66	38605105	258953664.00
2014/03/12	6.59	6.90	6.49	6.88	36668510	248153728.00
2014/03/13	6.78	7.04	6.72	6.92	33665424	231869664.00
2014/03/14	6.82	6.88	6.59	6.64	24619484	165739152.00
2014/03/17	6.62	7.06	6.59	7.01	35262465	242093424.00
2014/03/18	6.95	7.08	6.81	6.92	33911119	236883472.00
2014/03/19	6.82	6.91	6.74	6.88	20243863	138298272.00
2014/03/20	6.89	6.99	6.40	6.46	34810045	233118960.00
2014/03/21	6.38	6.66	6.26	6.58	28436685	183891200.00
2014/03/24	6.61	6.89	6.52	6.70	22075781	148815216.00
2014/03/25	6.67	7.05	6.66	6.87	29830589	206500128.00
2014/03/26	6.94	7.12	6.83	6.91	29234254	204397584.00
2014/03/27	6.93	7.25	6.87	7.14	42381172	302634656.00
2014/03/28	7.15	7.65	7.10	7.14	53102566	391161344.00
2014/03/31	7.06	7.09	6.50	6.58	32933372	222153408.00
2014/04/01	6.50	6.81	6.50	6.76	14624788	98107424.00
2014/04/02	6.75	6.84	6.59	6.70	14436240	96926320.00
2014/04/03	6.65	6.77	6.59	6.74	10046177	67168328.00
2014/05/21	6.78	7.31	6.40	6.54	52190839	358891008.00
2014/05/22	6.39	6.51	6.23	6.28	27060500	172996784.00
2014/05/23	6.28	6.41	6.28	6.36	10416344	66236484.00
2014/05/26	6.36	6.47	6.34	6.44	10529523	67712824.00
2014/05/27	6.43	6.51	6.35	6.42	9707919	62664080.00
2014/05/28	6.41	6.46	6.34	6.46	9065886	58230656.00
2014/05/29	6.44	6.44	6.28	6.31	11429024	72949808.00
2014/05/30	6.33	6.35	6.16	6.20	10197020	63578176.00
2014/06/03	6.21	6.25	6.14	6.15	5249593	32651212.00
2014/06/04	6.16	6.17	5.94	6.00	11280248	68064768.00
2014/06/05	5.99	6.08	5.93	6.07	6184555	37300660.00
2014/06/06	6.06	6.12	5.94	6.03	7566082	45716304.00
2014/06/09	6.01	6.04	5.95	5.96	5376239	32340530.00
2014/06/10	6.00	6.09	5.95	6.06	6167058	37255744.00
2014/06/11	6.08	6.33	6.05	6.20	14183065	88508704.00
2014/06/12	6.16	6.19	6.07	6.10	7706194	47181568.00
2014/06/13	6.07	6.15	6.02	6.12	6966836	42633756.00
2014/06/16	6.12	6.24	6.12	6.19	8690911	53963148.00
2014/06/17	6.20	6.39	6.16	6.32	17795570	112997552.00
2014/06/18	6.32	6.64	6.22	6.49	23108070	149340080.00
2014/06/19	6.69	7.04	6.59	6.77	42551706	291057792.00
2014/06/20	6.82	6.94	6.58	6.81	18651839	126691344.00
2014/06/23	6.92	7.38	6.92	7.24	41550917	300857216.00
2014/06/24	7.19	7.33	7.11	7.19	18052454	130666376.00
2014/06/25	7.12	7.16	6.85	6.94	22515748	157559440.00
2014/06/26	6.89	7.14	6.88	7.06	19293750	135762064.00
2014/06/27	7.01	7.28	6.93	7.11	18361462	131508392.00
2014/06/30	7.12	7.50	7.12	7.38	24615267	182558432.00
2014/07/01	7.40	7.63	7.25	7.28	21794121	161264912.00
2014/07/02	7.18	7.36	7.15	7.28	15318008	111384736.00
2014/07/03	7.28	7.54	7.17	7.47	22737087	167484928.00
2014/07/04	7.52	7.71	7.39	7.59	18313408	138762816.00
2014/07/07	7.60	7.81	7.39	7.42	18775936	142335408.00
2014/07/08	7.44	7.53	7.23	7.47	14443949	106786072.00
2014/07/09	7.41	7.58	7.11	7.15	13592777	99472800.00
2014/07/10	7.13	7.49	7.13	7.41	16116828	118498400.00
2014/07/11	7.47	8.07	7.40	7.95	28150691	221492608.00
2014/07/14	7.90	7.97	7.76	7.95	12842499	101082400.00
2014/07/15	7.88	8.04	7.48	7.61	23546079	181033344.00
2014/07/16	7.61	7.76	7.38	7.61	18268922	137831104.00
2014/07/17	7.60	7.68	7.45	7.56	10198732	76925840.00
2014/07/18	7.56	7.62	7.47	7.49	6999396	52731528.00
2014/07/21	7.48	7.59	7.22	7.25	10031894	73464352.00
2014/07/22	7.23	7.66	7.22	7.66	15569197	117019184.00
2014/07/23	7.63	7.84	7.51	7.53	14209183	108674184.00
2014/07/24	7.53	7.70	7.39	7.52	9487667	71421864.00
2014/07/25	7.52	7.86	7.48	7.80	15669183	121677808.00
2014/07/28	7.80	7.90	7.59	7.84	17156493	132781616.00
2014/07/29	8.00	8.16	7.67	7.71	25102496	196541168.00
2014/07/30	7.60	7.73	7.56	7.63	14421645	110235304.00
2014/07/31	7.72	7.77	7.65	7.74	10002608	77044248.00
2014/08/01	7.76	7.78	7.65	7.66	11493047	88571240.00
2014/08/04	7.58	7.69	7.57	7.66	13512159	103030688.00
2014/08/05	7.69	7.69	7.54	7.64	12625655	95835784.00
2014/08/06	7.63	7.77	7.58	7.73	12541196	96343432.00
2014/08/07	7.75	7.99	7.70	7.75	22648721	178255584.00
2014/08/08	7.77	7.99	7.63	7.86	18934194	147338656.00
2014/08/11	7.80	7.93	7.72	7.90	14241900	111525176.00
2014/08/12	8.13	8.35	7.94	8.05	31205609	252858048.00
2014/08/13	8.01	8.52	7.94	8.47	45066393	373271584.00
2014/08/14	8.40	8.56	8.28	8.30	22318545	187024416.00
2014/08/15	8.27	8.50	8.26	8.27	14964758	124862608.00
2014/08/18	8.33	8.48	8.25	8.30	13352064	111236992.00
2014/08/19	8.33	8.46	8.22	8.35	11696377	97642112.00
2014/08/20	8.35	8.37	8.18	8.21	10690402	88127792.00
2014/08/21	8.20	8.25	7.98	8.12	15408821	124635200.00
2014/08/22	8.15	8.15	8.02	8.08	8506728	68591424.00
2014/08/25	8.09	8.16	7.99	8.07	7586880	61384984.00
2014/08/26	8.07	8.11	7.93	7.97	10235712	82357688.00
2014/08/27	7.98	8.02	7.83	7.86	7331065	57892728.00
2014/08/28	7.86	7.91	7.72	7.82	8947667	69742312.00
2014/08/29	7.78	8.01	7.78	7.90	8300142	65690368.00
2014/09/01	7.93	8.15	7.85	8.13	9446838	76251152.00
2014/09/02	8.18	8.20	8.08	8.18	8547232	69542584.00
2014/09/03	8.18	8.30	8.11	8.18	9738371	79808624.00
2014/09/04	8.30	8.37	8.24	8.30	14418406	119818192.00
2014/09/05	8.30	8.33	8.20	8.25	8413494	69388384.00
2014/09/09	8.24	8.29	8.15	8.20	7691251	62971640.00
2014/09/10	8.18	8.39	8.11	8.32	12475072	103462872.00
2014/09/11	8.34	8.41	8.24	8.40	18541179	154804784.00
2014/09/12	8.39	8.45	8.35	8.39	10443192	87670032.00
2014/09/15	8.39	8.44	8.31	8.37	9847442	82334384.00
2014/09/16	8.49	9.13	8.39	8.66	43710072	383162848.00
2014/09/17	8.77	9.15	8.61	9.09	34048337	303404000.00
2014/09/18	8.90	9.34	8.90	9.07	21919364	200165008.00
2014/09/19	9.00	9.09	8.85	8.98	12561046	112263928.00
2014/09/22	8.91	8.98	8.69	8.81	16252151	143166576.00
2014/09/23	8.79	8.86	8.72	8.84	8730064	76869512.00
2014/09/24	8.79	9.01	8.79	8.94	10128823	90208296.00
2014/09/25	8.95	9.03	8.68	8.71	15205057	134229584.00
2014/09/26	8.70	8.77	8.61	8.72	8979960	77973744.00
2014/09/29	8.77	8.98	8.73	8.90	10603894	94074864.00
2014/09/30	8.91	9.04	8.89	8.94	9386274	84217656.00
2014/10/08	8.94	9.20	8.86	9.16	15466297	140997040.00
2014/10/09	9.16	9.22	9.02	9.16	10525861	95902096.00
2014/10/10	9.16	9.30	9.04	9.24	12918354	119150408.00
2014/10/13	9.17	9.17	9.00	9.08	11203861	101424632.00
2014/10/14	9.03	9.13	8.84	8.90	10289818	92548752.00
2014/10/15	8.90	8.96	8.62	8.75	13713565	119942304.00
2014/10/16	8.70	8.87	8.59	8.61	13819398	121045664.00
2014/10/17	8.58	8.71	8.42	8.66	9402375	80852304.00
2014/10/20	8.79	8.94	8.79	8.88	12309487	109248448.00
2014/10/21	9.03	9.03	8.82	8.83	8640442	77129704.00
2014/10/22	8.81	8.90	8.69	8.70	6315595	55646788.00
2014/10/23	8.63	8.77	8.58	8.65	6948051	60200688.00
2014/10/24	8.69	8.96	8.65	8.80	8448602	74503808.00
2014/10/27	8.81	9.10	8.81	9.10	16392828	147762176.00
2014/10/28	9.14	9.23	9.00	9.19	12799099	116751200.00
2014/10/29	9.20	9.40	9.13	9.27	16341794	151501808.00
2014/11/06	9.27	10.20	9.23	9.66	44392795	433818912.00
2014/11/07	9.64	9.64	9.05	9.13	29210039	270922592.00
2014/11/10	9.00	9.25	8.99	9.11	12641059	114932168.00
2014/11/11	9.11	9.15	8.50	8.79	19832949	173740384.00
2014/11/12	8.77	9.16	8.65	9.11	13094232	117279728.00
2014/11/13	9.05	9.10	8.78	8.90	11824883	105418264.00
2014/11/14	8.87	8.90	8.69	8.77	6860864	60108284.00
2014/11/17	8.82	8.88	8.73	8.80	9872885	86758808.00
2014/11/18	8.78	8.85	8.72	8.79	5421811	47607592.00
2014/11/19	8.80	8.82	8.70	8.78	5934553	51931796.00
2014/11/20	8.77	8.82	8.68	8.78	6206489	54354056.00
2014/11/21	8.82	8.83	8.64	8.74	13238771	115442208.00
2014/11/24	8.80	9.08	8.70	8.92	21550847	192464752.00
2014/11/25	8.95	9.20	8.95	9.15	19769310	180485808.00
2014/11/26	9.15	9.20	9.03	9.10	14807916	135016176.00
2014/11/27	9.11	9.48	9.02	9.38	24965763	231203072.00
2014/11/28	9.45	9.66	9.17	9.32	29047377	274230912.00
2014/12/01	9.30	9.30	8.84	8.86	31421997	282325248.00
2014/12/02	8.77	9.10	8.73	9.05	23544777	210691600.00
2014/12/03	9.00	9.14	8.82	8.96	26688414	238939184.00
2014/12/04	8.94	9.47	8.87	9.41	44139796	405604192.00
2014/12/05	9.72	10.17	9.09	9.50	82933890	800660032.00
2014/12/08	9.40	10.15	9.30	10.14	71441332	703414912.00
2014/12/09	10.10	10.16	9.13	9.13	65714441	643493952.00
2014/12/10	9.13	9.34	8.90	9.26	34694241	316896992.00
2014/12/11	9.20	9.23	9.00	9.13	27221997	247748128.00
2014/12/12	9.14	9.21	9.01	9.15	25307446	230425712.00
2014/12/15	9.14	9.44	9.04	9.40	30826630	285441120.00
2014/12/16	9.39	9.65	9.32	9.63	32437990	307162816.00
2014/12/17	9.59	9.63	9.12	9.29	30077987	282919392.00
2014/12/18	9.30	9.31	9.09	9.11	22707224	208191648.00
2014/12/19	9.25	9.25	8.30	8.85	30147849	267906672.00
2014/12/22	8.65	8.79	8.18	8.31	28207189	237922848.00
2014/12/23	8.34	8.39	7.79	8.07	23330770	189830176.00
2014/12/24	8.03	8.20	8.00	8.19	15012279	121535584.00
2014/12/25	8.19	8.29	8.16	8.25	12125235	99740672.00
2014/12/26	8.25	8.58	8.12	8.54	22130789	184945232.00
2014/12/29	8.54	8.55	8.15	8.25	19343955	160416752.00
2014/12/30	8.21	8.30	8.12	8.23	11187553	91669888.00
2014/12/31	8.18	8.25	8.06	8.18	15729729	128104320.00
2015/01/05	8.20	8.28	8.08	8.26	14556195	119333088.00
2015/01/06	8.24	8.39	8.16	8.37	17063460	141005024.00
2015/01/07	8.48	8.63	8.37	8.49	20063755	170453232.00
2015/01/08	8.60	8.60	8.31	8.38	16925997	142904240.00
2015/01/09	8.35	8.48	8.26	8.28	13903908	116344896.00
2015/01/12	8.24	8.24	7.92	7.98	13034272	104797184.00
2015/01/13	7.94	8.07	7.90	8.04	8435398	67508584.00
2015/01/14	7.99	8.10	7.96	8.06	6599997	52963196.00
2015/01/15	8.06	8.38	8.05	8.31	14843418	122738416.00
2015/01/16	8.32	8.47	8.24	8.32	8902167	74115064.00
2015/01/19	8.00	8.19	7.66	7.79	13653772	109134800.00
2015/01/20	7.89	8.05	7.86	8.03	8460673	67461064.00
2015/01/21	8.05	8.44	8.04	8.36	14810029	122509096.00
2015/01/22	8.35	8.52	8.26	8.43	14479772	121613104.00
2015/01/23	8.48	8.74	8.42	8.56	24701103	212094192.00
2015/01/26	8.60	8.97	8.44	8.88	31696477	277584416.00
2015/01/27	9.03	9.09	8.75	8.92	30638924	274198592.00
2015/01/28	8.75	8.85	8.70	8.75	18350573	160727264.00
2015/01/29	8.66	9.17	8.58	9.05	31225220	279233792.00
2015/02/02	9.60	9.79	9.28	9.41	61106938	584843072.00
2015/02/03	9.45	10.35	9.45	10.35	39320331	398006336.00
2015/02/04	10.88	11.16	10.40	10.57	90007258	963103104.00
2015/02/05	10.50	10.84	10.22	10.63	52349290	549195072.00
2015/02/06	10.40	10.49	9.91	9.95	41628083	421886432.00
2015/02/09	9.81	9.96	9.62	9.65	25474861	249388416.00
2015/02/10	9.70	9.89	9.57	9.84	16185582	157755344.00
2015/02/11	9.91	10.06	9.61	9.69	19686913	193771056.00
2015/02/12	9.66	10.03	9.62	9.90	18020208	177454064.00
2015/02/13	9.98	10.30	9.94	10.02	24067429	243754480.00
2015/02/16	10.06	10.25	9.88	10.12	20239943	204525296.00
2015/02/17	10.13	10.37	10.10	10.23	20647255	211896032.00
2015/02/25	10.23	10.30	9.92	10.07	15581146	156863840.00
2015/02/26	10.08	10.10	9.74	9.91	26035913	256698480.00
2015/02/27	9.91	10.33	9.90	10.32	30289079	306856960.00
2015/03/02	10.33	10.41	10.18	10.37	22428361	230459856.00
2015/03/03	10.32	10.32	10.08	10.09	18813406	191457600.00
2015/03/04	10.09	10.67	10.03	10.59	29590527	305157248.00
2015/03/05	10.59	10.59	10.35	10.45	18569958	193640080.00
2015/03/06	10.49	10.69	10.20	10.45	25297924	265247984.00
2015/03/09	10.50	10.86	10.33	10.81	25319210	269095488.00
2015/03/10	11.00	11.15	10.68	10.73	22023944	238842752.00
2015/03/11	10.61	11.29	10.61	11.16	38044519	421119200.00
2015/03/12	11.01	11.40	11.00	11.18	29992363	336098400.00
2015/03/13	11.18	11.26	10.90	11.10	18987647	210837312.00
2015/03/16	11.12	11.33	11.11	11.23	22616306	253240800.00
2015/03/17	11.23	11.32	11.10	11.27	20342143	228020128.00
2015/03/18	11.27	11.31	11.07	11.21	24325453	271507712.00
2015/03/19	11.16	11.22	11.00	11.21	23648100	262220176.00
2015/03/20	11.22	11.49	11.11	11.34	28440086	322575200.00
2015/03/23	11.35	11.87	11.19	11.72	38841130	444590496.00
2015/03/24	11.81	11.85	11.02	11.27	47378904	538703040.00
2015/03/25	11.28	11.31	10.92	11.15	33793617	373960864.00
2015/03/26	11.11	11.29	11.01	11.12	20888221	233523632.00
2015/03/27	11.15	11.26	11.02	11.18	17311489	192857136.00
2015/03/30	11.20	11.62	11.06	11.60	36283678	410222624.00
2015/03/31	11.70	11.80	11.22	11.30	31599410	361666048.00
2015/04/01	11.26	11.57	11.22	11.45	24850283	283970464.00
2015/04/02	11.45	12.00	11.39	12.00	48526048	567481280.00
2015/04/03	11.88	12.15	11.75	11.94	32407327	387112160.00
2015/04/07	11.99	12.12	11.78	12.08	36940275	441152864.00
2015/04/08	12.00	12.08	11.52	11.75	30465302	359801152.00
2015/04/09	11.85	12.93	11.61	12.71	62883440	776233920.00
2015/04/10	12.46	13.65	12.39	13.30	59963201	783887872.00
2015/04/13	13.18	13.77	13.10	13.29	46399982	622609024.00
2015/04/14	13.51	14.34	13.50	13.57	44597936	617662912.00
2015/04/15	13.75	13.76	12.72	12.85	33272678	438047552.00
2015/04/16	12.63	13.15	12.23	12.93	23318894	296932352.00
2015/04/17	13.15	13.20	12.80	12.93	25175688	327067328.00
2015/04/20	12.82	12.85	12.40	12.54	31279667	394535104.00
2015/04/21	12.60	13.05	12.51	13.01	23035917	295549408.00
2015/04/22	13.01	13.44	13.00	13.22	29165493	384920320.00
2015/04/23	13.35	13.35	12.98	13.15	30594987	400904064.00
2015/04/24	12.80	13.03	12.63	12.89	31491976	404792384.00
2015/04/27	12.90	13.35	12.90	13.05	29442112	385684384.00
2015/04/28	12.99	13.07	12.57	12.76	23306000	298655040.00
2015/04/29	12.74	13.59	12.62	13.48	45127012	598408704.00
2015/04/30	13.52	13.80	13.14	13.17	33383048	446046272.00
2015/05/05	12.98	12.98	12.98	12.98	0	0.00
数据来源:通达信
