600490 鹏欣资源 日线 前复权
      日期	    开盘	    最高	    最低	    收盘	    成交量	    成交额
2011/10/10	3.86	3.89	3.66	3.66	1097890	26074382.00
2011/10/11	3.71	3.75	3.65	3.67	464922	10948437.00
2011/10/12	3.65	3.79	3.62	3.75	1088278	25599464.00
2011/10/13	3.73	3.84	3.73	3.79	582792	14126720.00
2011/10/14	3.89	3.89	3.73	3.79	399814	9620307.00
2011/10/17	3.79	3.85	3.75	3.84	392004	9550474.00
2011/10/18	3.80	3.86	3.75	3.78	586306	14171472.00
2011/10/19	3.79	3.79	3.67	3.73	753365	17896268.00
2011/10/20	3.69	3.74	3.62	3.62	572158	13360812.00
2011/10/21	3.59	3.65	3.44	3.64	1149070	26084414.00
2011/10/24	3.64	3.82	3.64	3.82	1085273	26228992.00
2011/10/25	3.85	3.92	3.77	3.90	687457	16882202.00
2011/10/26	3.87	3.99	3.87	3.90	684072	17197362.00
2011/10/27	3.97	4.06	3.92	3.99	762228	19515036.00
2011/10/28	4.02	4.13	4.00	4.13	947329	24607432.00
2011/10/31	4.13	4.23	4.06	4.11	521910	13759503.00
2011/11/01	4.06	4.13	4.04	4.09	451638	11736954.00
2011/11/02	4.05	4.10	4.01	4.09	438956	11309442.00
2011/11/03	4.12	4.29	4.09	4.29	885315	24058020.00
2011/11/04	4.33	4.41	4.26	4.35	741856	20379200.00
2011/11/07	4.39	4.39	4.26	4.27	579900	15935637.00
2011/11/08	4.28	4.30	4.19	4.24	402900	10844603.00
2011/11/09	4.22	4.25	4.19	4.23	345128	9269199.00
2011/11/10	4.22	4.23	4.13	4.13	371599	9904236.00
2011/11/11	4.13	4.19	4.13	4.15	261560	6922707.00
2011/11/14	4.09	4.23	4.09	4.22	247176	6600926.00
2011/11/15	4.23	4.34	4.23	4.28	371915	10164800.00
2011/11/16	4.27	4.36	4.20	4.27	326040	8867675.00
2011/11/17	4.28	4.28	4.21	4.27	226189	6122527.00
2011/11/18	4.27	4.36	4.17	4.20	248473	6698348.00
2011/11/22	4.15	4.22	3.99	3.99	920221	23772474.00
2011/11/23	4.00	4.11	3.86	4.09	1064889	26888448.00
2011/11/24	4.11	4.11	3.97	4.03	302350	7810703.00
2011/11/25	4.03	4.09	4.03	4.07	336890	8723092.00
2011/11/28	4.08	4.08	3.97	4.01	336101	8612320.00
2011/11/29	4.06	4.06	3.99	4.04	214111	5473621.00
2011/11/30	4.04	4.06	3.85	3.90	467900	11834910.00
2011/12/01	4.02	4.05	3.94	4.05	537122	13762280.00
2011/12/02	4.05	4.05	3.92	3.94	174150	4408679.00
2011/12/05	3.94	3.94	3.78	3.87	291900	7196180.00
2011/12/06	3.87	3.87	3.72	3.75	351808	8429103.00
2011/12/07	3.73	3.76	3.72	3.74	202470	4827736.00
2011/12/08	3.76	3.76	3.55	3.64	2427783	55338832.00
2011/12/09	3.59	3.65	3.49	3.63	294110	6781912.00
2011/12/12	3.61	3.64	3.61	3.63	205674	4746206.00
2011/12/13	3.63	3.66	3.50	3.60	360031	8135677.00
2011/12/14	3.55	3.62	3.55	3.59	170911	3908157.00
2011/12/15	3.58	3.59	3.45	3.55	768706	17042808.00
2011/12/16	3.53	3.62	3.48	3.59	357580	8039489.00
2011/12/19	3.58	3.73	3.55	3.72	325921	7611604.00
2011/12/20	3.69	3.90	3.69	3.89	539167	13130054.00
2011/12/21	3.88	4.01	3.88	3.92	388382	9794222.00
2011/12/22	3.85	3.92	3.82	3.92	279001	6896269.00
2011/12/23	3.92	3.97	3.87	3.92	154500	3875007.00
2011/12/26	3.89	3.95	3.87	3.91	218600	5447209.00
2011/12/27	3.93	3.93	3.83	3.84	264562	6558362.00
2011/12/29	3.92	4.04	3.89	4.04	459944	11801682.00
2011/12/30	4.05	4.21	4.05	4.05	457550	12038381.00
2012/01/04	4.05	4.14	3.97	4.03	308857	7952945.00
2012/01/05	4.00	4.03	3.86	3.87	544500	13595495.00
2012/01/06	3.87	3.96	3.84	3.91	254700	6307304.00
2012/01/09	3.92	3.95	3.82	3.88	473986	11737149.00
2012/01/10	3.84	3.94	3.84	3.92	243884	6060135.00
2012/01/11	3.90	4.03	3.82	3.87	344577	8557429.00
2012/01/12	3.87	3.89	3.79	3.85	236966	5779407.00
2012/01/13	3.86	3.86	3.66	3.67	456959	10749262.00
2012/01/16	3.67	3.67	3.56	3.65	160160	3680298.00
2012/01/17	3.70	3.83	3.65	3.83	254269	6103297.00
2012/01/18	3.82	3.87	3.80	3.84	101550	2486301.00
2012/01/19	3.81	3.88	3.79	3.84	202982	4966905.00
2012/01/20	3.87	3.92	3.82	3.88	345251	8500308.00
2012/01/30	3.90	3.91	3.84	3.88	227400	5600435.00
2012/01/31	3.90	3.90	3.86	3.89	107498	2657796.00
2012/02/01	3.87	3.89	3.84	3.87	130225	3203220.00
2012/02/02	3.86	3.90	3.86	3.88	95220	2352671.00
2012/02/03	3.83	3.89	3.81	3.87	149768	3671575.00
2012/02/06	3.87	3.89	3.84	3.86	134000	3305637.00
2012/02/07	3.79	3.87	3.77	3.82	154220	3735363.00
2012/02/08	3.77	3.85	3.77	3.84	92431	2243159.00
2012/02/09	3.84	3.97	3.81	3.94	285361	7116533.00
2012/02/10	3.92	3.97	3.91	3.91	140560	3519145.00
2012/02/13	3.91	3.91	3.84	3.88	172770	4281943.00
2012/02/14	3.86	3.87	3.69	3.79	408010	9870975.00
2012/02/15	3.79	3.85	3.76	3.80	450400	10940049.00
2012/02/16	3.82	3.82	3.72	3.76	589814	14083651.00
2012/02/17	3.75	3.76	3.67	3.73	481400	11376759.00
2012/02/20	3.73	3.76	3.71	3.75	383980	9168042.00
2012/02/21	3.73	3.81	3.72	3.79	243214	5822414.00
2012/02/22	3.79	3.97	3.79	3.91	693790	17279260.00
2012/02/23	3.90	3.95	3.86	3.87	381502	9438955.00
2012/02/24	3.89	3.92	3.85	3.88	352432	8701922.00
2012/02/27	3.88	3.95	3.87	3.94	835557	20876070.00
2012/02/28	3.93	3.97	3.89	3.90	895832	22382068.00
2012/02/29	3.89	3.90	3.80	3.83	437858	10743377.00
2012/03/01	3.79	3.84	3.73	3.80	453350	10941065.00
2012/03/02	3.71	3.88	3.71	3.87	357739	8734372.00
2012/03/05	3.87	4.00	3.87	4.00	1010190	25389264.00
2012/03/06	3.99	4.16	3.96	4.05	1387461	36249392.00
2012/03/07	4.07	4.16	4.00	4.11	667520	17339124.00
2012/03/08	4.06	4.18	4.05	4.11	224008	5868299.00
2012/03/09	4.09	4.13	4.07	4.08	257851	6722318.00
2012/03/12	4.08	4.11	4.02	4.07	421751	10913730.00
2012/03/13	4.09	4.16	4.04	4.15	669397	17539096.00
2012/03/14	4.17	4.36	4.09	4.17	1576248	42615612.00
2012/03/15	4.16	4.21	4.10	4.18	562104	14863935.00
2012/03/19	4.25	4.25	4.16	4.20	606561	16241861.00
2012/03/20	4.18	4.21	4.05	4.05	502400	13135656.00
2012/03/21	4.08	4.12	3.99	4.07	419699	10827224.00
2012/03/22	4.02	4.07	4.02	4.07	266860	6902317.00
2012/03/23	4.07	4.07	3.96	4.00	218661	5593466.00
2012/03/26	4.02	4.09	4.02	4.04	254943	6570517.00
2012/03/27	4.08	4.09	4.01	4.02	193561	4996798.00
2012/03/28	3.99	4.01	3.92	3.98	294263	7429820.00
2012/03/29	3.98	3.98	3.89	3.89	369311	9247543.00
2012/03/30	3.86	3.92	3.86	3.92	104100	2587825.00
2012/04/05	3.92	4.04	3.92	4.01	163200	4156515.00
2012/04/06	3.98	4.06	3.96	4.00	300710	7663037.00
2012/04/09	4.00	4.02	3.91	3.94	240609	6089846.00
2012/04/10	3.92	3.98	3.89	3.96	134550	3356730.00
2012/04/11	3.92	3.96	3.89	3.95	129710	3240987.00
2012/04/12	3.97	3.99	3.92	3.97	376051	9482476.00
2012/04/13	3.97	4.09	3.95	4.05	377840	9703665.00
2012/04/16	4.04	4.16	4.04	4.14	730520	19233862.00
2012/04/17	4.13	4.15	4.05	4.06	289400	7581441.00
2012/04/18	4.06	4.18	4.06	4.14	443224	11688006.00
2012/04/19	4.14	4.16	4.09	4.12	214640	5631195.00
2012/04/20	4.15	4.15	4.10	4.13	204663	5392782.00
2012/04/23	4.16	4.16	4.08	4.10	248845	6516536.00
2012/04/24	4.08	4.11	4.03	4.05	206615	5348916.00
2012/04/25	4.05	4.05	3.99	4.05	243836	6255863.00
2012/04/26	4.02	4.06	4.00	4.00	187768	4815302.00
2012/04/27	4.00	4.01	3.97	4.01	268600	6819310.00
2012/05/02	3.99	4.01	3.97	3.98	381901	9708130.00
2012/05/03	3.98	3.98	3.87	3.91	430457	10740452.00
2012/05/04	3.95	3.96	3.88	3.91	398934	9939870.00
2012/05/07	3.91	3.91	3.86	3.89	382798	9460173.00
2012/05/08	3.87	4.01	3.87	3.92	393636	9887041.00
2012/05/09	3.99	3.99	3.88	3.88	338084	8438038.00
2012/05/10	3.88	3.93	3.87	3.90	328526	8156893.00
2012/05/11	3.88	3.92	3.87	3.89	212529	5267242.00
2012/05/14	3.89	3.94	3.89	3.90	205379	5125309.00
2012/05/15	3.84	3.89	3.84	3.88	212361	5236730.00
2012/05/16	3.89	3.93	3.88	3.88	151700	3769250.00
2012/05/17	3.87	3.91	3.87	3.89	156711	3890296.00
2012/05/18	3.90	3.91	3.81	3.84	424906	10422774.00
2012/05/22	3.89	3.95	3.86	3.94	510968	12764325.00
2012/05/23	3.96	3.97	3.91	3.93	295700	7439221.00
2012/05/24	3.91	3.96	3.87	3.89	293712	7303401.00
2012/05/25	3.91	3.91	3.85	3.89	200600	4952281.00
2012/05/28	3.82	3.88	3.77	3.85	170350	4154763.00
2012/05/29	3.87	3.95	3.83	3.93	513549	12763775.00
2012/05/30	3.91	3.93	3.88	3.91	182050	4524965.00
2012/05/31	3.86	3.90	3.84	3.89	430572	10591433.00
2012/06/01	3.85	3.89	3.85	3.87	97250	2398660.00
2012/06/04	3.81	3.85	3.78	3.80	426600	10374665.00
2012/06/05	3.82	3.98	3.78	3.85	267137	6551807.00
2012/06/06	3.89	3.90	3.77	3.79	311700	7547333.00
2012/06/07	3.84	3.84	3.77	3.78	167099	4042895.00
2012/06/08	3.82	3.82	3.77	3.81	274100	6615859.00
2012/06/11	3.81	3.81	3.73	3.75	333760	8005953.00
2012/06/12	3.74	3.76	3.62	3.66	501760	11789948.00
2012/06/13	3.64	3.66	3.61	3.63	206551	4783967.00
2012/06/14	3.63	3.64	3.60	3.62	221591	5112958.00
2012/06/15	3.62	3.63	3.58	3.58	183551	4217198.00
2012/06/18	3.59	3.64	3.56	3.63	208300	4788586.00
2012/06/19	3.62	3.65	3.62	3.64	183832	4253726.00
2012/06/20	3.63	3.65	3.61	3.62	178301	4128111.00
2012/06/21	3.63	3.67	3.63	3.65	185150	4296633.00
2012/06/25	3.65	3.66	3.63	3.63	227251	5284849.00
2012/06/26	3.63	3.63	3.57	3.63	225621	5192686.00
2012/06/27	3.64	3.81	3.64	3.81	1074392	25920134.00
2012/06/28	3.91	3.91	3.76	3.81	516609	12642430.00
2012/06/29	3.81	3.81	3.73	3.76	365669	8770548.00
2012/07/02	3.75	3.84	3.73	3.84	458680	11065522.00
2012/07/03	3.89	3.92	3.84	3.87	603300	14938477.00
2012/07/04	3.86	4.05	3.86	3.97	1344535	33997164.00
2012/07/05	3.98	4.04	3.97	4.00	797061	20350944.00
2012/07/06	4.07	4.07	3.96	4.04	463749	11927242.00
2012/07/10	4.25	4.25	4.06	4.06	2970087	79672192.00
2012/07/11	4.12	4.16	3.95	4.05	786399	20363432.00
2012/07/12	4.06	4.07	3.97	4.05	612950	15699131.00
2012/07/13	4.02	4.05	3.95	3.97	723771	18390860.00
2012/07/16	3.97	4.05	3.92	4.00	392350	9956172.00
2012/07/17	3.99	4.14	3.96	4.11	822960	21540100.00
2012/07/18	4.14	4.17	4.00	4.10	491553	12745842.00
2012/07/19	4.08	4.18	4.05	4.05	587834	15372896.00
2012/07/20	4.02	4.11	4.02	4.04	309527	7989739.00
2012/07/23	4.06	4.08	3.98	4.01	334580	8544347.00
2012/07/24	4.06	4.06	3.98	4.03	243709	6250490.00
2012/07/25	4.02	4.05	3.98	4.01	364317	9307865.00
2012/07/26	4.01	4.02	3.95	3.95	278610	7053227.00
2012/07/27	3.95	3.97	3.86	3.90	615696	15282753.00
2012/07/30	3.71	3.83	3.71	3.78	896478	21430478.00
2012/07/31	3.78	3.78	3.74	3.77	465580	11140090.00
2012/08/01	3.75	3.83	3.75	3.82	204702	4946802.00
2012/08/02	3.83	3.86	3.78	3.85	235230	5711007.00
2012/08/03	3.85	4.04	3.85	4.01	789621	20189168.00
2012/08/06	4.02	4.03	3.95	3.99	314049	7983248.00
2012/08/07	3.97	4.01	3.95	3.99	166200	4200986.00
2012/08/08	4.00	4.10	3.99	4.01	257141	6641018.00
2012/08/09	4.00	4.05	3.93	4.03	169001	4298534.00
2012/08/10	4.05	4.05	4.00	4.03	159146	4082650.00
2012/08/13	4.05	4.05	3.99	3.99	141631	3621623.00
2012/08/14	3.99	4.01	3.95	3.97	135501	3434172.00
2012/08/15	3.97	3.99	3.95	3.97	101011	2556613.00
2012/08/16	3.96	3.97	3.91	3.95	183910	4613404.00
2012/08/17	3.95	3.95	3.89	3.89	147022	3661118.00
2012/08/20	3.87	3.92	3.87	3.89	89620	2218446.00
2012/08/21	3.95	4.09	3.91	4.05	655297	16873144.00
2012/08/22	4.06	4.07	4.00	4.03	350191	8994290.00
2012/08/23	4.08	4.14	4.04	4.10	564147	14696264.00
2012/08/24	4.13	4.14	4.04	4.09	639442	16634821.00
2012/08/27	4.08	4.29	4.08	4.26	2745539	74379008.00
2012/08/28	4.26	4.30	4.21	4.26	1112216	30119278.00
2012/08/29	4.24	4.36	4.24	4.34	2273614	62548656.00
2012/08/30	4.37	4.37	4.13	4.13	1544553	41290764.00
2012/09/04	4.17	4.28	3.98	4.05	2404117	63464880.00
2012/09/05	3.99	4.10	3.94	4.06	691060	17695778.00
2012/09/06	4.07	4.07	3.95	4.02	610089	15590516.00
2012/09/07	4.05	4.11	4.00	4.08	847431	21994824.00
2012/09/10	4.10	4.18	4.02	4.11	782653	20426328.00
2012/09/11	4.11	4.15	4.05	4.08	702344	18324776.00
2012/09/12	4.05	4.12	4.04	4.07	462850	11982827.00
2012/09/13	4.07	4.08	3.99	4.00	482469	12399119.00
2012/09/14	4.03	4.09	4.02	4.05	626359	16171425.00
2012/09/17	4.11	4.11	3.98	3.99	429250	10986379.00
2012/09/18	3.95	4.01	3.95	3.97	296322	7525714.00
2012/09/19	3.96	4.01	3.90	3.92	380571	9567853.00
2012/09/20	3.92	3.92	3.73	3.74	645569	15679240.00
2012/09/21	3.80	4.05	3.76	3.90	1266387	31792286.00
2012/09/24	3.84	3.97	3.80	3.85	412631	10178363.00
2012/09/25	3.84	3.87	3.80	3.83	333989	8146505.00
2012/09/26	3.83	3.87	3.74	3.76	528935	12715734.00
2012/09/27	3.77	4.04	3.77	3.89	1678634	16733769.00
2012/09/28	3.82	3.84	3.73	3.79	1716715	16493773.00
2012/10/08	3.77	4.02	3.77	3.93	2803554	28086280.00
2012/10/09	3.89	4.10	3.85	4.06	3058221	31597284.00
2012/10/10	4.06	4.15	3.97	4.07	2740254	28301896.00
2012/10/11	4.05	4.14	4.00	4.04	1801650	18656762.00
2012/10/12	4.07	4.07	3.91	3.98	1744598	17746548.00
2012/10/15	4.01	4.01	3.90	4.00	1278227	12868533.00
2012/10/16	4.01	4.02	3.95	3.95	967002	9780365.00
2012/10/17	3.96	3.99	3.93	3.96	872839	8798226.00
2012/10/18	3.95	3.99	3.95	3.99	1213595	12284327.00
2012/10/19	3.96	4.03	3.93	3.95	1921088	19523778.00
2012/10/22	3.97	4.02	3.91	3.95	1613939	16295322.00
2012/10/23	3.95	4.27	3.95	4.10	5784922	61046312.00
2012/10/24	4.08	4.37	4.04	4.29	8906469	96840504.00
2012/10/25	4.31	4.34	4.15	4.18	3653525	39230440.00
2012/10/26	4.18	4.34	4.14	4.31	3488776	37745004.00
2012/10/29	4.31	4.70	4.25	4.57	8902383	103216800.00
2012/10/30	4.53	4.65	4.49	4.59	5320361	62051480.00
2012/10/31	4.69	4.90	4.48	4.55	14193274	169973392.00
2012/11/01	4.57	4.65	4.45	4.60	7458269	87293040.00
2012/11/02	4.59	5.06	4.56	5.06	10957836	135111408.00
2012/11/05	5.16	5.57	5.11	5.57	34915416	486282176.00
2012/11/06	5.61	5.84	5.36	5.40	32099728	454527488.00
2012/11/07	5.38	5.94	5.38	5.72	42662438	623335424.00
2012/11/08	5.31	5.53	5.20	5.38	21845807	299515840.00
2012/11/09	5.41	5.86	5.36	5.61	26368655	379582976.00
2012/11/12	5.64	5.64	5.44	5.57	11807092	166643824.00
2012/11/13	5.49	5.83	5.47	5.51	11697259	168599296.00
2012/11/14	5.45	5.76	5.45	5.74	10842054	155996496.00
2012/11/15	5.77	6.22	5.74	6.12	22538599	346232160.00
2012/11/16	6.04	6.14	5.77	5.96	13612179	205619808.00
2012/11/19	5.96	6.04	5.49	5.67	12315888	178913680.00
2012/11/20	5.61	5.63	5.44	5.51	7774702	109344080.00
2012/11/21	5.51	5.88	5.47	5.87	12001746	175595984.00
2012/11/22	5.84	6.02	5.64	5.68	9542982	141098848.00
2012/11/23	5.65	5.84	5.57	5.65	6520805	94561832.00
2012/11/26	5.67	5.79	5.51	5.63	5892759	84935632.00
2012/11/27	5.55	5.64	5.29	5.33	8079689	111300872.00
2012/11/28	5.31	5.44	5.14	5.41	4364337	58864128.00
2012/11/29	5.39	5.45	5.22	5.28	4288782	58085760.00
2012/11/30	5.24	5.30	4.91	5.08	7539628	97994776.00
2012/12/03	5.06	5.12	4.92	4.98	3929634	49931780.00
2012/12/04	4.98	5.08	4.88	5.05	3522036	44926684.00
2012/12/05	5.03	5.44	5.01	5.34	6074523	81627600.00
2012/12/06	5.34	5.44	5.28	5.35	3092001	42329508.00
2012/12/07	5.36	5.47	5.29	5.43	3666180	50644376.00
2012/12/10	5.43	5.72	5.37	5.71	6139955	87360016.00
2012/12/11	5.71	5.71	5.57	5.58	4054850	58097600.00
2012/12/12	5.53	6.05	5.53	5.85	9943429	148120240.00
2012/12/13	5.82	5.92	5.58	5.59	6645041	96835160.00
2012/12/14	5.57	5.84	5.57	5.76	5181341	75704760.00
2012/12/17	5.80	5.82	5.62	5.65	4832114	69999968.00
2012/12/18	5.64	5.66	5.49	5.52	5070327	71935440.00
2012/12/19	5.49	5.67	5.47	5.53	3324556	47374440.00
2012/12/20	5.49	5.53	5.37	5.44	3975497	55100192.00
2012/12/21	5.43	5.67	5.43	5.58	3565927	50306888.00
2012/12/24	5.60	5.74	5.53	5.53	4713885	67775536.00
2012/12/25	5.53	5.60	5.41	5.57	6653296	93381640.00
2012/12/26	5.57	5.94	5.57	5.88	11452707	167989744.00
2012/12/27	5.88	5.92	5.72	5.76	6198361	91630920.00
2012/12/28	5.75	5.82	5.61	5.76	5126118	74795736.00
2012/12/31	5.84	5.84	5.66	5.80	4383313	64402376.00
2013/01/04	5.82	5.86	5.72	5.74	3138229	46185920.00
2013/01/07	5.68	5.99	5.68	5.87	6990735	104703408.00
2013/01/08	5.84	5.96	5.79	5.88	4445556	66461644.00
2013/01/09	5.88	6.47	5.85	6.47	20938761	339208512.00
2013/01/10	6.66	6.78	6.46	6.69	19049039	321100960.00
2013/01/11	6.69	6.69	6.35	6.42	11433053	189266832.00
2013/01/14	6.37	6.58	6.32	6.51	9409249	155282464.00
2013/01/15	6.44	6.62	6.38	6.51	8767851	145779552.00
2013/01/16	6.44	6.67	6.42	6.55	7473900	125063952.00
2013/01/17	6.56	6.73	6.45	6.67	7395634	124377736.00
2013/01/18	6.66	6.91	6.64	6.87	11288479	196300144.00
2013/01/21	6.88	6.93	6.68	6.76	7091512	122776752.00
2013/01/22	6.75	6.86	6.63	6.64	4846983	83170144.00
2013/01/23	6.58	6.76	6.51	6.59	4059786	68397760.00
2013/01/24	6.59	6.67	6.27	6.35	6159987	101809056.00
2013/01/25	6.36	6.49	6.33	6.36	3163011	51631568.00
2013/01/28	6.39	6.67	6.39	6.65	3429205	57549804.00
2013/01/29	6.66	6.85	6.65	6.70	3916784	67586936.00
2013/01/30	6.68	6.78	6.62	6.78	2899406	49474864.00
2013/01/31	6.94	7.21	6.82	6.83	8710165	155404032.00
2013/02/01	6.80	7.00	6.67	6.90	4367695	76378128.00
2013/02/04	7.03	7.04	6.81	6.89	4367984	76656864.00
2013/02/05	6.87	6.94	6.78	6.81	3095293	53849732.00
2013/02/06	6.81	6.91	6.81	6.85	2286761	39972196.00
2013/02/07	6.90	6.90	6.73	6.74	2866729	49598660.00
2013/02/08	6.73	6.91	6.73	6.86	2205376	38556080.00
2013/02/18	6.89	7.40	6.86	7.22	7442511	135152064.00
2013/02/19	7.21	7.31	7.14	7.20	4022838	74113704.00
2013/02/20	7.25	7.69	7.18	7.64	7366453	141401264.00
2013/02/21	7.65	7.84	7.40	7.60	7854691	152124960.00
2013/02/22	7.63	7.83	7.45	7.47	4823637	93497240.00
2013/02/25	7.48	7.79	7.37	7.77	6811360	131264152.00
2013/02/26	7.76	7.88	7.69	7.74	5100185	101249784.00
2013/02/27	7.78	7.81	7.64	7.74	3057948	60133040.00
2013/02/28	7.76	7.98	7.71	7.90	5656801	113442504.00
2013/03/01	7.94	7.98	7.80	7.91	4120441	82792152.00
2013/03/04	7.90	7.91	7.73	7.84	5300330	105865952.00
2013/03/05	7.77	8.32	7.77	8.29	7500991	154910208.00
2013/03/06	8.29	8.54	8.20	8.43	4776475	102073792.00
2013/03/07	8.36	9.13	8.36	8.71	8590672	192212608.00
2013/03/08	8.68	8.86	8.56	8.81	5139806	113657304.00
2013/03/11	8.81	9.51	8.76	9.41	10469692	246254848.00
2013/03/12	9.39	9.49	8.49	8.52	14343338	327607776.00
2013/03/13	8.30	8.80	7.91	8.51	10011599	213482496.00
2013/03/14	8.26	8.62	8.12	8.17	7574933	160265056.00
2013/03/15	8.18	8.39	8.10	8.18	5177814	108612840.00
2013/03/18	8.18	8.18	7.65	7.72	8512880	170103664.00
2013/03/19	7.68	8.24	7.68	8.19	7408548	151948256.00
2013/03/20	8.16	8.43	8.16	8.36	5003839	106298752.00
2013/03/21	8.36	8.74	8.36	8.60	4521735	99527416.00
2013/03/22	8.60	8.90	8.60	8.89	4211406	94246048.00
2013/03/25	8.86	9.09	8.63	8.66	4609669	103262048.00
2013/03/26	8.67	8.82	8.25	8.76	5122618	111727048.00
2013/03/27	8.75	8.89	8.56	8.64	3148077	70060352.00
2013/03/28	8.59	8.72	8.47	8.49	3367115	73800688.00
2013/03/29	8.49	8.60	8.39	8.52	2125203	45874672.00
2013/04/01	8.62	8.62	8.44	8.48	1789321	38865084.00
2013/04/02	8.45	8.54	8.30	8.47	2598079	55801064.00
2013/04/03	8.47	8.53	8.29	8.31	2321507	49472496.00
2013/04/08	8.04	8.18	7.96	8.03	3673608	75334296.00
2013/04/09	8.03	8.50	8.03	8.44	3344036	71260000.00
2013/04/10	8.45	8.51	8.33	8.45	1977104	42418612.00
2013/04/11	8.46	8.54	8.23	8.24	2327953	49654772.00
2013/04/12	8.23	8.25	8.03	8.04	2601354	53819884.00
2013/04/15	8.04	8.04	7.89	7.99	1281509	26058784.00
2013/04/16	7.96	7.96	7.69	7.95	2182137	43588496.00
2013/04/17	7.95	8.30	7.95	8.14	1777980	37048060.00
2013/04/18	8.07	8.15	8.02	8.08	1529826	31566836.00
2013/04/19	8.07	8.27	8.06	8.27	2716461	56560052.00
2013/04/22	8.24	8.29	8.04	8.06	2257879	46814780.00
2013/04/23	8.01	8.04	7.71	7.72	3519258	70236608.00
2013/04/24	7.73	7.92	7.68	7.90	2919402	58215128.00
2013/04/25	7.93	8.12	7.86	7.91	3480192	71340320.00
2013/04/26	7.90	8.03	7.73	7.84	2296997	45738824.00
2013/05/02	7.84	7.84	7.05	7.05	5636840	103616368.00
2013/05/03	6.95	7.36	6.60	7.24	7340262	129424016.00
2013/05/06	7.12	7.24	7.02	7.14	3146348	57261040.00
2013/05/07	7.14	7.20	7.07	7.09	2678703	48642120.00
2013/05/08	7.09	7.20	7.09	7.13	2861623	52155372.00
2013/05/09	7.13	7.50	7.09	7.46	3985717	74701560.00
2013/05/10	7.46	7.52	7.36	7.40	2616092	49424428.00
2013/05/13	7.40	7.40	7.17	7.19	2663717	49275492.00
2013/05/14	7.19	7.36	7.16	7.24	1954556	36098160.00
2013/05/15	7.19	7.31	7.16	7.20	1562489	28666678.00
2013/05/16	7.22	7.22	7.02	7.17	2909166	52720576.00
2013/05/17	7.17	7.29	7.09	7.29	2536585	46628828.00
2013/05/20	7.25	7.72	7.25	7.62	4936593	94680536.00
2013/05/21	7.60	7.86	7.48	7.85	5568430	108850400.00
2013/05/22	7.82	7.92	7.54	7.55	5839407	114749584.00
2013/05/23	7.49	7.49	7.33	7.36	2743327	51762872.00
2013/05/24	7.38	7.49	7.34	7.39	3251183	61418692.00
2013/05/27	7.45	7.50	7.29	7.30	3161932	59429472.00
2013/05/28	7.32	7.41	7.24	7.40	2633954	49259148.00
2013/05/29	7.43	7.45	7.25	7.40	2989202	55856808.00
2013/05/30	7.37	7.45	7.28	7.39	3166404	59389216.00
2013/05/31	7.42	7.42	7.33	7.36	2909227	54603624.00
2013/06/03	7.33	7.40	7.22	7.31	4342550	81208456.00
2013/06/04	7.31	7.44	7.27	7.32	3112068	58392172.00
2013/06/05	7.35	7.36	7.24	7.29	2793186	51878452.00
2013/06/06	7.30	7.48	7.30	7.43	2909442	36699024.00
2013/06/07	7.36	7.44	7.24	7.31	4116310	51238048.00
2013/06/13	7.35	7.41	6.79	7.08	3985596	48827096.00
2013/06/14	7.11	7.27	7.09	7.14	3136253	38267604.00
2013/06/17	7.18	7.25	7.04	7.09	2930048	35293472.00
2013/06/18	7.16	7.16	7.00	7.04	2343613	28130332.00
2013/06/19	6.99	7.04	6.77	6.86	3559141	41516936.00
2013/06/20	6.85	6.86	6.58	6.68	3432619	39075208.00
2013/06/21	6.68	6.68	6.47	6.58	2908165	32400714.00
2013/06/24	6.61	6.61	5.92	5.92	4340880	45627960.00
2013/06/25	5.85	5.86	5.33	5.49	7177511	67229696.00
2013/06/26	5.50	5.71	5.41	5.64	3229063	30717000.00
2013/06/27	5.62	5.65	5.41	5.45	3937400	37027112.00
2013/06/28	5.41	5.49	5.30	5.34	2535545	23225318.00
2013/07/01	5.44	5.88	5.34	5.71	11913304	117387648.00
2013/07/02	5.65	5.85	5.56	5.77	8156702	79405992.00
2013/07/03	5.74	5.83	5.59	5.79	5409467	52460432.00
2013/07/04	5.69	6.32	5.69	6.22	7367747	76508592.00
2013/07/05	6.24	6.38	5.98	5.99	7138717	74446120.00
2013/07/08	5.82	5.94	5.67	5.68	5244404	51610940.00
2013/07/09	5.68	5.78	5.59	5.65	3463846	33295126.00
2013/07/10	5.64	5.79	5.53	5.78	4561997	43836864.00
2013/07/11	5.80	6.29	5.79	6.01	19891245	204474912.00
2013/07/12	6.01	6.21	5.95	6.04	10480417	108485800.00
2013/07/15	6.05	6.16	6.03	6.09	4711562	48783512.00
2013/07/16	6.15	6.15	6.01	6.09	4656040	48170800.00
2013/07/17	6.09	6.22	6.09	6.18	9687764	101378424.00
2013/07/18	6.11	6.17	6.05	6.06	7438153	77021920.00
2013/07/19	6.06	6.11	5.76	5.79	5265563	53413768.00
2013/07/22	5.79	6.19	5.65	6.19	7739424	80023280.00
2013/07/23	6.25	6.81	6.25	6.56	14078238	157351984.00
2013/07/24	6.48	6.72	6.35	6.59	10629955	117573896.00
2013/07/25	6.61	6.82	6.41	6.43	9538851	106984744.00
2013/07/26	6.31	6.52	6.31	6.38	2655137	28770046.00
2013/07/29	6.37	6.37	6.08	6.19	4513745	47540592.00
2013/07/30	6.15	6.26	6.05	6.12	4321502	44955080.00
2013/07/31	6.13	6.26	6.07	6.24	4523631	47400840.00
2013/08/01	6.24	6.59	6.21	6.50	5465546	59770924.00
2013/08/02	6.54	6.65	6.48	6.50	5485817	60931248.00
2013/08/05	6.56	6.75	6.44	6.66	4476215	50565936.00
2013/08/06	6.65	6.72	6.61	6.68	3189218	36111148.00
2013/08/07	6.70	6.84	6.61	6.72	5548477	63457488.00
2013/08/08	6.81	6.81	6.65	6.70	3715904	42363592.00
2013/08/09	6.70	6.84	6.62	6.71	3408341	38972640.00
2013/08/12	6.74	7.27	6.65	7.18	10264022	122017328.00
2013/08/13	7.18	7.48	7.16	7.39	12388654	154994768.00
2013/08/14	7.35	7.35	7.18	7.26	8880334	109397408.00
2013/08/15	7.24	7.63	7.18	7.48	10446770	132167496.00
2013/08/16	7.53	7.81	7.43	7.58	12783243	166336992.00
2013/08/19	7.52	7.69	7.12	7.29	16755060	208602624.00
2013/08/20	7.21	7.34	7.18	7.24	7675222	94399584.00
2013/08/21	7.15	7.30	7.12	7.14	6285460	76913376.00
2013/08/22	7.15	7.46	7.14	7.38	5688071	71189016.00
2013/08/23	7.46	7.51	7.15	7.36	5112699	63782920.00
2013/08/26	7.34	7.34	6.97	7.15	20095351	244357616.00
2013/08/27	7.15	7.35	6.94	7.23	15484466	188216656.00
2013/08/28	7.15	7.25	6.99	7.09	12157744	146445872.00
2013/08/29	7.15	7.29	6.94	6.99	14066328	169348576.00
2013/08/30	7.03	7.05	6.75	6.87	10449153	122000384.00
2013/09/02	6.90	7.14	6.84	7.09	9040007	107874824.00
2013/09/03	7.11	7.21	7.03	7.11	6097519	73841152.00
2013/09/04	7.16	7.16	6.97	7.09	6346020	76097632.00
2013/09/05	7.06	7.14	7.03	7.05	6311348	75755480.00
2013/09/06	7.03	7.09	6.98	7.05	6102823	73186928.00
2013/09/09	7.02	7.09	6.78	7.04	9676921	114750608.00
2013/09/10	7.06	7.74	7.00	7.74	24234797	308438816.00
2013/09/11	7.65	7.94	7.56	7.65	21180398	278447296.00
2013/09/12	7.57	7.79	7.46	7.59	9939409	128578800.00
2013/09/13	7.62	7.93	7.61	7.76	16794591	222468480.00
2013/09/16	7.76	7.92	7.45	7.51	26414000	341533152.00
2013/09/17	7.46	7.58	7.26	7.40	13730221	172908816.00
2013/09/18	7.38	7.54	7.34	7.49	6654893	83999656.00
2013/09/23	7.59	7.70	7.42	7.52	8909212	114392520.00
2013/09/24	7.53	7.62	7.49	7.60	8151857	104646888.00
2013/09/25	7.60	7.65	7.52	7.57	8789424	113244816.00
2013/09/26	7.65	7.65	7.36	7.41	7910100	101138408.00
2013/09/27	7.39	7.48	7.33	7.34	4705100	59114084.00
2013/09/30	7.35	7.58	7.35	7.44	4500358	57064424.00
2013/10/08	7.44	7.54	7.34	7.54	6171226	77935880.00
2013/10/09	7.54	7.91	7.54	7.81	11087558	146953568.00
2013/10/10	7.87	7.89	7.68	7.68	8304665	109522264.00
2013/10/11	7.71	7.94	7.68	7.90	8871934	118683320.00
2013/10/14	7.96	8.06	7.88	8.00	7781348	105629456.00
2013/10/15	8.00	8.18	7.97	8.06	9936889	136320496.00
2013/10/16	8.12	8.12	7.76	7.86	8639854	115821840.00
2013/10/17	7.91	8.14	7.81	7.92	6553887	88574840.00
2013/10/18	7.92	8.06	7.85	8.01	5200659	70597752.00
2013/10/21	8.06	8.11	7.95	8.04	6550807	89216968.00
2013/10/22	8.08	8.11	7.95	7.99	5848499	79811024.00
2013/10/23	8.02	8.02	7.61	7.71	8353686	110286792.00
2013/10/24	7.71	7.74	7.36	7.53	7060388	90239976.00
2013/10/25	7.52	7.52	7.13	7.30	6846255	85617024.00
2013/10/28	7.24	7.32	7.24	7.25	3483180	43061208.00
2013/10/29	7.32	7.41	6.76	7.04	7881932	94116512.00
2013/10/30	6.98	7.12	6.98	7.06	2133657	25567024.00
2013/10/31	7.06	7.06	6.76	6.85	5423893	63080216.00
2013/11/01	6.96	6.96	6.74	6.94	3711108	43294392.00
2013/11/04	6.88	6.97	6.83	6.93	2481824	29082944.00
2013/11/05	6.88	7.15	6.82	7.12	3591141	43008928.00
2013/11/06	7.12	7.40	7.12	7.29	8716407	107989696.00
2013/11/07	7.29	7.48	7.29	7.36	5832457	73342744.00
2013/11/08	7.35	7.40	7.28	7.38	3341855	41638608.00
2013/11/11	7.38	7.47	7.31	7.39	2975868	37326224.00
2013/11/12	7.41	7.47	7.36	7.46	2912557	36647712.00
2013/11/13	7.41	7.47	7.22	7.24	2491760	30972118.00
2013/11/14	7.24	7.29	7.00	7.19	2837302	34459952.00
2013/11/15	7.26	7.52	7.18	7.21	5961519	74523648.00
2013/11/18	7.21	7.38	7.21	7.38	4008897	49848136.00
2013/11/19	7.38	7.44	7.30	7.34	3335953	41729152.00
2013/11/20	7.34	7.48	7.34	7.45	3783288	47816836.00
2013/11/21	7.46	7.55	7.36	7.51	4666089	59249992.00
2013/11/22	7.54	7.55	7.41	7.41	3885915	49366196.00
2013/11/25	7.38	7.38	7.15	7.22	5141681	63196032.00
2013/11/26	7.24	7.26	7.00	7.15	4468093	53895588.00
2013/11/27	7.07	7.27	7.06	7.18	3423632	41529820.00
2013/11/28	7.19	7.38	7.13	7.28	6238246	77273472.00
2013/11/29	7.26	7.52	7.26	7.46	6478066	82000128.00
2013/12/02	7.35	7.37	7.16	7.21	7104243	87682248.00
2013/12/03	7.21	7.29	7.16	7.27	2303497	28389906.00
2013/12/04	7.34	7.39	7.25	7.34	3211678	40083636.00
2013/12/05	7.35	7.48	7.16	7.21	4669851	57482212.00
2013/12/06	7.19	7.26	7.18	7.19	1879416	23064328.00
2013/12/09	7.20	7.34	7.18	7.29	2051701	25381864.00
2013/12/10	7.29	7.33	7.21	7.25	2164544	26656040.00
2013/12/11	7.25	7.25	7.12	7.21	2703367	32923628.00
2013/12/12	7.14	7.24	7.14	7.16	1429452	17426028.00
2013/12/13	7.16	7.19	7.12	7.12	1927639	23397684.00
2013/12/16	7.16	7.19	6.98	7.01	3449508	41526324.00
2013/12/17	6.99	7.05	6.88	6.99	1755343	20873108.00
2013/12/18	6.95	7.00	6.87	6.92	2437075	28605530.00
2013/12/19	6.89	6.94	6.23	6.53	14479292	160179616.00
2013/12/20	6.42	6.52	6.18	6.47	4219789	45747916.00
2013/12/23	6.47	6.64	6.30	6.42	2432509	26483860.00
2013/12/24	6.42	6.48	6.37	6.43	1415453	15499383.00
2013/12/25	6.44	6.61	6.44	6.61	6877204	76623392.00
2013/12/26	6.61	6.79	6.58	6.65	5053157	57527572.00
2013/12/27	6.65	6.95	6.65	6.84	5576242	65112752.00
2013/12/30	6.84	6.94	6.74	6.74	2392582	27796896.00
2013/12/31	6.72	7.05	6.71	6.92	4320407	50782420.00
2014/01/02	6.92	7.02	6.88	6.99	2557675	30352680.00
2014/01/03	7.00	7.01	6.89	6.94	2592175	30614064.00
2014/01/06	6.91	6.95	6.68	6.69	3092999	35578316.00
2014/01/07	6.68	6.78	6.53	6.71	2391037	27113088.00
2014/01/08	6.66	6.76	6.55	6.58	1803088	20265828.00
2014/01/09	6.58	6.65	6.50	6.52	1559180	17442140.00
2014/01/10	6.52	6.60	6.44	6.49	2618267	29000124.00
2014/01/13	6.53	6.70	6.53	6.62	3177066	35829848.00
2014/01/14	6.69	6.72	6.62	6.71	1557581	17687928.00
2014/01/15	6.65	6.91	6.65	6.87	2683764	31205032.00
2014/01/16	6.86	6.95	6.71	6.91	5008721	58686424.00
2014/01/17	6.91	7.12	6.88	6.92	5957504	71007416.00
2014/01/20	6.91	7.08	6.87	6.95	3284254	39015264.00
2014/01/21	6.95	7.04	6.72	6.83	4209268	48763332.00
2014/01/22	6.88	6.88	6.72	6.79	5798187	66752860.00
2014/01/23	6.79	6.98	6.77	6.93	3576587	41873540.00
2014/01/24	6.91	7.05	6.91	7.04	4509034	53569428.00
2014/01/27	7.03	7.25	6.94	7.10	5602479	68189960.00
2014/01/28	7.10	7.15	6.98	6.99	3091008	37078872.00
2014/01/29	7.04	7.23	6.91	6.96	7927424	94719936.00
2014/01/30	6.92	6.99	6.86	6.92	3640081	42883012.00
2014/02/07	6.92	7.06	6.86	7.00	5186671	61680368.00
2014/02/10	7.05	7.32	6.96	7.26	8659812	106167360.00
2014/02/11	7.26	7.46	7.26	7.31	6581085	82543360.00
2014/02/12	7.29	7.45	7.18	7.25	6722549	83298568.00
2014/02/13	7.25	7.40	7.08	7.29	7496712	92128224.00
2014/02/14	7.27	7.36	7.18	7.28	5244076	64644892.00
2014/02/17	7.29	7.34	7.24	7.27	6317296	78254720.00
2014/02/18	7.27	7.29	7.09	7.12	6874639	83470336.00
2014/02/19	7.13	7.26	7.09	7.18	7706354	93962328.00
2014/02/20	7.18	7.21	6.97	6.99	7780704	94015216.00
2014/02/21	6.99	7.05	6.71	6.80	6830635	79367976.00
2014/02/24	6.82	6.82	6.48	6.59	6944113	78215280.00
2014/02/25	6.61	6.74	6.39	6.49	6801563	75760720.00
2014/02/26	6.52	6.58	6.36	6.51	4056141	44638708.00
2014/02/27	6.52	6.58	6.37	6.57	5471413	60176212.00
2014/02/28	6.58	6.73	6.54	6.64	5210350	58814408.00
2014/03/03	6.57	6.69	6.53	6.64	4388471	49108264.00
2014/03/04	6.59	6.59	6.47	6.49	4559785	50510336.00
2014/03/05	6.49	6.58	6.46	6.55	3439127	38044296.00
2014/03/06	6.55	6.56	6.41	6.48	2734102	30220520.00
2014/03/07	6.53	6.64	6.48	6.52	4657936	51831528.00
2014/03/10	6.50	6.50	6.22	6.42	5625600	60972912.00
2014/03/11	6.37	6.47	6.30	6.44	2584427	28065948.00
2014/03/12	6.39	6.44	6.24	6.32	2255107	24200256.00
2014/03/13	6.34	6.38	6.24	6.36	1815618	19430488.00
2014/03/14	6.34	6.39	6.25	6.30	2280170	24494708.00
2014/03/17	6.26	6.35	6.21	6.29	2031222	21683656.00
2014/03/18	6.25	6.55	6.24	6.50	5628666	61198928.00
2014/03/19	6.47	6.51	6.38	6.47	3529925	38576016.00
2014/03/20	6.47	6.47	6.30	6.38	2959934	32121520.00
2014/03/21	6.32	6.42	6.26	6.40	3392243	36581820.00
2014/03/24	6.40	6.52	6.40	6.49	5255940	57708076.00
2014/03/25	6.53	6.68	6.47	6.50	6182404	69036888.00
2014/03/26	6.49	6.68	6.48	6.59	13449528	151194688.00
2014/03/27	6.54	6.64	6.52	6.56	5023495	56119408.00
2014/03/28	6.56	6.59	6.18	6.20	6660586	71775504.00
2014/03/31	6.26	6.28	5.58	6.11	17296571	173060960.00
2014/07/15	6.11	6.72	6.05	6.70	58649081	378498240.00
2014/07/16	6.50	6.71	6.36	6.38	26322546	171761536.00
2014/07/17	6.34	6.66	6.12	6.46	26323316	169399408.00
2014/07/18	6.51	6.81	6.51	6.61	28864705	191939584.00
2014/07/21	6.61	6.65	6.41	6.64	19789806	129934344.00
2014/07/22	6.58	6.64	6.49	6.57	25312365	166405520.00
2014/07/23	6.56	6.68	6.51	6.66	22631978	149754432.00
2014/07/24	6.70	7.10	6.61	7.07	44643166	308740576.00
2014/07/25	7.06	7.68	7.00	7.40	62687316	465400992.00
2014/07/28	7.44	8.04	7.44	7.99	70158426	547498368.00
2014/07/29	7.98	8.11	7.84	8.09	47488405	379123360.00
2014/07/30	8.06	8.74	8.00	8.60	66735593	564329920.00
2014/07/31	8.60	9.16	8.45	8.68	75275542	664233280.00
2014/08/01	8.63	8.90	8.50	8.77	39782994	348169152.00
2014/08/04	8.77	8.93	8.66	8.88	37992966	334315808.00
2014/08/05	8.90	9.75	8.88	9.74	65493139	612052608.00
2014/08/06	9.76	10.18	9.38	9.65	75993208	746538688.00
2014/08/07	9.59	9.84	9.16	9.60	65874693	625697920.00
2014/08/08	9.50	9.94	9.42	9.82	45040598	438285152.00
2014/08/11	9.85	10.80	9.85	10.74	67720167	709229312.00
2014/08/12	10.75	11.62	10.54	11.36	76149847	845209408.00
2014/08/13	11.36	11.98	11.24	11.85	76781266	887571328.00
2014/08/14	12.00	13.04	11.79	13.04	103014993	1299704704.00
2014/08/15	12.99	13.55	12.40	13.09	95302107	1233854592.00
2014/08/18	13.09	13.32	12.71	12.86	53871957	701920896.00
2014/08/19	12.78	13.04	11.57	11.99	86863378	1055843776.00
2014/08/20	11.93	12.35	11.81	12.34	46232098	557503232.00
2014/08/21	12.22	13.10	12.07	12.80	55095425	702844928.00
2014/08/22	12.70	12.99	12.53	12.68	34547085	442065504.00
2014/08/25	12.62	12.80	11.88	12.08	41377258	507902880.00
2014/08/26	12.08	12.36	11.92	12.23	23221171	282759488.00
2014/08/27	12.20	12.39	11.56	11.84	31909543	379884064.00
2014/08/28	11.85	12.07	11.49	11.59	28592468	335345408.00
2014/08/29	11.70	11.79	10.93	11.36	36237551	409276704.00
2014/09/01	11.45	12.50	11.38	12.50	47553180	574037120.00
2014/09/02	12.81	13.59	12.81	13.26	65408671	862689920.00
2014/09/03	13.31	14.37	13.31	14.33	62166771	868844224.00
2014/09/05	14.47	14.62	13.65	14.01	45517301	646451392.00
2014/09/09	13.90	14.50	13.89	14.15	28736866	407531488.00
2014/09/10	14.30	14.50	14.05	14.17	23933311	341093888.00
2014/09/11	14.18	15.00	13.88	14.99	40778430	584184768.00
2014/09/12	15.07	15.79	15.07	15.44	42817287	661512896.00
2014/09/15	15.38	15.65	15.00	15.26	23519887	357958624.00
2014/09/16	15.10	15.55	14.62	14.77	23462244	355943968.00
2014/09/17	14.81	15.05	14.21	14.79	16333773	239437664.00
2014/09/18	14.81	15.84	14.51	15.79	26071798	394718240.00
2014/09/19	15.80	16.18	15.14	15.17	36887170	574489216.00
2014/09/22	14.94	15.30	14.70	15.19	21078787	315863616.00
2014/09/23	15.19	15.44	14.92	15.19	15185757	231686256.00
2014/09/24	15.19	15.47	15.00	15.24	17497204	266654384.00
2014/09/25	15.36	16.00	15.36	15.71	25105046	395744960.00
2014/09/26	15.80	17.28	15.80	17.07	41806133	693357440.00
2014/09/29	17.07	17.49	16.55	16.89	27935881	475099456.00
2014/09/30	17.00	17.35	16.86	17.04	15760939	268702144.00
2014/10/08	17.10	17.39	16.85	17.11	14314858	244567808.00
2014/10/09	17.10	17.27	16.86	16.97	12248612	208711888.00
2014/10/10	16.95	17.05	16.59	16.81	12745490	214414336.00
2014/10/13	16.80	17.80	16.60	17.44	17253569	296892608.00
2014/10/14	17.30	17.64	17.06	17.42	11410284	197772320.00
2014/10/15	17.17	17.54	17.06	17.09	10513329	181377760.00
2014/10/16	17.11	17.39	16.69	16.80	15124288	258930064.00
2014/10/17	16.84	17.16	16.46	16.88	11655949	196325728.00
2014/10/20	16.88	17.25	16.87	16.93	9320461	158521632.00
2014/10/21	16.96	17.05	16.50	16.84	10040862	168222016.00
2014/10/22	16.66	16.95	16.58	16.84	11906442	199179376.00
2014/10/23	16.85	16.89	16.31	16.51	9954197	164721408.00
2014/10/24	16.62	17.60	16.62	17.11	18487008	315807104.00
2014/10/27	17.13	17.42	17.00	17.07	13299072	228659904.00
2014/10/28	17.34	17.34	16.60	16.81	15178826	255525296.00
2014/10/29	16.84	17.08	16.52	16.84	15576179	260313920.00
2014/10/30	16.95	16.95	16.55	16.62	10360409	173106368.00
2014/10/31	16.61	16.98	16.49	16.80	12484367	209018752.00
2014/11/03	16.71	17.31	16.60	17.20	18855346	323552544.00
2014/11/05	17.50	17.79	15.48	15.48	41088528	652787904.00
2014/11/06	14.01	14.83	13.93	13.93	99522128	1403558400.00
2014/11/07	13.51	13.70	12.70	13.23	97159720	1273198208.00
2014/11/10	13.00	13.32	12.89	13.17	46243264	606444608.00
2014/11/11	13.17	13.18	12.25	12.68	53979786	681121024.00
2014/11/12	12.60	12.80	12.45	12.73	25724966	324512320.00
2014/11/13	12.72	13.25	12.63	13.20	48194630	628311488.00
2014/11/14	13.13	13.58	13.01	13.49	30914952	411529664.00
2014/11/17	13.38	13.69	13.33	13.44	22615830	305131552.00
2014/11/18	13.35	13.48	12.84	13.40	21460472	283779840.00
2014/11/19	13.36	13.66	13.20	13.48	21341167	288106240.00
2014/11/20	13.48	13.57	13.19	13.40	12395369	166034800.00
2014/11/21	13.45	14.48	13.31	14.20	38709055	536970112.00
2014/11/24	14.31	14.55	14.00	14.28	38327839	545629568.00
2014/11/25	14.25	14.60	14.10	14.34	25587027	366707584.00
2014/11/26	14.43	14.45	14.11	14.35	21000069	299516736.00
2014/11/27	14.36	14.43	14.10	14.19	17349936	246781088.00
2014/11/28	14.35	14.54	14.03	14.20	25821770	369181120.00
2014/12/01	14.24	14.24	13.49	13.68	20018588	274971360.00
2014/12/02	13.46	13.93	13.41	13.67	23082717	315198848.00
2014/12/03	13.58	13.84	13.48	13.76	24931770	341279008.00
2014/12/04	13.71	13.95	13.55	13.76	24120362	330158944.00
2014/12/05	13.79	13.88	12.98	13.39	21715883	292338464.00
2014/12/08	13.28	13.58	12.99	13.07	28654509	377598656.00
2014/12/09	13.06	13.30	12.32	12.44	27011874	345472320.00
2014/12/10	12.46	12.83	11.80	12.71	26826881	332330816.00
2014/12/11	13.00	13.48	12.78	13.33	24159935	319272896.00
2014/12/12	13.50	13.60	13.07	13.26	25121638	333216704.00
2014/12/15	13.32	13.40	13.13	13.28	10988654	145714208.00
2014/12/16	13.32	13.39	13.03	13.24	12940780	170302320.00
2014/12/17	13.22	13.22	12.71	12.81	14221498	182799216.00
2014/12/18	12.97	13.25	12.71	12.72	10385440	133752448.00
2014/12/19	13.00	13.00	12.28	12.78	14583617	183789456.00
2014/12/22	12.68	12.71	11.50	11.99	20710887	245437568.00
2014/12/23	11.78	11.80	10.79	10.79	17561026	196806672.00
2015/01/12	11.87	11.87	11.87	11.87	1158292	13748926.00
2015/01/13	13.06	13.06	10.70	10.77	132232847	1532318208.00
2015/01/14	10.19	10.58	9.89	10.07	74203792	750602752.00
2015/01/15	10.01	10.18	9.86	10.07	30506919	306106304.00
2015/01/16	10.16	10.38	10.02	10.28	40635669	414232384.00
2015/01/19	10.02	10.55	9.75	10.21	37354839	381193120.00
2015/01/20	10.25	10.47	9.99	10.41	40264608	413698016.00
2015/01/21	10.40	11.18	10.32	10.97	54644755	594337408.00
2015/01/22	11.00	11.45	10.87	11.25	43646431	489489664.00
2015/01/23	11.30	11.42	11.00	11.17	27564700	307013216.00
2015/01/26	11.17	11.35	10.99	11.14	23399196	260188912.00
2015/01/27	11.16	11.23	10.82	11.03	22287415	245003472.00
2015/01/28	11.00	11.14	10.85	11.02	27543126	303683168.00
2015/01/29	10.99	11.12	10.86	11.00	19692145	216600160.00
2015/01/30	11.05	11.08	10.70	10.85	14080204	153027216.00
2015/02/02	10.68	11.30	10.33	11.13	35096446	385409312.00
2015/02/03	11.15	11.53	11.08	11.29	31309264	353012448.00
2015/02/04	11.27	11.41	11.06	11.13	21455386	240613824.00
2015/02/05	11.20	11.24	10.74	10.75	19555591	213326736.00
2015/02/06	10.72	11.46	10.40	10.88	29100491	317066368.00
2015/02/09	10.90	11.26	10.81	10.96	16609045	182532816.00
2015/02/10	10.84	11.01	10.84	10.93	9126926	99582368.00
2015/02/11	10.92	10.99	10.82	10.91	10794830	117744136.00
2015/02/12	10.88	11.48	10.88	11.33	38638823	433497600.00
2015/02/13	11.33	11.94	11.30	11.82	48907774	569597568.00
2015/02/16	11.82	12.10	11.76	11.92	37149936	442561888.00
2015/02/17	11.99	12.12	11.87	11.91	22499773	269395136.00
2015/02/25	12.00	13.10	11.88	13.10	52153103	661885440.00
2015/02/26	13.49	13.98	13.20	13.74	74461114	1014693888.00
2015/02/27	13.56	13.75	13.20	13.50	42695464	575692672.00
2015/03/02	13.68	14.24	13.53	13.65	70581847	976077632.00
2015/03/03	13.68	14.15	13.66	13.67	57017739	787343680.00
2015/03/04	13.60	14.67	13.14	14.56	75532760	1049422656.00
2015/03/05	14.59	15.30	14.12	14.31	94153153	1380267904.00
2015/03/06	14.42	14.70	13.86	14.17	46077687	655752640.00
2015/03/09	14.09	14.84	13.91	14.71	50963123	735224384.00
2015/03/10	14.83	15.40	14.80	14.87	63410832	953129344.00
2015/03/11	14.85	15.19	14.41	14.77	52390337	773923328.00
2015/03/12	14.95	14.95	14.15	14.37	34388826	497994784.00
2015/03/13	14.30	14.55	13.79	14.19	56835072	800201600.00
2015/03/16	14.24	14.62	13.86	14.53	58857463	842633600.00
2015/03/17	14.48	15.49	14.38	15.19	76642434	1150169344.00
2015/03/18	15.36	16.49	15.20	16.18	79501850	1261741696.00
2015/03/19	16.15	16.65	15.74	15.97	56910060	921227392.00
2015/03/20	15.97	16.49	15.71	16.27	58207354	940817280.00
2015/03/23	16.38	17.13	16.30	17.04	66085424	1115346176.00
2015/03/24	17.15	18.73	16.79	18.38	100573488	1770241408.00
2015/03/25	18.01	18.95	17.95	18.74	39920611	738964032.00
2015/03/26	18.00	18.51	16.87	16.87	156848562	2689887488.00
2015/03/27	15.90	16.94	15.25	16.42	115356729	1849950848.00
2015/03/30	15.81	15.99	14.80	15.24	124290152	1920575488.00
2015/04/01	15.47	15.85	15.25	15.80	91226067	1423779840.00
2015/04/02	15.85	16.15	15.45	15.68	77996007	1223098624.00
2015/04/03	15.68	16.10	15.45	15.86	72595817	1149424000.00
2015/04/07	15.87	16.57	15.87	16.36	75958462	1241105792.00
2015/04/08	16.62	16.70	15.71	15.93	68556666	1106865536.00
2015/04/09	15.90	15.90	14.76	15.36	54141590	830181248.00
2015/04/10	15.26	15.95	15.00	15.73	41660562	652630464.00
2015/04/13	15.83	17.11	15.83	16.98	96747100	1603140992.00
2015/04/14	17.02	17.25	16.38	16.52	71517343	1194962304.00
2015/04/15	16.53	16.92	15.59	15.63	60927593	983874752.00
2015/04/16	15.40	16.00	15.00	15.72	39611880	619648896.00
2015/04/17	15.81	16.08	15.50	15.61	47292572	742450112.00
2015/04/20	15.52	15.52	14.65	14.86	74630400	1119791232.00
2015/04/21	14.87	15.33	14.87	15.30	39564696	597629760.00
2015/04/22	15.34	16.48	15.20	16.11	80993921	1283009664.00
2015/04/23	16.18	16.29	15.70	15.79	56447138	897480000.00
2015/04/24	15.66	16.44	15.48	16.07	72124408	1153805696.00
2015/04/27	16.08	16.35	15.48	15.58	78549013	1236477440.00
2015/04/29	14.75	15.20	14.02	14.86	90009232	1307370752.00
2015/04/30	14.65	14.84	14.23	14.29	65901411	953920704.00
2015/05/05	14.36	14.36	14.36	14.36	0	0.00
数据来源:通达信
