600312 平高电气 日线 前复权
      日期	    开盘	    最高	    最低	    收盘	    成交量	    成交额
2011/10/10	8.03	8.16	7.94	8.10	7138321	58128264.00
2011/10/12	8.03	8.40	7.90	8.37	23420529	195763952.00
2011/10/13	8.35	8.43	8.11	8.23	25281385	211404544.00
2011/10/14	8.18	8.28	7.98	8.14	10605905	87349848.00
2011/10/17	8.17	8.23	8.06	8.18	8889333	73279864.00
2011/10/18	8.12	8.12	7.60	7.62	15095489	119963544.00
2011/10/19	7.71	7.92	7.71	7.76	9269287	73462472.00
2011/10/20	7.71	7.92	7.51	7.56	9473560	73961232.00
2011/10/21	7.58	7.67	7.33	7.36	5817275	44146320.00
2011/10/24	7.40	7.54	7.11	7.47	9035885	67471976.00
2011/10/25	7.50	7.79	7.46	7.77	11681595	90518704.00
2011/10/26	7.72	8.05	7.67	7.85	17261553	138333184.00
2011/10/27	7.85	7.97	7.75	7.79	10260969	81674208.00
2011/10/28	7.91	8.06	7.90	8.05	12668646	102430320.00
2011/10/31	8.03	8.31	8.00	8.23	15505958	128538992.00
2011/11/01	8.09	8.30	8.07	8.13	10191459	84316952.00
2011/11/02	8.00	8.68	7.95	8.58	20579564	174522096.00
2011/11/03	8.76	9.33	8.76	8.96	47494017	436565504.00
2011/11/04	9.05	9.50	8.87	9.30	35391393	328696448.00
2011/11/07	9.24	9.34	9.04	9.15	17734121	164812272.00
2011/11/08	9.12	9.31	8.97	9.08	20610200	190845504.00
2011/11/09	9.26	9.56	9.07	9.55	32507067	306615616.00
2011/11/10	9.37	9.76	9.31	9.32	27352972	264294784.00
2011/11/11	9.33	9.47	9.18	9.29	13798337	130155304.00
2011/11/14	9.42	9.74	9.37	9.71	17109014	165739280.00
2011/11/15	9.65	9.88	9.61	9.71	15014529	147720880.00
2011/11/16	9.79	9.96	9.26	9.32	18336452	178353744.00
2011/11/17	9.31	9.56	9.17	9.36	11197042	106217896.00
2011/11/18	9.29	9.41	9.11	9.15	10225847	95700968.00
2011/11/21	9.23	9.31	8.89	9.09	11951776	109527584.00
2011/11/22	9.01	9.70	9.01	9.63	21925816	207457744.00
2011/11/23	9.62	9.85	9.38	9.42	16125976	157746848.00
2011/11/24	9.30	9.84	9.15	9.83	17339124	167504080.00
2011/11/25	9.74	9.93	9.67	9.68	12081545	119746904.00
2011/11/28	9.75	10.02	9.64	9.95	11953330	119599936.00
2011/11/29	9.98	10.15	9.91	10.05	12565405	127339016.00
2011/11/30	9.99	10.13	9.55	9.69	13088374	129782792.00
2011/12/01	10.04	10.26	9.95	10.12	17459363	178070544.00
2011/12/02	10.06	10.29	10.00	10.14	16795055	172355760.00
2011/12/05	10.08	10.22	9.72	9.77	11896127	119405456.00
2011/12/06	9.72	9.85	9.18	9.40	11906738	113824832.00
2011/12/07	9.41	9.66	9.41	9.50	6047537	58376364.00
2011/12/08	9.48	9.58	9.16	9.35	5033906	47678164.00
2011/12/09	9.24	9.63	9.20	9.61	6945512	66501056.00
2011/12/12	9.60	9.66	9.46	9.56	2855363	27569692.00
2011/12/13	9.56	9.58	8.75	8.86	12857236	118113944.00
2011/12/14	8.97	9.39	8.95	9.07	11918304	110917584.00
2011/12/15	8.93	9.28	8.81	9.03	6763194	62116112.00
2011/12/16	9.15	9.70	9.05	9.56	10168258	95933704.00
2011/12/19	9.52	9.59	9.18	9.52	10986854	104275880.00
2011/12/20	9.52	9.74	9.32	9.39	7289061	70243904.00
2011/12/21	9.48	9.56	8.95	9.07	13195131	121485616.00
2011/12/22	9.00	9.20	8.40	8.97	10579634	94015424.00
2011/12/23	8.94	9.11	8.78	8.99	4577449	41501916.00
2011/12/26	8.90	8.91	8.50	8.70	6777442	59378728.00
2011/12/27	8.60	8.63	8.22	8.39	5840355	49645164.00
2011/12/28	8.40	8.40	7.81	8.13	6714170	55135004.00
2011/12/29	8.07	8.30	7.98	8.02	6851932	56386364.00
2011/12/30	8.10	8.32	8.05	8.25	10073737	83761200.00
2012/01/04	8.28	8.47	8.21	8.24	6436950	54236756.00
2012/01/05	8.20	8.26	7.87	7.97	3676604	29913260.00
2012/01/06	8.07	8.20	7.81	8.12	5024352	40814028.00
2012/01/09	8.17	8.66	8.10	8.58	8456567	72175144.00
2012/01/10	8.58	8.92	8.50	8.91	8839577	78346784.00
2012/01/11	8.92	9.00	8.81	8.89	4983997	44916860.00
2012/01/12	8.83	9.11	8.83	9.01	6110113	55701524.00
2012/01/13	9.03	9.03	8.45	8.45	8237425	72080640.00
2012/01/16	8.38	8.38	7.78	7.81	8969729	72639712.00
2012/01/17	7.89	8.28	7.50	8.11	12612773	100717296.00
2012/01/18	8.05	8.17	7.60	7.74	12321513	99145016.00
2012/01/19	7.74	7.93	7.67	7.87	6243544	49407704.00
2012/01/20	7.95	8.18	7.93	8.16	5231363	42726508.00
2012/01/30	8.18	8.20	8.03	8.05	2950069	24226272.00
2012/01/31	8.08	8.14	7.92	8.04	2099951	17034880.00
2012/02/01	8.08	8.16	7.96	8.02	3525734	28753652.00
2012/02/02	8.05	8.10	7.67	7.97	10208939	80737544.00
2012/02/03	7.90	8.13	7.75	8.12	11739320	93968336.00
2012/02/06	8.15	8.27	8.07	8.17	10534855	87234248.00
2012/02/07	8.10	8.10	7.88	7.95	5897126	47567024.00
2012/02/08	7.90	8.23	7.88	8.20	9447580	77529880.00
2012/02/09	8.23	8.42	8.15	8.23	9856303	82358520.00
2012/02/10	8.21	8.28	7.93	8.09	15261450	124943576.00
2012/02/13	7.95	8.21	7.93	8.17	12795805	105005568.00
2012/02/14	8.16	8.48	7.99	8.38	21527105	180176256.00
2012/02/15	8.34	8.77	8.34	8.75	23092329	201856512.00
2012/02/16	8.70	8.83	8.60	8.77	14179679	124752800.00
2012/02/17	8.87	9.06	8.65	8.85	16418688	147284224.00
2012/02/20	8.98	9.03	8.77	8.83	15400711	138634704.00
2012/02/21	8.80	9.20	8.74	9.15	21550937	196682784.00
2012/02/22	9.18	9.27	9.06	9.20	16493229	152828256.00
2012/02/23	9.16	9.26	9.03	9.08	11393264	105314432.00
2012/02/24	9.06	9.44	9.05	9.32	16339787	153424704.00
2012/02/27	9.32	9.38	9.16	9.19	14407877	134832912.00
2012/02/28	9.14	9.19	8.82	8.98	18397956	167035920.00
2012/02/29	8.91	9.14	8.86	9.02	12434505	113277352.00
2012/03/01	9.02	9.38	9.00	9.28	14736650	138169664.00
2012/03/02	9.31	9.49	9.15	9.48	17157355	161827104.00
2012/03/05	9.49	9.70	9.32	9.64	21809777	210525824.00
2012/03/06	9.60	9.73	9.50	9.50	13508611	131019168.00
2012/03/07	9.38	9.86	9.30	9.61	25782810	252243136.00
2012/03/08	9.78	9.85	9.51	9.70	15626737	152854032.00
2012/03/09	9.69	10.07	9.65	9.99	23960206	239540048.00
2012/03/12	10.02	10.25	9.92	10.24	32138297	327512608.00
2012/03/13	10.00	10.02	9.58	9.70	62112186	609473984.00
2012/03/14	9.70	9.78	8.97	9.23	43826625	420904032.00
2012/03/15	9.11	9.29	8.82	9.10	21680079	198497744.00
2012/03/16	9.13	9.19	8.96	9.18	16560228	151941152.00
2012/03/19	9.18	9.19	8.87	9.12	22920366	208856208.00
2012/03/20	9.06	9.20	8.93	8.95	15477257	141993680.00
2012/03/21	9.00	9.05	8.66	8.78	16025347	143115952.00
2012/03/22	8.82	9.04	8.82	8.91	12484792	112655856.00
2012/03/23	8.85	8.93	8.73	8.79	7153675	63835464.00
2012/03/27	8.83	9.01	8.83	8.92	9831648	88772144.00
2012/03/28	8.85	8.91	8.26	8.33	14391151	123630712.00
2012/03/29	8.30	8.45	8.10	8.21	7468773	62315764.00
2012/03/30	8.23	8.32	8.12	8.20	4925342	40893356.00
2012/04/05	8.19	8.59	8.18	8.56	13014993	110453136.00
2012/04/06	8.56	8.74	8.48	8.56	7458496	65027168.00
2012/04/09	8.66	8.66	8.27	8.31	10175250	85914952.00
2012/04/10	8.30	8.32	7.94	8.20	12341834	101401296.00
2012/04/11	8.08	8.26	8.01	8.15	6232749	51388456.00
2012/04/12	8.15	8.32	8.10	8.31	9395395	78384688.00
2012/04/13	8.37	8.53	8.32	8.47	14407679	123230128.00
2012/04/16	8.40	8.53	8.32	8.51	12576507	106902480.00
2012/04/17	8.60	8.74	8.32	8.35	14385141	124227376.00
2012/04/18	8.38	8.56	8.26	8.52	11751682	100327160.00
2012/04/19	8.47	8.72	8.47	8.64	15460957	134890448.00
2012/04/20	8.60	8.65	8.48	8.60	9895254	85900648.00
2012/04/23	8.43	8.54	8.00	8.08	23220890	192368528.00
2012/04/24	8.01	8.16	7.85	8.05	12752807	103423056.00
2012/04/25	8.04	8.13	8.01	8.09	8407604	68780880.00
2012/04/26	8.15	8.19	8.07	8.08	7834474	64491700.00
2012/04/27	8.13	8.16	8.07	8.13	6150911	50620616.00
2012/05/02	8.20	8.40	8.20	8.28	10610764	89016640.00
2012/05/03	8.30	8.37	8.20	8.34	10438534	87870840.00
2012/05/04	8.33	8.52	8.31	8.50	10213842	87202984.00
2012/05/07	8.45	8.76	8.33	8.48	12746796	110220480.00
2012/05/08	8.47	8.56	8.41	8.48	7791774	66723688.00
2012/05/09	8.39	8.39	8.06	8.14	13585283	112436432.00
2012/05/10	8.17	8.31	8.13	8.25	12219109	101297888.00
2012/05/11	8.30	8.30	8.10	8.12	9093569	75210168.00
2012/05/14	8.19	8.22	8.06	8.09	11018785	90855488.00
2012/05/15	8.05	8.05	7.88	8.01	8686664	69953648.00
2012/05/16	8.05	8.17	7.98	7.99	6572657	53683584.00
2012/05/17	7.99	8.13	7.98	8.10	5625694	45878788.00
2012/05/18	8.07	8.18	8.03	8.07	7632116	62609976.00
2012/05/21	8.07	8.21	8.01	8.19	7542414	62131472.00
2012/05/22	8.27	8.38	8.20	8.37	9845412	82756328.00
2012/05/23	8.31	8.36	8.17	8.28	6115556	51048152.00
2012/05/24	8.26	8.34	8.10	8.17	7105564	58997248.00
2012/05/25	8.17	8.31	8.15	8.29	9827092	82219504.00
2012/05/28	8.24	8.29	8.05	8.27	7870827	65077416.00
2012/05/29	8.29	8.44	8.24	8.39	11390564	96433464.00
2012/05/30	8.38	8.48	8.30	8.31	7439351	63094364.00
2012/05/31	8.22	8.31	8.16	8.20	7113710	59335744.00
2012/06/01	8.20	8.26	8.06	8.10	7903002	65150496.00
2012/06/04	8.00	8.05	7.88	7.89	9375664	75490632.00
2012/06/05	7.89	7.96	7.67	7.71	11499076	90608448.00
2012/06/06	7.80	7.80	7.63	7.70	5307808	41351708.00
2012/06/07	7.79	7.79	7.59	7.62	6602742	51363040.00
2012/06/08	7.71	7.71	7.50	7.52	5861664	45046856.00
2012/06/11	7.58	7.67	7.47	7.60	5384940	41410520.00
2012/06/12	7.58	7.58	7.48	7.51	2915776	22231088.00
2012/06/13	7.54	7.65	7.52	7.64	4678872	35937712.00
2012/06/14	7.62	7.69	7.51	7.54	5577372	43044376.00
2012/06/15	7.55	7.67	7.53	7.67	4726468	36362292.00
2012/06/18	7.70	7.81	7.66	7.69	5609952	43843684.00
2012/06/20	7.71	7.75	7.63	7.64	3574196	27762228.00
2012/06/21	7.64	7.69	7.43	7.47	5443582	41358576.00
2012/06/25	7.47	7.47	7.18	7.20	8067829	59207320.00
2012/06/26	7.20	7.22	7.14	7.18	4409953	32099376.00
2012/06/27	7.19	7.26	7.14	7.16	4183836	30453920.00
2012/06/28	7.19	7.20	6.74	6.76	14671221	102188328.00
2012/06/29	6.72	6.95	6.71	6.90	7731814	53546648.00
2012/07/02	6.92	7.04	6.83	6.99	6563247	46250076.00
2012/07/03	7.04	7.04	6.91	6.94	4671506	33033708.00
2012/07/04	6.94	7.00	6.83	6.89	6453623	45140604.00
2012/07/05	6.86	6.88	6.67	6.71	7565773	51674696.00
2012/07/06	6.70	6.73	6.40	6.66	8985948	59750480.00
2012/07/09	6.62	6.70	6.46	6.52	5587430	37403040.00
2012/07/10	6.52	6.56	6.31	6.33	6472171	41918284.00
2012/07/11	6.37	6.37	6.21	6.34	4723538	30227308.00
2012/07/12	6.34	6.42	6.22	6.39	7602175	48713016.00
2012/07/13	6.32	6.41	6.32	6.32	4240306	27350688.00
2012/07/16	6.32	6.32	6.04	6.09	5205905	32431398.00
2012/07/17	6.05	6.14	6.02	6.13	2822427	17426360.00
2012/07/18	6.13	6.35	6.04	6.32	4466968	28150570.00
2012/07/19	6.26	6.49	6.23	6.38	6279339	40759884.00
2012/07/20	6.38	6.43	6.31	6.36	3311166	21388904.00
2012/07/23	6.34	6.36	6.13	6.20	3334348	20991018.00
2012/07/24	6.20	6.26	6.10	6.20	3852926	24181292.00
2012/07/25	6.16	6.16	6.00	6.05	5460945	33735924.00
2012/07/26	6.05	6.06	5.91	5.96	5634099	34187220.00
2012/07/27	6.00	6.06	5.96	6.05	2810278	17154810.00
2012/07/30	6.09	6.19	6.02	6.13	7651304	47509232.00
2012/07/31	6.10	6.10	5.94	5.96	3905159	23846220.00
2012/08/01	5.97	6.13	5.97	6.08	4399492	27145876.00
2012/08/02	6.08	6.15	6.04	6.05	3182222	19725540.00
2012/08/03	6.08	6.16	6.03	6.15	2877029	17897118.00
2012/08/06	6.15	6.29	6.10	6.27	4470599	28173324.00
2012/08/07	6.36	6.38	6.23	6.29	4676694	29816168.00
2012/08/08	6.35	6.38	6.20	6.28	3859177	24657742.00
2012/08/09	6.23	6.41	6.21	6.35	5788322	37235716.00
2012/08/10	6.35	6.40	6.31	6.34	3000518	19333808.00
2012/08/13	6.30	6.40	6.25	6.35	7176011	46316332.00
2012/08/14	6.33	6.33	6.08	6.25	6490315	40875120.00
2012/08/15	6.24	6.29	6.12	6.24	5159667	32536848.00
2012/08/16	6.22	6.44	6.18	6.41	15064984	97237168.00
2012/08/17	6.39	6.82	6.35	6.80	26696367	180712800.00
2012/08/20	6.87	6.87	6.62	6.75	11141905	76142800.00
2012/08/21	6.76	7.10	6.65	7.08	21224032	150356560.00
2012/08/22	7.08	7.20	6.94	7.01	12985983	92710800.00
2012/08/23	7.01	7.09	6.86	6.88	9307345	65273880.00
2012/08/24	6.91	7.06	6.81	6.89	6791338	47528624.00
2012/08/27	6.95	6.95	6.74	6.82	5735050	39654440.00
2012/08/28	6.82	7.24	6.79	7.09	15107187	107849968.00
2012/08/29	7.09	7.39	7.05	7.23	18090537	132837600.00
2012/08/30	7.22	7.40	6.94	7.12	7900877	57314796.00
2012/08/31	7.11	7.28	7.05	7.16	5559854	40374312.00
2012/09/03	7.11	7.23	7.07	7.19	5725505	41575972.00
2012/09/04	7.28	7.52	7.09	7.48	21106169	158233408.00
2012/09/05	7.43	7.61	7.37	7.47	10861373	82243496.00
2012/09/06	7.47	7.54	7.35	7.49	4806345	36269224.00
2012/09/07	7.53	7.84	7.27	7.42	26865603	203692016.00
2012/09/10	7.35	7.39	7.13	7.21	19448249	142729536.00
2012/09/11	7.20	7.43	7.16	7.33	10663117	79183768.00
2012/09/12	7.33	7.49	7.30	7.45	8447171	63396928.00
2012/09/13	7.45	7.56	7.33	7.35	6765431	51105920.00
2012/09/14	7.35	7.42	7.22	7.34	7262232	53867032.00
2012/11/12	7.31	7.31	6.65	6.85	32061649	222663840.00
2012/11/13	6.72	7.06	6.69	6.88	18237584	127549808.00
2012/11/14	6.86	6.95	6.69	6.89	7573411	52559096.00
2012/11/15	6.85	6.91	6.70	6.79	5746976	39600384.00
2012/11/16	6.75	6.78	6.58	6.69	4329036	29301328.00
2012/11/19	6.69	6.72	6.51	6.69	4578982	30749816.00
2012/11/20	6.70	6.77	6.66	6.75	2911659	19900712.00
2012/11/21	6.75	6.80	6.64	6.77	3767990	25764624.00
2012/11/22	6.76	6.76	6.54	6.60	3018164	20370240.00
2012/11/23	6.56	6.85	6.53	6.84	5025273	34275676.00
2012/11/26	6.80	6.95	6.71	6.84	5012787	34957592.00
2012/11/27	6.79	6.84	6.50	6.52	3261399	21955872.00
2012/11/28	6.48	6.48	6.20	6.29	4864986	30976014.00
2012/11/29	6.25	6.32	5.98	6.17	2456972	15497074.00
2012/11/30	6.10	6.21	6.03	6.20	3568158	22276542.00
2012/12/03	6.19	6.24	5.87	5.89	3602656	22150164.00
2012/12/04	5.88	6.01	5.72	5.94	2947047	17609276.00
2012/12/05	5.97	6.42	5.94	6.26	15350259	97630464.00
2012/12/06	6.28	6.34	6.21	6.26	4008400	25535816.00
2012/12/07	6.27	6.45	6.22	6.38	7073445	45769752.00
2012/12/10	6.41	6.82	6.38	6.69	13320143	89476784.00
2012/12/11	6.60	6.82	6.57	6.65	8717729	59306104.00
2012/12/12	6.65	6.74	6.56	6.64	4424208	29776280.00
2012/12/13	6.61	6.77	6.58	6.70	8155527	55505780.00
2012/12/14	6.75	7.05	6.69	7.04	12869529	90857344.00
2012/12/17	7.09	7.19	6.94	7.01	9730619	69578520.00
2012/12/18	7.05	7.15	6.95	7.09	7758145	55614820.00
2012/12/19	7.09	7.23	7.05	7.06	6606434	47772664.00
2012/12/20	7.05	7.18	7.00	7.16	7165392	51737416.00
2012/12/21	7.15	7.26	6.97	7.04	11431105	82865280.00
2012/12/24	7.00	7.37	6.97	7.27	12393563	90439872.00
2012/12/25	7.22	7.50	7.19	7.36	17042302	127447656.00
2012/12/26	7.31	7.48	7.22	7.29	10624730	78956320.00
2012/12/27	7.25	7.40	7.08	7.10	12188558	89254368.00
2012/12/28	7.10	7.19	7.08	7.16	7481156	54013804.00
2012/12/31	7.18	7.30	7.09	7.17	9417345	68482512.00
2013/01/04	7.24	7.29	7.04	7.05	7292936	52489288.00
2013/01/07	7.05	7.77	7.05	7.77	39728538	308851424.00
2013/01/08	7.79	7.93	7.68	7.85	32753250	259142640.00
2013/01/09	7.86	8.16	7.73	7.89	31109615	251782800.00
2013/01/10	7.82	7.93	7.73	7.86	10715823	85146520.00
2013/01/11	7.88	8.09	7.72	7.85	17562783	141297120.00
2013/01/14	7.85	8.22	7.85	8.19	17027229	139781696.00
2013/01/15	8.21	8.51	8.06	8.37	18264382	152286896.00
2013/01/16	8.35	8.57	8.10	8.29	19152086	162250480.00
2013/01/17	8.29	8.60	8.22	8.32	15812873	134743920.00
2013/01/18	8.42	8.65	8.28	8.56	15492086	133462160.00
2013/01/21	8.72	8.76	8.41	8.58	13130987	114566640.00
2013/01/22	8.56	8.56	8.06	8.14	14227379	119552144.00
2013/01/23	8.16	8.45	8.10	8.30	13625369	114160696.00
2013/01/24	8.30	8.42	7.96	8.05	13512789	111626848.00
2013/01/25	8.07	8.27	8.02	8.20	8017192	66204976.00
2013/01/28	8.19	8.55	8.10	8.45	11154089	94771720.00
2013/01/29	8.48	8.66	8.40	8.45	12619238	108813000.00
2013/01/30	8.45	8.52	8.40	8.49	6753483	57804264.00
2013/01/31	8.63	8.75	8.40	8.50	13493007	116628632.00
2013/02/01	8.48	8.50	8.32	8.44	6709769	57232596.00
2013/02/04	8.46	8.56	8.05	8.14	15135623	126329392.00
2013/02/05	8.09	8.28	8.04	8.21	9184618	75973712.00
2013/02/06	8.22	8.28	8.14	8.21	6483846	53851012.00
2013/02/07	8.21	8.52	8.14	8.38	8491471	72142064.00
2013/02/08	8.38	8.69	8.36	8.63	12241839	106523176.00
2013/02/18	8.70	8.76	8.61	8.62	8697268	76330208.00
2013/02/19	8.61	8.69	8.35	8.40	8378088	71811024.00
2013/02/20	8.38	9.20	8.34	8.99	17775535	157916160.00
2013/02/21	8.88	9.29	8.82	9.03	28710060	265301600.00
2013/02/22	9.12	9.91	9.12	9.27	25411602	243822448.00
2013/02/25	9.28	9.96	9.13	9.89	35700294	350959488.00
2013/02/26	9.86	10.01	9.57	9.61	19738029	194704944.00
2013/02/27	9.59	9.75	9.41	9.62	11504393	111187832.00
2013/02/28	9.60	9.69	9.33	9.66	13020155	125492280.00
2013/03/01	9.61	9.76	9.48	9.75	11408157	110981056.00
2013/03/04	9.78	9.96	9.55	9.57	14524490	142512912.00
2013/03/05	9.52	10.07	9.51	10.00	20214250	202022624.00
2013/03/06	10.05	10.14	9.86	10.05	14678301	148393216.00
2013/03/07	10.03	10.27	9.65	9.72	19659837	198360816.00
2013/03/08	9.75	9.79	9.18	9.34	17228032	164063632.00
2013/03/11	9.37	9.60	9.15	9.45	7742036	73584640.00
2013/03/12	9.42	9.49	8.89	9.08	12515363	115337872.00
2013/03/13	9.08	9.12	8.86	9.05	6517563	59131440.00
2013/03/14	9.04	9.14	8.89	8.94	5332425	48462068.00
2013/03/15	8.94	9.11	8.54	8.81	18825237	168098864.00
2013/03/18	8.83	9.11	8.10	8.26	33769530	290563712.00
2013/03/19	8.15	8.39	7.86	8.37	35154910	288019360.00
2013/03/20	8.32	8.62	8.25	8.54	22937812	195807072.00
2013/03/21	8.71	9.11	8.69	9.09	31696748	283708096.00
2013/03/22	9.05	9.35	8.92	9.21	18147550	167873632.00
2013/03/25	9.16	9.28	8.99	9.09	7982139	73528584.00
2013/03/26	9.09	9.09	8.72	8.89	11030028	98918456.00
2013/03/27	8.80	9.06	8.77	8.83	7853089	70591872.00
2013/03/28	8.81	8.83	8.40	8.41	12140262	105605152.00
2013/03/29	8.41	8.69	8.33	8.61	8404566	72603288.00
2013/04/01	8.56	9.01	8.55	8.94	11213377	100566896.00
2013/04/02	8.96	9.20	8.76	8.85	14788403	134718112.00
2013/04/03	8.78	8.97	8.70	8.88	6004168	53707588.00
2013/04/08	8.70	9.09	8.63	9.03	9814355	88733584.00
2013/04/09	9.07	9.37	9.00	9.25	15678189	146089728.00
2013/04/10	9.23	9.34	9.02	9.12	10173831	94075472.00
2013/04/11	9.17	9.27	8.93	9.08	6085105	56011800.00
2013/04/12	9.18	9.18	8.94	8.96	5888856	53799564.00
2013/04/15	8.95	8.95	8.60	8.64	7223623	63633668.00
2013/04/16	8.56	8.85	8.41	8.81	7219551	63196936.00
2013/04/17	8.85	9.20	8.77	9.09	11230348	102862696.00
2013/04/18	9.07	9.20	9.01	9.17	8998857	83220352.00
2013/04/19	9.16	9.46	9.15	9.35	14255858	134469792.00
2013/04/22	9.31	9.71	9.30	9.59	14907806	143712288.00
2013/04/23	9.56	9.59	9.12	9.22	12054855	113333792.00
2013/04/24	9.23	9.70	9.19	9.68	14148024	135467696.00
2013/04/25	9.68	9.76	9.50	9.71	12112612	117816816.00
2013/04/26	9.57	9.71	8.90	9.31	9687212	92027680.00
2013/05/02	9.19	9.72	9.10	9.67	12749749	122913568.00
2013/05/03	9.70	9.83	9.65	9.74	11865626	116797176.00
2013/05/06	9.74	10.02	9.48	9.96	20572638	203064944.00
2013/05/07	9.96	10.01	9.81	9.88	10219828	102134528.00
2013/05/08	9.90	10.25	9.78	10.17	21364778	217524480.00
2013/05/09	10.13	10.18	9.90	10.08	11486015	116576696.00
2013/05/10	10.16	11.05	10.12	10.54	34358897	370042496.00
2013/05/13	10.59	10.97	10.39	10.63	28619932	308226656.00
2013/05/14	10.72	10.85	10.48	10.72	26380157	284572896.00
2013/05/15	10.70	11.04	10.43	11.03	31236467	338407104.00
2013/05/16	11.20	11.78	11.16	11.40	52862415	613336704.00
2013/05/17	11.31	11.85	11.31	11.62	28250531	329571168.00
2013/05/20	11.55	11.87	11.40	11.52	30166304	352525792.00
2013/05/21	11.44	12.10	11.42	11.77	30940522	368200896.00
2013/05/22	11.79	11.81	11.10	11.24	27200646	312984064.00
2013/05/23	11.24	11.52	11.17	11.21	18343935	210236912.00
2013/05/24	11.20	11.36	10.90	11.28	23780737	265808112.00
2013/05/27	11.30	11.42	11.12	11.37	17250368	195781504.00
2013/05/28	11.38	11.39	11.08	11.19	15212995	171496944.00
2013/05/29	11.23	11.25	11.02	11.11	13703784	153094224.00
2013/05/30	11.10	11.66	11.02	11.59	26901022	309862400.00
2013/05/31	11.58	11.79	11.35	11.38	17062002	197402128.00
2013/06/03	11.48	11.48	10.70	10.78	23765927	262885824.00
2013/06/04	10.79	10.83	10.29	10.49	15689621	165996768.00
2013/06/05	10.51	10.70	10.35	10.53	15282170	161447792.00
2013/06/06	10.50	10.50	10.11	10.15	15026264	155371104.00
2013/06/07	10.15	10.32	9.95	10.31	15688422	159863824.00
2013/06/13	10.20	10.20	9.60	10.15	13419748	134040728.00
2013/06/14	10.25	10.62	10.15	10.47	11820466	123996904.00
2013/06/17	10.50	10.77	10.30	10.53	11977087	127295072.00
2013/06/18	10.45	10.65	10.35	10.41	8793125	92702176.00
2013/06/19	10.34	10.43	10.05	10.23	9747255	100159712.00
2013/06/20	10.23	10.46	9.95	9.98	9558428	98179288.00
2013/06/21	9.74	9.83	9.23	9.79	18148592	173051760.00
2013/06/24	9.69	9.69	8.97	8.99	14109048	131313368.00
2013/06/25	8.86	9.24	8.23	9.07	15695708	138614000.00
2013/06/26	9.10	9.42	9.03	9.40	10776593	100321040.00
2013/06/27	9.45	9.57	9.07	9.07	10024518	94138936.00
2013/06/28	8.97	9.30	8.89	9.17	7357062	67656568.00
2013/07/01	9.17	9.46	9.06	9.44	8669583	81237776.00
2013/07/02	9.45	9.89	9.33	9.78	16021650	155567088.00
2013/07/03	9.75	10.06	9.54	10.04	15713207	154968208.00
2013/07/04	9.95	10.33	9.75	10.05	20858969	211571168.00
2013/07/05	10.05	10.16	9.85	9.89	20552138	206829120.00
2013/07/08	9.75	9.93	9.45	9.76	13729098	134053448.00
2013/07/09	9.72	9.83	9.62	9.66	6607737	64424056.00
2013/07/10	9.79	9.80	9.25	9.68	20398867	195335840.00
2013/07/11	9.69	10.14	9.56	10.13	20806481	206896080.00
2013/07/12	10.10	10.18	9.65	9.67	19094512	190786944.00
2013/07/15	9.66	10.10	9.61	9.97	17559377	175006752.00
2013/07/16	10.08	10.40	10.05	10.21	16379679	168562336.00
2013/07/17	10.15	10.18	9.82	9.86	12221327	122520056.00
2013/07/18	9.70	9.93	9.58	9.79	13762432	135021920.00
2013/07/19	9.82	9.87	9.32	9.34	12470929	120864096.00
2013/07/22	9.32	9.51	9.22	9.43	8085124	76303880.00
2013/07/23	9.45	9.75	9.43	9.63	8308219	80073928.00
2013/07/24	9.63	9.71	9.20	9.37	18503032	173535440.00
2013/07/25	9.35	9.37	9.06	9.06	12096540	111588616.00
2013/07/26	8.98	9.13	8.85	8.97	8478642	76434688.00
2013/07/29	8.96	9.14	8.91	8.99	6654039	60290948.00
2013/07/30	9.00	9.04	8.52	8.77	9400311	82915776.00
2013/07/31	8.78	8.89	8.65	8.69	7273191	63888280.00
2013/08/01	8.73	9.19	8.70	9.15	17865711	160531840.00
2013/08/02	9.14	9.30	9.07	9.21	16065467	148054800.00
2013/08/05	9.17	9.30	9.13	9.24	6636689	61572168.00
2013/08/06	9.20	9.27	9.10	9.24	8736494	80821728.00
2013/08/07	9.23	9.41	9.13	9.33	13793082	128557168.00
2013/08/08	9.33	9.75	9.28	9.51	21080657	202581360.00
2013/08/09	9.53	9.65	9.40	9.60	9629129	92172856.00
2013/08/12	9.64	9.99	9.64	9.94	21028384	208622896.00
2013/08/13	10.00	10.23	9.87	10.01	17598667	178045088.00
2013/08/14	9.97	10.05	9.85	9.99	10928205	109344504.00
2013/08/15	9.95	10.01	9.45	9.55	13354470	130245136.00
2013/08/16	9.52	9.80	9.41	9.45	9769544	93759888.00
2013/08/19	9.43	9.88	9.38	9.87	9289739	90600320.00
2013/08/20	9.87	10.01	9.75	9.77	10491067	103999296.00
2013/08/21	9.82	10.10	9.67	10.10	13613106	136631136.00
2013/08/22	10.40	10.68	10.28	10.43	32328865	339999264.00
2013/08/23	10.45	10.50	10.12	10.19	18597963	192564416.00
2013/08/26	10.22	10.54	10.22	10.52	14827769	155372800.00
2013/08/27	10.60	10.65	10.38	10.45	12197501	128616544.00
2013/08/28	10.42	10.42	10.10	10.12	11575664	119039984.00
2013/08/29	10.17	10.24	10.05	10.22	8172439	83271232.00
2013/08/30	10.24	10.28	9.78	9.87	11686779	118117320.00
2013/09/02	9.92	10.00	9.81	9.93	8231074	82152184.00
2013/09/03	9.90	10.42	9.75	10.40	21107550	215572944.00
2013/09/04	10.37	10.45	10.24	10.31	11112836	115378896.00
2013/09/05	10.40	10.63	10.29	10.30	13849303	145899808.00
2013/09/06	10.37	10.60	10.29	10.51	12359930	130064640.00
2013/09/09	10.51	10.66	10.45	10.53	13623106	144771184.00
2013/09/10	10.54	10.71	10.38	10.48	13023092	138126768.00
2013/09/11	10.48	10.59	10.15	10.26	10965499	113594416.00
2013/09/12	10.27	10.41	10.20	10.24	6499145	67062096.00
2013/09/13	10.24	10.32	9.97	10.31	8145522	82923728.00
2013/09/16	10.30	10.47	10.22	10.47	10028912	104330832.00
2013/09/17	10.44	10.58	10.15	10.17	7358216	76981192.00
2013/09/18	10.18	10.23	9.95	10.08	6949813	70343016.00
2013/09/23	10.12	10.28	9.94	10.22	11513426	116368664.00
2013/09/24	10.24	10.25	10.01	10.03	8217062	83103464.00
2013/09/25	10.00	10.09	9.66	9.70	14512475	144355264.00
2013/09/26	9.67	9.78	9.30	9.38	14854417	141597200.00
2013/09/27	9.38	9.65	9.34	9.64	7220086	69304448.00
2013/09/30	9.71	9.82	9.33	9.52	11043512	105701168.00
2013/10/08	9.67	9.73	9.43	9.70	7209847	69751472.00
2013/10/09	9.61	9.87	9.61	9.84	8705986	85784256.00
2013/10/10	9.83	9.99	9.75	9.91	7903392	78489664.00
2013/10/11	9.93	10.00	9.82	9.92	7516417	74779952.00
2013/10/14	9.92	10.02	9.85	9.99	8808987	87937984.00
2013/10/15	10.00	10.00	9.64	9.71	11899410	116861208.00
2013/10/16	9.63	9.65	9.31	9.32	11715687	110833184.00
2013/10/17	9.37	9.45	9.15	9.19	9825109	91818640.00
2013/10/18	9.23	9.43	9.18	9.30	6055250	56754956.00
2013/10/21	9.26	9.48	9.25	9.45	9171599	86640336.00
2013/10/22	9.47	9.56	9.39	9.55	7958167	75840760.00
2013/10/23	9.63	9.66	9.14	9.25	14119455	133700392.00
2013/10/24	9.26	9.44	9.15	9.17	9680373	90468056.00
2013/10/25	9.22	9.23	8.95	9.07	9282635	84828544.00
2013/10/28	9.05	9.10	8.74	8.90	8994544	79985808.00
2013/10/29	8.94	9.26	8.76	9.07	11666251	105702824.00
2013/10/30	9.12	9.21	9.08	9.19	8060399	74053272.00
2013/10/31	9.16	9.17	8.95	9.04	5692566	51918320.00
2013/11/01	9.00	9.09	8.88	9.03	3246816	29418088.00
2013/11/04	9.05	9.19	8.95	9.03	4873986	44443344.00
2013/11/05	9.00	9.12	8.89	9.10	5435240	49248912.00
2013/11/06	9.06	9.16	8.95	8.97	5268507	48089100.00
2013/11/07	9.00	9.01	8.70	8.77	5482648	48946960.00
2013/11/08	8.65	8.77	8.35	8.43	9985551	85511312.00
2013/11/11	8.44	8.55	8.42	8.46	4146558	35292340.00
2013/11/12	8.48	8.61	8.44	8.54	5538353	47490612.00
2013/11/13	8.50	8.56	8.23	8.26	6194289	52093368.00
2013/11/14	8.26	8.39	8.12	8.35	5076742	42210920.00
2013/11/15	8.38	8.60	8.32	8.50	5891363	50505052.00
2013/11/18	8.54	8.83	8.48	8.82	10428515	90685824.00
2013/11/19	8.82	8.82	8.66	8.68	7066552	61965884.00
2013/11/20	8.72	8.79	8.61	8.78	5196692	45462028.00
2013/11/21	8.76	8.76	8.61	8.67	4482918	39154008.00
2013/11/22	8.67	8.92	8.67	8.85	8362240	74098432.00
2013/11/25	8.79	9.27	8.75	9.22	16083849	147854128.00
2013/11/26	9.20	9.31	9.08	9.19	9924997	91753344.00
2013/11/27	9.18	9.30	9.15	9.21	6393296	59419636.00
2013/11/28	9.25	9.37	9.18	9.20	8766184	81818112.00
2013/11/29	9.21	9.30	9.09	9.22	8550058	79080400.00
2013/12/02	8.97	9.19	8.83	9.00	9703299	87863576.00
2013/12/03	8.87	9.11	8.87	9.05	9382741	85340200.00
2013/12/04	9.11	9.50	9.06	9.34	14328750	134875200.00
2013/12/05	9.31	9.47	9.31	9.36	5754944	54316232.00
2013/12/06	9.36	9.44	9.23	9.30	5871609	55022052.00
2013/12/09	9.32	9.60	9.31	9.45	7153183	68307216.00
2013/12/10	9.40	9.65	9.40	9.55	7556129	72608936.00
2013/12/11	9.51	9.62	9.33	9.47	8366575	79782160.00
2013/12/12	9.40	9.48	9.34	9.40	4247352	40134996.00
2013/12/13	9.32	9.51	9.31	9.48	4885567	46326312.00
2013/12/16	9.48	9.48	9.00	9.03	7689171	71036528.00
2013/12/17	9.03	9.09	8.85	8.93	7354774	66173768.00
2013/12/18	8.93	9.00	8.83	8.91	3908307	34959460.00
2013/12/19	8.95	9.08	8.80	9.01	7543495	67796728.00
2013/12/20	9.05	9.47	9.00	9.34	16913073	158255632.00
2013/12/23	9.25	9.50	9.22	9.47	11159510	105509648.00
2013/12/24	9.50	9.74	9.43	9.59	12051581	116397472.00
2013/12/25	9.63	9.91	9.56	9.90	20170662	199057456.00
2013/12/26	9.80	9.94	9.60	9.68	14485987	142032784.00
2013/12/27	9.65	9.89	9.57	9.86	12741764	124671112.00
2013/12/30	9.83	9.89	9.64	9.84	19753926	193745424.00
2013/12/31	10.25	10.32	9.97	10.05	29213658	297680288.00
2014/01/02	10.11	10.31	9.90	10.21	18591369	190213264.00
2014/01/03	10.14	10.37	10.13	10.18	14038083	144296272.00
2014/01/06	10.15	10.34	10.10	10.19	15689901	161079232.00
2014/01/07	10.33	10.85	10.29	10.67	34366599	367746592.00
2014/01/08	10.68	10.72	10.45	10.57	13305881	141398352.00
2014/01/09	10.61	10.95	10.50	10.54	15568827	168400976.00
2014/01/10	10.53	10.53	10.07	10.15	11226891	115841968.00
2014/01/13	10.17	10.46	10.17	10.42	12791163	132893664.00
2014/01/14	10.55	10.85	10.33	10.82	18084320	192143376.00
2014/01/15	10.86	11.06	10.70	10.77	15114089	164764624.00
2014/01/16	10.85	11.01	10.56	10.65	11950385	129530240.00
2014/01/17	10.66	10.77	10.39	10.43	8884558	94158712.00
2014/01/20	10.33	10.91	10.33	10.85	12787660	136983760.00
2014/01/21	10.85	10.92	10.65	10.84	7508297	81304792.00
2014/01/22	10.90	10.97	10.80	10.94	10698224	117262368.00
2014/01/23	10.89	11.29	10.86	11.16	16362028	183264768.00
2014/01/24	11.15	11.58	11.06	11.48	14629171	167900752.00
2014/01/27	11.41	11.70	11.27	11.29	11953948	138301536.00
2014/01/28	11.29	11.50	11.11	11.29	8073229	91542504.00
2014/01/29	11.30	11.58	11.23	11.58	6901718	79405232.00
2014/01/30	11.58	11.58	11.35	11.40	4325892	49713900.00
2014/02/07	11.25	11.65	11.25	11.58	5448010	63181096.00
2014/02/10	11.83	12.25	11.83	12.05	19817917	240398768.00
2014/02/11	12.00	12.21	11.80	11.88	12178148	146175072.00
2014/02/12	11.82	11.93	11.65	11.75	11447756	134970752.00
2014/02/13	11.89	12.15	11.75	11.78	11239626	135187280.00
2014/02/14	11.77	12.11	11.71	12.02	9980411	120133712.00
2014/02/17	12.11	12.52	12.11	12.34	14395272	179111552.00
2014/02/18	12.40	12.63	12.25	12.34	10935764	136438624.00
2014/02/19	12.34	12.80	12.28	12.66	14454621	182720944.00
2014/02/20	12.93	13.55	12.67	12.74	29137615	382866816.00
2014/02/21	12.74	13.03	12.47	12.67	15166878	193508160.00
2014/02/24	12.60	12.83	12.35	12.82	16486748	208044000.00
2014/02/25	12.87	13.23	12.46	12.65	20020590	259636416.00
2014/02/26	12.50	13.04	12.36	12.96	16955141	217771968.00
2014/02/27	13.53	14.09	13.23	13.28	38283233	522548576.00
2014/02/28	13.30	13.57	13.06	13.38	18686170	250081712.00
2014/03/03	13.40	14.13	13.40	14.10	26635210	370701056.00
2014/03/04	14.00	14.30	13.81	14.22	18079184	254275792.00
2014/03/05	14.45	14.48	13.75	13.87	15836558	222514992.00
2014/03/06	13.90	13.94	13.42	13.70	15910396	217616704.00
2014/03/07	13.67	14.17	13.67	13.98	18633119	261963264.00
2014/03/10	13.85	13.95	13.07	13.17	17547097	237774416.00
2014/03/11	13.03	13.16	12.46	12.61	20636846	263990928.00
2014/03/12	12.46	12.82	12.13	12.75	13799260	174142656.00
2014/03/13	12.77	12.94	12.53	12.85	8194477	104968320.00
2014/03/14	12.72	12.91	12.45	12.59	6514173	82791088.00
2014/03/17	12.65	13.29	12.38	13.25	13017698	168832736.00
2014/03/18	13.23	13.52	13.13	13.35	12114724	162381568.00
2014/03/19	13.25	13.29	12.79	12.95	12712813	165516848.00
2014/03/20	12.97	13.13	12.16	12.21	12265173	157054608.00
2014/03/21	12.05	12.81	11.90	12.68	17462224	215710032.00
2014/03/24	12.74	13.05	12.58	12.71	10375318	133049032.00
2014/03/25	12.65	13.04	12.53	12.80	7336280	94708848.00
2014/03/26	12.85	12.99	12.75	12.90	8035972	103905336.00
2014/03/27	12.82	12.91	12.40	12.40	8334539	105123696.00
2014/03/28	12.37	12.43	11.98	12.20	10951334	133640376.00
2014/03/31	12.29	12.65	12.27	12.59	11326305	142097248.00
2014/04/01	12.55	13.05	12.55	12.98	10398280	134323152.00
2014/04/02	12.98	13.40	12.98	13.09	13089085	173519040.00
2014/04/03	13.11	13.58	13.11	13.21	13547830	181632928.00
2014/04/04	13.14	13.44	13.10	13.22	7721460	102765776.00
2014/04/08	13.07	13.61	13.07	13.42	10447796	140804688.00
2014/04/09	13.42	13.52	13.18	13.30	9420264	125808464.00
2014/04/10	13.31	13.70	13.20	13.67	15171921	205535488.00
2014/04/11	13.71	13.98	13.54	13.65	13191797	181821760.00
2014/04/14	13.70	13.94	13.49	13.84	9115173	125815488.00
2014/04/15	13.78	14.06	13.69	13.90	12639912	176296784.00
2014/04/16	13.82	13.87	13.24	13.54	16652020	225462784.00
2014/04/17	13.68	13.88	13.55	13.76	9872526	136160016.00
2014/04/18	13.76	13.86	13.58	13.75	6949398	95945072.00
2014/04/21	14.06	14.20	13.53	13.55	17740922	247336960.00
2014/04/22	13.48	13.69	12.85	13.15	15216030	201104544.00
2014/04/23	13.15	13.28	12.72	12.75	11030232	143789792.00
2014/04/24	12.74	13.01	12.67	12.81	6348033	81733360.00
2014/04/25	12.79	12.84	12.36	12.38	8378853	105702720.00
2014/04/28	12.35	12.39	11.86	12.27	8292150	101317000.00
2014/04/29	12.21	12.45	12.07	12.44	6930590	85346400.00
2014/04/30	12.35	12.56	12.33	12.54	4855937	60826636.00
2014/05/05	12.44	12.53	11.40	12.12	19278151	229882752.00
2014/05/06	12.00	12.11	11.63	11.74	14303163	170678832.00
2014/05/07	11.73	11.88	11.28	11.32	15224089	176713408.00
2014/05/08	11.25	11.41	10.90	11.07	11583828	129819392.00
2014/05/09	11.06	11.37	11.01	11.08	11151936	124771624.00
2014/05/12	11.23	11.72	11.20	11.71	11763017	135708512.00
2014/05/13	11.83	11.97	11.68	11.75	9231197	109722856.00
2014/05/14	11.89	12.45	11.83	12.39	18772882	229631328.00
2014/05/15	12.43	12.50	11.81	11.87	15276115	186244144.00
2014/05/16	11.75	12.36	11.75	12.28	10959748	134070392.00
2014/05/19	12.40	12.50	11.93	12.04	14426245	176681664.00
2014/05/20	12.18	12.29	11.45	11.46	21128662	250417072.00
2014/05/21	11.52	11.85	11.06	11.65	12402963	144613536.00
2014/05/22	11.62	12.11	11.57	11.68	14659401	174455216.00
2014/05/23	11.68	11.96	11.42	11.80	12932344	152029584.00
2014/05/26	11.83	12.40	11.83	12.27	15513862	190333152.00
2014/05/27	12.30	12.40	12.19	12.30	8450614	104178488.00
2014/05/28	12.30	12.63	12.21	12.60	11486638	143492048.00
2014/05/29	12.63	12.63	12.38	12.44	7782635	97289856.00
2014/05/30	12.41	12.48	12.23	12.43	5728328	71009056.00
2014/06/03	12.44	12.53	12.17	12.21	5528701	68400264.00
2014/06/04	12.17	12.28	11.88	12.27	12154730	146642496.00
2014/06/05	12.65	12.91	12.37	12.55	20248978	256885232.00
2014/06/06	12.56	12.60	12.31	12.35	7831868	97522848.00
2014/06/09	12.26	12.44	12.18	12.34	5536350	68536256.00
2014/06/10	12.33	12.55	12.12	12.55	8397295	104259720.00
2014/06/11	12.50	12.52	12.30	12.45	6827396	85091896.00
2014/06/12	12.36	12.43	12.12	12.17	10508682	128841312.00
2014/06/13	12.17	12.53	12.10	12.51	11797410	146634272.00
2014/06/16	12.55	12.83	12.47	12.52	13968728	177020576.00
2014/06/17	12.47	12.47	12.23	12.26	13655671	168814368.00
2014/06/18	12.32	12.80	12.21	12.70	20619223	260446304.00
2014/06/19	12.70	13.35	12.64	13.07	50204289	655180608.00
2014/06/20	12.95	13.17	12.86	13.12	15557784	203897200.00
2014/06/23	13.18	13.81	13.18	13.64	27946675	381965344.00
2014/06/24	13.60	13.90	13.53	13.77	16073414	222312832.00
2014/06/25	13.71	13.71	13.45	13.60	9339486	127111152.00
2014/06/26	13.58	13.99	13.53	13.81	12459320	173514352.00
2014/06/27	13.76	13.85	13.56	13.69	10746985	147604992.00
2014/06/30	13.65	13.91	13.60	13.89	11389740	157146416.00
2014/07/01	13.89	14.13	13.79	14.07	12094404	170116000.00
2014/07/02	14.08	14.15	13.86	13.96	10656708	149703232.00
2014/07/03	13.88	14.08	13.60	14.00	13300536	184837760.00
2014/07/04	13.95	14.02	13.66	13.83	8200106	113567872.00
2014/07/07	13.83	14.45	13.69	14.33	20397527	290131264.00
2014/07/08	14.32	14.59	14.21	14.55	12358383	179214064.00
2014/07/09	14.46	14.66	14.04	14.16	12108291	174378016.00
2014/07/10	14.05	14.52	13.77	13.94	10351870	147378944.00
2014/07/11	14.00	14.61	13.99	14.56	13533288	195591552.00
2014/07/14	14.65	15.05	14.65	14.97	14293200	213696224.00
2014/07/15	14.97	15.04	14.60	14.77	9183898	136225472.00
2014/07/16	14.86	14.96	14.46	14.70	9357800	137032656.00
2014/07/17	14.70	14.75	14.11	14.39	12377446	177277904.00
2014/07/18	14.31	14.60	14.21	14.37	8123165	117491136.00
2014/07/21	14.40	14.97	14.40	14.58	11198393	164769888.00
2014/07/22	14.55	14.94	14.45	14.92	13160872	195514624.00
2014/07/23	15.00	15.23	14.81	14.86	15126575	227986112.00
2014/07/24	14.84	15.13	14.73	14.93	9976045	148791728.00
2014/07/25	14.95	14.95	14.33	14.78	21208005	307874528.00
2014/07/28	14.70	14.77	14.42	14.69	19302303	281332704.00
2014/07/29	14.60	15.00	14.54	14.83	13749198	203354288.00
2014/07/30	14.78	14.79	14.55	14.65	10022921	146957472.00
2014/07/31	14.67	14.84	14.50	14.70	7695674	112821464.00
2014/08/01	14.58	14.71	13.90	14.15	25398231	363722752.00
2014/08/04	14.13	14.26	13.81	14.02	22816049	318348416.00
2014/08/05	14.00	14.05	13.77	13.98	14583578	202244256.00
2014/08/06	14.00	14.33	13.93	14.32	16759197	238088240.00
2014/08/07	14.27	14.36	13.83	13.89	17739347	248962544.00
2014/08/08	13.89	14.05	13.71	13.90	8881037	123224736.00
2014/08/11	13.91	14.39	13.80	14.37	17561110	248800672.00
2014/08/12	14.43	14.78	14.31	14.75	25176528	367038432.00
2014/08/13	14.76	14.84	14.39	14.57	14722640	214629328.00
2014/08/14	14.51	14.51	14.17	14.22	15232012	217159168.00
2014/08/15	14.16	14.27	14.05	14.18	15865947	224588784.00
2014/08/18	14.30	14.40	13.96	14.11	22414295	315937984.00
2014/08/19	14.25	14.32	14.09	14.27	18631529	264764832.00
2014/08/20	14.27	14.29	14.07	14.10	13399330	189491728.00
2014/08/21	14.04	14.15	13.90	14.14	12012631	168261920.00
2014/08/22	14.10	14.21	14.02	14.12	10176177	143387120.00
2014/08/25	14.17	14.17	13.95	14.04	7845673	110215904.00
2014/08/26	14.12	14.12	13.74	13.82	14401572	200260480.00
2014/08/27	13.85	13.98	13.52	13.61	15437813	211480160.00
2014/08/28	13.63	13.73	13.16	13.20	15458721	207770784.00
2014/08/29	13.23	13.48	13.23	13.48	11985131	160423120.00
2014/09/01	13.52	13.80	13.51	13.77	14071144	192628960.00
2014/09/02	13.80	14.03	13.66	14.01	16438248	228535104.00
2014/09/03	14.22	14.31	14.04	14.12	30225949	428882624.00
2014/09/04	14.10	14.14	13.82	14.07	22086132	307809952.00
2014/09/05	14.04	14.27	14.02	14.20	26333436	372643072.00
2014/09/09	14.06	14.19	13.91	14.00	17330000	242850928.00
2014/09/10	13.96	14.05	13.76	13.92	13117596	182569600.00
2014/09/11	13.97	14.12	13.82	13.88	15306308	213843952.00
2014/09/12	13.85	14.01	13.77	13.93	10141796	140925424.00
2014/09/15	13.95	13.98	13.75	13.80	16391823	226574896.00
2014/09/16	13.78	13.85	13.34	13.40	18348839	249318320.00
2014/09/17	13.40	13.47	13.21	13.35	9769201	130116824.00
2014/09/18	13.36	13.55	13.27	13.51	7405594	99269464.00
2014/09/19	13.54	13.62	13.37	13.58	7687523	103830736.00
2014/09/22	13.58	13.64	13.45	13.63	7750673	105209216.00
2014/09/23	13.65	13.72	13.56	13.66	6658244	90794464.00
2014/09/24	13.60	13.68	13.46	13.65	11776627	160236896.00
2014/09/25	13.63	13.72	13.47	13.51	13237870	180367760.00
2014/09/26	13.50	13.97	13.47	13.87	20605783	285094464.00
2014/09/29	13.89	13.96	13.79	13.84	12649853	175298688.00
2014/09/30	13.88	13.89	13.64	13.76	14163140	194420256.00
2014/10/08	13.80	13.83	13.59	13.75	12690524	173458448.00
2014/10/09	13.76	13.94	13.68	13.93	15256624	210609664.00
2014/10/10	13.87	13.93	13.70	13.82	11267153	155665664.00
2014/10/13	13.73	13.80	13.49	13.61	10843844	147270688.00
2014/10/14	13.52	13.64	13.43	13.53	9628772	130479216.00
2014/10/15	13.49	13.64	13.48	13.57	6245160	84698600.00
2014/10/16	13.58	13.60	13.32	13.34	9541699	128550312.00
2014/10/17	13.33	13.49	13.09	13.15	11621674	153774752.00
2014/10/20	13.15	13.25	13.00	13.24	14535106	190912832.00
2014/10/21	13.25	13.55	13.16	13.40	10463100	139553840.00
2014/10/22	13.50	13.50	13.03	13.08	15977163	211727136.00
2014/10/23	13.00	13.15	12.63	12.66	13863769	177101632.00
2014/10/24	12.70	12.85	12.60	12.69	7467624	94862000.00
2014/10/27	12.73	12.94	12.72	12.84	8524306	109506640.00
2014/10/28	12.92	13.26	12.92	13.18	14104335	184492736.00
2014/10/29	13.27	13.39	13.13	13.30	16645786	221062656.00
2014/10/30	13.32	13.44	13.21	13.39	14335749	191341984.00
2014/10/31	13.39	13.54	13.33	13.41	14413091	193753680.00
2014/11/03	13.41	13.46	13.15	13.21	15241662	202365504.00
2014/11/04	13.20	13.84	13.03	13.77	33698372	455807104.00
2014/11/05	13.98	14.45	13.90	13.92	53137959	752519616.00
2014/11/06	13.79	14.28	13.75	14.26	33991378	480582976.00
2014/11/07	14.26	14.39	13.95	14.00	23219119	329106816.00
2014/11/10	14.00	14.22	13.89	14.09	12810128	180204368.00
2014/11/11	14.15	15.05	13.63	14.68	60960131	883005888.00
2014/11/12	14.54	14.76	14.20	14.59	23078042	335887424.00
2014/11/13	14.56	14.96	14.53	14.67	24777144	365287264.00
2014/11/14	14.58	14.67	14.17	14.24	19100412	273459968.00
2014/11/17	14.29	14.93	14.29	14.84	28591747	421528992.00
2014/11/18	14.81	14.95	14.65	14.73	14205768	209548224.00
2014/11/19	14.63	14.78	14.34	14.37	19393527	281755488.00
2014/11/20	14.26	14.54	14.21	14.30	11692364	167932288.00
2014/11/21	14.27	14.41	14.18	14.26	14529645	207737632.00
2014/11/24	14.38	14.50	14.15	14.45	25460690	364970336.00
2014/11/25	14.45	14.67	14.35	14.63	20673029	301105920.00
2014/11/26	14.69	14.73	14.25	14.48	19571937	282499168.00
2014/11/27	14.48	14.55	14.28	14.34	17074606	245120096.00
2014/11/28	14.37	15.04	14.35	14.81	41594225	611260928.00
2014/12/01	14.80	14.80	14.27	14.40	28922599	417865728.00
2014/12/02	14.38	14.51	14.27	14.50	25461125	366014272.00
2014/12/03	14.50	15.16	14.34	14.99	46580253	687925504.00
2014/12/04	15.07	15.28	14.80	15.16	47138187	710539968.00
2014/12/05	15.14	15.48	14.31	14.72	43111725	642343552.00
2014/12/08	14.70	15.46	14.40	15.30	62762974	943664704.00
2014/12/09	15.68	16.34	15.06	15.13	94153878	1484846464.00
2014/12/10	15.35	16.24	15.20	16.15	63826891	1010740864.00
2014/12/11	16.20	16.59	15.85	16.18	45311689	733239616.00
2014/12/12	16.00	16.30	15.95	16.01	24231916	389300224.00
2014/12/15	16.02	16.43	15.70	16.34	30685008	495436832.00
2014/12/16	16.38	16.77	16.15	16.24	28211355	462635808.00
2014/12/17	16.30	16.38	15.80	15.91	27833166	444608896.00
2014/12/18	16.13	16.25	15.89	15.92	20020083	320967296.00
2014/12/19	15.86	15.86	15.31	15.78	22328903	348366688.00
2014/12/22	16.04	17.20	16.02	16.39	40754479	674277312.00
2014/12/23	16.42	16.65	15.76	15.83	20664032	335360576.00
2014/12/24	16.00	16.10	15.60	15.98	16939706	268452832.00
2014/12/25	16.10	16.37	15.91	16.26	17040116	275478912.00
2014/12/26	16.35	16.39	15.97	16.14	18795144	302611008.00
2014/12/29	16.14	16.14	15.71	15.78	20397565	323523328.00
2014/12/30	15.65	15.67	14.71	14.79	37768695	568096192.00
2014/12/31	14.81	15.06	14.60	14.84	16399676	243906240.00
2015/01/05	14.81	15.03	14.44	14.91	34770994	513718432.00
2015/01/06	15.08	16.40	15.04	16.40	86010515	1389461760.00
2015/01/07	16.17	16.70	15.95	16.63	60546370	985075520.00
2015/01/08	16.80	16.93	16.18	16.49	34926520	579823360.00
2015/01/09	16.40	17.10	16.20	16.21	35595160	592207040.00
2015/01/12	16.02	16.14	15.68	15.81	21336883	338539296.00
2015/01/13	15.82	16.08	15.75	15.89	14695549	233712624.00
2015/01/14	16.01	16.36	15.56	16.11	16281913	262565184.00
2015/01/15	16.26	16.50	16.08	16.40	18019454	294177344.00
2015/01/16	16.42	18.00	16.18	17.68	51818176	895149632.00
2015/01/19	17.33	18.85	17.30	17.77	77532452	1404107648.00
2015/01/20	18.00	18.99	18.00	18.70	56924401	1056006528.00
2015/01/21	19.00	19.19	18.35	18.85	43045003	807348480.00
2015/01/22	18.90	18.99	18.54	18.96	28502440	533680544.00
2015/01/23	19.04	19.13	18.50	18.56	26408134	496154656.00
2015/01/26	18.49	19.76	18.36	19.60	38366332	737391616.00
2015/01/27	19.74	19.95	19.33	19.64	31575335	620630336.00
2015/01/28	19.51	20.16	19.02	19.14	31303281	616596608.00
2015/01/29	19.00	19.33	18.81	19.19	17561249	334087232.00
2015/01/30	19.21	19.35	18.53	18.55	17136304	321798208.00
2015/02/02	18.20	18.98	17.99	18.42	16691236	308922336.00
2015/02/03	18.54	18.96	18.15	18.56	16113979	299998784.00
2015/02/04	18.70	18.78	18.27	18.31	12226823	225777968.00
2015/02/05	18.52	18.55	18.04	18.07	15199316	277142144.00
2015/02/06	17.91	18.21	17.51	17.63	17463939	310188896.00
2015/02/09	17.70	18.00	17.47	17.71	8854805	157077712.00
2015/02/10	17.80	18.23	17.71	18.06	9904804	178383488.00
2015/02/11	18.08	18.28	17.80	17.92	13665425	246067952.00
2015/02/12	17.90	18.19	17.70	18.00	14236047	255548064.00
2015/02/13	18.18	18.41	18.11	18.27	20585595	376397536.00
2015/02/16	18.29	18.44	18.06	18.41	17276388	315231520.00
2015/02/17	18.65	18.85	18.38	18.40	16926296	314046528.00
2015/02/25	18.41	18.50	17.95	18.00	14367167	261190080.00
2015/02/26	17.92	19.00	17.81	18.86	28352662	521242816.00
2015/02/27	19.00	20.20	18.86	19.87	48709030	956309312.00
2015/03/02	20.20	20.55	19.87	20.26	36790207	742776064.00
2015/03/03	20.06	20.06	19.32	19.44	28609635	563115712.00
2015/03/04	19.45	19.63	19.03	19.42	16950676	328326464.00
2015/03/05	19.34	19.42	18.88	19.24	20028407	382856480.00
2015/03/06	19.24	19.45	18.60	18.86	22482608	424462272.00
2015/03/09	18.75	19.08	18.35	19.03	17889390	334676224.00
2015/03/10	19.00	19.25	18.81	18.92	15910904	303325632.00
2015/03/11	18.90	19.12	18.60	18.86	16877242	316878368.00
2015/03/12	18.85	19.13	18.75	19.06	16581643	314249920.00
2015/03/13	19.15	19.24	18.88	18.99	18435279	350712928.00
2015/03/16	19.18	19.77	19.02	19.54	26125396	507272352.00
2015/03/17	19.67	19.68	19.26	19.47	28112325	546090432.00
2015/03/18	19.58	19.88	19.47	19.69	26178058	514939040.00
2015/03/19	19.73	20.18	19.60	20.02	28526670	567674752.00
2015/03/20	20.07	20.70	20.00	20.02	36017787	732292480.00
2015/03/23	20.05	20.21	19.62	20.20	40775754	808932672.00
2015/03/24	20.11	20.21	19.32	19.72	39760613	785520960.00
2015/03/25	19.74	19.82	19.40	19.68	26352970	516062368.00
2015/03/26	19.66	19.92	19.41	19.58	23253329	457384768.00
2015/03/27	19.58	20.13	19.40	19.78	33287151	658394560.00
2015/03/30	20.19	21.50	20.00	21.23	67454430	1404708608.00
2015/03/31	21.23	21.23	20.51	20.72	35840035	747003904.00
2015/04/01	20.65	22.40	20.62	21.89	53045329	1154716032.00
2015/04/02	21.81	22.49	21.49	22.18	44769338	983755072.00
2015/04/03	21.70	21.99	21.36	21.77	38140758	825998464.00
2015/04/07	21.77	21.80	21.38	21.69	29020679	625921280.00
2015/04/08	21.70	21.73	20.75	21.06	38846117	821208768.00
2015/04/09	20.84	21.00	20.05	20.50	31571002	646439232.00
2015/04/10	20.69	21.39	20.61	21.15	31351692	661749120.00
2015/04/13	21.00	21.76	21.00	21.58	30001136	643922368.00
2015/04/14	21.51	21.95	21.15	21.45	28058815	602129984.00
2015/04/15	21.28	21.28	20.40	20.56	27241167	565261312.00
2015/04/16	20.29	21.14	20.11	21.00	20843852	433230048.00
2015/04/17	21.00	21.15	20.38	20.89	45973898	956572672.00
2015/04/20	20.70	21.79	20.50	21.26	54624344	1162373632.00
2015/04/21	21.59	21.82	21.03	21.77	41285001	886755904.00
2015/04/22	22.00	23.16	22.00	22.42	55584985	1251096576.00
2015/04/23	22.49	22.87	21.82	22.03	40138410	893925952.00
2015/04/24	21.85	23.35	21.71	23.06	56816798	1283831808.00
2015/04/27	23.60	23.83	22.61	22.95	45116906	1043863360.00
2015/04/28	23.00	23.18	21.50	21.59	38755728	855773312.00
2015/04/29	21.37	22.09	21.30	21.79	20542212	447100928.00
2015/04/30	21.88	22.03	21.65	21.67	22223758	485090848.00
2015/05/05	21.65	21.65	21.65	21.65	0	0.00
数据来源:通达信
