600250 南纺股份 日线 前复权
      日期	    开盘	    最高	    最低	    收盘	    成交量	    成交额
2011/10/10	6.62	6.86	6.48	6.67	1123585	7410903.00
2011/10/11	6.77	6.78	6.46	6.55	1151579	7610770.00
2011/10/12	6.37	6.77	6.37	6.74	1304129	8649631.00
2011/10/13	6.70	6.84	6.64	6.76	2079958	14002761.00
2011/10/14	6.71	6.75	6.55	6.62	1241953	8234292.00
2011/10/17	6.60	6.66	6.53	6.61	1104011	7279555.00
2011/10/18	6.55	6.58	6.37	6.48	1113251	7165933.00
2011/10/19	6.45	6.55	6.32	6.45	1152610	7406698.00
2011/10/20	6.47	6.47	6.07	6.12	977790	6050672.00
2011/10/21	6.11	6.19	5.82	6.15	1480699	8880284.00
2011/10/24	6.10	6.15	5.93	6.14	740068	4488474.00
2011/10/25	6.10	6.39	6.06	6.33	1862255	11630090.00
2011/10/26	6.30	6.55	6.25	6.36	2282252	14530028.00
2011/10/27	6.37	6.38	6.28	6.35	1687137	10688176.00
2011/10/28	6.41	6.48	6.33	6.42	1868179	11928644.00
2011/10/31	6.45	6.45	6.35	6.40	1435006	9180848.00
2011/11/01	6.40	6.40	6.25	6.30	1660271	10494522.00
2011/11/02	6.23	6.44	6.06	6.36	2101098	13090608.00
2011/11/03	6.34	6.60	6.33	6.45	3980512	25679148.00
2011/11/04	6.45	6.90	6.41	6.85	7633218	50798732.00
2011/11/07	6.79	6.85	6.65	6.78	5420980	36412628.00
2011/11/08	6.72	6.81	6.61	6.72	5905173	39607152.00
2011/11/09	6.81	6.96	6.61	6.80	8671922	58167928.00
2011/11/10	6.69	6.77	6.61	6.71	2695594	17962232.00
2011/11/11	6.71	6.77	6.60	6.73	5057696	33700928.00
2011/11/14	6.71	6.88	6.68	6.79	6002954	40508916.00
2011/11/16	6.77	6.77	6.40	6.46	3708196	24381268.00
2011/11/17	6.47	6.49	6.28	6.30	2586160	16431021.00
2011/11/18	6.30	6.30	6.06	6.07	1778860	10955210.00
2011/11/21	6.07	6.17	6.07	6.16	1323535	8111448.00
2011/11/22	6.11	6.15	6.02	6.13	918707	5601373.00
2011/11/23	6.14	6.16	6.07	6.10	966184	5901555.00
2011/11/24	6.00	6.11	5.99	6.07	751077	4547416.00
2011/11/25	6.03	6.12	5.98	5.99	1036600	6260216.00
2011/11/28	6.01	6.03	5.85	5.94	1057547	6286585.00
2011/11/29	5.96	6.04	5.92	6.03	1268787	7614238.00
2011/11/30	6.01	6.04	5.58	5.61	1602491	9234871.00
2011/12/01	5.73	5.82	5.65	5.73	2001155	11481997.00
2011/12/02	5.65	5.70	5.48	5.56	1727915	9639276.00
2011/12/05	5.56	5.56	5.31	5.44	1864167	10101123.00
2011/12/06	5.42	5.46	5.36	5.41	936747	5069037.00
2011/12/07	5.40	5.45	5.35	5.44	1105142	5965076.00
2011/12/08	5.40	5.70	5.22	5.64	2982714	16351259.00
2011/12/09	5.46	5.72	5.46	5.50	4493315	25123516.00
2011/12/12	5.43	5.48	5.25	5.28	1593239	8479831.00
2011/12/13	5.29	5.29	4.97	4.99	2099617	10591574.00
2011/12/14	4.97	4.99	4.83	4.86	832942	4093380.00
2011/12/15	4.84	4.93	4.61	4.62	1421070	6694494.00
2011/12/16	4.62	4.76	4.58	4.75	1149481	5361013.00
2011/12/19	4.70	5.15	4.60	5.02	2984194	14381750.00
2011/12/20	4.95	5.24	4.92	5.14	4740901	23989960.00
2011/12/21	5.11	5.14	4.94	4.95	1605480	8093540.00
2011/12/22	4.92	4.94	4.53	4.88	2808121	13512536.00
2011/12/23	4.86	5.05	4.71	4.91	1307272	6456994.00
2011/12/26	4.98	5.02	4.83	4.98	1609233	7972043.00
2011/12/28	4.88	5.02	4.65	4.89	3830800	18350654.00
2011/12/29	4.85	5.38	4.77	5.26	9675382	49107476.00
2011/12/30	5.22	5.33	5.08	5.22	8641854	44442488.00
2012/01/04	5.20	5.20	4.98	5.00	3494403	17683284.00
2012/01/05	4.82	5.05	4.76	4.96	3301126	16136994.00
2012/01/06	4.88	5.28	4.86	5.20	9235994	46592664.00
2012/01/09	5.20	5.30	5.10	5.27	8217394	42922152.00
2012/01/10	5.20	5.48	5.16	5.37	7971807	42347184.00
2012/01/11	5.32	5.46	5.23	5.40	5066550	27047720.00
2012/01/12	5.30	5.54	5.19	5.43	5485625	29193968.00
2012/01/13	5.38	5.46	5.23	5.42	3403855	18122568.00
2012/01/16	5.29	5.35	5.24	5.25	1954187	10342353.00
2012/01/17	5.17	5.54	5.11	5.50	4572693	24554752.00
2012/01/18	5.43	5.69	5.31	5.41	3701358	20486676.00
2012/01/19	5.40	5.50	5.33	5.47	1978108	10703311.00
2012/01/20	5.35	5.65	5.26	5.60	4436636	24105468.00
2012/01/30	5.57	5.61	5.46	5.56	1533940	8500917.00
2012/01/31	5.56	5.59	5.44	5.55	695199	3836755.00
2012/02/01	5.51	5.58	5.44	5.55	1477804	8144930.00
2012/02/02	5.51	5.63	5.49	5.58	1390909	7748328.00
2012/02/03	5.55	5.63	5.48	5.60	3337577	18538648.00
2012/02/06	5.53	5.68	5.50	5.64	2675363	15050746.00
2012/02/07	5.65	5.65	5.51	5.54	1293573	7174891.00
2012/02/08	5.46	5.69	5.46	5.66	2441316	13706725.00
2012/02/09	5.61	5.99	5.61	5.78	3770071	21831328.00
2012/02/10	5.78	5.89	5.70	5.81	2605861	15108127.00
2012/02/13	5.76	6.07	5.70	5.88	2915778	17176374.00
2012/02/14	5.88	6.09	5.82	5.92	3681156	21850606.00
2012/02/15	5.90	6.14	5.80	6.08	5783917	34867420.00
2012/02/16	6.08	6.34	5.99	6.26	7272126	44742440.00
2012/02/17	6.29	6.33	6.11	6.12	3062027	18998144.00
2012/02/20	6.15	6.18	6.05	6.07	3244582	19829764.00
2012/02/21	6.03	6.18	6.01	6.17	2980694	18274464.00
2012/02/22	6.11	6.38	6.11	6.27	6189322	38693392.00
2012/02/23	6.29	6.33	6.16	6.28	3379499	21063352.00
2012/02/24	6.27	6.28	6.14	6.26	4301615	26713668.00
2012/02/27	6.24	6.50	6.22	6.29	7820023	49762104.00
2012/02/28	6.26	6.45	6.07	6.32	5137534	32104616.00
2012/02/29	6.26	6.31	6.13	6.14	1811666	11259849.00
2012/03/01	6.14	6.18	6.10	6.14	1291075	7930490.00
2012/03/02	6.14	6.31	6.13	6.20	2434201	15147285.00
2012/03/05	6.22	6.30	6.17	6.18	2170014	13496182.00
2012/03/06	6.14	6.26	6.14	6.21	2222824	13754642.00
2012/03/07	6.20	6.26	6.16	6.22	2253539	14005004.00
2012/03/08	6.24	6.34	6.21	6.28	3217691	20179452.00
2012/03/09	6.30	6.30	6.17	6.27	2271190	14171650.00
2012/03/12	6.24	6.52	6.21	6.42	9158957	58567628.00
2012/03/13	6.37	6.78	6.32	6.58	11422413	74978248.00
2012/03/14	6.55	6.74	6.25	6.44	8384510	54680504.00
2012/03/15	6.29	6.44	6.08	6.09	4071886	25297836.00
2012/03/16	6.08	6.21	5.91	6.18	3027477	18418862.00
2012/03/19	6.18	6.33	6.03	6.26	2926540	18197166.00
2012/03/20	6.26	6.30	6.07	6.08	2088535	12890868.00
2012/03/21	6.11	6.24	5.94	6.14	2690436	16412011.00
2012/03/22	6.12	6.18	5.98	6.08	2494651	15172458.00
2012/03/23	6.08	6.08	5.88	5.90	1613781	9654130.00
2012/03/27	5.62	5.70	5.31	5.49	8220693	44789212.00
2012/03/28	5.32	5.35	5.11	5.23	3994800	20798490.00
2012/03/29	5.23	5.23	5.02	5.07	1887217	9619250.00
2012/03/30	5.09	5.20	5.04	5.11	2608618	13430626.00
2012/04/06	5.23	5.30	5.14	5.21	2297342	11998241.00
2012/04/09	5.24	5.30	5.16	5.20	1381746	7228615.00
2012/04/10	5.18	5.24	5.00	5.19	1658646	8448082.00
2012/04/11	5.13	5.41	5.09	5.33	3909302	20671512.00
2012/04/12	5.31	5.40	5.27	5.37	3358947	17957952.00
2012/04/13	5.36	5.52	5.34	5.46	3823120	20762674.00
2012/04/16	5.39	5.90	5.38	5.85	6135619	34349556.00
2012/04/20	5.80	5.97	5.53	5.90	9420800	54317276.00
2012/04/23	5.84	6.00	5.71	5.77	8774873	51662536.00
2012/04/24	5.35	5.80	5.35	5.71	2391895	13522690.00
2012/04/25	5.66	5.82	5.63	5.66	3469441	19893208.00
2012/04/26	5.56	5.75	5.56	5.66	1877316	10659744.00
2012/04/27	5.63	5.69	5.49	5.54	3285899	18301344.00
2012/05/03	5.26	5.26	5.26	5.26	289200	1521192.00
2012/05/04	5.00	5.43	5.00	5.38	11242644	57319960.00
2012/05/07	5.29	5.56	5.20	5.55	4546595	24836460.00
2012/05/08	5.60	5.76	5.49	5.60	4931805	28042460.00
2012/05/09	5.59	5.76	5.56	5.64	2528460	14297031.00
2012/05/10	5.64	5.70	5.53	5.55	2047577	11514260.00
2012/05/11	5.59	5.70	5.50	5.62	3134229	17659960.00
2012/05/14	5.67	5.84	5.50	5.50	4765417	26941556.00
2012/05/15	5.50	5.54	5.38	5.49	1679649	9186476.00
2012/05/16	5.46	5.59	5.42	5.49	1496493	8204427.00
2012/05/17	5.45	5.59	5.45	5.58	1939758	10690412.00
2012/05/18	5.50	5.56	5.36	5.36	1248801	6783218.00
2012/05/21	5.38	5.38	5.18	5.22	1157854	6081440.00
2012/05/22	5.22	5.30	5.21	5.28	655022	3455014.00
2012/05/23	5.28	5.30	5.18	5.20	461700	2408405.00
2012/05/24	5.20	5.24	5.05	5.20	1088598	5587776.00
2012/05/25	5.16	5.30	5.14	5.23	2109592	11058628.00
2012/05/28	5.17	5.25	5.05	5.17	1681999	8690826.00
2012/05/29	5.11	5.20	5.08	5.16	1620299	8345678.00
2012/05/30	5.17	5.30	5.12	5.25	1676094	8700602.00
2012/05/31	5.21	5.32	5.16	5.26	975801	5110476.00
2012/06/01	5.29	5.35	5.23	5.24	694200	3666033.00
2012/06/04	5.15	5.21	5.01	5.05	1391100	7098066.00
2012/06/05	5.04	5.13	4.95	5.04	886670	4475806.00
2012/06/06	5.00	5.26	4.89	5.14	1877199	9382342.00
2012/06/07	5.10	5.14	5.02	5.03	1470090	7476779.00
2012/06/08	5.08	5.08	4.93	4.96	396917	1983095.00
2012/06/11	4.96	5.07	4.94	4.98	517300	2581263.00
2012/06/12	4.98	5.05	4.97	5.00	460299	2301112.00
2012/06/13	5.04	5.09	4.99	5.05	737371	3721823.00
2012/06/14	5.06	5.10	4.99	5.01	473704	2392930.00
2012/06/15	5.03	5.08	4.96	5.03	612836	3067505.00
2012/06/18	5.07	5.16	5.02	5.12	1149303	5863310.00
2012/06/19	5.15	5.25	5.10	5.15	1287812	6692842.00
2012/06/20	5.20	5.22	5.13	5.18	461199	2385672.00
2012/06/21	5.18	5.18	5.09	5.11	299600	1534557.00
2012/06/25	5.15	5.16	5.01	5.02	689700	3514587.00
2012/06/26	5.02	5.02	4.90	4.92	449623	2219719.00
2012/06/27	4.92	4.97	4.84	4.84	499000	2445735.00
2012/06/28	4.84	4.86	4.73	4.76	441444	2112861.00
2012/07/02	4.78	4.84	4.73	4.77	774115	3689624.00
2012/07/03	4.77	4.80	4.67	4.76	581664	2762189.00
2012/07/04	4.65	4.78	4.65	4.77	375455	1776330.00
2012/07/05	4.75	4.77	4.53	4.68	1864204	8575356.00
2012/07/06	4.64	4.68	4.48	4.56	868217	3996110.00
2012/07/09	4.56	4.66	4.33	4.33	1347017	6001139.00
2012/07/10	4.31	4.35	4.15	4.24	735401	3117535.00
2012/07/11	4.23	4.27	4.18	4.26	410918	1736868.00
2012/07/12	4.21	4.32	4.11	4.31	1609032	6802200.00
2012/07/13	4.30	4.35	4.20	4.31	495900	2120357.00
2012/07/16	4.27	4.31	4.10	4.15	281700	1172451.00
2012/07/17	4.14	4.26	4.08	4.18	366393	1525577.00
2012/07/18	4.11	4.19	4.11	4.17	382702	1587498.00
2012/07/19	4.15	4.25	4.11	4.23	872668	3653585.00
2012/07/20	4.23	4.23	4.17	4.20	501100	2096767.00
2012/07/23	4.18	4.18	4.08	4.16	386018	1589074.00
2012/07/24	4.05	4.35	4.04	4.18	505260	2133496.00
2012/07/25	4.13	4.31	4.13	4.20	544631	2298119.00
2012/07/26	4.15	4.25	4.15	4.19	344968	1449578.00
2012/07/27	4.24	4.24	4.14	4.18	515259	2144899.00
2012/07/30	3.97	3.97	3.97	3.97	56500	224305.00
2012/07/31	3.77	3.77	3.77	3.77	39500	148915.00
2012/08/01	3.58	3.69	3.58	3.58	1766100	6324884.00
2012/08/02	3.41	3.52	3.40	3.48	5485942	18775964.00
2012/08/03	3.45	3.59	3.45	3.58	3150295	11052925.00
2012/08/06	3.58	3.73	3.55	3.69	4522479	16562441.00
2012/08/07	3.67	3.70	3.53	3.62	3766233	13647413.00
2012/08/08	3.60	3.61	3.55	3.59	1115651	3994322.00
2012/08/09	3.60	3.65	3.57	3.64	2488439	8982268.00
2012/08/10	3.60	3.62	3.54	3.57	914956	3275258.00
2012/08/13	3.51	3.75	3.51	3.75	4418572	16193179.00
2012/08/14	3.82	3.84	3.72	3.81	4104127	15577516.00
2012/08/15	3.80	3.89	3.75	3.76	1247390	4750689.00
2012/08/16	3.73	3.83	3.73	3.79	659469	2502779.00
2012/08/17	3.70	3.98	3.70	3.98	3907630	15355632.00
2012/08/20	3.94	4.15	3.90	4.07	2629330	10583709.00
2012/08/21	4.05	4.25	4.05	4.14	3627012	14876215.00
2012/08/22	4.15	4.20	4.03	4.05	3421291	14088943.00
2012/08/23	4.04	4.12	4.02	4.09	1813050	7400950.00
2012/08/24	4.12	4.15	3.89	4.05	1940365	7815353.00
2012/08/27	4.02	4.10	3.85	3.94	1405557	5553319.00
2012/08/28	3.87	4.05	3.87	4.00	1108600	4421656.00
2012/08/29	3.94	4.03	3.87	3.96	1707910	6761874.00
2012/08/30	3.89	3.97	3.84	3.84	624412	2429856.00
2012/08/31	3.81	3.96	3.77	3.95	632522	2461174.00
2012/09/04	4.15	4.15	4.15	4.15	1415727	5875267.00
2012/09/05	4.32	4.32	4.15	4.17	3793972	16086338.00
2012/09/06	4.10	4.20	4.10	4.17	1130750	4694685.00
2012/09/07	4.17	4.38	4.15	4.36	3921460	16680051.00
2012/09/10	4.33	4.40	4.30	4.38	2502225	10935833.00
2012/09/11	4.35	4.35	4.28	4.31	786091	3380562.00
2012/09/12	4.34	4.37	4.25	4.35	696391	2997518.00
2012/09/13	4.34	4.50	4.34	4.41	1475702	6543056.00
2012/09/14	4.41	4.46	4.31	4.40	646100	2811023.00
2012/09/17	4.42	4.42	4.31	4.35	809600	3528785.00
2012/09/18	4.30	4.39	4.29	4.35	547215	2384493.00
2012/09/19	4.35	4.38	4.28	4.33	556915	2424370.00
2012/09/20	4.33	4.36	4.18	4.29	610399	2603291.00
2012/09/21	4.27	4.48	4.24	4.47	2079070	9141633.00
2012/09/25	4.57	4.57	4.26	4.33	3680557	16249495.00
2012/09/26	4.30	4.30	4.11	4.11	1338200	5571323.00
2012/09/27	4.11	4.29	4.11	4.24	2388300	10017166.00
2012/09/28	4.24	4.34	4.20	4.24	1910225	8096777.00
2012/10/08	4.22	4.29	4.16	4.24	560502	2363635.00
2012/10/09	4.24	4.30	4.23	4.27	1112960	4740006.00
2012/10/10	4.26	4.30	4.23	4.29	1034909	4419718.00
2012/10/11	4.32	4.44	4.28	4.41	1555791	6838258.00
2012/10/12	4.44	4.50	4.31	4.33	1382261	6055579.00
2012/10/15	4.33	4.33	4.12	4.20	1248728	5257773.00
2012/10/16	4.18	4.24	4.16	4.22	578399	2431735.00
2012/10/17	4.22	4.23	4.16	4.20	539410	2263810.00
2012/10/18	4.22	4.29	4.18	4.25	1146496	4870408.00
2012/10/19	4.27	4.34	4.24	4.32	1116810	4806510.00
2012/10/22	4.35	4.44	4.34	4.38	2184239	9569425.00
2012/10/23	4.37	4.41	4.27	4.32	1665473	7240763.00
2012/10/24	4.28	4.50	4.28	4.50	3732302	16345699.00
2012/10/25	4.46	4.51	4.33	4.33	2499402	11042455.00
2012/10/26	4.33	4.33	4.13	4.22	1288318	5429694.00
2012/10/29	4.22	4.28	4.18	4.24	546351	2311171.00
2012/10/30	4.26	4.31	4.21	4.27	765500	3258719.00
2012/10/31	4.27	4.38	4.22	4.32	1059204	4570198.00
2012/11/01	4.29	4.36	4.29	4.33	1146859	4967350.00
2012/11/02	4.33	4.39	4.30	4.39	1713903	7491907.00
2012/11/05	4.39	4.39	4.32	4.37	977290	4252184.00
2012/11/06	4.35	4.37	4.18	4.30	951101	4061568.00
2012/11/07	4.30	4.38	4.26	4.36	785457	3407133.00
2012/11/08	4.28	4.30	4.21	4.23	714712	3035812.00
2012/11/09	4.25	4.35	4.22	4.25	1251511	5385437.00
2012/11/12	4.25	4.32	4.23	4.30	739988	3166130.00
2012/11/13	4.27	4.30	4.12	4.14	1377900	5799382.00
2012/11/14	4.14	4.16	4.08	4.11	671918	2759341.00
2012/11/15	4.10	4.14	4.06	4.10	419077	1719545.00
2012/11/16	4.09	4.12	4.03	4.06	280590	1142337.00
2012/11/19	4.02	4.11	4.00	4.08	589990	2387494.00
2012/11/20	4.08	4.15	4.06	4.12	525000	2159986.00
2012/12/11	4.33	4.33	4.33	4.33	548102	2373282.00
2012/12/12	4.32	4.35	4.18	4.26	2269090	9684722.00
2012/12/13	4.26	4.26	4.13	4.15	1121015	4694369.00
2012/12/14	4.13	4.30	4.11	4.27	1444371	6120381.00
2012/12/17	4.28	4.30	4.20	4.22	1236915	5248295.00
2012/12/18	4.20	4.27	4.18	4.23	2064730	8706643.00
2012/12/19	4.20	4.24	4.14	4.17	1153001	4817677.00
2012/12/20	4.15	4.15	4.04	4.08	1363440	5557798.00
2012/12/21	4.07	4.28	4.05	4.28	2340769	9892110.00
2012/12/24	4.26	4.45	4.21	4.32	2682742	11570942.00
2012/12/25	4.28	4.39	4.24	4.33	2480201	10749764.00
2012/12/26	4.31	4.40	4.30	4.36	1436957	6257310.00
2012/12/27	4.36	4.50	4.33	4.49	2719929	12093345.00
2012/12/28	4.48	4.52	4.40	4.47	1999084	8931657.00
2012/12/31	4.43	4.69	4.42	4.69	4642045	21461880.00
2013/01/04	4.80	4.83	4.46	4.73	3869214	18158896.00
2013/01/07	4.76	4.97	4.72	4.97	3629331	17947672.00
2013/01/08	5.19	5.22	5.18	5.22	879783	4582030.00
2013/01/09	5.48	5.48	5.22	5.25	6382988	34202624.00
2013/01/10	5.25	5.35	5.13	5.22	3011598	15738966.00
2013/01/11	5.24	5.46	5.20	5.32	2819965	14947191.00
2013/01/14	5.27	5.55	5.25	5.50	2526535	13685093.00
2013/01/15	5.47	5.75	5.45	5.64	2701879	15277594.00
2013/01/16	5.65	5.83	5.60	5.80	2446258	14019535.00
2013/01/17	5.82	5.82	5.53	5.55	2674464	15117106.00
2013/01/18	5.55	5.70	5.46	5.60	3757845	21096646.00
2013/01/21	5.60	5.88	5.60	5.84	3875096	22461076.00
2013/01/22	5.81	6.05	5.78	5.88	5431755	32218014.00
2013/01/23	5.82	5.95	5.59	5.70	6787388	38862748.00
2013/01/24	5.67	5.74	5.42	5.42	6208328	34147276.00
2013/01/25	5.44	5.65	5.37	5.58	3819013	21073822.00
2013/01/28	5.58	5.83	5.57	5.80	6105831	35214812.00
2013/01/29	5.81	5.90	5.78	5.85	3538114	20691064.00
2013/01/30	5.86	5.92	5.75	5.83	3829991	22359080.00
2013/01/31	5.86	6.06	5.70	5.99	4699519	27741196.00
2013/02/01	5.93	6.15	5.93	6.09	3892711	23611120.00
2013/02/04	6.13	6.39	6.03	6.30	4523415	28125854.00
2013/02/05	6.00	6.28	5.99	6.03	6827930	41138948.00
2013/02/06	5.93	6.02	5.83	5.97	4416841	26089010.00
2013/02/07	5.89	6.17	5.86	6.04	3296597	19793588.00
2013/02/08	5.98	5.99	5.74	5.75	6505472	37459252.00
2013/02/18	5.68	5.98	5.65	5.91	2312266	13430180.00
2013/02/19	5.90	5.92	5.79	5.87	1509400	8820217.00
2013/02/20	5.89	5.89	5.63	5.79	949789	5513224.00
2013/02/21	5.73	5.81	5.52	5.55	1178570	6668993.00
2013/02/22	5.56	5.71	5.33	5.69	2242953	12570740.00
2013/02/25	5.67	5.77	5.41	5.41	2933900	15995105.00
2013/02/26	5.33	5.34	5.17	5.24	3017758	15836631.00
2013/02/27	5.24	5.36	5.16	5.33	1173546	6177920.00
2013/02/28	5.27	5.50	5.20	5.39	2080303	11119766.00
2013/03/01	5.40	5.45	5.33	5.43	1094097	5891069.00
2013/03/04	5.39	5.39	5.16	5.21	2704473	14189595.00
2013/03/05	5.18	5.42	5.18	5.39	2004182	10715172.00
2013/03/06	5.42	5.64	5.40	5.53	1773829	9826269.00
2013/03/07	5.53	5.80	5.41	5.59	2212750	12161141.00
2013/03/08	5.51	5.64	5.48	5.48	1095700	6070813.00
2013/03/11	5.40	5.43	5.24	5.36	2328922	12386302.00
2013/03/12	5.38	5.38	5.17	5.22	1338049	7036370.00
2013/03/13	5.26	5.26	5.08	5.17	1994247	10370265.00
2013/03/14	5.20	5.27	5.13	5.21	1403100	7340740.00
2013/03/15	5.18	5.47	5.16	5.47	2612100	14153125.00
2013/03/18	5.47	5.73	5.45	5.65	5695650	32150188.00
2013/03/19	5.65	5.85	5.53	5.56	3087818	17551988.00
2013/03/20	5.52	5.81	5.52	5.79	2771985	15924613.00
2013/03/21	5.79	5.98	5.72	5.80	2316605	13610065.00
2013/03/22	5.79	5.84	5.69	5.78	1457485	8423259.00
2013/03/25	5.63	5.79	5.60	5.69	1053191	6009968.00
2013/03/26	5.63	5.79	5.63	5.76	1236700	7068267.00
2013/03/27	5.73	5.83	5.63	5.70	824774	4720511.00
2013/03/28	5.75	5.77	5.64	5.69	1418847	8111137.00
2013/03/29	5.62	5.85	5.62	5.83	1425425	8224667.00
2013/04/01	5.83	5.98	5.79	5.92	2172219	12813955.00
2013/04/02	5.95	5.95	5.82	5.83	1006701	5913833.00
2013/04/03	5.75	5.90	5.66	5.72	1042428	5966499.00
2013/04/08	5.63	6.01	5.59	6.01	2368503	13918135.00
2013/04/09	6.00	6.30	5.98	6.15	4338427	26849908.00
2013/04/10	6.18	6.25	6.08	6.14	2777371	17189616.00
2013/04/11	6.21	6.24	6.12	6.13	881024	5456275.00
2013/04/12	6.10	6.30	6.10	6.14	2332477	14495023.00
2013/04/15	6.02	6.13	5.91	5.95	931952	5614265.00
2013/04/16	5.86	6.12	5.78	6.11	940504	5635492.00
2013/04/17	6.00	6.11	6.00	6.07	741939	4489021.00
2013/04/18	6.05	6.31	6.02	6.17	2727089	16967138.00
2013/04/19	6.15	6.40	6.15	6.25	3298011	20740788.00
2013/04/22	6.18	6.45	6.18	6.26	3319895	21044608.00
2013/05/06	5.90	6.26	5.72	6.16	6068067	36458332.00
2013/05/07	6.07	6.19	5.96	6.15	3603257	21869732.00
2013/05/08	6.03	6.15	5.89	5.92	3072939	18414948.00
2013/05/09	5.90	5.90	5.61	5.64	2530465	14450540.00
2013/05/10	5.60	5.74	5.60	5.68	1362394	7721123.00
2013/05/13	5.62	5.74	5.62	5.68	1319650	7484450.00
2013/05/14	5.68	6.10	5.65	6.01	5953457	35505856.00
2013/05/15	5.96	6.05	5.83	5.91	1930735	11471134.00
2013/05/16	5.88	5.88	5.75	5.79	2013375	11675690.00
2013/05/17	5.79	5.88	5.73	5.87	1216088	7088949.00
2013/05/20	5.88	5.93	5.77	5.83	1752441	10181467.00
2013/05/21	5.80	5.84	5.76	5.82	1643348	9534532.00
2013/05/22	5.82	5.86	5.79	5.84	1079234	6283837.00
2013/05/23	5.82	5.85	5.76	5.79	875509	5069558.00
2013/05/24	5.76	5.80	5.70	5.73	1038425	5954986.00
2013/05/27	5.70	5.86	5.69	5.79	963671	5591240.00
2013/05/28	5.83	6.34	5.79	6.19	11404876	70390208.00
2013/05/29	6.13	6.30	6.05	6.15	4357102	26901192.00
2013/05/30	6.11	6.18	5.90	5.94	3397070	20530386.00
2013/05/31	5.93	6.06	5.90	5.98	2213719	13190760.00
2013/06/03	6.03	6.04	5.81	5.90	1222534	7252295.00
2013/06/04	5.91	5.91	5.77	5.82	1052590	6133195.00
2013/06/05	5.82	5.87	5.77	5.82	676848	3942487.00
2013/06/06	5.81	5.93	5.79	5.91	1244945	7324330.00
2013/06/07	5.91	5.91	5.45	5.64	1540156	8739569.00
2013/06/13	5.50	5.55	5.30	5.42	1212530	6573135.00
2013/06/14	5.45	5.50	5.40	5.48	708119	3860557.00
2013/06/17	5.50	5.53	5.42	5.52	858502	4710549.00
2013/06/18	5.58	5.71	5.54	5.67	1259472	7100344.00
2013/06/19	6.24	6.24	6.24	6.24	2910091	18158968.00
2013/06/20	6.50	6.86	6.45	6.79	18312703	122990728.00
2013/06/21	6.49	6.63	6.25	6.49	13682285	88761680.00
2013/06/24	6.51	6.90	6.00	6.13	11941156	77457744.00
2013/06/25	5.80	5.88	5.52	5.66	10708211	60086328.00
2013/06/26	5.55	5.81	5.40	5.71	8987289	50852736.00
2013/06/27	5.61	5.72	5.20	5.32	8726340	47805160.00
2013/06/28	5.22	5.35	5.01	5.18	4622386	23915092.00
2013/07/01	5.18	5.49	5.18	5.35	3278588	17489056.00
2013/07/02	5.38	5.48	5.20	5.45	3853723	20736450.00
2013/07/03	5.40	5.47	5.19	5.29	2383939	12594365.00
2013/07/04	5.22	5.43	5.13	5.28	2419039	12714824.00
2013/07/05	5.28	5.39	5.25	5.28	1726886	9171266.00
2013/07/08	5.25	5.25	4.83	4.85	3011036	15107025.00
2013/07/09	4.80	4.98	4.72	4.92	1493359	7183146.00
2013/07/10	4.93	5.03	4.90	5.01	1411046	7021953.00
2013/07/11	4.96	5.23	4.96	5.14	1668716	8594408.00
2013/07/12	5.11	5.24	5.05	5.07	1500820	7708560.00
2013/08/12	5.58	5.58	5.58	5.58	239408	1335897.00
2013/08/13	6.14	6.14	6.14	6.14	602663	3700351.00
2013/08/14	6.75	6.75	6.21	6.56	19770095	129351096.00
2013/08/15	6.49	6.65	6.01	6.14	9810453	62440596.00
2013/08/16	5.99	6.09	5.74	5.91	7442209	44248124.00
2013/08/19	5.81	6.15	5.81	5.97	6413285	38532464.00
2013/08/20	5.96	6.20	5.90	6.06	5810266	35190544.00
2013/08/21	6.03	6.25	5.96	6.18	4325907	26703432.00
2013/08/22	6.18	6.32	6.11	6.15	4187190	25953826.00
2013/08/23	6.07	6.30	5.91	5.99	5045208	31062380.00
2013/08/26	6.03	6.15	5.86	6.14	3531588	21231996.00
2013/08/27	6.12	6.25	6.01	6.19	3198428	19701244.00
2013/08/28	6.15	6.26	6.05	6.14	3718066	22976336.00
2013/08/29	6.15	6.35	6.10	6.24	4206154	26302214.00
2013/08/30	6.30	6.40	6.09	6.11	4216675	26403434.00
2013/09/02	6.07	6.14	5.95	6.00	1797463	10896493.00
2013/09/03	6.00	6.10	5.98	6.05	1992667	12014872.00
2013/09/04	6.08	6.11	6.02	6.03	1339032	8112329.00
2013/09/05	6.01	6.01	5.76	5.86	2015181	11853722.00
2013/09/06	5.88	5.95	5.80	5.94	1451884	8530445.00
2013/09/09	6.06	6.53	5.94	6.23	2363547	14686486.00
2013/09/10	6.23	6.23	5.80	6.01	7153300	42463068.00
2013/09/11	5.91	5.92	5.70	5.77	3303200	19139264.00
2013/09/12	5.74	6.00	5.60	5.99	5929973	35069928.00
2013/09/13	5.98	6.12	5.89	6.06	4003282	24232790.00
2013/09/16	6.02	6.17	6.00	6.11	2762726	16890552.00
2013/09/17	6.08	6.10	6.00	6.04	2399898	14529091.00
2013/09/18	6.00	6.06	5.90	5.97	1195267	7116459.00
2013/09/23	6.19	6.57	6.17	6.57	3007566	19503184.00
2013/09/24	6.86	7.19	6.61	6.66	13294803	90492152.00
2013/09/25	6.43	6.64	6.33	6.64	6432440	41644728.00
2013/09/26	6.51	6.93	6.40	6.41	8315509	55528936.00
2013/09/27	6.31	6.59	6.31	6.48	3896893	25291078.00
2013/09/30	6.48	6.72	6.48	6.54	2313459	15190546.00
2013/10/08	6.53	6.74	6.41	6.70	2321792	15332932.00
2013/10/09	6.71	6.71	6.55	6.62	2522958	16660248.00
2013/10/10	6.64	6.69	6.54	6.57	2474048	16330208.00
2013/10/11	6.60	6.76	6.53	6.74	4977635	33308212.00
2013/10/14	6.99	6.99	6.67	6.76	3026375	20543446.00
2013/10/15	6.79	6.82	6.50	6.68	2908149	19388964.00
2013/10/16	6.70	6.70	6.33	6.41	2882788	18629084.00
2013/10/17	6.42	6.54	6.30	6.34	2254447	14393889.00
2013/10/18	6.32	6.39	6.21	6.36	1784241	11217721.00
2013/10/21	6.32	6.41	6.21	6.38	2619341	16483826.00
2013/10/22	6.36	6.59	6.31	6.37	1666569	10685824.00
2013/10/23	6.39	6.43	5.99	6.02	3184386	19483872.00
2013/10/24	6.02	6.09	5.87	5.94	1812707	10788131.00
2013/10/25	5.98	6.00	5.82	5.94	1318715	7801655.00
2013/10/28	5.94	6.02	5.86	5.95	737499	4378736.00
2013/10/29	5.93	6.17	5.77	6.14	3176007	19097302.00
2013/10/30	6.16	6.27	5.91	5.99	1855176	11224095.00
2013/10/31	6.01	6.05	5.96	6.05	1172902	7062047.00
2013/11/01	6.00	6.08	5.71	6.02	1510050	8955413.00
2013/11/04	5.96	6.01	5.90	5.96	573200	3424764.00
2013/11/05	5.93	6.41	5.93	6.33	6989657	43636228.00
2013/11/06	6.34	6.45	6.23	6.34	4057990	25850856.00
2013/11/07	6.40	6.50	6.25	6.41	2784489	17796514.00
2013/11/08	6.33	6.60	6.33	6.43	3447970	22364332.00
2013/11/11	6.38	6.60	6.32	6.45	3706453	24225802.00
2013/11/12	6.43	6.70	6.40	6.67	5178438	34367544.00
2013/11/13	6.58	6.65	6.38	6.41	2629203	17099776.00
2013/11/14	6.34	6.51	6.08	6.26	2965337	18812102.00
2013/11/15	6.29	6.40	6.02	6.39	6255351	39430980.00
2013/11/18	6.38	6.46	6.31	6.42	4530934	29067620.00
2013/11/19	6.42	6.50	6.28	6.39	3663093	23523836.00
2013/11/20	6.35	6.64	6.25	6.62	6833915	44683564.00
2013/11/21	6.61	6.62	6.41	6.49	2270198	14744805.00
2013/11/22	6.51	6.77	6.44	6.63	8208609	54500524.00
2013/11/25	6.64	6.73	6.51	6.54	4205795	27842064.00
2013/11/26	6.55	6.84	6.46	6.71	6374416	42794760.00
2013/11/27	6.72	6.79	6.60	6.71	3856640	25890296.00
2013/11/28	6.76	6.90	6.58	6.79	5750853	38719032.00
2013/11/29	6.75	6.85	6.68	6.74	3943934	26755362.00
2013/12/02	6.50	6.53	6.10	6.22	3960699	24854516.00
2013/12/03	6.05	6.81	6.04	6.39	2309332	14659798.00
2013/12/04	6.32	6.46	6.31	6.39	2255919	14373696.00
2013/12/05	6.31	6.38	6.09	6.15	3093884	19088096.00
2013/12/06	6.15	6.20	6.10	6.15	1016191	6248668.00
2013/12/09	6.12	6.22	6.07	6.19	811969	5001886.00
2013/12/10	6.16	6.20	6.04	6.12	2464481	15003847.00
2013/12/11	6.03	6.15	6.03	6.10	1162266	7075277.00
2013/12/12	6.11	6.18	6.08	6.17	1032792	6361464.00
2013/12/13	6.17	6.20	6.00	6.07	1451006	8818910.00
2013/12/16	6.09	6.09	5.88	5.89	1344933	7995841.00
2013/12/17	5.95	5.95	5.81	5.87	590920	3458296.00
2013/12/18	5.87	5.96	5.87	5.92	457000	2702864.00
2013/12/19	5.90	5.94	5.77	5.79	570160	3329143.00
2013/12/20	5.76	5.84	5.55	5.60	854886	4815404.00
2013/12/23	5.52	5.78	5.51	5.60	667927	3769453.00
2013/12/24	5.60	5.66	5.47	5.61	1133705	6317198.00
2013/12/25	5.60	5.66	5.10	5.64	1135642	6293289.00
2013/12/26	5.64	5.70	5.50	5.59	2037443	11447131.00
2013/12/27	5.57	5.66	5.50	5.62	2179127	12187870.00
2013/12/30	5.64	5.74	5.57	5.60	1050224	5951308.00
2013/12/31	5.57	5.67	5.50	5.54	1497596	8325462.00
2014/01/02	5.54	5.68	5.50	5.63	2783018	15653599.00
2014/01/03	5.59	5.69	5.50	5.52	977206	5427451.00
2014/01/06	5.52	5.52	5.11	5.14	1589965	8360496.00
2014/01/07	5.13	5.48	5.13	5.37	2334063	12435695.00
2014/01/08	5.37	5.42	5.18	5.33	1465200	7763675.00
2014/01/09	5.25	5.47	5.25	5.33	1500474	8094009.00
2014/01/10	5.28	5.74	5.28	5.70	2526652	14013101.00
2014/01/13	5.70	5.85	5.60	5.78	1457313	8405373.00
2014/01/14	5.76	5.76	5.57	5.69	1653530	9334061.00
2014/01/15	5.69	5.89	5.53	5.80	1576711	9066922.00
2014/01/16	5.80	5.97	5.75	5.84	1015786	5940335.00
2014/01/17	5.75	5.88	5.59	5.83	1163919	6661343.00
2014/01/20	5.70	5.79	5.67	5.73	477158	2722914.00
2014/01/21	5.68	5.76	5.30	5.66	1640134	9151425.00
2014/01/22	5.65	5.69	5.51	5.67	1139963	6393848.00
2014/01/23	5.68	5.84	5.68	5.78	1279035	7397164.00
2014/01/24	5.79	5.91	5.68	5.88	1984926	11451553.00
2014/01/27	5.88	5.94	5.79	5.85	1406052	8231998.00
2014/01/28	5.88	5.91	5.65	5.70	1435619	8258174.00
2014/01/29	5.74	5.75	5.65	5.66	764473	4353359.00
2014/01/30	5.69	5.69	5.56	5.58	714560	3997038.00
2014/02/07	5.55	5.63	5.50	5.60	999086	5537643.00
2014/02/10	5.59	5.72	5.56	5.70	1685889	9532322.00
2014/02/11	5.67	5.79	5.65	5.78	1649245	9439602.00
2014/02/12	5.78	5.83	5.73	5.82	2100027	12139199.00
2014/02/13	5.80	5.83	5.70	5.71	1680952	9709836.00
2014/02/14	5.66	5.77	5.61	5.76	2030592	11562076.00
2014/02/17	5.76	5.88	5.71	5.85	2801236	16208927.00
2014/02/18	5.84	5.89	5.79	5.86	2329421	13601998.00
2014/02/19	5.88	5.94	5.82	5.92	2437857	14363414.00
2014/02/20	5.93	5.96	5.76	5.81	2031524	11889371.00
2014/02/21	5.80	5.86	5.73	5.82	976811	5657749.00
2014/02/24	5.86	5.86	5.64	5.74	949009	5439134.00
2014/02/25	5.74	5.81	5.55	5.58	1544333	8769671.00
2014/02/26	5.54	5.57	5.41	5.53	1021682	5616989.00
2014/02/27	5.61	5.61	5.50	5.55	830730	4619811.00
2014/02/28	5.47	5.70	5.47	5.66	816852	4600298.00
2014/03/03	5.68	5.83	5.61	5.81	1215332	7005946.00
2014/03/04	5.77	5.80	5.69	5.75	1306830	7478787.00
2014/03/05	5.80	6.33	5.73	6.22	7430900	45304552.00
2014/03/06	6.11	6.17	5.89	6.04	4880209	29273792.00
2014/03/07	5.98	6.00	5.85	5.85	2425189	14330760.00
2014/03/10	5.81	5.81	5.51	5.54	2063207	11681756.00
2014/03/11	5.59	5.63	5.50	5.62	860949	4794085.00
2014/03/12	5.61	5.64	5.52	5.61	780519	4361418.00
2014/03/13	5.63	5.78	5.58	5.72	1343629	7649653.00
2014/03/14	5.63	5.76	5.63	5.71	1129337	6453107.00
2014/03/17	5.74	5.92	5.69	5.90	2081059	12063922.00
2014/03/18	5.90	5.97	5.84	5.93	1870434	11051940.00
2014/03/19	6.19	6.37	6.10	6.20	9881860	61577216.00
2014/03/20	6.10	6.39	6.06	6.09	7039424	43813772.00
2014/03/21	6.03	6.27	6.01	6.22	6275298	38717656.00
2014/03/24	6.22	6.32	6.14	6.28	5571562	34901488.00
2014/03/25	6.28	6.52	6.23	6.31	7845851	50121644.00
2014/03/26	6.27	6.41	6.25	6.36	5139435	32713388.00
2014/03/27	6.35	6.56	6.32	6.41	8393727	53995268.00
2014/03/28	6.44	6.54	6.31	6.47	7243185	46653488.00
2014/03/31	6.47	6.47	6.18	6.21	4428201	28015548.00
2014/04/01	6.21	6.31	6.07	6.28	5279512	32838460.00
2014/04/02	6.27	6.61	6.23	6.51	6996707	45588484.00
2014/04/03	6.45	6.74	6.43	6.50	8751010	57861012.00
2014/04/04	6.44	6.60	6.32	6.38	5764314	37276948.00
2014/04/08	6.32	6.45	6.25	6.44	4867014	31020166.00
2014/04/09	6.40	6.70	6.36	6.55	7198592	47150520.00
2014/04/10	6.52	6.60	6.35	6.40	3955462	25493886.00
2014/04/11	6.34	6.54	6.32	6.37	3213236	20600548.00
2014/04/14	6.37	6.42	6.26	6.42	2672889	16978418.00
2014/04/15	6.40	6.67	6.36	6.54	4714689	30834346.00
2014/04/16	6.57	6.65	6.42	6.47	4209947	27475460.00
2014/04/17	6.48	6.53	6.26	6.34	5622577	36002008.00
2014/04/18	6.31	6.36	6.25	6.35	2120211	13386334.00
2014/04/21	6.28	6.36	6.15	6.15	2508330	15705038.00
2014/04/22	6.16	6.18	5.96	6.05	3726972	22479412.00
2014/04/23	6.01	6.11	6.00	6.08	1640817	9950366.00
2014/04/24	6.05	6.15	6.03	6.09	2148021	13086521.00
2014/04/25	6.09	6.09	5.81	5.85	1886400	11234605.00
2014/04/28	5.82	5.92	5.70	5.73	2425712	14018067.00
2014/04/29	5.74	5.82	5.48	5.61	2590376	14470620.00
2014/04/30	5.58	5.70	5.54	5.69	1343971	7567552.00
2014/05/05	5.67	5.69	5.57	5.68	1152026	6495370.00
2014/05/06	5.68	5.73	5.64	5.71	1029112	5851800.00
2014/05/07	5.70	5.78	5.58	5.60	1209770	6895055.00
2014/05/08	5.62	5.92	5.60	5.83	4321773	25235280.00
2014/05/09	5.81	5.88	5.76	5.87	1451821	8464561.00
2014/05/12	5.91	5.95	5.83	5.93	1187455	7009413.00
2014/05/13	5.96	6.00	5.85	5.88	1260845	7450795.00
2014/05/14	5.87	5.96	5.78	5.89	2610575	15390736.00
2014/05/15	5.86	5.99	5.81	5.89	2721899	16102301.00
2014/05/16	5.88	5.90	5.70	5.87	1302566	7589909.00
2014/05/19	5.64	5.71	5.52	5.62	3162636	17767744.00
2014/05/20	5.58	5.75	5.42	5.70	4760987	26692508.00
2014/05/21	5.66	5.70	5.48	5.54	2362068	13138193.00
2014/05/22	5.54	5.62	5.22	5.31	3198878	17317836.00
2014/05/23	5.29	5.29	5.03	5.18	5138143	26435172.00
2014/05/26	5.15	5.32	5.14	5.31	4310483	22607226.00
2014/05/27	5.30	5.34	5.21	5.24	1442500	7608185.00
2014/05/28	5.28	5.38	5.24	5.36	1893844	10059114.00
2014/05/29	5.30	5.40	5.28	5.35	1795253	9586130.00
2014/05/30	5.31	5.39	5.31	5.32	1150307	6157402.00
2014/06/03	5.36	5.49	5.32	5.43	2137501	11557023.00
2014/06/04	5.45	5.47	5.32	5.37	1197010	6433837.00
2014/06/05	5.37	5.37	5.29	5.35	1463511	7782427.00
2014/06/06	5.34	5.40	5.30	5.37	1395956	7464263.00
2014/06/09	5.34	5.45	5.32	5.40	2247678	12112803.00
2014/06/10	5.41	5.42	5.33	5.39	819906	4408684.00
2014/06/11	5.39	5.40	5.33	5.35	892909	4779355.00
2014/06/12	5.35	5.36	5.31	5.32	987136	5265783.00
2014/06/13	5.33	5.43	5.31	5.40	1591525	8561116.00
2014/06/16	5.41	5.41	5.31	5.33	1382718	7408656.00
2014/06/17	5.32	5.33	5.25	5.28	1084749	5732830.00
2014/06/18	5.22	5.36	5.21	5.30	3264767	17316114.00
2014/06/19	5.30	5.36	5.18	5.20	2961650	15758364.00
2014/06/20	5.20	5.30	5.09	5.24	2204732	11401589.00
2014/06/23	5.22	5.28	5.16	5.19	1477863	7704917.00
2014/06/24	5.19	5.27	5.16	5.20	1151692	5980687.00
2014/06/25	5.20	5.22	5.17	5.18	967943	5017940.00
2014/06/26	5.20	5.25	5.18	5.23	2313639	12081834.00
2014/06/27	5.25	5.26	5.20	5.26	2176750	11413104.00
2014/06/30	5.21	5.33	5.21	5.32	2028029	10712042.00
2014/07/01	5.33	5.39	5.30	5.39	2670800	14307275.00
2014/07/02	5.38	5.43	5.33	5.39	1354629	7290943.00
2014/07/03	5.39	5.44	5.36	5.43	1526013	8268405.00
2014/07/04	5.40	5.44	5.38	5.39	1241270	6711423.00
2014/07/07	5.37	5.48	5.33	5.45	1481689	8003594.00
2014/07/08	5.41	5.54	5.40	5.45	1720758	9429994.00
2014/07/09	5.45	5.48	5.27	5.30	2051135	11065559.00
2014/07/10	5.30	5.38	5.30	5.36	1129735	6048527.00
2014/07/11	5.38	5.50	5.33	5.40	2454325	13290260.00
2014/07/14	5.40	5.60	5.40	5.51	2604204	14342264.00
2014/07/15	5.47	5.64	5.42	5.58	3532638	19535444.00
2014/07/16	5.53	5.65	5.53	5.61	1976301	11044893.00
2014/07/17	5.61	5.62	5.52	5.59	1435252	7980499.00
2014/07/18	5.55	5.61	5.53	5.59	689509	3851677.00
2014/07/21	5.59	5.61	5.53	5.59	692714	3858392.00
2014/07/22	5.60	5.66	5.50	5.63	1709663	9569503.00
2014/07/23	5.63	5.65	5.55	5.57	2006939	11214414.00
2014/07/24	5.75	6.13	5.73	5.78	10698812	63242216.00
2014/07/25	5.59	5.77	5.56	5.68	5349342	30286502.00
2014/07/28	5.69	5.83	5.67	5.76	3472465	20001732.00
2014/07/29	5.81	5.85	5.69	5.83	4078846	23603072.00
2014/07/30	5.79	6.08	5.78	5.90	4493524	26645926.00
2014/07/31	5.91	6.01	5.86	5.92	2879727	17087740.00
2014/08/01	5.89	6.05	5.81	5.95	4271858	25341980.00
2014/08/04	5.95	6.07	5.90	6.03	3003973	18063276.00
2014/08/05	6.01	6.05	5.95	6.02	2266550	13569519.00
2014/08/06	6.01	6.03	5.95	5.98	3104397	18582642.00
2014/08/07	5.96	6.05	5.92	5.93	2549783	15227178.00
2014/08/08	5.94	6.06	5.94	6.05	2757186	16560949.00
2014/08/11	6.09	6.14	6.05	6.09	2070685	12602888.00
2014/08/12	6.07	6.47	6.07	6.26	4553109	28636288.00
2014/08/13	6.21	6.55	6.21	6.42	4558582	28960660.00
2014/08/14	6.42	6.46	6.30	6.31	3181797	20214294.00
2014/08/15	6.33	6.55	6.30	6.49	3704658	23857376.00
2014/08/18	6.48	6.74	6.40	6.58	4234710	27896838.00
2014/08/19	6.60	6.65	6.48	6.59	2969113	19438676.00
2014/08/20	6.52	6.71	6.52	6.60	2642439	17519998.00
2014/08/21	6.60	6.76	6.52	6.68	4265753	28506518.00
2014/08/22	6.68	7.35	6.66	7.20	15368702	110408448.00
2014/08/25	7.15	7.15	6.96	7.01	8122727	57078692.00
2014/08/26	7.01	7.55	6.98	7.18	6763356	49082060.00
2014/08/27	7.18	7.40	7.12	7.31	3881751	28273334.00
2014/08/28	7.26	7.37	7.11	7.25	3522038	25500078.00
2014/08/29	7.23	7.48	7.01	7.35	5032325	36508168.00
2014/09/01	7.32	7.48	7.19	7.45	2473809	18201938.00
2014/09/02	7.45	7.52	7.38	7.47	2758808	20534724.00
2014/09/03	7.46	8.16	7.41	7.91	6209992	48524200.00
2014/09/04	7.87	8.20	7.80	8.11	4290323	34561352.00
2014/09/05	8.15	8.40	7.99	8.09	4845786	39436316.00
2014/09/09	8.13	8.15	7.88	8.10	3009609	24098332.00
2014/09/10	8.05	8.35	7.95	8.27	3129371	25559186.00
2014/09/11	8.24	8.31	7.83	7.89	7474405	60218880.00
2014/09/12	7.84	8.00	7.75	7.98	5478116	43122440.00
2014/09/15	8.07	8.07	7.88	8.04	4241127	33835360.00
2014/09/16	8.07	8.07	7.78	7.80	3337059	26513664.00
2014/09/17	7.75	8.05	7.75	7.95	2861239	22639242.00
2014/09/18	7.98	8.05	7.89	8.02	2279511	18207824.00
2014/09/19	8.00	8.24	7.92	8.13	3252055	26501182.00
2014/09/22	8.03	8.19	7.84	8.02	3441902	27479480.00
2014/09/23	8.08	8.44	8.04	8.34	4551957	37901984.00
2014/09/24	8.38	8.54	8.19	8.36	3163368	26396448.00
2014/09/25	8.38	8.40	8.25	8.31	2511999	20867422.00
2014/09/26	8.31	8.34	8.17	8.22	2745048	22589522.00
2014/09/29	8.26	8.64	8.21	8.62	6368558	53701688.00
2014/09/30	8.65	8.78	8.48	8.60	3527831	30351940.00
2014/10/08	8.74	8.74	8.49	8.57	2409785	20594928.00
2014/10/09	8.58	8.74	8.26	8.41	4126555	34930244.00
2014/10/10	8.40	8.45	8.23	8.38	2314347	19255956.00
2014/10/13	8.35	8.35	8.06	8.25	2664884	21762920.00
2014/10/14	8.21	8.42	8.08	8.13	2857636	23578948.00
2014/10/15	8.14	8.39	8.12	8.38	3014262	24821358.00
2014/10/16	8.28	8.37	8.21	8.21	2365900	19563302.00
2014/10/17	8.06	8.20	7.40	7.77	5171217	40586628.00
2014/10/20	7.70	7.98	7.56	7.95	3240239	25015276.00
2014/10/21	7.91	7.98	7.76	7.88	1831183	14410546.00
2014/10/22	7.88	8.29	7.78	8.00	3308250	26742744.00
2014/10/23	7.90	8.15	7.81	7.81	2199459	17426588.00
2014/10/24	7.73	7.98	7.71	7.91	1485702	11704068.00
2014/10/27	7.91	8.05	7.75	7.89	1730999	13721978.00
2014/10/28	7.95	8.15	7.92	8.12	3672266	29678898.00
2014/10/29	8.10	8.30	8.09	8.26	3019712	24691558.00
2014/10/30	8.28	8.48	8.18	8.34	3123985	26074884.00
2014/10/31	8.33	9.17	8.25	9.17	7981500	70038800.00
2014/11/03	9.13	9.60	8.82	9.37	10030436	92736408.00
2014/11/04	9.32	9.33	8.91	9.07	5502727	50182468.00
2014/11/05	9.08	9.30	8.92	9.16	3733098	34275988.00
2014/11/06	9.12	9.28	8.97	9.26	3265333	29855492.00
2014/11/07	9.25	9.98	9.20	9.65	6787076	65572124.00
2014/11/10	9.62	10.35	9.56	10.12	7218382	72753448.00
2014/11/11	10.16	10.65	10.03	10.13	9332677	95965256.00
2014/11/12	10.18	11.12	9.89	11.10	7570481	79455864.00
2014/11/13	11.18	11.22	10.38	10.54	7664937	82401864.00
2014/11/14	10.48	10.85	9.60	10.19	6479513	65991044.00
2014/11/17	10.22	10.27	9.82	9.92	4560025	45640720.00
2014/11/18	9.94	10.48	9.70	10.32	5044976	51722464.00
2015/05/05	10.32	10.32	10.32	10.32	0	0.00
数据来源:通达信
