600577 精达股份 日线 前复权
      日期	    开盘	    最高	    最低	    收盘	    成交量	    成交额
2011/10/10	4.69	4.71	4.60	4.66	518583	4918257.00
2011/10/11	4.74	4.80	4.60	4.66	635731	6084717.00
2011/10/12	4.67	5.04	4.61	4.96	2127088	20849084.00
2011/10/13	4.92	4.99	4.86	4.93	1284609	12903739.00
2011/10/14	4.90	4.94	4.82	4.87	753582	7464006.00
2011/10/17	4.80	4.93	4.80	4.86	583965	5793714.00
2011/10/18	4.83	4.84	4.74	4.74	534831	5213979.00
2011/10/19	4.75	4.78	4.66	4.68	512601	4917200.00
2011/10/20	4.64	4.67	4.57	4.65	870920	8188764.00
2011/10/21	4.58	4.66	4.58	4.65	466119	4382854.00
2011/10/24	4.67	4.74	4.59	4.66	573081	5449046.00
2011/10/25	4.68	4.82	4.67	4.80	1204327	11712895.00
2011/10/26	4.80	4.90	4.79	4.82	1120899	11036970.00
2011/10/27	4.82	4.87	4.79	4.83	851213	8372510.00
2011/10/28	4.87	4.92	4.83	4.89	1351780	13404097.00
2011/10/31	4.90	4.94	4.85	4.87	728697	7250503.00
2011/11/01	4.86	4.89	4.81	4.85	854788	8420819.00
2011/11/02	4.80	4.89	4.76	4.88	1221667	11978259.00
2011/11/03	4.88	4.97	4.86	4.89	1720736	17255812.00
2011/11/04	4.90	4.96	4.87	4.91	1401816	14006966.00
2011/11/07	4.91	5.01	4.87	4.89	1661463	16690176.00
2011/11/08	4.87	4.91	4.83	4.84	685350	6807503.00
2011/11/09	4.85	4.91	4.82	4.91	973584	9651006.00
2011/11/10	4.86	4.91	4.82	4.84	794435	7833376.00
2011/11/11	5.06	5.09	4.89	4.91	1497511	15085117.00
2011/11/14	4.96	5.34	4.49	5.24	6524073	68694264.00
2011/11/15	5.17	5.30	5.11	5.23	4265646	45260624.00
2011/11/16	5.23	5.25	5.10	5.10	2146166	22476324.00
2011/11/17	5.09	5.15	5.03	5.05	1151558	11886706.00
2011/11/18	5.04	5.04	4.90	4.92	1388170	14026491.00
2011/11/21	4.93	4.95	4.88	4.94	719561	7190407.00
2011/11/22	4.93	4.96	4.88	4.95	1121665	11265454.00
2011/11/23	4.95	5.00	4.91	4.91	769954	7774206.00
2011/11/24	4.85	4.93	4.82	4.89	837114	8328670.00
2011/11/25	4.87	4.91	4.81	4.83	845100	8345002.00
2011/11/28	4.83	4.90	4.83	4.85	502030	4971816.00
2011/11/29	4.90	4.94	4.86	4.93	814188	8117735.00
2011/11/30	4.91	4.93	4.66	4.73	1105527	10784548.00
2011/12/01	4.86	4.88	4.74	4.74	1510381	14828964.00
2011/12/02	4.74	4.77	4.52	4.61	994900	9436397.00
2011/12/05	4.61	4.67	4.55	4.65	616473	5771937.00
2011/12/06	4.65	4.68	4.59	4.67	445149	4205702.00
2011/12/07	4.62	4.69	4.62	4.63	220900	2090734.00
2011/12/08	4.66	4.66	4.54	4.59	635183	5948781.00
2011/12/09	4.59	4.66	4.53	4.66	830050	7753275.00
2011/12/12	4.65	4.65	4.54	4.61	858590	8005181.00
2011/12/13	4.59	4.63	4.50	4.61	1150903	10729084.00
2011/12/14	4.54	4.61	4.51	4.51	573443	5318748.00
2011/12/15	4.50	4.55	4.09	4.39	3481761	31370546.00
2011/12/16	4.43	4.45	4.34	4.41	1106673	9904505.00
2011/12/19	4.39	4.39	4.17	4.29	1231629	10660179.00
2011/12/20	4.29	4.29	4.05	4.07	3401394	28673000.00
2011/12/21	4.11	4.11	3.93	3.97	3592919	29131084.00
2011/12/22	3.92	3.92	3.74	3.83	3016804	23662896.00
2011/12/23	3.83	4.10	3.78	4.05	4072298	33005454.00
2011/12/26	4.01	4.19	4.00	4.12	1952015	16446184.00
2011/12/27	4.10	4.20	4.05	4.15	2178146	18493462.00
2011/12/28	4.12	4.41	4.12	4.39	4706018	41365860.00
2011/12/29	4.36	4.49	4.29	4.41	2081587	18655844.00
2011/12/30	4.37	4.54	4.36	4.53	4053991	36950368.00
2012/01/04	4.46	4.51	4.30	4.31	1554601	13939096.00
2012/01/05	4.24	4.34	4.13	4.17	1079856	9372530.00
2012/01/06	4.16	4.25	4.07	4.24	1126163	9555117.00
2012/01/09	4.23	4.45	4.23	4.44	1473356	13168442.00
2012/01/10	4.44	4.54	4.41	4.51	1956348	17909546.00
2012/01/11	4.46	4.52	4.44	4.48	913126	8328652.00
2012/01/12	4.48	4.65	4.46	4.56	1405511	13121254.00
2012/01/13	4.51	4.56	4.40	4.46	885349	8050049.00
2012/01/16	4.32	4.49	4.32	4.42	382798	3472889.00
2012/01/17	4.42	4.65	4.42	4.61	1269330	11813781.00
2012/01/18	4.61	4.67	4.51	4.52	610995	5719973.00
2012/01/19	4.53	4.61	4.49	4.51	677680	6291356.00
2012/01/20	4.48	4.59	4.48	4.56	996491	9222453.00
2012/01/30	4.59	4.63	4.50	4.50	425041	3955740.00
2012/01/31	4.49	4.54	4.46	4.50	287687	2637618.00
2012/02/01	4.49	4.54	4.47	4.50	331700	3044587.00
2012/02/02	4.54	4.71	4.48	4.61	767284	7162757.00
2012/02/03	4.59	4.79	4.56	4.76	1946981	18780108.00
2012/02/06	4.80	4.91	4.76	4.90	3016673	29824036.00
2012/02/07	4.89	5.03	4.82	4.91	4656250	46899204.00
2012/02/08	4.87	5.01	4.87	4.99	1795317	18126224.00
2012/02/09	4.99	5.06	4.95	5.00	1751007	17774368.00
2012/02/10	5.02	5.04	4.92	4.93	1610598	16346785.00
2012/02/13	4.91	5.06	4.88	5.04	1416624	14422701.00
2012/02/14	5.01	5.04	4.95	4.99	1206470	12256598.00
2012/02/15	4.98	5.23	4.98	5.14	3642311	38161716.00
2012/02/16	5.16	5.22	5.07	5.11	1575811	16517134.00
2012/02/17	5.11	5.21	5.05	5.21	2567094	26767456.00
2012/02/20	5.24	5.40	5.21	5.26	2796585	30085580.00
2012/02/21	5.21	5.40	5.21	5.35	2198436	23894784.00
2012/02/22	5.36	5.44	5.32	5.38	2858206	31318312.00
2012/02/23	5.41	5.46	5.33	5.37	2734119	29985416.00
2012/02/24	5.37	5.46	5.33	5.38	3928938	43190312.00
2012/02/27	5.38	5.44	5.25	5.34	5421555	58825168.00
2012/02/29	5.36	5.46	5.10	5.15	9300292	100633016.00
2012/03/01	5.14	5.23	5.07	5.18	3852174	40405516.00
2012/03/02	5.17	5.34	5.17	5.31	4067919	43622500.00
2012/03/05	5.33	5.55	5.29	5.51	6514676	71877248.00
2012/03/06	5.49	5.55	5.44	5.51	5006995	56093156.00
2012/03/07	5.46	5.52	5.32	5.37	4374313	48174664.00
2012/03/08	5.36	5.45	5.34	5.41	3080793	33871096.00
2012/03/09	5.41	5.56	5.41	5.52	3414384	38135364.00
2012/03/12	5.56	5.70	5.53	5.67	4729791	53991176.00
2012/03/13	5.67	5.69	5.59	5.66	3223929	36869832.00
2012/03/14	5.68	6.08	5.41	5.64	13321756	157478752.00
2012/03/15	5.61	5.98	5.60	5.83	13849624	164276304.00
2012/03/16	5.80	6.09	5.72	6.08	11382880	136344640.00
2012/03/19	6.09	6.12	5.92	6.04	6828830	83266648.00
2012/03/21	5.87	5.96	5.63	5.88	9291061	109916648.00
2012/03/22	5.85	6.05	5.79	5.97	5660000	68254512.00
2012/03/23	5.91	5.96	5.71	5.77	4709336	55534456.00
2012/03/26	5.77	5.81	5.60	5.68	3029718	34729976.00
2012/03/27	5.72	5.74	5.58	5.64	3062277	35251988.00
2012/03/28	5.59	5.61	5.07	5.12	6176123	66417624.00
2012/03/29	5.10	5.24	5.07	5.22	2745895	28890742.00
2012/03/30	5.25	5.25	5.02	5.16	3800753	39481368.00
2012/04/05	5.25	5.44	5.13	5.42	4954195	53363680.00
2012/04/06	5.37	5.44	5.34	5.36	2880054	31559644.00
2012/04/09	5.35	5.41	5.28	5.30	2980818	32337928.00
2012/04/10	5.29	5.36	5.11	5.35	3616619	38523888.00
2012/04/11	5.35	5.73	5.24	5.45	6426790	35979320.00
2012/04/12	5.34	5.49	5.28	5.48	8175560	44575844.00
2012/04/13	5.47	5.51	5.34	5.40	6057252	33007708.00
2012/04/16	5.30	5.61	5.28	5.57	8292367	45669016.00
2012/04/17	5.52	5.62	5.42	5.43	4860795	26866026.00
2012/04/18	5.43	5.60	5.37	5.56	5323006	29582760.00
2012/04/19	5.51	5.62	5.43	5.49	5166887	28730426.00
2012/04/20	5.46	5.61	5.44	5.54	4074945	22716816.00
2012/04/23	5.56	5.61	5.46	5.49	4262286	23704188.00
2012/04/24	5.48	5.51	5.21	5.33	5553926	29863972.00
2012/04/25	5.34	5.34	5.20	5.30	5140098	27244964.00
2012/04/26	5.30	5.42	5.23	5.36	4363973	23430048.00
2012/04/27	5.32	5.37	5.26	5.27	2310141	12322061.00
2012/05/02	5.39	5.76	5.32	5.74	15085740	85533728.00
2012/05/03	5.73	5.75	5.62	5.68	7260275	41497272.00
2012/05/04	5.69	5.74	5.62	5.69	5410252	30968732.00
2012/05/07	5.79	5.80	5.64	5.72	5806118	33445824.00
2012/05/08	5.75	5.76	5.61	5.66	3950091	22522084.00
2012/05/09	5.62	5.63	5.52	5.52	3895408	21817582.00
2012/05/10	5.52	5.75	5.52	5.65	4098351	23431874.00
2012/05/11	5.65	6.03	5.65	5.96	15097738	89261712.00
2012/05/14	6.02	6.22	5.86	6.05	14213101	87010016.00
2012/05/15	5.90	6.21	5.90	6.17	10362966	63599752.00
2012/05/16	6.17	6.59	6.17	6.27	16963146	108849744.00
2012/05/17	6.27	6.90	6.17	6.90	30594686	203941904.00
2012/05/18	6.90	7.04	6.59	6.72	23534822	160342736.00
2012/05/21	6.76	6.87	6.29	6.58	18035712	118516536.00
2012/05/22	6.55	6.88	6.53	6.58	16835924	113016456.00
2012/05/23	6.47	6.80	6.39	6.73	16111354	106533224.00
2012/05/24	6.66	6.73	6.44	6.59	9327600	61770072.00
2012/05/25	6.58	6.83	6.46	6.70	11689890	78357968.00
2012/05/28	6.56	6.64	6.28	6.49	15924676	103011016.00
2012/05/29	6.49	6.66	6.37	6.60	10433977	68715648.00
2012/05/30	6.56	6.78	6.52	6.61	8424760	56311204.00
2012/05/31	6.53	6.81	6.47	6.73	11375287	77002592.00
2012/06/01	6.76	6.80	6.51	6.54	8300103	55500820.00
2012/06/04	6.43	6.61	6.31	6.38	13708067	88921840.00
2012/06/05	6.38	6.71	6.38	6.70	11462400	76017248.00
2012/06/06	6.71	6.96	6.71	6.95	19705291	136289792.00
2012/06/07	6.95	7.00	6.63	6.73	18255735	125178976.00
2012/06/08	6.72	6.79	6.25	6.65	13797467	90576368.00
2012/06/11	6.50	6.67	6.46	6.56	7662192	50807924.00
2012/06/12	6.56	6.60	6.45	6.49	5954063	39031620.00
2012/06/13	6.49	6.61	6.46	6.56	5059117	33328764.00
2012/06/14	6.56	6.67	6.50	6.55	6211725	41261104.00
2012/06/15	6.60	6.66	6.51	6.58	3930856	26008144.00
2012/06/18	6.52	7.24	6.52	7.06	22416093	157516736.00
2012/06/19	6.96	7.12	6.90	7.04	11331100	79671064.00
2012/06/20	6.97	7.13	6.88	6.92	9261113	64930352.00
2012/06/25	6.71	6.86	6.56	6.61	9242881	62013592.00
2012/06/26	6.62	6.71	6.10	6.41	12184477	78241800.00
2012/06/27	6.39	6.42	6.15	6.24	9260398	58356848.00
2012/06/28	6.24	6.39	5.61	5.61	16130448	95442544.00
2012/06/29	5.48	5.67	5.21	5.60	11757760	64236308.00
2012/07/02	5.57	5.73	5.55	5.66	6740518	38358824.00
2012/07/03	5.64	5.71	5.20	5.34	11726814	64082672.00
2012/07/04	5.34	5.49	5.24	5.39	6533479	35506408.00
2012/07/05	5.39	5.40	5.25	5.27	3007554	16098630.00
2012/07/06	5.27	5.40	5.24	5.38	4976162	26730852.00
2012/07/09	5.38	5.59	5.35	5.57	8394151	46641264.00
2012/07/10	5.57	5.86	5.55	5.76	9213278	53499528.00
2012/07/11	5.72	5.91	5.58	5.80	6815869	39916996.00
2012/07/12	5.80	5.82	5.65	5.79	5737379	33122552.00
2012/07/13	5.76	5.83	5.55	5.57	5289133	30045866.00
2012/07/16	5.58	5.64	5.15	5.16	5746501	30873712.00
2012/07/17	5.14	5.28	5.14	5.22	4291906	22481702.00
2012/07/18	5.23	5.28	5.05	5.17	4389391	22804640.00
2012/07/19	5.21	5.24	5.11	5.15	6798952	35381480.00
2012/07/20	5.13	5.14	4.95	4.99	6075806	30851150.00
2012/07/23	4.87	5.05	4.66	5.03	6666613	32490148.00
2012/07/24	5.04	5.17	4.93	5.03	6247750	31882152.00
2012/07/25	4.98	5.20	4.98	5.10	4063854	20961768.00
2012/07/26	5.15	5.29	5.08	5.17	4586343	24015160.00
2012/07/27	5.17	5.24	5.09	5.12	1899831	9843680.00
2012/07/30	5.16	5.16	4.99	5.00	1714503	8772166.00
2012/07/31	5.01	5.06	4.77	4.95	3609953	17737304.00
2012/08/01	4.91	5.06	4.91	5.03	1964015	9880115.00
2012/08/02	5.03	5.14	4.92	5.01	3181199	16149162.00
2012/08/03	5.01	5.09	5.00	5.07	2307401	11733309.00
2012/08/06	5.02	5.19	4.99	5.18	5164046	26448796.00
2012/08/07	5.21	5.28	5.11	5.25	4851700	25448468.00
2012/08/08	5.25	5.31	5.19	5.25	2950666	15609930.00
2012/08/09	5.25	5.36	5.12	5.36	6635056	35151440.00
2012/08/10	5.36	5.36	5.24	5.26	3293379	17540586.00
2012/08/13	5.25	5.25	5.08	5.10	2436919	12679091.00
2012/08/14	5.04	5.20	5.03	5.14	3586196	18412500.00
2012/08/15	5.07	5.17	4.96	5.00	4824018	24433908.00
2012/08/16	4.98	5.08	4.96	5.07	1756255	8867975.00
2012/08/17	5.05	5.09	5.00	5.07	2002500	10213474.00
2012/08/20	5.02	5.09	4.97	5.06	1901147	9608744.00
2012/08/21	5.04	5.57	4.99	5.49	14107304	77024456.00
2012/08/22	5.36	5.49	5.34	5.37	5724170	31114644.00
2012/08/23	5.37	5.42	5.28	5.38	3394968	18326116.00
2012/08/24	5.38	5.56	5.33	5.47	7839668	43339180.00
2012/08/27	5.44	5.64	5.31	5.38	5336755	29305416.00
2012/08/28	5.31	5.48	5.27	5.44	3242817	17609636.00
2012/08/29	5.36	5.55	5.36	5.43	4621100	25546796.00
2012/08/30	5.44	5.61	5.37	5.55	7316851	40626496.00
2012/08/31	5.54	5.84	5.51	5.75	8857755	51068388.00
2012/09/03	5.73	5.90	5.68	5.78	5759039	33399470.00
2012/09/04	5.76	5.89	5.66	5.70	4860411	28169760.00
2012/09/05	5.76	5.76	5.58	5.70	4014282	22964462.00
2012/09/06	5.70	5.78	5.65	5.74	3098471	17815158.00
2012/09/07	5.78	6.00	5.76	5.91	6943303	41184692.00
2012/09/10	5.90	5.95	5.79	5.91	4522422	26662886.00
2012/09/11	5.86	5.88	5.73	5.77	4152268	24168572.00
2012/09/12	5.85	5.86	5.62	5.71	4364738	25068556.00
2012/09/13	5.75	5.75	5.66	5.68	3608689	20714412.00
2012/09/14	5.73	5.77	5.55	5.60	5226265	29537468.00
2012/09/17	5.64	5.65	5.48	5.48	2647918	14725898.00
2012/09/18	5.43	5.54	5.38	5.53	2377075	13069768.00
2012/09/19	5.55	5.56	5.45	5.51	2205504	12249344.00
2012/09/20	5.46	5.51	5.05	5.14	3736480	19775836.00
2012/09/21	5.19	5.23	5.14	5.17	1796191	9393441.00
2012/09/24	5.17	5.24	5.06	5.17	1867963	9691197.00
2012/09/25	5.21	5.21	5.10	5.15	1039030	5378791.00
2012/09/26	5.17	5.17	4.81	4.85	3933709	19487152.00
2012/09/27	4.88	5.20	4.82	5.03	4303827	21889654.00
2012/09/28	5.03	5.15	4.98	5.06	4364196	22376588.00
2012/10/08	5.16	5.17	5.00	5.04	2155658	11002344.00
2012/10/09	5.04	5.16	5.04	5.15	4715222	24185228.00
2012/10/10	5.15	5.22	5.12	5.20	3076144	16020035.00
2012/10/11	5.17	5.19	5.08	5.09	2764014	14301989.00
2012/10/12	5.06	5.19	5.00	5.12	2923819	15032583.00
2012/10/15	5.08	5.16	5.00	5.08	2949698	15066318.00
2012/10/16	5.08	5.10	5.01	5.03	2310200	11759288.00
2012/10/17	5.05	5.07	4.98	5.03	1168589	5919552.00
2012/10/18	5.04	5.22	5.04	5.17	4574274	23771388.00
2012/10/19	5.17	5.21	5.10	5.14	2322859	12051293.00
2012/10/22	5.13	5.17	5.05	5.16	2670944	13783535.00
2012/10/26	4.94	5.36	4.64	5.22	13548594	66357572.00
2012/10/29	4.93	5.09	4.86	4.97	5266823	26406516.00
2012/10/30	4.93	5.08	4.88	4.98	3704705	18424138.00
2012/10/31	4.94	5.02	4.88	4.91	2425574	12015787.00
2012/11/01	4.92	4.99	4.90	4.94	3036514	15179493.00
2012/11/02	4.94	4.97	4.89	4.92	2394677	11889900.00
2012/11/05	4.94	5.08	4.80	5.06	7793510	38827524.00
2012/11/06	5.02	5.18	4.97	5.13	8673083	44523028.00
2012/11/07	5.11	5.13	5.04	5.05	4194398	21409184.00
2012/11/08	4.98	5.06	4.82	5.05	3889903	19389160.00
2012/11/09	4.96	5.02	4.91	4.98	1606922	8030571.00
2012/11/12	4.94	4.99	4.86	4.87	2777868	13774688.00
2012/11/13	4.86	4.91	4.72	4.87	5173844	24975460.00
2012/11/14	4.85	5.16	4.82	4.98	5143502	25535656.00
2012/11/15	4.95	4.95	4.85	4.88	2176602	10720950.00
2012/11/16	4.86	5.05	4.78	4.81	2726589	13285551.00
2012/11/19	4.79	4.82	4.72	4.77	2894772	13927190.00
2012/11/20	4.77	4.79	4.67	4.68	2176933	10398595.00
2012/11/21	4.68	4.72	4.46	4.56	8805724	40127044.00
2012/11/22	4.49	4.49	4.26	4.30	9557275	41995660.00
2012/11/23	4.28	4.38	4.26	4.27	7165266	31139128.00
2012/11/26	4.28	4.29	4.10	4.12	5653766	23906216.00
2012/11/27	4.11	4.16	3.95	3.98	6507192	26377308.00
2012/12/18	4.38	4.38	4.38	4.38	6930155	30631284.00
2012/12/19	4.56	4.82	4.46	4.81	76368914	358725056.00
2012/12/20	4.62	4.69	4.54	4.62	30879830	143702784.00
2012/12/21	4.71	4.80	4.46	4.47	35901443	167408720.00
2012/12/24	4.49	4.53	4.38	4.40	21345440	95261016.00
2012/12/25	4.39	4.51	4.36	4.47	24537063	110754808.00
2012/12/26	4.47	4.54	4.43	4.50	20588395	92929864.00
2012/12/27	4.54	4.55	4.45	4.49	22718271	103017600.00
2012/12/28	4.49	4.61	4.48	4.55	22882580	105095416.00
2012/12/31	4.61	4.64	4.52	4.64	21519900	99630808.00
2013/01/04	4.68	4.71	4.51	4.56	16076714	74490056.00
2013/01/07	4.56	4.59	4.50	4.58	13221321	60511960.00
2013/01/08	4.59	4.64	4.51	4.61	17460839	80666168.00
2013/01/09	4.58	4.78	4.57	4.72	26955304	127447920.00
2013/01/10	4.70	4.78	4.65	4.76	21977590	104528400.00
2013/01/11	4.76	4.78	4.57	4.61	16711887	78695352.00
2013/01/14	4.58	4.73	4.57	4.72	22209547	104591808.00
2013/01/15	4.81	5.09	4.81	4.89	42275837	210545856.00
2013/01/16	4.85	4.95	4.79	4.90	20557994	101098320.00
2013/01/17	4.92	4.94	4.80	4.82	12538183	61217392.00
2013/01/18	4.82	4.86	4.74	4.86	15035306	72964960.00
2013/01/21	4.85	4.85	4.79	4.85	12087183	58840416.00
2013/01/22	4.85	4.85	4.69	4.73	14170584	68131392.00
2013/01/23	4.69	5.04	4.67	4.95	26554522	130160832.00
2013/01/24	4.89	4.99	4.74	4.89	26645150	131035296.00
2013/01/25	4.85	4.94	4.81	4.92	20128110	99117376.00
2013/01/28	4.92	4.98	4.89	4.97	23209986	115535296.00
2013/01/29	4.97	4.97	4.90	4.93	14603123	72631536.00
2013/01/30	4.93	4.93	4.84	4.88	12952230	63710032.00
2013/01/31	4.88	4.90	4.82	4.85	9054757	44298844.00
2013/02/01	4.85	4.90	4.80	4.86	8862761	43445536.00
2013/02/04	4.86	5.01	4.85	4.90	13528246	67079332.00
2013/02/05	4.86	5.00	4.78	4.99	21138926	104232896.00
2013/02/06	5.01	5.20	4.96	5.12	38337261	196500960.00
2013/02/07	5.12	5.15	5.02	5.08	17188007	87746608.00
2013/02/08	5.07	5.14	5.05	5.11	10886435	55944088.00
2013/02/18	5.12	5.14	5.01	5.04	13049771	66404496.00
2013/02/19	5.03	5.06	4.92	4.93	12203582	61196172.00
2013/02/20	4.93	5.14	4.90	5.08	14635225	74103160.00
2013/02/21	5.04	5.05	4.93	4.95	9800615	49162360.00
2013/02/22	4.94	5.01	4.92	4.98	7776349	38941160.00
2013/02/25	4.97	5.07	4.84	5.01	15420911	77114536.00
2013/02/26	4.93	5.52	4.88	5.04	44707956	231018672.00
2013/02/27	5.04	5.07	4.90	4.94	19610166	98247104.00
2013/02/28	4.98	5.05	4.89	4.99	15389996	77012536.00
2013/03/01	4.96	5.07	4.91	4.96	26223631	131603280.00
2013/03/04	4.93	4.93	4.68	4.70	16509627	80171544.00
2013/03/05	4.71	4.78	4.65	4.77	11160707	53230708.00
2013/03/06	4.78	4.82	4.73	4.81	10718041	51809648.00
2013/03/07	4.81	4.87	4.77	4.82	9791915	47518912.00
2013/03/08	4.81	4.82	4.68	4.70	10214105	48877088.00
2013/03/11	4.67	4.74	4.66	4.69	7054209	33457192.00
2013/03/12	4.68	4.74	4.46	4.58	11925848	55224372.00
2013/03/13	4.55	4.56	4.43	4.50	6647049	30149994.00
2013/03/14	4.49	4.54	4.45	4.47	6633378	29986636.00
2013/03/15	4.48	4.53	4.38	4.45	6476777	29174624.00
2013/03/18	4.44	4.45	4.37	4.39	5676931	25186608.00
2013/03/19	4.41	4.48	4.33	4.47	7083625	31443668.00
2013/03/20	4.49	4.54	4.45	4.52	7578254	34401864.00
2013/03/21	4.52	4.58	4.49	4.56	8415397	38541288.00
2013/03/22	4.54	4.64	4.51	4.62	8552659	39549272.00
2013/03/25	4.61	4.71	4.57	4.70	10781805	50455100.00
2013/03/26	4.67	4.69	4.59	4.61	7696749	35980408.00
2013/03/27	4.61	4.64	4.56	4.58	4737314	21949326.00
2013/03/28	4.56	4.56	4.34	4.35	8502762	37860760.00
2013/03/29	4.37	4.76	4.29	4.49	16328347	73639048.00
2013/04/01	4.46	4.62	4.42	4.54	9855283	45062864.00
2013/04/02	4.52	4.67	4.46	4.58	12764412	59234540.00
2013/04/03	4.61	4.64	4.51	4.58	8482216	39192384.00
2013/04/08	4.54	4.54	4.34	4.49	4262787	19211562.00
2013/04/09	4.49	4.57	4.48	4.53	3761408	17212080.00
2013/04/10	4.53	4.57	4.46	4.49	3218635	14661085.00
2013/04/11	4.54	4.63	4.50	4.55	5197404	23915854.00
2013/04/12	4.56	4.60	4.50	4.51	3955094	18142306.00
2013/04/15	4.47	4.51	4.36	4.39	4292943	19119088.00
2013/04/16	4.36	4.41	4.30	4.39	4708587	20664620.00
2013/04/17	4.38	4.41	4.35	4.39	2815324	12462539.00
2013/04/18	4.36	4.42	4.33	4.36	3178584	14011538.00
2013/04/19	4.37	4.49	4.36	4.49	8383741	37483216.00
2013/04/25	4.59	4.84	4.52	4.61	22135008	103605736.00
2013/04/26	4.53	4.59	4.49	4.51	5755497	26280306.00
2013/05/02	4.51	4.57	4.41	4.48	5505742	24914824.00
2013/05/03	4.48	4.70	4.48	4.57	14580303	67468720.00
2013/05/06	4.55	4.67	4.54	4.62	10516849	48924492.00
2013/05/07	4.71	4.80	4.61	4.63	12774636	60523552.00
2013/05/08	4.58	4.63	4.55	4.59	10128159	46795212.00
2013/05/09	4.57	4.59	4.50	4.54	5922323	27110744.00
2013/05/10	4.48	4.61	4.48	4.61	5473082	25123176.00
2013/05/13	4.59	4.63	4.54	4.59	8670739	40095640.00
2013/05/14	4.57	4.59	4.50	4.55	6095325	27870124.00
2013/05/15	4.54	4.63	4.52	4.61	11517127	53306648.00
2013/05/16	4.58	4.71	4.56	4.69	21408687	100799136.00
2013/05/17	4.71	4.72	4.65	4.70	7972942	37604608.00
2013/05/20	4.70	4.75	4.68	4.72	10010894	47335112.00
2013/05/21	4.72	4.76	4.64	4.69	11004923	51868248.00
2013/05/22	4.68	4.69	4.61	4.65	10528705	49236100.00
2013/05/23	4.64	4.67	4.60	4.62	7059109	32827756.00
2013/05/24	4.60	4.65	4.58	4.64	6483638	30054616.00
2013/05/27	4.64	4.65	4.59	4.61	6441790	29881952.00
2013/05/28	4.62	4.63	4.56	4.62	8732886	40323288.00
2013/05/29	4.62	4.76	4.61	4.73	19887918	93789584.00
2013/05/30	4.70	4.76	4.68	4.70	10162214	48049456.00
2013/05/31	4.74	4.75	4.64	4.65	8767691	41310848.00
2013/06/03	4.63	4.67	4.61	4.64	7614250	35477604.00
2013/06/04	4.64	4.65	4.47	4.49	8304136	37851760.00
2013/06/05	4.46	4.49	4.40	4.46	5261577	23530324.00
2013/06/06	4.45	4.51	4.41	4.48	8105741	36345400.00
2013/06/07	4.50	4.50	4.36	4.43	7073632	31477764.00
2013/06/13	4.37	4.39	4.19	4.24	4622468	19778184.00
2013/06/14	4.24	4.35	4.24	4.33	5641166	24408664.00
2013/06/17	4.33	4.41	4.26	4.36	6414877	28023660.00
2013/06/18	4.34	4.42	4.32	4.40	6461288	28495610.00
2013/06/19	4.38	4.41	4.27	4.40	7790109	34196004.00
2013/06/20	4.37	4.39	4.30	4.31	7833400	34288204.00
2013/06/21	4.30	4.33	4.19	4.31	7847190	33862976.00
2013/06/24	4.32	4.32	3.98	4.00	7334838	30373256.00
2013/06/25	4.01	4.05	3.60	3.81	9826667	37276320.00
2013/06/26	3.81	3.88	3.74	3.85	4193890	16110290.00
2013/06/27	3.86	3.89	3.68	3.70	5000792	19113436.00
2013/06/28	3.68	3.74	3.58	3.63	5652342	20715288.00
2013/07/01	3.63	3.67	3.60	3.66	3818433	13975419.00
2013/07/02	3.69	3.70	3.62	3.70	4078409	15030722.00
2013/07/03	3.68	3.75	3.64	3.74	4437757	16484205.00
2013/07/04	3.74	3.84	3.69	3.79	6708349	25405842.00
2013/07/05	3.81	3.83	3.74	3.74	5218622	19880964.00
2013/07/08	3.71	3.71	3.56	3.57	4819817	17537856.00
2013/07/09	3.48	3.58	3.48	3.54	2688000	9565112.00
2013/07/10	3.52	3.66	3.52	3.65	2968224	10768163.00
2013/07/11	3.65	3.79	3.64	3.74	5485879	20566580.00
2013/07/12	3.75	3.80	3.67	3.68	4786001	17953058.00
2013/07/15	3.67	3.76	3.67	3.75	2944712	11028485.00
2013/07/16	3.74	3.86	3.70	3.83	6590114	25178640.00
2013/07/17	3.82	3.93	3.76	3.92	9478139	36750764.00
2013/07/18	3.91	4.03	3.87	3.88	7787038	30704896.00
2013/07/19	3.89	3.94	3.77	3.77	4490001	17374404.00
2013/07/22	3.74	3.82	3.71	3.81	3793683	14400003.00
2013/07/23	3.81	3.88	3.77	3.84	4164733	16051317.00
2013/07/24	3.83	3.90	3.81	3.86	5184291	20086964.00
2013/07/25	3.86	3.94	3.80	3.82	9163920	35673896.00
2013/07/26	3.79	3.83	3.75	3.79	3291671	12524219.00
2013/07/29	3.78	3.79	3.66	3.73	4911849	18422984.00
2013/07/30	3.73	3.75	3.68	3.72	2530874	9445459.00
2013/07/31	3.71	3.76	3.69	3.75	3604199	13533012.00
2013/08/01	3.75	3.82	3.73	3.81	3346767	12726986.00
2013/08/02	3.82	3.84	3.79	3.82	3084238	11830288.00
2013/08/05	3.82	3.85	3.79	3.84	2860304	11017423.00
2013/08/06	3.85	3.96	3.81	3.93	6357006	24822626.00
2013/08/07	3.96	3.96	3.84	3.85	5249589	20482382.00
2013/08/08	3.83	3.87	3.81	3.83	2622870	10130760.00
2013/08/09	3.84	3.86	3.78	3.83	3378564	12994891.00
2013/08/12	3.83	4.02	3.83	3.99	15796427	63015872.00
2013/08/13	4.00	4.04	3.97	3.99	4882443	19592164.00
2013/08/14	4.00	4.00	3.94	3.95	3729094	14865779.00
2013/08/15	3.95	3.99	3.93	3.95	2751462	10971796.00
2013/08/16	3.91	4.08	3.91	4.08	9765888	39420280.00
2013/08/19	4.13	4.16	4.06	4.12	11826460	48778476.00
2013/08/20	4.11	4.11	4.01	4.08	7000499	28585496.00
2013/08/21	4.11	4.14	4.04	4.12	4889372	20157272.00
2013/08/22	4.07	4.19	4.07	4.15	5629740	23432548.00
2013/08/23	4.15	4.16	4.05	4.11	4623013	19009816.00
2013/08/26	4.08	4.14	4.07	4.12	4332775	17861016.00
2013/08/27	4.13	4.13	4.07	4.12	3755590	15472804.00
2013/08/28	4.08	4.09	4.02	4.05	6279576	25549472.00
2013/08/29	4.04	4.08	4.02	4.05	3435448	13960450.00
2013/08/30	4.05	4.07	4.01	4.02	4330575	17584232.00
2013/09/02	4.02	4.06	3.98	4.06	4342537	17523562.00
2013/09/03	4.06	4.10	4.03	4.08	6404935	26189308.00
2013/09/04	4.08	4.12	4.06	4.10	4538468	18694640.00
2013/09/05	4.11	4.13	4.04	4.08	5502343	22542782.00
2013/09/06	4.06	4.09	4.04	4.08	4628364	18935204.00
2013/09/09	4.08	4.22	4.08	4.16	11719097	48864896.00
2013/09/10	4.16	4.20	4.12	4.16	7862669	32772048.00
2013/09/11	4.18	4.23	4.15	4.19	9478119	39932972.00
2013/09/12	4.22	4.33	4.17	4.27	13878487	59337800.00
2013/09/13	4.24	4.27	4.21	4.24	7039343	29947486.00
2013/09/16	4.24	4.31	4.14	4.20	8361127	35302968.00
2013/09/17	4.18	4.19	4.04	4.06	5836169	24112324.00
2013/09/18	4.06	4.13	4.03	4.11	4177580	17039536.00
2013/09/23	4.10	4.14	4.08	4.13	4798333	19785548.00
2013/09/24	4.11	4.14	4.04	4.08	4201970	17223888.00
2013/09/25	4.07	4.10	4.03	4.08	5753621	23509028.00
2013/09/26	4.06	4.09	4.02	4.08	6139234	24973718.00
2013/09/27	4.06	4.08	4.02	4.05	3318506	13458639.00
2013/09/30	4.03	4.08	4.02	4.07	1872242	7627868.00
2013/10/22	4.38	4.38	4.17	4.20	21651058	92608032.00
2013/10/23	4.18	4.22	4.02	4.04	10293775	42556252.00
2013/10/24	4.02	4.07	3.93	3.97	8767786	35181132.00
2013/10/25	3.96	4.07	3.96	4.06	6828369	27599696.00
2013/10/28	4.07	4.10	4.03	4.07	2866066	11704943.00
2013/10/29	4.09	4.11	3.98	4.09	8744593	35554880.00
2013/10/30	4.08	4.25	4.07	4.24	10662941	44869068.00
2013/10/31	4.22	4.27	4.17	4.25	6589584	27911964.00
2013/11/01	4.24	4.24	4.12	4.16	3799213	15908501.00
2013/11/04	4.13	4.18	4.11	4.13	3264994	13560280.00
2013/11/05	4.11	4.16	4.03	4.15	11896796	48794776.00
2013/11/06	4.13	4.15	4.04	4.04	4510019	18482548.00
2013/11/07	4.05	4.14	4.00	4.10	8937702	36669976.00
2013/11/08	4.13	4.26	4.09	4.16	16982677	71164360.00
2013/11/11	4.20	4.20	4.02	4.09	5294833	21828456.00
2013/11/12	4.09	4.13	4.05	4.10	4393995	17992752.00
2013/11/13	4.09	4.09	4.00	4.02	3887700	15771369.00
2013/11/14	4.01	4.06	3.99	4.03	3364231	13601880.00
2013/11/15	4.03	4.14	4.01	4.11	9173286	37558060.00
2013/11/18	4.11	4.19	4.09	4.17	26956483	112296240.00
2013/11/19	4.15	4.17	4.08	4.14	6347116	26332084.00
2013/11/20	4.15	4.23	4.12	4.22	11538488	48571256.00
2013/11/21	4.20	4.20	4.14	4.19	6444635	27014120.00
2013/11/22	4.19	4.20	4.09	4.11	7361488	30554988.00
2013/11/25	4.13	4.15	4.08	4.11	7397570	30642810.00
2013/11/26	4.13	4.17	4.08	4.14	6400951	26529758.00
2013/11/27	4.14	4.17	4.12	4.16	5178551	21583900.00
2013/11/28	4.16	4.21	4.14	4.17	12329104	51783956.00
2013/11/29	4.17	4.19	4.12	4.14	6352994	26467700.00
2013/12/02	4.12	4.12	3.83	3.88	11313025	45160216.00
2013/12/03	3.88	3.99	3.85	3.96	5273443	20831900.00
2013/12/04	3.97	4.03	3.97	4.01	5641375	22722304.00
2013/12/05	4.00	4.02	3.97	3.98	3482923	13964353.00
2013/12/06	3.99	4.02	3.97	4.00	2972533	11913751.00
2013/12/09	4.00	4.06	3.99	4.02	4183850	16922504.00
2013/12/10	4.03	4.06	4.00	4.02	4183588	16914500.00
2013/12/11	4.02	4.02	3.94	3.96	4344572	17295844.00
2013/12/12	3.94	4.00	3.94	3.96	3116961	12411261.00
2013/12/13	3.96	3.98	3.93	3.96	2186781	8691673.00
2013/12/16	3.96	3.96	3.88	3.90	3551826	13975017.00
2013/12/17	3.89	3.94	3.88	3.89	2744656	10785593.00
2013/12/18	3.89	3.92	3.86	3.88	4036458	15768984.00
2013/12/19	3.89	3.91	3.84	3.85	2333613	9084678.00
2013/12/20	3.85	3.98	3.78	3.92	15866243	62123768.00
2013/12/23	3.90	3.92	3.84	3.86	3119413	12151608.00
2013/12/24	3.88	3.90	3.82	3.85	3238134	12554564.00
2013/12/25	3.85	3.88	3.83	3.87	2479934	9599441.00
2013/12/26	3.87	3.87	3.79	3.79	2824981	10854492.00
2013/12/27	3.83	3.84	3.77	3.83	4253159	16266803.00
2013/12/30	3.82	3.84	3.78	3.80	2753727	10543992.00
2013/12/31	3.80	3.84	3.78	3.83	2351607	9020719.00
2014/01/02	3.83	3.90	3.81	3.90	3993384	15541109.00
2014/01/03	3.88	3.89	3.82	3.84	2499589	9647401.00
2014/01/06	3.83	4.12	3.83	4.06	24519122	98210928.00
2014/01/07	4.02	4.08	3.98	4.00	6997515	28292984.00
2014/01/08	4.01	4.01	3.91	3.92	5095193	20208540.00
2014/01/09	3.93	3.95	3.84	3.85	4257749	16694257.00
2014/01/10	3.88	3.91	3.79	3.80	3718662	14396830.00
2014/01/13	3.78	3.86	3.73	3.74	4194481	15906820.00
2014/01/14	3.76	3.83	3.72	3.80	2789080	10589658.00
2014/01/15	3.79	3.89	3.79	3.87	3992288	15403124.00
2014/01/16	3.84	3.91	3.82	3.85	2312980	8983029.00
2014/01/17	3.88	3.88	3.79	3.81	3040450	11664785.00
2014/01/20	3.78	3.89	3.78	3.85	2145194	8285512.00
2014/01/21	3.86	3.90	3.82	3.88	2367677	9216801.00
2014/01/22	3.89	3.98	3.87	3.94	5247144	20717726.00
2014/01/23	3.94	4.04	3.90	3.95	7795132	31290716.00
2014/01/24	3.94	4.04	3.91	4.00	4982274	19969424.00
2014/01/27	4.00	4.02	3.96	3.99	2672330	10698806.00
2014/01/28	3.99	3.99	3.93	3.98	3485690	13899092.00
2014/01/29	3.98	4.10	3.95	4.02	5072887	20512472.00
2014/01/30	4.02	4.05	3.98	4.00	2556081	10298052.00
2014/02/07	3.99	4.07	3.95	4.03	2842700	11468890.00
2014/02/10	4.04	4.13	4.03	4.09	6250035	25687944.00
2014/02/11	4.11	4.14	4.06	4.13	7268627	30015212.00
2014/02/12	4.14	4.16	4.08	4.14	5760041	23849172.00
2014/02/13	4.14	4.18	4.11	4.14	7686590	32004102.00
2014/02/14	4.14	4.22	4.10	4.22	8963932	37579592.00
2014/02/17	4.24	4.51	4.22	4.43	27818356	122875056.00
2014/02/18	4.41	4.44	4.28	4.32	22429160	97819328.00
2014/02/19	4.34	4.40	4.31	4.37	11251881	49273644.00
2014/02/20	4.36	4.38	4.21	4.25	12515372	53750528.00
2014/02/21	4.22	4.28	4.16	4.22	5972105	25256236.00
2014/02/24	4.21	4.26	4.16	4.26	4694759	19897888.00
2014/02/25	4.26	4.32	3.98	4.12	9471016	40440080.00
2014/02/26	4.14	4.18	4.08	4.17	3343839	13886992.00
2014/02/27	4.23	4.35	4.16	4.18	6855317	29393452.00
2014/02/28	4.18	4.26	4.10	4.22	4376017	18378468.00
2014/03/03	4.22	4.31	4.21	4.30	4607420	19754496.00
2014/03/04	4.31	4.34	4.26	4.29	6007584	25957320.00
2014/03/05	4.30	4.39	4.23	4.33	7247058	31349636.00
2014/03/06	4.31	4.36	4.28	4.34	5486070	23853352.00
2014/03/07	4.34	4.42	4.29	4.39	9577426	42043316.00
2014/03/10	4.41	4.49	4.30	4.31	14068005	62410208.00
2014/03/11	4.37	4.41	4.16	4.24	10273091	43828896.00
2014/03/12	4.26	4.29	4.11	4.20	6963449	29435168.00
2014/03/13	4.21	4.29	4.18	4.29	5882916	25148936.00
2014/03/14	4.28	4.32	4.24	4.29	4693074	20200084.00
2014/03/17	4.31	4.32	4.23	4.32	3742750	16093350.00
2014/03/18	4.32	4.46	4.29	4.41	13763861	61128396.00
2014/03/19	4.41	4.47	4.34	4.44	7614269	33762012.00
2014/03/20	4.41	4.41	4.27	4.27	7072939	30866734.00
2014/03/21	4.27	4.42	4.23	4.40	6440204	28120328.00
2014/03/24	4.42	4.48	4.37	4.46	10566728	47159552.00
2014/03/25	4.46	4.49	4.42	4.46	5113200	22857764.00
2014/03/26	4.48	4.51	4.38	4.43	5172200	22984090.00
2014/03/27	4.41	4.41	4.32	4.35	4561279	19986548.00
2014/03/28	4.35	4.42	4.27	4.33	5930291	25880088.00
2014/03/31	4.33	4.36	4.26	4.28	2888949	12464046.00
2014/04/01	4.29	4.36	4.27	4.34	3083456	13393653.00
2014/04/02	4.34	4.41	4.34	4.39	4446658	19595194.00
2014/04/03	4.40	4.42	4.36	4.39	2873766	12661825.00
2014/04/04	4.44	4.71	4.41	4.58	21433205	98466808.00
2014/04/08	4.55	4.64	4.45	4.61	12058742	55241464.00
2014/04/09	4.59	4.73	4.57	4.66	12275183	57484128.00
2014/04/10	4.65	4.74	4.60	4.61	9764938	45633516.00
2014/04/11	4.59	4.67	4.52	4.66	8977474	41444156.00
2014/04/14	4.65	4.77	4.64	4.67	8580032	40540108.00
2014/04/15	4.67	4.73	4.60	4.71	12093386	56589140.00
2014/04/16	4.71	5.05	4.65	4.98	22269261	108378968.00
2014/04/17	4.99	5.01	4.88	4.93	12659105	62720272.00
2014/04/18	4.91	4.95	4.85	4.88	7094392	34724800.00
2014/04/21	4.88	4.96	4.76	4.78	11145171	53903532.00
2014/04/22	4.78	4.83	4.62	4.74	9526095	44910064.00
2014/04/23	4.74	4.78	4.68	4.76	5389071	25497136.00
2014/04/24	4.73	4.76	4.65	4.71	5776938	27267484.00
2014/04/25	4.72	4.80	4.68	4.73	9569327	45289964.00
2014/04/28	4.71	4.77	4.56	4.66	9430286	44019672.00
2014/04/29	4.61	4.78	4.58	4.77	5275098	24875848.00
2014/04/30	4.77	4.88	4.75	4.79	4571462	22017004.00
2014/05/05	4.80	4.86	4.73	4.85	4604364	22176816.00
2014/05/06	4.85	4.90	4.81	4.89	4623778	22433384.00
2014/05/07	4.89	4.90	4.84	4.88	5940498	28962988.00
2014/05/08	4.85	4.94	4.85	4.85	8529753	41841696.00
2014/05/09	4.84	4.85	4.65	4.67	7377459	34923496.00
2014/05/12	4.70	4.90	4.70	4.89	7697733	37229924.00
2014/05/13	4.89	5.00	4.84	4.91	7708003	38040280.00
2014/05/14	4.90	4.99	4.83	4.84	7317888	36098104.00
2014/05/15	4.84	4.87	4.77	4.84	5299037	25619294.00
2014/05/16	4.84	4.94	4.82	4.93	7457037	36605552.00
2014/05/19	4.94	4.95	4.70	4.85	11067119	53382196.00
2014/05/20	4.81	4.92	4.80	4.92	6693344	32633068.00
2014/05/21	4.91	4.94	4.83	4.91	4875028	23891820.00
2014/05/22	4.91	4.94	4.85	4.87	4733965	23209968.00
2014/05/23	4.85	4.91	4.81	4.87	3685028	17914472.00
2014/05/26	4.89	5.00	4.85	4.87	7792354	38375232.00
2014/05/27	4.87	4.87	4.75	4.75	11121457	53413292.00
2014/05/28	4.75	4.86	4.50	4.63	23184794	108550880.00
2014/05/29	4.58	4.71	4.55	4.70	10688993	49876656.00
2014/05/30	4.71	4.72	4.62	4.65	3632256	16904052.00
2014/06/03	4.66	4.67	4.61	4.65	2014371	9351743.00
2014/06/04	4.65	4.74	4.57	4.59	3554036	16505392.00
2014/06/05	4.58	4.62	4.53	4.61	2445109	11184575.00
2014/06/06	4.62	4.66	4.56	4.59	1981122	9121219.00
2014/06/09	4.60	4.60	4.49	4.49	2464400	11167162.00
2014/06/10	4.49	4.53	4.37	4.51	14715272	65250996.00
2014/06/11	4.48	4.57	4.44	4.56	6604161	29696600.00
2014/06/12	4.58	4.76	4.50	4.76	10438463	48871588.00
2014/06/13	4.71	4.78	4.71	4.73	3503809	16605605.00
2014/06/16	4.73	4.78	4.68	4.75	2827762	13430926.00
2014/06/17	4.75	4.75	4.65	4.65	2494000	11682871.00
2014/06/18	4.63	4.66	4.59	4.61	2412360	11139044.00
2014/06/19	4.61	4.67	4.50	4.53	3495442	16005473.00
2014/06/20	4.51	4.65	4.50	4.56	3725074	16984602.00
2014/06/23	4.59	4.61	4.55	4.59	3472328	15933548.00
2014/06/24	4.61	4.64	4.56	4.63	2310000	10611985.00
2014/06/25	4.65	4.65	4.57	4.59	1268468	5815414.00
2014/06/26	4.60	4.67	4.59	4.67	2706067	12553616.00
2014/06/27	4.70	4.77	4.63	4.70	2386062	11222061.00
2014/06/30	4.72	4.76	4.68	4.71	2106747	9933311.00
2014/07/01	4.71	4.90	4.67	4.86	7894491	37869000.00
2014/07/02	4.86	4.95	4.80	4.89	6888444	33693344.00
2014/07/03	4.92	4.93	4.83	4.85	4957773	24134940.00
2014/07/04	4.82	4.92	4.80	4.85	4838100	23516228.00
2014/07/07	4.84	4.91	4.84	4.90	2767479	13494901.00
2014/07/08	4.92	4.92	4.84	4.89	3026760	14780608.00
2014/07/09	4.92	4.92	4.78	4.79	4808614	23314888.00
2014/07/10	4.79	4.92	4.75	4.88	4456967	21525992.00
2014/07/11	4.87	4.95	4.85	4.95	4990816	24515272.00
2014/07/14	4.94	5.34	4.92	5.23	17837811	92569632.00
2014/07/15	5.23	5.26	5.15	5.23	5972265	31066802.00
2014/07/16	5.24	5.25	5.10	5.15	4557443	23548984.00
2014/07/17	5.18	5.20	5.10	5.12	4687973	24066180.00
2014/07/18	5.15	5.21	5.08	5.19	4210745	21706900.00
2014/07/21	5.19	5.19	4.96	5.03	7243544	36547956.00
2014/07/22	5.03	5.06	4.96	5.04	5173808	25956632.00
2014/07/23	5.01	5.09	5.00	5.03	3589826	18094236.00
2014/07/24	5.03	5.06	4.84	4.97	10442690	51624596.00
2014/07/25	4.97	5.01	4.92	4.97	3435164	17062670.00
2014/07/28	4.98	5.08	4.96	5.06	5438228	27343612.00
2014/07/29	5.08	5.21	5.03	5.08	11554283	59056920.00
2014/07/30	5.03	5.19	5.03	5.15	6730485	34622048.00
2014/07/31	5.15	5.18	5.11	5.17	3896735	20069258.00
2014/08/01	5.17	5.21	5.10	5.11	6720269	34692344.00
2014/08/04	5.08	5.32	5.07	5.29	11166470	58746936.00
2014/08/05	5.28	5.31	5.22	5.29	4546988	23919944.00
2014/08/06	5.29	5.47	5.25	5.40	8882483	47906424.00
2014/08/07	5.39	5.52	5.33	5.34	8387493	45617312.00
2014/08/08	5.35	5.40	5.29	5.34	4194163	22367306.00
2014/08/11	5.36	5.57	5.30	5.49	8865268	47933624.00
2014/08/12	5.47	5.74	5.45	5.68	10507453	59292648.00
2014/08/13	5.69	5.71	5.56	5.67	5564400	31377432.00
2014/08/14	5.69	5.79	5.58	5.58	8234439	46938656.00
2014/08/15	5.63	5.76	5.63	5.72	5661325	32334612.00
2014/08/18	5.75	5.79	5.67	5.75	5272884	30166224.00
2014/08/19	5.79	5.79	5.60	5.64	6650250	37646020.00
2014/08/20	5.65	5.67	5.50	5.55	9056251	50422476.00
2014/08/21	5.54	5.59	5.47	5.56	6263549	34663380.00
2014/08/22	5.55	5.59	5.44	5.52	7080814	38903884.00
2014/08/25	5.51	5.65	5.50	5.54	8329911	46358652.00
2014/08/26	5.56	5.60	5.34	5.38	7347111	40004172.00
2014/08/27	5.40	5.44	5.36	5.42	4967537	26830908.00
2014/08/28	5.42	5.44	5.35	5.41	2814446	15166162.00
2014/08/29	5.42	5.45	5.07	5.44	10078531	53304236.00
2014/09/01	5.45	5.56	5.39	5.52	7930807	43434984.00
2014/09/02	5.53	5.65	5.46	5.60	8139339	45380936.00
2014/09/03	5.66	5.71	5.58	5.69	17046114	96290552.00
2014/09/04	5.69	5.78	5.56	5.68	14698729	83156024.00
2014/09/05	5.69	5.69	5.59	5.68	12288219	69176376.00
2014/09/09	5.70	5.80	5.70	5.74	12222169	70302648.00
2014/09/10	5.71	5.79	5.69	5.77	7957078	45697332.00
2014/09/11	5.77	5.89	5.71	5.74	11184493	64796060.00
2014/09/12	5.74	5.82	5.71	5.78	6471386	37243308.00
2014/09/15	5.80	5.87	5.70	5.81	11689161	67771536.00
2014/09/16	5.83	5.84	5.61	5.63	11461408	65479548.00
2014/09/17	5.62	5.71	5.50	5.69	7717193	43439948.00
2014/09/18	5.68	5.72	5.62	5.66	6989104	39617016.00
2014/09/19	5.67	5.68	5.59	5.62	9370654	52623340.00
2014/09/22	5.58	5.62	5.45	5.45	7827990	43118260.00
2014/09/23	5.46	5.74	5.45	5.73	11432426	64473972.00
2014/09/24	5.76	5.79	5.69	5.78	8745333	50319952.00
2014/09/25	5.78	5.83	5.68	5.80	11742031	67578048.00
2014/09/26	5.79	6.02	5.79	6.01	17786416	105828256.00
2014/09/29	6.01	6.61	6.01	6.61	50060465	327795136.00
2014/09/30	6.54	6.62	6.45	6.56	22580296	148030384.00
2014/10/08	6.50	6.85	6.50	6.70	22839089	153464256.00
2014/10/09	6.73	6.75	6.49	6.59	18899636	124453640.00
2014/10/10	6.56	6.56	6.43	6.50	10701819	69406312.00
2014/10/13	6.50	6.75	6.43	6.73	19488975	129058056.00
2014/10/14	6.74	6.85	6.60	6.71	14933515	100800104.00
2014/10/15	6.70	6.84	6.62	6.79	12426811	83865272.00
2014/10/16	6.79	7.44	6.70	7.00	25804064	184082704.00
2014/10/17	7.00	7.10	6.69	6.81	18386843	126719000.00
2014/10/20	6.85	7.08	6.76	6.88	9628577	66440284.00
2014/10/21	6.88	7.36	6.85	7.19	21575581	154680672.00
2014/10/22	7.19	7.57	7.10	7.26	18308947	134531232.00
2014/10/23	7.25	7.25	6.92	6.96	18592275	130602112.00
2014/10/24	6.93	7.03	6.74	6.77	11442275	78478728.00
2014/10/27	6.77	6.96	6.62	6.78	11437732	77706136.00
2014/10/28	6.80	7.19	6.76	7.15	18688135	130917768.00
2014/10/29	7.16	7.29	7.11	7.19	17762210	127771528.00
2014/10/30	7.19	7.30	7.15	7.22	10144205	73131824.00
2014/10/31	7.25	7.43	7.11	7.21	14612201	106276904.00
2014/11/03	7.20	7.36	7.03	7.36	13928255	100172888.00
2014/11/04	7.38	7.44	7.25	7.36	9224653	67749288.00
2014/11/05	7.30	7.43	7.10	7.19	9374237	67655440.00
2014/11/06	7.12	7.22	7.04	7.13	6479831	46155000.00
2014/11/07	7.13	7.22	7.05	7.07	7845136	55952056.00
2014/11/10	7.09	7.20	7.06	7.11	5847877	41543736.00
2014/11/11	7.18	7.19	6.67	6.69	13018917	89559104.00
2014/11/12	6.68	6.97	6.63	6.86	6826888	46518320.00
2014/11/13	6.90	6.91	6.64	6.72	5751670	38636152.00
2014/11/14	6.66	6.80	6.58	6.75	4925031	33004916.00
2014/11/17	6.75	7.02	6.72	6.92	6385032	44051864.00
2014/11/18	6.91	7.00	6.89	6.93	5221592	36229272.00
2014/11/19	6.89	7.10	6.81	7.09	7140788	50134732.00
2014/11/20	7.13	7.29	7.07	7.07	7233792	51860852.00
2014/11/21	7.08	7.17	6.98	7.09	5743289	40683968.00
2014/11/24	7.10	7.25	7.07	7.11	6796767	48384444.00
2014/11/25	7.16	7.50	7.13	7.41	14595571	106664536.00
2014/11/26	7.40	7.75	7.38	7.69	16950135	129179528.00
2014/11/27	7.70	7.80	7.55	7.62	10502236	80341328.00
2014/11/28	7.60	7.60	7.43	7.55	9873820	74227304.00
2014/12/01	7.54	7.54	7.25	7.34	9038757	66621056.00
2014/12/02	7.34	7.56	7.32	7.38	7999597	59366252.00
2014/12/03	7.38	7.38	7.16	7.30	11878901	85773936.00
2014/12/04	7.31	7.33	7.19	7.24	13628762	99001896.00
2014/12/05	7.24	7.56	7.09	7.40	21843476	160857136.00
2014/12/08	7.41	7.41	7.10	7.20	15897052	114790232.00
2014/12/09	7.15	7.17	6.77	6.81	15282972	107260440.00
2014/12/10	6.90	7.25	6.80	7.22	11485626	80672704.00
2014/12/11	7.23	7.55	7.20	7.21	22059483	161888656.00
2014/12/12	7.23	7.40	7.19	7.31	10582678	76974440.00
2014/12/15	7.32	7.54	7.27	7.50	14934093	110932112.00
2014/12/16	7.50	7.50	7.25	7.33	11928307	87851824.00
2014/12/17	7.30	7.30	7.06	7.18	11241798	80323104.00
2014/12/18	7.18	7.27	7.00	7.06	19556661	138862208.00
2014/12/19	7.10	7.11	6.89	6.97	9256596	64415216.00
2014/12/22	6.92	7.10	6.75	6.79	11948458	82274360.00
2014/12/23	6.90	6.93	6.60	6.65	7501665	50593664.00
2014/12/24	6.73	6.78	6.59	6.78	8492731	56695076.00
2014/12/25	6.80	7.02	6.59	7.00	18016603	122842168.00
2014/12/26	6.90	7.18	6.90	7.17	12784141	90780328.00
2014/12/29	7.17	7.42	6.95	7.23	19348812	139362896.00
2014/12/30	7.20	7.32	7.09	7.10	7860800	56674768.00
2014/12/31	7.13	7.17	6.89	7.09	8363029	58479764.00
2015/01/05	7.05	7.14	6.88	7.07	8071923	56603120.00
2015/01/06	7.06	7.10	6.91	7.06	7454123	52208596.00
2015/01/07	7.03	7.21	6.96	7.18	8422663	60057400.00
2015/01/08	7.19	7.25	7.10	7.19	7987880	57239728.00
2015/01/09	7.19	7.20	7.00	7.01	5482843	38981276.00
2015/01/12	7.08	7.09	6.86	6.96	5595779	38897996.00
2015/01/13	6.97	7.13	6.90	7.03	4099616	28716020.00
2015/01/14	7.05	7.23	6.96	7.14	8072498	57407760.00
2015/01/15	7.15	7.39	7.13	7.20	8257519	59975800.00
2015/01/16	7.24	7.27	7.05	7.17	5534914	39508568.00
2015/01/19	7.00	7.12	6.65	6.86	16388004	113593432.00
2015/01/20	6.91	7.07	6.82	7.02	11058240	76427576.00
2015/01/21	7.00	7.09	6.97	7.03	14215928	99710136.00
2015/01/22	7.03	7.25	6.91	7.24	14612373	103895728.00
2015/01/23	7.26	7.33	7.18	7.19	14069443	102079232.00
2015/01/26	7.19	7.81	7.18	7.80	35055071	261118112.00
2015/01/27	7.80	8.30	7.71	8.01	36249721	290306080.00
2015/01/28	7.93	8.25	7.81	8.16	18580082	150482544.00
2015/01/29	8.10	8.14	7.88	7.99	11420165	91356752.00
2015/01/30	8.00	8.34	7.85	8.28	18334110	148422880.00
2015/02/02	8.19	8.49	7.98	8.33	16623645	136807840.00
2015/02/03	8.58	9.05	8.37	8.53	35985797	310335104.00
2015/02/04	8.41	8.61	8.32	8.50	14483582	122282192.00
2015/02/05	8.57	8.60	8.31	8.32	13701306	115665520.00
2015/02/06	8.30	8.36	8.01	8.09	9471548	77185360.00
2015/02/09	8.00	8.33	7.95	8.22	7771538	63177512.00
2015/02/10	8.22	8.32	8.14	8.19	4196808	34509096.00
2015/02/11	8.19	8.32	8.08	8.30	8715020	71553072.00
2015/02/12	8.30	8.38	8.16	8.38	5816942	48200600.00
2015/02/13	8.38	8.68	8.36	8.48	12306744	104673392.00
2015/02/16	8.51	8.57	8.42	8.53	11692355	99362808.00
2015/02/17	8.49	8.75	8.49	8.71	10963516	94681008.00
2015/02/25	8.72	8.95	8.61	8.72	10853143	95057256.00
2015/02/26	8.72	8.94	8.66	8.75	12050570	105971080.00
2015/02/27	8.76	9.15	8.70	9.09	16536000	147495920.00
2015/03/02	9.20	9.25	8.94	9.15	12777866	116597664.00
2015/03/03	9.16	9.49	9.03	9.16	16689868	154475136.00
2015/03/04	9.17	9.26	9.07	9.19	9389467	86158256.00
2015/03/05	9.17	9.23	9.03	9.21	12751792	116450384.00
2015/03/06	9.20	9.23	8.98	8.99	12506050	113192088.00
2015/03/09	8.98	9.07	8.75	9.04	7829809	70019592.00
2015/03/10	9.00	9.15	8.90	9.13	12047672	108466192.00
2015/03/11	9.10	9.19	8.98	9.07	11145797	101191008.00
2015/03/12	9.04	9.25	8.95	9.18	14790468	134368720.00
2015/03/13	9.17	9.45	8.98	9.27	26143043	241005264.00
2015/03/16	9.30	9.53	9.22	9.49	25110530	235974496.00
2015/03/17	9.52	9.55	9.31	9.43	22431058	211255360.00
2015/03/18	9.42	9.65	9.40	9.61	23867743	226845712.00
2015/03/19	9.62	10.15	9.56	9.86	29778604	294395776.00
2015/03/20	9.83	10.85	9.83	10.84	38412238	397308960.00
2015/03/23	10.90	11.84	10.84	11.36	48298949	547308736.00
2015/03/24	11.53	12.15	11.32	11.93	80231516	940963520.00
2015/03/25	11.93	12.18	11.60	12.03	54216497	645248448.00
2015/03/26	11.91	12.07	11.51	11.60	45215236	530881568.00
2015/03/27	11.62	12.00	11.61	11.80	30634934	362750944.00
2015/03/30	11.90	11.98	11.66	11.83	35179380	414387232.00
2015/03/31	11.85	12.17	11.71	11.84	38246756	455833856.00
2015/04/01	11.84	12.97	11.81	12.59	47456361	584071424.00
2015/04/02	12.65	13.07	12.60	13.05	44015786	564114048.00
2015/04/03	13.05	14.29	12.85	14.26	46639143	639843904.00
2015/04/07	14.38	14.80	13.99	14.51	60350784	866597312.00
2015/04/08	14.51	15.23	14.21	14.64	67792832	995093120.00
2015/04/09	14.50	14.56	13.39	13.88	49684509	692870208.00
2015/04/10	13.85	14.99	13.67	14.66	49049555	712282112.00
2015/04/13	14.89	15.50	14.60	15.29	50649902	763347520.00
2015/04/14	15.28	15.28	14.75	14.94	37137761	555212544.00
2015/04/15	15.20	15.44	13.95	14.12	41817821	609269760.00
2015/04/16	13.80	14.35	13.20	14.04	31119785	431761216.00
2015/04/17	14.23	14.27	13.50	13.80	43984370	607940416.00
2015/04/20	13.70	13.70	12.85	12.94	42913807	572424320.00
2015/04/21	12.81	13.90	12.81	13.69	28867452	388380192.00
2015/04/22	13.80	14.07	13.70	14.02	35337184	491082208.00
2015/04/23	14.06	14.06	13.69	13.79	27383081	378638624.00
2015/04/24	13.49	13.68	13.25	13.54	26048635	349846144.00
2015/04/27	13.58	13.97	13.50	13.57	28952714	397579200.00
2015/04/28	13.51	13.63	12.86	12.99	28594424	376238720.00
2015/04/29	12.80	13.60	12.76	13.59	28627802	378887200.00
2015/04/30	13.55	13.85	13.21	13.62	31555292	428705312.00
2015/05/05	13.96	13.96	13.96	13.96	0	0.00
数据来源:通达信
