600122 宏图高科 日线 前复权
      日期	    开盘	    最高	    最低	    收盘	    成交量	    成交额
2011/10/10	4.98	5.03	4.92	4.95	3645674	18331676.00
2011/10/11	5.08	5.10	4.93	4.98	4146735	21005164.00
2011/10/12	4.98	5.18	4.92	5.16	10164065	52298944.00
2011/10/13	5.13	5.31	5.11	5.21	10082830	53151740.00
2011/10/14	5.20	5.22	5.12	5.17	5784300	30149832.00
2011/10/17	5.21	5.23	5.12	5.18	3992074	20850470.00
2011/10/18	5.13	5.15	4.98	4.99	5862700	29988656.00
2011/10/19	5.01	5.04	4.96	4.98	4251627	21437634.00
2011/10/20	4.95	4.97	4.75	4.83	7215667	35363124.00
2011/10/21	4.81	4.89	4.77	4.81	2986128	14531712.00
2011/10/24	4.85	4.91	4.79	4.91	6986967	34299320.00
2011/10/25	4.89	5.09	4.86	5.06	9289914	46936540.00
2011/10/26	5.02	5.16	4.97	5.09	10623153	54610440.00
2011/10/27	5.06	5.14	5.06	5.08	7268383	37448128.00
2011/10/28	5.17	5.19	5.10	5.18	10557154	54909484.00
2011/10/31	5.19	5.21	5.10	5.13	8957890	46509444.00
2011/11/01	5.10	5.29	5.07	5.20	11429798	59897180.00
2011/11/02	5.12	5.63	5.08	5.46	26147697	141163712.00
2011/11/03	5.55	5.61	5.40	5.50	28851103	160853232.00
2011/11/04	5.50	5.59	5.45	5.54	15619459	87174960.00
2011/11/07	5.55	5.83	5.51	5.76	27829517	160328352.00
2011/11/08	5.75	5.78	5.64	5.68	17727988	101884544.00
2011/11/09	5.68	5.83	5.57	5.74	14830601	85312128.00
2011/11/10	5.67	5.86	5.61	5.74	23121419	134531808.00
2011/11/11	5.73	5.79	5.66	5.71	11004456	63508580.00
2011/11/14	5.76	5.83	5.70	5.80	14676525	85340432.00
2011/11/15	5.80	5.97	5.76	5.94	19669517	116734896.00
2011/11/16	5.97	6.01	5.66	5.75	18760552	110396144.00
2011/11/17	5.71	5.89	5.63	5.85	17340618	100691240.00
2011/11/18	5.77	5.80	5.51	5.58	14117364	80140240.00
2011/11/21	5.56	5.62	5.46	5.57	6737234	37497936.00
2011/11/22	5.49	5.52	5.34	5.44	7772628	42549628.00
2011/11/23	5.45	5.56	5.41	5.46	7735643	42919000.00
2011/11/24	5.42	5.51	5.29	5.50	9574120	52119152.00
2011/11/25	5.45	5.71	5.42	5.56	18339513	103224784.00
2011/11/28	5.54	5.64	5.44	5.54	10292068	57474260.00
2011/11/29	5.57	5.59	5.44	5.50	10486498	58195432.00
2011/11/30	5.47	5.49	4.95	4.95	32849457	169499536.00
2011/12/01	5.08	5.18	5.01	5.08	24514026	126228960.00
2011/12/02	5.04	5.06	4.90	4.99	11198852	56280812.00
2011/12/05	4.97	4.97	4.80	4.81	6262901	30810956.00
2011/12/06	4.81	4.86	4.72	4.80	8272416	39953424.00
2011/12/07	4.83	4.84	4.66	4.73	9846940	47104416.00
2011/12/08	4.72	4.76	4.51	4.62	10638102	49994892.00
2011/12/09	4.55	4.67	4.54	4.58	8454198	39154544.00
2011/12/12	4.59	4.61	4.49	4.54	5881921	27027388.00
2011/12/13	4.51	4.53	4.29	4.30	9311597	41078144.00
2011/12/14	4.29	4.34	4.18	4.21	7247300	31137464.00
2011/12/15	4.17	4.18	4.01	4.05	11716737	48338788.00
2011/12/16	4.06	4.20	3.93	4.18	19521910	79334824.00
2011/12/19	4.10	4.15	4.01	4.14	12141368	49860272.00
2011/12/20	4.14	4.29	4.10	4.13	9834227	41766640.00
2011/12/21	4.18	4.20	3.98	4.01	7201708	29900048.00
2011/12/22	4.00	4.08	3.87	4.01	10545302	42149696.00
2011/12/23	3.98	4.10	3.98	4.05	5644053	23092236.00
2011/12/26	4.08	4.12	4.03	4.05	5288178	21829182.00
2011/12/27	4.03	4.06	3.95	3.97	5280451	21395474.00
2011/12/28	3.95	4.19	3.92	4.16	13913674	57405944.00
2011/12/29	4.14	4.20	4.12	4.14	8285137	34837968.00
2011/12/30	4.15	4.20	4.08	4.13	10190156	42673136.00
2012/01/04	4.14	4.19	4.00	4.01	8540890	35239776.00
2012/01/05	3.96	4.02	3.88	3.89	6462606	25817068.00
2012/01/06	3.90	3.98	3.80	3.94	5300519	20811704.00
2012/01/09	3.95	4.12	3.90	4.10	9763309	40113480.00
2012/01/10	4.12	4.27	4.07	4.24	17368751	73950512.00
2012/01/11	4.25	4.31	4.15	4.21	13625158	58273108.00
2012/01/12	4.21	4.27	4.12	4.15	14250748	60284288.00
2012/01/13	4.15	4.19	3.97	4.00	12277314	50518456.00
2012/01/16	3.97	4.07	3.93	3.97	4939975	19960296.00
2012/01/17	3.96	4.20	3.95	4.19	11251609	46699440.00
2012/01/18	4.20	4.27	4.10	4.11	10975330	46360064.00
2012/01/19	4.11	4.26	4.07	4.22	13864368	58699756.00
2012/01/30	4.25	4.26	4.16	4.17	6533730	27866466.00
2012/01/31	4.17	4.19	4.11	4.19	5428423	22796464.00
2012/02/01	4.15	4.22	4.13	4.15	5215209	22030284.00
2012/02/02	4.15	4.21	4.13	4.21	6627827	28054192.00
2012/02/03	4.20	4.31	4.19	4.27	14537943	62641840.00
2012/02/06	4.25	4.40	4.24	4.37	16190936	70738520.00
2012/02/07	4.33	4.40	4.20	4.20	15028775	65162396.00
2012/02/08	4.22	4.36	4.19	4.35	13901827	60437176.00
2012/02/09	4.32	4.42	4.32	4.38	18124031	80174224.00
2012/02/10	4.34	4.42	4.33	4.36	14374688	63534336.00
2012/02/13	4.32	4.44	4.30	4.41	14374468	63810368.00
2012/02/14	4.42	4.42	4.35	4.37	8850558	39192204.00
2012/02/15	4.37	4.55	4.35	4.51	20907738	94518624.00
2012/02/16	4.52	4.66	4.45	4.52	31817161	146730800.00
2012/02/17	4.51	4.56	4.43	4.48	11297289	51124280.00
2012/02/20	4.53	4.56	4.46	4.46	14180970	64729728.00
2012/02/21	4.46	4.48	4.35	4.48	14885233	66539704.00
2012/02/22	4.48	4.57	4.45	4.57	20519238	93832592.00
2012/02/23	4.56	4.59	4.49	4.55	17697215	81272368.00
2012/02/24	4.55	4.65	4.51	4.63	20266551	93838872.00
2012/02/27	4.64	4.76	4.61	4.64	29637417	140475808.00
2012/02/28	4.63	4.64	4.52	4.58	16473145	76276544.00
2012/02/29	4.55	4.57	4.48	4.49	10975090	50140824.00
2012/03/01	4.48	4.71	4.46	4.66	28446960	133032528.00
2012/03/02	4.66	4.69	4.60	4.69	25211782	118557016.00
2012/03/05	4.70	4.79	4.66	4.69	25052735	119519616.00
2012/03/06	4.68	4.68	4.57	4.59	14499605	67582952.00
2012/03/07	4.54	4.77	4.52	4.69	27230815	128863424.00
2012/03/08	4.70	4.80	4.67	4.76	23908790	114746944.00
2012/03/09	4.81	4.85	4.75	4.80	19636163	95105296.00
2012/03/12	4.80	5.00	4.75	4.92	31890601	157533184.00
2012/03/13	4.90	4.95	4.84	4.90	21505082	106203496.00
2012/03/14	4.94	4.96	4.54	4.65	29078578	141058176.00
2012/03/15	4.64	4.68	4.44	4.50	22013649	100895720.00
2012/03/16	4.51	4.70	4.48	4.69	18904501	87383768.00
2012/03/19	4.66	4.72	4.58	4.70	12254949	57801544.00
2012/03/20	4.68	4.68	4.55	4.57	12913710	59934328.00
2012/03/21	4.58	4.62	4.45	4.56	14281151	65392472.00
2012/03/22	4.55	4.59	4.50	4.54	7226704	33185244.00
2012/03/23	4.52	4.70	4.49	4.67	26067620	121499872.00
2012/03/26	4.67	4.75	4.59	4.69	23299473	109981224.00
2012/03/27	4.71	4.75	4.57	4.59	20484564	96757152.00
2012/03/28	4.56	4.56	4.40	4.40	14107826	63739680.00
2012/03/29	4.36	4.39	4.25	4.28	11012715	48341736.00
2012/03/30	4.19	4.30	4.19	4.24	8376942	35924416.00
2012/04/05	4.25	4.39	4.23	4.35	8410706	36764288.00
2012/04/06	4.35	4.40	4.31	4.39	7771859	34224700.00
2012/04/09	4.37	4.38	4.31	4.31	4351680	19113416.00
2012/04/10	4.30	4.38	4.20	4.37	8247599	35753184.00
2012/04/11	4.31	4.41	4.28	4.37	8016638	35341608.00
2012/04/12	4.37	4.44	4.31	4.42	15818811	70341296.00
2012/04/13	4.46	4.52	4.43	4.49	15933471	72220184.00
2012/04/16	4.45	4.57	4.43	4.55	12322472	56290664.00
2012/04/17	4.54	4.57	4.41	4.42	10878702	49379684.00
2012/04/18	4.42	4.73	4.42	4.60	20082879	92170032.00
2012/04/19	4.59	4.63	4.52	4.56	14023629	64885008.00
2012/04/23	4.62	4.71	4.55	4.57	26843135	125573936.00
2012/04/24	4.54	4.64	4.37	4.60	19651609	90061816.00
2012/04/25	4.60	4.88	4.58	4.77	38638464	185548304.00
2012/04/26	4.80	4.89	4.69	4.81	27782778	134671600.00
2012/04/27	4.80	4.83	4.71	4.75	14907165	71886616.00
2012/05/02	4.81	4.87	4.76	4.81	16410140	79702840.00
2012/05/03	4.81	4.82	4.72	4.75	10958752	52731160.00
2012/05/04	4.73	4.81	4.72	4.79	10944368	52757068.00
2012/05/07	4.77	4.79	4.69	4.79	13207335	63308188.00
2012/05/08	4.76	4.90	4.73	4.88	20723131	101305712.00
2012/05/09	4.85	4.85	4.76	4.77	14108566	68437144.00
2012/05/10	4.78	4.81	4.67	4.75	12892612	61822000.00
2012/05/11	4.75	4.77	4.65	4.67	8327076	39541352.00
2012/05/14	4.71	4.71	4.61	4.61	10221590	48069384.00
2012/05/15	4.59	4.61	4.43	4.54	12800162	58239736.00
2012/05/16	4.54	4.59	4.46	4.48	6992853	32019796.00
2012/05/17	4.47	4.62	4.47	4.56	9994261	46039024.00
2012/05/18	4.54	4.59	4.43	4.49	8495160	38819656.00
2012/05/21	4.48	4.56	4.45	4.52	4494137	20448394.00
2012/05/22	4.53	4.58	4.52	4.57	6087325	28040994.00
2012/05/23	4.56	4.59	4.49	4.54	5660860	25976288.00
2012/05/24	4.52	4.54	4.46	4.48	5414135	24610660.00
2012/05/25	4.47	4.50	4.40	4.42	7597840	34089264.00
2012/05/28	4.40	4.49	4.33	4.49	6015869	26908072.00
2012/05/29	4.47	4.79	4.46	4.76	30240408	142902208.00
2012/05/30	4.74	4.85	4.69	4.84	29826885	144194000.00
2012/05/31	4.81	4.86	4.71	4.77	21663173	104894280.00
2012/06/01	4.74	4.74	4.61	4.72	33924811	159821632.00
2012/06/04	4.61	4.66	4.49	4.49	16658620	77135120.00
2012/06/05	4.51	4.57	4.49	4.52	8487238	38805408.00
2012/06/06	4.54	4.59	4.49	4.53	6500435	29845298.00
2012/06/07	4.59	4.60	4.44	4.49	8980031	41009476.00
2012/06/08	4.55	4.56	4.49	4.50	7004568	32065506.00
2012/06/11	4.53	4.67	4.51	4.60	10715320	49718552.00
2012/06/12	4.58	4.58	4.51	4.53	5257707	24105136.00
2012/06/13	4.55	4.62	4.48	4.60	8141240	37531664.00
2012/06/14	4.57	4.74	4.56	4.64	20835545	98363152.00
2012/06/15	4.66	4.75	4.62	4.70	12826502	60671528.00
2012/06/19	4.73	4.74	4.58	4.61	17240112	81140256.00
2012/06/20	4.63	4.67	4.59	4.61	6744634	31515280.00
2012/06/21	4.63	4.65	4.51	4.53	7009859	32247128.00
2012/06/25	4.52	4.56	4.47	4.54	8066910	36796312.00
2012/06/26	4.52	4.58	4.48	4.58	7165799	32803756.00
2012/06/27	4.60	4.63	4.50	4.51	9018366	41660840.00
2012/06/28	4.52	4.54	4.38	4.43	8804181	39767716.00
2012/06/29	4.40	4.51	4.35	4.49	6783990	30378034.00
2012/07/02	4.52	4.54	4.44	4.47	5122695	23194952.00
2012/07/03	4.46	4.49	4.40	4.43	8605980	38804300.00
2012/07/04	4.44	4.46	4.36	4.41	4611664	20527428.00
2012/07/05	4.39	4.39	4.20	4.21	9684076	41857844.00
2012/07/06	4.26	4.31	4.18	4.29	6561647	28179178.00
2012/07/09	4.27	4.27	4.12	4.14	6982954	29672812.00
2012/07/10	4.15	4.16	4.06	4.11	5935923	24672072.00
2012/07/11	4.09	4.16	4.08	4.16	5614374	23443468.00
2012/07/12	4.17	4.25	4.12	4.25	7347237	31199424.00
2012/07/13	4.24	4.25	4.18	4.22	3928680	16761418.00
2012/07/16	4.22	4.22	4.00	4.01	6453271	26713386.00
2012/07/17	4.01	4.07	4.00	4.05	3884338	15873049.00
2012/07/18	4.05	4.28	4.00	4.17	5054543	21001908.00
2012/07/19	4.19	4.30	4.16	4.21	6774761	28847060.00
2012/07/20	4.19	4.21	4.16	4.20	3688952	15624486.00
2012/07/23	4.17	4.18	4.10	4.15	2923418	12251611.00
2012/07/24	4.13	4.20	4.12	4.20	2821165	11914377.00
2012/07/25	4.19	4.19	4.10	4.12	2680813	11261977.00
2012/07/26	4.12	4.15	4.09	4.09	2667270	11126442.00
2012/07/27	4.12	4.14	4.07	4.10	2859555	11874097.00
2012/07/30	4.10	4.11	4.01	4.03	3031138	12425061.00
2012/07/31	4.03	4.03	3.96	4.00	3112828	12550264.00
2012/08/01	4.00	4.07	3.98	4.05	2559427	10455830.00
2012/08/02	4.07	4.13	4.02	4.08	5158233	21333980.00
2012/08/03	4.09	4.14	4.07	4.13	3556545	14764736.00
2012/08/06	4.10	4.18	4.08	4.17	5096124	21398472.00
2012/08/07	4.18	4.22	4.14	4.20	6800468	28752358.00
2012/08/08	4.19	4.21	4.15	4.18	5738311	24228766.00
2012/08/09	4.17	4.20	4.13	4.19	5869845	24837032.00
2012/08/10	4.19	4.25	4.17	4.21	7414536	31667616.00
2012/08/13	4.19	4.20	4.07	4.11	6377839	26607806.00
2012/08/14	4.12	4.13	4.02	4.06	12566536	51485720.00
2012/08/15	4.05	4.09	4.01	4.04	6731419	27601638.00
2012/08/16	4.01	4.05	4.01	4.02	2772572	11313199.00
2012/08/17	4.03	4.04	3.98	4.00	4577373	18547292.00
2012/08/20	3.99	4.02	3.96	4.01	3596172	14504533.00
2012/08/21	4.01	4.06	3.99	4.06	5170677	21162816.00
2012/08/22	4.07	4.09	4.01	4.03	4001481	16371394.00
2012/08/23	4.03	4.07	3.97	4.06	4704084	19218888.00
2012/08/24	4.05	4.05	3.94	3.95	7039178	28420060.00
2012/08/27	3.95	3.97	3.84	3.85	7450487	29257506.00
2012/08/28	3.85	3.90	3.84	3.87	4024099	15767175.00
2012/08/29	3.87	3.89	3.83	3.85	2521562	9859087.00
2012/08/30	3.85	3.87	3.80	3.85	3674134	14253569.00
2012/08/31	3.85	3.91	3.83	3.89	3360642	13234765.00
2012/09/03	3.88	3.93	3.87	3.92	4707787	18646778.00
2012/09/04	3.93	3.94	3.87	3.87	4510873	17839416.00
2012/09/05	3.90	3.96	3.86	3.92	3966009	15726356.00
2012/09/06	3.93	3.94	3.89	3.94	4435118	17600524.00
2012/09/07	3.96	4.11	3.95	4.06	10866565	44478888.00
2012/09/10	4.08	4.09	4.03	4.08	6443411	26491764.00
2012/09/11	4.05	4.05	3.99	4.03	6791875	27621460.00
2012/09/12	4.04	4.06	4.00	4.05	4962366	20229236.00
2012/09/13	4.05	4.06	3.98	3.98	4944485	20085802.00
2012/09/14	4.02	4.03	3.96	3.99	4646336	18779054.00
2012/09/17	4.00	4.01	3.83	3.85	7636624	30030668.00
2012/09/18	3.84	3.89	3.82	3.84	3579368	13962075.00
2012/09/19	3.84	3.90	3.84	3.87	2907186	11420517.00
2012/09/20	3.86	3.86	3.75	3.76	5278019	20391568.00
2012/09/21	3.75	3.79	3.74	3.75	2795105	10665940.00
2012/09/24	3.75	3.77	3.70	3.76	3402179	12874306.00
2012/09/25	3.74	3.78	3.73	3.74	2709717	10290117.00
2012/09/26	3.74	3.75	3.67	3.68	3255725	12228936.00
2012/09/27	3.68	3.80	3.67	3.75	3957801	14986727.00
2012/09/28	3.74	3.80	3.72	3.79	4144051	15842534.00
2012/10/08	3.80	3.82	3.77	3.78	2799860	10762399.00
2012/10/09	3.78	3.86	3.78	3.85	4511836	17534466.00
2012/10/10	3.84	3.89	3.81	3.87	4868724	19027076.00
2012/10/11	3.86	3.89	3.82	3.82	3453395	13459377.00
2012/10/12	3.83	3.87	3.80	3.82	3713342	14403798.00
2012/10/15	3.82	3.83	3.75	3.78	2946645	11271845.00
2012/10/16	3.78	3.82	3.76	3.78	2839300	10903115.00
2012/10/17	3.79	3.81	3.76	3.80	2523758	9695202.00
2012/10/18	3.80	3.88	3.80	3.87	5235386	20439528.00
2012/10/19	3.87	3.88	3.85	3.85	4218189	16491836.00
2012/10/22	3.84	4.13	3.83	4.00	20965172	84952880.00
2012/10/23	3.97	3.98	3.89	3.91	11563686	46220272.00
2012/10/24	3.88	3.95	3.86	3.93	5708902	22604560.00
2012/10/25	3.93	3.99	3.90	3.92	6164191	24632510.00
2012/10/26	3.92	3.92	3.80	3.83	5797537	22585610.00
2012/10/29	3.83	3.85	3.77	3.80	3355253	12898577.00
2012/10/30	3.80	3.84	3.79	3.81	2741988	10592353.00
2012/10/31	3.82	3.87	3.79	3.86	3166176	12298469.00
2012/11/01	3.87	3.96	3.85	3.93	6753526	26742158.00
2012/11/02	3.93	3.94	3.89	3.93	4528805	17962128.00
2012/11/05	3.93	3.95	3.89	3.93	4223815	16759038.00
2012/11/06	3.92	3.94	3.84	3.90	4608740	18134996.00
2012/11/07	3.90	3.91	3.86	3.89	3802109	14954705.00
2012/11/08	3.87	3.87	3.76	3.78	4200578	16191062.00
2012/11/09	3.76	3.79	3.75	3.78	2348011	8964806.00
2012/11/12	3.77	3.82	3.76	3.80	1735230	6660881.00
2012/11/13	3.80	3.80	3.72	3.73	3592141	13674959.00
2012/11/14	3.73	3.76	3.70	3.74	2111948	7990864.00
2012/11/15	3.74	3.77	3.70	3.71	2896691	10967357.00
2012/11/16	3.71	3.72	3.67	3.70	2464520	9204662.00
2012/11/19	3.70	3.75	3.68	3.74	2295066	8632408.00
2012/11/20	3.75	3.78	3.73	3.76	2396764	9124219.00
2012/11/21	3.75	3.78	3.68	3.77	2849705	10802571.00
2012/11/22	3.77	3.77	3.72	3.73	2169185	8222608.00
2012/11/23	3.75	3.78	3.72	3.75	1890648	7190455.00
2012/11/26	3.75	3.75	3.71	3.71	2015918	7602029.00
2012/11/27	3.71	3.72	3.60	3.61	3722699	13751749.00
2012/11/28	3.60	3.60	3.52	3.54	3046976	10964191.00
2012/11/29	3.54	3.70	3.51	3.52	3191800	11579934.00
2012/11/30	3.53	3.61	3.53	3.57	2512856	9095636.00
2012/12/03	3.58	3.60	3.50	3.51	1925000	6944339.00
2012/12/04	3.51	3.60	3.48	3.59	4072984	14693153.00
2012/12/05	3.57	3.71	3.57	3.68	8875340	32883886.00
2012/12/06	3.69	3.69	3.63	3.65	3139914	11628088.00
2012/12/07	3.65	3.78	3.63	3.74	9277705	34952956.00
2012/12/10	3.75	3.88	3.72	3.80	9571848	36758948.00
2012/12/11	3.78	3.85	3.75	3.75	6650843	25570516.00
2012/12/12	3.77	3.80	3.74	3.76	3357045	12797698.00
2012/12/13	3.76	3.79	3.72	3.73	4644078	17608356.00
2012/12/14	3.72	3.88	3.72	3.86	11224522	43618904.00
2012/12/17	3.88	3.91	3.85	3.87	10246151	40185964.00
2012/12/18	3.87	3.90	3.84	3.87	8963331	35169072.00
2012/12/19	3.86	3.88	3.84	3.86	4690030	18334488.00
2012/12/20	3.85	3.87	3.81	3.84	5220827	20330000.00
2012/12/21	3.86	3.88	3.82	3.84	4877653	18997636.00
2012/12/24	3.84	3.86	3.82	3.85	3042214	11841303.00
2012/12/25	3.85	3.92	3.81	3.91	10934725	43088976.00
2012/12/26	3.93	3.93	3.89	3.93	7974821	31578972.00
2012/12/27	3.92	3.95	3.89	3.89	6979783	27684340.00
2012/12/28	3.89	3.93	3.86	3.90	8171812	32245048.00
2012/12/31	3.92	4.00	3.89	3.95	9760747	39020448.00
2013/01/04	3.98	4.00	3.92	3.93	7681636	30732128.00
2013/01/07	3.93	3.96	3.90	3.95	6011124	23972478.00
2013/01/08	3.96	3.98	3.92	3.97	6657451	26635944.00
2013/01/09	3.96	4.11	3.96	4.01	15244994	62091812.00
2013/01/10	4.01	4.05	3.99	4.01	5780554	23493424.00
2013/01/11	4.02	4.03	3.88	3.90	10888129	43571408.00
2013/01/14	3.90	4.08	3.88	4.04	13212589	53304820.00
2013/01/15	4.03	4.11	4.02	4.09	12265954	50601232.00
2013/01/16	4.08	4.09	4.00	4.05	10389513	42515104.00
2013/01/17	4.06	4.06	3.96	3.98	8514812	34512232.00
2013/01/18	4.00	4.04	3.98	4.02	6749140	27436820.00
2013/01/21	4.03	4.09	4.01	4.07	9618159	39448728.00
2013/01/22	4.07	4.08	4.00	4.02	7185909	29340886.00
2013/01/23	4.00	4.04	3.97	4.02	6465074	26220538.00
2013/01/24	4.02	4.15	3.98	3.98	19096846	78572248.00
2013/01/25	3.97	3.99	3.94	3.95	7124145	28570722.00
2013/01/28	3.95	4.04	3.95	4.02	6507696	26429804.00
2013/01/29	4.03	4.09	4.00	4.06	8627432	35328952.00
2013/01/30	4.08	4.15	4.06	4.14	15164131	63166820.00
2013/01/31	4.10	4.16	4.06	4.07	11398950	47267488.00
2013/02/01	4.06	4.20	4.04	4.19	22945135	95683336.00
2013/02/04	4.25	4.43	4.23	4.25	28305931	123176976.00
2013/02/05	4.19	4.37	4.18	4.30	17018764	73909496.00
2013/02/06	4.28	4.51	4.28	4.44	27111208	120607984.00
2013/02/07	4.41	4.48	4.26	4.35	20426422	90154136.00
2013/02/08	4.38	4.40	4.30	4.37	11840280	52143920.00
2013/02/18	4.39	4.39	4.28	4.33	8746861	38279148.00
2013/02/19	4.33	4.34	4.23	4.24	10086474	43541996.00
2013/02/20	4.23	4.30	4.20	4.28	8454817	36296256.00
2013/02/21	4.24	4.24	4.11	4.15	10128566	42835124.00
2013/02/22	4.15	4.18	4.09	4.10	10321023	43323500.00
2013/02/25	4.12	4.16	4.10	4.12	5100499	21306312.00
2013/02/26	4.10	4.16	4.06	4.06	7704661	32054060.00
2013/02/27	4.07	4.12	4.05	4.08	4060417	16766770.00
2013/02/28	4.09	4.19	4.09	4.17	8197867	34330176.00
2013/03/01	4.16	4.19	4.09	4.15	9663644	40416744.00
2013/03/04	4.12	4.12	4.00	4.02	10689214	43706352.00
2013/03/05	4.02	4.09	4.00	4.08	7836972	32029194.00
2013/03/06	4.09	4.19	4.05	4.17	13516007	56537124.00
2013/03/07	4.15	4.18	4.10	4.14	9598506	40227456.00
2013/03/08	4.13	4.15	4.08	4.09	5973412	24791868.00
2013/03/11	4.09	4.11	4.06	4.08	4811257	19869520.00
2013/03/12	4.08	4.11	3.95	3.99	7649097	31170732.00
2013/03/13	4.01	4.01	3.95	3.98	4277585	17225570.00
2013/03/14	4.01	4.01	3.95	4.00	4536218	18314420.00
2013/03/18	4.01	4.07	3.97	3.98	5714885	23231010.00
2013/03/19	3.97	4.00	3.93	3.96	4482057	17989308.00
2013/03/20	3.98	4.06	3.97	4.06	8815268	35913352.00
2013/03/21	4.06	4.07	4.02	4.05	6171920	25268738.00
2013/03/22	4.04	4.15	4.02	4.12	14794745	61359864.00
2013/03/25	4.13	4.14	4.05	4.08	10182136	42106732.00
2013/03/26	4.08	4.08	3.98	4.04	6772623	27546972.00
2013/03/27	4.04	4.09	4.00	4.06	6129547	25157978.00
2013/03/28	4.03	4.03	3.92	3.93	7965805	31939826.00
2013/03/29	3.94	3.95	3.90	3.90	6087418	24183970.00
2013/04/01	3.90	3.94	3.90	3.91	4405607	17467676.00
2013/04/02	3.93	3.94	3.86	3.90	5304922	20968920.00
2013/04/03	3.90	3.90	3.85	3.86	3901039	15296213.00
2013/04/08	3.81	3.85	3.77	3.83	4912348	18932402.00
2013/04/09	3.83	3.88	3.81	3.87	3834579	14961702.00
2013/04/10	3.86	3.87	3.80	3.83	4145714	16092483.00
2013/04/11	3.85	3.87	3.82	3.83	3029837	11804146.00
2013/04/12	3.83	3.86	3.80	3.82	2257425	8749342.00
2013/04/15	3.82	3.82	3.74	3.77	2904327	11094127.00
2013/04/16	3.75	3.80	3.70	3.79	4916058	18668776.00
2013/04/17	3.78	3.82	3.74	3.79	4476354	17145224.00
2013/04/18	3.78	3.87	3.75	3.81	8011786	30911846.00
2013/04/19	3.82	3.88	3.80	3.87	10870143	42359424.00
2013/04/22	3.84	3.90	3.82	3.89	9070184	35374932.00
2013/04/23	3.87	3.87	3.74	3.75	7331008	28211686.00
2013/04/24	3.76	3.84	3.74	3.83	9662394	37133336.00
2013/04/25	3.81	3.82	3.75	3.77	4280869	16436792.00
2013/04/26	3.78	3.79	3.70	3.72	4376760	16627564.00
2013/05/02	3.71	3.77	3.70	3.72	2116896	7999112.00
2013/05/03	3.74	3.81	3.72	3.78	3931451	15074905.00
2013/05/06	3.78	3.83	3.77	3.81	5957533	22982252.00
2013/05/07	3.81	3.84	3.79	3.81	4963252	19173584.00
2013/05/08	3.82	3.85	3.80	3.84	5726505	22199752.00
2013/05/09	3.84	3.87	3.79	3.85	10468641	40647696.00
2013/05/10	3.84	3.84	3.78	3.84	9643653	37265224.00
2013/05/13	3.84	3.85	3.77	3.80	6489733	24873516.00
2013/05/14	3.79	3.80	3.75	3.79	4549759	17295940.00
2013/05/15	3.79	3.81	3.76	3.81	5098825	19490392.00
2013/05/16	3.80	3.88	3.78	3.86	11932728	46208304.00
2013/05/17	3.88	3.89	3.82	3.87	13564540	52793156.00
2013/05/20	3.87	3.94	3.87	3.92	15516479	61154372.00
2013/05/21	3.92	4.07	3.90	4.07	25179608	101624256.00
2013/05/22	4.07	4.11	4.00	4.02	16746120	68356848.00
2013/05/23	4.03	4.11	3.99	4.03	14275012	58265312.00
2013/05/24	4.02	4.11	4.02	4.09	13285358	54494604.00
2013/05/27	4.09	4.15	4.05	4.08	10852188	44686784.00
2013/05/28	4.08	4.08	4.00	4.05	11898632	48311868.00
2013/05/29	4.04	4.08	4.03	4.05	8666649	35400860.00
2013/05/30	4.05	4.05	3.99	4.03	7672638	31099042.00
2013/05/31	4.02	4.05	3.98	3.99	7556947	30574130.00
2013/06/03	3.99	4.01	3.96	3.98	6536991	26278122.00
2013/06/04	3.97	3.98	3.90	3.92	8217623	32593580.00
2013/06/05	3.92	3.93	3.87	3.90	7185972	28184376.00
2013/06/06	3.89	3.89	3.83	3.84	5742125	22364156.00
2013/06/07	3.84	3.86	3.80	3.81	5890349	22712720.00
2013/06/13	3.80	3.81	3.69	3.72	6538310	24559452.00
2013/06/14	3.73	3.76	3.72	3.76	3551242	13394127.00
2013/06/17	3.76	3.76	3.70	3.73	3502785	13170423.00
2013/06/18	3.75	3.78	3.71	3.76	3807909	14386173.00
2013/06/19	3.74	3.74	3.65	3.73	4229025	15755943.00
2013/06/20	3.71	3.72	3.64	3.64	4651444	17252968.00
2013/06/21	3.61	3.65	3.57	3.61	4652045	16929232.00
2013/06/24	3.60	3.60	3.34	3.38	6724058	23544520.00
2013/06/25	3.38	3.47	3.09	3.41	9896195	32840638.00
2013/06/26	3.39	3.39	3.24	3.32	13029612	43418208.00
2013/06/27	3.32	3.35	3.24	3.26	7456068	24849120.00
2013/06/28	3.24	3.31	3.18	3.27	5213253	17207188.00
2013/07/01	3.27	3.34	3.25	3.33	5069362	16879612.00
2013/07/02	3.32	3.37	3.29	3.36	6510952	21871178.00
2013/07/03	3.35	3.35	3.24	3.31	5027417	16655420.00
2013/07/04	3.29	3.36	3.25	3.32	5121884	17128112.00
2013/07/05	3.31	3.39	3.31	3.36	6796598	23043168.00
2013/07/08	3.31	3.32	3.24	3.24	4283491	14157330.00
2013/07/09	3.23	3.28	3.23	3.27	3799629	12483971.00
2013/07/10	3.26	3.38	3.25	3.37	7318783	24642948.00
2013/07/11	3.37	3.49	3.35	3.45	11516878	39896996.00
2013/07/12	3.45	3.45	3.36	3.36	6957445	23914498.00
2013/07/15	3.37	3.49	3.37	3.45	7671274	26613172.00
2013/07/16	3.46	3.79	3.42	3.63	20605215	75133632.00
2013/07/17	3.60	3.66	3.49	3.53	14092555	50769876.00
2013/07/18	3.51	3.65	3.50	3.54	11228636	40547364.00
2013/07/19	3.54	3.69	3.52	3.53	13466538	48769428.00
2013/07/22	3.47	3.60	3.40	3.56	10737427	37924300.00
2013/07/23	3.56	3.63	3.52	3.61	12760808	46170984.00
2013/07/24	3.60	3.61	3.52	3.58	9045000	32557910.00
2013/07/25	3.58	3.60	3.49	3.51	6524192	23253234.00
2013/07/26	3.49	3.51	3.44	3.47	5311301	18611028.00
2013/07/29	3.46	3.46	3.35	3.35	5678100	19426116.00
2013/07/30	3.37	3.44	3.36	3.41	4656962	15971088.00
2013/07/31	3.42	3.44	3.37	3.38	4697895	16128850.00
2013/08/01	3.39	3.46	3.37	3.45	5390645	18643446.00
2013/08/02	3.47	3.62	3.45	3.54	14001973	49952916.00
2013/08/05	3.54	3.58	3.50	3.55	6078330	21704416.00
2013/08/06	3.54	3.72	3.52	3.64	17509386	64397544.00
2013/08/07	3.62	3.64	3.56	3.56	9731625	35295280.00
2013/08/08	3.53	3.62	3.52	3.60	7517358	27057488.00
2013/08/09	3.60	3.64	3.53	3.63	8607255	31175292.00
2013/08/12	3.62	3.67	3.57	3.66	10996060	40279864.00
2013/08/13	3.67	3.68	3.63	3.65	5731696	21102704.00
2013/08/14	3.65	3.68	3.57	3.60	7693650	28141944.00
2013/08/15	3.59	3.62	3.53	3.54	6758239	24419114.00
2013/08/16	3.53	3.71	3.50	3.57	17133114	62483672.00
2013/08/19	3.54	3.72	3.53	3.71	17114888	63021544.00
2013/08/20	3.70	3.71	3.63	3.67	12342863	45693928.00
2013/08/21	3.66	4.04	3.65	4.04	78359312	312006240.00
2013/08/22	3.97	4.07	3.92	3.94	48792042	195996272.00
2013/08/23	3.91	4.04	3.79	3.89	30242530	119209600.00
2013/08/26	3.90	3.95	3.85	3.93	19996975	78753480.00
2013/08/27	3.93	3.94	3.82	3.92	21243316	83100512.00
2013/08/28	3.89	3.99	3.83	3.88	22933439	90242584.00
2013/08/29	3.88	3.94	3.87	3.92	14247342	56040556.00
2013/08/30	3.90	3.96	3.81	3.87	19427531	76414272.00
2013/09/02	3.88	3.93	3.81	3.89	12583258	49123920.00
2013/09/03	3.89	3.95	3.79	3.92	15590740	61125892.00
2013/09/04	3.92	3.95	3.89	3.90	11962040	47218128.00
2013/09/05	3.90	3.91	3.83	3.85	8650856	33630332.00
2013/09/06	3.85	3.94	3.82	3.91	21278844	82836976.00
2013/09/09	3.90	4.02	3.89	3.95	22922220	91469256.00
2013/09/10	3.94	4.20	3.91	4.13	39194865	159633712.00
2013/09/11	4.11	4.17	3.99	4.04	26713314	109427272.00
2013/09/12	4.03	4.45	4.03	4.26	57512661	246061632.00
2013/09/13	4.22	4.37	4.19	4.25	37787851	162317504.00
2013/09/16	4.32	4.65	4.23	4.50	66461235	296044288.00
2013/09/17	4.47	4.53	4.27	4.32	58675948	258256304.00
2013/09/18	4.30	4.38	4.17	4.36	32763872	140655104.00
2013/09/23	4.34	4.41	4.24	4.37	35883725	156447536.00
2013/09/24	4.34	4.52	4.25	4.46	46226037	204766768.00
2013/09/25	4.58	4.80	4.49	4.53	77083904	359694560.00
2013/09/26	4.44	4.53	4.20	4.26	45423048	199093616.00
2013/09/27	4.19	4.45	4.19	4.42	32297175	141792880.00
2013/09/30	4.41	4.55	4.35	4.53	34276063	154119680.00
2013/10/08	4.51	4.61	4.44	4.54	35319339	161532032.00
2013/10/09	4.49	4.55	4.41	4.50	27666729	124839144.00
2013/10/10	4.50	4.76	4.49	4.60	44833678	209445792.00
2013/10/11	4.64	4.99	4.61	4.87	74216351	361673792.00
2013/10/14	4.82	4.90	4.73	4.81	40737231	197257168.00
2013/10/15	4.82	4.83	4.72	4.75	33402559	160162848.00
2013/10/16	4.73	4.84	4.55	4.62	31272659	146946208.00
2013/10/17	4.67	4.71	4.49	4.51	25930340	119321344.00
2013/10/18	4.54	4.75	4.44	4.61	34081176	158659424.00
2013/10/21	4.60	4.71	4.53	4.69	28888705	134692048.00
2013/10/22	4.67	4.74	4.51	4.53	27219398	125974528.00
2013/10/23	4.49	4.53	4.25	4.27	37630817	165714160.00
2013/10/24	4.29	4.42	4.22	4.35	25000644	109557864.00
2013/10/25	4.39	4.51	4.29	4.37	21199358	93848744.00
2013/10/28	4.39	4.40	4.25	4.32	11640258	50478572.00
2013/10/29	4.32	4.36	4.04	4.16	18151486	76386296.00
2013/10/30	4.16	4.21	4.09	4.19	18823101	78696656.00
2013/10/31	4.16	4.22	4.12	4.14	10533507	44184440.00
2013/11/01	4.13	4.23	4.13	4.22	11424894	48231840.00
2013/11/04	4.23	4.41	4.22	4.35	16828748	73493704.00
2013/11/05	4.35	4.38	4.29	4.37	12454627	54473216.00
2013/11/06	4.35	4.42	4.32	4.38	18083375	79490472.00
2013/11/07	4.36	4.38	4.28	4.30	9208767	39994804.00
2013/11/08	4.26	4.30	4.15	4.17	11021454	46723060.00
2013/11/11	4.17	4.18	4.08	4.12	8272300	34314596.00
2013/11/12	4.14	4.17	4.10	4.15	6795860	28302116.00
2013/11/13	4.14	4.14	4.01	4.02	10016062	40924772.00
2013/11/14	4.02	4.08	3.94	4.05	7915044	32091198.00
2013/11/15	4.05	4.18	4.04	4.11	11222053	46679184.00
2013/11/18	4.14	4.22	4.11	4.20	11871381	49947568.00
2013/11/19	4.20	4.23	4.16	4.17	12053363	50933232.00
2013/11/20	4.18	4.31	4.17	4.27	14032106	60076080.00
2013/11/21	4.28	4.32	4.22	4.26	12547556	53879416.00
2013/11/22	4.26	4.30	4.18	4.19	8927519	37944896.00
2013/11/25	4.18	4.22	4.06	4.18	6336430	26622196.00
2013/11/26	4.19	4.22	4.14	4.22	7979453	33610408.00
2013/11/27	4.19	4.25	4.18	4.24	8621214	36630096.00
2013/11/28	4.25	4.29	4.23	4.25	12043447	51683980.00
2013/11/29	4.25	4.28	4.22	4.24	8734074	37340248.00
2013/12/02	4.19	4.25	4.01	4.05	16159952	67083284.00
2013/12/03	4.05	4.12	4.02	4.11	7355227	30150856.00
2013/12/04	4.10	4.22	4.08	4.17	11141428	46796596.00
2013/12/05	4.21	4.22	4.14	4.17	8597534	36086264.00
2013/12/06	4.16	4.17	4.11	4.14	5837278	24363556.00
2013/12/09	4.15	4.18	4.14	4.17	6184188	25902240.00
2013/12/10	4.16	4.23	4.16	4.20	9732411	41205148.00
2013/12/11	4.19	4.19	4.08	4.12	9074552	37754568.00
2013/12/12	4.11	4.14	4.09	4.11	6404012	26525560.00
2013/12/13	4.11	4.13	4.08	4.12	3640840	15088605.00
2013/12/16	4.12	4.15	4.04	4.09	10370562	42579432.00
2013/12/17	4.08	4.09	4.04	4.04	3924400	16035947.00
2013/12/18	4.05	4.11	4.01	4.08	7021951	28793816.00
2013/12/19	4.09	4.10	4.01	4.01	4197956	17132060.00
2013/12/20	4.01	4.04	3.97	3.98	4929590	19852632.00
2013/12/23	3.99	3.99	3.89	3.90	5900275	23433256.00
2013/12/24	3.90	3.95	3.87	3.92	4926547	19407076.00
2013/12/25	3.93	3.96	3.88	3.95	3723359	14723116.00
2013/12/26	3.93	3.94	3.85	3.87	4807732	18840396.00
2013/12/27	3.86	3.94	3.86	3.92	3998501	15719255.00
2013/12/30	3.95	4.01	3.94	3.96	5387833	21581626.00
2013/12/31	3.96	4.00	3.92	3.99	3887947	15603411.00
2014/01/02	4.00	4.01	3.97	3.99	3764953	15120284.00
2014/01/03	3.98	3.99	3.89	3.89	5095711	20149836.00
2014/01/06	3.89	3.90	3.79	3.80	6468117	24975718.00
2014/01/07	3.78	3.85	3.75	3.82	3355422	12868439.00
2014/01/08	3.84	3.84	3.77	3.77	3795201	14531482.00
2014/01/09	3.77	3.81	3.66	3.68	5906227	22279988.00
2014/01/10	3.68	3.68	3.58	3.59	4138576	15107869.00
2014/01/13	3.59	3.62	3.55	3.61	3162599	11447302.00
2014/01/14	3.61	3.84	3.60	3.80	8359245	31540600.00
2014/01/15	3.80	3.83	3.74	3.81	5734330	21859332.00
2014/01/16	3.80	3.84	3.79	3.81	3685268	14169904.00
2014/01/17	3.81	3.81	3.74	3.77	2580777	9803898.00
2014/01/20	3.79	3.79	3.69	3.70	3063542	11544855.00
2014/01/21	3.69	3.76	3.69	3.74	3309364	12457471.00
2014/01/22	3.76	3.89	3.74	3.87	7886256	30585250.00
2014/01/23	3.88	3.90	3.85	3.89	5451205	21295458.00
2014/01/24	3.88	3.99	3.86	3.93	8556314	33990188.00
2014/01/27	3.92	4.00	3.88	3.98	8026805	32028738.00
2014/01/28	3.98	4.04	3.95	4.03	7398385	29765572.00
2014/01/29	4.04	4.05	3.99	4.01	5665113	22959152.00
2014/01/30	3.98	4.02	3.92	3.96	5248580	21020868.00
2014/02/07	3.94	3.98	3.90	3.97	3961110	15776661.00
2014/02/10	3.97	4.18	3.96	4.16	16488990	68089216.00
2014/02/11	4.17	4.58	4.16	4.44	47694277	213474624.00
2014/02/12	4.42	4.89	4.40	4.89	95518421	460612128.00
2014/02/13	4.94	5.04	4.75	4.91	82852686	407848800.00
2014/02/14	4.87	5.35	4.81	5.17	59436819	305688416.00
2014/02/17	5.14	5.27	5.08	5.17	40503507	210722496.00
2014/02/18	5.16	5.32	5.05	5.25	44072129	229463056.00
2014/02/19	5.19	5.22	5.04	5.13	26413747	136337296.00
2014/02/20	5.11	5.13	4.81	4.86	39931838	197032144.00
2014/02/21	4.83	4.89	4.63	4.76	40277820	191968368.00
2014/02/24	4.72	4.88	4.59	4.83	48028937	227965104.00
2014/02/25	4.81	4.95	4.53	4.56	42665120	202950800.00
2014/02/26	4.55	4.69	4.52	4.66	29666727	137056528.00
2014/02/27	4.67	4.86	4.59	4.62	30961494	147057824.00
2014/02/28	4.58	4.76	4.43	4.60	20848628	95935880.00
2014/03/03	4.57	4.69	4.52	4.57	26502038	122441840.00
2014/03/04	4.56	4.64	4.50	4.56	18201692	83609664.00
2014/03/05	4.61	5.02	4.56	5.02	86247566	427320832.00
2014/03/06	4.96	5.01	4.81	4.93	47600909	235110480.00
2014/03/07	4.93	5.01	4.85	4.88	27322591	134715776.00
2014/03/10	4.87	4.97	4.57	4.60	28619332	136558736.00
2014/03/11	4.60	4.67	4.52	4.64	18824200	87051056.00
2014/03/12	4.60	4.66	4.37	4.48	22494308	102491504.00
2014/03/13	4.48	4.58	4.37	4.55	17621653	80010864.00
2014/03/14	4.52	4.56	4.41	4.48	10897418	49134780.00
2014/03/17	4.48	4.56	4.39	4.54	13224362	59503156.00
2014/03/18	4.53	4.60	4.46	4.54	12487994	56924928.00
2014/03/19	4.54	4.54	4.46	4.52	11215640	50770656.00
2014/03/20	4.51	4.96	4.48	4.70	40503284	193370720.00
2014/03/21	4.63	5.00	4.63	4.95	38799751	189222640.00
2014/03/24	4.95	5.17	4.92	5.05	41640469	212254816.00
2014/03/25	5.04	5.07	4.92	5.01	18202633	91170864.00
2014/03/26	5.02	5.21	4.96	5.07	23717567	121476520.00
2014/03/27	5.07	5.07	4.86	4.89	20484622	101849864.00
2014/03/28	4.89	4.95	4.77	4.94	17183758	83654104.00
2014/03/31	4.92	5.09	4.85	4.95	15258926	76405336.00
2014/04/01	4.82	4.91	4.76	4.83	20920159	101312064.00
2014/04/02	4.84	5.05	4.83	4.94	19699659	98010904.00
2014/04/03	4.94	5.02	4.87	4.92	10692124	52995732.00
2014/04/04	4.93	5.24	4.85	5.22	33156459	169485520.00
2014/04/08	5.17	5.26	5.09	5.24	26414086	137675936.00
2014/04/09	5.24	5.32	5.18	5.24	26885212	142104480.00
2014/04/10	5.24	5.29	5.14	5.20	21509593	112645160.00
2014/04/11	5.16	5.17	5.07	5.10	18893186	97069752.00
2014/04/14	5.12	5.23	5.09	5.17	14222989	74053376.00
2014/04/15	5.17	5.23	5.12	5.22	15117840	78766488.00
2014/04/16	5.24	5.59	5.16	5.45	41263604	224084768.00
2014/04/17	5.45	5.55	5.37	5.42	23015756	126235328.00
2014/04/18	5.39	5.72	5.35	5.64	33956683	190261888.00
2014/04/21	5.63	5.75	5.47	5.48	29885111	169025040.00
2014/04/22	5.50	5.69	5.38	5.68	31041496	173419200.00
2014/04/23	5.69	5.82	5.55	5.63	24285731	138618224.00
2014/04/24	5.72	5.75	5.07	5.19	49329298	264702224.00
2014/04/25	5.08	5.26	5.08	5.17	17664595	92103216.00
2014/04/28	5.17	5.20	4.95	5.04	19256398	97718944.00
2014/04/29	5.04	5.17	5.04	5.14	8083066	41577576.00
2014/04/30	5.14	5.41	5.12	5.33	15191123	81173600.00
2014/05/05	5.36	5.43	5.22	5.40	9667900	51871276.00
2014/05/06	5.37	5.47	5.24	5.26	12326905	65972000.00
2014/05/07	5.24	5.34	5.14	5.23	9710913	51061128.00
2014/05/08	5.20	5.28	5.15	5.20	8979352	46644104.00
2014/05/09	5.20	5.20	5.03	5.08	10719827	54638528.00
2014/05/12	5.12	5.21	5.12	5.18	7345278	38017824.00
2014/05/13	5.18	5.24	5.13	5.18	4289245	22176994.00
2014/05/14	5.21	5.32	5.09	5.24	10987019	57150304.00
2014/05/15	5.24	5.26	5.10	5.16	8364630	43294428.00
2014/05/16	5.11	5.18	4.97	5.07	10708563	54243324.00
2014/05/19	5.07	5.07	4.81	4.83	18894802	92737096.00
2014/05/20	4.86	4.96	4.77	4.83	10840975	52820276.00
2014/05/21	4.84	4.94	4.81	4.89	6985588	34122640.00
2014/05/22	4.91	4.96	4.86	4.88	5200802	25532624.00
2014/05/23	4.90	4.97	4.88	4.96	6892685	33991744.00
2014/05/26	4.97	5.10	4.91	5.01	11883887	59716568.00
2014/05/27	5.04	5.05	4.95	5.02	6820137	34060792.00
2014/05/28	5.03	5.21	4.97	5.15	12394940	63070700.00
2014/05/29	5.14	5.18	5.03	5.04	10217650	52047432.00
2014/05/30	5.04	5.14	5.04	5.12	8332783	42567820.00
2014/06/03	5.12	5.18	5.09	5.13	8044091	41323872.00
2014/06/04	5.15	5.16	5.05	5.08	5487142	27903084.00
2014/06/05	5.08	5.12	5.03	5.11	4533859	23065868.00
2014/06/06	5.12	5.15	5.05	5.07	4028825	20475112.00
2014/06/09	5.08	5.08	4.90	4.93	8771981	43470916.00
2014/06/10	4.94	5.09	4.84	5.06	9490078	46818928.00
2014/06/11	5.04	5.05	4.92	4.99	6207401	30970058.00
2014/06/12	4.97	5.02	4.93	4.98	4781430	23779472.00
2014/06/13	4.96	5.02	4.94	5.00	6541946	32659036.00
2014/06/16	5.01	5.07	4.97	5.04	6523200	32887940.00
2014/06/17	5.03	5.11	5.03	5.07	7045080	35724864.00
2014/06/18	5.06	5.07	4.87	4.89	13088673	64570508.00
2014/06/19	4.89	4.92	4.76	4.77	8860209	42676072.00
2014/06/20	4.77	4.77	4.62	4.73	10011824	46934064.00
2014/06/23	4.73	4.91	4.70	4.80	8057019	38863816.00
2014/06/24	4.85	4.89	4.77	4.88	6175759	29926646.00
2014/06/25	4.85	4.87	4.78	4.82	3759877	18149416.00
2014/06/26	4.82	4.88	4.77	4.87	5372197	26074784.00
2014/06/27	4.86	4.93	4.82	4.87	5890036	28689692.00
2014/06/30	4.89	4.98	4.79	4.98	12313065	60482064.00
2014/07/01	4.95	5.05	4.95	4.99	8362482	41935880.00
2014/07/02	4.99	5.04	4.96	5.02	5483295	27378140.00
2014/07/03	5.02	5.03	4.94	4.98	8290310	41386232.00
2014/07/04	4.96	4.97	4.82	4.88	13595333	66196904.00
2014/07/07	4.88	4.94	4.84	4.88	7316983	35722868.00
2014/07/08	4.89	5.02	4.86	5.00	11814142	58506248.00
2014/07/09	5.00	5.02	4.87	4.89	8577469	42415640.00
2014/07/10	4.90	4.96	4.89	4.93	4029679	19842002.00
2014/07/11	4.93	4.96	4.87	4.96	7414736	36499480.00
2014/07/14	4.96	5.09	4.94	5.04	10778270	54340404.00
2014/07/15	5.08	5.09	4.97	5.01	8172464	40938648.00
2014/07/16	5.01	5.03	4.95	4.96	7518151	37436868.00
2014/07/17	4.96	5.07	4.92	5.05	10788910	54070160.00
2014/07/18	5.04	5.07	5.00	5.02	5367133	26985042.00
2014/07/21	5.02	5.03	4.88	4.94	9973684	49158884.00
2014/07/22	4.95	5.00	4.92	4.98	7400064	36797208.00
2014/07/23	5.00	5.00	4.88	4.89	8474637	41748552.00
2014/07/24	4.87	4.91	4.83	4.88	9914170	48173208.00
2014/07/25	4.88	4.93	4.85	4.93	4992616	24467192.00
2014/07/28	4.94	5.04	4.94	5.02	13215727	66253856.00
2014/07/29	5.02	5.23	5.02	5.14	21782228	112148760.00
2014/07/30	5.14	5.18	5.08	5.15	10293911	52828120.00
2014/07/31	5.14	5.22	5.11	5.19	12514914	64761192.00
2014/08/01	5.19	5.19	5.04	5.05	13029997	66666464.00
2014/08/04	5.06	5.14	5.03	5.14	9511482	48449080.00
2014/08/05	5.18	5.18	5.09	5.14	7748570	39680480.00
2014/08/06	5.11	5.19	5.05	5.16	12205774	62587124.00
2014/08/07	5.17	5.33	5.12	5.30	32656989	171554384.00
2014/08/08	5.30	5.32	5.23	5.30	13780914	72735696.00
2014/08/11	5.31	5.37	5.26	5.35	16821546	89423120.00
2014/08/12	5.35	5.35	5.24	5.30	13637689	72022128.00
2014/08/13	5.30	5.30	5.16	5.23	13194314	69048592.00
2014/08/14	5.24	5.27	5.15	5.18	11973961	62475572.00
2014/08/15	5.19	5.26	5.16	5.24	10671589	55695552.00
2014/08/18	5.25	5.30	5.23	5.27	11525840	60608024.00
2014/08/19	5.27	5.45	5.25	5.43	31692573	169203728.00
2014/08/20	5.40	5.49	5.35	5.39	22767683	123529216.00
2014/08/21	5.44	5.44	5.25	5.33	13958168	74101368.00
2014/08/22	5.32	5.37	5.28	5.35	10808460	57605096.00
2014/08/25	5.37	5.37	5.23	5.26	11325911	59720072.00
2014/08/26	5.24	5.27	5.06	5.09	13732500	70877176.00
2014/08/27	5.10	5.43	5.08	5.36	24971450	130844536.00
2014/08/28	5.33	5.33	5.16	5.19	16522183	86874720.00
2014/08/29	5.19	5.30	5.15	5.30	10069129	52813144.00
2014/09/01	5.30	5.36	5.28	5.34	13925769	74259320.00
2014/09/02	5.35	5.45	5.35	5.45	22169049	119801200.00
2014/09/03	5.45	5.49	5.37	5.46	25834479	140286656.00
2014/09/04	5.48	5.57	5.40	5.54	22623321	124642808.00
2014/09/05	5.55	5.57	5.48	5.55	18071236	99881920.00
2014/09/09	5.55	5.82	5.53	5.70	32083038	183025488.00
2014/09/10	5.66	5.81	5.64	5.73	18055036	103539048.00
2014/09/11	5.75	5.93	5.70	5.73	32818323	190929776.00
2014/09/12	5.70	5.79	5.56	5.79	21400172	121617584.00
2014/09/15	5.80	5.86	5.76	5.80	18594005	107911016.00
2014/09/16	5.88	5.95	5.53	5.55	43530275	248762512.00
2014/09/17	5.52	5.66	5.47	5.65	22560117	125590912.00
2014/09/18	5.61	5.66	5.55	5.62	13777227	77304568.00
2014/09/19	5.62	5.64	5.55	5.62	15312305	85709056.00
2014/09/22	5.61	5.61	5.45	5.51	13908919	76754824.00
2014/09/23	5.51	5.61	5.51	5.57	15317039	85089344.00
2014/09/24	5.57	5.73	5.51	5.69	24606204	138626656.00
2014/09/25	5.70	5.72	5.60	5.67	16362933	92935776.00
2014/09/26	5.67	5.90	5.65	5.83	31857968	184354560.00
2014/09/29	5.83	5.93	5.83	5.90	25084731	147829216.00
2014/09/30	5.90	6.03	5.86	6.00	25547681	151869440.00
2014/10/08	6.01	6.17	5.96	6.11	25305826	154222608.00
2014/10/09	6.12	6.22	5.97	6.08	25895122	157951424.00
2014/10/10	6.07	6.07	5.90	5.95	24207257	144269632.00
2014/10/13	5.95	6.03	5.85	6.03	20580596	122634336.00
2014/10/14	6.03	6.14	5.99	6.05	15540109	94199392.00
2014/10/15	6.04	6.07	5.93	5.99	12610606	75556472.00
2014/10/16	5.95	6.00	5.86	5.88	13757191	81635768.00
2014/10/17	5.88	5.91	5.62	5.76	28504266	163976608.00
2014/10/20	5.87	6.15	5.82	6.11	35892710	213973072.00
2014/10/21	6.14	6.72	6.10	6.41	80983132	516013280.00
2014/10/22	6.39	6.49	6.22	6.27	29932107	189453696.00
2014/10/23	6.27	6.32	6.10	6.13	21370900	131873992.00
2014/10/24	6.10	6.61	6.10	6.49	47001170	302223840.00
2014/10/27	6.28	6.60	6.28	6.49	28777976	186592816.00
2014/10/28	6.44	6.64	6.39	6.58	31434223	205262800.00
2014/10/29	6.62	6.65	6.47	6.61	28619803	188081536.00
2014/10/30	6.61	6.77	6.45	6.46	33467220	220388592.00
2014/10/31	6.46	6.57	6.34	6.46	22088468	141987520.00
2014/11/03	6.53	6.63	6.48	6.55	21287249	139603232.00
2014/11/04	6.56	6.56	6.31	6.38	24614994	157514624.00
2014/11/05	6.31	6.58	6.31	6.50	23137304	150161056.00
2014/11/06	6.44	6.56	6.36	6.52	15486291	99975216.00
2014/11/07	6.51	6.65	6.41	6.45	25408719	165705776.00
2014/11/10	6.47	6.51	6.38	6.47	17785271	114471792.00
2014/11/11	6.50	6.56	6.15	6.25	25995731	165618464.00
2014/11/12	6.25	6.33	6.16	6.31	14573823	90674720.00
2014/11/13	6.29	6.40	6.15	6.15	23249458	145740000.00
2014/11/14	6.12	6.18	5.94	6.03	19768962	118855992.00
2014/11/17	6.05	6.15	5.95	6.08	12485874	75732920.00
2014/11/18	6.09	6.25	6.08	6.14	13406149	82779176.00
2014/11/19	6.12	6.23	6.10	6.20	10878408	67278064.00
2014/11/20	6.16	6.19	6.12	6.14	7851865	48226420.00
2014/11/21	6.14	6.33	6.12	6.33	17258633	107996872.00
2014/11/24	6.43	6.64	6.33	6.60	45697694	298675328.00
2014/11/25	6.66	6.82	6.56	6.66	39203306	262368336.00
2014/11/26	6.90	7.11	6.68	6.86	57939701	395096448.00
2014/11/27	6.90	7.17	6.75	7.14	66828448	462958912.00
2014/11/28	7.19	7.20	6.95	7.05	52746241	372355680.00
2014/12/01	7.06	7.08	6.70	6.76	49377328	338814976.00
2014/12/02	6.72	7.10	6.70	7.00	48926141	337946240.00
2014/12/03	7.09	7.17	6.82	6.98	61185679	429830944.00
2014/12/04	6.98	7.42	6.89	7.39	77256868	553851328.00
2014/12/05	7.55	7.68	6.85	7.19	96311783	704466624.00
2014/12/08	7.20	7.54	7.09	7.40	75650841	557627392.00
2014/12/09	7.34	7.86	7.01	7.13	95621577	713146368.00
2014/12/10	7.13	7.27	6.80	7.20	53027709	372306688.00
2014/12/11	7.07	7.20	6.99	7.12	35286777	249883856.00
2014/12/12	7.08	7.25	7.05	7.13	26063958	186556800.00
2014/12/15	7.05	7.41	7.05	7.38	40601304	295173760.00
2014/12/16	7.38	7.80	7.35	7.68	58024769	440833056.00
2014/12/17	7.77	7.80	7.29	7.45	52055632	391991648.00
2014/12/18	7.40	7.51	7.32	7.38	25169682	186690368.00
2014/12/19	7.31	7.43	7.07	7.25	29894235	216257344.00
2014/12/22	7.19	7.19	6.79	6.90	38859189	270861696.00
2014/12/23	6.90	7.03	6.81	6.82	21266621	147339872.00
2014/12/24	6.82	7.00	6.78	6.97	19310153	132810640.00
2014/12/25	7.00	7.13	6.94	7.11	19254366	136101920.00
2014/12/26	7.15	7.32	7.11	7.30	26644556	192992576.00
2014/12/29	7.40	7.44	7.13	7.17	27538978	199671824.00
2014/12/30	7.14	7.19	7.00	7.03	19763662	140003968.00
2014/12/31	7.06	7.21	7.00	7.17	17786632	126901728.00
2015/01/05	7.20	7.32	7.06	7.26	32565696	233805296.00
2015/01/06	7.18	7.22	7.07	7.17	23042978	164755664.00
2015/01/07	7.15	7.36	7.11	7.24	28860782	209238592.00
2015/01/08	7.25	7.26	6.94	6.95	28540466	201966896.00
2015/01/09	6.97	7.07	6.85	6.88	20791662	145137504.00
2015/01/12	6.86	6.96	6.67	6.78	16531441	112345904.00
2015/01/13	6.79	6.88	6.71	6.85	10564097	72031096.00
2015/01/14	6.83	6.92	6.78	6.83	9615707	65848672.00
2015/01/15	6.85	6.96	6.83	6.95	10314944	71264728.00
2015/01/16	6.96	6.98	6.88	6.93	13423426	92857136.00
2015/01/19	6.52	6.70	6.24	6.37	33677617	218279392.00
2015/01/20	6.40	6.66	6.40	6.65	18544715	121082560.00
2015/01/21	6.65	6.95	6.62	6.82	23945929	161980896.00
2015/01/22	6.83	6.87	6.76	6.83	14086012	95914256.00
2015/01/23	6.84	6.90	6.75	6.77	16983341	115765232.00
2015/01/26	6.77	6.92	6.71	6.90	20649476	141286240.00
2015/01/27	6.88	6.97	6.81	6.92	20274183	139791840.00
2015/01/28	6.90	6.95	6.85	6.89	19034002	131318184.00
2015/01/29	6.83	6.87	6.77	6.80	12324553	83965800.00
2015/01/30	6.82	6.84	6.62	6.63	16664610	111723648.00
2015/02/02	6.50	6.63	6.47	6.53	12805008	83820744.00
2015/02/03	6.57	6.78	6.52	6.76	16641696	110905488.00
2015/02/04	6.75	6.86	6.62	6.64	15224878	102311944.00
2015/02/05	6.70	6.74	6.56	6.57	14694234	98026928.00
2015/02/06	6.56	6.62	6.46	6.49	12238157	79939728.00
2015/02/09	6.46	6.54	6.43	6.48	6491767	42105616.00
2015/02/10	6.47	6.56	6.46	6.51	8398682	54613756.00
2015/02/11	6.51	6.67	6.50	6.66	10192306	66907704.00
2015/02/12	6.66	6.83	6.62	6.71	17874046	120424952.00
2015/02/13	6.74	6.96	6.74	6.87	24819186	170376672.00
2015/02/27	7.56	7.56	7.56	7.56	7013796	53024296.00
2015/03/02	7.98	7.98	7.60	7.74	110282381	856307712.00
2015/03/03	7.70	7.95	7.52	7.80	70536841	543418816.00
2015/03/04	7.76	7.77	7.62	7.69	38073831	292177376.00
2015/03/05	7.67	8.35	7.61	8.09	83230861	661563456.00
2015/03/06	8.01	8.09	7.80	7.82	40248504	318686912.00
2015/03/09	7.84	8.09	7.70	7.99	34037088	270379168.00
2015/03/10	8.00	8.35	7.95	8.21	43838026	359773408.00
2015/03/11	8.22	8.27	8.08	8.16	34023666	277065824.00
2015/03/12	8.16	8.34	7.90	7.95	37483748	301504896.00
2015/03/13	8.18	8.25	8.05	8.10	29917829	243417488.00
2015/03/16	8.15	8.48	8.15	8.44	49961587	417266528.00
2015/03/17	8.50	8.57	8.35	8.44	41434987	349101632.00
2015/03/18	8.44	8.67	8.37	8.63	39653178	339916608.00
2015/03/19	8.63	8.96	8.54	8.81	44388311	391323008.00
2015/03/20	8.88	9.06	8.81	8.94	33541079	299434784.00
2015/03/23	8.97	9.10	8.91	8.97	40246390	360952064.00
2015/03/24	8.99	9.07	8.54	8.85	51764630	456345696.00
2015/03/25	8.83	8.96	8.60	8.80	39343353	345370336.00
2015/03/26	8.82	9.37	8.70	9.16	60245615	550114752.00
2015/03/27	9.05	9.29	8.96	9.15	43764615	398346176.00
2015/03/30	9.18	9.27	9.11	9.17	36599401	336269568.00
2015/03/31	9.15	9.23	9.05	9.08	41629585	379870784.00
2015/04/01	9.05	9.21	9.03	9.17	37061748	339032064.00
2015/04/02	9.25	10.09	9.18	10.09	100497681	983807232.00
2015/04/03	10.25	11.00	10.11	10.87	104620308	1112029312.00
2015/04/07	10.87	11.14	10.71	10.94	76263893	835166784.00
2015/04/08	10.90	11.61	10.75	11.21	65588516	737046528.00
2015/04/09	11.11	11.25	10.50	10.74	70047272	756817792.00
2015/04/10	10.85	11.81	10.70	11.81	80784460	923292608.00
2015/04/13	12.35	12.35	11.86	12.07	80780138	979585792.00
2015/04/14	11.99	12.27	11.71	12.05	52328250	625409408.00
2015/04/15	11.98	12.96	11.69	12.36	65548429	791964864.00
2015/04/16	12.20	13.46	12.08	13.20	81664444	1060697408.00
2015/04/17	13.30	13.88	13.00	13.03	78674057	1047349696.00
2015/04/20	13.03	13.03	11.80	12.03	85029673	1062044928.00
2015/04/21	12.03	13.23	12.00	13.23	74277718	937765568.00
2015/04/22	13.35	14.54	13.23	14.15	80704054	1122516480.00
2015/04/23	14.20	14.85	13.70	14.53	66034259	953455104.00
2015/04/24	14.15	15.98	14.01	15.80	88366880	1352875008.00
2015/04/27	15.90	16.58	15.55	15.81	80254903	1283964416.00
2015/04/28	15.75	16.04	15.16	15.80	53855340	836214720.00
2015/04/29	15.66	16.50	15.50	16.15	51318108	825162176.00
2015/04/30	16.10	16.16	15.60	15.65	42017215	665869184.00
2015/05/05	15.44	15.44	15.44	15.44	0	0.00
数据来源:通达信
