600120 浙江东方 日线 前复权
      日期	    开盘	    最高	    最低	    收盘	    成交量	    成交额
2011/10/10	6.85	6.97	6.74	6.76	985289	7435329.00
2011/10/12	6.92	7.32	6.77	7.25	3472645	27125064.00
2011/10/13	7.17	7.48	7.17	7.37	3636191	29342688.00
2011/10/14	7.33	7.40	7.25	7.36	2137940	17229820.00
2011/10/17	7.43	7.57	7.34	7.43	1824290	14949371.00
2011/10/18	7.34	7.35	7.11	7.15	2165959	17212844.00
2011/10/19	7.21	7.30	7.07	7.21	721111	5729382.00
2011/10/20	7.13	7.20	6.95	7.06	963369	7490899.00
2011/10/21	7.00	7.12	6.72	6.83	2152210	16352439.00
2011/10/24	6.86	6.95	6.67	6.94	1610782	12209077.00
2011/10/25	6.93	7.16	6.93	7.15	1941035	15096923.00
2011/10/26	7.08	7.45	7.08	7.29	3008875	24158856.00
2011/10/27	7.25	7.43	7.25	7.36	1785388	14417128.00
2011/10/31	7.47	7.67	7.40	7.46	2832730	23373330.00
2011/11/01	7.44	7.83	7.40	7.79	6582682	55644920.00
2011/11/02	7.67	7.92	7.66	7.90	5024198	42932072.00
2011/11/03	7.91	7.94	7.75	7.79	5054533	43284008.00
2011/11/04	7.83	7.96	7.75	7.87	2987547	25640484.00
2011/11/07	7.80	7.92	7.75	7.80	2098686	17951432.00
2011/11/08	7.77	7.86	7.59	7.62	2557847	21682348.00
2011/11/09	7.65	7.76	7.63	7.73	1891205	15930515.00
2011/11/10	7.57	7.73	7.55	7.65	1802285	15105327.00
2011/11/11	7.67	7.84	7.62	7.78	1395229	11843391.00
2011/11/14	7.83	7.94	7.82	7.92	3256593	28047546.00
2011/11/15	7.92	7.99	7.86	7.93	1751708	15155742.00
2011/11/16	7.93	7.96	7.71	7.75	2791073	23794268.00
2011/11/17	7.73	7.86	7.69	7.78	1317666	11196922.00
2011/11/18	7.78	7.81	7.61	7.64	1172865	9886111.00
2011/11/21	7.64	7.69	7.57	7.67	530047	4425486.00
2011/11/22	7.66	7.69	7.42	7.50	1306737	10767405.00
2011/11/23	7.49	7.53	7.43	7.45	833555	6842980.00
2011/11/24	7.43	7.47	7.28	7.41	703343	5713341.00
2011/11/25	7.33	7.44	7.30	7.36	818456	6630354.00
2011/11/28	7.38	7.45	7.31	7.41	967564	7829536.00
2011/11/29	7.45	7.96	6.75	7.86	5427505	46199496.00
2011/11/30	7.70	7.84	7.35	7.49	3138831	26261612.00
2011/12/01	7.73	7.83	7.65	7.71	2792635	23656030.00
2011/12/02	7.72	7.73	7.43	7.63	1481930	12312063.00
2011/12/05	7.68	7.70	7.27	7.57	1535862	12724191.00
2011/12/06	7.57	7.59	7.34	7.46	1093300	8927453.00
2011/12/07	7.41	7.47	7.37	7.43	757434	6169355.00
2011/12/08	7.43	7.49	7.25	7.40	1036387	8416515.00
2011/12/09	7.39	7.45	7.28	7.38	694163	5644522.00
2011/12/12	7.30	7.37	7.03	7.21	1375405	10901965.00
2011/12/13	7.08	7.12	6.84	6.90	1321077	10141386.00
2011/12/14	6.90	6.93	6.79	6.81	544520	4126655.00
2011/12/15	6.81	6.89	6.69	6.74	1596260	12040694.00
2011/12/16	6.74	6.92	6.72	6.86	868049	6556365.00
2011/12/19	6.85	6.93	6.77	6.93	878547	6663158.00
2011/12/20	6.93	6.99	6.86	6.89	868209	6662656.00
2011/12/21	6.91	6.97	6.69	6.79	991559	7540575.00
2011/12/22	6.78	6.78	6.17	6.56	1972140	14157339.00
2011/12/23	6.47	6.68	6.47	6.64	1186414	8718325.00
2011/12/26	6.62	6.66	6.54	6.56	336575	2467176.00
2011/12/27	6.55	6.66	6.37	6.38	415004	2985706.00
2011/12/28	6.38	6.57	6.23	6.49	1379108	9733542.00
2011/12/29	6.45	6.55	6.36	6.36	700019	5010226.00
2011/12/30	6.36	6.51	6.35	6.40	1543167	11023841.00
2012/01/04	6.47	6.47	6.03	6.07	1541810	10855812.00
2012/01/05	6.08	6.13	5.70	5.75	1761206	11664504.00
2012/01/06	5.68	5.77	5.42	5.68	1239976	7784986.00
2012/01/09	5.72	5.91	5.49	5.90	1689858	10996455.00
2012/01/10	5.90	6.25	5.78	6.23	2536377	17279268.00
2012/01/11	6.17	6.34	6.09	6.24	1560492	10787200.00
2012/01/12	6.22	6.37	6.07	6.11	1192494	8269435.00
2012/01/13	6.19	6.20	5.77	5.86	1406522	9374695.00
2012/01/16	5.86	5.86	5.69	5.69	926923	6013516.00
2012/01/17	5.73	6.15	5.69	6.07	2071593	13861304.00
2012/01/18	6.07	6.23	5.95	5.98	1438203	9750855.00
2012/01/19	5.97	6.07	5.97	6.01	930216	6274149.00
2012/01/20	6.02	6.15	5.99	6.11	1109770	7549885.00
2012/01/30	6.11	6.13	6.02	6.02	814562	5520717.00
2012/01/31	6.06	6.08	5.94	6.05	374491	2532106.00
2012/02/01	5.99	6.10	5.97	6.02	710977	4803951.00
2012/02/02	6.09	6.17	6.02	6.14	1008510	6885259.00
2012/02/03	6.14	6.29	6.08	6.26	1642094	11409723.00
2012/02/06	6.26	6.30	6.18	6.22	1129559	7870409.00
2012/02/07	6.21	6.21	5.97	6.06	1130079	7674383.00
2012/02/08	6.05	6.22	6.03	6.22	1299105	8940186.00
2012/02/09	6.23	6.36	6.17	6.29	2132985	14981871.00
2012/02/10	6.25	6.41	6.22	6.29	1624202	11459391.00
2012/02/13	6.23	6.37	6.21	6.35	1466811	10346570.00
2012/02/14	6.35	6.56	6.30	6.42	1895055	13555313.00
2012/02/15	6.40	6.57	6.27	6.52	3663460	26233968.00
2012/02/16	6.49	6.58	6.39	6.51	2519345	18166054.00
2012/02/17	6.52	6.62	6.39	6.52	3312584	23964288.00
2012/02/20	6.62	6.65	6.43	6.52	2472787	17944158.00
2012/02/21	6.52	6.55	6.43	6.54	1953106	14102076.00
2012/02/22	6.56	6.63	6.52	6.62	3938512	28803018.00
2012/02/23	6.64	6.72	6.55	6.61	3099183	22811284.00
2012/02/24	6.56	6.83	6.56	6.81	4272543	31881924.00
2012/02/27	6.80	6.88	6.72	6.77	4010915	30214012.00
2012/02/28	6.77	6.83	6.70	6.80	3473092	26044242.00
2012/02/29	6.75	6.95	6.73	6.83	3893206	29526874.00
2012/03/01	6.83	7.59	6.83	7.47	15055893	121163784.00
2012/03/02	7.37	7.59	7.37	7.51	6995020	57537632.00
2012/03/05	7.58	7.72	7.48	7.56	4594555	38192440.00
2012/03/06	7.54	7.89	7.48	7.77	7962629	67337616.00
2012/03/07	7.63	7.89	7.57	7.87	6797805	57826664.00
2012/03/08	7.88	8.13	7.81	7.88	5994421	51949240.00
2012/03/09	7.88	7.98	7.79	7.96	7892546	68000664.00
2012/03/12	7.97	8.03	7.88	7.93	3209151	27833772.00
2012/03/13	7.96	8.02	7.77	7.96	3520303	30420184.00
2012/03/14	7.95	8.12	7.55	7.98	8801550	75533768.00
2012/03/15	7.87	7.99	7.77	7.94	6394759	54963464.00
2012/03/16	7.94	8.17	7.85	8.15	5033937	44010284.00
2012/03/19	8.15	8.23	7.65	7.73	11644972	100344328.00
2012/03/20	7.59	7.63	7.36	7.45	6663686	54866920.00
2012/03/21	7.51	7.51	7.29	7.38	4598826	37296836.00
2012/03/22	7.35	7.49	7.34	7.36	5148406	41824948.00
2012/03/23	7.34	7.41	7.33	7.40	2295616	18569934.00
2012/03/26	7.40	7.56	7.37	7.49	2769571	22730094.00
2012/03/27	7.52	7.58	7.30	7.32	3802833	30946516.00
2012/03/28	7.32	7.41	6.88	6.92	3501271	27384536.00
2012/03/29	6.93	7.27	6.93	7.09	4252932	33499652.00
2012/03/30	6.92	7.87	6.88	7.32	24996461	205388480.00
2012/04/05	7.08	7.26	6.52	7.14	16090055	122542880.00
2012/04/06	7.02	7.66	6.87	7.56	16001242	128013088.00
2012/04/09	7.42	7.56	7.29	7.29	9857638	80252376.00
2012/04/10	7.12	7.53	6.95	7.49	9104404	72196304.00
2012/04/11	7.35	8.31	7.31	8.31	33549324	296682432.00
2012/04/12	8.26	9.15	8.17	8.82	45740751	428129248.00
2012/04/13	8.60	8.96	8.46	8.59	27249164	255347408.00
2012/04/16	8.50	9.51	8.35	9.18	37705612	365904800.00
2012/04/17	8.95	9.09	8.19	8.19	25594741	236820528.00
2012/04/18	8.15	9.08	8.10	9.08	33679345	319304192.00
2012/04/19	9.17	9.31	8.43	8.61	31474967	297492864.00
2012/04/23	8.98	9.54	8.90	9.54	42042826	425996672.00
2012/04/24	9.77	10.57	9.57	10.57	70383907	779257280.00
2012/04/25	11.70	11.70	11.70	11.70	14400194	178994416.00
2012/04/26	12.84	12.94	12.15	12.59	97268661	1317249152.00
2012/04/27	12.05	13.77	11.78	12.24	89909974	1211486976.00
2012/05/02	12.38	12.65	10.94	11.40	74521306	916195456.00
2012/05/03	11.33	11.76	11.04	11.42	53874505	650276352.00
2012/05/04	11.17	11.49	10.85	11.02	47217091	560600128.00
2012/05/07	10.87	11.92	10.87	11.28	58906782	715334272.00
2012/05/08	11.21	11.49	10.67	10.97	50319416	590960192.00
2012/05/09	10.80	11.44	10.69	11.18	43844641	518346400.00
2012/05/10	11.05	11.17	10.72	10.76	30242456	352059840.00
2012/05/11	10.77	11.07	10.49	10.71	27947252	321684288.00
2012/05/14	10.70	11.02	10.63	10.66	23381503	270616896.00
2012/05/15	10.49	10.73	9.76	10.03	35630580	389225248.00
2012/05/16	10.01	10.36	9.93	10.02	20105045	217742768.00
2012/05/17	9.97	10.85	9.97	10.43	49648528	555671488.00
2012/05/18	10.22	10.22	9.31	9.40	43975069	454670272.00
2012/05/21	9.32	9.67	9.32	9.38	17235838	175747344.00
2012/05/22	9.41	9.61	9.34	9.58	15721909	160619792.00
2012/05/23	9.49	9.95	9.42	9.69	26532584	276735264.00
2012/05/24	9.52	9.77	9.39	9.54	18453724	189943728.00
2012/05/25	9.54	9.77	9.48	9.55	16572984	171337568.00
2012/05/28	9.60	10.52	9.59	10.26	45308450	489273632.00
2012/05/29	10.16	10.25	9.82	10.17	26687528	287315968.00
2012/05/30	10.07	10.23	9.85	9.92	18912938	203705600.00
2012/05/31	9.81	9.82	9.59	9.76	14820401	154905072.00
2012/06/01	9.74	9.86	9.60	9.64	7739248	80663168.00
2012/06/04	9.43	9.56	9.06	9.09	14473013	144944320.00
2012/06/05	9.09	9.27	8.85	9.01	9866103	94873392.00
2012/06/06	9.00	9.15	8.87	8.96	8169531	78611640.00
2012/06/07	9.11	9.22	8.95	9.01	11516388	111604976.00
2012/06/08	9.11	9.36	8.96	9.01	13121292	128299328.00
2012/06/12	9.20	9.61	9.11	9.26	23195550	231350128.00
2012/06/13	9.23	10.19	8.99	9.88	32397959	332665280.00
2012/06/14	9.72	9.96	9.49	9.56	20706890	213958336.00
2012/06/15	9.57	9.71	9.28	9.47	13269078	133551584.00
2012/06/18	9.55	9.65	9.47	9.59	8610392	87674736.00
2012/06/19	9.54	10.02	9.41	9.60	14628912	150920560.00
2012/06/20	9.57	9.71	9.20	9.21	11305831	113857024.00
2012/06/21	9.20	9.59	9.17	9.29	13221681	132018160.00
2012/06/25	9.16	9.16	8.54	8.56	10165990	95379048.00
2012/06/26	8.46	8.76	8.41	8.65	7445720	68870000.00
2012/06/27	8.63	8.87	8.56	8.68	7544170	70500528.00
2012/06/28	8.74	9.08	8.52	8.53	10544217	99650680.00
2012/06/29	8.41	8.59	8.20	8.53	8627774	77595784.00
2012/07/02	8.57	8.66	8.48	8.63	7344559	67504656.00
2012/07/03	8.66	8.77	8.58	8.75	6855714	63729072.00
2012/07/04	8.74	8.75	8.49	8.65	7061840	65108236.00
2012/07/05	8.55	8.77	8.39	8.73	14169392	131524728.00
2012/07/06	8.73	8.89	8.11	8.67	17950566	163918256.00
2012/07/09	8.46	8.79	8.44	8.50	11458481	105357144.00
2012/07/10	8.44	8.62	8.09	8.18	11781279	105721816.00
2012/07/11	8.18	8.37	7.99	8.22	10871080	95049960.00
2012/07/12	8.16	8.35	8.02	8.34	14499065	127451344.00
2012/07/13	8.28	8.51	8.19	8.46	16420479	147470560.00
2012/07/16	8.47	8.51	8.14	8.48	13500002	120549232.00
2012/07/17	8.29	8.59	8.24	8.50	16439844	149644144.00
2012/07/18	8.94	9.33	8.62	9.15	45272970	431129472.00
2012/07/19	9.03	9.65	8.93	9.34	40156217	397485504.00
2012/07/20	9.25	9.51	9.00	9.16	21739700	214329312.00
2012/07/23	9.05	9.42	8.97	9.08	12803835	125610192.00
2012/07/24	8.91	9.66	8.91	9.44	26591239	265694528.00
2012/07/25	9.29	9.36	9.00	9.05	15553286	152485184.00
2012/07/26	9.05	9.20	8.64	8.72	13517042	128660840.00
2012/07/27	8.79	8.80	8.35	8.38	12268669	112489248.00
2012/07/30	8.39	8.47	8.03	8.12	9034081	79565488.00
2012/07/31	8.10	8.44	8.05	8.24	9514237	84516464.00
2012/08/01	8.21	8.54	8.20	8.43	9580368	86372040.00
2012/08/02	8.38	8.48	8.12	8.22	7783989	69298768.00
2012/08/03	8.27	8.44	8.16	8.44	7330767	65329280.00
2012/08/06	8.36	8.73	8.31	8.71	10610660	97465288.00
2012/08/07	8.62	8.82	8.60	8.71	8846005	82334672.00
2012/08/08	8.69	8.98	8.64	8.73	9915365	93312960.00
2012/08/09	8.70	8.87	8.52	8.85	10804260	101056480.00
2012/08/10	8.96	9.54	8.94	9.19	23512106	231945936.00
2012/08/13	9.14	9.38	8.90	8.91	13080133	127668040.00
2012/08/14	8.92	9.44	8.48	9.40	15344937	145836928.00
2012/08/15	9.29	9.37	8.99	9.05	12673982	123926336.00
2012/08/16	8.99	9.30	8.95	9.04	12319978	120265592.00
2012/08/17	9.01	9.28	8.92	9.25	12214736	119224328.00
2012/08/20	9.17	9.65	9.05	9.49	24466939	245277008.00
2012/08/21	9.42	9.60	9.34	9.48	16278253	163855488.00
2012/08/22	9.51	9.63	9.24	9.50	19418703	195007312.00
2012/08/23	9.39	9.47	9.23	9.29	12133058	120661832.00
2012/08/24	9.22	9.22	8.79	8.82	12480691	120184304.00
2012/08/27	8.69	8.76	8.43	8.51	7990937	73313160.00
2012/08/28	8.51	8.69	8.49	8.58	5211980	47935804.00
2012/08/29	8.57	8.73	8.52	8.64	7065476	65506660.00
2012/08/30	8.57	8.71	8.45	8.68	6222490	57407268.00
2012/08/31	8.62	8.70	8.52	8.58	4305094	39606348.00
2012/09/03	8.51	8.73	8.48	8.70	6129484	56714104.00
2012/09/04	8.70	8.71	8.38	8.41	7115870	65201788.00
2012/09/05	8.39	8.50	8.29	8.39	6496131	58377852.00
2012/09/06	8.41	8.56	8.36	8.51	5113750	46356232.00
2012/09/07	8.59	8.93	8.55	8.82	14456811	135607616.00
2012/09/10	8.84	9.05	8.71	8.96	14583493	138347744.00
2012/09/11	8.86	8.89	8.74	8.82	6890620	64926016.00
2012/09/12	8.87	9.22	8.84	9.15	18120589	175071728.00
2012/09/13	9.23	9.38	8.77	8.80	23001427	224979968.00
2012/09/14	8.89	8.94	8.61	8.68	11442501	107134064.00
2012/09/17	8.76	9.24	8.72	8.73	18878770	181244304.00
2012/09/18	8.68	8.69	8.42	8.51	10665040	97294776.00
2012/09/19	8.54	8.64	8.44	8.55	5528420	50625592.00
2012/09/20	8.53	8.53	8.14	8.16	9617356	86080352.00
2012/09/21	8.19	8.34	8.14	8.18	4770949	42210068.00
2012/09/24	8.21	8.21	7.73	7.96	6359387	54332368.00
2012/09/25	7.97	8.04	7.87	7.89	3457175	29556572.00
2012/09/26	7.87	7.91	7.52	7.65	6299752	52267988.00
2012/09/27	7.65	7.86	7.54	7.74	6605681	55038016.00
2012/09/28	7.68	7.89	7.65	7.84	5490311	46176408.00
2012/10/08	7.84	7.88	7.72	7.78	4360505	36575068.00
2012/10/09	7.79	8.11	7.71	8.08	8846781	75966752.00
2012/10/10	8.02	8.17	7.97	8.12	6902625	59947720.00
2012/10/11	8.07	8.15	7.87	7.90	5521060	47582348.00
2012/10/12	7.97	8.11	7.91	7.99	4801343	41318960.00
2012/10/15	8.02	8.11	7.99	8.08	6290770	54468076.00
2012/10/16	8.09	8.13	7.92	8.05	5120166	44335232.00
2012/10/17	8.08	8.26	8.00	8.12	6240892	54469712.00
2012/10/18	8.07	8.24	8.04	8.19	7135730	62596872.00
2012/10/19	8.15	8.23	8.09	8.11	4880085	42854688.00
2012/10/22	8.07	8.07	7.86	7.95	6177597	52776440.00
2012/10/23	7.95	8.02	7.74	7.78	7163191	60721344.00
2012/10/24	7.79	7.86	7.68	7.71	5603956	46895576.00
2012/10/25	7.69	7.77	7.61	7.65	4014087	33310120.00
2012/10/26	7.68	7.81	7.47	7.53	7050979	58075804.00
2012/10/29	7.89	8.02	7.75	7.78	13343716	112931112.00
2012/10/30	7.69	7.79	7.56	7.58	6796706	56175012.00
2012/10/31	7.72	7.85	7.67	7.77	7453786	62529792.00
2012/11/01	7.76	7.98	7.70	7.93	11384459	96704832.00
2012/11/02	7.93	7.99	7.79	7.92	8249438	70025784.00
2012/11/05	7.91	7.92	7.70	7.81	6179299	52019048.00
2012/11/06	7.81	7.82	7.53	7.64	6390039	52643724.00
2012/11/07	7.65	7.68	7.57	7.61	3113866	25648310.00
2012/11/08	7.51	7.99	7.40	7.57	11001293	91215712.00
2012/11/09	7.50	7.58	7.43	7.47	4510663	36538784.00
2012/11/12	7.49	7.57	7.43	7.54	4104574	33230072.00
2012/11/13	7.52	7.57	7.27	7.30	4604300	36920312.00
2012/11/14	7.29	7.33	7.19	7.30	3452222	27183524.00
2012/11/15	7.27	7.28	6.95	6.97	5296888	40980012.00
2012/11/16	6.98	7.03	6.86	6.91	3647258	27411332.00
2012/11/19	6.94	7.07	6.88	6.99	3450483	26159748.00
2012/11/20	7.00	7.18	6.95	7.00	4952732	38038040.00
2012/11/21	6.95	7.11	6.87	7.07	4746793	36198696.00
2012/11/22	7.07	7.50	6.97	7.38	16878896	133090056.00
2012/11/23	7.24	7.69	7.21	7.34	19981823	161772464.00
2012/11/26	7.16	7.35	7.09	7.17	7742176	60487884.00
2012/11/27	7.10	7.11	6.69	6.70	5975494	44923248.00
2012/11/28	6.70	6.73	6.35	6.42	5741340	40739016.00
2012/11/29	6.45	6.51	6.27	6.31	4007009	28168230.00
2012/11/30	6.30	6.49	6.29	6.42	4032279	28288600.00
2012/12/03	6.45	6.46	6.25	6.26	2989044	20849466.00
2012/12/04	6.22	6.49	6.19	6.45	4165113	29001156.00
2012/12/05	6.42	6.79	6.39	6.68	7650646	55484392.00
2012/12/06	6.64	6.94	6.63	6.74	8845661	65364096.00
2012/12/07	6.67	6.95	6.65	6.91	8881332	66082472.00
2012/12/10	6.90	7.42	6.82	7.25	15277349	118558464.00
2012/12/11	7.20	7.39	7.07	7.09	16885361	132318648.00
2012/12/12	7.05	7.21	6.84	6.98	9416679	71601392.00
2012/12/13	6.93	7.00	6.84	6.87	5247387	39539564.00
2012/12/14	6.91	7.50	6.88	7.40	19878183	157637456.00
2012/12/17	7.47	7.87	7.40	7.48	22856556	187538944.00
2012/12/18	7.40	7.51	7.33	7.41	12374270	99339128.00
2012/12/19	7.38	7.44	7.31	7.39	7269071	58048592.00
2012/12/20	7.34	7.41	7.19	7.33	8374298	66304276.00
2012/12/21	7.37	7.60	7.29	7.46	12319937	99414360.00
2012/12/24	7.43	7.50	7.35	7.42	5634725	45250124.00
2012/12/25	7.39	7.73	7.37	7.63	15222136	124696744.00
2012/12/26	7.64	7.83	7.53	7.79	16091584	133534024.00
2012/12/27	7.75	7.81	7.57	7.60	10902202	90177112.00
2012/12/28	7.59	7.87	7.56	7.77	11678282	97607520.00
2012/12/31	7.80	8.07	7.69	7.94	15963238	135403744.00
2013/01/04	7.99	8.00	7.67	7.75	9544902	80404504.00
2013/01/07	7.64	7.83	7.63	7.79	6107610	50985696.00
2013/01/08	7.75	7.88	7.71	7.85	8977091	75490496.00
2013/01/09	7.83	8.02	7.78	7.92	13559867	115632096.00
2013/01/10	7.91	7.97	7.80	7.89	8923789	75865224.00
2013/01/11	7.91	7.92	7.55	7.57	10996420	91468240.00
2013/01/14	7.51	7.84	7.49	7.81	10044498	83484224.00
2013/01/15	7.80	8.21	7.79	8.11	20643678	178310688.00
2013/01/16	8.07	8.47	8.02	8.30	18963155	167773872.00
2013/01/17	8.29	8.58	8.24	8.36	15142714	137068368.00
2013/01/18	8.33	8.48	8.22	8.44	12121195	108669048.00
2013/01/21	8.74	8.84	8.44	8.51	14132859	130007256.00
2013/01/22	8.49	8.57	8.26	8.30	8945637	80668424.00
2013/01/23	8.29	8.98	8.25	8.87	22664290	211087328.00
2013/01/24	8.84	9.12	8.53	8.77	30325340	287452352.00
2013/01/25	8.67	8.69	8.43	8.53	10832620	98940096.00
2013/01/28	8.50	8.81	8.49	8.75	9433242	87465704.00
2013/01/29	8.74	8.86	8.69	8.75	8776133	82344512.00
2013/01/30	8.79	8.84	8.59	8.71	8193773	76207568.00
2013/01/31	8.70	8.75	8.49	8.53	7741569	71027736.00
2013/02/01	8.49	8.87	8.47	8.84	13099426	121930856.00
2013/02/04	8.94	9.55	8.94	9.25	30959947	306008640.00
2013/02/05	9.09	9.22	8.95	9.14	11289821	109554800.00
2013/02/06	9.11	9.48	9.09	9.28	12381274	122762536.00
2013/02/07	9.27	9.52	9.22	9.46	13402730	134203664.00
2013/02/08	9.41	9.52	9.32	9.35	9731320	97479856.00
2013/02/18	9.39	9.45	9.25	9.26	8299666	82453224.00
2013/02/19	9.25	9.27	8.87	8.92	9869378	95157192.00
2013/02/20	8.94	9.15	8.88	9.14	7226117	69580032.00
2013/02/21	9.05	9.05	8.70	8.89	9600575	91235528.00
2013/02/22	8.91	8.98	8.78	8.79	4802340	45559760.00
2013/02/25	8.83	8.97	8.81	8.94	4677105	44471940.00
2013/02/26	8.88	9.04	8.79	8.81	5240794	49986664.00
2013/02/27	8.85	9.34	8.84	9.34	14751698	143817808.00
2013/02/28	9.33	9.38	9.20	9.36	10603962	105187032.00
2013/03/01	9.34	9.62	9.29	9.41	11152625	112388336.00
2013/03/04	9.40	9.40	8.83	8.91	11359315	110158992.00
2013/03/05	8.86	9.28	8.86	9.26	7864581	76427112.00
2013/03/06	9.28	9.57	9.22	9.38	9556532	95956584.00
2013/03/07	9.39	9.68	9.12	9.22	12603498	126345304.00
2013/03/08	9.27	9.38	9.15	9.20	6383803	62963488.00
2013/03/11	9.16	9.44	9.13	9.29	5216816	51799224.00
2013/03/12	9.28	9.64	9.18	9.56	16339214	164517280.00
2013/03/13	9.56	9.56	9.18	9.26	9273873	92376136.00
2013/03/14	9.17	9.26	8.91	9.01	10183542	98536664.00
2013/03/15	9.05	9.26	8.87	9.09	8367359	81127512.00
2013/03/18	9.00	9.11	8.84	8.88	4906062	46923624.00
2013/03/19	8.99	9.03	8.74	8.97	3538725	33712836.00
2013/03/20	9.00	9.58	8.95	9.57	14502075	144493152.00
2013/03/21	9.56	10.56	9.51	10.22	28447660	305535744.00
2013/03/22	10.09	10.75	10.05	10.56	27709723	307715296.00
2013/03/25	10.67	11.14	10.50	11.08	26289582	302547744.00
2013/03/26	10.97	12.25	10.89	12.25	35280864	432701504.00
2013/03/27	12.32	12.74	11.84	12.04	41254754	528956896.00
2013/03/28	11.89	11.96	11.49	11.67	27332533	336338656.00
2013/03/29	11.67	11.76	11.07	11.25	26140443	314801696.00
2013/04/01	11.09	11.38	11.02	11.31	17286515	204624816.00
2013/04/02	11.26	11.39	10.51	10.63	33441319	383073376.00
2013/04/03	10.63	10.91	10.57	10.67	19432682	220465968.00
2013/04/08	10.41	10.99	10.34	10.97	17830492	202747344.00
2013/04/09	11.16	11.37	10.91	10.99	21415262	251551504.00
2013/04/10	10.84	11.12	10.72	11.06	13192836	152453712.00
2013/04/11	11.09	11.17	10.79	10.87	9010694	104363904.00
2013/04/12	10.85	11.06	10.78	10.86	5956243	68649376.00
2013/04/15	10.81	11.35	10.80	11.25	16291775	191895536.00
2013/04/16	11.12	11.33	10.90	11.25	13801024	162331008.00
2013/04/17	11.27	11.31	11.01	11.21	8892027	104693840.00
2013/04/18	11.27	11.72	11.15	11.65	24059719	291542912.00
2013/04/19	11.59	12.11	11.57	11.85	19638515	244500416.00
2013/04/22	11.69	11.78	11.38	11.51	19057872	230960000.00
2013/04/23	11.47	11.49	10.97	11.28	16471415	193843376.00
2013/04/24	11.27	11.72	11.26	11.56	15404536	186596096.00
2013/04/25	11.46	11.65	11.12	11.27	12273691	147186464.00
2013/04/26	11.38	11.54	11.01	11.34	12255638	145879328.00
2013/05/02	10.96	10.98	10.51	10.75	12499320	142059584.00
2013/05/03	10.77	11.09	10.70	10.82	12563395	144771056.00
2013/05/06	10.82	10.97	10.81	10.90	9085771	104574584.00
2013/05/07	10.92	11.06	10.54	10.81	12193282	138951712.00
2013/05/08	10.82	11.13	10.77	11.06	14757474	171126080.00
2013/05/09	10.97	11.05	10.67	10.87	10133257	115630352.00
2013/05/10	10.84	11.57	10.67	11.54	23761436	278123680.00
2013/05/13	11.49	11.97	11.42	11.75	23895904	294616864.00
2013/05/14	11.59	12.02	11.44	11.98	17413841	214260288.00
2013/05/15	11.94	12.14	11.79	11.89	17619453	221265408.00
2013/05/16	11.84	12.27	11.63	12.06	17842091	225849584.00
2013/05/17	12.19	12.33	11.95	12.05	15075908	191494944.00
2013/05/20	12.14	12.35	11.97	11.99	20499800	261561360.00
2013/05/21	11.86	12.49	11.70	12.48	26104993	329947296.00
2013/05/22	12.61	13.27	12.45	12.82	32635976	442313888.00
2013/05/23	12.47	12.57	11.99	12.02	23819094	306485792.00
2013/05/24	12.13	12.24	12.01	12.09	12612509	160574096.00
2013/05/27	12.14	12.74	12.09	12.58	17747546	233403536.00
2013/05/28	12.62	13.20	12.17	13.04	23413620	311773344.00
2013/05/29	13.15	13.25	12.69	12.84	16788435	228588176.00
2013/05/30	12.87	13.82	12.69	13.64	26931539	377486208.00
2013/05/31	13.64	13.97	13.43	13.55	19763904	282440000.00
2013/06/03	13.58	14.06	13.54	13.64	16596326	238482368.00
2013/06/04	13.74	13.77	12.91	13.32	16042819	222505312.00
2013/06/05	13.35	13.54	13.04	13.51	10752520	149439424.00
2013/06/06	13.36	14.06	13.24	13.70	19339264	277629568.00
2013/06/07	13.71	13.84	12.39	13.06	28053094	381639552.00
2013/06/13	12.79	12.79	12.19	12.53	12654789	166221536.00
2013/06/14	12.66	12.87	12.49	12.70	11859593	157633216.00
2013/06/17	12.73	12.73	12.10	12.34	14030332	181417360.00
2013/06/18	12.37	12.57	12.16	12.45	6292858	80247776.00
2013/06/19	12.37	12.98	12.16	12.78	11556334	151863360.00
2013/06/20	12.76	12.91	11.97	12.42	12250899	157188240.00
2013/06/21	12.03	12.32	11.83	12.23	7322160	91404216.00
2013/06/24	12.06	12.09	10.97	11.01	14061556	165254672.00
2013/06/25	10.69	11.70	10.24	11.55	21752993	251422400.00
2013/06/26	11.41	11.63	11.07	11.39	14364056	168293600.00
2013/06/27	11.54	11.59	10.43	10.93	20593383	236649776.00
2013/06/28	10.65	11.08	10.39	10.75	13736935	152346320.00
2013/07/01	10.72	10.97	10.50	10.95	11701010	129881928.00
2013/07/02	11.00	11.70	11.00	11.63	22911248	269575136.00
2013/07/03	11.71	11.84	11.29	11.56	14999986	179346240.00
2013/07/04	11.36	11.74	11.31	11.50	12179611	144881728.00
2013/07/05	11.65	12.09	11.39	11.81	19497555	235749760.00
2013/07/08	11.76	12.51	11.60	12.25	30128259	379197088.00
2013/07/09	12.13	12.23	11.60	11.72	18829045	228926928.00
2013/07/10	11.59	12.63	11.49	12.23	24772043	311367744.00
2013/07/11	12.12	12.68	12.04	12.53	24585307	313656960.00
2013/07/12	12.46	12.52	12.14	12.19	15649154	198528624.00
2013/07/15	12.25	12.44	12.02	12.35	15052411	190074320.00
2013/07/16	12.28	12.57	12.24	12.38	11324328	144538000.00
2013/07/17	12.29	12.38	11.82	12.00	16127680	200557072.00
2013/07/18	11.87	12.13	11.49	11.63	14675387	177323856.00
2013/07/19	11.60	11.74	11.25	11.34	11740799	139542928.00
2013/07/22	11.24	11.48	11.07	11.41	6784087	79449592.00
2013/07/23	11.44	12.06	11.40	11.99	14861878	181005312.00
2013/07/24	12.00	12.03	11.66	11.89	10633063	129636608.00
2013/07/25	11.99	12.03	11.56	11.68	10125666	122991248.00
2013/07/26	11.99	12.88	11.99	12.88	23484827	304815904.00
2013/07/29	12.88	13.30	12.40	12.51	37928780	503525760.00
2013/07/30	12.52	13.12	11.90	12.71	32155724	417431360.00
2013/07/31	12.72	12.76	12.26	12.32	17439106	223782800.00
2013/08/01	12.22	12.71	12.22	12.67	15528180	199912800.00
2013/08/02	12.72	13.40	12.57	13.15	26645182	355672864.00
2013/08/05	13.24	13.41	13.03	13.22	20356978	276558240.00
2013/08/06	13.19	13.33	12.97	13.15	14785636	199816848.00
2013/08/07	13.19	13.73	13.14	13.24	21541059	297215520.00
2013/08/08	13.14	13.46	12.84	13.16	17290360	232478080.00
2013/08/09	13.20	13.62	13.16	13.21	17452622	239931936.00
2013/08/12	13.26	13.71	13.04	13.52	17875992	247302576.00
2013/08/13	13.61	14.91	13.44	14.50	41054690	602947712.00
2013/08/14	14.38	14.70	14.14	14.25	26215919	385704608.00
2013/08/15	14.38	15.10	14.14	14.52	31192181	469481472.00
2013/08/16	14.30	14.79	13.75	14.03	26640091	390404416.00
2013/08/19	14.02	14.86	13.92	14.77	23318684	347049760.00
2013/08/20	14.80	14.91	14.44	14.68	19509371	293271008.00
2013/08/21	14.74	14.78	14.21	14.40	14266514	210788912.00
2013/08/22	14.40	14.49	14.05	14.15	14679238	214269696.00
2013/08/23	14.22	14.38	13.24	14.11	18431709	263645568.00
2013/08/26	14.14	14.52	14.05	14.39	13137704	192776272.00
2013/08/27	14.36	15.09	14.34	14.68	20094449	303546048.00
2013/08/28	14.62	14.62	14.21	14.31	13766158	202884992.00
2013/08/29	14.32	14.48	13.94	14.17	10595113	154237552.00
2013/08/30	14.42	15.19	14.42	14.62	26825917	406461024.00
2013/09/02	14.74	14.79	13.64	13.96	20879063	302658976.00
2013/09/03	13.93	14.04	13.45	13.87	15402137	216834592.00
2013/09/04	13.84	13.86	13.55	13.74	7932948	111720488.00
2013/09/05	13.78	13.99	13.66	13.90	9362320	133217872.00
2013/09/06	13.86	13.99	13.36	13.65	15039711	209781904.00
2013/09/09	13.63	14.40	13.55	14.01	21841466	314574080.00
2013/09/10	13.93	14.02	13.64	13.94	17968070	253270944.00
2013/09/11	13.91	14.13	13.65	13.69	16749348	239638304.00
2013/09/12	13.54	14.12	13.37	13.68	14257851	202166640.00
2013/09/13	13.54	14.00	13.53	13.68	10630659	150283440.00
2013/09/16	13.64	14.03	13.54	14.00	14261280	202212992.00
2013/09/17	14.04	14.11	13.54	13.60	13057424	184843904.00
2013/09/18	13.54	13.82	13.28	13.45	10606670	146930784.00
2013/09/23	13.08	13.57	13.08	13.55	7622219	104924992.00
2013/09/24	13.60	13.61	13.29	13.51	8038442	111265296.00
2013/09/25	13.50	13.50	13.14	13.31	11712812	159815168.00
2013/09/26	13.25	13.31	12.65	12.80	13798725	182920672.00
2013/09/27	12.77	12.86	12.45	12.65	9207444	119816856.00
2013/09/30	12.77	12.97	12.69	12.82	7379297	97531160.00
2013/10/08	12.83	13.15	12.68	13.13	10111372	135063664.00
2013/10/09	13.08	13.58	13.00	13.55	14943985	205065472.00
2013/10/10	13.51	14.05	13.44	13.71	18737995	265789136.00
2013/10/11	13.77	13.87	13.55	13.77	8140035	114460384.00
2013/10/14	13.79	13.89	13.66	13.79	8036964	113716360.00
2013/10/15	13.80	13.84	13.39	13.48	7016646	97454584.00
2013/10/16	13.47	13.47	12.64	12.96	9001266	120258152.00
2013/10/17	12.96	13.17	12.89	13.05	6370767	85282024.00
2013/10/18	13.07	13.43	13.06	13.20	4930573	66927360.00
2013/10/21	13.14	13.52	13.05	13.45	8185481	112104408.00
2013/10/22	13.39	13.71	13.33	13.45	7100723	98441688.00
2013/10/23	13.52	13.81	13.06	13.27	9539718	132175424.00
2013/10/24	13.37	13.37	12.92	13.07	4608625	62122368.00
2013/10/25	13.07	13.16	12.53	12.74	7074670	92781456.00
2013/10/28	12.74	12.94	12.57	12.70	3044676	39810632.00
2013/10/29	12.70	12.79	11.94	12.42	6680799	85167656.00
2013/10/30	12.48	12.73	12.25	12.59	4236090	54336736.00
2013/10/31	12.82	12.82	12.53	12.58	4533880	59060852.00
2013/11/01	12.60	12.81	12.39	12.71	3626501	46967540.00
2013/11/04	12.70	12.78	12.60	12.68	3207906	41866688.00
2013/11/05	12.68	12.81	12.47	12.74	3832745	50057244.00
2013/11/06	12.65	12.83	12.59	12.71	3597890	47066720.00
2013/11/07	12.66	12.86	12.38	12.47	4590797	59231392.00
2013/11/08	12.56	12.56	12.19	12.37	3125753	39752072.00
2013/11/11	12.36	12.64	12.22	12.36	3154128	40172684.00
2013/11/12	12.36	12.52	12.16	12.43	3205542	40820480.00
2013/11/13	12.40	12.43	12.05	12.19	3445659	43237096.00
2013/11/14	12.16	12.37	12.06	12.30	3107943	39122880.00
2013/11/15	12.33	12.73	12.24	12.52	6431003	82867240.00
2013/11/18	12.55	12.84	12.51	12.80	8139732	106402304.00
2013/11/19	12.77	12.83	12.59	12.75	7130050	93083520.00
2013/11/20	12.72	12.80	12.52	12.74	5454008	70956664.00
2013/11/21	12.77	12.80	12.56	12.75	4637778	60454464.00
2013/11/22	12.73	12.89	12.62	12.83	9075724	119426560.00
2013/11/25	12.75	12.93	12.71	12.79	6799986	89622096.00
2013/11/26	12.74	12.86	12.64	12.74	4300566	56286300.00
2013/11/27	12.72	12.83	12.58	12.78	4427994	57958968.00
2013/11/28	12.79	13.02	12.77	12.90	8499028	112907368.00
2013/11/29	12.90	13.09	12.85	13.05	6640796	88523120.00
2013/12/02	12.98	13.84	12.87	13.32	19310491	267377616.00
2013/12/03	13.36	13.79	13.26	13.70	11262374	156598544.00
2013/12/04	13.71	13.81	13.54	13.74	11043344	155213760.00
2013/12/05	13.71	13.79	13.43	13.45	8356835	116319088.00
2013/12/06	13.47	13.54	13.19	13.28	6590220	90153144.00
2013/12/09	13.25	13.43	13.15	13.31	3629026	49502012.00
2013/12/10	13.33	13.46	13.23	13.44	6718573	92336752.00
2013/12/11	13.35	13.44	13.17	13.24	4984192	68053984.00
2013/12/12	13.20	13.33	13.14	13.22	3552028	48275468.00
2013/12/13	13.18	13.23	13.02	13.12	4373065	58894292.00
2013/12/16	13.08	13.10	12.55	12.62	7539456	98959792.00
2013/12/17	12.66	12.77	12.50	12.58	3175414	41117480.00
2013/12/18	12.55	12.72	12.53	12.61	2328169	30185368.00
2013/12/19	12.62	12.68	12.39	12.51	2603052	33542718.00
2013/12/20	12.59	12.81	12.47	12.61	4884877	63629376.00
2013/12/23	12.59	12.78	11.73	12.52	3625391	46766132.00
2013/12/24	12.54	12.64	12.37	12.44	3347145	43089088.00
2013/12/25	12.43	12.49	12.20	12.38	4292610	54428856.00
2013/12/26	12.37	12.40	12.09	12.15	3186435	40064464.00
2013/12/27	12.15	12.33	12.15	12.22	2704729	34032704.00
2013/12/30	12.26	12.30	12.02	12.16	3436059	42953040.00
2013/12/31	12.12	12.23	11.92	12.19	5524108	68429960.00
2014/01/02	12.12	12.12	11.95	12.06	2787771	34511068.00
2014/01/03	12.08	12.08	11.86	11.96	3459785	42574380.00
2014/01/06	11.92	11.92	11.32	11.45	4176688	49740200.00
2014/01/07	11.42	11.49	11.27	11.30	3279246	38412392.00
2014/01/08	11.36	11.49	11.19	11.23	2952278	34409076.00
2014/01/09	11.25	11.30	10.95	11.01	3639552	41928528.00
2014/01/10	11.01	11.02	10.43	10.58	7144109	78582768.00
2014/01/13	10.54	10.84	10.44	10.53	3499831	38352080.00
2014/01/14	10.49	10.69	10.49	10.69	3325627	36518924.00
2014/01/15	10.74	10.78	10.62	10.70	2681391	29641634.00
2014/01/16	10.72	10.78	10.64	10.73	2480546	27525036.00
2014/01/17	10.89	11.84	10.88	11.84	21572885	256465280.00
2014/01/20	11.64	12.04	11.46	11.88	13406148	162824448.00
2014/01/21	11.86	11.91	11.62	11.78	6524945	79155024.00
2014/01/22	11.87	12.07	11.74	11.95	8124314	99779448.00
2014/01/23	11.95	12.12	11.86	11.94	7088529	87371440.00
2014/01/24	11.88	12.00	11.76	11.84	7528245	92199176.00
2014/01/27	11.82	12.28	11.76	12.04	7803132	96808376.00
2014/01/28	11.93	12.20	11.93	12.01	5086458	63124464.00
2014/01/29	11.96	12.13	11.81	11.91	4995906	61429992.00
2014/01/30	11.87	11.91	11.39	11.41	6780653	80859312.00
2014/02/07	11.32	11.32	11.13	11.25	6796113	78545992.00
2014/02/10	11.34	11.74	11.32	11.73	8108390	97232184.00
2014/02/11	11.71	12.17	11.66	12.10	10863922	133959360.00
2014/02/12	12.10	12.38	11.92	12.29	9957488	124746208.00
2014/02/13	12.23	12.32	11.99	12.01	9561415	119709032.00
2014/02/14	12.09	12.61	12.04	12.55	11537113	147726768.00
2014/02/17	12.56	12.70	12.45	12.58	9301178	120364600.00
2014/02/18	12.64	12.89	12.55	12.86	11465426	150497408.00
2014/02/19	12.82	12.90	12.55	12.66	7636764	99583632.00
2014/02/20	12.66	12.74	12.26	12.35	6272402	80149424.00
2014/02/21	12.34	12.49	12.09	12.20	6062115	76794744.00
2014/02/24	12.09	12.18	11.74	11.82	7446211	91050672.00
2014/02/25	11.86	11.98	11.24	11.30	6984541	83882280.00
2014/02/26	11.30	11.44	11.04	11.29	4877356	56577092.00
2014/02/27	11.37	11.58	11.24	11.31	5643393	66487856.00
2014/02/28	11.22	11.67	10.92	11.63	6653669	77303960.00
2014/03/03	11.66	11.92	11.57	11.75	5801596	70228192.00
2014/03/04	11.64	11.64	11.42	11.54	4175764	49575584.00
2014/03/05	11.62	11.82	11.44	11.45	5319560	63574096.00
2014/03/06	11.45	11.58	11.35	11.47	3990984	47106632.00
2014/03/07	11.47	11.56	11.12	11.30	7300965	85083256.00
2014/03/10	11.16	11.21	10.78	10.82	3877535	44044288.00
2014/03/11	10.75	10.99	10.75	10.89	2818644	31668704.00
2014/03/12	10.89	11.15	10.79	11.13	3701967	41973248.00
2014/03/13	11.12	11.19	11.01	11.17	2966933	34116144.00
2014/03/14	11.12	11.16	10.90	10.94	2427328	27600696.00
2014/03/17	10.94	11.25	10.94	11.23	3259210	37407080.00
2014/03/18	11.24	11.55	11.24	11.44	4759942	56111616.00
2014/03/19	11.36	11.59	11.20	11.45	3835965	44958248.00
2014/03/20	11.46	11.54	11.20	11.23	3056710	35931028.00
2014/03/21	11.21	11.50	11.16	11.49	3460967	40611936.00
2014/03/24	11.52	11.76	11.48	11.72	5459873	65521364.00
2014/03/25	11.72	11.75	11.57	11.63	4074180	48912548.00
2014/03/26	11.72	11.81	11.53	11.59	2918524	34943688.00
2014/03/27	11.53	11.78	11.50	11.70	5242780	63213108.00
2014/03/28	11.70	11.74	11.30	11.33	4683507	55490044.00
2014/03/31	11.14	11.34	10.76	10.89	5841303	66128272.00
2014/04/01	10.89	11.13	10.84	11.13	3129505	35679824.00
2014/04/02	11.14	11.21	11.01	11.06	2095007	24071150.00
2014/04/03	11.07	11.25	11.03	11.20	3208453	36875848.00
2014/04/04	11.14	11.26	11.10	11.22	2622398	30361744.00
2014/04/08	11.23	11.42	11.20	11.38	3870678	45188544.00
2014/04/09	11.37	11.48	11.36	11.45	3165988	37317940.00
2014/04/10	11.45	11.49	11.25	11.45	4616960	54298884.00
2014/04/11	11.44	11.54	11.30	11.31	4279648	50259204.00
2014/04/14	11.33	11.41	11.17	11.36	4179892	48682840.00
2014/04/15	11.34	11.49	11.28	11.38	3918337	46009148.00
2014/04/16	11.38	11.46	11.24	11.32	2578040	30138308.00
2014/04/17	11.36	11.41	11.26	11.38	2550831	29872264.00
2014/04/18	11.41	11.75	11.36	11.69	8698951	104149256.00
2014/04/21	11.64	11.65	11.27	11.30	5886524	69699736.00
2014/04/22	11.37	11.41	11.09	11.23	3499562	40520624.00
2014/04/23	11.24	11.36	11.16	11.28	2258887	26242564.00
2014/04/24	11.24	11.28	11.02	11.05	2310649	26597896.00
2014/04/25	11.05	11.17	10.82	10.88	2595527	29485190.00
2014/04/28	10.84	10.88	10.41	10.49	3534138	38831200.00
2014/04/29	10.52	10.66	10.46	10.58	2239247	24402024.00
2014/04/30	10.64	10.85	10.54	10.84	2770742	30590972.00
2014/05/05	10.79	10.79	10.49	10.61	4824616	52785700.00
2014/05/06	10.62	10.83	10.59	10.82	3942446	43778612.00
2014/05/07	10.74	10.74	10.56	10.56	2603513	28634520.00
2014/05/08	10.55	10.72	10.55	10.64	2142426	23555008.00
2014/05/09	10.62	10.64	10.43	10.51	2532450	27517794.00
2014/05/12	10.64	10.76	10.56	10.75	3400568	37573384.00
2014/05/13	10.75	10.77	10.60	10.68	2396903	26438576.00
2014/05/14	10.64	10.72	10.64	10.67	1684883	18570500.00
2014/05/15	10.65	10.70	10.44	10.52	2678475	29188380.00
2014/05/16	10.53	10.54	10.34	10.44	2246271	24199702.00
2014/05/19	10.40	10.43	10.26	10.32	2742398	29295596.00
2014/05/20	10.38	10.44	10.28	10.34	1383553	14847196.00
2014/05/21	10.29	10.41	10.25	10.40	1860890	19955692.00
2014/05/22	10.42	10.46	10.31	10.32	1991716	21428192.00
2014/05/23	10.31	10.38	10.30	10.37	1751175	18735036.00
2014/05/26	10.40	10.43	10.35	10.39	2496333	26831000.00
2014/05/27	10.42	10.42	10.32	10.34	2263586	24270742.00
2014/05/28	10.35	10.62	10.29	10.54	5713876	61845436.00
2014/05/29	10.54	10.54	10.35	10.42	3912731	42229144.00
2014/05/30	10.37	10.58	10.29	10.50	5450206	58963164.00
2014/06/03	10.45	10.49	10.35	10.36	3044780	32808332.00
2014/06/04	10.35	10.38	10.05	10.12	4087403	43001664.00
2014/06/05	10.09	10.19	10.05	10.18	1986239	20821830.00
2014/06/06	10.21	10.22	10.07	10.10	1739367	18244476.00
2014/06/09	10.08	10.12	9.97	9.99	2925556	30435408.00
2014/06/10	10.02	10.09	9.97	10.03	3781601	39278572.00
2014/06/11	10.01	10.07	9.98	10.05	2949672	30635672.00
2014/06/12	10.11	10.27	10.08	10.26	6971513	73662840.00
2014/06/13	10.28	10.30	10.18	10.25	4069732	43127856.00
2014/06/16	10.28	10.35	10.22	10.30	3983454	42394108.00
2014/06/17	10.32	10.49	10.23	10.48	7308341	78233560.00
2014/06/18	10.45	10.50	10.31	10.36	4437736	46007552.00
2014/06/19	10.40	10.62	10.04	10.16	4569433	47156860.00
2014/06/20	10.12	10.25	10.09	10.15	1815674	18451424.00
2014/06/23	10.20	10.23	10.10	10.11	2000331	20308980.00
2014/06/24	10.28	10.28	10.11	10.15	2440591	24813742.00
2014/06/25	10.19	10.36	10.15	10.18	4123053	42314032.00
2014/06/26	10.26	10.59	10.19	10.52	9482133	99040224.00
2014/06/27	10.57	11.08	10.45	10.95	16979146	183109440.00
2014/06/30	11.02	11.55	11.02	11.30	23560784	267105440.00
2014/07/01	11.14	11.23	10.98	11.09	10226160	113425968.00
2014/07/02	11.09	11.16	10.99	11.13	6320669	69968624.00
2014/07/03	11.07	11.18	10.94	11.13	6328800	69990872.00
2014/07/04	11.12	11.13	11.01	11.08	3778858	41826784.00
2014/07/07	11.13	11.15	11.04	11.07	3115772	34564728.00
2014/07/08	11.10	11.10	10.83	10.99	4684163	51282392.00
2014/07/09	11.04	11.05	10.60	10.63	6828726	73538968.00
2014/07/10	10.70	10.70	10.62	10.65	3578072	38144744.00
2014/07/11	10.65	11.12	10.60	11.10	9083905	98904480.00
2014/07/14	11.22	11.39	11.11	11.16	9002895	100882528.00
2014/07/15	11.12	11.27	11.05	11.26	5652824	63041156.00
2014/07/16	11.25	11.75	11.11	11.59	15948847	183251712.00
2014/07/17	11.64	11.80	11.28	11.45	13343686	154373120.00
2014/07/18	11.30	11.59	11.20	11.34	6908531	78650320.00
2014/07/21	11.34	11.41	11.14	11.15	5022191	56443572.00
2014/07/22	11.13	11.32	11.09	11.26	5175352	58124712.00
2014/07/23	11.20	11.30	11.16	11.17	4052533	45478708.00
2014/07/24	11.22	11.39	11.14	11.35	6621658	74850888.00
2014/07/25	11.35	11.41	11.19	11.35	4882040	55127400.00
2014/07/28	11.40	11.59	11.34	11.55	9129436	104934696.00
2014/07/29	11.62	11.76	11.47	11.56	8229977	95608832.00
2014/07/30	11.60	11.66	11.41	11.54	4960102	57143920.00
2014/07/31	11.50	12.06	11.39	12.04	17921728	212373760.00
2014/08/01	12.18	12.51	12.02	12.06	23301978	285548000.00
2014/08/04	11.99	12.29	11.89	12.19	12054219	145942512.00
2014/08/05	12.19	12.19	11.95	12.06	8542789	102870384.00
2014/08/06	12.01	12.19	11.95	12.17	8825549	106683992.00
2014/08/07	12.14	12.21	11.92	11.95	7978157	96040848.00
2014/08/08	11.95	12.06	11.81	11.95	5719667	68347416.00
2014/08/11	11.92	12.26	11.92	12.20	8614200	104569560.00
2014/08/12	12.18	12.33	12.09	12.30	9749883	119166624.00
2014/08/13	12.25	12.30	11.95	12.13	6004443	72695952.00
2014/08/14	12.11	12.26	11.99	12.04	6657393	80647992.00
2014/08/15	12.02	12.55	12.02	12.49	13522193	166999008.00
2014/08/18	12.45	12.66	12.38	12.57	11970054	149479728.00
2014/08/19	12.55	12.57	12.32	12.43	7584329	94150352.00
2014/08/20	12.45	12.62	12.40	12.46	7848794	98356328.00
2014/08/21	12.43	12.50	12.24	12.47	5843385	72172808.00
2014/08/22	12.45	12.63	12.40	12.48	5348369	66982328.00
2014/08/25	12.50	12.61	12.39	12.57	8425173	105477152.00
2014/08/26	12.59	12.72	12.37	12.42	8924404	112157512.00
2014/08/27	12.44	12.59	12.36	12.46	10085309	125648608.00
2014/08/28	12.45	12.46	11.98	12.13	7366432	89993464.00
2014/08/29	12.07	12.56	12.07	12.51	5583528	69072216.00
2014/09/01	12.60	12.63	12.35	12.47	7139405	88716688.00
2014/09/02	12.47	12.63	12.39	12.63	9589992	119879840.00
2014/09/03	12.64	12.73	12.51	12.59	8745471	110134672.00
2014/09/04	12.58	12.78	12.48	12.75	11597646	146271808.00
2014/09/05	12.77	12.79	12.60	12.69	7063958	89666536.00
2014/09/09	12.69	12.74	12.55	12.62	9249648	116684696.00
2014/09/10	12.63	12.74	12.51	12.59	7651835	96562328.00
2014/09/11	12.59	13.34	12.59	12.95	19082006	248033568.00
2014/09/12	12.95	13.61	12.91	13.50	21609460	287253920.00
2014/09/15	13.41	13.54	13.29	13.43	12423654	166484432.00
2014/09/16	13.40	13.43	12.80	12.84	14841598	195059216.00
2014/09/17	12.98	13.05	12.65	12.77	9498019	121696696.00
2014/09/18	12.74	13.00	12.67	12.89	7640818	98074552.00
2014/09/19	12.81	12.98	12.74	12.88	8285950	106510944.00
2014/09/22	12.87	12.89	12.51	12.54	9502459	120097528.00
2014/09/23	12.58	12.93	12.51	12.92	9721158	124256896.00
2014/09/24	12.98	13.45	12.98	13.21	15463819	205398992.00
2014/09/25	13.24	13.43	13.02	13.09	11954954	157856528.00
2014/09/26	12.99	13.24	12.98	13.06	7487218	97976120.00
2014/09/29	13.06	13.21	12.95	13.14	10813656	141362832.00
2014/09/30	13.13	13.19	13.06	13.09	6556235	86000056.00
2014/10/08	13.13	13.43	13.09	13.39	12259915	162353728.00
2014/10/09	12.95	13.09	12.48	12.80	34098575	436146464.00
2014/10/10	12.83	14.08	12.83	14.08	38604631	531834048.00
2014/10/13	14.89	15.49	14.68	15.00	72726803	1100876672.00
2014/10/14	15.30	16.50	15.25	16.50	64040863	1040984064.00
2014/10/15	16.52	17.07	15.84	16.77	77202648	1270679808.00
2014/10/16	16.55	16.83	15.93	16.00	50707243	829045312.00
2014/10/17	15.81	16.34	15.65	15.84	37403651	598964800.00
2014/10/20	15.88	16.10	15.36	16.02	32388321	512267872.00
2014/10/21	16.02	16.35	15.66	15.82	28849239	460745248.00
2014/10/22	15.93	16.43	15.78	15.91	26662353	429036896.00
2014/10/23	15.80	16.15	14.72	15.01	30984875	473253344.00
2014/10/24	15.18	15.24	14.80	15.06	15586419	233568208.00
2014/10/27	15.10	15.39	14.85	15.26	20153958	305047456.00
2014/10/28	15.31	15.68	15.15	15.57	24367903	375197792.00
2014/10/29	15.58	15.93	15.39	15.60	28954541	452766560.00
2014/10/30	15.79	16.15	15.55	15.60	24559722	388547904.00
2014/10/31	15.50	16.88	15.41	16.21	48843013	794704512.00
2014/11/03	16.36	17.83	16.10	17.78	57423229	973125056.00
2014/11/04	17.40	17.69	17.16	17.21	33717225	585910656.00
2014/11/05	17.07	17.60	16.89	17.37	25502585	439324416.00
2014/11/06	17.51	18.41	17.29	17.87	38050003	682057472.00
2014/11/07	17.60	17.97	16.59	16.67	36285009	628392384.00
2014/11/10	16.73	17.18	16.56	16.92	19400448	327121344.00
2014/11/11	16.91	16.91	15.24	15.70	27529863	441366720.00
2014/11/12	15.72	16.15	15.53	16.06	13007665	206998368.00
2014/11/13	16.07	16.97	15.67	16.74	28478686	471178496.00
2014/11/14	16.66	16.90	16.40	16.55	16086592	267158752.00
2014/11/17	16.55	17.37	16.55	16.82	18985171	323505952.00
2014/11/18	16.78	17.50	16.65	17.18	18011515	309748800.00
2014/11/19	17.25	17.59	16.75	17.20	21811108	376593280.00
2014/11/20	17.01	17.74	17.01	17.50	23264480	406470368.00
2014/11/21	17.59	17.65	17.28	17.57	17421033	304426592.00
2014/11/24	17.90	18.00	17.56	17.72	22052823	391192704.00
2014/11/25	17.68	17.96	17.28	17.67	21203761	374046624.00
2014/11/26	17.77	18.86	17.59	18.17	27420347	501893248.00
2014/11/27	18.28	18.99	18.02	18.73	24611904	456519680.00
2014/11/28	18.92	18.92	18.20	18.27	21241129	391358400.00
2014/12/01	18.23	18.23	17.30	17.42	19357325	339542784.00
2014/12/02	17.37	18.05	17.20	17.88	16877235	299395936.00
2014/12/03	17.80	18.25	17.42	17.76	18417490	328195968.00
2014/12/04	17.65	18.68	17.55	18.63	20539137	371571520.00
2014/12/05	19.05	19.99	17.89	19.20	41159272	786439488.00
2014/12/08	19.28	20.35	19.04	19.76	35731413	707560192.00
2014/12/09	19.50	19.51	17.78	17.78	34534355	648087168.00
2014/12/10	17.78	18.33	17.42	18.24	15955179	286275680.00
2014/12/11	18.17	19.27	18.01	19.11	21574406	408187808.00
2014/12/12	19.15	19.51	18.78	19.44	17784320	339144000.00
2014/12/15	19.60	19.98	19.08	19.59	21357318	418890432.00
2014/12/16	19.47	19.93	19.20	19.82	15160689	297277664.00
2014/12/17	19.89	19.96	18.72	19.08	22223491	427904032.00
2014/12/18	19.06	19.31	18.71	18.98	11430848	217474144.00
2014/12/19	18.72	18.99	18.33	18.63	11098872	206563584.00
2014/12/22	18.70	18.78	16.78	17.04	20695104	362185600.00
2014/12/23	17.05	17.65	16.85	17.33	11628108	202162688.00
2014/12/24	17.24	17.54	17.07	17.53	7826887	135442272.00
2014/12/25	17.58	18.16	17.53	17.83	6751750	120741016.00
2014/12/26	17.86	17.97	17.46	17.86	8898410	157127520.00
2014/12/29	17.77	17.78	17.32	17.39	8572520	149858192.00
2014/12/30	17.46	17.91	16.89	17.02	8328357	144520848.00
2014/12/31	17.05	18.72	17.05	18.72	23118310	419854432.00
2015/01/05	18.69	19.09	18.40	18.76	17234251	321939072.00
2015/01/06	18.63	18.95	18.41	18.84	10476736	195989040.00
2015/01/07	18.99	19.60	18.74	18.84	14644269	280423424.00
2015/01/08	18.75	19.46	18.12	19.38	21204795	397369600.00
2015/01/09	19.30	19.85	18.51	18.57	17648099	339380352.00
2015/01/12	18.55	19.32	18.55	18.80	13643449	258778976.00
2015/01/13	18.56	18.95	18.38	18.86	8529476	159391664.00
2015/01/14	18.84	19.34	18.68	18.92	8662435	164954304.00
2015/01/15	19.02	19.80	18.55	19.54	19372033	372858240.00
2015/01/16	19.17	19.67	19.07	19.27	12332957	238050848.00
2015/01/19	18.68	19.07	17.65	18.23	14319418	263849984.00
2015/01/20	18.28	18.85	18.28	18.81	9993766	185629712.00
2015/01/21	18.85	20.62	18.83	20.12	23976098	474265344.00
2015/01/22	19.99	21.50	19.85	21.00	25114550	517426368.00
2015/01/23	20.99	21.25	20.65	20.82	12855288	268837664.00
2015/01/26	20.82	22.80	20.68	22.40	17877100	392812544.00
2015/01/27	22.00	22.80	21.33	22.20	15941180	352963168.00
2015/01/28	22.02	22.40	21.50	21.86	10952552	239309184.00
2015/01/29	21.65	22.68	21.40	21.96	12589773	280480000.00
2015/01/30	21.82	22.49	21.50	22.05	10183069	224296624.00
2015/02/02	21.81	23.57	21.60	23.54	18043341	410930144.00
2015/02/03	23.45	23.88	22.93	23.65	12755146	299737696.00
2015/02/04	24.27	24.87	23.10	23.17	16939286	403820768.00
2015/02/05	23.51	23.54	22.78	22.82	10839957	250099072.00
2015/02/06	22.93	23.23	21.82	21.98	11775345	264709440.00
2015/02/09	22.20	22.32	21.60	21.73	8009892	175684912.00
2015/02/10	21.77	22.65	21.50	22.59	7153896	158693168.00
2015/02/11	22.60	23.67	22.49	23.04	8288761	192540992.00
2015/02/12	23.49	23.60	22.81	23.43	7000678	162529760.00
2015/02/13	24.25	25.69	23.90	24.51	19168445	471774560.00
2015/02/16	24.59	25.73	24.15	25.16	15432757	381968768.00
2015/02/17	25.28	25.65	24.79	25.17	7829705	197124912.00
2015/02/25	25.11	26.42	24.85	25.93	9196169	237123120.00
2015/02/26	25.81	26.18	25.39	25.72	8013527	205960432.00
2015/02/27	25.68	25.85	24.68	25.02	13579206	339845536.00
2015/03/02	24.78	25.20	24.50	24.92	9629733	239812848.00
2015/03/03	24.73	25.79	24.60	25.01	9867937	249393440.00
2015/03/04	25.10	25.66	24.60	25.48	9320923	235753664.00
2015/03/05	25.50	25.50	24.63	24.79	8587343	213616864.00
2015/03/06	24.90	25.19	24.40	24.86	6587018	163434448.00
2015/03/09	24.78	25.78	24.45	25.62	11534579	292567776.00
2015/03/10	25.68	26.89	25.44	26.48	9186360	240415328.00
2015/03/11	26.58	27.20	26.05	26.14	8402940	223184608.00
2015/03/12	26.03	27.29	25.90	27.25	10634490	285051520.00
2015/03/13	28.10	28.49	27.00	27.46	12459749	344482912.00
2015/03/16	27.05	28.29	27.05	27.94	10260457	285062016.00
2015/03/17	27.90	28.20	27.50	27.96	9770332	271645184.00
2015/03/18	28.01	28.15	27.49	27.67	10844695	300086656.00
2015/03/19	27.60	27.60	27.02	27.23	8727014	237577968.00
2015/03/20	27.10	27.84	27.01	27.52	8190126	225500160.00
2015/03/23	27.70	28.22	27.20	28.19	10883000	301090272.00
2015/03/24	28.31	28.80	26.62	27.74	14307126	395956352.00
2015/03/25	27.50	27.95	27.38	27.67	9702599	267477136.00
2015/03/26	27.57	30.44	26.85	30.40	28574066	828083712.00
2015/03/27	29.80	30.52	28.90	30.04	13135882	391026528.00
2015/03/30	29.90	31.47	29.56	31.19	13590646	413437504.00
2015/03/31	31.10	33.18	30.63	32.67	13286191	425940448.00
2015/04/01	32.47	35.94	32.47	35.94	17825610	617869248.00
2015/04/02	36.80	37.73	35.51	36.19	16013998	582531008.00
2015/04/03	35.00	35.97	34.51	35.85	15643268	551428928.00
2015/04/07	35.76	35.76	34.61	34.82	13568030	474539008.00
2015/04/08	34.70	35.28	33.50	33.93	12973716	444443936.00
2015/04/09	33.69	37.27	33.36	36.99	17797976	625418880.00
2015/04/10	36.99	38.48	36.31	38.17	14899005	561948416.00
2015/04/13	38.30	38.33	37.10	37.39	12053210	452637888.00
2015/04/14	37.78	37.78	36.32	36.64	9553209	351023744.00
2015/04/15	36.48	36.48	34.80	34.90	8402964	298831936.00
2015/04/16	34.57	35.88	33.81	34.54	9857112	341201952.00
2015/04/17	34.20	35.80	33.95	35.03	15663481	543224000.00
2015/04/20	34.28	34.50	31.80	34.12	14826896	499859456.00
2015/04/21	33.40	34.55	33.21	34.46	8230467	280368800.00
2015/04/22	34.58	35.74	34.58	35.00	10632774	374413600.00
2015/04/23	34.86	36.55	34.74	35.72	12680620	453644064.00
2015/04/24	35.45	36.14	34.81	34.98	10350959	365082656.00
2015/04/27	34.80	35.40	33.76	34.10	11238320	386290560.00
2015/04/28	34.18	34.20	31.78	32.18	14856384	483086240.00
2015/04/29	31.99	32.98	30.80	32.61	7030194	227010128.00
2015/04/30	32.61	33.00	31.51	31.61	9436544	302765152.00
2015/05/05	32.22	32.22	32.22	32.22	0	0.00
数据来源:通达信
