601991 大唐发电 日线 前复权
      日期	    开盘	    最高	    最低	    收盘	    成交量	    成交额
2011/10/10	4.10	4.13	4.05	4.09	2374584	10645676.00
2011/10/11	4.16	4.21	4.06	4.10	2191619	9904193.00
2011/10/12	4.09	4.27	4.03	4.22	6022055	27683692.00
2011/10/13	4.20	4.35	4.19	4.29	4681495	21873860.00
2011/10/14	4.28	4.28	4.21	4.24	2418414	11227090.00
2011/10/17	4.29	4.30	4.24	4.24	2028028	9438507.00
2011/10/18	4.20	4.22	4.10	4.11	2542699	11584176.00
2011/10/19	4.15	4.17	4.10	4.12	1433516	6409508.00
2011/10/20	4.11	4.19	4.01	4.06	2098689	9225704.00
2011/10/21	4.10	4.11	4.04	4.10	1381582	6067723.00
2011/10/24	4.10	4.26	4.05	4.24	2520555	11245505.00
2011/10/26	4.24	4.36	4.23	4.25	6093620	28149600.00
2011/10/27	4.26	4.48	4.26	4.35	12368016	58184808.00
2011/10/28	4.37	4.42	4.33	4.37	7872035	36932132.00
2011/10/31	4.37	4.49	4.30	4.47	7496009	35457872.00
2011/11/01	4.42	4.58	4.37	4.51	9092427	43852004.00
2011/11/02	4.42	4.63	4.37	4.62	9621544	46631436.00
2011/11/03	4.59	4.64	4.55	4.56	6732983	33133466.00
2011/11/04	4.55	4.59	4.53	4.56	3652416	17824802.00
2011/11/07	4.56	4.56	4.48	4.48	3777429	18320170.00
2011/11/08	4.47	4.67	4.45	4.56	8659901	42602464.00
2011/11/09	4.58	4.60	4.44	4.52	4627684	22397110.00
2011/11/10	4.50	4.67	4.44	4.55	7007121	34226484.00
2011/11/11	4.54	4.58	4.45	4.57	6628068	32088802.00
2011/11/14	4.63	4.67	4.60	4.64	7124933	35462396.00
2011/11/15	4.70	4.98	4.70	4.83	21474248	111350480.00
2011/11/16	4.83	4.87	4.59	4.63	9065680	45889628.00
2011/11/17	4.62	4.72	4.60	4.68	6941738	34676712.00
2011/11/18	4.66	4.66	4.47	4.48	4852043	23614030.00
2011/11/21	4.48	4.50	4.42	4.46	2245773	10754123.00
2011/11/22	4.43	4.55	4.40	4.53	4689671	22700808.00
2011/11/23	4.53	4.69	4.52	4.59	5501733	27263160.00
2011/11/24	4.55	4.56	4.46	4.52	2874082	13902281.00
2011/11/25	4.57	4.64	4.47	4.51	3000484	14690941.00
2011/11/28	4.51	4.60	4.43	4.48	3392729	16367948.00
2011/11/29	4.52	4.55	4.47	4.54	3746057	18144236.00
2011/11/30	4.58	4.59	4.17	4.30	7023154	33029508.00
2011/12/01	4.42	4.50	4.27	4.33	9452006	44346240.00
2011/12/02	4.31	4.31	4.13	4.16	4586077	20692296.00
2011/12/05	4.16	4.22	4.07	4.08	2764080	12299843.00
2011/12/07	4.07	4.15	4.07	4.12	2335179	10352884.00
2011/12/08	4.11	4.18	4.07	4.09	2426265	10806406.00
2011/12/09	4.10	4.13	4.08	4.11	2077832	9221947.00
2011/12/12	4.09	4.16	4.08	4.15	3127129	13945163.00
2011/12/13	4.14	4.19	4.07	4.17	8143406	36306916.00
2011/12/14	4.17	4.32	4.08	4.27	7682457	35267256.00
2011/12/15	4.22	4.55	4.18	4.40	15315655	72716248.00
2011/12/16	4.41	4.53	4.37	4.52	10191807	48595068.00
2011/12/19	4.52	4.56	4.41	4.47	6967325	33513596.00
2011/12/20	4.47	4.54	4.44	4.52	6653199	32202706.00
2011/12/21	4.52	4.71	4.49	4.54	12157354	60284720.00
2011/12/22	4.52	4.61	4.30	4.42	6098607	29012484.00
2011/12/23	4.43	4.61	4.39	4.59	6723260	32878100.00
2011/12/26	4.57	4.71	4.55	4.62	8985298	44817392.00
2011/12/27	4.61	4.91	4.55	4.70	11307170	57057388.00
2011/12/28	4.70	4.76	4.63	4.72	8187313	41155480.00
2011/12/29	4.72	4.75	4.63	4.66	6284323	31513726.00
2011/12/30	4.64	4.85	4.63	4.83	10216399	52387768.00
2012/01/04	4.84	5.06	4.79	4.92	14526838	76547752.00
2012/01/05	4.88	5.16	4.85	4.86	10234676	54208440.00
2012/01/06	4.87	5.09	4.86	4.95	7404871	39043180.00
2012/01/09	4.93	5.00	4.82	4.99	9136182	47813312.00
2012/01/10	4.97	4.97	4.85	4.94	17559134	92169064.00
2012/01/11	4.92	5.06	4.88	4.91	11564984	60994396.00
2012/01/12	4.86	4.93	4.79	4.81	7888662	40799112.00
2012/01/13	4.79	4.84	4.63	4.68	7307016	36771080.00
2012/01/16	4.66	4.72	4.59	4.64	3623478	18101486.00
2012/01/17	4.63	5.02	4.62	4.92	9094835	46903748.00
2012/01/18	4.91	4.91	4.75	4.77	5399970	27986248.00
2012/01/19	4.83	5.01	4.75	4.83	5490572	28607030.00
2012/01/20	4.89	4.95	4.82	4.88	3502534	18230754.00
2012/01/30	4.87	4.91	4.77	4.78	3363476	17257566.00
2012/01/31	4.78	4.91	4.77	4.87	2798917	14490656.00
2012/02/01	4.87	4.91	4.82	4.82	1916428	9957494.00
2012/02/02	4.85	4.93	4.82	4.89	3179821	16567401.00
2012/02/03	4.88	4.92	4.83	4.89	2804954	14601788.00
2012/02/06	4.91	4.97	4.86	4.89	3425269	17921080.00
2012/02/07	4.89	4.95	4.77	4.80	2842804	14709019.00
2012/02/08	4.79	4.94	4.74	4.90	3381473	17523834.00
2012/02/09	4.90	4.92	4.81	4.84	3777948	19564702.00
2012/02/10	4.82	4.87	4.76	4.81	4944797	25397062.00
2012/02/13	4.77	4.88	4.76	4.83	4304699	22161616.00
2012/02/14	4.81	4.85	4.78	4.81	2311172	11875101.00
2012/02/15	4.82	4.86	4.79	4.85	3636667	18804632.00
2012/02/16	4.85	5.17	4.82	5.09	18931270	100173400.00
2012/02/17	5.04	5.11	4.95	5.04	9489286	50886692.00
2012/02/20	5.10	5.12	5.00	5.01	3648661	19588508.00
2012/02/21	5.04	5.22	5.00	5.14	10853483	59210168.00
2012/02/22	5.14	5.15	5.05	5.13	5094230	27624736.00
2012/02/23	5.12	5.13	5.00	5.06	7374396	39649852.00
2012/02/24	5.06	5.10	5.01	5.08	6006448	32364710.00
2012/02/27	5.07	5.22	5.05	5.09	8604211	46930560.00
2012/02/28	5.12	5.32	5.07	5.27	16699000	92623008.00
2012/02/29	5.27	5.27	5.17	5.20	5061063	28007614.00
2012/03/01	5.22	5.25	5.17	5.22	2791975	15474472.00
2012/03/02	5.20	5.27	5.19	5.26	5225617	29110936.00
2012/03/05	5.28	5.29	5.10	5.11	8569705	47092208.00
2012/03/06	5.10	5.27	5.07	5.10	7981187	43810368.00
2012/03/07	5.08	5.15	5.05	5.07	3848728	20869618.00
2012/03/08	5.08	5.11	5.01	5.03	6144213	33079544.00
2012/03/09	5.03	5.12	5.03	5.09	3339810	18058156.00
2012/03/12	5.07	5.10	5.03	5.05	3574448	19272606.00
2012/03/13	5.06	5.09	5.03	5.07	2458857	13274451.00
2012/03/14	5.14	5.14	4.86	4.88	7216122	38628432.00
2012/03/15	4.92	5.02	4.85	4.91	5947283	31454906.00
2012/03/16	4.89	4.94	4.83	4.90	4546415	23703672.00
2012/03/19	4.88	4.89	4.79	4.83	5702692	29376516.00
2012/03/20	4.83	5.08	4.83	4.92	11164585	58982376.00
2012/03/21	4.92	5.02	4.91	4.97	9013469	47793844.00
2012/03/22	5.05	5.17	5.01	5.15	12979559	70596800.00
2012/03/23	5.11	5.27	5.08	5.16	14971855	82660264.00
2012/03/26	5.16	5.19	4.95	4.99	6747892	36292248.00
2012/03/27	4.95	4.99	4.82	4.87	4709304	24588044.00
2012/03/28	4.90	4.95	4.83	4.83	5188922	27179688.00
2012/03/29	4.86	5.02	4.75	4.77	5104590	26502316.00
2012/03/30	4.79	4.83	4.68	4.70	4112584	20787000.00
2012/04/05	4.67	4.77	4.64	4.75	5267222	26442182.00
2012/04/06	4.73	4.75	4.67	4.69	5514417	27641476.00
2012/04/09	4.67	4.69	4.59	4.62	3017187	14947060.00
2012/04/10	4.61	4.71	4.59	4.70	2017349	10028990.00
2012/04/11	4.69	4.71	4.56	4.63	5897952	29143012.00
2012/04/12	4.63	4.72	4.58	4.69	5339359	26629132.00
2012/04/13	4.70	4.71	4.63	4.66	7948010	39791596.00
2012/04/16	4.66	4.71	4.65	4.66	6987012	34935280.00
2012/04/17	4.68	4.74	4.67	4.71	6823490	34428176.00
2012/04/18	4.75	4.78	4.70	4.77	6730214	34158296.00
2012/04/19	4.77	4.80	4.71	4.74	6743447	34186936.00
2012/04/20	4.74	4.75	4.70	4.74	2968284	15009388.00
2012/04/23	4.74	4.83	4.72	4.80	5706264	29136740.00
2012/04/24	4.79	4.86	4.71	4.80	9158187	46914384.00
2012/04/25	4.77	4.82	4.73	4.79	3669019	18714250.00
2012/04/26	4.81	4.82	4.76	4.76	2914155	14911872.00
2012/04/27	4.79	4.98	4.74	4.91	12029224	62439216.00
2012/05/02	4.94	5.15	4.92	5.02	12726280	68566448.00
2012/05/03	4.99	5.03	4.93	4.96	7987772	42504900.00
2012/05/04	4.97	5.11	4.94	4.98	9023447	48416096.00
2012/05/07	5.00	5.14	4.98	5.09	10499837	56732720.00
2012/05/08	5.10	5.18	5.07	5.12	11906265	64913696.00
2012/05/09	5.07	5.13	4.87	5.01	8564675	45770296.00
2012/05/10	5.00	5.12	4.93	5.10	7438643	40018000.00
2012/05/11	5.09	5.10	4.94	4.98	5243152	28046242.00
2012/05/14	5.02	5.29	4.97	5.17	16863184	92812392.00
2012/05/15	5.12	5.24	5.06	5.14	5527618	30281980.00
2012/05/16	5.10	5.14	4.98	4.98	4370810	23419442.00
2012/05/17	4.97	5.05	4.92	5.00	2336150	12429121.00
2012/05/18	4.99	5.05	4.92	5.02	3209846	17022272.00
2012/05/21	5.00	5.05	4.94	4.99	1875676	9985950.00
2012/05/22	4.97	4.99	4.86	4.92	4565252	23951948.00
2012/05/23	4.92	4.94	4.86	4.92	2636948	13794715.00
2012/05/24	4.91	4.92	4.77	4.79	4245312	21872312.00
2012/05/25	4.80	4.91	4.69	4.77	3670775	18815956.00
2012/05/28	4.77	4.87	4.69	4.83	4448534	22795488.00
2012/05/29	4.83	4.96	4.78	4.86	6081303	31544248.00
2012/05/30	4.85	4.85	4.68	4.70	14653237	74361360.00
2012/05/31	4.70	4.74	4.66	4.72	5407485	27150146.00
2012/06/01	4.72	4.76	4.71	4.74	3745354	18984436.00
2012/06/04	4.70	4.75	4.60	4.71	6471460	32374102.00
2012/06/05	4.72	4.97	4.67	4.91	17915207	93469576.00
2012/06/07	4.97	5.06	4.91	4.99	18086828	96041864.00
2012/06/08	4.99	5.03	4.93	4.99	7054559	37623992.00
2012/06/11	4.98	5.02	4.91	4.98	4771478	25248156.00
2012/06/12	4.94	5.14	4.94	5.03	8235181	44264696.00
2012/06/13	5.03	5.47	5.00	5.45	20332876	113216136.00
2012/06/14	5.40	5.43	5.31	5.32	19203935	109507992.00
2012/06/15	5.30	5.56	5.24	5.52	14186654	82102960.00
2012/06/18	5.52	5.66	5.40	5.53	10518176	61928680.00
2012/06/19	5.51	5.51	5.39	5.47	4019725	23224008.00
2012/06/20	5.43	5.51	5.32	5.41	5769364	33024568.00
2012/06/21	5.36	5.54	5.31	5.45	3804545	21896176.00
2012/06/25	5.42	5.54	5.40	5.47	7132613	41435692.00
2012/06/26	5.47	5.51	5.31	5.32	3168654	18096160.00
2012/06/27	5.28	5.41	5.28	5.34	4208925	23864078.00
2012/06/28	5.28	5.49	5.28	5.34	5393595	30778628.00
2012/06/29	5.34	5.46	5.26	5.30	5815619	33260228.00
2012/07/02	5.30	5.42	5.14	5.41	6183287	34649216.00
2012/07/03	5.37	5.42	5.30	5.33	2641463	15020880.00
2012/07/04	5.34	5.38	5.16	5.27	6678238	37164004.00
2012/07/05	5.22	5.27	5.12	5.13	4399366	24265508.00
2012/07/06	5.16	5.33	5.14	5.32	5695914	31625830.00
2012/07/09	5.29	5.40	5.25	5.38	14750219	83481088.00
2012/07/10	5.36	5.36	5.13	5.22	9097214	50379856.00
2012/07/11	5.22	5.33	5.05	5.09	7095527	38871588.00
2012/07/12	5.06	5.07	4.83	4.93	10642930	55780444.00
2012/07/13	4.93	4.96	4.78	4.87	7598590	39362712.00
2012/07/16	4.87	4.95	4.81	4.89	5818049	30339362.00
2012/07/17	4.89	4.93	4.81	4.87	3387590	17588802.00
2012/07/18	4.87	5.18	4.84	5.08	10606526	57209408.00
2012/07/19	5.08	5.09	4.95	5.04	6649616	35458232.00
2012/07/20	4.97	5.04	4.92	4.96	4295772	22660008.00
2012/07/23	4.92	4.97	4.79	4.97	7551984	39169716.00
2012/07/24	4.89	4.95	4.81	4.82	6476127	33478188.00
2012/07/25	4.82	4.86	4.74	4.76	3131231	16066165.00
2012/07/26	4.77	4.79	4.65	4.69	4912881	24773440.00
2012/07/27	4.76	4.76	4.64	4.69	3024959	14882894.00
2012/07/30	4.70	4.73	4.64	4.67	2656645	12991869.00
2012/07/31	4.68	4.84	4.68	4.78	3676872	18334800.00
2012/08/01	4.78	4.84	4.71	4.77	3738025	18648776.00
2012/08/02	4.78	4.83	4.75	4.82	2610162	13084940.00
2012/08/03	4.82	4.88	4.76	4.84	3528300	17795824.00
2012/08/06	4.82	4.84	4.74	4.80	5714245	28583872.00
2012/08/07	4.81	4.81	4.73	4.75	5545670	27580356.00
2012/08/08	4.75	4.77	4.67	4.71	5448562	26798946.00
2012/08/09	4.70	4.75	4.69	4.73	2938523	14514297.00
2012/08/10	4.73	4.79	4.71	4.79	7700789	38274068.00
2012/08/13	4.79	4.79	4.67	4.69	5604937	27695860.00
2012/08/14	4.69	4.76	4.59	4.62	5906648	28722616.00
2012/08/15	4.63	4.63	4.49	4.51	4248239	20253472.00
2012/08/16	4.50	4.55	4.49	4.51	2917062	13808495.00
2012/08/17	4.51	4.53	4.40	4.49	5256529	24585904.00
2012/08/20	4.51	4.53	4.41	4.43	4192874	19525134.00
2012/08/21	4.44	4.48	4.43	4.44	5061218	23663732.00
2012/08/22	4.44	4.45	4.37	4.42	3781465	17488088.00
2012/08/23	4.41	4.45	4.40	4.44	2360571	10954879.00
2012/08/24	4.43	4.44	4.38	4.39	1750077	8079178.00
2012/08/27	4.39	4.41	4.17	4.26	12481396	55571296.00
2012/08/28	4.26	4.28	4.16	4.25	2792745	12419375.00
2012/08/29	4.22	4.23	4.19	4.20	1508340	6679763.00
2012/08/30	4.26	4.26	4.18	4.22	2256905	10031994.00
2012/08/31	4.20	4.29	4.18	4.21	1975330	8795414.00
2012/09/03	4.19	4.23	4.18	4.22	3265193	14445617.00
2012/09/04	4.20	4.22	4.16	4.16	2366426	10434242.00
2012/09/05	4.16	4.28	4.15	4.21	3191149	14163428.00
2012/09/06	4.23	4.24	4.19	4.23	2310689	10244798.00
2012/09/07	4.26	4.65	4.23	4.50	14016903	65514436.00
2012/09/10	4.49	4.49	4.40	4.43	6310562	29338350.00
2012/09/11	4.41	4.43	4.32	4.42	5589451	25558300.00
2012/09/12	4.43	4.46	4.28	4.35	5925237	27063672.00
2012/09/13	4.34	4.35	4.27	4.27	5962963	26913812.00
2012/09/14	4.29	4.31	4.24	4.28	5936330	26675844.00
2012/09/17	4.28	4.44	4.25	4.26	6144828	27979068.00
2012/09/18	4.27	4.29	4.19	4.21	2596662	11507718.00
2012/09/19	4.23	4.23	4.19	4.21	2562116	11324518.00
2012/09/20	4.19	4.20	4.11	4.13	4262547	18618294.00
2012/09/21	4.12	4.20	4.10	4.18	4363106	19060964.00
2012/09/24	4.11	4.18	4.06	4.17	3901248	16922860.00
2012/09/25	4.16	4.16	4.09	4.10	1870623	8111119.00
2012/09/26	4.13	4.13	4.04	4.05	1648208	7078522.00
2012/09/27	4.10	4.20	4.03	4.14	4148673	18021456.00
2012/09/28	4.09	4.28	4.08	4.20	6653132	29319592.00
2012/10/08	4.20	4.22	4.08	4.14	3702767	16143570.00
2012/10/09	4.17	4.24	4.15	4.22	5217750	23103918.00
2012/10/10	4.22	4.25	4.19	4.24	4179788	18571574.00
2012/10/11	4.24	4.24	4.15	4.18	4489971	19781776.00
2012/10/12	4.18	4.22	4.14	4.18	4081114	17960436.00
2012/10/15	4.18	4.18	4.10	4.15	3184797	13893327.00
2012/10/16	4.13	4.16	4.09	4.13	4614218	20008220.00
2012/10/17	4.15	4.15	4.07	4.11	3336533	14411040.00
2012/10/18	4.13	4.16	4.12	4.16	7356843	32102496.00
2012/10/19	4.16	4.17	4.11	4.13	4523872	19665760.00
2012/10/22	4.12	4.17	4.09	4.15	4053828	17629160.00
2012/10/23	4.13	4.14	4.10	4.11	3932496	17082868.00
2012/10/24	4.12	4.24	4.12	4.22	10232595	45228548.00
2012/10/25	4.22	4.27	4.19	4.22	7407945	32946948.00
2012/10/26	4.22	4.24	4.08	4.09	5850637	25497940.00
2012/10/29	4.08	4.11	4.02	4.04	5219350	22345902.00
2012/10/30	4.05	4.07	3.91	3.93	9029054	37850444.00
2012/10/31	3.93	3.95	3.80	3.86	9027984	36758724.00
2012/11/01	3.87	3.94	3.86	3.92	5151345	21267828.00
2012/11/02	3.94	3.95	3.90	3.95	3465309	14383070.00
2012/11/05	3.95	3.98	3.92	3.97	3623907	15127498.00
2012/11/06	3.96	4.01	3.90	3.96	3175946	13244101.00
2012/11/07	3.96	4.01	3.94	3.98	2939016	12311421.00
2012/11/08	3.98	3.98	3.88	3.91	2997735	12414249.00
2012/11/09	3.90	3.92	3.85	3.91	2982205	12247945.00
2012/11/12	3.90	3.95	3.88	3.93	2582044	10699703.00
2012/11/13	3.93	3.93	3.87	3.87	2481240	10187756.00
2012/11/14	3.87	3.98	3.86	3.96	3882477	16134878.00
2012/11/15	3.94	3.96	3.86	3.87	2549752	10545647.00
2012/11/16	3.86	3.89	3.82	3.84	2865604	11672207.00
2012/11/19	3.84	3.88	3.81	3.87	2305862	9373378.00
2012/11/20	3.90	3.90	3.81	3.83	2260703	9182335.00
2012/11/21	3.85	3.87	3.81	3.86	2400446	9753547.00
2012/11/22	3.84	3.85	3.82	3.84	1650131	6692923.00
2012/11/23	3.84	3.88	3.83	3.84	2034891	8279019.00
2012/11/26	3.82	3.85	3.80	3.81	2313725	9337130.00
2012/11/27	3.79	3.85	3.78	3.79	4900214	19808200.00
2012/11/28	3.79	3.82	3.72	3.73	3174486	12632916.00
2012/11/29	3.73	3.78	3.72	3.74	2365615	9395201.00
2012/11/30	3.74	3.77	3.71	3.74	3355527	13273216.00
2012/12/03	3.74	3.74	3.53	3.55	7754020	29664120.00
2012/12/04	3.57	3.58	3.53	3.54	5412340	20423688.00
2012/12/05	3.55	3.71	3.46	3.66	26382026	100235816.00
2012/12/06	3.61	3.62	3.54	3.57	12378220	47010588.00
2012/12/07	3.57	3.63	3.55	3.61	17422122	66487736.00
2012/12/10	3.62	3.69	3.61	3.69	14960787	57932708.00
2012/12/11	3.67	3.68	3.63	3.64	9201001	35626772.00
2012/12/12	3.64	3.66	3.58	3.61	9160260	35059920.00
2012/12/13	3.60	3.60	3.55	3.56	7625894	28919032.00
2012/12/14	3.57	3.71	3.56	3.70	21137204	82076632.00
2012/12/17	3.70	3.81	3.69	3.76	22735765	90511656.00
2012/12/18	3.77	3.78	3.71	3.77	18042583	71601568.00
2012/12/19	3.76	3.79	3.73	3.76	11695830	46582040.00
2012/12/20	3.75	3.82	3.73	3.78	11329661	45361804.00
2012/12/21	3.78	3.83	3.71	3.72	16996148	67725680.00
2012/12/24	3.73	3.76	3.71	3.73	7392549	29198356.00
2012/12/25	3.73	3.82	3.69	3.81	30165052	120314712.00
2012/12/26	3.80	3.83	3.78	3.82	19037891	76487296.00
2012/12/27	3.82	3.86	3.77	3.83	22092363	89174392.00
2012/12/28	3.83	3.83	3.77	3.82	24344079	97798576.00
2012/12/31	3.82	3.86	3.80	3.81	34944261	141328000.00
2013/01/04	3.82	3.85	3.76	3.77	28106286	112733104.00
2013/01/07	3.76	3.80	3.75	3.80	15638965	62533752.00
2013/01/08	3.80	3.81	3.76	3.80	15569894	62349220.00
2013/01/09	3.80	3.85	3.78	3.83	18705694	75506016.00
2013/01/10	3.83	3.90	3.82	3.89	33711158	137056720.00
2013/01/11	3.89	3.89	3.77	3.78	24212249	97894544.00
2013/01/14	3.76	3.86	3.75	3.85	23638730	95375136.00
2013/01/15	3.84	3.92	3.84	3.90	28127242	115556616.00
2013/01/16	3.89	3.92	3.86	3.92	28332608	116594560.00
2013/01/17	3.91	4.09	3.90	4.01	38553863	162853904.00
2013/01/18	4.02	4.08	3.96	4.05	28266380	120100696.00
2013/01/21	4.05	4.05	3.99	4.01	17836215	75450064.00
2013/01/22	4.02	4.03	3.89	3.92	20831648	86763776.00
2013/01/23	3.90	3.93	3.83	3.88	16266738	66697824.00
2013/01/24	3.88	3.93	3.82	3.85	17504173	71746536.00
2013/01/25	3.85	3.87	3.83	3.85	7049658	28661204.00
2013/01/28	3.85	3.92	3.84	3.91	15900097	65279996.00
2013/01/29	3.92	4.01	3.92	3.97	18349533	76826008.00
2013/01/30	4.00	4.00	3.89	3.96	16177349	67319392.00
2013/01/31	4.06	4.10	3.99	4.10	45936190	196379328.00
2013/02/01	4.09	4.11	3.99	4.06	31568283	134583200.00
2013/02/04	4.07	4.10	4.01	4.07	23898632	102053112.00
2013/02/05	4.05	4.11	4.01	4.10	21782263	93301880.00
2013/02/06	4.11	4.19	4.06	4.08	25040430	108911184.00
2013/02/07	4.06	4.09	4.03	4.06	10711907	45745384.00
2013/02/08	4.05	4.12	4.05	4.09	12222662	52733904.00
2013/02/18	4.11	4.12	4.05	4.07	10386160	44638416.00
2013/02/19	4.08	4.08	3.99	4.00	12842316	54547432.00
2013/02/20	4.00	4.04	3.99	4.03	8535810	36188304.00
2013/02/21	4.02	4.02	3.92	3.92	19137721	80035104.00
2013/02/22	3.92	3.94	3.89	3.90	8390960	34722440.00
2013/02/25	3.90	3.96	3.90	3.95	7902798	32839708.00
2013/02/26	3.93	3.97	3.88	3.89	9530327	39445256.00
2013/02/27	3.90	3.94	3.89	3.90	8120620	33504158.00
2013/02/28	3.92	3.99	3.90	3.98	8717165	36330988.00
2013/03/01	3.98	3.98	3.92	3.95	8565527	35690180.00
2013/03/04	3.94	4.04	3.83	3.87	23420629	97670304.00
2013/03/05	3.88	3.93	3.80	3.93	16596441	67953624.00
2013/03/06	3.94	4.08	3.93	4.05	29370986	124769952.00
2013/03/07	4.07	4.18	4.03	4.15	44059288	191261472.00
2013/03/08	4.21	4.21	4.12	4.15	23015693	100812192.00
2013/03/11	4.16	4.22	4.14	4.17	13528375	59414184.00
2013/03/12	4.18	4.40	4.18	4.32	42377084	191662272.00
2013/03/13	4.27	4.35	4.18	4.23	17542908	78415464.00
2013/03/14	4.19	4.23	4.05	4.08	17360382	75446344.00
2013/03/15	4.08	4.19	4.07	4.11	17251694	74864160.00
2013/03/18	4.11	4.16	4.05	4.13	13287196	57397360.00
2013/03/19	4.14	4.25	4.12	4.21	11483182	50738408.00
2013/03/20	4.23	4.29	4.17	4.28	14001637	62224160.00
2013/03/21	4.33	4.33	4.22	4.26	8148216	36464488.00
2013/03/22	4.27	4.31	4.24	4.26	7577643	34034232.00
2013/03/25	4.28	4.38	4.26	4.31	8523887	38612684.00
2013/03/26	4.26	4.27	4.13	4.18	14881439	65305712.00
2013/03/27	4.17	4.21	4.12	4.16	8072711	35320076.00
2013/03/28	4.13	4.14	4.06	4.09	10666559	45903492.00
2013/03/29	4.09	4.13	4.08	4.10	3847567	16645499.00
2013/04/01	4.10	4.25	4.08	4.22	10331919	45427520.00
2013/04/02	4.23	4.24	4.16	4.18	4374883	19305428.00
2013/04/03	4.16	4.21	4.03	4.10	5499634	23878912.00
2013/04/08	4.08	4.16	3.98	4.13	5471280	23604976.00
2013/04/09	4.13	4.25	4.11	4.19	5702535	25184844.00
2013/04/10	4.20	4.22	4.14	4.19	5573003	24556836.00
2013/04/11	4.20	4.31	4.18	4.23	14675415	65904396.00
2013/04/12	4.24	4.37	4.22	4.35	15977040	72425984.00
2013/04/15	4.37	4.41	4.26	4.28	7169163	32523036.00
2013/04/16	4.25	4.29	4.19	4.28	5715411	25534386.00
2013/04/17	4.26	4.27	4.12	4.18	7366903	32331202.00
2013/04/18	4.14	4.18	4.10	4.15	4560080	19871872.00
2013/04/19	4.14	4.23	4.13	4.21	5697287	25177880.00
2013/04/22	4.18	4.21	4.15	4.20	4910287	21555036.00
2013/04/23	4.20	4.23	4.10	4.11	8008623	34899344.00
2013/04/24	4.15	4.18	4.12	4.16	4368699	19098626.00
2013/04/25	4.15	4.20	4.07	4.08	5751794	24975552.00
2013/04/26	4.10	4.16	4.02	4.13	6565666	28336192.00
2013/05/02	4.10	4.19	4.09	4.13	4924007	21467892.00
2013/05/03	4.15	4.23	4.14	4.21	7174625	31717696.00
2013/05/06	4.24	4.27	4.21	4.22	6398343	28470940.00
2013/05/07	4.22	4.33	4.19	4.31	11704413	52720368.00
2013/05/08	4.31	4.38	4.28	4.35	13762635	62787352.00
2013/05/09	4.34	4.40	4.31	4.35	14702332	67507616.00
2013/05/10	4.36	4.74	4.35	4.55	37775448	181325616.00
2013/05/13	4.56	4.74	4.53	4.65	23889430	116760176.00
2013/05/14	4.66	4.99	4.66	4.75	30566425	153792192.00
2013/05/15	4.75	4.79	4.60	4.70	11830139	57908096.00
2013/05/16	4.68	4.72	4.56	4.71	13474840	65538448.00
2013/05/17	4.68	4.87	4.67	4.75	12970240	64879148.00
2013/05/20	4.77	4.78	4.63	4.70	14472448	71013120.00
2013/05/21	4.71	4.71	4.56	4.65	14462967	70030704.00
2013/05/22	4.64	4.64	4.46	4.50	20040599	95157560.00
2013/05/23	4.50	4.51	4.44	4.47	18079371	84731432.00
2013/05/24	4.46	4.52	4.45	4.52	9087572	42861804.00
2013/05/27	4.51	4.56	4.47	4.56	11020470	52239668.00
2013/05/28	4.56	4.57	4.48	4.54	9382303	44496088.00
2013/05/29	4.55	4.66	4.54	4.66	19182530	92870264.00
2013/05/30	4.67	4.73	4.61	4.69	14414927	70501432.00
2013/05/31	4.69	4.70	4.59	4.61	7552292	36588568.00
2013/06/03	4.61	4.62	4.49	4.51	9566336	45802700.00
2013/06/04	4.50	4.52	4.35	4.39	16174432	74599448.00
2013/06/05	4.39	4.47	4.36	4.43	5932070	27597098.00
2013/06/06	4.44	4.51	4.26	4.40	10479656	48438204.00
2013/06/07	4.38	4.49	4.23	4.34	9838215	45110072.00
2013/06/13	4.28	4.34	4.12	4.29	8810777	38937136.00
2013/06/14	4.31	4.47	4.30	4.46	9935114	45973960.00
2013/06/17	4.46	4.75	4.45	4.66	21942752	106116000.00
2013/06/18	4.67	4.81	4.65	4.78	21508088	106714960.00
2013/06/19	4.78	4.82	4.66	4.76	16100336	80162904.00
2013/06/20	4.76	4.84	4.68	4.73	13887933	69407376.00
2013/06/21	4.68	4.98	4.66	4.93	22327180	114192152.00
2013/06/24	4.93	4.93	4.59	4.63	20690301	103304592.00
2013/06/25	4.61	4.76	4.43	4.73	17108829	83031232.00
2013/06/26	4.72	5.04	4.64	4.99	27271493	137354656.00
2013/06/27	4.98	5.13	4.90	4.95	28660351	150551952.00
2013/06/28	4.92	5.05	4.82	4.92	24536918	127421264.00
2013/07/01	4.90	5.28	4.90	5.21	26086715	140294768.00
2013/07/02	5.18	5.34	5.15	5.22	13209361	72191264.00
2013/07/03	5.18	5.31	5.08	5.21	10296177	55337780.00
2013/07/04	5.19	5.20	4.96	5.00	14153326	75232432.00
2013/07/05	4.99	5.30	4.98	5.09	16578970	89203536.00
2013/07/08	5.08	5.27	4.98	5.15	16400352	88402000.00
2013/07/09	5.08	5.26	5.03	5.05	11044343	59291020.00
2013/07/10	4.99	5.10	4.80	4.96	18699039	96207456.00
2013/07/11	4.89	5.04	4.89	4.97	25457750	132777696.00
2013/07/12	4.93	5.03	4.86	4.86	12192193	62903212.00
2013/07/15	4.82	4.98	4.82	4.93	7085011	36364100.00
2013/07/16	4.93	4.98	4.83	4.98	10119572	52064932.00
2013/07/17	4.98	5.22	4.98	5.16	20007973	107221816.00
2013/07/18	5.13	5.20	5.04	5.09	11113563	59349576.00
2013/07/19	5.12	5.19	4.99	5.01	9676168	51674008.00
2013/07/22	4.90	4.99	4.88	4.96	8320262	42897788.00
2013/07/23	4.96	5.17	4.90	5.07	7537464	39790336.00
2013/07/24	5.01	5.12	4.91	4.99	9672340	50496688.00
2013/07/25	5.05	5.07	4.92	4.93	6041675	31344626.00
2013/07/26	4.87	5.08	4.87	5.04	8386799	43717656.00
2013/07/29	5.03	5.12	4.95	5.04	7519191	39679328.00
2013/07/30	5.07	5.17	4.98	5.15	8946247	47747864.00
2013/07/31	5.16	5.23	4.93	4.95	8375396	44015944.00
2013/08/01	4.97	5.13	4.96	5.07	8993139	47563860.00
2013/08/02	5.12	5.16	5.04	5.07	4923879	26206934.00
2013/08/05	5.06	5.13	5.03	5.10	3702081	19593162.00
2013/08/06	5.08	5.17	4.99	5.16	8969183	47366976.00
2013/08/07	5.14	5.14	5.05	5.06	5595371	29712606.00
2013/08/08	5.06	5.12	5.04	5.09	3820741	20238622.00
2013/08/09	5.14	5.15	4.96	4.99	6462570	33216142.00
2013/08/12	5.05	5.10	5.00	5.07	5444977	28141172.00
2013/08/13	5.05	5.09	5.02	5.07	3883818	20087072.00
2013/08/14	5.10	5.16	5.04	5.12	5309749	27806264.00
2013/08/15	5.15	5.18	5.04	5.07	4505141	23589120.00
2013/08/16	5.06	5.11	4.88	4.89	10404301	53186764.00
2013/08/19	4.88	4.97	4.83	4.94	4864687	24498418.00
2013/08/20	4.93	4.98	4.74	4.77	7562550	37554008.00
2013/08/21	4.80	4.81	4.64	4.68	6999483	33799140.00
2013/08/22	4.68	4.75	4.66	4.68	4723780	22780840.00
2013/08/23	4.69	4.74	4.42	4.55	9805614	45933728.00
2013/08/26	4.56	4.66	4.53	4.56	12403955	58200084.00
2013/08/27	4.57	4.63	4.48	4.59	8548525	39891008.00
2013/08/28	4.58	4.58	4.49	4.52	6448084	29959636.00
2013/08/29	4.47	4.53	4.44	4.48	7397850	34003380.00
2013/08/30	4.46	4.52	4.44	4.48	5893479	27125844.00
2013/09/02	4.48	4.54	4.45	4.49	8592630	39611704.00
2013/09/03	4.53	4.53	4.46	4.53	5654960	26167796.00
2013/09/04	4.53	4.61	4.49	4.58	6619952	30927530.00
2013/09/05	4.58	4.63	4.58	4.59	7708912	36406168.00
2013/09/06	4.59	4.64	4.49	4.51	8622711	40185640.00
2013/09/09	4.51	4.57	4.47	4.56	8199460	38088168.00
2013/09/10	4.56	4.63	4.53	4.62	8824033	41642028.00
2013/09/11	4.64	4.76	4.62	4.74	16724980	80624912.00
2013/09/12	4.75	4.75	4.66	4.74	10429971	50316592.00
2013/09/13	4.74	4.78	4.68	4.71	7665957	37088472.00
2013/09/16	4.74	4.74	4.58	4.63	6754973	32474204.00
2013/09/17	4.61	4.63	4.52	4.53	5213215	24453574.00
2013/09/18	4.55	4.60	4.51	4.60	3673010	17247160.00
2013/09/23	4.59	4.66	4.53	4.63	4418599	20876680.00
2013/09/24	4.60	4.62	4.51	4.53	5517038	25741024.00
2013/09/25	4.52	4.52	4.45	4.48	5437775	25006990.00
2013/09/26	4.45	4.47	4.33	4.34	8609706	38749600.00
2013/09/27	4.33	4.36	4.29	4.33	3458394	15349752.00
2013/09/30	4.36	4.37	4.30	4.35	3361039	14966814.00
2013/10/08	4.36	4.39	4.31	4.39	3745767	16795692.00
2013/10/09	4.39	4.40	4.36	4.39	4104106	18459116.00
2013/10/10	4.39	4.39	4.30	4.31	6350799	28279490.00
2013/10/11	4.31	4.37	4.29	4.35	4988129	22220828.00
2013/10/14	4.37	4.42	4.31	4.41	5981138	26733702.00
2013/10/15	4.42	4.58	4.38	4.49	11542596	53008600.00
2013/10/16	4.49	4.49	4.34	4.37	8264867	37296848.00
2013/10/17	4.37	4.42	4.35	4.35	4258791	19204984.00
2013/10/18	4.35	4.38	4.30	4.32	5386985	23985240.00
2013/10/21	4.33	4.38	4.30	4.37	3926780	17485682.00
2013/10/22	4.37	4.37	4.32	4.34	2911074	12985092.00
2013/10/23	4.35	4.37	4.24	4.29	7458083	32932840.00
2013/10/24	4.30	4.33	4.24	4.26	5574954	24506228.00
2013/10/25	4.26	4.26	4.09	4.12	7836964	33590344.00
2013/10/28	4.13	4.18	4.09	4.18	3103151	13237763.00
2013/10/29	4.18	4.27	4.18	4.25	7663015	33359812.00
2013/10/30	4.27	4.62	4.27	4.44	19131496	87503696.00
2013/10/31	4.43	4.43	4.32	4.36	7176484	32165312.00
2013/11/01	4.43	4.44	4.33	4.37	6062273	27302922.00
2013/11/04	4.47	4.48	4.39	4.41	4037573	18337372.00
2013/11/05	4.36	4.39	4.25	4.38	6246030	27853416.00
2013/11/06	4.33	4.43	4.33	4.35	5090185	22891780.00
2013/11/07	4.37	4.48	4.31	4.46	8675798	39298840.00
2013/11/08	4.46	4.52	4.33	4.36	7736679	35150656.00
2013/11/11	4.33	4.42	4.30	4.39	3765555	16951692.00
2013/11/12	4.39	4.42	4.34	4.35	3080066	13792291.00
2013/11/13	4.28	4.33	4.18	4.20	4885144	21214076.00
2013/11/14	4.26	4.26	4.15	4.17	4205227	18086568.00
2013/11/15	4.18	4.23	4.13	4.21	10189551	43885928.00
2013/11/18	4.20	4.33	4.15	4.29	22791499	98377696.00
2013/11/19	4.30	4.30	4.21	4.25	13942612	60969612.00
2013/11/20	4.28	4.29	4.22	4.28	8095369	35431808.00
2013/11/21	4.26	4.27	4.21	4.24	5615124	24446944.00
2013/11/22	4.26	4.30	4.23	4.26	5979900	26193544.00
2013/11/25	4.24	4.29	4.21	4.23	7667291	33582140.00
2013/11/26	4.23	4.24	4.19	4.20	5027980	21768426.00
2013/11/27	4.22	4.23	4.17	4.19	8908010	38430552.00
2013/11/28	4.19	4.26	4.18	4.25	10153598	44105300.00
2013/11/29	4.25	4.25	4.19	4.23	6943045	30108058.00
2013/12/02	4.21	4.29	4.20	4.24	12192651	53151512.00
2013/12/03	4.25	4.68	4.24	4.58	47127343	219668064.00
2013/12/04	4.56	4.70	4.49	4.60	29044923	137717520.00
2013/12/05	4.58	4.73	4.56	4.60	14696640	70067712.00
2013/12/06	4.60	4.65	4.50	4.62	9970140	46826856.00
2013/12/09	4.60	4.63	4.48	4.54	8105032	37787080.00
2013/12/10	4.54	4.67	4.51	4.64	12577666	59736600.00
2013/12/11	4.66	4.73	4.59	4.61	11484106	54802280.00
2013/12/12	4.58	4.63	4.56	4.59	7265625	34291272.00
2013/12/13	4.53	4.58	4.44	4.48	8626447	39965992.00
2013/12/16	4.51	4.51	4.37	4.38	7250331	32934884.00
2013/12/17	4.39	4.41	4.30	4.31	6003062	26736408.00
2013/12/18	4.33	4.35	4.21	4.24	7421663	32609358.00
2013/12/19	4.28	4.29	4.22	4.24	6204245	27125932.00
2013/12/20	4.24	4.27	4.12	4.16	8030588	34660840.00
2013/12/23	4.13	4.17	4.00	4.06	14175813	59323544.00
2013/12/24	4.06	4.10	4.00	4.02	10553673	43941508.00
2013/12/25	4.03	4.07	4.01	4.06	4383808	18289172.00
2013/12/26	4.05	4.09	4.02	4.07	5084234	21189724.00
2013/12/27	4.09	4.13	4.07	4.11	6830235	28857148.00
2013/12/30	4.11	4.14	4.07	4.12	4714190	19939910.00
2013/12/31	4.08	4.14	4.06	4.12	5153006	21748642.00
2014/01/02	4.10	4.11	4.03	4.06	5112468	21340644.00
2014/01/03	4.03	4.05	3.92	3.93	10520771	42959272.00
2014/01/06	3.93	3.93	3.77	3.82	10236001	40362992.00
2014/01/07	3.78	3.91	3.75	3.89	5037294	20003180.00
2014/01/08	3.92	3.92	3.84	3.85	3967137	15827178.00
2014/01/09	3.85	3.88	3.74	3.75	3956279	15583274.00
2014/01/10	3.76	3.77	3.66	3.69	8023058	30617420.00
2014/01/13	3.72	3.75	3.68	3.72	4554275	17475200.00
2014/01/14	3.72	3.80	3.70	3.77	3922598	15162931.00
2014/01/15	3.77	3.78	3.73	3.77	2292067	8866767.00
2014/01/16	3.77	3.82	3.74	3.77	6007391	23392512.00
2014/01/17	3.76	3.76	3.68	3.68	5921467	22602796.00
2014/01/20	3.70	3.71	3.66	3.69	3107851	11841413.00
2014/01/21	3.71	3.76	3.69	3.75	3795753	14666950.00
2014/01/22	3.76	3.85	3.74	3.84	6226731	24445580.00
2014/01/23	3.84	3.85	3.77	3.79	10587678	41618748.00
2014/01/24	3.78	3.81	3.74	3.77	14526639	56484708.00
2014/01/27	3.74	3.74	3.69	3.72	6874275	26381978.00
2014/01/28	3.72	3.76	3.68	3.75	9851392	37746616.00
2014/01/29	3.75	3.75	3.64	3.68	12277000	46645680.00
2014/01/30	3.67	3.67	3.61	3.63	4530102	16976770.00
2014/02/07	3.61	3.68	3.59	3.68	5060444	18975172.00
2014/02/10	3.68	3.73	3.66	3.72	17000496	64984548.00
2014/02/11	3.71	3.79	3.69	3.77	16461515	63524200.00
2014/02/12	3.77	3.78	3.74	3.77	8819665	34157116.00
2014/02/13	3.75	3.88	3.75	3.87	21303133	83954664.00
2014/02/14	3.86	3.87	3.79	3.84	9642888	38074648.00
2014/02/17	3.84	3.90	3.82	3.85	9223870	36562696.00
2014/02/18	3.85	3.86	3.76	3.77	10162586	39772876.00
2014/02/19	3.77	3.82	3.75	3.82	8170570	31953148.00
2014/02/20	3.83	3.87	3.80	3.82	11446680	45274996.00
2014/02/21	3.82	3.83	3.70	3.72	12742190	49306876.00
2014/02/24	3.69	3.71	3.62	3.65	7796491	29401964.00
2014/02/25	3.66	3.73	3.64	3.66	9774747	37116752.00
2014/02/26	3.65	3.67	3.61	3.66	5925408	22276344.00
2014/02/27	3.65	3.82	3.62	3.77	13546480	51907920.00
2014/02/28	3.75	3.83	3.74	3.80	13142965	51393464.00
2014/03/03	3.80	3.84	3.73	3.83	13098539	51453352.00
2014/03/04	3.80	3.81	3.74	3.81	9266970	36154012.00
2014/03/05	3.80	3.83	3.75	3.77	8155242	31867520.00
2014/03/06	3.75	3.76	3.69	3.72	6705316	25815128.00
2014/03/07	3.71	3.77	3.68	3.73	7731610	29797820.00
2014/03/10	3.69	3.69	3.60	3.62	8202627	30836072.00
2014/03/11	3.62	3.62	3.53	3.57	9997425	36921568.00
2014/03/12	3.55	3.59	3.50	3.57	5991461	21963980.00
2014/03/13	3.59	3.63	3.58	3.61	8634641	32179684.00
2014/03/14	3.58	3.58	3.52	3.57	7455559	27390356.00
2014/03/17	3.61	3.61	3.58	3.59	5371312	19962418.00
2014/03/18	3.60	3.65	3.58	3.64	7307276	27302014.00
2014/03/19	3.61	3.63	3.59	3.62	5860212	21865692.00
2014/03/20	3.60	3.63	3.54	3.54	5881600	21808500.00
2014/03/21	3.53	3.66	3.53	3.65	8595079	32016552.00
2014/03/24	3.65	3.71	3.63	3.69	15089760	57223776.00
2014/03/25	3.69	3.78	3.67	3.73	14977689	57595116.00
2014/03/26	3.70	3.71	3.63	3.66	11001150	41581828.00
2014/03/27	3.66	3.66	3.60	3.61	6813192	25522188.00
2014/03/28	3.61	3.65	3.58	3.61	5651833	21096752.00
2014/03/31	3.62	3.65	3.57	3.59	6748803	25154260.00
2014/04/01	3.59	3.63	3.53	3.61	9674390	35930616.00
2014/04/02	3.58	3.60	3.54	3.56	27978233	103049024.00
2014/04/03	3.56	3.59	3.54	3.56	9606670	35367856.00
2014/04/04	3.55	3.59	3.53	3.58	6182226	22755446.00
2014/04/08	3.58	3.65	3.56	3.64	11475766	42876824.00
2014/04/09	3.65	3.70	3.64	3.66	17429571	66122440.00
2014/04/10	3.66	3.73	3.64	3.69	16545169	62820324.00
2014/04/11	3.68	3.69	3.62	3.64	10193359	38391608.00
2014/04/14	3.64	3.67	3.63	3.66	5390074	20322828.00
2014/04/15	3.65	3.66	3.61	3.63	6639317	24969400.00
2014/04/16	3.64	3.65	3.60	3.62	4731244	17710880.00
2014/04/17	3.64	3.64	3.58	3.59	5026020	18701314.00
2014/04/18	3.60	3.62	3.57	3.62	5276234	19649010.00
2014/04/21	3.60	3.62	3.55	3.56	6615828	24514516.00
2014/04/22	3.57	3.58	3.55	3.58	5131004	18934034.00
2014/04/23	3.58	3.59	3.55	3.56	5451359	20081184.00
2014/04/24	3.57	3.58	3.54	3.55	5478443	20115824.00
2014/04/25	3.56	3.56	3.49	3.50	9671305	35197680.00
2014/04/28	3.50	3.51	3.40	3.43	9188088	32811400.00
2014/04/29	3.43	3.46	3.40	3.46	4430595	15706440.00
2014/04/30	3.46	3.46	3.42	3.45	3605772	12828447.00
2014/05/05	3.43	3.44	3.37	3.41	6497290	22831692.00
2014/05/06	3.41	3.44	3.40	3.42	4936745	17481140.00
2014/05/07	3.41	3.41	3.37	3.40	8734039	30597522.00
2014/05/08	3.40	3.44	3.38	3.41	8452800	29865302.00
2014/05/09	3.42	3.43	3.39	3.41	5376810	18985182.00
2014/05/12	3.41	3.51	3.41	3.50	10251899	36792272.00
2014/05/13	3.51	3.51	3.47	3.48	7023407	25324036.00
2014/05/14	3.48	3.50	3.46	3.47	3941795	14175497.00
2014/05/15	3.47	3.48	3.41	3.42	5236576	18646244.00
2014/05/16	3.43	3.44	3.40	3.42	4193660	14834596.00
2014/05/19	3.42	3.43	3.38	3.41	3195605	11266417.00
2014/05/20	3.41	3.44	3.41	3.41	3473048	12308221.00
2014/05/21	3.41	3.46	3.39	3.45	3806066	13539679.00
2014/05/22	3.45	3.48	3.42	3.45	6150444	21983892.00
2014/05/23	3.45	3.46	3.42	3.46	2740249	9753611.00
2014/05/26	3.48	3.49	3.44	3.45	3326772	11916769.00
2014/05/27	3.45	3.46	3.41	3.42	4118360	14622301.00
2014/05/28	3.44	3.45	3.41	3.43	3797017	13476788.00
2014/05/29	3.45	3.47	3.42	3.45	5399684	19291676.00
2014/05/30	3.46	3.48	3.44	3.46	4582062	16422711.00
2014/06/03	3.47	3.51	3.45	3.45	3791095	13619928.00
2014/06/04	3.45	3.45	3.39	3.40	4972692	17541264.00
2014/06/05	3.40	3.44	3.39	3.44	2990020	10591235.00
2014/06/06	3.44	3.45	3.39	3.41	3182965	11227022.00
2014/06/09	3.41	3.44	3.38	3.39	4386347	15453901.00
2014/06/10	3.40	3.42	3.38	3.42	5304727	18699956.00
2014/06/11	3.40	3.44	3.40	3.42	3861864	13666759.00
2014/06/12	3.42	3.43	3.40	3.41	2153922	7606125.00
2014/06/13	3.40	3.45	3.40	3.43	5621983	19972412.00
2014/06/16	3.43	3.47	3.42	3.47	6409566	22914836.00
2014/06/17	3.46	3.46	3.43	3.45	5279660	18841784.00
2014/06/18	3.46	3.51	3.43	3.48	8781276	31554572.00
2014/06/19	3.48	3.50	3.41	3.43	5735750	20526932.00
2014/06/20	3.43	3.46	3.40	3.43	4994959	17713460.00
2014/06/23	3.43	3.43	3.39	3.40	4283296	15102589.00
2014/06/24	3.41	3.41	3.38	3.40	4288847	15072977.00
2014/06/25	3.40	3.44	3.38	3.43	5327148	18745120.00
2014/06/26	3.43	3.44	3.41	3.42	4147626	14691002.00
2014/06/27	3.41	3.44	3.39	3.43	6341846	22411364.00
2014/06/30	3.43	3.45	3.41	3.44	6777634	24116384.00
2014/07/08	3.58	3.80	3.54	3.80	52448878	200309664.00
2014/07/09	4.05	4.06	3.71	3.74	72579344	292856512.00
2014/07/10	3.71	3.88	3.56	3.76	45254644	173869200.00
2014/07/11	3.70	3.70	3.58	3.63	27320527	102987288.00
2014/07/14	3.64	3.68	3.60	3.66	22045169	82911936.00
2014/07/15	3.64	3.67	3.54	3.61	33458636	124264880.00
2014/07/16	3.59	3.73	3.57	3.69	43523123	164779376.00
2014/07/17	3.67	3.68	3.59	3.63	21867739	81727912.00
2014/07/18	3.61	3.66	3.59	3.61	15694974	58753808.00
2014/07/21	3.61	3.64	3.58	3.59	12930940	48170780.00
2014/07/22	3.58	3.63	3.57	3.62	15394120	57429560.00
2014/07/23	3.64	3.64	3.59	3.62	12933933	48281440.00
2014/07/24	3.63	3.67	3.60	3.67	20715522	78056224.00
2014/07/25	3.68	3.71	3.65	3.70	21906336	83225312.00
2014/07/28	3.71	3.80	3.68	3.76	30330291	117485344.00
2014/07/29	3.76	3.80	3.73	3.75	24642671	95690280.00
2014/07/30	3.73	3.81	3.73	3.80	23845757	92987704.00
2014/07/31	3.79	3.80	3.74	3.77	15433210	59905856.00
2014/08/01	3.77	3.85	3.75	3.76	20168826	78900792.00
2014/08/04	3.77	3.82	3.76	3.82	14917408	58377084.00
2014/08/05	3.82	3.83	3.78	3.82	12457913	48886940.00
2014/08/06	3.79	3.85	3.76	3.85	17717189	69572616.00
2014/08/07	3.85	3.85	3.76	3.78	17715823	69509504.00
2014/08/08	3.79	3.80	3.76	3.77	9338575	35285140.00
2014/08/11	3.78	3.81	3.76	3.79	14303617	54196032.00
2014/08/12	3.79	3.79	3.74	3.76	13499733	50732968.00
2014/08/13	3.76	3.80	3.74	3.76	17692104	66606624.00
2014/08/14	3.76	3.79	3.73	3.75	13756318	51695736.00
2014/08/15	3.75	3.82	3.73	3.79	17965859	67950392.00
2014/08/18	3.80	3.82	3.79	3.81	13468456	51212308.00
2014/08/19	3.81	3.82	3.78	3.82	12175372	46249212.00
2014/08/20	3.81	3.86	3.79	3.83	20997694	80319448.00
2014/08/21	3.83	3.84	3.78	3.80	12785036	48653176.00
2014/08/22	3.80	3.88	3.79	3.86	23570284	90585728.00
2014/08/25	3.87	3.88	3.80	3.82	12431274	47713308.00
2014/08/26	3.82	3.90	3.80	3.83	21350977	82232704.00
2014/08/27	3.81	3.87	3.81	3.86	14266588	54897432.00
2014/08/28	3.86	3.87	3.79	3.79	10518882	40180812.00
2014/08/29	3.79	3.81	3.76	3.81	8305368	31371206.00
2014/09/01	3.80	3.84	3.80	3.84	11441570	43724864.00
2014/09/02	3.85	3.88	3.82	3.88	18586829	71843616.00
2014/09/03	3.88	3.92	3.86	3.91	22639689	88179824.00
2014/09/04	3.90	3.98	3.88	3.95	18764391	73695064.00
2014/09/05	3.97	3.97	3.92	3.95	18427138	72570272.00
2014/09/09	3.95	3.97	3.92	3.96	13069712	51545192.00
2014/09/10	3.93	3.94	3.87	3.93	18321602	71577056.00
2014/09/11	3.91	3.98	3.90	3.92	24130170	94890648.00
2014/09/12	3.92	4.00	3.90	4.00	41932179	166402448.00
2014/09/15	3.98	4.02	3.96	4.01	25175741	100488512.00
2014/09/16	4.01	4.15	3.96	3.99	56150071	227666496.00
2014/09/17	3.99	4.08	3.95	4.04	27250594	109505504.00
2014/09/18	4.03	4.08	3.99	4.04	24178854	97617440.00
2014/09/19	4.03	4.08	3.98	4.05	23560751	94985320.00
2014/09/22	4.04	4.06	3.91	3.95	20483797	81257688.00
2014/09/23	3.94	3.96	3.89	3.95	18174348	71459912.00
2014/09/24	3.93	4.00	3.91	3.99	22579401	89529464.00
2014/09/25	4.01	4.07	3.99	4.01	26404927	106172912.00
2014/09/26	4.03	4.10	3.98	4.07	25561960	103822296.00
2014/09/29	4.08	4.14	4.04	4.10	23813405	97348720.00
2014/09/30	4.09	4.11	4.07	4.09	14948669	61122384.00
2014/10/08	4.08	4.09	4.02	4.07	22590516	91466048.00
2014/10/09	4.08	4.14	4.05	4.13	27614275	113009056.00
2014/10/10	4.12	4.12	4.04	4.08	24477901	99855056.00
2014/10/13	4.07	4.07	3.99	4.07	20826404	83912248.00
2014/10/14	4.04	4.09	4.03	4.06	17316882	70378256.00
2014/10/15	4.07	4.12	4.02	4.12	23495197	95640456.00
2014/10/16	4.09	4.16	4.05	4.07	29809052	122449712.00
2014/10/17	4.06	4.08	3.96	4.01	26043697	104435328.00
2014/10/20	4.04	4.04	3.99	4.02	13101021	52609848.00
2014/10/21	4.02	4.11	4.01	4.03	18104016	73406232.00
2014/10/22	4.02	4.04	3.96	3.97	12939138	51824868.00
2014/10/23	3.96	3.98	3.83	3.84	18262204	71238640.00
2014/10/24	3.84	3.88	3.83	3.86	9485477	36556180.00
2014/10/27	3.86	3.88	3.83	3.85	6904132	26655868.00
2014/10/28	3.85	3.94	3.85	3.93	10331870	40308552.00
2014/10/29	3.94	4.07	3.93	4.02	27809214	111707360.00
2014/10/30	4.02	4.36	4.01	4.28	70312510	294923008.00
2014/10/31	4.20	4.28	4.17	4.25	50392122	213084112.00
2014/11/03	4.25	4.34	4.19	4.26	38357342	163515712.00
2014/11/04	4.25	4.42	4.21	4.39	55985023	242450768.00
2014/11/05	4.39	4.48	4.27	4.29	43763186	190479824.00
2014/11/06	4.27	4.29	4.19	4.26	26376568	111851800.00
2014/11/07	4.26	4.43	4.24	4.27	44662558	193847744.00
2014/11/10	4.29	4.47	4.25	4.46	50413853	220573792.00
2014/11/11	4.47	4.56	4.32	4.38	57485048	255137376.00
2014/11/12	4.37	4.43	4.31	4.40	36199312	158184000.00
2014/11/13	4.40	4.40	4.30	4.31	34292661	149115408.00
2014/11/14	4.32	4.36	4.25	4.34	22792981	98710632.00
2014/11/17	4.47	4.48	4.30	4.31	21587236	94195424.00
2014/11/18	4.30	4.31	4.21	4.26	21395255	90864328.00
2014/11/19	4.24	4.32	4.21	4.28	20569218	87814080.00
2014/11/20	4.25	4.30	4.24	4.27	11212248	47879800.00
2014/11/21	4.27	4.31	4.22	4.30	14485580	61907412.00
2014/11/24	4.37	4.45	4.33	4.41	37752091	166162592.00
2014/11/25	4.38	4.48	4.38	4.47	25818928	114559336.00
2014/11/26	4.49	4.59	4.43	4.49	32249216	145251808.00
2014/11/27	4.50	4.52	4.39	4.43	35970836	159692064.00
2014/11/28	4.43	4.60	4.38	4.59	56427686	251908576.00
2014/12/01	4.61	4.74	4.53	4.59	80266755	370789888.00
2014/12/02	4.58	4.69	4.55	4.64	43428691	200619600.00
2014/12/03	4.64	4.86	4.64	4.77	69530120	330259872.00
2014/12/04	4.80	4.99	4.76	4.97	65514845	318384448.00
2014/12/05	5.00	5.09	4.70	4.84	74923303	369861792.00
2014/12/08	4.81	5.32	4.77	5.32	94963288	486110720.00
2014/12/09	5.35	5.74	5.10	5.20	148484803	807859456.00
2014/12/10	5.22	5.40	5.10	5.35	70288194	370319200.00
2014/12/11	5.30	5.55	5.24	5.36	66454920	356570880.00
2014/12/12	5.38	5.44	5.24	5.27	56610962	300446368.00
2014/12/15	5.26	5.26	5.10	5.21	49442569	254928144.00
2014/12/16	5.19	5.68	5.15	5.55	88615833	478499200.00
2014/12/17	5.50	5.65	5.32	5.50	76675540	422125056.00
2014/12/18	5.50	5.70	5.44	5.61	64607300	361673280.00
2014/12/19	5.59	6.17	5.55	6.17	134297501	795325248.00
2014/12/22	6.35	6.79	6.35	6.79	209162667	1409099264.00
2014/12/23	6.80	7.09	6.11	6.40	230455568	1533260416.00
2014/12/24	6.33	7.04	6.29	7.04	310850624	2159521024.00
2014/12/25	6.80	7.24	6.58	7.16	267750945	1846384512.00
2014/12/26	7.00	7.13	6.68	7.01	197783085	1371736064.00
2014/12/29	6.94	7.30	6.70	6.89	204092931	1428902912.00
2014/12/30	6.85	6.85	6.60	6.67	98705498	661126080.00
2014/12/31	6.70	7.05	6.55	6.88	142915474	979058112.00
2015/01/05	6.86	7.18	6.71	7.13	235866017	1644303232.00
2015/01/06	7.01	7.14	6.77	6.87	156192152	1075539072.00
2015/01/07	6.84	6.97	6.72	6.92	104222910	713890304.00
2015/01/08	6.86	6.89	6.59	6.62	74716497	500726976.00
2015/01/09	6.50	6.72	6.46	6.48	72752743	478656544.00
2015/01/12	6.36	6.36	6.01	6.07	70278024	432145216.00
2015/01/13	6.07	6.15	6.01	6.09	46253918	281140224.00
2015/01/14	6.10	6.13	5.95	6.01	41224356	249424032.00
2015/01/15	6.03	6.24	6.00	6.23	50845878	311194240.00
2015/01/16	6.30	6.45	6.20	6.25	69591514	440483232.00
2015/01/19	5.87	5.98	5.63	5.63	70405606	406474016.00
2015/01/20	5.55	5.75	5.55	5.71	56706859	321327072.00
2015/01/21	5.73	6.08	5.65	5.99	72746290	424642816.00
2015/01/22	5.83	6.05	5.78	5.99	63648608	377207168.00
2015/01/23	5.97	6.04	5.86	5.92	52996980	315612512.00
2015/01/26	5.84	5.98	5.84	5.97	44747742	264074080.00
2015/01/27	5.95	5.95	5.75	5.87	52163758	305888384.00
2015/01/28	5.81	5.95	5.80	5.87	39115202	229868960.00
2015/01/29	5.80	6.43	5.77	6.42	175295009	1087114880.00
2015/01/30	6.40	6.79	6.20	6.40	191093831	1251360256.00
2015/02/02	6.21	6.22	5.78	5.91	73413826	438762784.00
2015/02/03	5.91	6.20	5.86	6.03	55761522	336495712.00
2015/02/04	6.04	6.29	6.03	6.07	71690239	440569056.00
2015/02/05	6.17	6.25	5.90	5.90	65559095	398166208.00
2015/02/06	5.80	5.85	5.50	5.57	76264495	428993888.00
2015/02/09	5.55	5.55	5.24	5.37	54809703	293256416.00
2015/02/10	5.35	5.57	5.34	5.56	34198006	186804560.00
2015/02/11	5.58	5.59	5.47	5.51	22950362	126575544.00
2015/02/12	5.51	5.65	5.36	5.59	36836634	202920384.00
2015/02/13	5.59	5.68	5.56	5.62	33478249	188688240.00
2015/02/16	5.63	5.65	5.60	5.64	20837970	117300096.00
2015/02/17	5.64	5.68	5.63	5.64	24208227	136817824.00
2015/02/25	5.64	5.79	5.60	5.71	31617747	180446976.00
2015/02/26	5.67	5.85	5.65	5.84	34197372	197513920.00
2015/02/27	5.86	5.96	5.84	5.86	36173782	212912160.00
2015/03/02	5.90	6.10	5.87	6.07	48629558	290441376.00
2015/03/03	6.05	6.08	5.90	5.92	44696876	266893232.00
2015/03/04	5.90	5.96	5.84	5.91	33899552	199671616.00
2015/03/05	5.90	5.90	5.64	5.69	43193002	248021904.00
2015/03/06	5.66	5.82	5.63	5.72	34790601	198828720.00
2015/03/09	5.69	5.80	5.59	5.78	30249227	172101040.00
2015/03/10	5.80	5.99	5.75	5.87	52094506	307002528.00
2015/03/11	5.85	5.99	5.82	5.88	33926536	200341600.00
2015/03/12	5.91	5.97	5.85	5.95	41696429	246881488.00
2015/03/13	5.95	6.19	5.92	6.12	84438852	512387808.00
2015/03/16	6.12	6.19	6.05	6.17	70396506	431603584.00
2015/03/17	6.17	6.39	6.13	6.32	94806879	594737152.00
2015/03/18	6.31	6.50	6.25	6.40	93534168	594937792.00
2015/03/19	6.33	6.58	6.25	6.46	122565169	785935104.00
2015/03/20	6.47	6.52	6.32	6.41	83623702	535502304.00
2015/03/23	6.43	6.66	6.35	6.58	135822227	881980416.00
2015/03/24	6.55	6.66	6.28	6.45	130714452	845979968.00
2015/03/25	6.43	6.43	6.28	6.32	67185028	425827744.00
2015/03/26	6.30	6.51	6.22	6.39	89015445	571299968.00
2015/03/27	6.38	6.43	6.31	6.37	55398904	353448512.00
2015/03/30	6.40	6.59	6.35	6.54	108919229	707613824.00
2015/03/31	6.56	6.61	6.38	6.40	83762054	544494656.00
2015/04/01	6.36	6.76	6.35	6.73	147194754	967491584.00
2015/04/02	6.68	6.72	6.55	6.68	97521945	647701248.00
2015/04/03	6.63	6.68	6.55	6.65	80906496	535641792.00
2015/04/07	6.66	6.86	6.65	6.85	125993231	850919616.00
2015/04/08	6.89	6.89	6.59	6.79	99774643	672373376.00
2015/04/09	6.79	6.79	6.20	6.50	83709940	548168512.00
2015/04/10	6.42	6.65	6.42	6.59	59566959	391211488.00
2015/04/13	6.57	6.74	6.55	6.72	85803680	571190848.00
2015/04/14	6.70	7.15	6.63	6.99	177785057	1234785536.00
2015/04/15	6.96	6.97	6.65	6.67	101399133	689487040.00
2015/04/16	6.65	7.14	6.52	7.10	157055148	1092812544.00
2015/04/17	7.18	7.49	7.11	7.34	237862486	1739351040.00
2015/04/20	7.29	7.77	7.09	7.28	268817745	1986158208.00
2015/04/21	7.22	7.46	7.11	7.39	133615244	972951360.00
2015/04/22	7.40	7.97	7.39	7.83	243945644	1889048832.00
2015/04/23	7.88	8.23	7.71	7.84	243558536	1937897216.00
2015/04/24	7.70	7.99	7.51	7.94	154167722	1205194112.00
2015/04/27	8.10	8.45	7.88	8.35	231729080	1890668416.00
2015/04/28	8.34	8.84	8.11	8.42	237844357	2005750400.00
2015/04/29	8.39	8.39	7.87	8.21	143762189	1172541056.00
2015/04/30	8.15	8.59	8.11	8.23	171582096	1444836224.00
2015/05/05	9.05	9.05	9.05	9.05	0	0.00
数据来源:通达信
