600635 大众公用 日线 前复权
      日期	    开盘	    最高	    最低	    收盘	    成交量	    成交额
2011/10/10	4.86	4.95	4.85	4.89	3609553	18425980.00
2011/10/11	5.00	5.09	4.91	4.96	5097725	26592722.00
2011/10/12	4.98	5.22	4.92	5.19	14163924	75620400.00
2011/10/13	5.18	5.28	5.13	5.20	11951089	64816160.00
2011/10/14	5.22	5.33	5.15	5.30	16192279	88704616.00
2011/10/17	5.31	5.40	5.21	5.32	12129924	66966712.00
2011/10/18	5.28	5.28	5.05	5.09	12429588	66662692.00
2011/10/19	5.12	5.24	5.12	5.15	9372608	50517592.00
2011/10/20	5.16	5.43	5.09	5.38	24916731	136268096.00
2011/10/21	5.32	5.42	5.22	5.29	14386197	79554688.00
2011/10/24	5.27	5.43	5.10	5.41	20115688	110747024.00
2011/10/25	5.36	5.73	5.34	5.56	31235018	179443232.00
2011/10/26	5.50	5.63	5.45	5.53	18175681	104430864.00
2011/10/27	5.78	5.96	5.56	5.59	25899911	153546992.00
2011/10/28	5.63	5.72	5.54	5.67	18736498	109347744.00
2011/10/31	5.65	5.66	5.50	5.56	11737236	67887344.00
2011/11/01	5.49	5.66	5.47	5.52	11805526	68255768.00
2011/11/02	5.44	5.66	5.40	5.65	15482432	89027336.00
2011/11/03	5.66	5.72	5.57	5.58	16105386	94439656.00
2011/11/04	5.62	5.82	5.60	5.69	16062998	94881224.00
2011/11/07	5.61	5.67	5.49	5.51	11801053	68173272.00
2011/11/08	5.50	5.58	5.45	5.47	8028553	45835092.00
2011/11/10	5.49	5.56	5.45	5.51	11454918	65494936.00
2011/11/11	5.51	5.54	5.42	5.43	8027718	45726048.00
2011/11/14	5.47	5.54	5.38	5.49	11656462	66317656.00
2011/11/15	5.50	5.57	5.47	5.53	7538235	43278936.00
2011/11/16	5.54	5.57	5.24	5.32	13070198	73340760.00
2011/11/17	5.32	5.34	5.17	5.22	10230453	55772968.00
2011/11/18	5.21	5.30	5.12	5.14	7820548	42395104.00
2011/11/21	5.14	5.18	5.04	5.12	5827245	30960508.00
2011/11/22	5.08	5.14	5.05	5.11	4960196	26314500.00
2011/11/23	5.12	5.15	5.03	5.04	4668346	24674450.00
2011/11/24	5.00	5.04	4.92	5.01	5284195	27457164.00
2011/11/25	4.99	5.03	4.94	4.96	4443124	23051868.00
2011/11/28	4.98	5.08	4.96	5.08	4661603	24368780.00
2011/11/29	5.10	5.14	5.04	5.12	4224147	22366550.00
2011/11/30	5.11	5.11	4.80	4.86	7751961	39697212.00
2011/12/01	5.00	5.09	4.95	4.96	8157647	42609800.00
2011/12/02	4.94	4.98	4.90	4.93	3509252	18045136.00
2011/12/05	4.96	4.96	4.79	4.80	4877464	24751716.00
2011/12/06	4.81	4.90	4.79	4.85	3600962	18149328.00
2011/12/07	4.84	4.89	4.84	4.87	1924602	9762646.00
2011/12/08	4.87	4.88	4.75	4.81	3919297	19726144.00
2011/12/09	4.79	4.87	4.77	4.85	4514873	22658064.00
2011/12/12	4.84	4.85	4.78	4.80	2471289	12403719.00
2011/12/13	4.78	4.81	4.70	4.71	4355473	21624460.00
2011/12/14	4.69	4.75	4.57	4.61	3205811	15615228.00
2011/12/15	4.60	4.60	4.46	4.47	4788152	22685266.00
2011/12/16	4.48	4.59	4.47	4.59	4080751	19299014.00
2011/12/19	4.54	4.63	4.46	4.63	5131395	24323544.00
2011/12/20	4.62	4.67	4.54	4.57	3953002	19024276.00
2011/12/21	4.62	4.64	4.48	4.48	2935149	14007591.00
2011/12/22	4.49	4.55	4.35	4.50	4607753	21472104.00
2011/12/23	4.49	4.61	4.46	4.55	3761983	17917652.00
2011/12/26	4.52	4.57	4.49	4.50	2864837	13555444.00
2011/12/27	4.49	4.52	4.33	4.33	3801184	17598096.00
2011/12/28	4.34	4.54	4.34	4.43	6469345	30037328.00
2011/12/29	4.34	4.43	4.34	4.35	4622626	21225252.00
2011/12/30	4.39	4.41	4.29	4.38	6740664	30835078.00
2012/01/04	4.43	4.43	4.31	4.31	3317010	15201944.00
2012/01/05	4.31	4.32	4.19	4.19	4714377	21056568.00
2012/01/06	4.17	4.27	4.17	4.25	2770867	12249452.00
2012/01/09	4.26	4.39	4.20	4.38	5107697	23144800.00
2012/01/10	4.38	4.59	4.35	4.57	11287519	53136928.00
2012/01/11	4.58	4.60	4.50	4.56	6103051	29032052.00
2012/01/12	4.56	4.60	4.47	4.52	4926381	23351068.00
2012/01/13	4.54	4.59	4.38	4.40	5698202	26590076.00
2012/01/16	4.37	4.39	4.29	4.30	2673310	12182332.00
2012/01/17	4.30	4.57	4.30	4.53	4905276	22863012.00
2012/01/18	4.51	4.58	4.44	4.45	4415713	20859512.00
2012/01/19	4.45	4.56	4.45	4.52	4775007	22549928.00
2012/01/20	4.55	4.57	4.50	4.56	4292946	20403114.00
2012/01/30	4.58	4.58	4.49	4.49	4221882	19961192.00
2012/01/31	4.51	4.54	4.44	4.51	2054120	9621505.00
2012/02/01	4.49	4.54	4.44	4.47	2396982	11263189.00
2012/02/02	4.49	4.55	4.45	4.54	3662073	17261212.00
2012/02/03	4.55	4.60	4.50	4.57	5431057	25915532.00
2012/02/06	4.61	4.74	4.57	4.62	6974240	33831404.00
2012/02/07	4.59	4.61	4.48	4.51	4171893	19746460.00
2012/02/08	4.52	4.63	4.49	4.61	5316709	25412232.00
2012/02/09	4.60	4.66	4.57	4.63	5944749	28714348.00
2012/02/10	4.62	4.66	4.58	4.62	6249236	30233418.00
2012/02/13	4.58	4.66	4.57	4.63	5679250	27476490.00
2012/02/14	4.65	4.69	4.61	4.68	8932398	43350852.00
2012/02/15	4.68	4.73	4.64	4.72	11962903	58710352.00
2012/02/16	4.72	4.85	4.68	4.82	17532844	87333904.00
2012/02/17	4.90	4.92	4.77	4.84	14132754	71201912.00
2012/02/20	4.99	4.99	4.76	4.77	15026964	76193544.00
2012/02/21	4.75	4.82	4.69	4.82	8385733	41731348.00
2012/02/22	4.82	4.86	4.78	4.86	9573844	48262568.00
2012/02/23	4.85	4.87	4.82	4.86	9093475	45942252.00
2012/02/24	4.85	4.91	4.83	4.90	10415762	52967628.00
2012/02/27	4.91	4.99	4.89	4.94	14639173	75553472.00
2012/02/28	4.94	4.96	4.87	4.91	9179859	47045528.00
2012/02/29	4.92	4.98	4.87	4.87	7520697	38521976.00
2012/03/01	4.87	4.91	4.84	4.86	5862978	29778632.00
2012/03/02	4.89	4.94	4.87	4.94	7519800	38534756.00
2012/03/05	4.95	4.96	4.89	4.89	6702574	34457216.00
2012/03/06	4.88	4.89	4.79	4.80	9458537	47573288.00
2012/03/07	4.75	4.82	4.74	4.75	5202905	25949190.00
2012/03/08	4.77	4.91	4.76	4.88	9664585	48830816.00
2012/03/09	4.88	4.93	4.82	4.92	8799472	44818696.00
2012/03/12	4.93	4.95	4.86	4.91	7142313	36509764.00
2012/03/13	4.91	4.96	4.88	4.95	8633320	44323792.00
2012/03/14	4.97	4.98	4.72	4.74	15530069	78979224.00
2012/03/15	4.74	4.78	4.62	4.67	9351586	45926632.00
2012/03/16	4.68	4.75	4.65	4.74	6722417	33025108.00
2012/03/19	4.73	4.76	4.68	4.75	6539590	32243940.00
2012/03/20	4.76	4.86	4.70	4.71	9871123	49320048.00
2012/03/21	4.72	4.84	4.69	4.82	11745162	58653068.00
2012/03/22	4.78	4.79	4.72	4.75	5594831	27751296.00
2012/03/23	4.74	4.74	4.65	4.68	5464739	26756008.00
2012/03/26	4.68	4.71	4.64	4.67	3282412	16033032.00
2012/03/27	4.69	4.71	4.64	4.66	3108590	15189657.00
2012/03/28	4.66	4.69	4.44	4.47	6320138	30120604.00
2012/03/29	4.45	4.49	4.29	4.35	5357804	24638452.00
2012/03/30	4.35	4.42	4.33	4.41	3628495	16617401.00
2012/04/05	4.39	4.49	4.36	4.47	5469402	25383428.00
2012/04/06	4.45	4.48	4.42	4.47	4826680	22500822.00
2012/04/09	4.46	4.47	4.40	4.42	3320645	15384750.00
2012/04/10	4.42	4.45	4.33	4.44	3119797	14354322.00
2012/04/11	4.39	4.47	4.38	4.45	4172766	19348964.00
2012/04/12	4.45	4.57	4.44	4.55	7316783	34606652.00
2012/04/13	4.60	5.03	4.60	5.03	47981060	244907712.00
2012/04/16	5.14	5.44	5.05	5.22	86956802	472921728.00
2012/04/17	5.12	5.25	4.96	4.98	37463771	198663344.00
2012/04/18	5.02	5.33	4.97	5.17	40098308	214386016.00
2012/04/19	5.11	5.17	5.00	5.07	21689681	114422024.00
2012/04/20	5.05	5.33	4.99	5.23	41429605	224780320.00
2012/04/23	5.26	5.67	5.21	5.39	61279944	347055264.00
2012/04/24	5.33	5.53	5.12	5.41	38286982	212093952.00
2012/04/25	5.36	5.76	5.34	5.53	51917885	299586432.00
2012/04/26	5.49	5.56	5.34	5.41	26503145	149796352.00
2012/04/27	5.44	5.65	5.35	5.47	29259851	167445808.00
2012/05/02	5.51	5.56	5.25	5.34	30550352	169890784.00
2012/05/03	5.32	5.40	5.09	5.28	19763626	108239816.00
2012/05/04	5.26	5.49	5.20	5.43	23191449	129552600.00
2012/05/07	5.39	5.53	5.34	5.48	15478300	87424384.00
2012/05/08	5.48	5.52	5.41	5.51	15561709	88566288.00
2012/05/09	5.48	5.56	5.39	5.39	15781363	89485096.00
2012/05/10	5.39	5.43	5.28	5.34	10817138	60098036.00
2012/05/11	5.32	5.41	5.26	5.34	7994532	44377656.00
2012/05/14	5.40	5.41	5.19	5.20	8481857	46902608.00
2012/05/15	5.15	5.22	4.98	5.17	13483359	71590560.00
2012/05/16	5.14	5.27	5.13	5.19	9428224	50886912.00
2012/05/17	5.18	5.28	5.09	5.27	9245688	50075952.00
2012/05/18	5.19	5.22	5.06	5.09	8314554	44372816.00
2012/05/21	5.12	5.16	5.04	5.10	4473216	23745052.00
2012/05/22	5.12	5.16	5.10	5.15	4746780	25372624.00
2012/05/23	5.15	5.23	5.05	5.13	5823918	31155992.00
2012/05/24	5.13	5.23	5.07	5.17	8248408	44386152.00
2012/05/25	5.19	5.29	5.15	5.18	8295404	45098476.00
2012/05/28	5.19	5.19	4.99	5.16	12168367	64418968.00
2012/05/29	5.16	5.25	5.13	5.19	9416752	50860816.00
2012/05/30	5.19	5.37	5.17	5.31	15660037	86321152.00
2012/05/31	5.27	5.31	5.23	5.24	5797568	31710468.00
2012/06/01	5.24	5.30	5.19	5.20	5242622	28546472.00
2012/06/04	5.09	5.10	4.85	4.86	12469374	64909092.00
2012/06/05	4.89	4.93	4.82	4.84	6544519	33204510.00
2012/06/06	4.86	4.88	4.79	4.81	6553639	33003460.00
2012/06/07	4.86	4.88	4.70	4.70	6850946	34182336.00
2012/06/11	4.71	4.81	4.70	4.79	6915413	34353364.00
2012/06/12	4.78	4.78	4.60	4.62	7726718	37763628.00
2012/06/13	4.66	4.72	4.61	4.69	9056664	44192380.00
2012/06/14	4.68	4.73	4.60	4.64	9494166	46391120.00
2012/06/15	4.67	4.71	4.55	4.70	10187710	49370504.00
2012/06/18	4.72	4.76	4.70	4.73	6072245	29958050.00
2012/06/19	4.74	4.74	4.62	4.66	6860413	33463832.00
2012/06/20	4.66	4.79	4.62	4.76	8886644	43845144.00
2012/06/21	4.73	4.77	4.66	4.69	5908749	29066116.00
2012/06/25	4.71	4.71	4.59	4.63	6662397	32339864.00
2012/06/26	4.61	4.64	4.50	4.58	4636440	22124800.00
2012/06/27	4.58	4.61	4.49	4.50	5469714	25974796.00
2012/06/28	4.51	4.55	4.39	4.40	8079916	37641212.00
2012/06/29	4.37	4.59	4.29	4.45	15249906	71073608.00
2012/07/02	4.51	4.55	4.45	4.50	5010225	23598020.00
2012/07/03	4.52	4.66	4.46	4.61	8323920	39961948.00
2012/07/04	4.61	4.64	4.53	4.57	3300038	15834781.00
2012/07/05	4.57	4.57	4.45	4.49	3523896	16625390.00
2012/07/06	4.51	4.63	4.47	4.62	4671090	22232632.00
2012/07/09	4.59	4.61	4.40	4.42	5635599	26652408.00
2012/07/10	4.41	4.45	4.32	4.39	4266551	19511016.00
2012/07/11	4.39	4.44	4.34	4.41	3930530	18098392.00
2012/07/12	4.39	4.47	4.29	4.47	7044954	32428698.00
2012/07/13	4.45	4.48	4.34	4.38	4080086	18851240.00
2012/07/16	4.39	4.41	4.19	4.20	6953546	30954800.00
2012/07/17	4.20	4.28	4.18	4.24	3244036	14418437.00
2012/07/18	4.24	4.31	4.20	4.30	3296193	14710288.00
2012/07/19	4.29	4.63	4.28	4.48	13911633	65436092.00
2012/07/20	4.45	4.52	4.36	4.40	6514568	30225590.00
2012/07/23	4.40	4.42	4.24	4.30	5920284	26368230.00
2012/07/24	4.29	4.37	4.27	4.35	4265337	19084992.00
2012/07/25	4.33	4.37	4.30	4.32	2359518	10541506.00
2012/07/26	4.32	4.37	4.30	4.33	3107725	13901351.00
2012/07/27	4.36	4.38	4.31	4.31	2358762	10564320.00
2012/07/30	4.34	4.35	4.27	4.29	2711425	12044670.00
2012/07/31	4.30	4.30	4.24	4.24	3322498	14627563.00
2012/08/01	4.23	4.32	4.23	4.31	2483423	11005166.00
2012/08/02	4.29	4.32	4.27	4.29	2191279	9703047.00
2012/08/03	4.30	4.35	4.28	4.35	2934357	13085513.00
2012/08/06	4.51	4.66	4.45	4.48	14179461	65988436.00
2012/08/07	4.47	4.63	4.44	4.53	10151753	47471524.00
2012/08/08	4.49	4.51	4.44	4.49	5837434	26929496.00
2012/08/09	4.47	4.52	4.45	4.50	5510281	25514456.00
2012/08/10	4.51	4.52	4.44	4.47	4275395	19753810.00
2012/08/13	4.45	4.47	4.35	4.35	6934172	31495730.00
2012/08/14	4.33	4.36	4.27	4.35	5130825	22828534.00
2012/08/15	4.35	4.35	4.29	4.31	2587776	11536914.00
2012/08/16	4.31	4.33	4.29	4.32	2113510	9402740.00
2012/08/17	4.32	4.33	4.29	4.33	1670566	7439018.00
2012/08/20	4.32	4.33	4.28	4.33	2107277	9356335.00
2012/08/21	4.33	4.39	4.32	4.36	4673837	21040100.00
2012/08/22	4.37	4.38	4.28	4.29	4207306	18737644.00
2012/08/23	4.28	4.33	4.28	4.32	3573892	15878996.00
2012/08/24	4.31	4.31	4.24	4.26	4829257	21272176.00
2012/08/27	4.26	4.27	4.20	4.21	3902513	17059300.00
2012/08/28	4.22	4.27	4.19	4.23	3526186	15396481.00
2012/08/29	4.20	4.23	4.19	4.19	2555248	11102597.00
2012/08/30	4.19	4.23	4.15	4.20	3431492	14864666.00
2012/08/31	4.19	4.22	4.16	4.18	3913743	16925084.00
2012/09/03	4.18	4.23	4.17	4.22	3191254	13878681.00
2012/09/04	4.22	4.24	4.16	4.18	2287006	9932065.00
2012/09/05	4.19	4.25	4.18	4.22	2949002	12850050.00
2012/09/06	4.22	4.24	4.21	4.24	3358699	14665097.00
2012/09/07	4.26	4.39	4.26	4.37	13940496	62565008.00
2012/09/10	4.38	4.46	4.36	4.39	9297893	42241388.00
2012/09/11	4.37	4.37	4.29	4.32	6287519	28041554.00
2012/09/12	4.34	4.36	4.30	4.36	4686577	20959940.00
2012/09/13	4.37	4.40	4.31	4.31	6930101	31238456.00
2012/09/14	4.37	4.37	4.30	4.32	6050357	27028020.00
2012/09/17	4.32	4.35	4.20	4.21	5758006	25423444.00
2012/09/18	4.21	4.27	4.19	4.22	2366655	10356000.00
2012/09/19	4.24	4.25	4.21	4.25	2205998	9637950.00
2012/09/20	4.24	4.25	4.11	4.11	3831575	16530257.00
2012/09/21	4.11	4.16	4.03	4.05	4080045	17275364.00
2012/09/24	4.05	4.11	4.02	4.09	2499636	10531560.00
2012/09/25	4.09	4.09	4.01	4.02	3216123	13453620.00
2012/09/26	4.03	4.04	3.96	3.97	2810290	11611627.00
2012/09/27	3.96	4.13	3.93	4.06	4795999	20034482.00
2012/09/28	4.05	4.13	4.03	4.10	4044934	17089280.00
2012/10/08	4.10	4.12	4.06	4.08	2637027	11142537.00
2012/10/09	4.07	4.18	4.07	4.16	7433123	31760216.00
2012/10/10	4.14	4.19	4.13	4.17	4403318	18933232.00
2012/10/11	4.18	4.22	4.12	4.12	5223887	22535146.00
2012/10/12	4.13	4.19	4.10	4.12	3507249	15002370.00
2012/10/15	4.14	4.18	4.12	4.16	4881888	20936644.00
2012/10/16	4.18	4.20	4.14	4.17	3400294	14665373.00
2012/10/17	4.18	4.19	4.11	4.16	2503048	10745693.00
2012/10/18	4.17	4.23	4.14	4.21	5767115	25028472.00
2012/10/19	4.21	4.22	4.16	4.19	3642861	15782373.00
2012/10/22	4.18	4.20	4.14	4.20	3275013	14124181.00
2012/10/23	4.19	4.22	4.17	4.18	3176470	13762655.00
2012/10/24	4.16	4.21	4.15	4.21	4910346	21259224.00
2012/10/25	4.21	4.28	4.19	4.25	8961109	39248508.00
2012/10/26	4.23	4.25	4.05	4.06	7047399	30003156.00
2012/10/29	4.06	4.09	3.97	4.02	4249089	17733922.00
2012/10/30	4.02	4.09	3.99	4.04	3730025	15532041.00
2012/10/31	4.02	4.11	3.96	4.07	4912452	20539894.00
2012/11/01	4.07	4.13	4.05	4.12	5599554	23750026.00
2012/11/02	4.12	4.13	4.09	4.12	3457689	14702576.00
2012/11/05	4.12	4.20	4.11	4.13	6472285	27770388.00
2012/11/06	4.12	4.14	4.01	4.08	6098274	25553628.00
2012/11/07	4.06	4.08	4.01	4.06	3628593	15197245.00
2012/11/08	4.04	4.04	3.94	3.95	4909496	20203680.00
2012/11/09	3.96	3.98	3.93	3.95	2575843	10538500.00
2012/11/12	3.94	3.99	3.94	3.98	2490184	10234589.00
2012/11/13	3.97	3.99	3.86	3.88	5555998	22498676.00
2012/11/14	3.88	3.90	3.85	3.88	2934718	11779154.00
2012/11/15	3.88	3.88	3.80	3.81	3268187	13030745.00
2012/11/16	3.82	3.85	3.77	3.79	3295918	12972755.00
2012/11/19	3.79	3.80	3.73	3.79	3251055	12719716.00
2012/11/20	3.80	3.82	3.77	3.77	2291277	9020607.00
2012/11/21	3.78	3.83	3.74	3.81	2508597	9847445.00
2012/11/22	3.80	3.82	3.77	3.80	2708169	10656777.00
2012/11/23	3.80	3.82	3.77	3.80	3271478	12874224.00
2012/11/26	3.80	3.81	3.75	3.76	1977166	7727012.00
2012/11/27	3.76	3.76	3.64	3.65	3699540	14165312.00
2012/11/28	3.64	3.64	3.53	3.56	4005126	14875474.00
2012/11/29	3.57	3.58	3.48	3.50	4934613	18109996.00
2012/11/30	3.48	3.53	3.47	3.52	3184847	11616076.00
2012/12/03	3.52	3.53	3.40	3.40	2634478	9510583.00
2012/12/04	3.41	3.45	3.35	3.43	4006188	14169304.00
2012/12/05	3.43	3.59	3.41	3.58	7247051	26609260.00
2012/12/06	3.58	3.61	3.56	3.58	3670731	13649094.00
2012/12/07	3.59	3.68	3.56	3.65	5352583	20235102.00
2012/12/10	3.67	3.72	3.64	3.70	4933329	18891632.00
2012/12/11	3.70	3.72	3.66	3.69	4580861	17557572.00
2012/12/12	3.69	3.70	3.63	3.66	2446157	9304894.00
2012/12/13	3.66	3.67	3.60	3.60	3583450	13504433.00
2012/12/14	3.60	3.77	3.58	3.72	9813094	37821344.00
2012/12/17	3.72	3.80	3.72	3.79	8262913	32334084.00
2012/12/18	3.79	3.82	3.74	3.75	7194815	28224786.00
2012/12/19	3.76	3.81	3.74	3.77	6157326	24148868.00
2012/12/20	3.78	3.78	3.71	3.78	4196355	16332212.00
2012/12/21	3.77	3.81	3.75	3.76	4247708	16626906.00
2012/12/24	3.75	3.77	3.73	3.74	3434371	13364530.00
2012/12/25	3.76	3.86	3.72	3.85	10469588	41358512.00
2012/12/26	3.84	3.94	3.84	3.91	12271546	49670440.00
2012/12/27	3.92	3.94	3.86	3.89	8829019	35627644.00
2012/12/28	3.90	3.94	3.86	3.92	9548547	38578048.00
2012/12/31	3.93	4.03	3.93	4.00	13764538	56596768.00
2013/01/04	4.03	4.05	3.95	3.98	9704192	40038672.00
2013/01/07	3.97	3.99	3.95	3.98	5596367	22992156.00
2013/01/08	3.97	4.03	3.94	4.00	7547167	31128036.00
2013/01/09	4.00	4.01	3.94	3.95	7420669	30548964.00
2013/01/10	3.96	3.99	3.95	3.99	5625182	23120696.00
2013/01/11	3.98	4.00	3.86	3.88	7607339	30867258.00
2013/01/14	3.85	4.00	3.85	4.00	9454027	38605640.00
2013/01/15	4.00	4.07	3.99	4.06	13474603	56433472.00
2013/01/16	4.07	4.09	3.98	4.05	9582696	39960432.00
2013/01/17	4.05	4.05	3.98	3.99	6238349	25898644.00
2013/01/18	3.99	4.05	3.99	4.04	5306995	22086064.00
2013/01/21	4.04	4.09	4.03	4.08	10742581	45108424.00
2013/01/22	4.07	4.08	3.99	4.01	7350156	30699904.00
2013/01/23	4.01	4.12	3.98	4.06	11357844	47793996.00
2013/01/24	4.07	4.09	3.90	3.94	12822141	53280904.00
2013/01/25	3.93	3.96	3.89	3.91	5826339	23648434.00
2013/01/28	3.91	3.99	3.90	3.98	4329281	17746984.00
2013/01/29	3.98	4.01	3.98	4.01	5258658	21767650.00
2013/01/30	4.01	4.09	4.01	4.07	11737904	49273744.00
2013/01/31	4.08	4.08	4.01	4.03	7007393	29206012.00
2013/02/01	4.03	4.16	4.01	4.15	16688094	70756704.00
2013/02/04	4.18	4.29	4.15	4.24	28478989	124418296.00
2013/02/05	4.20	4.24	4.14	4.21	11268007	48876364.00
2013/02/06	4.21	4.23	4.14	4.18	10380563	44885592.00
2013/02/07	4.19	4.24	4.16	4.19	10694185	46414880.00
2013/02/08	4.21	4.23	4.17	4.20	8112351	35142832.00
2013/02/18	4.21	4.21	4.15	4.16	7789612	33582716.00
2013/02/19	4.16	4.18	4.04	4.05	8264832	34970008.00
2013/02/20	4.05	4.19	4.05	4.18	10105005	43172648.00
2013/02/21	4.19	4.19	4.06	4.10	9831286	41824236.00
2013/02/22	4.07	4.13	4.07	4.09	5299519	22460316.00
2013/02/25	4.09	4.51	4.09	4.51	60243288	276339168.00
2013/02/26	4.60	4.60	4.32	4.35	51976358	239043424.00
2013/02/27	4.32	4.43	4.25	4.33	23147634	103499544.00
2013/02/28	4.32	4.38	4.30	4.37	18982970	85199784.00
2013/03/01	4.39	4.82	4.33	4.79	75741841	363808384.00
2013/03/04	4.66	5.26	4.61	4.96	91810342	468669120.00
2013/03/05	4.86	5.12	4.84	5.01	51157252	262976560.00
2013/03/06	4.97	5.12	4.86	4.92	36929683	188129024.00
2013/03/07	4.87	4.92	4.67	4.74	32372166	158555104.00
2013/03/08	4.74	4.83	4.71	4.74	14239991	69926408.00
2013/03/11	4.76	4.82	4.69	4.71	16330626	80058072.00
2013/03/12	4.71	4.73	4.48	4.59	19134058	90520688.00
2013/03/13	4.55	4.58	4.46	4.54	10081377	46900408.00
2013/03/14	4.53	4.61	4.50	4.56	7702425	36272876.00
2013/03/15	4.59	4.67	4.46	4.54	12422216	58426252.00
2013/03/18	4.51	4.73	4.46	4.65	19232255	91897696.00
2013/03/19	4.63	4.70	4.46	4.57	12237842	57645584.00
2013/03/20	4.56	4.68	4.52	4.68	14499189	69015632.00
2013/03/21	4.69	4.94	4.65	4.82	34910046	173549504.00
2013/03/22	4.84	4.89	4.73	4.80	16782102	82537416.00
2013/03/25	4.93	5.20	4.91	4.94	43656535	225095328.00
2013/03/26	4.86	4.87	4.74	4.76	20374851	100497504.00
2013/03/27	4.75	4.81	4.63	4.69	16809150	81512784.00
2013/03/28	4.65	4.65	4.46	4.47	15467750	72093096.00
2013/03/29	4.47	4.52	4.41	4.47	9757620	44819740.00
2013/04/01	4.49	4.59	4.45	4.52	8492501	39523144.00
2013/04/02	4.56	4.61	4.48	4.49	8228100	38466160.00
2013/04/03	4.50	4.53	4.36	4.38	8322845	37852860.00
2013/04/08	4.31	4.31	4.15	4.30	10888205	47462304.00
2013/04/09	4.29	4.37	4.27	4.36	7445856	33304928.00
2013/04/10	4.39	4.49	4.37	4.43	10727951	49108096.00
2013/04/11	4.43	4.46	4.39	4.39	5789910	26377232.00
2013/04/12	4.40	4.43	4.27	4.30	4755236	21374360.00
2013/04/15	4.26	4.26	4.16	4.22	5109190	22221904.00
2013/04/16	4.18	4.27	4.16	4.26	4884492	21263438.00
2013/04/17	4.25	4.31	4.23	4.28	3995886	17631420.00
2013/04/18	4.26	4.38	4.25	4.33	6684689	29942098.00
2013/04/19	4.32	4.42	4.32	4.40	7990605	36201872.00
2013/04/22	4.35	4.45	4.33	4.45	8527623	38781692.00
2013/04/23	4.45	4.45	4.21	4.24	8573547	38128780.00
2013/04/24	4.24	4.33	4.24	4.32	6607839	29317178.00
2013/04/25	4.30	4.31	4.22	4.22	6501645	28616266.00
2013/04/26	4.23	4.28	4.16	4.17	5712674	24795166.00
2013/05/02	4.17	4.17	4.05	4.08	6038579	25520728.00
2013/05/03	4.08	4.18	4.07	4.15	4451971	19073008.00
2013/05/06	4.18	4.23	4.17	4.21	5348441	23217568.00
2013/05/07	4.20	4.28	4.17	4.23	5493928	24003646.00
2013/05/08	4.25	4.27	4.19	4.24	4836306	21109980.00
2013/05/09	4.22	4.28	4.20	4.26	6492786	28441182.00
2013/05/10	4.26	4.39	4.24	4.38	14286659	64041240.00
2013/05/13	4.38	4.38	4.29	4.32	7828090	34883400.00
2013/05/14	4.31	4.32	4.18	4.22	7855964	34251624.00
2013/05/15	4.19	4.24	4.17	4.21	6165549	26749026.00
2013/05/16	4.20	4.38	4.17	4.33	11448002	50619000.00
2013/05/17	4.33	4.38	4.29	4.35	10840023	48650500.00
2013/05/20	4.37	4.43	4.36	4.40	10876324	49329712.00
2013/05/21	4.38	4.58	4.34	4.55	21950382	101274096.00
2013/05/22	4.54	4.59	4.47	4.50	15927874	74363016.00
2013/05/23	4.53	4.66	4.51	4.54	21020966	99464272.00
2013/05/24	4.56	4.59	4.47	4.55	10654237	49685976.00
2013/05/27	4.53	4.59	4.49	4.57	9363239	43929580.00
2013/05/28	4.58	4.60	4.51	4.58	9926900	46636468.00
2013/05/29	4.61	4.74	4.59	4.59	16191069	77598192.00
2013/05/30	4.57	4.58	4.51	4.55	9907116	46347800.00
2013/05/31	4.55	4.69	4.51	4.60	17072623	80800616.00
2013/06/03	4.62	4.84	4.57	4.69	24657024	119873384.00
2013/06/04	4.68	4.68	4.45	4.51	16620554	78033360.00
2013/06/05	4.50	4.61	4.48	4.55	8576377	40215788.00
2013/06/06	4.51	4.54	4.40	4.40	8650607	39607156.00
2013/06/07	4.41	4.43	4.25	4.34	8730850	38951376.00
2013/06/13	4.31	4.50	4.15	4.34	14287254	63529620.00
2013/06/14	4.35	4.45	4.32	4.43	9035301	41070428.00
2013/06/17	4.40	4.45	4.26	4.30	7902441	35354292.00
2013/06/18	4.31	4.35	4.21	4.29	7860705	34788952.00
2013/06/19	4.30	4.36	4.25	4.36	7908490	35220516.00
2013/06/20	4.32	4.40	4.16	4.17	8102796	35825600.00
2013/06/21	4.09	4.18	4.06	4.12	6403425	27235028.00
2013/06/24	4.11	4.11	3.74	3.75	12282921	49422248.00
2013/06/25	3.73	3.81	3.43	3.67	12373307	46557324.00
2013/06/26	3.68	3.72	3.62	3.70	5479384	20903976.00
2013/06/27	3.71	3.81	3.65	3.65	7391015	28592440.00
2013/06/28	3.65	3.74	3.59	3.68	4692283	17880864.00
2013/07/01	3.73	3.80	3.70	3.76	5690216	22153628.00
2013/07/02	3.75	3.77	3.70	3.75	4508323	17450496.00
2013/07/03	3.73	3.91	3.68	3.86	12013182	47292532.00
2013/07/04	3.83	3.89	3.77	3.84	8549992	33972128.00
2013/07/05	3.84	4.14	3.79	4.12	22323671	92021168.00
2013/07/08	4.31	4.31	4.05	4.14	33088948	143134912.00
2013/07/09	4.11	4.43	4.06	4.36	25815851	113267800.00
2013/07/10	4.28	4.51	4.26	4.42	25705732	115940112.00
2013/07/11	4.38	4.52	4.34	4.43	23877160	109179856.00
2013/07/12	4.43	4.60	4.37	4.42	25261385	116673456.00
2013/07/15	4.39	4.46	4.22	4.34	24182661	107856640.00
2013/07/16	4.34	4.47	4.32	4.36	17187057	76695632.00
2013/07/17	4.33	4.44	4.18	4.20	14669505	64556528.00
2013/07/18	4.18	4.22	4.11	4.16	10826080	45764080.00
2013/07/19	4.20	4.23	4.03	4.04	11919388	50122236.00
2013/07/22	4.23	4.23	4.08	4.16	9122059	38540592.00
2013/07/23	4.11	4.29	4.11	4.27	12683972	54506332.00
2013/07/24	4.24	4.31	4.16	4.27	10730134	46034960.00
2013/07/25	4.25	4.36	4.18	4.20	11247014	48887440.00
2013/07/26	4.17	4.28	4.17	4.23	9653678	41322192.00
2013/07/29	4.13	4.16	4.03	4.03	10891984	45234648.00
2013/07/30	4.03	4.08	3.91	4.00	8211771	33358310.00
2013/07/31	4.00	4.07	3.95	3.98	6362259	26045998.00
2013/08/01	4.01	4.09	3.98	4.08	5967991	24542010.00
2013/08/02	4.10	4.13	4.06	4.06	6845015	28489554.00
2013/08/05	4.06	4.12	4.05	4.10	5203160	21651860.00
2013/08/06	4.09	4.20	4.06	4.18	15270443	64036528.00
2013/08/07	4.14	4.21	4.12	4.14	10872480	45988236.00
2013/08/08	4.11	4.15	4.03	4.07	7738325	32249720.00
2013/08/09	4.08	4.11	4.00	4.05	7130953	29420676.00
2013/08/12	4.06	4.15	4.06	4.15	9004434	37733000.00
2013/08/13	4.16	4.21	4.13	4.20	9678106	41146244.00
2013/08/14	4.19	4.25	4.14	4.17	9395682	39998272.00
2013/08/15	4.16	4.25	4.16	4.16	8576420	36638416.00
2013/08/16	4.13	4.23	4.07	4.07	10793610	45406804.00
2013/08/19	4.01	4.07	3.98	4.05	8483132	34817292.00
2013/08/20	4.05	4.08	4.01	4.02	6242200	25661280.00
2013/08/21	4.01	4.12	3.99	4.11	7592158	31211832.00
2013/08/22	4.09	4.16	4.07	4.10	5858682	24496068.00
2013/08/23	4.15	4.18	4.01	4.06	10785958	44997108.00
2013/08/26	4.06	4.31	4.04	4.27	26819604	115095752.00
2013/08/27	4.29	4.49	4.26	4.31	36725063	162717680.00
2013/08/28	4.26	4.75	4.23	4.75	95011147	449153856.00
2013/08/29	4.68	4.70	4.52	4.55	62436405	291267104.00
2013/08/30	4.55	4.93	4.54	4.71	75086764	361210656.00
2013/09/02	4.73	4.78	4.36	4.48	38371396	175591008.00
2013/09/03	4.54	4.67	4.46	4.59	23152985	107579392.00
2013/09/04	4.57	4.78	4.48	4.64	30414841	143105936.00
2013/09/05	4.60	4.60	4.46	4.51	20719723	95178336.00
2013/09/06	4.50	4.72	4.47	4.65	33313852	157077200.00
2013/09/09	4.68	4.86	4.62	4.73	40999899	197544512.00
2013/09/10	4.70	5.11	4.69	4.99	62087568	311826592.00
2013/09/11	5.00	5.04	4.84	4.91	42562547	213160720.00
2013/09/12	4.92	5.17	4.86	5.08	49145390	252890176.00
2013/09/13	5.07	5.16	4.89	4.93	35182314	178394496.00
2013/09/16	4.91	5.01	4.83	4.86	21888150	108566328.00
2013/09/17	4.86	4.93	4.73	4.84	29364521	143793872.00
2013/09/18	4.84	4.93	4.73	4.93	23533956	115870320.00
2013/09/23	4.95	4.98	4.87	4.95	23277773	116339520.00
2013/09/24	4.95	5.45	4.91	5.45	52674755	286159456.00
2013/09/25	5.78	5.80	5.42	5.48	103108070	582496256.00
2013/09/26	5.32	5.40	5.05	5.09	60060088	316474144.00
2013/09/27	5.03	5.33	5.03	5.19	34557789	181688880.00
2013/09/30	5.23	5.31	5.10	5.27	23479152	123816240.00
2013/10/08	5.21	5.36	5.12	5.24	25040782	132897480.00
2013/10/09	5.25	5.28	5.12	5.26	23479934	123880072.00
2013/10/10	5.73	5.79	5.56	5.79	112343339	653463168.00
2013/10/11	5.68	6.20	5.66	6.11	137413520	821614976.00
2013/10/14	5.99	6.06	5.77	5.97	66735454	400642784.00
2013/10/15	5.91	6.23	5.81	6.07	62489151	383522560.00
2013/10/16	6.06	6.15	5.55	5.71	54564883	320691808.00
2013/10/17	5.80	6.02	5.66	5.89	41207266	243411504.00
2013/10/18	5.81	5.88	5.70	5.79	23778862	139077616.00
2013/10/21	5.77	5.97	5.74	5.91	23340060	138630064.00
2013/10/22	5.93	6.06	5.64	5.67	34976171	205898752.00
2013/10/23	5.66	5.76	5.27	5.44	37731819	209493904.00
2013/10/24	5.39	5.52	5.26	5.28	18852547	102226800.00
2013/10/25	5.24	5.31	5.03	5.12	22459351	117143520.00
2013/10/28	5.12	5.23	5.12	5.13	11344687	59313628.00
2013/10/29	5.11	5.17	4.66	4.91	26845531	132961168.00
2013/10/30	4.83	4.97	4.80	4.95	14608954	72667120.00
2013/10/31	4.95	5.08	4.87	4.95	15135365	76186088.00
2013/11/01	4.93	4.96	4.81	4.91	13187366	65248504.00
2013/11/04	4.93	4.99	4.91	4.93	9073563	45536800.00
2013/11/05	4.96	5.14	4.91	5.11	19511815	99871216.00
2013/11/06	5.07	5.18	4.99	5.00	17853438	92342760.00
2013/11/07	5.00	5.13	5.00	5.04	15359221	78803800.00
2013/11/08	5.05	5.07	4.81	4.85	19779080	98177640.00
2013/11/11	4.86	4.89	4.76	4.79	6578621	32143576.00
2013/11/12	4.83	4.94	4.80	4.92	10312202	51177944.00
2013/11/13	4.87	4.88	4.71	4.72	11069280	53833996.00
2013/11/14	4.71	4.78	4.68	4.77	8728279	41870472.00
2013/11/15	4.81	5.08	4.81	5.05	26181507	132483656.00
2013/11/18	5.13	5.18	5.05	5.16	20697556	107646144.00
2013/11/19	5.17	5.18	5.07	5.08	14947822	77354216.00
2013/11/20	5.11	5.13	5.05	5.13	11809216	61005664.00
2013/11/21	5.12	5.22	5.05	5.20	19172552	100090744.00
2013/11/22	5.18	5.32	5.11	5.23	21227902	112426256.00
2013/11/25	5.13	5.22	5.04	5.09	16240594	84396008.00
2013/11/26	5.11	5.27	5.07	5.11	15522042	80945384.00
2013/11/27	5.10	5.18	5.07	5.15	15590470	80879376.00
2013/11/28	5.13	5.25	5.08	5.18	18263842	96091360.00
2013/11/29	5.18	5.21	5.09	5.13	13110542	68381320.00
2013/12/02	5.65	5.65	5.60	5.65	48769997	278953120.00
2013/12/03	5.90	5.90	5.52	5.70	109901963	634188096.00
2013/12/04	5.66	6.19	5.61	5.83	92554856	552323328.00
2013/12/05	5.68	6.08	5.65	5.85	65154551	386830048.00
2013/12/06	5.79	6.21	5.76	6.08	95260004	585477760.00
2013/12/09	6.02	6.12	5.93	6.00	50220633	305307328.00
2013/12/10	5.96	6.18	5.83	5.85	60426856	367532864.00
2013/12/11	5.81	5.84	5.63	5.69	40372311	233449168.00
2013/12/12	5.67	5.83	5.63	5.65	27073369	157073824.00
2013/12/13	5.65	5.79	5.65	5.70	17924377	103339656.00
2013/12/16	5.78	5.81	5.37	5.38	38817832	217561696.00
2013/12/17	5.42	5.51	5.33	5.42	18989614	104519632.00
2013/12/18	5.42	5.47	5.35	5.38	13024743	71300168.00
2013/12/19	5.39	5.46	5.26	5.29	14421411	78138144.00
2013/12/20	5.29	5.38	5.26	5.30	14113482	76018608.00
2013/12/23	5.28	5.32	5.02	5.13	17460367	90833800.00
2013/12/24	5.12	5.25	5.12	5.16	12640163	66272352.00
2013/12/25	5.13	5.22	5.09	5.22	10847976	57048520.00
2013/12/26	5.20	5.29	5.11	5.13	15597242	82116832.00
2013/12/27	5.14	5.33	5.11	5.32	21606479	114791488.00
2013/12/30	5.33	5.38	5.26	5.33	13485913	72830016.00
2013/12/31	5.37	5.47	5.31	5.41	18383205	100587776.00
2014/01/02	5.41	5.41	5.20	5.26	20780758	110746920.00
2014/01/03	5.23	5.23	5.03	5.04	23556315	121472384.00
2014/01/06	5.00	5.00	4.78	4.81	19009902	93805128.00
2014/01/07	4.79	4.90	4.75	4.85	10556604	51917844.00
2014/01/08	4.85	4.88	4.77	4.82	12002016	58702008.00
2014/01/09	4.77	4.84	4.67	4.70	12377427	59859384.00
2014/01/10	4.67	4.68	4.50	4.52	14376033	66653768.00
2014/01/13	4.51	4.57	4.47	4.53	7545065	34594944.00
2014/01/14	4.51	4.58	4.47	4.58	9058543	41729420.00
2014/01/15	4.57	4.68	4.55	4.62	8720159	40825520.00
2014/01/16	4.62	4.64	4.56	4.61	8039040	37600940.00
2014/01/17	4.58	4.60	4.47	4.50	8011868	36770356.00
2014/01/20	4.50	4.54	4.44	4.45	5651261	25768154.00
2014/01/21	4.44	4.65	4.44	4.61	12586515	57941184.00
2014/01/22	4.59	4.76	4.58	4.71	13959517	66459752.00
2014/01/23	4.72	4.72	4.64	4.67	9130588	43321920.00
2014/01/24	4.63	4.86	4.63	4.81	16957574	82061864.00
2014/01/27	4.76	4.93	4.71	4.80	16873127	82909656.00
2014/01/28	4.78	4.85	4.71	4.80	7464666	36243040.00
2014/01/29	4.82	4.84	4.75	4.81	5229968	25368614.00
2014/01/30	4.79	4.95	4.74	4.81	9422156	46344968.00
2014/02/07	4.75	4.92	4.73	4.90	9728810	47840660.00
2014/02/10	4.92	4.99	4.89	4.98	15194149	76339632.00
2014/02/11	4.98	5.08	4.94	5.02	16745490	85276912.00
2014/02/12	5.00	5.06	4.96	5.04	13780249	69911080.00
2014/02/13	5.03	5.06	4.91	4.93	13679771	69391552.00
2014/02/14	4.92	5.07	4.92	5.04	14608134	74184968.00
2014/02/17	5.07	5.17	5.06	5.11	19115525	99153200.00
2014/02/18	5.11	5.36	5.01	5.24	33777959	177529408.00
2014/02/19	5.24	5.31	5.18	5.21	17648980	93680968.00
2014/02/20	5.23	5.27	5.06	5.07	16549079	86058192.00
2014/02/21	5.08	5.10	4.94	5.00	11931383	60593584.00
2014/02/24	4.98	4.99	4.91	4.98	10131774	50819776.00
2014/02/25	4.96	5.03	4.77	4.79	14822904	73860640.00
2014/02/26	4.79	4.81	4.65	4.76	11011265	52787528.00
2014/02/27	4.75	4.85	4.73	4.75	11878538	57712176.00
2014/02/28	4.75	4.82	4.70	4.81	6651008	32160448.00
2014/03/03	4.80	5.03	4.76	4.99	18391009	91829520.00
2014/03/04	4.93	4.97	4.84	4.91	10467965	52094816.00
2014/03/05	4.94	4.97	4.86	4.87	8216127	40983116.00
2014/03/06	4.87	5.04	4.78	5.01	14773801	73756640.00
2014/03/07	5.02	5.05	4.90	4.93	9601185	48248296.00
2014/03/10	4.85	5.00	4.77	4.78	11271485	55827052.00
2014/03/11	4.77	4.88	4.74	4.79	10679859	52078616.00
2014/03/12	4.79	5.28	4.75	5.12	66710506	350797120.00
2014/03/13	5.00	5.11	4.98	5.07	34154684	174363536.00
2014/03/14	5.02	5.10	4.98	5.02	15784435	80540712.00
2014/03/17	4.97	5.07	4.97	5.05	10262922	52364148.00
2014/03/18	5.07	5.24	5.05	5.17	27169617	142479712.00
2014/03/19	5.17	5.17	5.05	5.13	15097835	78106384.00
2014/03/20	5.12	5.13	4.91	4.92	16025117	81619392.00
2014/03/21	4.89	5.13	4.84	5.10	19964150	101691392.00
2014/03/24	5.10	5.26	5.09	5.18	20470803	107434608.00
2014/03/25	5.17	5.33	5.11	5.23	29142443	155052256.00
2014/03/26	5.25	5.27	5.10	5.16	15069415	78882376.00
2014/03/27	5.14	5.32	5.07	5.23	27376434	144542032.00
2014/03/28	5.23	5.36	5.18	5.33	36961632	198235920.00
2014/03/31	5.31	5.31	4.97	5.04	28870593	149387744.00
2014/04/01	5.03	5.10	5.03	5.07	8557662	43962584.00
2014/04/02	5.07	5.10	5.00	5.03	12754950	65252252.00
2014/04/03	5.02	5.04	4.96	5.00	10656914	54024664.00
2014/04/04	4.99	5.07	4.96	5.06	7670853	39147544.00
2014/04/08	5.03	5.10	5.01	5.10	9667141	49673856.00
2014/04/09	5.09	5.12	5.05	5.11	10301057	53128600.00
2014/04/10	5.11	5.22	5.08	5.18	19098828	99802320.00
2014/04/11	5.14	5.18	5.08	5.11	11321018	58743528.00
2014/04/14	5.08	5.22	5.07	5.18	12440480	64909844.00
2014/04/15	5.16	5.23	5.11	5.13	13099587	68485832.00
2014/04/16	5.12	5.20	5.10	5.17	11619752	60836720.00
2014/04/17	5.14	5.21	5.14	5.16	10432326	54693196.00
2014/04/18	5.15	5.24	5.12	5.22	15669648	82535816.00
2014/04/21	5.26	5.30	5.08	5.10	20828758	110009208.00
2014/04/22	5.04	5.12	4.98	5.06	13023705	66600576.00
2014/04/23	5.13	5.22	5.06	5.08	10774083	56083260.00
2014/04/24	5.06	5.08	4.99	4.99	8187707	41732204.00
2014/04/25	4.98	5.04	4.86	4.87	8709742	43775440.00
2014/04/28	4.90	4.96	4.81	4.81	8201300	40644824.00
2014/04/29	4.83	4.86	4.72	4.86	7195105	35070088.00
2014/04/30	4.85	4.92	4.83	4.89	4281015	21178330.00
2014/05/05	4.90	4.92	4.82	4.92	4799397	23657364.00
2014/05/06	4.90	5.09	4.88	4.99	9572314	48356080.00
2014/05/07	4.96	5.05	4.92	4.94	8709549	43987344.00
2014/05/08	4.92	5.04	4.89	4.93	7442086	37418344.00
2014/05/09	4.99	5.04	4.91	4.96	6494306	32737612.00
2014/05/12	5.00	5.05	4.93	5.04	9926541	50399376.00
2014/05/13	5.04	5.06	4.97	5.00	5985051	30416248.00
2014/05/14	5.01	5.02	4.97	5.00	3833463	19403512.00
2014/05/15	4.99	5.00	4.87	4.88	7570791	37873420.00
2014/05/16	4.87	4.91	4.80	4.89	5602450	27579798.00
2014/05/19	4.87	4.87	4.76	4.79	5805358	28279780.00
2014/05/20	4.83	4.85	4.78	4.80	3013199	14708019.00
2014/05/21	4.81	4.83	4.76	4.80	3287479	16011957.00
2014/05/22	4.83	5.07	4.83	4.89	15108097	75976328.00
2014/05/23	4.85	4.88	4.82	4.88	6464482	31816350.00
2014/05/26	4.88	4.91	4.87	4.90	5250361	26019404.00
2014/05/27	4.89	4.91	4.83	4.84	4857831	23938828.00
2014/05/28	4.84	4.89	4.81	4.87	4001454	19692788.00
2014/05/29	4.88	4.89	4.82	4.83	5162556	25378272.00
2014/05/30	4.84	4.85	4.78	4.83	4113461	20074978.00
2014/06/03	4.83	4.85	4.79	4.79	3483311	17015996.00
2014/06/04	4.78	4.79	4.61	4.66	9234648	43929928.00
2014/06/05	4.64	4.72	4.64	4.70	4150240	19747856.00
2014/06/06	4.71	4.73	4.67	4.73	3329107	15908488.00
2014/06/09	4.67	4.72	4.67	4.68	2450566	11657516.00
2014/06/10	4.71	4.75	4.65	4.73	2981973	14258472.00
2014/06/11	4.73	4.82	4.69	4.78	6142678	29786284.00
2014/06/12	4.77	4.77	4.70	4.72	4014344	19262558.00
2014/06/13	4.71	4.78	4.70	4.75	3670583	17671922.00
2014/06/16	4.75	4.80	4.74	4.78	5048229	24423208.00
2014/06/17	4.78	4.79	4.70	4.70	4998268	23693660.00
2014/06/18	4.71	4.74	4.68	4.68	4411349	20734196.00
2014/06/19	4.69	4.72	4.55	4.57	5724837	26527418.00
2014/06/20	4.58	4.59	4.55	4.58	4024360	18378996.00
2014/06/23	4.59	4.68	4.59	4.63	5467907	25359460.00
2014/06/24	4.63	4.64	4.60	4.63	3899209	18011798.00
2014/06/25	4.63	4.64	4.54	4.58	5348891	24449204.00
2014/06/26	4.58	4.85	4.56	4.73	14482598	68561296.00
2014/06/27	4.72	4.84	4.69	4.80	11839727	56700468.00
2014/06/30	4.82	4.86	4.77	4.79	7165311	34396152.00
2014/07/01	4.79	4.79	4.70	4.76	7014809	33313326.00
2014/07/02	4.74	4.80	4.73	4.78	5247454	25017300.00
2014/07/03	4.79	4.88	4.76	4.82	8646940	41616656.00
2014/07/04	4.96	5.06	4.89	4.92	23056447	114528544.00
2014/07/07	4.88	4.94	4.84	4.87	9291720	45369692.00
2014/07/08	4.86	4.90	4.80	4.86	7558522	36667080.00
2014/07/09	4.86	4.86	4.76	4.77	8468456	40752360.00
2014/07/10	4.78	4.94	4.75	4.91	11676747	56636180.00
2014/07/11	4.88	4.92	4.81	4.89	10444293	50888572.00
2014/07/14	4.88	4.91	4.85	4.90	6989518	34132840.00
2014/07/15	4.91	4.95	4.88	4.94	7954555	39058728.00
2014/07/16	4.93	5.01	4.91	4.96	10665476	52876280.00
2014/07/17	4.97	5.01	4.88	4.91	7873355	38730728.00
2014/07/18	4.87	4.98	4.86	4.96	10460549	51599820.00
2014/07/21	4.93	4.94	4.84	4.85	10128199	49360976.00
2014/07/22	4.84	4.91	4.82	4.89	6505449	31716068.00
2014/07/23	4.86	4.89	4.82	4.84	7865191	38171112.00
2014/07/24	4.84	4.88	4.80	4.87	6672464	32360938.00
2014/07/25	4.87	4.94	4.85	4.93	8830432	43319948.00
2014/07/28	4.94	5.02	4.92	5.00	19324271	96214720.00
2014/07/29	5.00	5.06	4.97	5.02	16101089	80720512.00
2014/07/30	5.02	5.02	4.97	4.98	9709572	48484344.00
2014/07/31	4.98	5.04	4.98	5.04	9900212	49728032.00
2014/08/01	5.03	5.04	4.96	4.96	12246610	61335880.00
2014/08/04	4.96	5.08	4.96	5.07	15424745	77710016.00
2014/08/05	5.07	5.15	5.03	5.14	21530392	109890016.00
2014/08/06	5.19	5.25	5.09	5.12	28819880	148506048.00
2014/08/07	5.14	5.22	5.06	5.08	19780857	101678360.00
2014/08/08	5.08	5.16	5.05	5.12	13736086	70159336.00
2014/08/11	5.12	5.18	5.09	5.17	14536110	74759296.00
2014/08/12	5.16	5.18	5.11	5.16	14111597	72579176.00
2014/08/13	5.20	5.30	5.17	5.21	26458387	138396384.00
2014/08/14	5.21	5.21	5.12	5.13	13780588	71093856.00
2014/08/15	5.13	5.25	5.11	5.17	21569317	111664536.00
2014/08/18	5.17	5.19	5.14	5.19	18591053	95972760.00
2014/08/19	5.17	5.22	5.14	5.20	18538906	96112616.00
2014/08/20	5.20	5.22	5.16	5.19	13794644	71584624.00
2014/08/21	5.18	5.18	5.10	5.14	14227429	73085352.00
2014/08/22	5.14	5.18	5.11	5.18	11959121	61705904.00
2014/08/25	5.20	5.25	5.18	5.21	21191792	110647344.00
2014/08/26	5.20	5.21	5.03	5.06	18446725	94258480.00
2014/08/27	5.06	5.10	5.04	5.06	8108454	41089800.00
2014/08/28	5.06	5.08	5.00	5.03	9450633	47617980.00
2014/08/29	5.04	5.07	5.02	5.06	6905986	34807052.00
2014/09/01	5.05	5.10	5.04	5.09	8779962	44547044.00
2014/09/02	5.10	5.15	5.09	5.14	14147742	72455584.00
2014/09/03	5.15	5.19	5.13	5.19	16651342	86028240.00
2014/09/04	5.22	5.24	5.17	5.21	19427084	100947400.00
2014/09/05	5.21	5.29	5.19	5.25	22658477	118824512.00
2014/09/09	5.24	5.26	5.18	5.23	16634465	86700144.00
2014/09/10	5.20	5.29	5.18	5.27	21159171	110900640.00
2014/09/11	5.27	5.32	5.21	5.23	23438065	123657208.00
2014/09/12	5.22	5.30	5.20	5.30	17626682	92665888.00
2014/09/15	5.30	5.41	5.29	5.37	32086398	172476896.00
2014/09/16	5.41	5.49	5.22	5.23	36667532	197199536.00
2014/09/17	5.22	5.29	5.18	5.29	18770574	98244704.00
2014/09/18	5.28	5.38	5.25	5.38	20450667	109089080.00
2014/09/19	5.38	5.42	5.32	5.38	13855972	74387104.00
2014/09/22	5.38	5.53	5.36	5.41	38177006	208137584.00
2014/09/23	5.43	5.95	5.38	5.74	84923766	489821312.00
2014/09/24	5.66	5.80	5.61	5.79	50063557	286105504.00
2014/09/25	5.77	5.93	5.68	5.70	40865430	235979952.00
2014/09/26	5.67	5.75	5.63	5.69	21560964	122658568.00
2014/09/29	5.70	5.83	5.70	5.74	23247416	133872440.00
2014/09/30	5.79	5.81	5.67	5.74	21125587	121227520.00
2014/10/08	5.77	5.87	5.74	5.84	24551653	142937344.00
2014/10/09	5.87	5.88	5.69	5.80	26145497	151475168.00
2014/10/10	5.77	6.05	5.70	5.94	46271295	271496640.00
2014/10/13	5.93	6.06	5.89	5.95	34642184	207188528.00
2014/10/14	5.93	6.08	5.90	6.00	34264338	205036192.00
2014/10/15	5.97	6.06	5.92	6.01	20593848	123345632.00
2014/10/16	5.99	6.00	5.77	5.78	29689882	175261840.00
2014/10/17	5.78	5.82	5.55	5.63	28976468	164142848.00
2014/10/20	5.64	5.72	5.63	5.69	11956022	67886456.00
2014/10/21	5.69	5.72	5.57	5.58	15204925	85675920.00
2014/10/22	5.58	5.68	5.53	5.54	13267229	74468240.00
2014/10/23	5.54	5.63	5.47	5.56	17406783	96726216.00
2014/10/24	5.58	5.71	5.57	5.65	17152686	96916176.00
2014/10/27	5.63	5.75	5.54	5.67	13317577	75313216.00
2014/10/28	5.68	5.81	5.67	5.81	15936775	91684432.00
2014/10/29	5.83	6.01	5.75	5.96	40799296	240730400.00
2014/10/30	5.93	5.96	5.82	5.89	30016480	176723744.00
2014/10/31	5.91	6.13	5.86	6.09	66137579	399334464.00
2014/11/03	6.10	6.14	5.97	6.01	36686710	221686736.00
2014/11/04	6.01	6.06	5.91	5.93	24690822	147758224.00
2014/11/05	5.94	6.14	5.92	6.03	36516218	221624848.00
2014/11/06	6.03	6.08	5.95	6.02	17831519	107081312.00
2014/11/07	6.01	6.11	5.92	5.92	34296917	206807200.00
2014/11/10	5.95	6.07	5.91	6.05	27644830	165633536.00
2014/11/11	6.07	6.15	5.83	5.90	41381092	248983584.00
2014/11/12	5.90	6.29	5.86	6.21	57249867	351788224.00
2014/11/13	6.23	6.35	6.14	6.28	62615837	392452544.00
2014/11/14	6.23	6.36	6.09	6.15	34315960	212896976.00
2014/11/17	6.18	6.30	6.03	6.15	29601862	182334928.00
2014/11/18	6.13	6.26	6.10	6.14	19580550	120726360.00
2014/11/19	6.12	6.15	6.04	6.06	22820623	138778048.00
2014/11/20	6.18	6.61	6.16	6.39	82898673	533609728.00
2014/11/21	6.34	7.03	6.33	7.03	133105150	902598592.00
2014/11/24	7.30	7.53	7.03	7.32	212626585	1554360192.00
2014/11/25	7.31	7.97	7.20	7.70	173791830	1320230016.00
2014/11/26	7.56	7.73	7.46	7.69	133992625	1018837312.00
2014/11/27	7.70	7.82	7.55	7.80	123876550	949987968.00
2014/11/28	7.75	7.87	7.39	7.52	119970124	909770304.00
2014/12/01	7.84	8.27	7.59	7.89	170724403	1353356032.00
2014/12/02	7.66	8.15	7.61	8.09	134134558	1061835456.00
2014/12/03	8.20	8.55	7.85	8.07	142969146	1171392384.00
2014/12/04	8.22	8.68	8.13	8.58	163146926	1375437952.00
2014/12/05	8.40	8.55	7.81	8.13	153532316	1263404800.00
2014/12/08	7.99	8.28	7.87	8.11	104719805	848425536.00
2014/12/09	8.00	8.13	7.32	7.44	128542104	1003175424.00
2014/12/10	7.40	7.72	7.28	7.71	66940222	502536000.00
2014/12/11	7.68	8.46	7.55	8.21	130459404	1053814656.00
2014/12/12	8.11	8.40	7.96	8.14	85902109	700998080.00
2014/12/15	8.07	8.88	7.98	8.70	142481727	1216992256.00
2014/12/16	8.68	8.95	8.45	8.87	122016016	1065691968.00
2014/12/17	8.76	8.87	8.35	8.53	94165068	810656576.00
2014/12/18	8.36	8.65	8.32	8.38	60556172	513145888.00
2014/12/19	8.18	8.55	8.10	8.31	62908468	522225024.00
2014/12/22	8.30	8.53	8.00	8.09	73210382	602727296.00
2014/12/23	8.15	8.25	7.72	7.78	49087253	392942336.00
2014/12/24	7.85	7.96	7.75	7.93	41120671	322282944.00
2014/12/25	7.94	8.11	7.89	8.08	36393534	291702944.00
2014/12/26	8.08	8.58	8.08	8.44	76852907	644683200.00
2014/12/29	8.65	9.08	8.46	8.64	118166252	1034147072.00
2014/12/30	8.67	8.70	8.24	8.30	61083397	514234784.00
2014/12/31	8.24	8.74	8.15	8.53	70312585	597269888.00
2015/01/05	8.57	8.77	8.40	8.65	71163371	612625664.00
2015/01/06	8.75	9.27	8.58	9.00	129429515	1163332352.00
2015/01/07	8.97	9.18	8.85	9.03	84449894	759776128.00
2015/01/08	9.00	9.04	8.56	8.60	69929315	610318208.00
2015/01/09	8.56	8.70	8.38	8.41	56369086	483282912.00
2015/01/12	8.28	8.50	8.14	8.25	39767405	329908064.00
2015/01/13	8.22	8.39	8.14	8.34	34625760	286291872.00
2015/01/14	8.30	8.38	8.04	8.12	31217593	255757552.00
2015/01/15	8.33	8.64	8.27	8.47	54002273	456994464.00
2015/01/16	8.25	8.47	8.21	8.39	38625787	322554912.00
2015/01/19	8.13	8.45	7.77	7.88	63520159	516287008.00
2015/01/20	8.01	8.25	8.01	8.22	48028684	390996672.00
2015/01/21	8.23	8.93	8.18	8.69	89520700	770712640.00
2015/01/22	8.68	8.89	8.59	8.77	69743635	610164288.00
2015/01/23	8.89	9.04	8.64	8.93	95006640	843414144.00
2015/01/26	8.90	9.65	8.82	9.55	154926168	1441264896.00
2015/01/27	9.45	9.50	9.11	9.31	99058395	919320320.00
2015/01/28	9.28	9.37	9.07	9.10	65468100	601508800.00
2015/01/29	9.00	9.29	8.92	9.14	52483705	480630528.00
2015/01/30	9.12	9.21	8.70	8.74	60445135	537974016.00
2015/02/02	8.54	8.85	8.42	8.66	41740142	359578336.00
2015/02/03	8.71	8.93	8.66	8.89	37065286	325502240.00
2015/02/04	8.90	8.92	8.59	8.60	35454818	310584064.00
2015/02/05	8.80	8.84	8.50	8.53	38663230	335288800.00
2015/02/06	8.46	8.63	8.30	8.39	29275503	247832480.00
2015/02/09	8.37	8.57	8.32	8.46	21965807	186155536.00
2015/02/10	8.56	9.08	8.53	8.99	75617955	673037888.00
2015/02/11	8.91	9.09	8.88	9.06	50051374	449954336.00
2015/02/12	9.17	9.36	9.05	9.07	56230084	517446688.00
2015/02/13	9.10	9.25	9.01	9.22	55302149	506433760.00
2015/02/16	9.38	9.59	9.24	9.35	70346858	661650560.00
2015/02/17	9.31	9.44	9.11	9.24	61731827	571065600.00
2015/02/25	9.27	9.54	9.16	9.41	71435610	670946176.00
2015/02/26	9.36	9.42	9.22	9.38	47131758	439615712.00
2015/02/27	9.43	9.98	9.40	9.66	96041549	933801536.00
2015/03/02	9.68	10.48	9.66	10.24	116115148	1168196992.00
2015/03/03	10.15	10.46	10.03	10.09	102315131	1047829120.00
2015/03/04	10.15	10.45	9.93	10.44	81046749	826206848.00
2015/03/05	10.45	10.96	10.26	10.35	91431202	968438208.00
2015/03/06	10.34	10.46	9.94	9.95	79338356	800170944.00
2015/03/09	9.90	10.13	9.67	10.05	43592241	432175360.00
2015/03/10	10.00	10.60	9.98	10.34	61228157	632830592.00
2015/03/11	10.23	10.45	10.11	10.24	38660252	395836832.00
2015/03/12	10.36	10.88	10.25	10.58	76521580	810116480.00
2015/03/13	10.56	10.81	10.35	10.56	54572490	574030272.00
2015/03/16	10.71	10.95	10.49	10.90	73518143	792449856.00
2015/03/17	10.95	10.98	10.58	10.77	71699332	772632000.00
2015/03/18	10.78	10.88	10.55	10.84	81928883	879427136.00
2015/03/19	10.77	11.48	10.63	11.21	116400499	1290967168.00
2015/03/20	11.10	11.38	11.04	11.16	67567909	754506752.00
2015/03/23	11.23	11.30	11.05	11.20	64270119	718136256.00
2015/03/24	11.50	11.68	10.74	11.12	92516628	1033679808.00
2015/03/25	11.01	11.03	10.75	10.84	67913452	738887104.00
2015/03/26	10.75	10.94	10.62	10.70	58209949	625691200.00
2015/03/27	10.78	11.14	10.75	11.06	61512380	673340480.00
2015/03/30	11.11	11.17	10.91	11.07	63650299	701941376.00
2015/03/31	11.13	11.18	10.82	10.87	59145030	651725760.00
2015/04/01	10.86	11.44	10.81	11.26	90087021	1006188416.00
2015/04/02	11.23	11.41	11.11	11.38	74545294	841286528.00
2015/04/03	11.63	12.33	11.46	12.14	130329899	1545788032.00
2015/04/07	12.14	12.87	12.02	12.60	104085630	1303613184.00
2015/04/08	12.63	12.71	12.02	12.30	92701697	1145753472.00
2015/04/09	12.30	12.44	11.80	12.06	73958354	890304960.00
2015/04/10	12.04	12.69	11.92	12.52	75680427	940084992.00
2015/04/13	12.61	13.00	12.59	12.78	67514356	862191488.00
2015/04/14	12.88	13.10	12.51	12.64	70388425	901660928.00
2015/04/15	12.57	12.58	11.90	11.94	66090792	806465728.00
2015/04/16	11.80	12.33	11.68	12.16	48387596	581913088.00
2015/04/17	12.30	12.39	12.08	12.10	61821535	753634432.00
2015/04/20	12.04	12.68	11.89	12.25	96221185	1180199680.00
2015/04/21	12.30	13.48	12.11	13.37	151739271	1960889216.00
2015/04/22	13.30	13.88	13.17	13.66	131201549	1769201792.00
2015/04/23	13.58	13.88	13.24	13.86	106675523	1442060800.00
2015/04/24	13.54	15.25	13.43	15.01	173323462	2585997568.00
2015/04/27	15.16	15.19	14.58	14.82	135107046	2009576320.00
2015/04/28	14.69	15.59	14.60	14.79	112683401	1692999680.00
2015/04/29	14.40	15.38	14.30	15.23	97362327	1466279808.00
2015/04/30	15.15	15.28	14.69	14.75	67009510	1001467328.00
2015/05/05	15.17	15.17	15.17	15.17	0	0.00
数据来源:通达信
