600114 东睦股份 日线 前复权
      日期	    开盘	    最高	    最低	    收盘	    成交量	    成交额
2011/10/10	7.45	7.47	7.26	7.31	1715619	19880216.00
2011/10/11	7.52	7.59	7.21	7.35	2528354	29543992.00
2011/10/12	7.31	7.75	7.29	7.73	5218408	62421960.00
2011/10/13	7.71	7.91	7.63	7.80	4400464	53891780.00
2011/10/14	7.82	7.92	7.69	7.85	4327967	53051028.00
2011/10/17	7.92	8.41	7.85	8.13	12127341	154430240.00
2011/10/18	8.09	8.09	7.47	7.49	7697576	94032552.00
2011/10/19	7.55	7.67	7.41	7.61	4119337	49045196.00
2011/10/20	7.55	7.55	7.20	7.27	2885156	33476044.00
2011/10/21	7.29	7.59	7.19	7.33	5214265	60633144.00
2011/10/24	7.35	7.42	6.56	7.03	7175817	77905560.00
2011/10/25	6.83	7.27	6.83	7.21	5172930	58096424.00
2011/10/26	7.15	7.69	7.10	7.27	7797738	91112680.00
2011/10/27	7.18	7.46	7.15	7.29	4746328	54694700.00
2011/10/28	7.36	7.57	7.32	7.51	6119739	71843824.00
2011/10/31	7.49	7.74	7.43	7.55	5215054	62206912.00
2011/11/01	7.42	7.61	7.37	7.54	4215770	49705296.00
2011/11/02	7.37	7.64	7.27	7.63	5875477	69152840.00
2011/11/03	7.76	8.19	7.76	7.83	13356504	167061264.00
2011/11/04	7.82	8.19	7.78	8.10	15062453	189980160.00
2011/11/07	8.02	8.05	7.87	7.93	6380091	79831472.00
2011/11/08	7.92	8.04	7.75	7.78	5210351	64807488.00
2011/11/09	7.86	7.97	7.66	7.94	5925237	72910304.00
2011/11/10	7.75	7.82	7.64	7.65	5958023	72342800.00
2011/11/11	7.67	7.72	7.49	7.56	4639510	55615108.00
2011/11/14	7.65	8.07	7.59	7.96	7138752	87669384.00
2011/11/15	7.90	7.95	7.81	7.90	6377241	78822848.00
2011/11/16	8.07	8.73	8.05	8.73	24612163	323873376.00
2011/11/17	8.69	9.45	8.43	8.97	36673074	509909472.00
2011/11/18	8.75	8.79	8.21	8.28	18440036	244759280.00
2011/11/21	8.16	8.35	7.97	8.29	10044090	128626168.00
2011/11/22	8.12	8.25	8.05	8.21	7761306	99230336.00
2011/11/23	8.17	8.33	7.86	7.89	8806324	111317104.00
2011/11/24	7.75	7.93	7.67	7.78	7068900	86608336.00
2011/11/25	8.24	8.54	8.08	8.35	21053181	274552832.00
2011/11/28	8.09	8.41	8.05	8.16	11298542	145869664.00
2011/11/29	8.22	8.27	7.92	8.22	9261892	117741224.00
2011/11/30	8.15	8.97	8.07	8.60	27576967	372767712.00
2011/12/01	8.33	9.35	8.25	8.98	28534396	393797216.00
2011/12/02	8.81	8.92	8.23	8.41	15953645	213476400.00
2011/12/05	8.31	8.39	7.59	7.64	10737423	134237248.00
2011/12/06	7.54	7.71	7.27	7.48	8077386	95229024.00
2011/12/07	7.54	7.59	7.25	7.58	6729498	78940672.00
2011/12/08	7.49	7.57	7.26	7.38	6174544	72194920.00
2011/12/09	7.25	7.39	7.15	7.16	5835074	66793544.00
2011/12/12	7.14	7.22	6.90	6.93	3950592	44242888.00
2011/12/13	6.79	6.85	6.43	6.47	6085010	63178668.00
2011/12/14	6.41	6.71	6.41	6.54	5198887	54072952.00
2011/12/15	6.55	6.61	6.29	6.37	4029602	41260136.00
2011/12/16	6.39	6.61	6.35	6.60	4124338	42370108.00
2011/12/19	6.59	6.69	6.41	6.67	4002921	41414232.00
2011/12/20	6.59	7.02	6.57	6.79	8777004	95054592.00
2011/12/21	6.85	6.89	6.31	6.39	5409630	57061424.00
2011/12/22	6.29	6.29	5.71	6.02	6419941	60926052.00
2011/12/23	5.93	6.21	5.90	6.04	4392818	42631392.00
2011/12/26	6.01	6.15	5.99	6.04	2064061	19996864.00
2011/12/27	6.03	6.17	5.89	5.97	4944751	47813280.00
2011/12/28	5.80	5.87	5.49	5.70	3951651	35637208.00
2011/12/29	5.68	5.77	5.59	5.64	3264926	29602548.00
2011/12/30	5.69	5.85	5.65	5.72	2971669	27219474.00
2012/01/04	5.83	5.83	5.43	5.44	2633790	23864572.00
2012/01/05	5.36	5.47	5.05	5.07	3107573	26276368.00
2012/01/06	5.06	5.16	4.90	5.13	3016165	24430516.00
2012/01/09	5.10	5.53	5.10	5.51	4385384	37697264.00
2012/01/10	5.45	6.10	5.42	5.95	9867045	92221232.00
2012/01/11	5.89	5.94	5.74	5.87	7382491	68801384.00
2012/01/12	5.83	5.95	5.77	5.91	5810009	54646020.00
2012/01/13	5.89	5.91	5.49	5.49	5206530	47136856.00
2012/01/16	5.42	5.45	5.15	5.15	2693795	23089464.00
2012/01/17	5.11	5.60	5.11	5.57	3561924	30929728.00
2012/01/18	5.57	5.74	5.43	5.47	4154891	37239920.00
2012/01/19	5.47	5.64	5.37	5.51	2576258	22862356.00
2012/01/20	5.57	5.73	5.49	5.69	3329031	29857692.00
2012/01/30	5.69	6.00	5.69	5.95	7125740	66401140.00
2012/01/31	6.04	6.35	6.03	6.05	11305033	111116608.00
2012/02/01	5.90	5.95	5.75	5.81	7092620	66404076.00
2012/02/02	5.81	5.93	5.75	5.93	4084373	38162700.00
2012/02/03	5.89	6.19	5.86	6.07	7117092	68742576.00
2012/02/06	5.98	6.26	5.98	6.13	5918904	57538940.00
2012/02/07	6.05	6.05	5.83	5.91	4081853	38593572.00
2012/02/08	5.87	6.16	5.87	6.11	5998232	57980756.00
2012/02/09	6.08	6.26	6.06	6.23	6633807	65205000.00
2012/02/10	6.22	6.28	6.13	6.18	5124710	50633088.00
2012/02/13	6.13	6.30	6.06	6.27	4822590	47702212.00
2012/02/14	6.25	6.27	6.15	6.19	3630051	35738636.00
2012/02/15	6.20	6.44	6.12	6.37	7796943	78070288.00
2012/02/16	6.37	6.75	6.27	6.59	12716038	131416272.00
2012/02/17	6.55	6.61	6.37	6.49	7250821	74617312.00
2012/02/20	6.62	6.65	6.45	6.47	4851828	50254080.00
2012/02/21	6.47	6.57	6.32	6.53	4594418	47061696.00
2012/02/22	6.49	6.73	6.44	6.71	8141457	85488728.00
2012/02/23	6.73	6.74	6.59	6.66	6462662	68237400.00
2012/02/24	6.90	7.15	6.72	6.77	11752000	127993080.00
2012/02/27	6.71	6.90	6.70	6.74	7506532	80979432.00
2012/02/28	6.77	6.82	6.49	6.62	6185923	65126908.00
2012/02/29	6.64	6.73	6.54	6.55	3677820	38682904.00
2012/03/01	6.61	7.08	6.55	6.98	13608351	148367264.00
2012/03/02	6.89	7.17	6.86	7.03	12309373	136514672.00
2012/03/05	6.99	7.14	6.89	7.03	10268419	113959592.00
2012/03/06	6.95	6.99	6.82	6.85	6627600	72270000.00
2012/03/07	6.74	6.93	6.68	6.76	4786362	51716776.00
2012/03/08	6.83	7.02	6.81	6.89	5477814	59979952.00
2012/03/09	6.87	7.19	6.83	7.09	8886755	98719376.00
2012/03/12	7.07	7.19	6.95	7.15	8587858	96360584.00
2012/03/13	7.08	7.15	7.04	7.14	6038032	67744264.00
2012/03/14	7.15	7.29	6.58	6.65	10633633	117630048.00
2012/03/15	6.65	6.71	6.42	6.49	6951087	72043984.00
2012/03/16	6.49	6.75	6.49	6.69	6319016	66549768.00
2012/03/19	6.65	6.80	6.59	6.77	4950148	52723044.00
2012/03/20	6.72	7.01	6.72	6.90	9438998	103014512.00
2012/03/21	6.83	6.88	6.55	6.81	5934651	63484816.00
2012/03/22	6.74	6.97	6.70	6.87	5670285	61732472.00
2012/03/23	6.81	6.81	6.45	6.54	4580118	48119928.00
2012/03/26	6.54	6.57	6.35	6.43	2611030	26756968.00
2012/03/27	6.49	6.55	6.39	6.45	2203151	22636038.00
2012/03/28	6.42	6.52	5.96	5.97	4263407	42215636.00
2012/03/29	5.92	5.97	5.69	5.79	3578474	33267032.00
2012/03/30	5.79	6.22	5.72	6.03	5630430	53155112.00
2012/04/05	5.96	6.35	5.94	6.20	5868495	57343660.00
2012/04/06	6.15	6.22	6.10	6.16	3764734	36953540.00
2012/04/09	6.15	6.17	5.89	5.89	2813810	27101474.00
2012/04/11	6.03	6.34	5.96	6.21	7210469	71007840.00
2012/04/12	6.17	6.39	6.05	6.33	7275438	72406648.00
2012/04/13	6.29	7.01	6.27	7.01	11550021	123280032.00
2012/04/16	7.09	7.69	6.97	7.43	28547980	331122016.00
2012/04/17	7.19	7.32	6.87	6.93	16460175	185148768.00
2012/04/18	7.04	7.28	6.80	7.13	12854296	143278864.00
2012/04/19	7.05	7.45	6.95	7.39	15357245	175759392.00
2012/04/20	7.26	7.75	7.15	7.38	16757489	196828528.00
2012/04/23	7.29	7.65	7.15	7.52	15790122	184207856.00
2012/04/24	7.29	8.31	7.19	8.31	32293087	401045472.00
2012/04/25	8.24	8.72	7.93	8.21	28628367	371494848.00
2012/04/26	8.12	8.12	7.63	7.74	14850870	185069056.00
2012/04/27	7.73	8.49	7.63	7.97	16463219	210217472.00
2012/05/02	7.98	8.30	7.77	8.09	16286310	207975392.00
2012/05/03	7.93	8.13	7.77	7.89	9235820	113640368.00
2012/05/04	7.83	7.89	7.56	7.60	9351285	111719088.00
2012/05/07	7.55	7.79	7.41	7.76	8850753	105034472.00
2012/05/08	7.68	7.84	7.59	7.69	8027512	96497144.00
2012/05/09	7.60	7.81	7.50	7.78	7827272	93858424.00
2012/05/10	7.77	7.95	7.70	7.91	8781197	107271744.00
2012/05/11	7.86	8.30	7.85	8.03	14416229	181627872.00
2012/05/14	8.07	8.36	7.77	7.77	13514427	171196688.00
2012/05/15	7.57	7.57	7.17	7.47	9977026	114569592.00
2012/05/16	7.39	7.49	7.23	7.25	5972421	68492648.00
2012/05/17	7.20	7.43	7.20	7.37	4507548	51751716.00
2012/05/18	7.35	7.95	7.30	7.57	9912356	117143216.00
2012/05/21	7.45	7.76	7.37	7.64	7585708	89726024.00
2012/05/22	7.68	7.77	7.56	7.65	6925886	82620408.00
2012/05/23	7.62	7.69	7.43	7.50	5295415	62413696.00
2012/05/24	7.42	7.75	7.40	7.61	6394825	75886936.00
2012/05/25	7.55	7.59	7.17	7.24	6755586	77721840.00
2012/05/28	7.15	7.37	6.93	7.33	4299383	47928856.00
2012/05/29	7.30	8.09	7.25	8.09	17553709	213719392.00
2012/05/30	8.19	8.27	7.96	7.99	20346442	257364256.00
2012/05/31	7.85	8.15	7.78	8.01	12061535	150266496.00
2012/06/01	8.03	8.15	7.77	7.93	8791252	108378024.00
2012/06/04	8.57	8.75	7.87	7.89	20238186	259543872.00
2012/06/05	7.37	7.60	7.12	7.33	13842898	159006768.00
2012/06/06	7.30	7.30	7.03	7.09	8330806	93104264.00
2012/06/07	7.19	7.22	6.94	6.97	5037306	55778272.00
2012/06/08	7.07	7.07	6.84	6.87	3666901	39926564.00
2012/06/11	6.87	7.09	6.87	7.08	3561282	38843392.00
2012/06/12	6.98	7.03	6.87	6.91	3322624	36062224.00
2012/06/13	6.95	7.16	6.93	7.11	4587894	50653856.00
2012/06/14	7.07	7.11	6.97	7.00	3448356	37941360.00
2012/06/15	7.01	7.09	6.85	6.98	3237355	35348012.00
2012/06/18	6.93	7.09	6.93	7.05	2962569	32625160.00
2012/06/19	7.05	7.06	6.93	6.95	2805340	30594584.00
2012/06/20	6.99	7.02	6.87	6.89	2045531	22147044.00
2012/06/21	6.88	6.89	6.61	6.64	3730429	39167688.00
2012/06/25	6.62	6.83	6.47	6.69	4163467	43542400.00
2012/06/26	6.55	6.65	6.47	6.54	3056910	31418416.00
2012/06/27	6.50	6.61	6.41	6.43	2308145	23628600.00
2012/06/28	6.47	6.53	6.30	6.37	2660199	26819546.00
2012/06/29	6.47	6.49	6.27	6.47	2102359	21136486.00
2012/07/02	6.48	6.63	6.46	6.56	3180664	32669510.00
2012/07/03	6.50	6.61	6.48	6.50	2385140	24476324.00
2012/07/04	6.50	6.55	6.41	6.44	1986902	20199854.00
2012/07/05	6.43	6.43	6.13	6.14	2674808	26135272.00
2012/07/06	6.20	6.24	5.95	6.23	2669457	25672652.00
2012/07/09	6.18	6.23	5.95	5.97	2511071	24066144.00
2012/07/10	5.91	6.00	5.81	5.83	1807952	16832444.00
2012/07/11	5.80	5.93	5.80	5.93	1473013	13681758.00
2012/07/12	5.93	6.09	5.81	6.03	2600312	24353772.00
2012/07/13	6.00	6.05	5.95	5.96	1836795	17326610.00
2012/07/16	5.91	5.93	5.33	5.37	4733595	41535144.00
2012/07/17	5.32	5.45	5.13	5.39	2623615	22006496.00
2012/07/18	5.37	5.45	5.27	5.44	2022584	17123700.00
2012/07/19	5.44	5.69	5.40	5.59	3566431	31450820.00
2012/07/20	5.58	5.90	5.48	5.68	4734566	42746632.00
2012/07/23	5.65	5.67	5.42	5.51	2598278	22753538.00
2012/07/24	5.44	5.65	5.41	5.58	1855590	16312808.00
2012/07/25	5.63	5.72	5.53	5.59	1984891	17610360.00
2012/07/26	5.55	5.61	5.37	5.39	2236132	19433016.00
2012/07/27	5.42	5.47	5.30	5.37	1317531	11209477.00
2012/07/30	5.37	5.41	5.13	5.17	1923328	15896629.00
2012/07/31	5.05	5.15	5.00	5.06	1572998	12665919.00
2012/08/01	5.04	5.21	5.03	5.17	1358342	11122269.00
2012/08/02	5.17	5.19	5.07	5.10	1229753	9997874.00
2012/08/03	5.13	5.27	5.11	5.25	1667403	13729020.00
2012/08/06	5.28	5.81	5.28	5.81	9446716	84297800.00
2012/08/07	5.82	6.07	5.73	5.95	11728805	108646984.00
2012/08/08	5.82	6.17	5.82	5.83	7882852	73877432.00
2012/08/09	5.85	5.95	5.73	5.90	5216462	48226024.00
2012/08/10	5.88	5.93	5.80	5.83	3082975	28431906.00
2012/08/13	5.80	5.80	5.57	5.58	3327522	29893362.00
2012/08/14	5.60	6.01	5.53	5.95	6933338	63698424.00
2012/08/15	5.87	5.98	5.74	5.79	3820029	35337216.00
2012/08/16	5.73	6.01	5.73	5.86	3938044	36480568.00
2012/08/17	5.87	5.87	5.72	5.80	2211010	20149776.00
2012/08/20	5.77	5.91	5.64	5.89	3225240	29506472.00
2012/08/21	5.83	5.97	5.81	5.97	4848182	45238520.00
2012/08/22	5.95	6.01	5.87	5.97	4411103	41302404.00
2012/08/23	5.97	6.01	5.89	5.96	3608314	33843144.00
2012/08/24	5.98	5.99	5.65	5.70	3434472	31408034.00
2012/08/27	5.71	5.71	5.43	5.44	2608092	22686136.00
2012/08/28	5.45	5.53	5.37	5.47	2066723	17844866.00
2012/08/29	5.45	6.05	5.37	5.86	11523920	107367760.00
2012/08/30	5.67	5.78	5.45	5.63	7512766	67045012.00
2012/08/31	5.52	5.69	5.48	5.58	2752150	24273732.00
2012/09/03	5.49	5.75	5.45	5.66	3528813	31577688.00
2012/09/04	5.67	5.70	5.50	5.58	3089097	27342122.00
2012/09/05	5.57	5.73	5.55	5.61	3025044	26928762.00
2012/09/06	5.57	5.89	5.56	5.79	5297662	48117552.00
2012/09/07	5.79	6.31	5.79	6.16	11708395	112770288.00
2012/09/10	6.11	6.25	5.99	6.15	6761623	65059540.00
2012/09/11	6.09	6.23	6.01	6.15	5683794	54817852.00
2012/09/12	6.13	6.22	6.05	6.18	6388862	61696428.00
2012/09/13	6.29	6.48	5.97	6.01	11128558	109962912.00
2012/09/14	5.97	6.12	5.93	6.07	5775177	54730656.00
2012/09/17	5.96	5.98	5.68	5.70	5895985	54121792.00
2012/09/18	5.68	6.05	5.62	5.75	4282104	39441716.00
2012/09/19	5.67	5.73	5.51	5.65	4092333	36261436.00
2012/09/20	5.65	5.65	5.37	5.39	3510795	30438340.00
2012/09/21	5.36	5.49	5.30	5.40	2107189	18084308.00
2012/09/24	5.37	5.47	5.23	5.44	2064324	17493816.00
2012/09/25	5.43	5.53	5.34	5.37	1730354	14883118.00
2012/09/26	5.33	5.41	5.19	5.29	1842092	15438885.00
2012/09/27	5.26	5.47	5.23	5.41	2487124	21148084.00
2012/09/28	5.33	5.47	5.33	5.46	2570485	22110692.00
2012/10/08	5.45	5.49	5.36	5.41	2193188	18869216.00
2012/10/09	5.43	5.59	5.41	5.59	3742685	32817796.00
2012/10/10	5.54	5.80	5.54	5.75	4960475	44522056.00
2012/10/11	5.71	5.71	5.53	5.53	3386447	30078526.00
2012/10/12	5.53	5.66	5.53	5.58	2414671	21292990.00
2012/10/15	5.54	5.57	5.32	5.41	2561926	21959504.00
2012/10/16	5.41	5.49	5.37	5.40	1542347	13267165.00
2012/10/17	5.41	5.65	5.41	5.56	4392843	38619520.00
2012/10/18	5.51	5.62	5.49	5.59	3039937	26742424.00
2012/10/19	5.57	5.61	5.51	5.59	2171240	19071976.00
2012/10/22	5.54	5.69	5.54	5.68	3455623	30781004.00
2012/10/23	5.66	5.73	5.52	5.56	3671293	32712932.00
2012/10/24	5.50	5.55	5.44	5.48	2384086	20702820.00
2012/10/25	5.49	5.51	5.36	5.37	2206359	18993166.00
2012/10/26	5.38	5.41	5.17	5.19	2138368	17796860.00
2012/10/29	5.17	5.26	5.14	5.21	1072182	8834450.00
2012/10/30	5.25	5.29	5.17	5.18	1186112	9831404.00
2012/10/31	5.19	5.24	5.16	5.23	983680	8119399.00
2012/11/01	5.26	5.38	5.26	5.33	1647937	13910478.00
2012/11/02	5.33	5.37	5.31	5.35	1429319	12104111.00
2012/11/05	5.33	5.38	5.24	5.35	1671536	14082154.00
2012/11/06	5.34	5.34	5.18	5.26	1522280	12645675.00
2012/11/07	5.24	5.32	5.23	5.29	1121282	9382059.00
2012/11/08	5.25	5.25	5.09	5.09	1546709	12697604.00
2012/11/09	5.10	5.13	5.07	5.10	782103	6327765.00
2012/11/12	5.10	5.17	5.07	5.14	1023663	8318772.00
2012/11/13	5.15	5.17	4.90	4.93	2096522	16721223.00
2012/11/14	4.93	4.97	4.90	4.96	1216949	9551198.00
2012/11/15	4.90	4.95	4.71	4.73	1380066	10642164.00
2012/11/16	4.73	4.73	4.51	4.64	1813227	13288894.00
2012/11/19	4.62	4.66	4.55	4.63	961942	7069836.00
2012/11/20	4.65	4.67	4.57	4.59	881920	6515239.00
2012/11/21	4.61	4.74	4.60	4.69	1874407	13988302.00
2012/11/22	4.67	4.71	4.56	4.59	1216160	8975714.00
2012/11/23	4.61	4.67	4.59	4.61	1330388	9833374.00
2012/11/26	4.60	4.66	4.56	4.57	802162	5904687.00
2012/11/27	4.57	4.57	4.31	4.31	1508418	10615786.00
2012/11/28	4.30	4.33	4.23	4.26	1177284	8071312.00
2012/11/29	4.27	4.34	4.19	4.20	1261484	8655293.00
2012/11/30	4.20	4.39	4.20	4.37	2351088	16341880.00
2012/12/03	4.51	4.83	4.35	4.36	5141377	38086168.00
2012/12/04	4.17	4.35	4.15	4.34	3829218	25855784.00
2012/12/05	4.30	4.56	4.25	4.49	3736961	26451812.00
2012/12/06	4.50	4.53	4.44	4.48	1789711	12831332.00
2012/12/07	4.45	4.61	4.45	4.59	2604013	18954552.00
2012/12/10	4.58	4.70	4.57	4.66	3031134	22521516.00
2012/12/11	4.69	4.82	4.59	4.60	3713307	27921238.00
2012/12/12	4.57	4.65	4.51	4.56	2086638	15235462.00
2012/12/13	4.54	4.72	4.53	4.57	2869692	21159388.00
2012/12/14	4.51	4.81	4.51	4.79	5371352	40485784.00
2012/12/17	4.81	4.88	4.73	4.81	3858544	29596524.00
2012/12/18	4.89	4.95	4.80	4.85	5408213	41900008.00
2012/12/19	4.84	4.86	4.77	4.82	2469655	18986204.00
2012/12/20	4.81	4.81	4.67	4.79	2945444	22304420.00
2012/12/21	4.79	4.99	4.77	4.83	4781320	37221980.00
2012/12/24	4.78	4.93	4.75	4.85	3116443	24110156.00
2012/12/25	4.85	4.97	4.81	4.97	4645206	36424608.00
2012/12/26	4.97	5.05	4.95	5.04	4299393	34240024.00
2012/12/27	5.06	5.08	4.91	4.92	3856150	30553888.00
2012/12/28	4.91	5.20	4.87	5.07	7362217	59187552.00
2012/12/31	5.03	5.09	5.01	5.03	3749973	30019600.00
2013/01/04	5.05	5.10	5.01	5.07	3688169	29611020.00
2013/01/07	5.06	5.11	5.02	5.11	3477917	27989012.00
2013/01/08	5.11	5.35	5.05	5.18	7268739	59856812.00
2013/01/09	5.13	5.18	5.05	5.11	4254360	34602060.00
2013/01/10	5.13	5.17	5.07	5.14	4311507	35036332.00
2013/01/11	5.15	5.15	4.91	4.94	4157187	33226948.00
2013/01/14	4.91	5.15	4.91	5.14	4919263	39559776.00
2013/01/15	5.11	5.33	5.11	5.29	7964365	66217880.00
2013/01/16	5.29	5.40	5.21	5.32	5950796	49899780.00
2013/01/17	5.27	5.47	5.27	5.37	9137387	77841632.00
2013/01/18	5.38	5.62	5.29	5.55	11269087	97639272.00
2013/01/21	5.57	5.59	5.41	5.51	6464744	56075408.00
2013/01/22	5.49	5.49	5.24	5.30	5634484	47893104.00
2013/01/24	5.47	5.63	5.19	5.22	5948331	50373060.00
2013/01/25	5.19	5.39	5.13	5.31	4270825	35709056.00
2013/01/28	5.28	5.43	5.28	5.42	4068302	34657056.00
2013/01/29	5.39	5.52	5.37	5.44	3199991	27542620.00
2013/01/30	5.42	5.56	5.35	5.51	5362620	46488784.00
2013/01/31	5.49	5.50	5.36	5.37	3611657	30878946.00
2013/02/01	5.37	5.47	5.32	5.45	3616661	30998312.00
2013/02/04	5.45	5.63	5.42	5.61	7598645	66604992.00
2013/02/05	5.53	5.75	5.51	5.74	9383611	83775288.00
2013/02/06	5.70	5.73	5.59	5.61	5018065	44780188.00
2013/02/07	5.57	5.63	5.46	5.47	3963242	34577616.00
2013/02/08	5.45	5.55	5.45	5.49	2325878	20257250.00
2013/02/18	5.51	5.55	5.46	5.53	2603711	22716942.00
2013/02/19	5.53	5.60	5.46	5.59	4482459	39290756.00
2013/02/20	5.59	5.66	5.57	5.66	3293790	29232134.00
2013/02/21	5.62	5.62	5.37	5.51	3364575	29353628.00
2013/02/22	5.45	5.54	5.41	5.44	2381553	20676116.00
2013/02/25	5.47	5.59	5.47	5.59	3048916	26742986.00
2013/02/26	5.57	5.68	5.43	5.66	6886611	61081240.00
2013/02/27	5.61	5.71	5.59	5.69	5633230	50371480.00
2013/02/28	5.69	5.87	5.62	5.82	8253308	75192536.00
2013/03/01	5.80	5.99	5.70	5.73	13205417	121168984.00
2013/03/04	5.73	5.73	5.53	5.59	6730456	59504744.00
2013/03/05	5.53	5.93	5.53	5.90	9989449	90730096.00
2013/03/06	5.85	6.13	5.82	6.01	13906053	131058328.00
2013/03/07	5.96	6.06	5.81	6.05	7685577	71935072.00
2013/03/08	5.99	6.37	5.94	6.11	13375694	129492168.00
2013/03/11	6.03	6.06	5.86	5.99	5439665	51156748.00
2013/03/12	5.94	6.17	5.73	6.15	9025101	85341400.00
2013/03/13	6.13	6.24	6.05	6.16	5192191	50157052.00
2013/03/14	6.17	6.30	6.00	6.25	12131266	118292632.00
2013/03/15	6.22	6.34	6.07	6.24	10608410	103889600.00
2013/03/18	6.13	6.29	6.00	6.21	8302555	80612720.00
2013/03/19	6.17	6.24	6.02	6.21	7236578	70073232.00
2013/03/20	6.17	6.37	6.13	6.31	13067753	128659936.00
2013/03/21	6.27	6.40	6.19	6.19	9070571	89008120.00
2013/03/22	6.13	6.17	6.03	6.09	5757189	55127112.00
2013/03/25	6.07	6.15	6.03	6.12	3527390	33854260.00
2013/03/26	6.11	6.11	5.71	5.72	6932905	63842048.00
2013/03/27	5.72	5.81	5.58	5.70	4086531	36847792.00
2013/03/28	5.67	5.78	5.58	5.73	3436416	30837996.00
2013/03/29	5.75	5.78	5.56	5.57	2911472	25999028.00
2013/04/01	5.58	5.63	5.45	5.46	2510491	21869578.00
2013/04/02	5.47	5.55	5.42	5.54	2769648	24053608.00
2013/04/03	5.54	5.57	5.44	5.46	1746927	15145856.00
2013/04/08	5.40	5.70	5.17	5.67	4853368	42023036.00
2013/04/09	5.61	6.02	5.61	5.99	7659749	70490536.00
2013/04/10	5.93	5.99	5.86	5.98	9514663	89045616.00
2013/04/11	5.95	6.09	5.88	6.07	12089169	114597312.00
2013/04/12	6.07	6.27	5.77	5.87	11671677	110798720.00
2013/04/15	5.77	6.07	5.67	5.97	7601348	70471728.00
2013/04/16	5.89	6.09	5.83	6.07	7635585	72407752.00
2013/04/17	6.04	6.17	5.83	5.90	7506649	70226400.00
2013/04/18	5.85	5.85	5.58	5.61	5664095	50833400.00
2013/04/19	5.60	5.70	5.58	5.67	3607740	32215388.00
2013/04/22	5.66	5.67	5.52	5.59	2753908	24338768.00
2013/04/23	5.63	5.68	5.51	5.51	1885116	16431886.00
2013/04/24	5.51	5.59	5.45	5.56	2165339	18682076.00
2013/04/25	5.56	5.75	5.55	5.73	3941793	34915124.00
2013/04/26	5.65	5.87	5.65	5.71	3965342	35745528.00
2013/05/02	5.69	5.85	5.64	5.69	2228239	19911584.00
2013/05/03	5.67	5.80	5.67	5.77	2362307	21170866.00
2013/05/06	5.75	5.82	5.73	5.81	2950742	26549226.00
2013/05/07	5.81	5.84	5.63	5.71	2748718	24519780.00
2013/05/08	5.75	5.75	5.61	5.64	3166083	27903228.00
2013/05/09	5.65	5.95	5.63	5.93	7853474	71363352.00
2013/05/10	5.89	5.97	5.85	5.92	5487931	50431796.00
2013/05/13	5.93	6.08	5.87	5.94	4552971	42347136.00
2013/05/14	5.89	5.95	5.74	5.75	3459514	31335668.00
2013/05/15	5.75	5.88	5.70	5.83	3489030	31481590.00
2013/05/16	5.83	5.97	5.73	5.96	5012798	45884260.00
2013/05/17	5.95	6.03	5.92	5.93	4399817	40837112.00
2013/05/20	5.95	6.08	5.90	6.03	5887401	54870280.00
2013/05/28	6.11	6.66	6.05	6.66	8875385	89840320.00
2013/05/29	7.09	7.09	6.53	6.57	21160270	220186848.00
2013/05/30	6.50	6.59	6.39	6.45	10085217	101035720.00
2013/05/31	6.42	6.57	6.29	6.31	7888817	78746288.00
2013/06/03	6.33	6.75	6.31	6.64	12049676	122528384.00
2013/06/04	6.58	6.61	6.31	6.47	7573592	75899472.00
2013/06/05	6.45	6.85	6.43	6.84	12562193	129867552.00
2013/06/06	6.75	6.81	6.58	6.71	8788752	91356584.00
2013/06/07	6.75	6.75	6.25	6.29	6391521	64135144.00
2013/06/13	6.13	6.17	5.64	5.90	7086930	64009212.00
2013/06/14	5.88	5.98	5.79	5.95	3232168	29609012.00
2013/06/17	5.94	6.01	5.67	5.87	3872749	35329568.00
2013/06/18	5.83	5.93	5.71	5.88	2733649	24788152.00
2013/06/19	5.87	6.15	5.83	6.01	4456485	41632892.00
2013/06/20	5.99	6.05	5.80	5.81	2722425	25028616.00
2013/06/21	5.65	5.85	5.51	5.74	1973799	17520100.00
2013/06/24	5.77	5.77	5.23	5.26	3208123	27382924.00
2013/06/25	5.25	5.63	5.05	5.57	7642027	64665080.00
2013/06/26	5.64	5.83	5.53	5.79	4991671	44665680.00
2013/06/27	5.88	6.03	5.84	5.91	5114404	47232244.00
2013/06/28	6.11	6.37	5.97	6.04	9770457	93831384.00
2013/07/01	6.10	6.31	6.04	6.30	7107531	68390320.00
2013/07/02	6.27	6.45	6.17	6.35	7679272	75310048.00
2013/07/03	6.31	6.31	6.05	6.23	5530774	53265104.00
2013/07/04	6.21	6.42	6.11	6.29	5413527	52727508.00
2013/07/05	6.29	6.41	6.19	6.22	4768937	46749080.00
2013/07/08	6.11	6.11	5.91	5.93	3299333	30736728.00
2013/07/09	5.92	5.97	5.81	5.94	3077782	28224732.00
2013/07/10	5.95	6.20	5.85	6.19	4115239	38533004.00
2013/07/11	6.25	6.39	6.14	6.33	5292651	51600088.00
2013/07/12	6.34	6.38	6.22	6.26	4156978	40662416.00
2013/07/15	6.36	6.73	6.35	6.51	6893290	69830928.00
2013/07/16	6.45	6.71	6.45	6.61	6184537	63105344.00
2013/07/17	6.63	6.64	6.30	6.35	6528289	65331844.00
2013/07/18	6.33	6.61	6.27	6.48	5926747	59187052.00
2013/07/19	6.45	6.66	6.41	6.54	8720200	88733544.00
2013/07/22	6.56	7.02	6.45	6.99	14444749	151230112.00
2013/07/23	6.91	7.55	6.85	7.41	17389658	193410992.00
2013/07/24	7.41	7.61	7.29	7.49	14739245	170227952.00
2013/07/25	7.47	7.61	7.22	7.25	9639255	109914824.00
2013/07/26	7.28	7.91	7.28	7.80	13697241	160651328.00
2013/07/29	7.69	8.09	7.61	7.79	11170501	135069776.00
2013/07/30	7.73	7.83	7.48	7.55	9525106	111965232.00
2013/07/31	7.57	7.87	7.52	7.81	5650500	67426984.00
2013/08/01	7.81	7.91	7.70	7.87	6237018	75277048.00
2013/08/02	7.91	7.98	7.68	7.73	6482728	77651208.00
2013/08/05	7.74	7.91	7.65	7.73	5852159	70065576.00
2013/08/06	7.79	8.35	7.79	8.22	10557601	131726384.00
2013/08/07	8.07	9.07	8.06	8.87	18420767	246562208.00
2013/08/08	8.81	9.11	8.65	8.86	9872263	134625088.00
2013/08/09	8.91	9.27	8.91	9.09	11359162	158962320.00
2013/08/12	9.09	9.17	8.77	9.01	8704784	119701488.00
2013/08/13	9.01	9.01	8.69	8.91	4287780	58268232.00
2013/08/14	8.83	9.03	8.78	8.93	3964949	54176760.00
2013/08/15	8.87	8.95	8.68	8.69	4699095	63257480.00
2013/08/16	8.69	8.71	7.91	8.09	11162077	142240448.00
2013/08/19	8.07	8.31	7.97	8.11	4389124	55116360.00
2013/08/20	8.17	8.24	7.71	7.76	9241283	112890328.00
2013/08/21	7.81	8.00	7.65	7.98	10833381	131007888.00
2013/08/22	7.91	8.02	7.75	7.83	8329767	100500624.00
2013/08/23	7.87	8.05	7.75	7.99	9865367	120571360.00
2013/08/26	7.97	8.23	7.91	8.23	8188361	102392304.00
2013/08/27	8.23	8.41	8.10	8.34	6837749	87080048.00
2013/08/28	8.25	8.28	8.00	8.03	7117590	88961024.00
2013/08/29	8.03	8.05	7.63	7.67	6037242	72546240.00
2013/08/30	7.63	7.80	7.27	7.31	6257043	73182896.00
2013/09/02	7.35	7.48	7.23	7.46	2887192	32878908.00
2013/09/03	7.46	7.65	7.43	7.64	3076191	35947584.00
2013/09/04	7.61	7.65	7.39	7.49	3111753	36182760.00
2013/09/05	7.50	7.97	7.50	7.82	5705812	68381208.00
2013/09/06	8.01	8.22	7.93	8.05	8281511	103016816.00
2013/09/09	7.98	8.01	7.81	7.95	5361148	65232200.00
2013/09/10	7.88	8.15	7.81	7.91	5310301	65147856.00
2013/09/11	7.95	8.15	7.53	8.13	9176079	111717248.00
2013/09/12	8.13	8.37	8.03	8.11	9963325	125506904.00
2013/09/13	8.11	8.29	7.95	8.25	8286373	104048048.00
2013/09/16	8.25	8.61	8.19	8.28	7306120	93548976.00
2013/09/17	8.15	8.43	8.03	8.29	7064116	89755992.00
2013/09/18	8.19	8.48	8.18	8.43	9518555	122490376.00
2013/09/23	8.43	8.71	8.29	8.65	11071445	145681744.00
2013/09/24	8.64	8.67	8.38	8.63	8368275	109966208.00
2013/09/25	8.58	8.77	8.41	8.66	10331918	136332544.00
2013/09/26	8.61	8.94	8.47	8.83	13846015	186613904.00
2013/09/27	8.77	9.04	8.63	8.96	13156024	180050512.00
2013/09/30	8.91	9.17	8.79	9.04	11083699	153156832.00
2013/10/08	8.90	9.29	8.89	9.16	12377832	173448016.00
2013/10/09	9.12	9.61	8.79	8.81	14037355	194637264.00
2013/10/10	8.68	8.91	8.45	8.55	11611127	153615376.00
2013/10/11	8.43	8.63	8.39	8.58	5833241	76644656.00
2013/10/14	8.64	8.65	8.50	8.57	4537832	59737864.00
2013/10/15	8.57	9.07	8.52	9.01	11167090	151692864.00
2013/10/16	8.67	8.80	8.46	8.52	7047644	93670456.00
2013/10/17	8.64	8.68	8.05	8.05	6705167	86354904.00
2013/10/18	8.09	8.18	7.89	7.97	3936756	48813912.00
2013/10/21	8.01	8.23	7.92	8.20	4306861	53590184.00
2013/10/22	8.15	8.38	8.09	8.17	4247957	53922688.00
2013/10/23	8.15	8.25	7.87	7.94	3354029	41361396.00
2013/10/24	7.89	7.91	7.64	7.72	3026210	36152572.00
2013/10/25	7.77	7.92	7.70	7.77	2331667	28032456.00
2013/10/28	7.80	7.91	7.78	7.87	1341730	16250411.00
2013/10/29	7.88	7.92	7.19	7.51	3217621	37209920.00
2013/10/30	7.56	7.75	7.38	7.75	2361527	27761380.00
2013/10/31	7.70	7.79	7.58	7.63	1551652	18383302.00
2013/11/01	7.65	7.81	7.47	7.76	2371412	28278056.00
2013/11/04	7.67	7.88	7.67	7.79	1097747	13227824.00
2013/11/05	7.79	7.91	7.69	7.89	1468164	17803606.00
2013/11/06	7.92	8.28	7.89	8.11	6175123	77622512.00
2013/11/07	8.12	8.35	8.09	8.23	4285654	54389136.00
2013/11/08	8.25	8.28	8.04	8.14	2533258	31851148.00
2013/11/11	8.17	8.17	7.87	7.99	2547230	31233374.00
2013/11/12	7.97	8.15	7.95	8.05	1734766	21547254.00
2013/11/13	7.98	8.11	7.86	7.87	1657481	20441312.00
2013/11/14	7.85	7.85	7.55	7.67	2940157	34751804.00
2013/11/15	7.65	7.85	7.65	7.74	2312230	27718528.00
2013/11/18	7.74	8.03	7.74	8.01	2932786	35659416.00
2013/11/19	8.01	8.44	7.91	8.43	6367209	81061504.00
2013/11/20	8.45	8.45	8.29	8.36	3021155	38789228.00
2013/11/21	8.36	8.53	8.29	8.33	3457807	44772096.00
2013/11/22	8.31	8.65	8.31	8.47	4663936	61220176.00
2013/11/25	8.42	8.50	8.20	8.39	2555739	32976214.00
2013/11/26	8.33	8.46	8.25	8.29	1659570	21291366.00
2013/11/27	8.29	8.39	8.18	8.38	2735772	34996776.00
2013/11/28	8.38	8.77	8.38	8.72	6307811	84210736.00
2013/11/29	8.67	9.05	8.67	8.94	5984855	81926880.00
2013/12/02	8.69	8.89	8.19	8.26	5476848	71373064.00
2013/12/03	8.37	9.04	8.22	8.97	8253230	110534512.00
2013/12/04	8.85	9.58	8.78	9.15	14442846	206330384.00
2013/12/05	9.07	9.31	9.01	9.18	5756021	81064264.00
2013/12/06	9.05	9.23	8.99	9.12	2801959	39179296.00
2013/12/09	9.11	9.65	9.11	9.64	8038260	117250368.00
2013/12/10	9.65	9.73	9.38	9.45	4956007	72245336.00
2013/12/11	9.37	9.49	9.09	9.19	4259517	60443940.00
2013/12/12	9.15	9.27	9.06	9.11	2956907	41612516.00
2013/12/13	9.11	9.27	9.03	9.11	3051359	42868940.00
2013/12/16	9.05	9.32	8.85	9.30	4109641	57201400.00
2013/12/17	9.23	9.53	8.97	8.97	3747142	53328484.00
2013/12/18	8.97	9.08	8.87	8.97	1842732	25319120.00
2013/12/19	9.01	9.34	8.80	8.87	3762001	52457552.00
2013/12/20	8.85	8.91	8.51	8.84	3025675	40577900.00
2013/12/23	8.79	9.11	8.61	8.88	1545628	21050500.00
2013/12/24	8.72	8.99	8.71	8.72	2239440	30463344.00
2013/12/25	8.85	9.60	8.85	9.46	6745801	96181296.00
2013/12/26	9.32	9.57	9.19	9.32	3810713	54770560.00
2013/12/27	9.31	10.11	9.19	9.89	7673520	114568144.00
2013/12/30	9.98	10.01	9.69	9.74	4712759	71078472.00
2013/12/31	9.71	9.85	9.57	9.71	2203096	32749068.00
2014/01/02	9.72	9.97	9.56	9.83	3662451	55167784.00
2014/01/03	9.78	9.93	9.57	9.69	2950733	43904980.00
2014/01/06	9.62	9.66	9.37	9.65	3944869	57770300.00
2014/01/07	9.59	10.57	9.51	10.45	7184551	110693080.00
2014/01/08	10.29	10.65	10.19	10.21	5558568	88473112.00
2014/01/09	10.28	10.29	9.93	10.18	4613691	71344736.00
2014/01/10	10.09	10.16	9.65	9.72	2676993	40721840.00
2014/01/13	9.58	9.83	9.08	9.23	4412613	64046752.00
2014/01/14	9.31	9.46	9.13	9.45	1674046	23977548.00
2014/01/15	9.41	10.00	9.35	9.87	3172648	47531416.00
2014/01/16	9.85	9.97	9.62	9.73	2492651	37200204.00
2014/01/17	9.69	9.94	9.62	9.69	2273959	34108460.00
2014/01/20	9.72	10.11	9.67	9.80	3163274	48121328.00
2014/01/21	9.73	9.92	9.38	9.63	3035072	44936176.00
2014/01/22	9.63	10.21	9.51	10.04	5012963	76169528.00
2014/01/23	9.97	10.41	9.85	10.21	5999023	93604256.00
2014/01/24	10.17	10.29	9.97	10.27	6240219	96582776.00
2014/01/27	10.19	10.63	10.13	10.29	6160579	98508056.00
2014/01/28	10.25	10.73	10.21	10.61	5669047	91820248.00
2014/01/29	10.61	11.15	10.55	11.03	5592176	93643352.00
2014/01/30	11.05	11.24	10.79	10.91	3789024	63553028.00
2014/02/07	10.83	11.10	10.65	10.79	3464579	57676912.00
2014/02/10	10.88	11.09	10.73	10.88	8359479	139111776.00
2014/02/11	10.88	11.04	10.52	10.64	6200820	101849464.00
2014/02/12	10.65	10.93	10.35	10.91	7000214	114226096.00
2014/02/13	10.88	10.88	10.35	10.45	4230957	69135224.00
2014/02/14	10.45	11.10	10.45	11.08	6379748	105189632.00
2014/02/17	11.06	11.46	11.05	11.44	5680035	98004496.00
2014/02/18	11.40	11.63	11.18	11.43	5858062	101964992.00
2014/02/19	11.51	11.59	11.11	11.22	3999375	69190768.00
2014/02/20	11.23	11.41	10.79	10.83	3275798	55251768.00
2014/02/21	10.83	10.94	10.57	10.75	2377603	38973420.00
2014/02/24	10.83	11.33	10.63	11.31	3543579	59539312.00
2014/02/25	11.33	11.66	10.47	10.62	7231857	123885928.00
2014/02/26	10.78	11.17	9.98	11.10	9114580	147103760.00
2014/02/27	11.03	11.45	10.57	10.71	5253431	88123648.00
2014/02/28	10.68	10.81	10.30	10.77	2613647	42167016.00
2014/03/03	10.73	11.02	10.55	10.99	4216411	69372976.00
2014/03/04	10.98	11.21	10.65	11.07	4048737	67564200.00
2014/03/05	11.05	11.16	10.87	10.89	2331044	39217976.00
2014/03/06	10.81	11.01	10.61	10.86	2816704	46373272.00
2014/03/07	10.85	10.85	10.43	10.57	2746945	44659868.00
2014/03/10	10.45	10.45	9.86	10.09	2915517	45241800.00
2014/03/11	10.03	10.17	9.79	9.87	1487585	22722112.00
2014/03/12	9.83	10.00	9.47	9.62	1787960	26620644.00
2014/03/13	9.69	10.08	9.68	9.86	1808014	27439528.00
2014/03/14	9.86	10.05	9.65	9.72	1418128	21372550.00
2014/03/17	9.82	10.23	9.82	10.13	1739301	26818666.00
2014/03/18	10.15	10.37	10.08	10.29	2619124	41025648.00
2014/03/19	10.23	10.29	9.79	10.05	3227845	49420448.00
2014/03/20	10.05	10.18	9.65	9.76	3091977	46803064.00
2014/03/21	9.71	10.22	9.65	10.19	2993717	45668720.00
2014/03/24	10.43	10.43	9.80	10.01	2809145	43247512.00
2014/03/25	9.96	10.13	9.87	9.91	1809073	27691116.00
2014/03/26	9.89	10.04	9.88	9.97	1529895	23378862.00
2014/03/27	10.01	10.28	9.95	10.11	3698753	57721020.00
2014/03/28	10.11	10.14	9.78	9.80	1740575	26397388.00
2014/03/31	9.81	9.87	9.51	9.58	1757266	26042400.00
2014/04/01	9.58	9.83	9.46	9.76	1472327	21884368.00
2014/04/02	9.82	9.89	9.63	9.65	1284000	19116434.00
2014/04/03	9.71	9.77	9.57	9.69	1415471	21052306.00
2014/04/04	9.70	10.26	9.70	10.19	3576841	55258704.00
2014/04/08	10.19	10.43	10.06	10.29	2667721	41895120.00
2014/04/09	10.29	11.05	10.26	10.76	5267392	86747720.00
2014/04/10	10.81	11.10	10.61	10.91	3263396	54379976.00
2014/04/11	10.79	11.09	10.71	10.78	2296012	38391816.00
2014/04/14	10.78	10.91	10.65	10.77	1889844	31057652.00
2014/04/15	10.71	10.75	10.57	10.71	1635896	26687772.00
2014/04/16	10.67	10.95	10.59	10.71	1892412	31194344.00
2014/04/17	10.69	10.82	10.65	10.69	1029208	16886924.00
2014/04/18	10.66	10.94	10.65	10.91	1765861	29316840.00
2014/04/21	10.79	11.04	10.56	10.65	2607544	43270236.00
2014/04/22	10.54	10.70	9.77	10.25	4298625	66768120.00
2014/04/23	10.21	10.37	10.02	10.33	1593205	24877588.00
2014/04/24	10.33	10.33	10.10	10.21	691183	10788344.00
2014/04/25	10.18	10.28	10.02	10.16	904057	14088013.00
2014/04/28	10.17	10.17	9.25	9.43	2758353	40788588.00
2014/04/29	9.31	9.57	9.13	9.51	1635008	23508076.00
2014/04/30	9.52	10.06	9.52	9.93	1384864	13827011.00
2014/05/05	9.90	9.90	9.56	9.73	2045397	20014938.00
2014/05/06	9.70	10.14	9.66	10.12	2812567	28321172.00
2014/05/07	10.16	10.18	9.93	9.99	1859365	18889746.00
2014/05/08	9.93	10.22	9.93	10.01	1510415	15428056.00
2014/05/09	9.97	10.07	9.53	9.77	1917287	19024994.00
2014/05/12	9.93	10.02	9.83	10.00	1675078	16842614.00
2014/05/13	10.03	10.10	9.90	10.01	1095005	11080294.00
2014/05/14	10.01	10.05	9.91	10.02	913142	9233173.00
2014/05/15	9.94	10.03	9.67	9.68	1551216	15457725.00
2014/05/16	9.67	9.73	9.19	9.46	1625164	15576517.00
2014/05/19	9.31	9.45	9.16	9.28	1747364	16406086.00
2014/05/20	9.38	9.55	9.28	9.43	2040256	19403926.00
2014/05/21	9.38	9.68	9.28	9.51	1443097	13853887.00
2014/05/22	9.51	9.71	9.44	9.55	1657860	16123036.00
2014/05/23	9.65	9.73	9.50	9.72	1236395	12077102.00
2014/05/26	9.72	10.01	9.68	9.84	2578159	25776500.00
2014/05/27	9.87	9.95	9.60	9.69	1969312	19436000.00
2014/05/28	9.65	9.95	9.48	9.88	3910411	38485212.00
2014/05/29	9.86	9.98	9.79	9.88	2687730	26938144.00
2014/05/30	9.89	9.96	9.79	9.92	1762146	17621530.00
2014/06/03	10.00	10.03	9.86	9.91	1090190	10972090.00
2014/06/04	9.92	9.94	9.63	9.74	1181063	11653996.00
2014/06/05	9.85	9.88	9.69	9.83	1296403	12825805.00
2014/06/06	9.83	9.86	9.60	9.73	1057536	10443026.00
2014/06/09	9.69	9.80	9.54	9.56	1065682	10416916.00
2014/06/10	9.58	9.75	9.48	9.62	1686387	16384569.00
2014/06/11	9.63	9.80	9.58	9.78	2016285	19779320.00
2014/06/12	9.73	9.85	9.64	9.75	1649243	16330343.00
2014/06/13	9.77	10.18	9.71	10.14	4739267	47819532.00
2014/06/16	10.11	10.33	10.06	10.29	3253454	33718696.00
2014/06/17	10.25	10.28	10.03	10.09	1517190	15529246.00
2014/06/18	10.09	10.17	9.96	10.16	1712372	17502572.00
2014/06/19	10.13	10.22	9.83	10.05	3600998	36554052.00
2014/06/20	9.98	10.07	9.95	10.01	1159336	11765649.00
2014/06/23	9.88	10.13	9.88	10.10	1733329	17639588.00
2014/06/24	10.11	10.83	10.11	10.71	6280949	67144248.00
2014/06/25	10.62	10.76	10.48	10.68	3148220	33779268.00
2014/06/26	10.70	10.93	10.59	10.85	4625963	50679248.00
2014/06/27	10.80	11.00	10.69	10.94	3186317	35054496.00
2014/06/30	11.00	11.42	11.00	11.31	6340812	72053832.00
2014/07/01	11.25	11.45	11.08	11.26	4185410	47527432.00
2014/07/02	11.16	11.43	11.10	11.18	4211001	47823820.00
2014/07/03	11.23	11.63	11.13	11.52	6237999	72296080.00
2014/07/04	11.45	11.70	11.29	11.65	4804855	55673132.00
2014/07/07	11.65	11.80	11.46	11.70	2548911	29933216.00
2014/07/08	11.70	11.71	11.49	11.53	2706323	31634264.00
2014/07/09	11.47	11.60	11.18	11.28	4729704	54258144.00
2014/07/10	11.27	11.57	11.22	11.41	2264305	26236192.00
2014/07/11	11.34	11.62	11.29	11.42	1543913	17891556.00
2014/07/14	11.38	12.11	11.37	12.07	7088395	84637344.00
2014/07/15	12.07	12.65	12.01	12.11	8889565	110173968.00
2014/07/16	12.17	12.38	11.98	12.16	5267012	64939500.00
2014/07/17	11.99	12.19	11.33	12.17	8004649	95177264.00
2014/07/18	11.99	12.31	11.59	11.66	5853151	70773240.00
2014/07/21	11.54	11.70	11.36	11.46	3237672	37570496.00
2014/07/22	11.38	11.85	11.35	11.78	2299886	27109742.00
2014/07/23	11.71	11.94	11.58	11.67	2840407	33627248.00
2014/07/24	11.63	11.79	11.44	11.46	2497857	29176344.00
2014/07/25	11.38	11.56	11.27	11.51	1688545	19478684.00
2014/07/28	11.57	11.85	11.56	11.84	3250852	38455592.00
2014/07/29	11.96	12.67	11.92	12.22	6395999	79499392.00
2014/07/30	12.68	12.86	12.40	12.46	11590541	147659920.00
2014/07/31	12.29	12.58	12.18	12.54	6057779	76120704.00
2014/08/01	12.48	12.60	12.11	12.13	5207706	64974864.00
2014/08/04	12.24	12.46	12.19	12.34	3432257	42662908.00
2014/08/05	12.37	12.63	12.28	12.48	5976768	75401184.00
2014/08/06	12.47	12.54	12.28	12.46	2763444	34597192.00
2014/08/07	12.48	12.52	12.20	12.24	3202745	40002688.00
2014/08/08	12.23	12.43	12.18	12.41	3021392	37530208.00
2014/08/11	12.38	12.50	12.29	12.47	4622007	57962816.00
2014/08/12	12.48	12.73	12.39	12.71	5249226	66852124.00
2014/08/13	12.67	12.70	12.29	12.45	4350935	54742540.00
2014/08/14	12.41	12.44	12.06	12.07	7847027	96676048.00
2014/08/15	12.06	12.13	11.80	12.11	8480310	102410224.00
2014/08/18	12.11	12.33	12.08	12.31	4342089	53516728.00
2014/08/19	12.30	12.39	12.18	12.28	4334779	53690184.00
2014/08/20	12.29	12.32	12.14	12.17	3236543	40020720.00
2014/08/21	12.13	12.47	12.13	12.42	7161772	89503856.00
2014/08/22	12.38	12.46	12.24	12.46	3737975	46706848.00
2014/08/25	12.44	12.53	12.19	12.20	3074640	38251792.00
2014/08/26	12.18	12.23	11.83	11.83	3125428	37833760.00
2014/08/27	11.88	12.15	11.73	11.78	3827067	46040356.00
2014/08/28	11.77	12.00	11.66	11.83	3162820	37627632.00
2014/08/29	11.73	11.99	11.73	11.96	1821242	21895940.00
2014/09/01	11.99	12.16	11.89	12.14	2636695	32085632.00
2014/09/02	12.08	12.31	12.04	12.28	3686638	45315064.00
2014/09/03	12.27	12.43	12.13	12.24	3966122	49208628.00
2014/09/04	12.32	12.36	12.13	12.31	4627383	57174284.00
2014/09/05	12.32	12.87	12.29	12.79	11907666	151581376.00
2014/09/09	12.78	13.17	12.65	13.04	9259184	120550128.00
2014/09/10	12.97	13.18	12.83	13.12	5996988	78841800.00
2014/09/11	13.08	13.19	12.81	12.85	6781816	88896544.00
2014/09/12	12.76	12.94	12.69	12.92	3522744	45516136.00
2014/09/15	12.91	13.21	12.72	13.18	6313208	82763296.00
2014/09/16	13.21	13.25	12.55	12.61	6532361	84976576.00
2014/09/17	12.54	12.85	12.50	12.81	3501431	44859040.00
2014/09/18	12.83	12.86	12.68	12.82	2648426	34111000.00
2014/09/19	12.86	13.72	12.72	13.55	10193665	136923408.00
2014/09/22	13.46	13.91	13.46	13.88	10260730	141992592.00
2014/09/23	13.87	13.98	13.69	13.96	5325955	74468040.00
2014/09/24	13.96	14.18	13.76	13.80	8077798	113432672.00
2014/09/25	14.03	14.26	13.82	14.00	6778319	95776336.00
2014/09/26	13.84	14.43	13.68	14.40	6800353	96744504.00
2014/09/29	14.40	14.65	14.19	14.40	5465075	79522040.00
2014/09/30	14.39	14.55	14.27	14.43	2306834	33451992.00
2014/10/08	14.43	14.66	14.30	14.62	3356162	49004616.00
2014/10/09	14.62	15.08	14.51	14.94	5468198	81687040.00
2014/10/10	15.06	15.06	14.58	14.72	3079569	45784740.00
2014/10/13	14.66	14.66	14.06	14.40	3625290	52125552.00
2014/10/14	14.87	15.38	14.51	14.63	5505037	82433912.00
2014/10/15	14.71	15.13	14.63	14.91	4511265	67611640.00
2014/10/16	14.71	15.07	14.68	14.72	4031909	60652016.00
2014/10/17	14.69	14.88	14.19	14.37	3198326	46569132.00
2014/10/20	14.51	14.84	14.41	14.82	2845144	42329912.00
2014/10/21	14.88	15.00	14.48	14.63	3075560	45733072.00
2014/10/22	14.68	14.90	14.59	14.71	2321155	34514536.00
2014/10/23	14.73	14.86	14.26	14.48	3230383	47301776.00
2014/10/24	14.49	14.59	14.00	14.29	3987188	57037472.00
2014/10/27	14.26	14.31	14.08	14.24	2298746	32980036.00
2014/10/28	14.24	14.73	14.24	14.64	3738707	55006712.00
2014/10/29	14.68	15.08	14.58	15.03	6783467	101920720.00
2014/10/30	15.01	15.68	14.94	15.37	8355793	130085440.00
2014/10/31	15.37	15.58	15.13	15.50	4950518	76733184.00
2014/11/03	15.46	15.85	15.38	15.63	5110207	80493624.00
2014/11/04	15.63	15.76	15.17	15.18	4107623	63502520.00
2014/11/05	15.14	15.50	15.14	15.28	3687917	57162504.00
2014/11/06	15.26	15.57	15.15	15.56	2830587	43980944.00
2014/11/07	15.56	15.72	15.23	15.48	3787796	59300980.00
2014/11/10	15.69	15.69	15.38	15.67	2601726	40712004.00
2014/11/11	15.71	15.71	14.74	14.99	3496114	53571632.00
2014/11/12	14.98	15.32	14.88	15.01	2651552	40308488.00
2014/11/13	15.01	15.01	14.35	14.39	5728810	83681792.00
2014/11/14	14.39	14.39	13.93	14.02	4879537	69389392.00
2014/11/17	14.08	14.65	14.05	14.53	3603094	52267924.00
2014/11/18	14.48	14.81	14.20	14.38	3346114	49235796.00
2014/11/19	14.38	14.76	14.38	14.57	1993602	29326960.00
2014/11/20	14.54	14.86	14.49	14.80	2955099	43977024.00
2014/11/21	14.80	15.03	14.75	15.02	2154629	32311656.00
2014/11/24	15.06	15.32	14.83	14.98	2895372	44000248.00
2014/11/25	14.98	15.71	14.98	15.60	4572897	71226288.00
2014/11/26	15.58	16.32	15.49	15.98	5486550	88306000.00
2014/11/27	15.99	16.13	15.88	15.96	2905003	46865872.00
2014/11/28	15.88	15.96	15.30	15.65	4129117	64866572.00
2014/12/01	15.59	15.74	15.18	15.21	2756064	42662428.00
2014/12/02	15.21	15.41	15.05	15.20	3685506	56431632.00
2014/12/03	15.28	15.35	15.00	15.30	3307437	50453976.00
2014/12/04	15.28	15.42	15.08	15.33	4176103	63975824.00
2014/12/05	15.33	15.33	14.57	14.67	4020036	59995684.00
2014/12/08	14.58	15.03	14.27	14.80	3557891	52344280.00
2014/12/09	14.58	14.79	13.86	13.87	6821548	97443200.00
2014/12/10	13.77	14.40	13.76	14.36	3255438	46538388.00
2014/12/11	14.28	14.52	14.18	14.51	1819799	26463532.00
2014/12/12	14.55	15.37	14.48	15.05	2892097	43284728.00
2014/12/15	14.98	15.22	14.88	15.16	2447566	37282816.00
2014/12/16	15.08	15.18	14.77	14.84	2000384	30020192.00
2014/12/17	14.78	14.91	14.28	14.35	2622317	38150792.00
2014/12/18	14.35	14.52	13.88	14.15	2386463	34132588.00
2014/12/19	13.89	14.08	13.83	14.07	2862086	40200092.00
2014/12/22	14.07	14.07	13.08	13.21	3875771	52520448.00
2014/12/23	13.21	13.48	13.09	13.24	1413200	19022058.00
2014/12/24	13.33	13.61	13.33	13.55	1480330	20100032.00
2014/12/25	13.59	13.74	13.27	13.42	2509331	34039092.00
2014/12/26	13.42	13.50	13.30	13.43	1667266	22536850.00
2014/12/29	13.41	13.41	12.88	13.01	3544564	46516844.00
2014/12/30	13.01	13.66	13.01	13.23	3145492	42320804.00
2014/12/31	13.22	13.38	12.93	13.21	3147373	41615912.00
2015/01/05	13.21	13.46	12.88	13.38	2822184	37546116.00
2015/01/06	13.29	13.77	13.17	13.72	3366915	46056256.00
2015/01/07	13.69	13.78	13.48	13.64	1791340	24572976.00
2015/01/08	13.67	13.77	13.18	13.48	2625505	35462012.00
2015/01/09	13.45	13.66	13.24	13.44	2181026	29641004.00
2015/01/12	13.27	13.70	13.01	13.58	2517621	34138712.00
2015/01/13	13.60	13.88	13.48	13.86	2583783	35765600.00
2015/01/14	13.92	13.93	13.58	13.60	1879822	25923732.00
2015/01/15	13.60	13.70	13.43	13.54	1566741	21366540.00
2015/01/16	13.54	13.64	13.43	13.51	2097740	28535346.00
2015/01/19	13.32	13.32	12.45	12.46	4870885	63853504.00
2015/01/20	12.56	13.47	12.56	13.31	4875790	64290744.00
2015/01/21	13.32	13.78	13.32	13.74	4462447	61127984.00
2015/01/22	13.74	14.16	13.56	14.01	4617183	64856580.00
2015/01/23	14.08	14.16	13.58	13.66	5449339	75835736.00
2015/01/26	13.82	13.91	13.66	13.88	2541777	35481720.00
2015/01/27	13.98	14.68	13.96	14.30	5903247	85356904.00
2015/01/28	14.20	14.41	14.14	14.19	3518702	50620252.00
2015/01/29	14.08	14.22	13.94	13.94	1978971	27994628.00
2015/01/30	13.94	14.18	13.73	13.77	2186232	30669874.00
2015/02/02	13.57	13.91	13.49	13.64	1811332	25068192.00
2015/02/03	13.76	14.22	13.64	14.14	3534389	49989480.00
2015/02/04	14.18	14.32	13.95	14.18	3285279	47059628.00
2015/02/05	14.23	14.28	13.85	13.87	2521450	35652304.00
2015/02/06	13.69	13.79	13.42	13.57	1635590	22491760.00
2015/02/09	13.50	13.68	13.42	13.48	1306479	17821900.00
2015/02/10	13.41	13.58	13.21	13.52	1709642	23145230.00
2015/02/11	13.32	13.63	13.32	13.49	1623946	22036224.00
2015/02/12	13.50	13.57	12.88	13.44	1687356	22797892.00
2015/02/13	13.54	13.77	13.44	13.75	3929982	54026144.00
2015/02/16	13.87	14.43	13.81	14.41	5087968	72685632.00
2015/02/17	14.49	14.58	13.90	14.32	4669060	67183008.00
2015/02/25	14.32	14.50	14.07	14.40	3875867	55739704.00
2015/02/26	14.44	14.98	14.39	14.80	6448909	95900296.00
2015/02/27	14.87	14.87	14.59	14.62	5716200	84515672.00
2015/03/02	14.68	14.88	14.50	14.75	7429657	109962992.00
2015/03/03	14.74	14.74	14.51	14.61	5689750	83907424.00
2015/03/04	14.66	14.85	14.49	14.83	4041735	59781792.00
2015/03/05	14.88	15.28	14.72	15.23	9043318	136056880.00
2015/03/06	15.19	15.34	14.75	14.84	5264853	79605440.00
2015/03/09	14.70	15.13	14.43	15.06	5666434	84829072.00
2015/03/10	15.00	15.28	14.82	15.08	5007879	75891552.00
2015/03/11	15.15	15.47	14.98	15.02	5051466	77150448.00
2015/03/12	15.02	15.02	14.57	14.66	7869979	116848864.00
2015/03/13	14.88	16.14	14.78	16.14	16928792	267742800.00
2015/03/19	17.77	17.77	17.38	17.77	7780054	138996336.00
2015/03/20	17.83	19.08	16.88	18.68	24444484	435222400.00
2015/03/23	18.38	18.61	18.11	18.31	16448808	302726720.00
2015/03/24	18.43	18.50	17.41	18.39	13113153	238766928.00
2015/03/25	18.33	18.33	17.78	17.86	9459693	171310832.00
2015/03/26	17.69	18.25	17.49	17.98	11045942	198694912.00
2015/03/27	17.95	18.76	17.78	18.54	13040730	238921888.00
2015/03/30	18.54	19.16	18.09	18.25	13852666	259976896.00
2015/03/31	18.09	18.35	17.83	18.26	8908223	161803744.00
2015/04/01	18.26	18.43	17.84	18.07	15857355	288947424.00
2015/04/02	18.07	19.13	17.98	18.90	17890731	331878464.00
2015/04/03	18.72	19.31	18.53	18.96	12638189	240385760.00
2015/04/07	18.99	19.25	18.81	19.00	10326408	197490448.00
2015/04/08	19.01	19.01	18.34	18.60	10510114	197709888.00
2015/04/09	18.42	18.69	17.27	17.74	10581393	189280736.00
2015/04/10	17.78	18.04	17.73	17.94	7975234	143639136.00
2015/04/13	17.94	18.49	17.86	18.20	7588347	138577200.00
2015/04/14	18.47	18.47	17.81	18.02	6639508	120587016.00
2015/04/15	17.98	18.17	17.17	17.49	8049762	143556896.00
2015/04/16	17.38	18.98	17.08	18.90	19865769	366321760.00
2015/04/17	19.07	20.73	19.07	20.35	20781440	416865760.00
2015/04/20	20.00	20.00	18.88	19.31	11343353	220320496.00
2015/04/21	19.10	19.48	18.75	19.19	6673623	127699688.00
2015/04/22	19.18	19.84	19.01	19.29	9715815	189488864.00
2015/04/23	19.40	19.60	19.18	19.51	7601674	147390432.00
2015/04/24	19.24	19.49	18.90	19.07	5869822	112316744.00
2015/04/27	19.00	19.28	18.83	18.89	6955170	131928760.00
2015/04/28	18.88	18.88	18.09	18.10	7282674	134446384.00
2015/04/29	17.98	18.72	17.61	18.34	4621688	84074968.00
2015/04/30	18.37	19.35	18.36	19.06	7028414	133206392.00
2015/05/05	18.89	18.89	18.89	18.89	0	0.00
数据来源:通达信
