600469 风神股份 日线 前复权
      日期	    开盘	    最高	    最低	    收盘	    成交量	    成交额
2011/10/10	10.98	11.14	10.70	10.90	3329999	37239976.00
2011/10/11	11.24	11.29	10.67	10.89	5369793	60565456.00
2011/10/12	10.85	11.24	10.40	11.17	7546506	84245400.00
2011/10/13	11.15	11.53	11.02	11.38	7221103	84115800.00
2011/10/14	11.31	11.41	10.99	11.24	5101005	58438484.00
2011/10/17	11.23	11.33	11.00	11.19	3520484	40311464.00
2011/10/18	11.14	11.14	10.81	10.84	3995553	44772192.00
2011/10/19	10.90	10.94	10.52	10.65	3184582	34983456.00
2011/10/20	10.60	10.66	10.10	10.16	4080849	43052992.00
2011/10/21	10.18	10.26	9.85	10.01	3207892	32965952.00
2011/10/24	10.02	10.44	9.81	10.38	3173466	33275094.00
2011/10/25	10.50	10.68	10.16	10.55	5560324	59830508.00
2011/10/26	10.42	10.78	10.40	10.50	4519922	49127264.00
2011/10/27	10.49	10.67	10.44	10.59	2960068	32101092.00
2011/10/28	10.70	10.86	10.64	10.84	5769713	63808324.00
2011/10/31	10.80	10.92	10.71	10.90	4191149	46814432.00
2011/11/01	10.74	11.35	10.71	11.26	8501792	97589336.00
2011/11/02	11.07	11.44	10.95	11.38	6214368	71504536.00
2011/11/03	11.38	11.58	11.15	11.32	6309182	73478448.00
2011/11/04	11.38	11.38	11.11	11.26	4041957	46527376.00
2011/11/07	11.26	11.32	10.90	11.04	2835817	32335430.00
2011/11/08	11.01	11.21	10.90	11.11	4964530	56427060.00
2011/11/09	11.12	11.20	11.00	11.19	2499364	28495472.00
2011/11/10	11.09	11.25	11.01	11.01	2370858	27013436.00
2011/11/11	11.07	11.16	10.96	11.01	1621045	18437552.00
2011/11/14	11.07	11.53	11.07	11.46	4340634	50668416.00
2011/11/15	11.46	11.91	11.33	11.58	6118545	73431952.00
2011/11/16	11.47	11.52	11.08	11.15	3484563	40484208.00
2011/11/17	11.15	11.34	11.00	11.07	2728903	31351398.00
2011/11/18	11.00	11.10	10.56	10.90	3695910	40958140.00
2011/11/21	10.65	11.22	10.65	10.94	1340418	15077376.00
2011/11/22	10.90	11.12	10.73	11.10	1734529	19510856.00
2011/11/23	11.09	11.22	11.01	11.12	1539936	17596632.00
2011/11/24	11.00	11.13	10.80	11.10	1293393	14623767.00
2011/11/25	11.09	11.21	10.70	10.78	2172470	24467376.00
2011/11/28	10.83	10.93	10.74	10.81	1066689	11859874.00
2011/11/29	10.93	11.24	10.83	11.20	2260953	25712672.00
2011/11/30	11.15	11.19	10.51	10.66	2394593	26504094.00
2011/12/01	10.92	11.18	10.68	10.75	2715747	30576416.00
2011/12/02	10.74	10.80	10.22	10.63	4550481	49160776.00
2011/12/05	10.46	10.65	10.26	10.37	1265586	13493987.00
2011/12/06	10.37	10.39	10.11	10.30	2293962	24179284.00
2011/12/07	10.23	10.41	10.13	10.28	1688923	17814322.00
2011/12/08	10.24	10.35	10.00	10.24	1509970	15798733.00
2011/12/09	10.07	10.10	9.81	9.92	3231099	33048576.00
2011/12/12	9.95	9.96	9.63	9.77	2300436	23152472.00
2011/12/13	9.65	9.65	9.09	9.19	3347246	32189818.00
2011/12/14	9.19	9.29	8.87	8.91	1628527	15236129.00
2011/12/15	8.86	8.91	8.51	8.59	2237995	20047472.00
2011/12/16	8.60	8.77	8.33	8.75	3378941	29701628.00
2011/12/19	8.70	8.70	8.14	8.49	2819380	24405486.00
2011/12/20	8.20	8.64	8.17	8.44	4533367	39914976.00
2011/12/21	8.58	8.93	8.32	8.33	4729091	42206008.00
2011/12/22	8.15	8.18	7.67	7.84	5174754	42304188.00
2011/12/23	7.82	8.02	7.76	7.87	3378094	27698110.00
2011/12/26	7.87	7.90	7.49	7.50	4145370	33235294.00
2011/12/27	7.40	7.43	7.19	7.21	3014632	22861124.00
2011/12/28	7.12	7.38	7.11	7.28	3050823	22988028.00
2011/12/29	7.29	7.55	7.22	7.31	2557975	19675828.00
2012/01/04	7.49	7.53	7.19	7.20	3215946	24732952.00
2012/01/05	7.15	7.26	7.04	7.09	2713906	20215678.00
2012/01/06	7.09	7.32	6.93	7.31	2385367	17650780.00
2012/01/09	7.30	7.64	7.21	7.53	9662271	75168744.00
2012/01/10	7.56	7.94	7.50	7.90	9742163	78439648.00
2012/01/11	7.90	8.02	7.82	7.95	6403762	52592740.00
2012/01/12	7.88	8.03	7.73	7.81	5416860	44271036.00
2012/01/13	7.78	7.86	7.37	7.43	5470731	42959516.00
2012/01/16	7.35	7.50	7.20	7.25	4309040	32966748.00
2012/01/17	7.30	7.74	7.21	7.72	7101653	55392780.00
2012/01/18	7.72	8.00	7.64	7.70	9576470	77883192.00
2012/01/19	7.67	8.00	7.67	7.86	5797857	47099920.00
2012/01/20	7.86	8.02	7.82	7.93	5118754	42144072.00
2012/01/30	7.95	7.98	7.73	7.73	3913595	31816702.00
2012/01/31	7.73	7.88	7.59	7.84	4230153	33791288.00
2012/02/01	7.78	7.90	7.72	7.87	4516999	36687608.00
2012/02/02	7.86	8.02	7.83	8.01	5537521	45731664.00
2012/02/03	8.00	8.19	7.93	8.11	5838001	48962484.00
2012/02/06	8.11	8.18	8.01	8.09	5033082	42263988.00
2012/02/07	8.05	8.05	7.82	7.92	3959899	32531968.00
2012/02/08	7.90	8.28	7.88	8.25	7547186	63773736.00
2012/02/09	8.19	8.30	8.15	8.19	6657202	56711552.00
2012/02/10	8.17	8.26	8.09	8.21	6071193	51389384.00
2012/02/13	8.14	8.37	8.10	8.29	5579519	47724104.00
2012/02/14	8.28	8.54	8.25	8.44	6876675	59786744.00
2012/02/15	8.58	8.58	8.28	8.50	7642870	66859620.00
2012/02/16	8.44	8.64	8.41	8.60	7782126	68876896.00
2012/02/17	8.62	8.63	8.40	8.55	4468950	39383984.00
2012/02/20	8.66	8.68	8.47	8.47	6047865	53600504.00
2012/02/21	8.50	8.52	8.29	8.49	4533934	39533576.00
2012/02/22	8.48	8.67	8.42	8.63	6215316	55204144.00
2012/02/23	8.63	8.88	8.60	8.88	11903146	107675696.00
2012/02/24	8.84	8.90	8.74	8.89	7210978	65867880.00
2012/02/27	8.91	9.08	8.82	8.83	8894596	82421008.00
2012/02/28	8.80	8.86	8.60	8.78	6444383	58250340.00
2012/02/29	8.78	8.79	8.62	8.64	3983296	35823904.00
2012/03/01	8.61	8.76	8.58	8.67	3008266	27043620.00
2012/03/02	8.70	8.89	8.60	8.88	5772762	52499480.00
2012/03/05	8.89	9.02	8.83	8.84	6195104	56990008.00
2012/03/06	8.75	9.69	8.61	9.15	10732629	99060672.00
2012/03/07	9.01	9.15	8.88	8.90	6591229	61449176.00
2012/03/08	8.92	9.20	8.92	9.08	9135160	85543000.00
2012/03/09	9.12	9.15	8.95	9.13	5964608	55883380.00
2012/03/12	9.14	9.26	9.08	9.13	6753547	63901712.00
2012/03/13	9.14	9.36	9.08	9.28	7231933	68805384.00
2012/03/14	9.36	9.40	8.64	8.67	9995524	93579456.00
2012/03/15	8.68	8.80	8.39	8.57	5672278	50308544.00
2012/03/16	8.60	8.72	8.48	8.71	5916626	52933152.00
2012/03/19	8.72	8.85	8.72	8.85	4668456	42469476.00
2012/03/20	8.81	8.84	8.53	8.53	4481197	40036592.00
2012/03/21	8.56	8.66	8.41	8.52	3902979	34446968.00
2012/03/22	8.55	8.59	8.42	8.55	2655317	23371568.00
2012/03/23	8.50	8.55	8.29	8.34	3043184	26549786.00
2012/03/26	8.39	8.42	8.27	8.36	1678350	14521492.00
2012/03/27	8.40	8.56	8.40	8.44	2916480	25636474.00
2012/03/28	8.52	8.52	7.94	7.98	3990742	33772576.00
2012/03/29	7.88	7.98	7.75	7.78	2937021	23982370.00
2012/03/30	7.80	7.88	7.70	7.83	2366530	19149652.00
2012/04/05	7.80	8.20	7.80	8.18	3098456	25777388.00
2012/04/06	8.03	8.09	7.93	8.04	4876577	40576528.00
2012/04/09	8.01	8.01	7.79	7.81	3033861	24895908.00
2012/04/10	7.79	7.93	7.59	7.91	2762507	22257314.00
2012/04/11	7.79	7.91	7.71	7.90	2538265	20640410.00
2012/04/12	7.95	8.16	7.95	8.14	4704978	39409096.00
2012/04/13	8.10	8.31	8.07	8.21	4820527	40906992.00
2012/04/16	8.14	8.41	8.10	8.31	4519874	38683384.00
2012/04/17	8.28	8.38	8.17	8.27	5021271	43113096.00
2012/04/18	8.26	8.56	8.26	8.50	5787408	50390216.00
2012/04/19	8.51	8.58	8.43	8.51	4256734	37480172.00
2012/04/20	8.55	8.65	8.47	8.59	5137058	45519636.00
2012/04/23	8.59	8.59	8.38	8.40	4554958	39995324.00
2012/04/24	8.32	8.55	8.08	8.45	5368117	46468824.00
2012/04/25	8.45	8.87	8.42	8.80	11977134	108117536.00
2012/04/27	8.74	8.83	8.59	8.81	5823106	52452340.00
2012/05/02	8.94	8.98	8.82	8.88	5748862	52830284.00
2012/05/03	8.88	8.91	8.73	8.86	5306732	48352836.00
2012/05/04	8.80	8.85	8.72	8.82	3654700	33279340.00
2012/05/07	8.76	8.85	8.74	8.85	3389171	30841230.00
2012/05/08	8.84	8.97	8.77	8.95	4663325	42874192.00
2012/05/09	8.82	8.90	8.67	8.68	4658639	42273568.00
2012/05/10	8.68	8.75	8.58	8.68	2918867	26174024.00
2012/05/11	8.67	8.77	8.63	8.65	1991180	17886896.00
2012/05/14	8.73	8.73	8.53	8.53	3391024	30334760.00
2012/05/15	8.39	9.00	8.38	8.97	8730235	79188624.00
2012/05/16	8.97	9.15	8.83	8.85	7489314	69662928.00
2012/05/17	8.86	9.13	8.77	9.13	8086518	75065584.00
2012/05/18	8.99	9.41	8.97	9.15	14394166	137043008.00
2012/05/21	9.09	9.25	8.79	8.86	7447523	69001488.00
2012/05/22	8.90	8.97	8.82	8.94	3971009	36519208.00
2012/05/23	8.94	8.98	8.64	8.78	5688585	51891652.00
2012/05/24	8.78	8.87	8.68	8.71	3936292	35700644.00
2012/05/25	8.73	8.77	8.30	8.38	6313541	55477280.00
2012/05/28	8.38	8.72	8.18	8.70	5513527	48156744.00
2012/05/29	8.63	8.98	8.63	8.79	9700376	88986512.00
2012/05/30	8.81	9.03	8.80	9.01	9160464	84889240.00
2012/05/31	8.97	9.20	8.90	9.05	7248231	67886672.00
2012/06/01	9.06	9.38	8.91	9.27	11007305	104359216.00
2012/06/04	9.05	9.29	8.77	8.78	9493088	88761176.00
2012/06/05	8.83	9.06	8.67	8.95	7837152	72256600.00
2012/06/06	9.00	9.30	8.95	9.29	12748453	120931104.00
2012/06/07	9.40	9.55	9.07	9.16	13014783	125432840.00
2012/06/08	9.23	9.29	8.93	9.05	6785074	63698484.00
2012/06/11	9.10	9.32	8.90	9.32	7887923	73822968.00
2012/06/12	9.25	9.32	9.00	9.01	6203650	58176216.00
2012/06/13	9.06	9.34	8.93	9.30	7301339	68536512.00
2012/06/14	9.28	9.44	9.15	9.20	7573745	71826320.00
2012/06/15	9.25	9.44	9.19	9.42	10058946	95855856.00
2012/06/18	9.50	9.55	9.39	9.46	7823449	75628496.00
2012/06/19	9.44	9.45	9.14	9.17	7021073	66454284.00
2012/06/20	9.21	9.24	9.02	9.06	4048859	37714412.00
2012/06/21	9.06	9.06	8.71	8.86	5834267	52748800.00
2012/06/25	8.80	8.90	8.62	8.66	4134121	37183696.00
2012/06/26	8.64	8.79	8.60	8.79	2294284	20427872.00
2012/06/27	8.75	8.91	8.66	8.68	3405889	30652468.00
2012/06/28	8.77	8.92	8.53	8.54	3849829	34350308.00
2012/06/29	8.49	8.68	8.45	8.64	2677103	23463356.00
2012/07/02	8.68	8.78	8.46	8.53	5110462	45088744.00
2012/07/03	8.51	8.52	8.28	8.34	7062016	60430876.00
2012/07/04	8.32	8.38	8.08	8.14	4266473	35846856.00
2012/07/05	8.12	8.12	7.78	7.79	4468671	36142960.00
2012/07/06	7.86	8.05	7.80	8.02	4085556	33155208.00
2012/07/09	7.92	8.03	7.74	7.80	2761998	22370222.00
2012/07/10	7.80	7.88	7.63	7.71	2454813	19466256.00
2012/07/11	7.71	7.92	7.69	7.90	3457002	27811192.00
2012/07/12	7.90	7.99	7.78	7.98	3132709	25409164.00
2012/07/13	7.91	7.99	7.87	7.88	1878691	15249308.00
2012/07/16	7.94	7.94	7.57	7.60	2951927	23364074.00
2012/07/17	7.58	7.70	7.51	7.69	2959871	23185768.00
2012/07/18	7.67	7.87	7.57	7.85	3666994	29206532.00
2012/07/19	7.84	7.99	7.81	7.89	4133229	33607876.00
2012/07/20	7.85	7.94	7.79	7.84	1739006	14028961.00
2012/07/23	7.80	7.84	7.68	7.82	2290888	18232652.00
2012/07/24	7.78	7.92	7.74	7.89	1689399	13585387.00
2012/07/25	7.83	7.91	7.70	7.74	1513217	12142915.00
2012/07/26	7.74	7.81	7.63	7.64	1516170	12002854.00
2012/07/27	7.65	7.70	7.54	7.58	1655348	12921082.00
2012/07/30	7.65	7.65	7.48	7.54	1586569	12326953.00
2012/07/31	7.54	7.62	7.47	7.57	2068053	16032967.00
2012/08/01	7.58	7.75	7.55	7.71	1986951	15677963.00
2012/08/02	7.73	7.82	7.64	7.71	1378426	10915559.00
2012/08/03	7.72	7.86	7.68	7.84	1551561	12388973.00
2012/08/06	7.80	8.00	7.78	7.98	2739648	22210852.00
2012/08/07	7.93	7.99	7.91	7.98	2449895	19969928.00
2012/08/08	7.97	8.00	7.85	7.91	1745355	14180878.00
2012/08/09	7.92	8.02	7.84	7.98	2514642	20460286.00
2012/08/10	7.96	8.03	7.94	8.01	1940042	15890089.00
2012/08/13	7.99	8.06	7.83	7.87	2808134	22971708.00
2012/08/14	8.18	8.45	8.00	8.19	7049460	58794240.00
2012/08/15	8.14	8.25	8.06	8.08	3380602	28154254.00
2012/08/16	8.08	8.13	8.00	8.02	1734239	14336281.00
2012/08/17	8.02	8.09	7.94	8.08	2366038	19401830.00
2012/08/20	8.05	8.22	7.99	8.19	3993833	33351012.00
2012/08/21	8.23	8.28	8.16	8.21	4283592	36092008.00
2012/08/22	8.20	8.27	8.00	8.05	2929613	24396938.00
2012/08/23	8.05	8.16	7.98	8.11	2432370	20157356.00
2012/08/24	8.10	8.11	7.96	7.96	2171730	17868072.00
2012/08/27	7.93	8.09	7.83	7.86	2491742	20346244.00
2012/08/28	7.87	8.09	7.80	8.06	3591846	29151404.00
2012/08/29	8.12	8.37	8.11	8.17	7649067	64684428.00
2012/08/30	8.08	8.20	7.95	8.02	3525250	29172420.00
2012/08/31	8.03	8.31	8.00	8.20	4196241	35319396.00
2012/09/03	8.13	8.31	8.11	8.27	2542072	21461368.00
2012/09/04	8.30	8.34	8.11	8.13	2559792	21527496.00
2012/09/05	8.13	8.22	8.08	8.21	2003431	16740822.00
2012/09/06	8.25	8.26	8.13	8.23	2010359	16877104.00
2012/09/07	8.27	8.58	8.24	8.49	6298388	54372056.00
2012/09/10	8.47	8.80	8.47	8.69	7630143	67727576.00
2012/09/11	8.64	8.95	8.56	8.78	7536007	67677912.00
2012/09/12	8.91	9.30	8.71	9.00	13339121	123076216.00
2012/09/13	8.96	9.06	8.76	8.77	6085722	55445352.00
2012/09/14	8.80	8.96	8.61	8.86	5814184	52233548.00
2012/09/17	8.81	8.87	8.43	8.46	4833969	42616196.00
2012/09/18	8.43	8.65	8.43	8.50	3781773	32973348.00
2012/09/19	8.55	8.60	8.46	8.53	2184380	19069988.00
2012/09/20	8.51	8.51	8.00	8.04	5577845	46799336.00
2012/09/21	8.00	8.18	7.96	8.10	2944602	24386464.00
2012/09/24	8.05	8.19	7.98	8.13	2535383	21000796.00
2012/09/25	8.08	8.29	8.05	8.18	2990203	24994876.00
2012/09/26	8.17	8.20	7.83	7.86	2988066	24331336.00
2012/09/27	7.89	8.16	7.83	8.12	3173223	26158956.00
2012/09/28	8.10	8.22	8.03	8.19	3445235	28817120.00
2012/10/08	8.20	8.23	8.06	8.11	2086300	17411110.00
2012/10/09	8.17	8.60	8.16	8.54	5598470	48229412.00
2012/10/10	8.47	8.68	8.46	8.57	3914509	34411672.00
2012/10/11	8.53	8.64	8.50	8.51	3450866	30204636.00
2012/10/12	8.51	8.69	8.40	8.54	2312785	20229516.00
2012/10/15	8.64	8.68	8.49	8.66	3199032	28065876.00
2012/10/16	8.66	8.70	8.51	8.55	2343012	20597088.00
2012/10/17	8.57	8.59	8.37	8.47	3163635	27321948.00
2012/10/18	8.46	8.64	8.44	8.55	4025473	35228372.00
2012/10/19	8.55	8.69	8.52	8.64	3043426	26863576.00
2012/10/22	8.55	8.75	8.52	8.72	3359794	29786142.00
2012/10/23	8.72	8.73	8.54	8.55	2362529	20833800.00
2012/10/24	8.50	8.59	8.46	8.49	1781942	15530229.00
2012/10/25	8.54	8.60	8.44	8.45	1476940	12869786.00
2012/10/26	8.49	8.49	8.24	8.29	2598478	22167052.00
2012/10/29	8.28	8.39	8.25	8.36	1649130	14054928.00
2012/10/30	8.28	8.42	8.21	8.26	2781072	23665526.00
2012/10/31	8.25	8.31	8.14	8.30	1619369	13640552.00
2012/11/01	8.25	8.51	8.25	8.50	2731871	23617956.00
2012/11/02	8.50	8.51	8.38	8.47	1998827	17274070.00
2012/11/05	8.46	8.60	8.42	8.51	2351210	20525610.00
2012/11/06	8.51	8.55	8.18	8.33	3091577	26280320.00
2012/11/07	8.27	8.40	8.25	8.37	1556741	13271604.00
2012/11/08	8.40	8.59	8.28	8.33	4167032	36105120.00
2012/11/09	8.20	8.30	8.08	8.20	2879094	24133664.00
2012/11/12	8.17	8.26	8.13	8.21	1778765	14929618.00
2012/11/13	8.21	8.23	8.08	8.14	1619657	13481567.00
2012/11/14	8.18	8.30	8.09	8.26	1538400	12887780.00
2012/11/15	8.22	8.24	8.13	8.15	1345353	11253542.00
2012/11/16	8.25	8.25	8.09	8.19	1507517	12562874.00
2012/11/19	8.18	8.24	8.11	8.24	827389	6924388.00
2012/11/20	8.27	8.27	7.96	7.99	1320186	10956786.00
2012/11/21	7.99	8.10	7.95	8.09	1768601	14541682.00
2012/11/22	8.03	8.03	7.88	7.89	2316992	18871924.00
2012/11/23	7.94	8.01	7.86	7.95	1229132	10017708.00
2012/11/26	7.95	7.95	7.70	7.72	1912250	15354765.00
2012/11/27	7.70	7.73	7.50	7.54	1618360	12594406.00
2012/11/28	7.48	7.50	7.28	7.31	1976207	14914911.00
2012/11/29	7.33	7.42	7.25	7.29	1050972	7925796.00
2012/11/30	7.31	7.42	7.29	7.40	1110149	8405769.00
2012/12/03	7.35	7.42	7.08	7.14	1385469	10341251.00
2012/12/04	7.13	7.40	7.08	7.39	1750394	13013605.00
2012/12/05	7.39	7.71	7.31	7.58	3806446	29578358.00
2012/12/06	7.57	7.62	7.46	7.53	1813300	14003469.00
2012/12/07	7.50	7.80	7.49	7.68	3541270	27869488.00
2012/12/10	7.67	7.88	7.67	7.86	3045799	24340982.00
2012/12/11	7.86	7.86	7.72	7.74	2246050	17931392.00
2012/12/12	7.74	7.82	7.68	7.74	1560865	12392974.00
2012/12/13	7.68	7.74	7.59	7.64	1925300	15112503.00
2012/12/14	7.65	8.10	7.61	8.03	4381693	35514232.00
2012/12/17	8.04	8.12	7.94	8.04	3973451	32776736.00
2012/12/18	7.98	8.17	7.95	8.07	3118221	25813848.00
2012/12/19	8.01	8.33	8.01	8.19	3136490	26228980.00
2012/12/20	8.15	8.39	8.10	8.25	2939803	24714984.00
2012/12/21	8.27	8.35	8.10	8.16	2601069	21921696.00
2012/12/24	8.16	8.37	8.05	8.26	2711122	22942840.00
2012/12/25	8.20	8.59	8.20	8.51	5045122	43643468.00
2012/12/26	8.52	8.59	8.42	8.56	2451567	21341856.00
2012/12/27	8.56	8.72	8.47	8.49	3999446	35158928.00
2012/12/28	8.48	8.69	8.35	8.55	2901682	25182808.00
2012/12/31	8.55	8.61	8.44	8.55	2878495	25082728.00
2013/01/04	8.58	8.63	8.42	8.47	3184031	27749898.00
2013/01/07	8.45	8.55	8.43	8.52	2113637	18347964.00
2013/01/08	8.51	8.75	8.46	8.68	4136074	36542256.00
2013/01/09	8.64	8.85	8.57	8.64	2912270	25894332.00
2013/01/10	8.64	8.76	8.55	8.61	2005175	17756574.00
2013/01/11	8.60	8.80	8.30	8.33	4249710	36994800.00
2013/01/14	8.30	8.69	8.30	8.64	5753543	50126932.00
2013/01/15	8.61	8.85	8.60	8.77	5674139	50555384.00
2013/01/16	8.80	8.92	8.62	8.71	6492229	58224948.00
2013/01/17	8.76	8.76	8.55	8.61	2911456	25687412.00
2013/01/18	8.69	8.91	8.65	8.87	5583064	50213432.00
2013/01/21	8.87	9.03	8.80	8.96	3810321	34783644.00
2013/01/22	8.95	9.20	8.75	8.80	5433874	49724992.00
2013/01/23	8.70	8.79	8.60	8.73	2762542	24555380.00
2013/01/24	8.75	8.81	8.37	8.45	4751838	41620768.00
2013/01/25	8.41	8.66	8.41	8.51	2869327	25056564.00
2013/01/28	8.56	8.82	8.53	8.80	2953771	26407296.00
2013/01/29	8.80	8.95	8.79	8.83	2682083	24274086.00
2013/01/30	8.85	9.42	8.83	9.37	13076586	123210416.00
2013/01/31	9.22	9.50	9.19	9.28	3525115	33468052.00
2013/02/01	9.27	9.46	9.23	9.37	4887180	46708144.00
2013/02/04	9.38	9.60	9.21	9.33	8043199	77470040.00
2013/02/05	9.30	9.35	9.01	9.34	8494202	79636144.00
2013/02/06	9.30	9.60	9.25	9.48	4549956	44099712.00
2013/02/07	9.41	9.73	9.40	9.68	5053633	49382016.00
2013/02/08	9.67	10.11	9.60	10.03	6145142	62234868.00
2013/02/18	10.05	10.15	9.81	9.94	4429985	45126468.00
2013/02/19	9.90	10.00	9.51	9.53	7561216	74443336.00
2013/02/20	9.55	9.74	9.51	9.72	3234532	31861592.00
2013/02/21	9.63	9.91	9.50	9.77	9617244	95585824.00
2013/02/22	9.71	10.12	9.66	9.98	6525627	65948628.00
2013/02/25	9.95	10.06	9.75	9.95	3804777	38424000.00
2013/02/26	9.88	10.12	9.67	9.71	4325365	43725916.00
2013/02/27	9.65	9.77	9.39	9.50	5378259	52515632.00
2013/02/28	9.57	9.87	9.52	9.85	3440812	34053104.00
2013/03/01	9.90	9.90	9.62	9.81	3193268	31854220.00
2013/03/04	9.80	9.82	9.18	9.36	7875537	76158760.00
2013/03/05	9.30	9.54	9.25	9.52	3863285	37136004.00
2013/03/06	9.58	9.77	9.49	9.73	4113337	40591424.00
2013/03/07	9.76	10.06	9.68	9.85	7247434	73318960.00
2013/03/08	9.92	9.92	9.65	9.74	3081120	30649108.00
2013/03/11	9.69	9.86	9.69	9.73	1967307	19618276.00
2013/03/12	9.73	9.78	9.28	9.35	3757657	36481044.00
2013/03/13	9.44	9.61	9.33	9.44	1955594	18880558.00
2013/03/14	9.53	9.53	9.30	9.35	1638651	15727723.00
2013/03/15	9.33	9.52	9.12	9.33	4556402	43422508.00
2013/03/18	9.26	9.35	9.00	9.02	3943851	36953564.00
2013/03/19	9.04	9.13	8.87	9.10	3616519	33352872.00
2013/03/20	9.10	9.43	9.01	9.38	3666439	34834108.00
2013/03/21	9.57	10.13	9.57	9.73	12039019	120976672.00
2013/03/22	9.65	9.75	9.51	9.71	4327024	42626900.00
2013/03/25	9.75	9.91	9.60	9.81	4349470	43589436.00
2013/03/26	9.81	9.85	9.66	9.77	3121705	31061268.00
2013/03/27	9.77	9.90	9.67	9.74	2276774	22686484.00
2013/03/28	9.62	9.63	9.36	9.37	3612096	35004120.00
2013/03/29	9.40	9.58	9.24	9.45	3109706	29958856.00
2013/04/01	9.35	9.56	9.11	9.31	3783689	35923120.00
2013/04/02	9.22	9.35	9.05	9.09	4754415	44727908.00
2013/04/03	9.09	9.25	8.90	8.99	3357200	30988500.00
2013/04/08	8.87	9.00	8.70	9.00	3995399	36209068.00
2013/04/09	8.99	9.08	8.90	8.90	4494507	41267512.00
2013/04/10	8.90	8.94	8.63	8.83	3791021	34084144.00
2013/04/11	8.77	8.95	8.75	8.78	2329531	20983312.00
2013/04/12	8.80	8.85	8.65	8.69	2116040	18913296.00
2013/04/15	8.65	8.91	8.65	8.87	4180986	37554644.00
2013/04/16	8.80	9.16	8.78	9.08	5622024	51749660.00
2013/04/17	9.08	9.08	8.67	8.80	6907372	62397792.00
2013/04/18	8.75	8.91	8.74	8.85	4310708	38999764.00
2013/04/19	8.87	9.15	8.84	9.14	7819321	72161696.00
2013/04/22	9.15	9.33	9.08	9.16	4355231	40832300.00
2013/04/23	9.14	9.14	8.72	8.76	4640733	42142708.00
2013/04/24	8.90	9.05	8.72	8.97	4965658	45174196.00
2013/04/25	8.94	9.44	8.86	9.14	10476089	98462136.00
2013/04/26	9.18	9.20	8.98	9.07	5253788	48619696.00
2013/05/02	8.80	8.94	8.60	8.65	8511810	76375856.00
2013/05/03	8.67	8.89	8.67	8.88	4713847	42529216.00
2013/05/06	8.95	9.14	8.90	9.10	5308596	49021980.00
2013/05/07	9.04	9.07	8.89	8.97	3509893	32146602.00
2013/05/08	9.00	9.04	8.90	8.98	4263672	39085304.00
2013/05/09	8.97	8.97	8.77	8.85	4709489	42680812.00
2013/05/10	8.87	9.24	8.80	9.23	7969014	73918384.00
2013/05/13	9.22	9.41	9.08	9.16	7441331	70180016.00
2013/05/14	9.17	9.17	8.93	9.12	4598860	42452848.00
2013/05/15	9.11	9.16	9.02	9.13	3675637	34146292.00
2013/05/16	9.15	9.34	9.08	9.23	5820887	54777548.00
2013/05/17	9.21	9.35	9.14	9.31	6816366	64513728.00
2013/05/20	9.40	9.41	9.23	9.40	6380639	60763912.00
2013/05/21	9.37	9.45	9.30	9.41	4861687	46556836.00
2013/05/22	9.43	9.68	9.30	9.55	9325507	90421296.00
2013/05/23	9.45	9.51	9.30	9.32	5902599	56662792.00
2013/05/24	9.30	9.38	9.26	9.35	5112036	48627980.00
2013/05/27	9.36	9.39	9.29	9.33	4206339	40134516.00
2013/05/28	9.33	9.43	9.21	9.42	5437885	51773548.00
2013/05/29	9.44	9.66	9.38	9.61	8743249	85380872.00
2013/05/30	9.65	9.88	9.61	9.73	11101894	110564352.00
2013/05/31	9.74	9.88	9.56	9.57	6398525	63533000.00
2013/06/03	9.57	9.76	9.56	9.65	4641646	45796088.00
2013/06/04	9.66	9.85	9.46	9.62	7316109	72293240.00
2013/06/05	9.66	9.70	9.41	9.50	4600650	44838684.00
2013/06/06	9.43	9.51	9.25	9.27	3556912	33892480.00
2013/06/07	9.33	9.33	9.05	9.12	2916950	27270696.00
2013/06/13	8.95	8.96	8.65	8.67	3942519	35264832.00
2013/06/14	8.76	8.79	8.69	8.77	1991449	17801144.00
2013/06/17	8.77	8.80	8.63	8.71	1682137	14983350.00
2013/06/18	8.75	8.84	8.64	8.76	1753536	15493434.00
2013/06/19	8.75	8.75	8.31	8.50	3378779	28963668.00
2013/06/20	8.40	8.57	8.00	8.12	3943217	33034664.00
2013/06/21	8.04	8.14	7.87	8.07	3864244	31249472.00
2013/06/24	8.07	8.07	7.30	7.48	4007116	31284266.00
2013/06/25	7.45	7.52	6.90	7.44	4164672	30841932.00
2013/06/26	7.42	7.69	7.38	7.62	3577728	27241180.00
2013/06/27	7.56	7.77	7.36	7.40	3614736	27738412.00
2013/06/28	7.35	7.60	7.26	7.40	3375033	25402068.00
2013/07/01	7.41	7.52	7.35	7.52	2256612	17015840.00
2013/07/02	7.51	7.58	7.40	7.58	2756736	20951520.00
2013/07/03	7.56	7.61	7.43	7.59	2239129	17056076.00
2013/07/04	7.59	7.85	7.46	7.80	4440370	34509748.00
2013/07/05	7.76	7.99	7.71	7.76	4221120	33414624.00
2013/07/08	7.69	7.69	7.30	7.30	3040579	22963916.00
2013/07/09	7.29	8.04	7.27	7.48	4790170	36499536.00
2013/07/10	7.39	7.76	7.39	7.72	3716848	28646442.00
2013/07/11	7.80	8.08	7.78	8.01	7757092	62545468.00
2013/07/12	8.10	8.22	7.96	7.99	7705540	62884920.00
2013/07/15	8.04	8.11	7.98	8.08	4592300	37403784.00
2013/07/16	8.05	8.10	7.97	8.08	3614001	29370728.00
2013/07/17	8.02	8.08	7.76	7.78	4332180	34893472.00
2013/07/18	7.78	7.82	7.68	7.72	2685307	21019640.00
2013/07/19	7.70	7.75	7.43	7.45	3926760	30340458.00
2013/07/22	7.43	7.65	7.35	7.57	2326923	17710324.00
2013/07/23	7.57	7.84	7.54	7.80	2885496	22602060.00
2013/07/24	7.78	7.87	7.67	7.84	3323480	26120764.00
2013/07/25	7.85	7.96	7.76	7.85	3163581	25160892.00
2013/07/26	7.78	7.86	7.71	7.81	2125417	16765856.00
2013/07/29	7.79	7.79	7.64	7.67	2055533	16062152.00
2013/07/30	7.67	7.95	7.58	7.93	3723514	29370044.00
2013/07/31	7.70	7.84	7.67	7.73	6386091	50040788.00
2013/08/01	7.70	7.84	7.70	7.83	4454448	35129440.00
2013/08/02	7.85	7.97	7.82	7.90	5485266	43887752.00
2013/08/05	7.93	8.07	7.90	8.06	4668896	37761492.00
2013/08/06	8.06	8.10	7.95	8.07	4934441	40093320.00
2013/08/07	8.03	8.08	7.92	7.96	4561497	36956780.00
2013/08/08	7.95	8.02	7.89	7.97	3041621	24499858.00
2013/08/09	7.99	8.11	7.96	8.09	4520441	36829712.00
2013/08/12	8.12	8.32	8.10	8.24	5964934	49467908.00
2013/08/13	8.27	8.27	8.15	8.20	4719103	39161876.00
2013/08/14	8.35	8.48	8.21	8.26	9523712	80497752.00
2013/08/15	8.21	8.24	8.07	8.09	4775939	39374640.00
2013/08/16	8.08	8.29	7.97	7.98	4690425	38370884.00
2013/08/19	7.90	8.19	7.89	8.17	3694228	30211138.00
2013/08/20	8.11	8.20	8.00	8.05	3300703	27077942.00
2013/08/21	8.07	8.10	7.97	8.07	2408825	19585096.00
2013/08/22	8.04	8.23	8.04	8.19	3895488	32063318.00
2013/08/23	8.19	8.21	7.92	8.07	3731702	30493336.00
2013/08/26	8.07	8.20	8.03	8.20	3811006	31389852.00
2013/08/27	8.19	8.25	8.13	8.24	4154296	34449052.00
2013/08/28	8.16	8.18	8.05	8.12	4144424	34057192.00
2013/08/29	8.11	8.15	8.03	8.06	3483280	28443564.00
2013/08/30	8.01	8.11	7.96	8.03	4177768	33999012.00
2013/09/02	8.04	8.10	7.88	8.08	3128386	25348560.00
2013/09/03	8.05	8.18	8.04	8.17	4366957	35943924.00
2013/09/04	8.16	8.21	8.04	8.09	3277248	26972582.00
2013/09/05	8.08	8.15	8.05	8.10	2498876	20503756.00
2013/09/06	8.10	8.18	8.03	8.17	4159285	34119484.00
2013/09/09	8.15	8.30	8.15	8.26	5761683	48029144.00
2013/09/10	8.27	8.38	8.20	8.36	7157882	60066960.00
2013/09/11	8.40	8.45	8.26	8.36	7255416	61308848.00
2013/09/12	8.33	8.54	8.29	8.50	9368824	79936728.00
2013/09/13	8.44	8.84	8.42	8.59	13879455	121061488.00
2013/09/16	8.58	8.68	8.51	8.64	11111362	97000376.00
2013/09/17	8.60	8.64	8.30	8.31	4857738	41466640.00
2013/09/18	8.31	8.62	8.28	8.51	6733838	57683836.00
2013/09/23	8.57	8.82	8.57	8.74	11472814	101260296.00
2013/09/24	8.71	8.87	8.55	8.82	11322491	100307112.00
2013/09/25	8.69	8.90	8.63	8.65	9092906	80326360.00
2013/09/26	8.62	8.63	8.31	8.31	5238007	44776676.00
2013/09/27	8.30	8.40	8.24	8.30	2981007	25106584.00
2013/09/30	8.33	8.40	8.26	8.36	2896071	24359908.00
2013/10/08	8.31	8.53	8.26	8.52	3819111	32605428.00
2013/10/09	8.44	8.56	8.41	8.50	4105903	35176532.00
2013/10/10	8.56	8.56	8.40	8.41	3900230	33365050.00
2013/10/11	8.45	8.59	8.40	8.58	5630521	48447804.00
2013/10/14	8.65	8.81	8.59	8.76	6841674	60362216.00
2013/10/15	8.76	8.76	8.63	8.72	3752066	32921660.00
2013/10/16	8.72	8.88	8.43	8.64	7366927	64736348.00
2013/10/17	8.60	8.75	8.54	8.60	4362001	38043308.00
2013/10/18	8.54	8.61	8.47	8.58	2521365	21800414.00
2013/10/21	8.59	8.68	8.48	8.68	4531607	39375240.00
2013/10/22	8.68	8.68	8.53	8.58	3602147	31348500.00
2013/10/23	8.57	8.64	8.30	8.32	4395393	37469816.00
2013/10/24	8.29	8.37	8.28	8.31	2119786	17852414.00
2013/10/25	8.31	8.34	8.02	8.15	3067890	25447578.00
2013/10/28	8.17	8.17	7.92	8.13	2093904	17101956.00
2013/10/29	8.17	8.19	7.74	7.88	3532870	28414440.00
2013/10/30	7.89	8.04	7.85	8.03	2230415	17966692.00
2013/10/31	8.23	8.24	8.09	8.12	3295923	27146384.00
2013/11/01	8.11	8.18	8.05	8.15	1955880	16062945.00
2013/11/04	8.16	8.18	8.10	8.12	1843708	15189705.00
2013/11/05	8.12	8.13	7.98	8.12	2050008	16737256.00
2013/11/06	8.09	8.17	8.05	8.05	2752016	22572824.00
2013/11/07	8.05	8.17	8.02	8.13	3009972	24671492.00
2013/11/08	8.11	8.16	8.05	8.08	2734111	22450948.00
2013/11/11	8.03	8.13	7.98	8.12	1377117	11250148.00
2013/11/12	8.10	8.18	8.08	8.16	1808217	14898347.00
2013/11/13	8.16	8.26	8.03	8.18	2961772	24351988.00
2013/11/14	8.16	8.35	8.12	8.26	7762570	64811000.00
2013/11/15	8.24	8.42	8.18	8.36	7295791	61586456.00
2013/11/18	8.36	8.51	8.31	8.48	5369271	45855396.00
2013/11/19	8.50	8.50	8.42	8.48	3077937	26356196.00
2013/11/20	8.47	8.54	8.39	8.49	3807837	32543764.00
2013/11/21	8.45	8.45	8.33	8.40	2900264	24613796.00
2013/11/22	8.43	8.43	8.25	8.28	3523404	29738128.00
2013/11/25	8.29	8.38	8.23	8.25	3677841	30842080.00
2013/11/26	8.24	8.33	8.23	8.28	1903121	15944928.00
2013/11/27	8.29	8.40	8.27	8.38	3541703	29929832.00
2013/11/28	8.42	8.51	8.41	8.45	4763293	40816008.00
2013/11/29	8.47	8.49	8.43	8.46	2925089	25044986.00
2013/12/02	8.34	8.41	8.01	8.11	5498032	45691544.00
2013/12/03	8.10	8.31	8.06	8.30	3129283	26034346.00
2013/12/04	8.29	8.58	8.27	8.53	7918476	68030224.00
2013/12/05	8.52	8.64	8.45	8.59	5442700	47072212.00
2013/12/06	8.56	8.62	8.47	8.52	3628754	31300284.00
2013/12/09	8.53	8.73	8.52	8.72	6136561	53790528.00
2013/12/10	8.70	8.94	8.67	8.80	8796340	78380216.00
2013/12/11	8.77	8.77	8.50	8.57	6178403	53785828.00
2013/12/12	8.55	8.66	8.55	8.61	2872346	25005540.00
2013/12/13	8.60	8.72	8.48	8.71	3604224	31567052.00
2013/12/16	8.73	8.78	8.46	8.50	4344962	37844968.00
2013/12/17	8.48	8.54	8.38	8.43	1899635	16246400.00
2013/12/18	8.45	8.51	8.30	8.39	2015675	17169096.00
2013/12/19	8.17	8.21	7.96	7.97	11931209	97539984.00
2013/12/20	7.89	8.00	7.82	7.90	3980613	31852432.00
2013/12/23	7.94	7.95	7.71	7.79	1984848	15710197.00
2013/12/24	7.81	7.92	7.77	7.91	2565477	20425792.00
2013/12/25	7.90	7.95	7.84	7.92	2038011	16279612.00
2013/12/26	7.92	7.92	7.71	7.76	2382811	18796368.00
2013/12/27	7.77	7.93	7.74	7.92	1859568	14783067.00
2013/12/30	8.00	8.02	7.91	8.01	2304701	18585450.00
2013/12/31	7.96	8.02	7.89	8.00	1927637	15562358.00
2014/01/02	8.00	8.03	7.94	7.98	2019023	16319465.00
2014/01/03	7.98	7.98	7.77	7.84	2287417	18153256.00
2014/01/06	7.76	7.76	7.55	7.57	2917732	22493664.00
2014/01/07	7.56	7.63	7.50	7.60	1552409	11913043.00
2014/01/08	7.65	7.66	7.52	7.55	1472175	11322460.00
2014/01/09	7.53	7.62	7.52	7.54	1391401	10671601.00
2014/01/10	7.55	7.55	7.33	7.40	1554072	11692558.00
2014/01/13	7.40	7.43	7.34	7.43	1163645	8725728.00
2014/01/14	7.49	7.65	7.44	7.63	2144896	16468650.00
2014/01/15	7.60	7.66	7.54	7.60	1329015	10215800.00
2014/01/16	7.64	7.70	7.54	7.67	1585924	12275689.00
2014/01/17	7.65	7.67	7.45	7.48	1382643	10574706.00
2014/01/20	7.48	7.53	7.44	7.50	882711	6694313.00
2014/01/21	7.50	7.66	7.47	7.65	1129549	8692865.00
2014/01/22	7.64	7.84	7.64	7.82	2137551	16880036.00
2014/01/23	7.82	7.86	7.77	7.81	1349114	10662325.00
2014/01/24	7.72	7.89	7.72	7.86	1686726	13405915.00
2014/01/27	7.82	7.86	7.75	7.79	1635452	12926004.00
2014/01/28	7.81	7.83	7.73	7.78	1159152	9123793.00
2014/01/29	7.81	7.85	7.74	7.80	1723426	13581264.00
2014/01/30	7.78	7.80	7.67	7.70	1466197	11451958.00
2014/02/07	7.69	7.96	7.57	7.96	2994027	23750880.00
2014/02/10	7.99	8.24	7.95	8.17	4326795	35625136.00
2014/02/11	8.17	8.22	8.10	8.17	2914986	24065360.00
2014/02/12	8.16	8.27	8.13	8.23	3506321	29097528.00
2014/02/13	8.23	8.23	8.09	8.11	2484680	20520152.00
2014/02/14	8.08	8.22	8.08	8.20	2080755	17194600.00
2014/02/17	8.22	8.37	8.20	8.36	3806323	31985680.00
2014/02/18	8.29	8.49	8.25	8.47	4880795	41531752.00
2014/02/19	8.43	8.45	8.31	8.40	2634218	22370684.00
2014/02/20	8.48	8.48	8.18	8.20	3464052	29123764.00
2014/02/21	8.18	8.24	8.02	8.13	2640604	21732124.00
2014/02/24	8.10	8.14	8.01	8.14	2623023	21458836.00
2014/02/25	8.10	8.22	7.69	7.84	3247538	26433380.00
2014/02/26	7.79	7.89	7.73	7.88	2307824	18231138.00
2014/02/27	7.88	7.96	7.76	7.77	2355600	18819346.00
2014/02/28	7.78	7.95	7.69	7.94	2193759	17457544.00
2014/03/03	7.94	8.14	7.94	8.09	2378937	19432630.00
2014/03/04	8.06	8.13	8.01	8.12	1799461	14704247.00
2014/03/05	8.13	8.15	8.06	8.08	1743168	14306608.00
2014/03/06	8.03	8.31	8.02	8.23	3588894	29812508.00
2014/03/07	8.24	8.33	8.08	8.19	2786870	23035844.00
2014/03/10	8.12	8.12	7.78	7.82	2500070	20115280.00
2014/03/11	7.81	8.39	7.79	8.32	5251220	43300024.00
2014/03/12	8.34	8.37	8.06	8.24	4061735	33862084.00
2014/03/13	8.20	8.46	8.15	8.36	5855776	49384888.00
2014/03/14	8.27	8.37	8.15	8.24	3208318	26825424.00
2014/03/17	8.24	8.40	8.21	8.39	3321056	27960986.00
2014/03/18	8.37	8.40	8.27	8.30	3097113	26091580.00
2014/03/19	8.28	8.58	8.17	8.49	5462203	46493868.00
2014/03/20	8.43	8.51	8.27	8.28	3852176	32715616.00
2014/03/21	8.24	8.51	8.19	8.47	4128593	34993280.00
2014/03/24	8.43	8.58	8.43	8.50	3907402	33599360.00
2014/03/25	8.50	8.66	8.50	8.62	5057807	43979548.00
2014/03/26	8.64	8.65	8.45	8.50	3201156	27608860.00
2014/03/27	8.55	8.55	8.34	8.36	3235482	27616492.00
2014/03/28	8.35	8.45	8.29	8.36	2655768	22468378.00
2014/03/31	8.36	8.42	8.21	8.30	2541357	21279304.00
2014/04/01	8.28	8.40	8.26	8.38	2007739	16958240.00
2014/04/02	8.38	8.49	8.36	8.42	2681236	22887532.00
2014/04/03	8.43	8.43	8.22	8.30	2486188	20915334.00
2014/04/04	8.28	8.41	8.23	8.39	1933970	16354030.00
2014/04/08	8.36	8.54	8.34	8.50	3043418	26076804.00
2014/04/09	8.48	8.53	8.45	8.52	2323938	19969532.00
2014/04/10	8.53	8.57	8.47	8.54	3493996	30116630.00
2014/04/11	8.53	8.65	8.46	8.62	5403693	46898328.00
2014/04/14	8.61	8.65	8.53	8.64	2878756	25014048.00
2014/04/15	8.64	8.65	8.47	8.49	3258407	28109464.00
2014/04/16	8.48	8.52	8.42	8.47	2348545	20107796.00
2014/04/17	8.47	8.51	8.44	8.45	1550181	13281554.00
2014/04/18	8.47	8.57	8.40	8.56	2310177	19840536.00
2014/04/21	8.52	8.57	8.35	8.38	2339504	20090730.00
2014/04/22	8.38	8.40	8.20	8.37	2788300	23399574.00
2014/04/23	8.33	8.39	8.20	8.29	1457274	12246134.00
2014/04/24	8.26	8.40	8.25	8.27	1531689	12892836.00
2014/04/25	8.28	8.34	8.00	8.06	2526055	20946332.00
2014/04/28	8.06	8.06	7.88	7.91	1720842	13833104.00
2014/04/29	8.02	8.18	7.98	8.11	2447438	20042106.00
2014/04/30	8.09	8.19	8.06	8.16	1564270	12860094.00
2014/05/05	8.12	8.32	8.11	8.29	2472541	20613950.00
2014/05/06	8.31	8.38	8.24	8.31	2400379	20202126.00
2014/05/07	8.28	8.63	8.25	8.40	6046350	51893924.00
2014/05/08	8.38	8.56	8.35	8.41	2823161	24185472.00
2014/05/09	8.41	8.48	8.26	8.30	1896261	16034244.00
2014/05/12	8.40	8.54	8.33	8.52	3409170	29232876.00
2014/05/13	8.50	8.58	8.45	8.49	2383619	20524920.00
2014/05/14	8.49	8.54	8.43	8.47	1525079	13080679.00
2014/05/15	8.47	8.51	8.32	8.33	1985128	16865180.00
2014/05/16	8.30	8.38	8.27	8.38	1697647	14305194.00
2014/05/19	8.35	8.55	8.23	8.54	2783501	23707932.00
2014/05/20	8.55	8.64	8.48	8.51	2752282	23875212.00
2014/05/21	8.48	8.72	8.41	8.67	5234397	45641304.00
2014/05/22	8.68	8.72	8.61	8.62	4599517	40301136.00
2014/05/23	8.64	8.69	8.57	8.64	3000737	26179716.00
2014/05/26	8.63	8.78	8.58	8.76	5231810	46063356.00
2014/05/27	8.75	8.78	8.53	8.55	3817966	33376530.00
2014/05/28	8.54	8.67	8.48	8.66	3261974	28322188.00
2014/05/29	8.62	8.70	8.51	8.54	2736028	23830060.00
2014/05/30	8.52	8.64	8.47	8.63	2720078	23574304.00
2014/06/03	8.65	8.66	8.49	8.50	2487831	21595796.00
2014/06/04	8.48	8.51	8.33	8.40	2831689	24058918.00
2014/06/05	8.37	8.48	8.35	8.46	2117779	18028724.00
2014/06/06	8.46	8.47	8.33	8.39	2364552	20122064.00
2014/06/09	8.35	8.47	8.35	8.40	1478303	12577607.00
2014/06/10	8.44	8.64	8.36	8.60	4046870	35006128.00
2014/06/11	8.58	8.63	8.53	8.61	2559721	22225426.00
2014/06/12	8.78	8.87	8.67	8.71	7122528	62992712.00
2014/06/13	8.66	8.79	8.66	8.78	5174150	45698168.00
2014/06/16	8.77	8.85	8.71	8.76	3914407	34716200.00
2014/06/17	8.73	8.73	8.61	8.63	2593459	22682912.00
2014/06/18	8.63	8.71	8.59	8.70	3251754	28484164.00
2014/06/19	8.71	8.73	8.36	8.38	3809256	32831568.00
2014/06/20	8.38	8.43	8.28	8.39	2204325	18680536.00
2014/06/23	8.50	8.56	8.46	8.51	2347684	20201746.00
2014/06/24	8.48	8.52	8.44	8.51	1990182	17068312.00
2014/06/25	8.50	8.50	8.37	8.41	1908110	16220700.00
2014/06/26	8.41	8.55	8.41	8.53	2014927	17336444.00
2014/06/27	8.53	8.78	8.51	8.72	5589349	49039060.00
2014/06/30	8.72	9.50	8.68	9.24	14799456	136126160.00
2014/07/01	9.22	9.53	9.00	9.14	11458380	105860976.00
2014/07/02	9.15	9.15	8.96	9.09	5535379	50618088.00
2014/07/03	9.06	9.18	9.04	9.08	4989475	45924404.00
2014/07/04	9.09	9.20	9.04	9.12	3546814	32648348.00
2014/07/07	9.14	9.14	8.99	9.04	3132017	28672320.00
2014/07/08	9.08	9.34	9.03	9.24	5245679	48787892.00
2014/07/09	9.25	9.26	9.01	9.04	4719052	43527600.00
2014/07/10	9.03	9.10	9.00	9.04	2694112	24620578.00
2014/07/11	9.03	9.14	9.00	9.04	2499433	22946660.00
2014/07/14	9.07	9.31	9.07	9.25	5227622	48780252.00
2014/07/15	9.25	9.34	9.16	9.25	3879666	36243140.00
2014/07/16	9.30	9.55	9.25	9.34	6977159	66374144.00
2014/07/17	9.35	9.46	9.26	9.35	4547546	42951788.00
2014/07/18	9.36	9.63	9.28	9.57	6773595	65270900.00
2014/07/21	9.63	9.66	9.42	9.46	4022378	38619868.00
2014/07/22	9.46	9.51	9.31	9.50	4733989	45053464.00
2014/07/23	9.52	9.55	9.23	9.28	4467325	42293532.00
2014/07/24	9.29	9.43	9.27	9.38	3079260	29096548.00
2014/07/25	9.45	9.45	9.33	9.41	2358505	22123098.00
2014/07/28	9.43	9.70	9.43	9.69	6774894	65011472.00
2014/07/29	9.70	9.74	9.58	9.63	4587065	44292500.00
2014/07/30	9.61	9.71	9.57	9.70	3377755	32505852.00
2014/07/31	9.71	9.77	9.61	9.72	3686101	35709756.00
2014/08/01	9.70	9.71	9.48	9.49	6172252	59147156.00
2014/08/04	9.50	9.66	9.50	9.65	3903472	37527156.00
2014/08/05	9.70	9.72	9.57	9.72	4332063	41765320.00
2014/08/06	9.68	9.98	9.64	9.89	7161267	70508728.00
2014/08/07	9.85	9.96	9.68	9.73	4472801	43932644.00
2014/08/08	9.74	10.08	9.74	9.98	5234402	52021276.00
2014/08/11	10.02	10.29	10.00	10.20	6151743	62729504.00
2014/08/12	10.16	10.16	9.96	10.05	7528927	75631688.00
2014/08/13	10.02	10.25	10.00	10.20	5741159	58205748.00
2014/08/14	10.20	10.38	10.08	10.10	7989813	81946824.00
2014/08/15	10.07	10.17	9.98	10.11	5143197	51876112.00
2014/08/18	10.14	10.25	10.07	10.21	4245299	43142336.00
2014/08/19	10.21	10.32	10.14	10.28	4833610	49479616.00
2014/08/20	10.28	10.37	10.22	10.28	4095949	42210680.00
2014/08/21	10.26	10.28	10.04	10.14	5216141	52847732.00
2014/08/22	10.14	10.16	10.03	10.13	3696461	37295864.00
2014/08/25	10.09	10.17	10.07	10.09	3157572	31948636.00
2014/08/26	10.09	10.12	9.66	9.68	7933790	78282480.00
2014/08/27	9.68	9.80	9.66	9.70	2532575	24626970.00
2014/08/28	9.70	9.78	9.53	9.65	3055532	29467254.00
2014/08/29	9.65	9.84	9.63	9.83	2432198	23689932.00
2014/09/01	9.81	10.01	9.81	10.01	2783191	27641474.00
2014/09/02	10.02	10.17	9.96	10.14	5116670	51422172.00
2014/09/03	10.16	10.19	10.06	10.10	4504319	45598388.00
2014/09/04	10.13	10.26	10.11	10.20	4054453	41361888.00
2014/09/05	10.19	10.27	10.18	10.21	4217349	43056360.00
2014/09/09	10.22	10.64	10.13	10.57	9090188	94808088.00
2014/09/10	10.48	10.54	10.38	10.48	4558749	47680720.00
2014/09/11	10.46	10.83	10.45	10.52	8301375	88335704.00
2014/09/12	10.52	10.55	10.35	10.54	6266306	65506864.00
2014/09/15	10.50	10.76	10.50	10.73	6358069	67666456.00
2014/09/16	10.71	10.78	10.29	10.32	7389316	77625384.00
2014/09/17	10.37	10.43	10.20	10.39	4785255	49430112.00
2014/09/18	10.40	10.64	10.31	10.59	4958297	52129616.00
2014/09/19	10.58	10.64	10.47	10.61	3843649	40608036.00
2014/09/22	10.52	10.60	10.34	10.40	4339459	45260328.00
2014/09/23	10.40	10.55	10.38	10.51	4150939	43460976.00
2014/09/24	10.50	10.86	10.46	10.78	7526021	80423544.00
2014/09/25	10.81	10.82	10.56	10.64	5722518	61304640.00
2014/09/26	10.60	10.79	10.52	10.70	3909989	41799560.00
2014/09/29	10.72	11.03	10.72	10.99	8231400	89689568.00
2014/09/30	10.96	11.05	10.86	10.97	4325824	47314752.00
2014/10/08	10.98	11.16	10.87	11.08	5279522	58205696.00
2014/10/09	11.07	11.16	10.85	10.99	7128413	78322656.00
2014/10/10	10.90	11.13	10.87	10.95	5020003	55184448.00
2014/10/13	11.10	12.05	11.10	12.05	23296794	277993024.00
2014/10/14	12.38	13.03	12.12	12.76	33732977	426550208.00
2014/10/15	12.72	13.38	12.42	13.20	19527646	251488672.00
2014/10/16	12.87	13.08	12.50	12.52	13785295	176149920.00
2014/10/17	12.45	12.72	12.35	12.46	8804106	110262280.00
2014/10/20	12.53	12.62	12.26	12.61	5373133	66918056.00
2014/10/21	12.59	13.10	12.46	12.92	12046354	155271344.00
2014/10/22	12.87	12.98	12.58	12.59	5467095	69797680.00
2014/10/23	12.57	12.57	12.00	12.05	6216493	75804512.00
2014/10/24	11.99	12.29	11.98	12.14	3461813	41923792.00
2014/10/27	12.10	12.46	12.10	12.19	3082638	37824448.00
2014/10/28	12.45	12.97	12.39	12.88	6810889	86618912.00
2014/10/29	13.00	13.15	12.81	13.00	7013813	91002000.00
2014/10/30	13.00	13.08	12.83	12.90	5487231	70972432.00
2014/10/31	12.98	12.98	12.53	12.73	7973636	101620016.00
2014/11/03	12.72	13.61	12.72	13.55	10280606	135648352.00
2014/11/04	13.45	13.78	13.21	13.51	6396673	85964160.00
2014/11/05	13.50	13.59	12.94	12.99	7424509	97926272.00
2014/11/06	12.96	13.15	12.75	13.06	4680505	60472764.00
2014/11/07	13.03	13.19	12.76	12.80	5758186	74892344.00
2014/11/10	12.98	13.27	12.94	13.16	5975966	78184760.00
2014/11/11	13.16	13.30	12.28	12.50	10613181	134988800.00
2014/11/12	12.49	12.74	12.33	12.72	3722759	46815908.00
2014/11/13	12.68	12.72	12.40	12.55	3525627	44214248.00
2014/11/14	12.55	12.60	12.02	12.16	9056072	110910280.00
2014/11/17	12.15	12.41	12.15	12.28	4256360	52354136.00
2014/11/18	12.28	12.57	12.20	12.49	4060684	50482488.00
2014/11/19	12.49	12.59	12.35	12.47	3139905	39208196.00
2014/11/20	12.46	12.53	12.35	12.40	2980402	37029736.00
2014/11/21	12.40	12.58	12.32	12.53	3783716	47129352.00
2014/11/24	12.68	12.85	12.56	12.71	5085899	64634848.00
2014/11/25	12.73	13.08	12.69	13.07	6188459	79731208.00
2014/11/26	13.04	13.41	12.97	13.16	7020850	92465600.00
2014/11/27	13.20	13.44	13.03	13.17	7571637	100071680.00
2014/11/28	13.15	13.33	12.83	13.08	7834988	102349552.00
2014/12/01	13.37	13.78	13.10	13.42	10863699	145609456.00
2014/12/02	13.21	13.45	13.16	13.38	8578438	114157952.00
2014/12/03	13.39	13.45	13.05	13.29	10485769	138198336.00
2014/12/04	13.27	13.70	13.22	13.66	13331871	179766720.00
2014/12/05	13.69	13.69	12.90	13.14	9859346	130567264.00
2014/12/08	13.02	13.28	12.91	13.13	9497415	124400984.00
2014/12/09	13.14	13.84	12.86	13.28	15362423	205380112.00
2014/12/10	13.28	14.61	13.02	14.61	17894448	252426160.00
2014/12/11	14.68	14.95	14.27	14.57	15127748	220468896.00
2014/12/12	14.56	14.56	14.16	14.37	8864641	126799080.00
2014/12/15	12.98	13.65	12.93	13.35	35891322	472582976.00
2014/12/16	13.45	13.68	13.35	13.48	17105157	230943552.00
2014/12/17	13.46	13.46	12.93	13.11	13861424	181976208.00
2014/12/18	13.08	13.36	12.95	13.06	8851827	116232664.00
2014/12/19	13.15	13.19	12.31	12.71	14287676	180554416.00
2014/12/22	12.71	12.79	12.02	12.14	10948985	134439184.00
2014/12/23	12.12	12.35	12.05	12.18	5586573	68380120.00
2014/12/24	12.25	12.47	12.06	12.42	6042816	74246688.00
2014/12/25	12.40	12.64	12.36	12.60	5533370	69382184.00
2014/12/26	12.59	12.68	12.47	12.60	5862776	73682504.00
2014/12/29	12.62	12.64	12.11	12.14	9207205	113230520.00
2014/12/30	12.07	12.27	12.05	12.19	5079146	61720888.00
2014/12/31	12.16	12.25	12.10	12.24	4110461	50078488.00
2015/01/05	12.27	13.15	12.27	12.86	12014428	154287184.00
2015/01/06	12.80	13.33	12.73	13.25	11754196	154454960.00
2015/01/07	13.24	13.37	12.98	13.27	6918663	91276024.00
2015/01/08	13.25	13.31	12.98	13.15	8072080	105976408.00
2015/01/09	13.10	13.33	13.02	13.05	5567093	73507392.00
2015/01/12	13.50	13.57	13.12	13.18	8317680	110743904.00
2015/01/13	13.19	14.50	13.19	14.15	16800539	233714256.00
2015/01/14	14.04	14.34	13.92	13.99	10579906	149535824.00
2015/01/15	13.97	14.98	13.92	14.79	14950889	219493200.00
2015/01/16	14.51	15.20	14.22	14.98	17246399	254104976.00
2015/01/19	14.53	15.14	14.10	14.26	12478542	182353456.00
2015/01/20	14.65	14.95	14.32	14.72	9674837	141698544.00
2015/01/21	14.70	15.10	14.61	14.95	7246655	108079008.00
2015/01/22	14.90	15.05	14.64	14.98	6996583	103988656.00
2015/01/23	15.00	15.02	14.26	14.43	9885275	144218848.00
2015/01/26	14.21	14.75	14.21	14.63	7822439	114042152.00
2015/01/27	14.62	15.80	14.54	15.67	15156146	231413184.00
2015/01/28	15.43	15.76	15.30	15.47	9162372	142161600.00
2015/01/29	15.44	15.47	15.10	15.30	5582118	85095080.00
2015/01/30	15.26	15.43	15.10	15.17	5525241	84240032.00
2015/02/02	14.90	15.14	14.65	14.75	5561972	82316272.00
2015/02/03	14.75	14.93	14.61	14.89	3356823	49626212.00
2015/02/04	14.82	14.97	14.61	14.66	4038371	59746728.00
2015/02/05	14.89	14.98	14.41	14.47	4867919	71682056.00
2015/02/06	14.41	14.58	14.00	14.20	4512145	64329184.00
2015/02/09	14.11	14.29	14.08	14.17	2647058	37569224.00
2015/02/10	14.20	14.60	14.12	14.50	3974275	57421796.00
2015/02/11	14.50	14.67	14.44	14.53	2877271	41894528.00
2015/02/12	14.65	14.68	14.47	14.57	2068492	30111884.00
2015/02/13	14.68	15.05	14.59	14.76	3829234	56952792.00
2015/02/16	14.78	14.97	14.66	14.82	3023252	44679624.00
2015/02/17	14.86	15.30	14.82	15.11	4144464	62287048.00
2015/02/25	15.03	15.78	15.03	15.40	4685993	72131432.00
2015/02/26	15.36	15.39	15.00	15.30	4411671	67013644.00
2015/02/27	15.31	15.50	15.21	15.27	3369995	51582492.00
2015/03/02	15.29	15.42	14.90	15.11	8203948	124069472.00
2015/03/03	15.09	15.73	14.94	15.52	8535500	131249024.00
2015/03/04	15.52	16.07	15.52	15.94	8911812	141493776.00
2015/03/05	15.88	16.66	15.82	16.31	10753468	175405360.00
2015/03/06	16.31	16.65	15.82	15.87	8122295	131226032.00
2015/03/09	15.76	16.48	15.59	16.10	5676011	91356272.00
2015/03/10	16.01	17.50	16.00	17.05	10526169	176780784.00
2015/03/11	17.21	17.90	16.80	16.93	14475792	249775232.00
2015/03/12	17.30	17.72	16.70	17.03	12026462	206893536.00
2015/03/13	17.30	17.88	17.05	17.86	9552145	166655152.00
2015/03/16	18.01	19.07	18.01	18.88	12119708	225968816.00
2015/03/17	18.83	18.98	18.36	18.46	8851315	164646256.00
2015/03/18	18.48	19.60	18.48	19.43	12480446	239017920.00
2015/03/19	19.37	19.71	18.95	19.55	9570467	184638976.00
2015/03/24	21.51	21.51	21.51	21.51	2071570	44559472.00
2015/03/25	23.66	23.66	21.78	23.66	29188802	670449664.00
2015/03/26	23.08	23.66	21.91	22.64	19006477	434886880.00
2015/03/27	22.05	22.74	21.95	22.16	9237502	204896192.00
2015/03/30	21.71	21.95	21.00	21.20	19925215	424037696.00
2015/03/31	21.40	21.63	21.06	21.48	12011634	256445856.00
2015/04/01	21.49	21.85	21.24	21.67	8799666	190081232.00
2015/04/02	21.80	23.00	21.69	22.50	13998326	313995040.00
2015/04/03	22.50	23.50	22.32	22.92	11298833	260061296.00
2015/04/07	22.90	22.91	21.98	22.49	16725769	372781824.00
2015/04/08	22.50	22.54	21.20	21.58	15037981	326700480.00
2015/04/09	21.52	21.57	20.55	21.19	10824209	227817808.00
2015/04/10	21.19	21.54	20.87	21.42	13079874	278561536.00
2015/04/13	21.31	21.97	21.25	21.91	11801230	256741168.00
2015/04/14	21.97	23.81	21.78	23.58	22671513	522413344.00
2015/04/15	23.35	24.09	22.44	23.31	18905551	438220576.00
2015/04/16	22.90	24.09	22.62	23.36	10897261	257190096.00
2015/04/17	23.41	24.68	23.15	24.16	16816730	404106592.00
2015/04/20	23.99	24.54	22.61	22.71	15435712	364523424.00
2015/04/21	21.73	22.20	21.32	21.91	19672689	427522464.00
2015/04/22	22.01	22.44	21.97	22.06	16604026	368126496.00
2015/04/23	22.10	22.43	21.66	22.16	13396701	295781600.00
2015/04/24	22.17	22.17	21.36	21.88	13273452	289163328.00
2015/04/27	21.99	22.50	21.99	22.15	13205004	293207136.00
2015/04/28	22.22	22.89	22.00	22.87	16343068	365885344.00
2015/04/29	22.66	23.82	22.40	23.19	15365742	356706496.00
2015/04/30	22.90	22.90	21.85	21.88	19777912	438937856.00
2015/05/05	21.16	21.16	21.16	21.16	0	0.00
数据来源:通达信
