600170 上海建工 日线 前复权
      日期	    开盘	    最高	    最低	    收盘	    成交量	    成交额
2011/10/11	3.03	3.04	2.85	2.90	4613115	47366032.00
2011/10/12	2.88	3.02	2.87	3.01	4193374	43133072.00
2011/10/13	3.02	3.04	3.00	3.03	5110630	53241856.00
2011/10/14	3.02	3.07	3.01	3.03	3555780	37151176.00
2011/10/17	3.04	3.07	3.01	3.03	3765336	39418928.00
2011/10/18	3.01	3.02	2.95	2.95	3570440	36765844.00
2011/10/19	2.95	3.00	2.95	2.96	1828310	18789908.00
2011/10/20	2.96	2.96	2.85	2.88	3061757	30660552.00
2011/10/21	2.87	2.93	2.84	2.86	1734947	17348988.00
2011/10/24	2.86	2.88	2.69	2.86	4750139	46368912.00
2011/10/25	2.84	2.96	2.83	2.95	3987070	40145240.00
2011/10/26	2.91	3.03	2.90	2.98	4313134	44442952.00
2011/10/27	3.03	3.08	2.99	3.00	4596109	48166044.00
2011/10/28	3.03	3.10	3.01	3.06	5944603	62508356.00
2011/10/31	3.08	3.13	3.06	3.10	7293710	77496952.00
2011/11/01	3.06	3.12	3.05	3.11	4951573	52569992.00
2011/11/02	3.05	3.13	3.02	3.12	6175721	65457632.00
2011/11/03	3.15	3.19	3.13	3.15	8132882	88472808.00
2011/11/04	3.17	3.23	3.16	3.21	7211904	78921720.00
2011/11/07	3.21	3.28	3.20	3.21	7021936	77936304.00
2011/11/08	3.21	3.22	3.10	3.11	5869712	63534912.00
2011/11/09	3.13	3.18	3.03	3.17	6167702	66058064.00
2011/11/10	3.11	3.12	3.08	3.09	4688178	50035656.00
2011/11/11	3.10	3.13	3.09	3.12	2421969	25896950.00
2011/11/14	3.14	3.16	3.12	3.16	4369406	47286916.00
2011/11/15	3.16	3.21	3.14	3.19	3958749	43292152.00
2011/11/16	3.19	3.21	3.07	3.09	4340653	46722540.00
2011/11/17	3.07	3.10	3.04	3.05	2519464	26609156.00
2011/11/18	3.03	3.03	2.91	2.94	3893720	39711192.00
2011/11/21	2.94	2.98	2.90	2.96	2117397	21513012.00
2011/11/22	2.92	2.94	2.88	2.93	1483080	14955576.00
2011/11/23	2.93	2.95	2.88	2.90	1514056	15259756.00
2011/11/24	2.85	2.91	2.85	2.88	1519083	15171631.00
2011/11/25	2.86	2.90	2.85	2.88	1098072	10973713.00
2011/11/28	2.89	2.91	2.87	2.89	1382685	13818217.00
2011/11/29	2.93	2.94	2.89	2.94	1591880	16068014.00
2011/11/30	2.95	2.95	2.75	2.76	3754080	36667012.00
2011/12/01	2.85	2.89	2.81	2.83	3269244	32370004.00
2011/12/02	2.80	2.83	2.74	2.75	2467714	23733120.00
2011/12/05	2.76	2.79	2.68	2.69	2136057	20176588.00
2011/12/06	2.69	2.70	2.60	2.66	2044981	18988144.00
2011/12/07	2.65	2.67	2.64	2.66	1135822	10546261.00
2011/12/08	2.64	2.68	2.60	2.66	1959503	18118052.00
2011/12/09	2.64	2.66	2.60	2.60	1562800	14356119.00
2011/12/12	2.60	2.61	2.55	2.56	2601773	23547092.00
2011/12/13	2.56	2.56	2.43	2.43	4119339	35877316.00
2011/12/14	2.43	2.43	2.33	2.33	5709126	47898932.00
2011/12/15	2.31	2.32	2.25	2.26	3625269	29512814.00
2011/12/16	2.26	2.33	2.23	2.32	4267414	34641652.00
2011/12/19	2.31	2.31	2.25	2.30	3052092	24777352.00
2011/12/20	2.30	2.36	2.30	2.33	3524421	29250268.00
2011/12/21	2.36	2.37	2.27	2.28	2455664	20271436.00
2011/12/22	2.25	2.31	2.22	2.28	3722789	29904264.00
2011/12/23	2.28	2.37	2.28	2.35	5164876	42842208.00
2011/12/26	2.34	2.40	2.34	2.36	3936916	33100392.00
2011/12/27	2.56	2.56	2.41	2.46	13889395	122346752.00
2011/12/28	2.39	2.48	2.36	2.48	6119425	52420644.00
2011/12/29	2.46	2.55	2.45	2.51	6621429	58821608.00
2011/12/30	2.53	2.54	2.50	2.52	4042136	35883588.00
2012/01/04	2.55	2.55	2.37	2.38	4850129	42191176.00
2012/01/06	2.29	2.38	2.28	2.38	3462909	28569760.00
2012/01/09	2.38	2.53	2.34	2.52	5844126	50790908.00
2012/01/10	2.52	2.64	2.49	2.63	9679136	87814472.00
2012/01/11	2.63	2.63	2.56	2.62	7252835	65970760.00
2012/01/12	2.63	2.75	2.63	2.65	10439315	97964960.00
2012/01/13	2.62	2.64	2.54	2.56	5997509	54350820.00
2012/01/16	2.54	2.60	2.51	2.55	2614454	23508952.00
2012/01/17	2.54	2.72	2.54	2.71	8963967	83312064.00
2012/01/18	2.70	2.74	2.64	2.66	6086118	57069888.00
2012/01/19	2.67	2.72	2.64	2.68	5531046	51965360.00
2012/01/20	2.71	2.72	2.66	2.72	4663657	43993112.00
2012/01/30	2.69	2.74	2.67	2.67	4457808	41946504.00
2012/01/31	2.68	2.69	2.59	2.65	3270932	30261940.00
2012/02/01	2.64	2.67	2.59	2.60	2147300	19722680.00
2012/02/02	2.61	2.65	2.60	2.65	2893865	26630764.00
2012/02/03	2.64	2.71	2.63	2.70	5034020	47058968.00
2012/02/06	2.70	2.72	2.67	2.70	4887704	46000128.00
2012/02/07	2.67	2.68	2.64	2.66	3494405	32408368.00
2012/02/08	2.65	2.74	2.65	2.74	7496610	70710928.00
2012/02/09	2.73	2.79	2.72	2.75	6907349	66479220.00
2012/02/10	2.73	2.82	2.73	2.78	7060820	68442696.00
2012/02/13	2.75	2.88	2.72	2.87	8857282	86146544.00
2012/02/14	2.84	2.88	2.80	2.83	5859241	57635172.00
2012/02/15	2.82	2.87	2.78	2.85	5572578	54752536.00
2012/02/16	2.86	2.88	2.82	2.84	4591890	45302452.00
2012/02/17	2.86	2.87	2.78	2.80	4306823	42168748.00
2012/02/20	2.86	2.86	2.80	2.80	4457157	43841372.00
2012/02/21	2.81	2.83	2.77	2.82	3442314	33504094.00
2012/02/22	2.82	2.90	2.82	2.90	8065954	80353944.00
2012/02/23	2.89	2.91	2.86	2.88	6316522	63092832.00
2012/02/24	2.88	2.97	2.87	2.97	10226580	103857360.00
2012/02/27	3.00	3.04	2.95	2.95	10490071	108532752.00
2012/02/28	2.96	2.98	2.91	2.96	7523234	76799056.00
2012/02/29	2.94	2.96	2.88	2.88	6195230	62384164.00
2012/03/01	2.88	2.93	2.88	2.90	3233545	32435238.00
2012/03/02	2.91	2.97	2.90	2.97	5286066	53859096.00
2012/03/05	2.98	3.00	2.95	2.96	5330402	54757292.00
2012/03/06	2.99	3.15	2.97	3.06	17186981	182126912.00
2012/03/07	3.02	3.08	2.98	3.02	7772954	81187920.00
2012/03/08	3.04	3.16	3.04	3.13	10160817	109081440.00
2012/03/09	3.16	3.23	3.09	3.22	12556301	136902960.00
2012/03/12	3.24	3.29	3.21	3.24	9469526	105231360.00
2012/03/13	3.24	3.24	3.18	3.22	7754800	85290480.00
2012/03/14	3.23	3.25	2.97	3.02	12935956	140255968.00
2012/03/15	3.02	3.07	2.93	2.98	7248770	74905312.00
2012/03/16	3.03	3.09	3.00	3.09	7070124	74272816.00
2012/03/19	3.11	3.17	3.08	3.15	6489034	69976312.00
2012/03/20	3.15	3.15	3.04	3.04	5125101	54350928.00
2012/03/21	3.06	3.16	3.04	3.14	6442977	68916072.00
2012/03/22	3.13	3.20	3.11	3.16	6219979	67500904.00
2012/03/23	3.15	3.15	3.02	3.07	5429634	57653636.00
2012/03/26	3.07	3.22	3.07	3.21	9215322	99994472.00
2012/03/27	3.43	3.52	3.34	3.39	27321914	319198048.00
2012/03/28	3.37	3.62	3.36	3.52	30123102	360061856.00
2012/03/29	3.46	3.61	3.41	3.51	21114140	253263216.00
2012/03/30	3.52	3.55	3.37	3.45	13345250	157645728.00
2012/04/05	3.44	3.79	3.42	3.74	19926303	247759504.00
2012/04/06	3.72	3.83	3.65	3.81	17242548	219262240.00
2012/04/09	3.80	3.87	3.71	3.71	13492343	173036272.00
2012/04/10	3.69	3.73	3.54	3.72	13635269	168581952.00
2012/04/11	3.65	3.76	3.63	3.68	10028391	125597928.00
2012/04/12	3.69	3.84	3.65	3.83	13614223	173874400.00
2012/04/13	3.81	3.88	3.76	3.77	10731597	138010864.00
2012/04/17	3.79	4.00	3.79	3.89	16827275	222450640.00
2012/04/18	3.90	3.96	3.85	3.94	10104772	133641496.00
2012/04/19	3.94	3.97	3.88	3.94	7437467	98544504.00
2012/04/20	3.93	3.96	3.87	3.94	8335875	110210128.00
2012/04/23	3.94	3.97	3.74	3.75	13993465	181147584.00
2012/04/24	3.74	3.87	3.71	3.82	9921229	127413040.00
2012/04/25	3.80	3.87	3.76	3.84	7807774	101028600.00
2012/04/26	3.84	4.23	3.84	4.17	24692836	338123136.00
2012/05/02	4.22	4.61	4.13	4.45	22031701	326864512.00
2012/05/03	4.42	4.56	4.39	4.47	14115766	211062976.00
2012/05/04	4.46	4.96	4.41	4.96	34554689	549047936.00
2012/05/07	4.98	5.48	4.98	5.48	58268913	1022929920.00
2012/05/08	5.48	5.86	5.29	5.38	75495461	1376100736.00
2012/05/09	5.29	5.38	5.17	5.32	39320588	687359872.00
2012/05/10	5.40	5.71	5.33	5.38	54329382	490638976.00
2012/05/11	5.16	5.19	4.82	4.83	100050671	818074240.00
2012/05/14	4.81	4.92	4.74	4.81	55916911	445946592.00
2012/05/15	4.72	4.92	4.60	4.90	57710583	458271520.00
2012/05/16	4.85	4.85	4.62	4.65	49789390	389184672.00
2012/05/17	4.65	4.76	4.60	4.72	35647363	277322720.00
2012/05/18	4.65	4.69	4.41	4.48	50456592	379485376.00
2012/05/21	4.46	4.53	4.41	4.45	27698471	205429472.00
2012/05/22	4.49	4.68	4.42	4.64	51288301	389819552.00
2012/05/23	4.59	4.63	4.44	4.52	36692251	275553152.00
2012/05/24	4.51	4.62	4.48	4.53	25522034	192705104.00
2012/05/25	4.55	4.56	4.44	4.46	21370848	158653296.00
2012/05/28	4.44	4.93	4.42	4.93	72075372	560927040.00
2012/05/29	4.95	5.04	4.72	4.87	70552151	569855616.00
2012/05/30	4.78	4.89	4.78	4.80	28450819	226800416.00
2012/05/31	4.85	5.14	4.85	4.97	60491628	499186784.00
2012/06/01	4.97	4.97	4.85	4.88	29347341	237291472.00
2012/06/04	4.76	4.76	4.62	4.63	30424345	235777456.00
2012/06/05	4.70	4.75	4.58	4.64	16334148	125708440.00
2012/06/06	4.66	4.69	4.57	4.60	13729307	105065456.00
2012/06/07	4.66	4.69	4.51	4.52	14354460	109147176.00
2012/06/08	4.60	4.75	4.53	4.58	23219092	179177104.00
2012/06/11	4.61	4.65	4.51	4.64	17510145	133015920.00
2012/06/12	4.62	4.71	4.54	4.63	17588903	135262992.00
2012/06/13	4.65	4.69	4.59	4.67	16233538	125027400.00
2012/06/14	4.67	4.67	4.54	4.56	15150313	115822960.00
2012/06/15	4.56	4.60	4.46	4.50	18727767	140152688.00
2012/06/18	4.53	4.56	4.48	4.51	10685913	80175176.00
2012/06/19	4.52	4.53	4.46	4.49	9620066	71783896.00
2012/06/21	4.54	4.71	4.53	4.60	26738734	204772208.00
2012/06/25	4.60	4.60	4.38	4.38	17345201	127869208.00
2012/06/26	4.37	4.46	4.31	4.42	10435696	76555760.00
2012/06/27	4.39	4.44	4.35	4.36	8627123	62925168.00
2012/06/28	4.62	4.74	4.38	4.39	21651912	162859600.00
2012/06/29	4.29	4.35	4.18	4.34	20497766	145654432.00
2012/07/02	4.39	4.39	4.28	4.31	11498385	82714784.00
2012/07/03	4.33	4.34	4.24	4.27	12266792	87464624.00
2012/07/04	4.26	4.29	4.21	4.22	9216416	65065160.00
2012/07/05	4.20	4.24	4.04	4.06	13047859	89704184.00
2012/07/06	4.10	4.19	4.01	4.16	11585772	79323440.00
2012/07/09	4.13	4.13	3.97	3.97	10979279	74078280.00
2012/07/10	3.94	4.01	3.92	3.92	6441174	42598180.00
2012/07/11	3.92	4.00	3.91	3.98	6540142	43398936.00
2012/07/12	3.98	4.05	3.88	4.03	12478126	82810768.00
2012/07/13	3.99	4.05	3.95	3.97	6590501	43958924.00
2012/07/16	3.97	4.00	3.78	3.79	10182521	65806972.00
2012/07/17	3.78	3.91	3.76	3.88	10175486	65815704.00
2012/07/18	3.86	3.89	3.82	3.87	8111622	52466904.00
2012/07/19	3.89	4.26	3.87	4.12	28351088	193845792.00
2012/07/20	4.07	4.12	3.98	4.01	13924377	94003544.00
2012/07/23	3.94	3.95	3.88	3.89	8208165	53736364.00
2012/07/24	3.85	3.96	3.82	3.91	7042042	45972560.00
2012/07/25	3.85	3.90	3.80	3.81	8277696	53305464.00
2012/07/26	3.80	3.84	3.76	3.76	6779042	43213536.00
2012/07/27	3.79	3.82	3.76	3.77	5586814	35555996.00
2012/07/30	3.79	3.79	3.69	3.71	5553601	34828152.00
2012/07/31	3.71	3.74	3.63	3.66	5169358	31950264.00
2012/08/01	3.66	3.75	3.66	3.72	5709853	35669744.00
2012/08/02	3.72	3.74	3.65	3.67	4784203	29616734.00
2012/08/03	3.67	3.76	3.66	3.75	5914242	36937616.00
2012/08/06	3.74	3.87	3.71	3.85	11162475	71058704.00
2012/08/07	3.85	4.27	3.81	4.22	26694060	181573408.00
2012/08/08	4.12	4.21	4.05	4.07	20039844	137530080.00
2012/08/09	4.06	4.11	3.96	4.08	13574495	91592736.00
2012/08/10	4.06	4.16	4.04	4.08	10984532	75323920.00
2012/08/13	4.05	4.06	3.92	3.92	9548193	63738420.00
2012/08/14	3.89	3.98	3.83	3.96	7480607	48930196.00
2012/08/15	3.96	3.97	3.88	3.92	5527310	36330320.00
2012/08/16	3.91	3.96	3.89	3.91	3374760	22145234.00
2012/08/17	3.91	3.94	3.86	3.92	4523806	29477852.00
2012/08/20	3.89	3.91	3.81	3.88	4389881	28355830.00
2012/08/21	3.88	4.03	3.88	4.00	9693540	64645504.00
2012/08/22	4.01	4.12	3.96	4.04	10384484	70237696.00
2012/08/23	4.07	4.12	4.03	4.06	7390224	50230772.00
2012/08/24	4.04	4.04	3.94	3.98	6465376	42980644.00
2012/08/27	4.00	4.27	3.98	4.03	19066858	131142680.00
2012/08/28	3.96	4.07	3.94	4.02	8384583	56191756.00
2012/08/29	4.02	4.11	3.99	4.08	9622294	65212148.00
2012/08/30	4.11	4.13	3.91	3.97	9888680	66254832.00
2012/08/31	3.96	3.98	3.89	3.93	5795833	38138984.00
2012/09/03	3.92	3.98	3.88	3.96	5642434	37288936.00
2012/09/04	3.97	3.97	3.87	3.87	5860427	38432596.00
2012/09/05	3.97	4.04	3.89	3.92	8890685	58819344.00
2012/09/06	3.90	3.98	3.89	3.92	6019358	39517256.00
2012/09/07	4.00	4.20	3.96	4.15	28440151	195108880.00
2012/09/10	4.19	4.59	4.16	4.59	62848306	467981472.00
2012/09/11	4.62	4.69	4.51	4.66	54842329	418983872.00
2012/09/12	4.71	4.81	4.60	4.67	34242853	266573504.00
2012/09/13	4.67	5.17	4.62	5.17	82367027	673699008.00
2012/09/14	5.10	5.21	4.98	5.11	105580120	882953152.00
2012/09/17	5.08	5.19	4.92	5.05	84452156	704245440.00
2012/09/18	5.04	5.13	4.78	5.01	71734068	587429184.00
2012/09/19	4.96	5.06	4.94	5.02	59595337	491973312.00
2012/09/20	5.03	5.19	4.92	5.10	96407732	807102656.00
2012/09/21	5.16	5.26	4.98	5.08	83546458	706440512.00
2012/09/24	5.16	5.21	4.93	5.13	71917070	603998336.00
2012/09/25	5.10	5.24	4.99	5.16	51239545	432676032.00
2012/09/26	5.09	5.21	5.03	5.15	57684011	487702336.00
2012/09/27	5.31	5.43	5.01	5.15	98072365	834923328.00
2012/09/28	5.22	5.25	5.05	5.18	54951106	466097248.00
2012/10/08	5.15	5.31	5.10	5.26	65132166	558752448.00
2012/10/09	5.26	5.44	5.22	5.42	96122869	844317056.00
2012/10/10	5.38	5.42	5.20	5.24	66386662	576625472.00
2012/10/11	5.19	5.19	4.71	4.73	68348001	556335616.00
2012/10/12	4.71	4.82	4.49	4.64	38846509	299336192.00
2012/10/15	4.64	4.73	4.54	4.70	20384187	156976896.00
2012/10/16	4.68	4.74	4.63	4.65	16215995	125710312.00
2012/10/17	4.65	4.69	4.57	4.65	15843608	121511400.00
2012/10/18	4.68	4.82	4.66	4.79	25460835	200942784.00
2012/10/19	4.79	4.82	4.72	4.73	14117118	111223544.00
2012/10/22	4.74	4.74	4.61	4.69	11874169	91757648.00
2012/10/23	4.70	4.71	4.56	4.57	15152889	116218640.00
2012/10/24	4.52	4.61	4.52	4.55	9650228	73028016.00
2012/10/25	4.56	4.58	4.51	4.54	10547272	79416976.00
2012/10/26	4.53	4.55	4.33	4.35	13694644	100652360.00
2012/10/29	4.33	4.33	4.22	4.28	9269567	65978456.00
2012/10/30	4.31	4.35	4.26	4.29	7742754	55469980.00
2012/10/31	4.29	4.41	4.23	4.40	13811208	99511384.00
2012/11/01	4.40	4.54	4.39	4.49	12505363	92947624.00
2012/11/02	4.49	4.52	4.42	4.47	9724184	72146904.00
2012/11/05	4.46	4.47	4.37	4.42	9380442	68963680.00
2012/11/06	4.42	4.50	4.28	4.49	15410951	112348456.00
2012/11/07	4.46	4.54	4.41	4.44	11067349	82163616.00
2012/11/08	4.42	4.47	4.33	4.37	12423770	91096584.00
2012/11/09	4.37	4.47	4.35	4.47	13897407	102304856.00
2012/11/12	4.46	4.53	4.39	4.44	9534066	70600560.00
2012/11/13	4.44	4.44	4.31	4.32	11034490	79795848.00
2012/11/14	4.31	4.35	4.26	4.31	5522827	39489740.00
2012/11/15	4.29	4.32	4.22	4.22	5852471	41637200.00
2012/11/16	4.22	4.29	4.21	4.24	5698639	40241396.00
2012/11/19	4.24	4.41	4.22	4.31	12365075	88848712.00
2012/11/20	4.31	4.36	4.26	4.27	8394150	60081840.00
2012/11/21	4.28	4.30	4.21	4.29	8163667	58019976.00
2012/11/22	4.27	4.33	4.24	4.28	10533015	75213168.00
2012/11/23	4.28	4.31	4.26	4.28	5017915	35825848.00
2012/11/26	4.30	4.33	4.28	4.28	6395538	45778736.00
2012/11/27	4.33	4.35	4.21	4.22	11088069	79183744.00
2012/11/28	4.19	4.19	3.85	4.07	15998886	107301064.00
2012/11/29	4.06	4.26	4.03	4.09	16338606	113131176.00
2012/11/30	4.09	4.18	4.07	4.13	7052323	48747784.00
2012/12/03	4.14	4.23	4.05	4.12	17580382	122029864.00
2012/12/04	4.07	4.15	3.95	4.11	9588718	65070240.00
2012/12/05	4.10	4.41	4.10	4.35	28597000	204531296.00
2012/12/06	4.35	4.48	4.31	4.37	25788822	188585008.00
2012/12/07	4.35	4.46	4.31	4.40	23937542	174896704.00
2012/12/10	4.42	4.47	4.38	4.44	20126824	148323488.00
2012/12/11	4.43	4.79	4.37	4.60	48987662	375399680.00
2012/12/12	4.56	4.64	4.43	4.52	28063550	210891504.00
2012/12/13	4.49	4.56	4.40	4.42	14481623	107276552.00
2012/12/14	4.40	4.66	4.40	4.60	28506906	216113440.00
2012/12/17	4.63	4.70	4.57	4.62	21456582	164586640.00
2012/12/18	4.58	4.68	4.56	4.61	21714846	166394832.00
2012/12/19	4.61	4.76	4.57	4.65	24648528	191358960.00
2012/12/20	4.63	4.66	4.54	4.62	16472127	125677232.00
2012/12/21	4.62	4.67	4.56	4.58	14015137	106979184.00
2012/12/24	4.57	4.62	4.54	4.57	8564122	65007716.00
2012/12/25	4.56	4.75	4.53	4.68	25829946	199849344.00
2012/12/26	4.69	4.87	4.67	4.76	25568387	201978304.00
2012/12/27	4.76	4.90	4.69	4.69	23950950	189552928.00
2012/12/28	4.68	4.74	4.64	4.72	16685177	129766608.00
2012/12/31	4.77	4.78	4.67	4.72	15142571	118274952.00
2013/01/04	4.72	4.75	4.63	4.66	18101586	140222976.00
2013/01/07	4.65	4.69	4.62	4.67	14166293	109253400.00
2013/01/08	4.67	4.69	4.62	4.67	13933894	107259776.00
2013/01/09	4.69	4.69	4.62	4.67	14670493	113176928.00
2013/01/10	4.67	4.78	4.65	4.76	26592524	208362928.00
2013/01/11	4.76	4.81	4.54	4.55	23920903	185384336.00
2013/01/14	4.55	4.67	4.52	4.66	17583493	134463648.00
2013/01/15	4.68	4.80	4.65	4.76	26897310	211162752.00
2013/01/16	4.77	4.79	4.61	4.68	22098910	171641360.00
2013/01/17	4.65	4.66	4.59	4.60	13485808	103227840.00
2013/01/18	4.65	4.71	4.60	4.69	14290440	110408648.00
2013/01/21	4.71	4.76	4.63	4.74	18660353	145452880.00
2013/01/22	4.73	4.88	4.68	4.80	34574533	273719200.00
2013/01/23	4.75	4.93	4.73	4.90	35625305	285011360.00
2013/01/24	4.94	4.95	4.67	4.70	35322935	281640480.00
2013/01/25	4.70	4.73	4.61	4.63	13302497	102404224.00
2013/01/28	4.65	4.76	4.65	4.74	13350866	104127096.00
2013/01/29	4.76	4.76	4.70	4.74	13595386	106411088.00
2013/01/30	4.73	4.75	4.65	4.69	15298991	118850936.00
2013/01/31	4.71	4.81	4.67	4.76	17540754	137852656.00
2013/02/01	4.72	4.79	4.72	4.78	14268819	112431744.00
2013/02/04	4.78	4.88	4.74	4.75	23774318	189230128.00
2013/02/05	4.75	5.01	4.72	4.96	37543545	302680096.00
2013/02/06	4.96	4.99	4.88	4.90	20495595	166354992.00
2013/02/07	4.88	4.94	4.87	4.89	12028854	97217336.00
2013/02/08	4.90	4.94	4.88	4.91	14381577	116570416.00
2013/02/18	4.94	4.94	4.87	4.88	13404377	108354144.00
2013/02/19	4.88	4.89	4.72	4.74	18707016	147936624.00
2013/02/20	4.76	4.79	4.72	4.78	11207501	88399776.00
2013/02/21	4.75	4.75	4.59	4.65	17857356	138061312.00
2013/02/22	4.65	4.71	4.63	4.66	9697872	75073704.00
2013/02/25	4.67	4.72	4.65	4.67	7236526	56058552.00
2013/02/26	4.76	4.83	4.67	4.69	23537716	185490176.00
2013/02/27	4.69	4.74	4.67	4.69	9935142	77176272.00
2013/02/28	4.71	4.79	4.69	4.78	18001490	141668784.00
2013/03/01	4.81	4.81	4.72	4.78	14978135	118026088.00
2013/03/04	4.72	4.72	4.42	4.47	23130520	175519328.00
2013/03/05	4.49	4.57	4.49	4.56	11862060	89322744.00
2013/03/06	4.56	4.60	4.54	4.59	10683538	81043712.00
2013/03/07	4.59	4.60	4.46	4.55	12638952	95035392.00
2013/03/08	4.54	4.57	4.47	4.50	7546637	56680908.00
2013/03/11	4.50	4.51	4.46	4.47	6015669	44703412.00
2013/03/12	4.47	4.51	4.31	4.37	9996263	73194528.00
2013/03/13	4.37	4.37	4.25	4.30	6613782	47347696.00
2013/03/14	4.30	4.34	4.28	4.29	4498417	32262624.00
2013/03/15	4.33	4.38	4.28	4.31	7542300	54358880.00
2013/03/18	4.31	4.35	4.28	4.31	5463924	39213448.00
2013/03/19	4.37	4.38	4.30	4.37	6843197	49407384.00
2013/03/20	4.38	4.47	4.35	4.46	11954458	87874712.00
2013/03/21	4.45	4.48	4.42	4.46	7501021	55502236.00
2013/03/22	4.46	4.46	4.41	4.42	6020276	44310540.00
2013/03/25	4.44	4.75	4.40	4.66	27860520	213411040.00
2013/03/26	4.66	4.78	4.63	4.69	28724627	223745280.00
2013/03/27	4.69	4.99	4.62	4.96	39461761	313891008.00
2013/03/28	4.95	5.12	4.79	4.85	69460890	568645248.00
2013/03/29	4.87	5.37	4.80	5.37	97244514	827474816.00
2013/04/01	5.53	5.60	5.29	5.37	127695384	1137021184.00
2013/04/02	5.31	5.53	5.17	5.35	108325748	958947584.00
2013/04/03	5.29	5.38	5.20	5.35	40987819	355622720.00
2013/04/08	5.22	5.50	5.16	5.37	55453300	490503840.00
2013/04/09	5.31	5.53	5.24	5.33	74862964	661642368.00
2013/04/10	5.29	5.43	5.21	5.32	45488005	397768384.00
2013/04/11	5.36	5.49	5.28	5.29	57121564	505093056.00
2013/04/12	5.24	5.31	5.17	5.29	49374431	427372480.00
2013/04/15	5.22	5.40	5.21	5.35	58029068	507491552.00
2013/04/16	5.32	5.40	5.22	5.28	59517336	518873440.00
2013/04/17	5.26	5.29	4.78	4.83	81875633	673382016.00
2013/04/18	4.72	4.81	4.63	4.74	36572421	285585344.00
2013/04/19	4.76	4.84	4.74	4.80	31818561	252891568.00
2013/04/22	4.78	4.89	4.76	4.81	22599127	180158656.00
2013/04/23	4.81	4.81	4.59	4.62	27661997	214094624.00
2013/04/24	4.62	4.70	4.60	4.66	16424103	126454128.00
2013/04/25	4.67	4.67	4.54	4.55	18176199	138539152.00
2013/04/26	4.56	4.61	4.52	4.56	12668019	95968248.00
2013/05/02	4.58	4.68	4.55	4.65	11531222	88390152.00
2013/05/03	4.69	4.72	4.66	4.67	15153339	117736464.00
2013/05/06	4.67	4.70	4.62	4.68	15333584	118460032.00
2013/05/07	4.67	4.68	4.60	4.62	14848891	113914032.00
2013/05/08	4.65	4.66	4.60	4.62	11689744	89651776.00
2013/05/09	4.62	4.62	4.50	4.53	17011821	128206448.00
2013/05/10	4.53	4.62	4.49	4.62	11580535	87700832.00
2013/05/13	4.62	4.67	4.60	4.62	11410071	87674104.00
2013/05/14	4.63	4.74	4.61	4.69	20987842	162551344.00
2013/05/15	4.69	4.69	4.63	4.67	10174483	78359384.00
2013/05/16	4.66	4.77	4.62	4.74	21852817	170286240.00
2013/05/17	4.71	4.79	4.71	4.77	22081810	173964640.00
2013/05/20	4.79	4.81	4.75	4.78	18905537	149351696.00
2013/05/21	4.77	4.77	4.68	4.76	19407067	151917568.00
2013/05/22	4.76	5.01	4.72	4.95	42476409	344803808.00
2013/05/23	4.91	4.94	4.83	4.83	20255596	163300464.00
2013/05/24	4.85	4.91	4.85	4.89	13571084	109363944.00
2013/05/27	4.90	4.92	4.79	4.85	15351328	123070960.00
2013/05/28	4.85	4.88	4.76	4.87	16436940	130874256.00
2013/05/29	4.96	5.04	4.92	4.94	36543042	300849952.00
2013/05/30	4.90	4.94	4.85	4.88	17358764	140095872.00
2013/05/31	4.87	4.90	4.78	4.80	14650369	117053760.00
2013/06/03	4.79	4.83	4.79	4.81	8870903	70588864.00
2013/06/04	4.81	4.81	4.67	4.68	12529492	97957480.00
2013/06/05	4.68	4.71	4.63	4.67	7162782	55350364.00
2013/06/06	4.69	4.72	4.64	4.64	7126348	55234476.00
2013/06/07	4.65	4.68	4.56	4.58	8413892	64230888.00
2013/06/13	4.56	4.56	4.36	4.44	7590813	55937160.00
2013/06/14	4.46	4.51	4.43	4.50	5698531	42190744.00
2013/06/17	4.51	4.53	4.39	4.41	6902104	50848252.00
2013/06/18	4.42	4.44	4.38	4.42	4306607	31564272.00
2013/06/19	4.39	4.43	4.37	4.41	4682690	34197592.00
2013/06/20	4.40	4.49	4.37	4.42	8914520	65606440.00
2013/06/21	4.36	4.47	4.31	4.44	7042222	51658952.00
2013/06/24	4.44	4.51	4.07	4.19	14118472	101938840.00
2013/06/25	4.13	4.19	3.76	4.05	14886560	99564056.00
2013/06/26	4.06	4.11	3.99	4.05	6485596	43776684.00
2013/06/27	4.14	4.23	4.11	4.12	12537838	87288496.00
2013/06/28	4.05	4.22	4.01	4.10	7138140	49328712.00
2013/07/01	4.10	4.13	4.04	4.10	7045234	47952224.00
2013/07/02	4.08	4.17	4.07	4.15	6433059	44286296.00
2013/07/03	4.13	4.15	4.01	4.08	6419443	43664184.00
2013/07/04	4.13	4.19	4.08	4.17	9710442	67167848.00
2013/07/05	4.17	4.21	4.13	4.13	7791844	54044344.00
2013/07/08	4.07	4.07	3.93	3.93	8011007	53642968.00
2013/07/09	3.93	3.97	3.87	3.92	4370343	28639032.00
2013/07/10	3.92	4.02	3.92	4.02	5535344	36792832.00
2013/07/11	4.05	4.26	4.05	4.24	13701762	95598560.00
2013/07/12	4.24	4.30	4.21	4.22	9665584	68455840.00
2013/07/15	4.25	4.30	4.22	4.30	7277376	51788148.00
2013/07/16	4.31	4.39	4.23	4.38	12821188	92197968.00
2013/07/17	4.35	4.43	4.32	4.37	9224839	54357624.00
2013/07/18	4.32	4.35	4.19	4.21	9098497	52101492.00
2013/07/19	4.19	4.24	4.06	4.07	8227136	46128688.00
2013/07/22	4.05	4.15	3.97	4.14	5817457	31832972.00
2013/07/23	4.15	4.27	4.15	4.23	8592074	48844128.00
2013/07/24	4.23	4.24	4.09	4.17	8926734	49963440.00
2013/07/25	4.17	4.19	4.08	4.10	6974754	38775264.00
2013/07/26	4.11	4.13	4.05	4.12	7733741	42635304.00
2013/07/29	4.15	4.18	4.05	4.06	6950895	38292044.00
2013/07/30	4.08	4.12	4.04	4.08	5317132	29297086.00
2013/07/31	4.09	4.16	4.08	4.10	5372172	29799768.00
2013/08/01	4.12	4.22	4.12	4.21	12825460	72396112.00
2013/08/02	4.23	4.28	4.16	4.19	9514067	54055988.00
2013/08/05	4.18	4.22	4.16	4.22	5818762	32960188.00
2013/08/06	4.22	4.28	4.21	4.23	8790036	50150832.00
2013/08/07	4.22	4.26	4.19	4.22	9880480	56318392.00
2013/08/08	4.22	4.25	4.16	4.17	7414570	41930340.00
2013/08/09	4.15	4.16	4.07	4.09	15137794	83766992.00
2013/08/12	4.09	4.20	4.08	4.19	14479230	80772848.00
2013/08/13	4.22	4.22	4.17	4.22	10549803	59783780.00
2013/08/14	4.22	4.31	4.22	4.28	19697013	113158808.00
2013/08/15	4.27	4.32	4.22	4.22	10068274	57754952.00
2013/08/16	4.22	4.29	4.13	4.13	13924278	78658120.00
2013/08/19	4.14	4.20	4.10	4.18	6851929	38441624.00
2013/08/20	4.17	4.22	4.12	4.14	7268179	40867056.00
2013/08/21	4.14	4.15	4.10	4.13	5516626	30640340.00
2013/08/22	4.12	4.15	4.09	4.12	5204040	28912552.00
2013/08/23	4.23	4.33	4.18	4.26	31309271	180073008.00
2013/08/26	4.28	4.69	4.22	4.68	61025744	373020608.00
2013/08/27	4.70	5.08	4.62	4.83	78777766	513160832.00
2013/08/28	4.83	5.06	4.65	4.92	81587790	540086848.00
2013/08/29	4.92	5.02	4.78	4.83	39747697	259388976.00
2013/08/30	4.95	5.32	4.87	5.24	96408432	662209984.00
2013/09/02	5.37	5.43	4.81	4.82	74789796	502520448.00
2013/09/03	4.75	4.97	4.69	4.85	36973594	240186048.00
2013/09/04	4.86	4.95	4.77	4.88	34980586	228438480.00
2013/09/05	4.85	4.85	4.69	4.71	31499718	200490848.00
2013/09/06	4.71	5.08	4.70	4.92	54729108	359094112.00
2013/09/09	4.92	5.04	4.84	5.00	56496263	375867232.00
2013/09/10	4.98	5.52	4.93	5.52	64986506	469840448.00
2013/09/11	5.77	5.98	5.47	5.55	156638248	1190313984.00
2013/09/12	5.42	5.65	5.35	5.53	62012593	457253312.00
2013/09/13	5.56	5.56	5.28	5.32	52555242	377733216.00
2013/09/16	5.31	5.55	5.25	5.35	39554015	286653600.00
2013/09/17	5.38	5.40	5.07	5.08	41195251	286538048.00
2013/09/18	5.10	5.27	5.06	5.18	27818226	192965504.00
2013/09/23	5.25	5.48	5.25	5.35	39269833	282092480.00
2013/09/24	5.31	5.78	5.25	5.58	71138005	525139648.00
2013/09/25	5.58	5.68	5.42	5.43	60444965	447303264.00
2013/09/26	5.43	5.43	4.96	4.98	48857066	335975520.00
2013/09/27	4.99	5.04	4.85	4.92	23066780	152065184.00
2013/09/30	4.96	5.09	4.96	5.02	16660204	112421792.00
2013/10/08	5.02	5.07	4.94	5.05	16557399	111317224.00
2013/10/09	5.00	5.04	4.92	5.02	21424594	143002256.00
2013/10/10	4.99	5.09	4.97	5.02	22263472	150424160.00
2013/10/11	5.10	5.54	5.05	5.46	67803565	483986880.00
2013/10/14	5.42	5.50	5.32	5.35	43660358	313772064.00
2013/10/15	5.35	5.46	5.28	5.43	33633359	242027232.00
2013/10/16	5.35	5.50	5.12	5.14	34322729	241866848.00
2013/10/17	5.19	5.25	5.04	5.05	19944497	136913840.00
2013/10/18	5.07	5.12	5.04	5.07	12596101	85643832.00
2013/10/21	5.08	5.28	5.05	5.23	17345436	120553792.00
2013/10/22	5.23	5.27	5.08	5.15	16586973	114570472.00
2013/10/23	5.18	5.30	5.08	5.09	19111456	132549024.00
2013/10/24	5.12	5.14	5.01	5.02	11813891	80023680.00
2013/10/25	5.04	5.05	4.81	4.85	18737724	123155368.00
2013/10/28	4.84	4.92	4.82	4.86	9660816	62999252.00
2013/10/29	4.89	4.91	4.59	4.68	14729940	93291744.00
2013/10/30	4.72	4.77	4.63	4.76	9207425	57995956.00
2013/10/31	4.76	4.81	4.66	4.67	11315335	71652976.00
2013/11/01	4.68	4.75	4.63	4.72	7600886	47841112.00
2013/11/04	4.73	4.75	4.65	4.68	7633246	48064040.00
2013/11/05	4.65	4.72	4.61	4.72	8826515	55281188.00
2013/11/06	4.71	4.72	4.64	4.65	7172416	45051360.00
2013/11/07	4.64	4.65	4.55	4.56	8745017	53992568.00
2013/11/08	4.54	4.65	4.52	4.58	9509047	58477332.00
2013/11/11	4.58	4.58	4.47	4.48	6939055	42040492.00
2013/11/12	4.48	4.55	4.45	4.53	8784656	53137816.00
2013/11/13	4.55	4.55	4.47	4.48	7396411	44933160.00
2013/11/14	4.50	4.53	4.46	4.51	7013784	42411316.00
2013/11/15	4.52	4.72	4.51	4.67	17603416	110204696.00
2013/11/18	4.68	4.81	4.65	4.79	16344024	103746152.00
2013/11/19	4.79	4.83	4.73	4.76	11983654	76639504.00
2013/11/20	4.77	4.80	4.71	4.77	7658730	48760768.00
2013/11/21	4.76	4.76	4.70	4.73	9185863	58309144.00
2013/11/22	4.76	4.77	4.72	4.73	8638210	54936528.00
2013/11/25	4.72	4.83	4.68	4.75	10181190	65355320.00
2013/11/26	4.74	4.84	4.74	4.79	8821821	56665612.00
2013/11/27	4.82	4.83	4.75	4.80	8195078	52727456.00
2013/11/28	4.82	4.88	4.79	4.84	12383191	80333176.00
2013/11/29	4.84	4.87	4.78	4.79	9499705	61435680.00
2013/12/02	4.74	4.77	4.56	4.63	14963916	93821368.00
2013/12/03	4.62	4.71	4.58	4.69	6471164	40458720.00
2013/12/04	4.71	5.08	4.70	4.95	33681574	222587552.00
2013/12/05	4.95	4.98	4.86	4.93	16878426	111254928.00
2013/12/06	4.92	4.93	4.85	4.87	9116391	59784540.00
2013/12/09	4.92	4.97	4.85	4.92	7358029	48524288.00
2013/12/10	4.92	5.15	4.92	5.05	22900581	155470912.00
2013/12/11	5.02	5.02	4.88	4.91	13426683	88757760.00
2013/12/12	4.92	5.03	4.91	4.95	10638794	71101560.00
2013/12/13	4.93	5.03	4.89	4.98	10167809	68001072.00
2013/12/16	4.98	5.06	4.88	4.89	12430553	82289424.00
2013/12/17	4.89	4.95	4.81	4.83	7826058	51146416.00
2013/12/18	4.84	4.88	4.78	4.81	5343149	34611424.00
2013/12/19	4.82	4.85	4.68	4.68	8626195	54932224.00
2013/12/20	4.72	4.76	4.62	4.65	7428656	46708460.00
2013/12/23	4.68	4.70	4.60	4.64	4747476	29605476.00
2013/12/24	4.67	4.72	4.61	4.66	5360045	33542686.00
2013/12/25	4.68	4.70	4.64	4.70	4758173	29847196.00
2013/12/26	4.73	4.74	4.59	4.61	5350573	33402860.00
2013/12/27	4.65	4.68	4.61	4.66	5621472	35106944.00
2013/12/30	4.67	4.69	4.64	4.64	4632987	28994644.00
2013/12/31	4.62	4.67	4.61	4.64	4830963	30120050.00
2014/01/02	4.65	4.67	4.61	4.64	5056931	31477252.00
2014/01/03	4.64	4.64	4.51	4.54	7607485	46539488.00
2014/01/06	4.54	4.55	4.36	4.36	8409260	50045588.00
2014/01/07	4.35	4.47	4.25	4.39	5743533	33838712.00
2014/01/08	4.39	4.47	4.32	4.34	5755155	33946236.00
2014/01/09	4.33	4.42	4.25	4.27	6669727	38944704.00
2014/01/10	4.27	4.32	4.25	4.28	4349705	25113436.00
2014/01/13	4.28	4.31	4.16	4.20	4482931	25575592.00
2014/01/14	4.20	4.30	4.18	4.28	3515591	20084508.00
2014/01/15	4.28	4.28	4.19	4.22	4245374	24214804.00
2014/01/16	4.22	4.28	4.19	4.26	3809228	21776494.00
2014/01/17	4.27	4.27	4.19	4.20	3812825	21623208.00
2014/01/20	4.20	4.23	4.19	4.22	2941173	16709357.00
2014/01/21	4.22	4.29	4.22	4.25	4273282	24477920.00
2014/01/22	4.28	4.40	4.26	4.38	7411299	43449000.00
2014/01/23	4.42	4.45	4.39	4.41	5142127	30543752.00
2014/01/24	4.42	4.47	4.38	4.45	8463541	50551232.00
2014/01/27	4.45	4.46	4.41	4.44	5043672	30086122.00
2014/01/28	4.44	4.47	4.42	4.43	5285120	31563256.00
2014/01/29	4.45	4.45	4.38	4.39	7368325	43677836.00
2014/01/30	4.38	4.45	4.36	4.41	6017435	35749780.00
2014/02/07	4.42	4.45	4.37	4.43	7053812	41766828.00
2014/02/10	4.43	4.53	4.43	4.52	16399162	98780528.00
2014/02/11	4.52	4.55	4.48	4.53	11813235	71708160.00
2014/02/12	4.52	4.55	4.50	4.55	11537145	70179360.00
2014/02/13	4.54	4.61	4.52	4.55	16291937	99748176.00
2014/02/14	4.56	4.75	4.55	4.75	26840926	167745408.00
2014/02/17	4.75	4.92	4.70	4.80	31672348	204545904.00
2014/02/18	4.78	4.84	4.69	4.73	14236028	90788224.00
2014/02/19	4.72	4.75	4.65	4.74	11004584	69526680.00
2014/02/20	4.73	4.81	4.67	4.68	10480104	66656176.00
2014/02/21	4.68	4.69	4.52	4.55	10812736	66745112.00
2014/02/24	4.53	4.53	4.44	4.45	8711355	52373552.00
2014/02/25	4.45	4.50	4.33	4.35	8659330	51625120.00
2014/02/26	4.33	4.52	4.32	4.52	10842650	64620328.00
2014/02/27	4.55	4.57	4.50	4.52	10168657	62029096.00
2014/02/28	4.52	4.58	4.48	4.54	9487049	57795412.00
2014/03/03	4.55	4.71	4.52	4.68	20306676	126686280.00
2014/03/05	4.65	4.65	4.45	4.47	18347712	111590280.00
2014/03/06	4.43	4.54	4.38	4.52	8592199	51599388.00
2014/03/07	4.49	4.50	4.40	4.42	8162760	48861572.00
2014/03/10	4.37	4.37	4.22	4.24	9172456	53045844.00
2014/03/11	4.24	4.30	4.23	4.25	4406999	25276036.00
2014/03/12	4.26	4.39	4.25	4.37	8575259	50106196.00
2014/03/13	4.35	4.37	4.31	4.35	5907346	34510272.00
2014/03/14	4.35	4.35	4.28	4.31	3908482	22734086.00
2014/03/17	4.31	4.41	4.31	4.41	5714892	33639844.00
2014/03/18	4.38	4.42	4.36	4.41	6316175	37356564.00
2014/03/19	4.52	4.55	4.43	4.48	17428355	105091384.00
2014/03/20	4.48	4.50	4.37	4.38	7243232	43246680.00
2014/03/21	4.38	4.52	4.37	4.49	9881272	59194836.00
2014/03/24	4.55	4.57	4.51	4.55	11243497	68633904.00
2014/03/25	4.58	4.85	4.56	4.67	27485566	173928832.00
2014/03/26	4.69	4.77	4.63	4.68	15013129	94426928.00
2014/03/27	4.65	4.70	4.58	4.62	10821582	67410568.00
2014/03/28	4.64	4.77	4.62	4.68	22263131	140777360.00
2014/03/31	4.72	4.75	4.56	4.58	10115699	62977428.00
2014/04/01	4.58	4.65	4.56	4.60	6662001	41157580.00
2014/04/02	4.58	4.65	4.58	4.62	5907816	36671424.00
2014/04/03	4.62	4.66	4.51	4.54	9518925	58486580.00
2014/04/04	4.52	4.58	4.52	4.58	5168822	31676854.00
2014/04/08	4.58	4.66	4.56	4.64	12184584	75648688.00
2014/04/09	4.65	4.69	4.64	4.65	6839440	42838496.00
2014/04/10	4.66	4.71	4.66	4.68	9636925	60631616.00
2014/04/11	4.68	4.72	4.65	4.69	7954640	50058424.00
2014/04/14	4.68	4.74	4.68	4.73	11077296	69974936.00
2014/04/15	4.73	4.73	4.63	4.64	8487979	53224584.00
2014/04/16	4.62	4.66	4.61	4.65	5859852	36501704.00
2014/04/17	4.65	4.69	4.62	4.66	6306694	39476100.00
2014/04/18	4.63	4.66	4.62	4.63	5153359	32079390.00
2014/04/21	4.62	4.63	4.54	4.54	7834105	48207364.00
2014/04/22	4.54	4.58	4.50	4.57	6287487	38353528.00
2014/04/23	4.60	4.63	4.55	4.56	4663396	28719884.00
2014/04/24	4.52	4.57	4.48	4.48	5353976	32515984.00
2014/04/25	4.48	4.52	4.38	4.38	6401624	38380280.00
2014/04/28	4.38	4.42	4.34	4.35	5966778	35072272.00
2014/04/29	4.37	4.48	4.36	4.48	4456637	26515952.00
2014/04/30	4.50	4.52	4.45	4.47	3313322	19944340.00
2014/05/05	4.46	4.47	4.38	4.45	5214346	30980476.00
2014/05/06	4.44	4.46	4.41	4.43	5470121	32623332.00
2014/05/07	4.42	4.42	4.34	4.35	5906863	34801712.00
2014/05/08	4.37	4.42	4.35	4.35	4048043	23830208.00
2014/05/09	4.38	4.38	4.32	4.35	4327325	25352870.00
2014/05/12	4.38	4.48	4.38	4.44	7197799	42952652.00
2014/05/13	4.47	4.47	4.38	4.42	5367214	31847160.00
2014/05/14	4.42	4.45	4.39	4.44	3933024	23436832.00
2014/05/15	4.44	4.44	4.35	4.37	3761128	22236152.00
2014/05/16	4.39	4.41	4.37	4.39	3573387	21089332.00
2014/05/19	4.38	4.40	4.32	4.35	2712724	15881481.00
2014/05/20	4.37	4.38	4.31	4.35	2989999	17488956.00
2014/05/21	4.32	4.38	4.30	4.38	2526112	14759374.00
2014/05/22	4.37	4.42	4.35	4.36	3993237	23569584.00
2014/05/23	4.36	4.42	4.35	4.41	3066956	18135626.00
2014/05/26	4.45	4.45	4.40	4.42	3083696	18314552.00
2014/05/27	4.40	4.42	4.36	4.38	2821290	16672713.00
2014/05/28	4.36	4.40	4.35	4.39	4087481	24039468.00
2014/05/29	4.38	4.41	4.36	4.37	3261321	19214588.00
2014/05/30	4.37	4.40	4.34	4.39	3307868	19468584.00
2014/06/03	4.39	4.40	4.36	4.36	2633702	15526229.00
2014/06/04	4.36	4.38	4.29	4.31	4084245	23769956.00
2014/06/05	4.31	4.34	4.30	4.32	2420145	14063669.00
2014/06/06	4.33	4.33	4.27	4.29	4975373	28768124.00
2014/06/09	4.26	4.34	4.26	4.28	3510066	20297524.00
2014/06/10	4.34	4.40	4.32	4.39	7467462	43872416.00
2014/06/11	4.38	4.42	4.38	4.39	3627522	21468856.00
2014/06/12	4.38	4.40	4.34	4.36	5565645	32633832.00
2014/06/13	4.37	4.39	4.34	4.39	4924276	28989448.00
2014/06/16	4.40	4.45	4.40	4.44	9239779	55101608.00
2014/06/17	4.46	4.47	4.42	4.43	5645381	25081392.00
2014/06/18	4.42	4.42	4.30	4.32	8295875	36112460.00
2014/06/19	4.31	4.34	4.23	4.24	5720279	24566316.00
2014/06/20	4.24	4.28	4.24	4.26	3342129	14223163.00
2014/06/23	4.25	4.27	4.17	4.19	8358968	35214656.00
2014/06/24	4.20	4.21	4.17	4.20	3688596	15466790.00
2014/06/25	4.21	4.22	4.15	4.20	3726813	15595184.00
2014/06/26	4.20	4.25	4.19	4.22	6587341	27820026.00
2014/06/27	4.24	4.25	4.20	4.24	5455015	23067904.00
2014/06/30	4.25	4.30	4.25	4.29	5792296	24818336.00
2014/07/01	4.30	4.31	4.26	4.27	5395612	23069456.00
2014/07/02	4.28	4.29	4.24	4.28	6208242	26474216.00
2014/07/03	4.29	4.32	4.27	4.30	6578907	28249296.00
2014/07/04	4.30	4.32	4.25	4.28	5985860	25570512.00
2014/07/07	4.28	4.28	4.24	4.27	5007006	21316792.00
2014/07/08	4.27	4.27	4.23	4.26	4216262	17926930.00
2014/07/09	4.26	4.26	4.19	4.20	5938790	25043704.00
2014/07/10	4.20	4.21	4.17	4.19	5345955	22398300.00
2014/07/11	4.18	4.22	4.18	4.19	4955542	20817000.00
2014/07/14	4.19	4.24	4.19	4.24	6314576	26620794.00
2014/07/15	4.24	4.25	4.20	4.24	6520765	27509958.00
2014/07/16	4.23	4.30	4.22	4.28	11696889	49909944.00
2014/07/17	4.27	4.28	4.22	4.24	5560473	23572472.00
2014/07/18	4.21	4.26	4.21	4.24	4430449	18797496.00
2014/07/21	4.25	4.28	4.21	4.26	7099136	30109326.00
2014/07/22	4.25	4.28	4.23	4.27	7441433	31685422.00
2014/07/23	4.25	4.27	4.23	4.26	7684022	32665200.00
2014/07/24	4.25	4.34	4.25	4.33	17961491	77406984.00
2014/07/25	4.34	4.36	4.30	4.34	12473082	53965080.00
2014/07/28	4.34	4.44	4.34	4.43	21123939	93225880.00
2014/07/29	4.43	4.54	4.41	4.49	25395856	114044064.00
2014/07/30	4.48	4.52	4.43	4.51	16288491	72852480.00
2014/07/31	4.51	4.53	4.46	4.51	13398107	60120252.00
2014/08/01	4.50	4.76	4.47	4.58	45387165	209706000.00
2014/08/04	4.58	4.69	4.57	4.66	26888463	124594240.00
2014/08/05	4.63	4.66	4.60	4.64	15067845	69637088.00
2014/08/06	4.63	4.67	4.57	4.65	16744692	77280872.00
2014/08/07	4.65	4.66	4.59	4.60	15609048	72082432.00
2014/08/08	4.62	4.63	4.59	4.61	10239712	47149952.00
2014/08/11	4.63	4.65	4.59	4.63	14722464	68153552.00
2014/08/12	4.63	4.65	4.61	4.63	12649347	58547228.00
2014/08/13	4.63	4.64	4.59	4.62	12895284	59429248.00
2014/08/14	4.63	4.66	4.60	4.62	23798168	110260152.00
2014/08/15	4.60	4.63	4.58	4.61	12939211	59571856.00
2014/08/18	4.61	4.65	4.59	4.64	16658847	76956832.00
2014/08/19	4.64	4.65	4.61	4.64	12694272	58737936.00
2014/08/20	4.64	4.73	4.64	4.68	24990724	117083160.00
2014/08/21	4.69	4.70	4.60	4.64	12489695	57948064.00
2014/08/22	4.64	4.72	4.61	4.71	21998051	103032528.00
2014/08/25	4.71	4.75	4.68	4.70	18494664	87230776.00
2014/08/26	4.68	4.70	4.55	4.56	17757776	82110096.00
2014/08/27	4.55	4.59	4.52	4.55	9443152	42984120.00
2014/08/28	4.55	4.57	4.46	4.49	11607428	52344892.00
2014/08/29	4.50	4.52	4.47	4.52	6817596	30691740.00
2014/09/01	4.53	4.69	4.52	4.66	17747768	82276832.00
2014/09/02	4.66	4.69	4.63	4.68	17211545	80240192.00
2014/09/03	4.69	4.78	4.67	4.74	32166657	152252848.00
2014/09/04	4.82	4.92	4.80	4.83	43875245	212862032.00
2014/09/05	4.84	4.87	4.77	4.86	30872520	149098864.00
2014/09/09	4.86	4.92	4.83	4.85	20039381	97470376.00
2014/09/10	4.83	4.83	4.77	4.81	19170632	91952408.00
2014/09/11	4.85	5.00	4.81	4.84	42513565	208480832.00
2014/09/12	4.84	4.94	4.81	4.92	25904144	126511344.00
2014/09/15	4.91	4.95	4.86	4.91	21965257	107685632.00
2014/09/16	4.91	5.04	4.83	4.85	52803527	261255664.00
2014/09/17	4.84	4.92	4.77	4.85	22777263	110091080.00
2014/09/18	4.91	5.05	4.89	5.03	62008848	309461920.00
2014/09/19	5.04	5.04	4.94	4.99	26279627	130759696.00
2014/09/22	5.00	5.01	4.86	4.87	23694692	116220080.00
2014/09/23	4.86	4.96	4.85	4.92	17864950	87660536.00
2014/09/24	4.91	4.98	4.86	4.95	23653085	116849056.00
2014/09/25	4.99	4.99	4.91	4.93	25380314	125841696.00
2014/09/26	4.92	4.96	4.90	4.92	15821019	78009480.00
2014/09/29	4.92	4.98	4.92	4.98	23561056	116734280.00
2014/09/30	4.96	5.04	4.96	4.99	26738410	133895872.00
2014/10/08	5.03	5.04	4.98	5.03	20016690	100280016.00
2014/10/09	5.03	5.04	4.98	5.03	22576299	113037608.00
2014/10/10	5.01	5.01	4.96	4.99	19635467	97970984.00
2014/10/13	4.96	5.00	4.94	5.00	16875764	83807064.00
2014/10/14	5.00	5.01	4.95	4.97	17050379	85021976.00
2014/10/15	4.95	4.98	4.94	4.96	13348515	66168036.00
2014/10/16	4.96	5.15	4.92	5.02	47282812	238764448.00
2014/10/17	5.00	5.02	4.90	4.95	21509869	106631736.00
2014/10/20	4.96	4.99	4.93	4.96	11657159	57834704.00
2014/10/21	4.97	5.02	4.93	4.95	13316170	66231336.00
2014/10/22	4.94	4.96	4.83	4.84	15678130	77007992.00
2014/10/23	4.88	4.93	4.78	4.80	17214785	83362632.00
2014/10/24	4.81	4.85	4.76	4.80	13265768	63796088.00
2014/10/27	4.79	4.80	4.73	4.75	10426570	49623924.00
2014/10/28	4.77	4.89	4.77	4.88	17699657	85697024.00
2014/10/29	4.89	5.04	4.87	5.00	40338920	200882080.00
2014/10/30	4.99	5.32	4.98	5.20	108391295	558838848.00
2014/10/31	5.19	5.20	5.12	5.18	53012255	273476032.00
2014/11/03	5.19	5.27	5.14	5.21	43553965	226850368.00
2014/11/04	5.20	5.44	5.15	5.36	85117068	453245152.00
2014/11/05	5.46	5.54	5.29	5.41	88218745	477722400.00
2014/11/06	5.62	5.95	5.40	5.84	209710068	1222143616.00
2014/11/07	5.60	5.72	5.47	5.62	155974695	876214336.00
2014/11/10	5.59	5.72	5.53	5.70	78391875	443684864.00
2014/11/11	5.71	5.71	5.30	5.39	85444673	468861536.00
2014/11/12	5.38	5.63	5.33	5.60	68075792	377768064.00
2014/11/13	5.63	5.92	5.59	5.65	96224967	553505984.00
2014/11/14	5.57	5.73	5.41	5.54	55224087	305868768.00
2014/11/17	5.58	5.69	5.44	5.59	44303374	246041200.00
2014/11/18	5.55	5.68	5.51	5.58	42727885	238941872.00
2014/11/19	5.63	5.84	5.61	5.67	60429994	344633920.00
2014/11/20	5.72	5.77	5.56	5.61	38976829	219425696.00
2014/11/21	5.61	5.72	5.56	5.70	45350729	255361904.00
2014/11/24	5.83	5.93	5.70	5.83	90774141	529744224.00
2014/11/25	5.90	6.41	5.88	6.41	229865379	1443555200.00
2014/11/26	6.30	6.46	6.22	6.39	145006998	917093376.00
2014/11/27	6.36	6.37	6.21	6.31	78243070	491783136.00
2014/11/28	6.30	6.42	6.20	6.38	92329548	584184256.00
2014/12/01	6.35	6.35	6.15	6.17	70641929	440367936.00
2014/12/02	6.25	6.68	6.25	6.42	112449049	726450432.00
2014/12/03	6.43	6.62	6.30	6.52	107511771	695739392.00
2014/12/04	6.49	6.63	6.41	6.62	92774773	604836736.00
2014/12/05	6.62	6.65	6.24	6.36	82899870	534540480.00
2014/12/08	6.37	6.75	6.26	6.73	116527666	763986880.00
2014/12/09	6.75	7.23	6.43	6.50	155217501	1065970688.00
2014/12/10	6.85	6.98	6.53	6.89	97926329	664570176.00
2014/12/11	6.90	7.15	6.80	6.93	86144671	598950784.00
2014/12/12	6.98	7.35	6.96	7.29	107188610	764035968.00
2014/12/15	7.26	8.02	7.13	7.91	137084759	1043232512.00
2014/12/16	7.90	7.92	7.58	7.80	102115147	794142720.00
2014/12/17	7.82	8.14	7.63	7.82	97363147	766931264.00
2014/12/18	7.77	8.25	7.71	8.05	98055157	785812800.00
2014/12/19	8.24	8.81	8.05	8.80	136792754	1157682176.00
2014/12/22	8.86	9.49	8.11	8.30	152932030	1333541120.00
2014/12/23	8.26	8.26	7.47	7.72	81627747	645561472.00
2014/12/24	7.80	7.90	7.60	7.71	57102089	439207168.00
2014/12/25	7.79	8.38	7.71	8.37	87176944	700476736.00
2014/12/26	8.35	8.80	8.13	8.54	110146384	934880320.00
2014/12/29	8.57	8.89	8.38	8.64	105595949	916636416.00
2014/12/30	8.64	8.65	8.36	8.43	52236972	443081376.00
2014/12/31	8.46	8.58	8.21	8.41	56521495	473668416.00
2015/01/05	8.41	8.72	8.37	8.53	69583889	595559104.00
2015/01/06	8.42	8.59	8.21	8.35	59566305	498395456.00
2015/01/07	8.37	8.56	8.30	8.49	57755782	487840992.00
2015/01/08	8.49	8.49	8.10	8.16	52694212	434946432.00
2015/01/09	8.04	8.22	7.90	7.91	59592257	480107136.00
2015/01/12	7.78	7.86	7.58	7.63	41965243	323511616.00
2015/01/13	7.64	7.78	7.64	7.75	24581962	189712000.00
2015/01/14	7.77	7.81	7.46	7.52	28603719	218569568.00
2015/01/15	7.55	7.97	7.54	7.96	40867543	317391296.00
2015/01/16	8.00	8.41	7.93	8.39	66143706	541501184.00
2015/01/19	8.00	8.59	7.80	8.11	100601558	825757184.00
2015/01/20	8.05	8.58	8.05	8.55	97575369	821861760.00
2015/01/21	8.58	9.05	8.58	8.89	104255806	926498112.00
2015/01/22	8.99	9.29	8.83	9.08	97412301	884432448.00
2015/01/23	9.21	9.29	8.88	9.02	72014605	648700800.00
2015/01/26	9.50	9.92	9.30	9.92	143449540	1375463040.00
2015/01/27	10.22	10.59	9.96	10.07	175981664	1795793408.00
2015/01/28	10.02	10.57	9.93	10.30	113065379	1158200192.00
2015/01/29	10.20	10.25	9.74	9.76	109329136	1091812224.00
2015/01/30	9.75	9.87	9.32	9.36	96763307	920952256.00
2015/02/02	9.16	9.66	9.06	9.47	68377248	644457856.00
2015/02/03	9.57	9.83	9.42	9.54	56859662	545551232.00
2015/02/04	9.50	9.52	9.15	9.24	53388928	499476640.00
2015/02/05	9.50	9.50	9.11	9.13	48272785	446841088.00
2015/02/06	9.10	9.50	9.10	9.17	52820503	490872736.00
2015/02/09	9.23	9.33	9.02	9.21	34088984	313313056.00
2015/02/10	9.20	9.75	9.16	9.73	53368681	504584320.00
2015/02/11	9.70	10.15	9.67	9.99	68456513	681753856.00
2015/02/12	10.19	10.19	9.88	9.94	50100224	501265632.00
2015/02/13	10.06	10.10	9.92	9.94	47105776	470725120.00
2015/02/16	9.98	10.00	9.70	9.92	46857173	460665280.00
2015/02/17	10.05	10.72	9.97	10.45	77433155	804002752.00
2015/02/25	10.50	10.58	10.25	10.44	51408591	535361152.00
2015/02/26	10.44	10.70	10.25	10.58	60541434	636397312.00
2015/02/27	10.55	10.70	10.37	10.48	53105446	558071168.00
2015/03/02	10.54	10.59	10.30	10.58	53533732	560257344.00
2015/03/03	11.00	11.18	10.56	10.59	114958822	1250986624.00
2015/03/04	10.55	10.64	10.20	10.45	78496181	814754880.00
2015/03/05	10.40	10.65	10.31	10.53	48364710	506285984.00
2015/03/06	10.53	10.90	10.30	10.70	75590942	804093760.00
2015/03/09	10.69	10.98	10.59	10.78	69456167	750211968.00
2015/03/10	10.70	10.84	10.53	10.61	56198164	598102400.00
2015/03/11	10.63	10.68	10.25	10.32	62042341	642998976.00
2015/03/12	10.32	10.55	10.30	10.40	38967689	405091232.00
2015/03/13	10.40	10.47	10.29	10.42	32898162	341063520.00
2015/03/16	10.48	10.92	10.46	10.83	77032601	822511040.00
2015/03/17	10.85	10.88	10.65	10.75	66672584	716853056.00
2015/03/18	10.75	10.91	10.70	10.90	62567565	676409920.00
2015/03/19	10.91	11.33	10.78	11.24	94237821	1043915904.00
2015/03/20	11.25	11.28	10.99	11.11	76653328	851412288.00
2015/03/23	11.25	11.39	10.99	11.13	95102717	1057312832.00
2015/03/24	11.27	11.31	10.60	10.86	101452881	1112350592.00
2015/03/25	10.86	10.86	10.60	10.65	67250844	716681408.00
2015/03/26	10.60	10.80	10.46	10.65	50866907	540607168.00
2015/03/27	10.65	10.83	10.62	10.75	43197458	463698912.00
2015/03/30	10.92	11.26	10.83	11.25	112512331	1248011776.00
2015/03/31	11.28	11.69	11.05	11.10	108933369	1240589952.00
2015/04/01	11.05	11.22	11.05	11.16	52837890	588803264.00
2015/04/02	11.18	11.25	10.98	11.10	68438433	757971776.00
2015/04/03	11.11	11.18	11.00	11.12	63101349	700091520.00
2015/04/07	11.18	11.49	11.10	11.37	96983255	1093367424.00
2015/04/08	11.41	11.96	11.20	11.82	136139254	1575387648.00
2015/04/09	11.65	11.78	11.20	11.41	81795356	937285760.00
2015/04/10	11.32	11.90	11.32	11.82	96594993	1133599616.00
2015/04/13	11.95	12.99	11.76	12.89	135913142	1668846592.00
2015/04/14	12.89	13.55	12.56	13.08	132621773	1742604544.00
2015/04/15	13.07	13.07	12.38	12.54	81448669	1033370432.00
2015/04/16	12.40	12.81	12.09	12.68	63013782	788604928.00
2015/04/17	12.86	13.50	12.69	13.17	110824049	1445410176.00
2015/04/20	13.00	13.80	12.78	13.05	127446502	1683209472.00
2015/04/21	12.75	13.00	12.60	12.93	77529240	992800192.00
2015/04/22	12.98	13.45	12.97	13.21	97105079	1286721024.00
2015/04/23	13.21	13.78	13.20	13.43	102862068	1384889472.00
2015/04/24	13.20	13.33	12.81	13.12	74158269	971540032.00
2015/04/27	13.20	13.76	13.20	13.36	76539316	1026640128.00
2015/04/28	13.35	13.36	12.65	12.70	74141824	957385088.00
2015/04/29	12.51	12.93	12.50	12.72	38114363	485908896.00
2015/04/30	12.76	13.14	12.76	12.78	46603963	602318848.00
2015/05/05	13.27	13.27	13.27	13.27	0	0.00
数据来源:通达信
