601800 中国交建 日线 前复权
      日期	    开盘	    最高	    最低	    收盘	    成交量	    成交额
2012/03/09	6.44	6.54	5.86	6.11	564317801	3777891072.00
2012/03/12	6.15	6.19	5.82	5.90	246675003	1609656064.00
2012/03/13	5.90	5.94	5.79	5.92	158962909	1020441152.00
2012/03/14	5.92	5.98	5.46	5.47	202749073	1280444928.00
2012/03/15	5.43	5.51	5.23	5.25	135898098	800169984.00
2012/03/16	5.25	5.68	5.10	5.58	209273466	1241170048.00
2012/03/19	5.45	5.56	5.36	5.50	117872110	707258112.00
2012/03/20	5.46	5.46	5.25	5.26	79798808	469493120.00
2012/03/21	5.31	5.33	5.17	5.26	64375032	373880928.00
2012/03/22	5.30	5.44	5.25	5.32	81236259	478901600.00
2012/03/23	5.27	5.30	5.17	5.21	52173406	302193376.00
2012/03/26	5.19	5.34	5.16	5.29	48115893	279422176.00
2012/03/27	5.36	5.37	5.23	5.24	51317920	300481792.00
2012/03/28	5.21	5.23	5.11	5.14	58710869	335217152.00
2012/03/29	5.10	5.11	4.97	4.99	51336285	286804896.00
2012/03/30	5.00	5.04	4.96	5.02	33516414	186231264.00
2012/04/05	5.03	5.21	5.00	5.17	60243673	342017536.00
2012/04/06	5.15	5.16	5.07	5.12	49146034	278499264.00
2012/04/09	5.09	5.13	5.01	5.01	32894398	184657104.00
2012/04/10	5.00	5.06	4.94	5.06	41847051	231964048.00
2012/04/11	5.00	5.20	4.99	5.14	61538777	348683360.00
2012/04/12	5.13	5.20	5.07	5.17	58012397	330258976.00
2012/04/13	5.19	5.20	5.12	5.14	43755029	249598896.00
2012/04/16	5.11	5.16	5.08	5.14	31626933	179493072.00
2012/04/17	5.13	5.14	5.04	5.05	34807168	196197536.00
2012/04/18	5.07	5.26	5.05	5.23	77249921	441786464.00
2012/04/19	5.21	5.23	5.17	5.19	33721709	193806704.00
2012/04/20	5.18	5.37	5.17	5.35	83430433	488388096.00
2012/04/23	5.31	5.47	5.31	5.35	70004689	415362752.00
2012/04/24	5.32	5.50	5.27	5.48	89167249	531048768.00
2012/04/25	5.45	5.53	5.38	5.47	63331251	380286848.00
2012/04/26	5.41	5.43	5.29	5.32	59344943	350114240.00
2012/04/27	5.30	5.38	5.28	5.34	30633257	180140288.00
2012/05/02	5.40	5.40	5.32	5.34	46054103	272106368.00
2012/05/03	5.32	5.33	5.24	5.28	37374492	217933376.00
2012/05/04	5.25	5.31	5.24	5.30	29402968	171064256.00
2012/05/07	5.26	5.27	5.22	5.26	27209996	157626176.00
2012/05/08	5.26	5.33	5.24	5.32	37002261	216332112.00
2012/05/09	5.30	5.32	5.21	5.22	32910124	191673344.00
2012/05/10	5.22	5.25	5.12	5.14	30573586	174969712.00
2012/05/11	5.14	5.16	5.09	5.11	23541043	133527480.00
2012/05/14	5.15	5.16	5.07	5.08	25169200	142728880.00
2012/05/15	5.06	5.07	5.00	5.04	25617891	142980880.00
2012/05/16	5.04	5.07	5.01	5.01	16902287	94567304.00
2012/05/17	5.03	5.10	5.00	5.08	20500419	114953072.00
2012/05/18	5.04	5.05	4.95	4.98	28815086	159773072.00
2012/05/21	4.98	5.07	4.98	5.00	16998791	94649008.00
2012/05/22	5.03	5.12	5.02	5.11	33817146	190056272.00
2012/05/23	5.10	5.11	4.99	5.05	26789708	150355872.00
2012/05/24	5.08	5.10	4.99	5.01	21027394	117416840.00
2012/05/25	5.00	5.07	4.96	4.99	20657634	114844592.00
2012/05/28	4.98	5.18	4.97	5.17	49692269	280961600.00
2012/05/29	5.15	5.25	5.13	5.18	65414067	375256960.00
2012/05/30	5.16	5.16	5.07	5.09	38174810	215585328.00
2012/05/31	5.06	5.08	5.00	5.03	18414053	102878752.00
2012/06/01	5.03	5.05	4.98	5.01	21689998	120599056.00
2012/06/04	4.94	4.94	4.73	4.74	50931944	274971648.00
2012/06/05	4.75	4.77	4.60	4.65	37404519	194982576.00
2012/06/07	4.69	4.70	4.59	4.60	30681645	159424288.00
2012/06/08	4.64	4.64	4.58	4.61	28925389	149312384.00
2012/06/11	4.63	4.64	4.57	4.62	49046548	253049504.00
2012/06/12	4.57	4.60	4.49	4.51	42258509	215490080.00
2012/06/13	4.52	4.57	4.51	4.55	46763855	238326864.00
2012/06/14	4.53	4.54	4.45	4.47	39881499	200933920.00
2012/06/15	4.48	4.54	4.45	4.53	29873615	150263536.00
2012/06/18	4.53	4.54	4.50	4.51	18776703	95217424.00
2012/06/19	4.52	4.52	4.44	4.46	27132602	136239168.00
2012/06/20	4.47	4.48	4.40	4.45	30134458	150464272.00
2012/06/21	4.44	4.44	4.36	4.37	21979225	108567288.00
2012/06/25	4.35	4.37	4.32	4.32	15599261	76300312.00
2012/06/26	4.30	4.32	4.25	4.28	19302617	93226056.00
2012/06/27	4.27	4.30	4.24	4.28	24857910	119763440.00
2012/06/28	4.28	4.29	4.19	4.20	15883816	76170832.00
2012/06/29	4.18	4.27	4.17	4.26	20891859	99966672.00
2012/07/02	4.28	4.30	4.23	4.29	19302582	92848480.00
2012/07/03	4.28	4.31	4.25	4.26	16710399	80711456.00
2012/07/04	4.27	4.29	4.24	4.28	13040240	62814936.00
2012/07/05	4.26	4.27	4.20	4.27	16064628	76835472.00
2012/07/06	4.28	4.30	4.23	4.29	21858590	105278632.00
2012/07/09	4.27	4.27	4.14	4.19	21201261	101046680.00
2012/07/10	4.17	4.26	4.15	4.19	20702217	98718680.00
2012/07/11	4.19	4.29	4.19	4.29	19943910	95945648.00
2012/07/12	4.28	4.31	4.26	4.28	17142551	82831592.00
2012/07/13	4.27	4.29	4.25	4.26	10513693	50636684.00
2012/07/16	4.25	4.26	4.10	4.10	23637128	111318416.00
2012/07/17	4.10	4.13	4.06	4.08	27585609	128113984.00
2012/07/18	4.08	4.23	4.06	4.22	37966316	178300576.00
2012/07/19	4.20	4.32	4.20	4.27	34513080	166300144.00
2012/07/20	4.28	4.29	4.19	4.24	14556407	69796520.00
2012/07/23	4.20	4.23	4.16	4.17	10927729	51739000.00
2012/07/24	4.16	4.22	4.14	4.20	10202366	48228264.00
2012/07/25	4.17	4.23	4.14	4.19	16260521	77023736.00
2012/07/26	4.17	4.28	4.15	4.23	24242216	115547600.00
2012/07/27	4.24	4.24	4.18	4.20	12226501	55975704.00
2012/07/30	4.22	4.23	4.17	4.18	11875213	54215844.00
2012/07/31	4.17	4.20	4.12	4.13	15083825	68152456.00
2012/08/01	4.13	4.23	4.11	4.22	17386562	79315872.00
2012/08/02	4.21	4.30	4.18	4.29	21054788	96919192.00
2012/08/03	4.27	4.31	4.25	4.30	18448132	85948688.00
2012/08/06	4.27	4.33	4.26	4.30	28809896	134776160.00
2012/08/07	4.30	4.31	4.27	4.30	13736212	63985136.00
2012/08/08	4.29	4.31	4.27	4.28	9055196	42197064.00
2012/08/09	4.28	4.33	4.26	4.31	14881214	69378632.00
2012/08/10	4.31	4.34	4.29	4.31	14567789	68292120.00
2012/08/13	4.31	4.32	4.21	4.22	14113738	65237720.00
2012/08/14	4.22	4.24	4.16	4.23	12006558	54971744.00
2012/08/15	4.22	4.24	4.19	4.20	7423246	33965208.00
2012/08/16	4.20	4.23	4.19	4.22	5564643	25518120.00
2012/08/17	4.22	4.30	4.21	4.28	11691243	54057212.00
2012/08/20	4.25	4.25	4.21	4.23	4960104	22809012.00
2012/08/21	4.23	4.26	4.22	4.25	8011640	36985200.00
2012/08/22	4.23	4.25	4.16	4.18	9682762	44248528.00
2012/08/23	4.18	4.22	4.17	4.20	10227573	46721184.00
2012/08/24	4.19	4.20	4.15	4.17	9169300	41618076.00
2012/08/27	4.14	4.14	4.06	4.07	12558054	56071420.00
2012/08/28	4.06	4.12	4.01	4.10	13458904	59671488.00
2012/08/29	4.08	4.08	3.99	4.00	19467351	85532160.00
2012/08/30	4.00	4.02	3.94	3.96	14507540	62911264.00
2012/08/31	3.95	3.97	3.90	3.90	11921719	51217392.00
2012/09/03	3.90	3.94	3.88	3.90	14121001	60452732.00
2012/09/04	3.91	3.92	3.73	3.74	31616753	131919704.00
2012/09/05	3.72	3.77	3.69	3.75	18027438	74086072.00
2012/09/06	3.77	3.80	3.77	3.79	13090890	54372064.00
2012/09/07	3.86	4.13	3.86	4.10	61793304	271166880.00
2012/09/10	4.08	4.17	4.04	4.12	42760621	192295120.00
2012/09/11	4.10	4.10	4.01	4.04	19867170	87456808.00
2012/09/12	4.04	4.09	3.99	4.05	13569203	59673160.00
2012/09/13	4.05	4.05	3.95	3.96	15474354	67521280.00
2012/09/14	3.99	4.00	3.88	3.95	20643710	89026600.00
2012/09/17	3.95	3.99	3.87	3.89	18490948	79680232.00
2012/09/18	3.87	3.93	3.84	3.89	9945042	42361584.00
2012/09/19	3.88	3.93	3.88	3.89	9696935	41408032.00
2012/09/20	3.88	3.90	3.77	3.79	14840089	62059432.00
2012/09/21	3.78	3.83	3.76	3.79	12197603	50786304.00
2012/09/24	3.76	3.79	3.75	3.77	11382947	47156824.00
2012/09/25	3.76	3.78	3.69	3.70	12976855	53150744.00
2012/09/26	3.71	3.71	3.62	3.63	11860729	47796552.00
2012/09/27	3.63	3.76	3.62	3.70	18644661	75956368.00
2012/09/28	3.68	3.79	3.67	3.78	14236521	58514216.00
2012/10/08	3.78	3.81	3.76	3.77	17535924	72836456.00
2012/10/09	3.77	3.88	3.77	3.86	18698661	78681952.00
2012/10/10	3.84	3.89	3.81	3.86	14062151	59358064.00
2012/10/11	3.85	3.98	3.83	3.89	21813252	93255968.00
2012/10/12	3.91	3.98	3.90	3.96	29209164	125861928.00
2012/10/15	3.95	3.99	3.91	3.97	19992370	86476160.00
2012/10/16	4.00	4.01	3.94	3.95	13367995	58101976.00
2012/10/17	3.96	4.12	3.95	4.09	34836851	154062064.00
2012/10/18	4.09	4.24	4.08	4.21	49857196	226397856.00
2012/10/19	4.22	4.30	4.21	4.23	34046787	157702032.00
2012/10/22	4.21	4.26	4.20	4.26	16609385	76452696.00
2012/10/23	4.26	4.27	4.18	4.20	13247439	60765736.00
2012/10/24	4.18	4.18	4.13	4.18	16883575	76420032.00
2012/10/25	4.17	4.28	4.15	4.16	12638772	57966820.00
2012/10/26	4.16	4.18	4.03	4.04	12783112	57001572.00
2012/10/29	4.05	4.08	4.01	4.04	7210422	31809968.00
2012/10/30	4.06	4.11	4.03	4.10	11727352	52241784.00
2012/10/31	4.08	4.18	4.07	4.17	12469954	56168140.00
2012/11/01	4.17	4.25	4.17	4.22	18038560	82913840.00
2012/11/02	4.23	4.34	4.20	4.34	30143590	140601984.00
2012/11/05	4.33	4.37	4.29	4.33	19889982	93412472.00
2012/11/06	4.33	4.33	4.22	4.26	12833966	59330028.00
2012/11/07	4.28	4.30	4.22	4.25	9780732	45250844.00
2012/11/08	4.22	4.24	4.15	4.16	12752247	58190784.00
2012/11/09	4.15	4.20	4.13	4.17	7746793	35090352.00
2012/11/12	4.15	4.24	4.15	4.22	12661369	57895336.00
2012/11/13	4.22	4.22	4.03	4.08	22077418	98287832.00
2012/11/14	4.08	4.10	4.04	4.07	6837478	30301804.00
2012/11/15	4.03	4.07	3.97	3.98	6867776	30218956.00
2012/11/16	3.96	3.99	3.94	3.98	7611629	32951610.00
2012/11/19	3.97	3.98	3.92	3.93	8255537	35644708.00
2012/11/20	3.96	4.00	3.92	3.97	21192952	91714912.00
2012/11/21	3.97	4.02	3.92	4.01	10902171	47265596.00
2012/11/22	3.99	4.00	3.93	3.95	7797774	33772928.00
2012/11/23	3.95	4.01	3.95	3.98	7164489	31219108.00
2012/11/26	3.98	4.02	3.95	3.99	7662110	33370720.00
2012/11/27	3.98	3.99	3.91	3.92	9539055	41091804.00
2012/11/28	3.90	3.91	3.77	3.82	13882445	58301544.00
2012/11/29	3.82	3.89	3.82	3.84	8847599	37443080.00
2012/11/30	3.84	3.98	3.83	3.97	14037564	60435608.00
2012/12/03	3.97	4.40	3.94	4.20	75558042	345332256.00
2012/12/04	4.18	4.30	4.15	4.26	43082395	198881152.00
2012/12/05	4.23	4.56	4.21	4.48	74420414	356136832.00
2012/12/06	4.48	4.53	4.38	4.46	48304930	233782384.00
2012/12/07	4.44	4.58	4.41	4.51	44346127	216298256.00
2012/12/10	4.51	4.59	4.46	4.54	36133929	176919728.00
2012/12/11	4.53	4.53	4.37	4.39	28501792	136900256.00
2012/12/12	4.40	4.46	4.36	4.44	16564600	79383040.00
2012/12/13	4.42	4.47	4.39	4.42	12517598	60111884.00
2012/12/14	4.44	4.65	4.38	4.63	47434921	233950992.00
2012/12/17	4.63	4.86	4.61	4.79	70832204	364304544.00
2012/12/18	4.78	4.83	4.70	4.73	31722927	163359456.00
2012/12/19	4.71	4.77	4.69	4.70	21633389	110367272.00
2012/12/20	4.71	4.75	4.68	4.75	16457208	83749648.00
2012/12/21	4.75	4.83	4.65	4.67	25593266	130345216.00
2012/12/24	4.65	4.70	4.64	4.70	16721065	84302328.00
2012/12/25	4.68	4.85	4.65	4.83	29886402	154011360.00
2012/12/26	4.81	4.85	4.74	4.77	32922803	169527184.00
2012/12/27	4.79	4.81	4.71	4.74	25828783	132706264.00
2012/12/28	4.74	4.82	4.72	4.81	24148437	124029536.00
2012/12/31	4.81	4.96	4.75	4.93	38090932	198835904.00
2013/01/04	4.93	5.13	4.92	5.03	42447678	228524528.00
2013/01/07	5.03	5.07	4.94	5.02	19837274	106631312.00
2013/01/08	5.01	5.01	4.91	4.94	22462586	119454096.00
2013/01/09	4.92	4.98	4.73	4.83	31133362	163074224.00
2013/01/10	4.81	4.86	4.76	4.79	24955856	129089592.00
2013/01/11	4.81	4.84	4.64	4.67	21948640	112315240.00
2013/01/14	4.65	4.86	4.64	4.82	23857493	122740952.00
2013/01/15	4.82	4.88	4.78	4.82	27879818	144411920.00
2013/01/16	4.81	4.81	4.65	4.71	31259070	158916992.00
2013/01/17	4.70	4.71	4.61	4.63	15917138	80023784.00
2013/01/18	4.68	4.76	4.65	4.73	23851411	121099744.00
2013/01/21	4.74	4.94	4.74	4.92	39816645	208224944.00
2013/01/22	4.93	4.93	4.82	4.86	23907875	125167568.00
2013/01/23	4.84	4.95	4.82	4.87	30356831	159420144.00
2013/01/24	4.86	4.96	4.76	4.79	32649537	170981200.00
2013/01/25	4.80	4.83	4.66	4.68	18743986	95223592.00
2013/01/28	4.71	4.87	4.68	4.86	23156113	119382112.00
2013/01/29	4.86	4.93	4.80	4.89	24435022	127688824.00
2013/01/30	4.82	4.88	4.81	4.85	17970545	93559688.00
2013/01/31	4.87	4.98	4.83	4.92	46554933	245067728.00
2013/02/01	4.92	5.04	4.88	4.96	56616589	302138272.00
2013/02/04	4.99	5.02	4.90	4.92	31106912	165887408.00
2013/02/05	4.89	5.42	4.82	5.21	84088106	461319584.00
2013/02/06	5.16	5.20	5.05	5.09	36041104	198057600.00
2013/02/07	5.07	5.14	4.99	5.06	27162712	147630784.00
2013/02/08	5.07	5.15	5.01	5.10	26164099	142758784.00
2013/02/18	5.11	5.13	4.99	5.02	20449223	110697568.00
2013/02/19	5.03	5.06	4.83	4.88	29380701	155381696.00
2013/02/20	4.88	4.90	4.82	4.89	19587062	102462048.00
2013/02/21	4.86	4.86	4.66	4.71	26996605	137870496.00
2013/02/22	4.71	4.72	4.66	4.68	14207813	71872968.00
2013/02/25	4.72	4.73	4.68	4.70	10500240	53313024.00
2013/02/26	4.67	4.70	4.53	4.55	28082851	140293440.00
2013/02/27	4.56	4.59	4.45	4.50	34199676	166518192.00
2013/02/28	4.53	4.62	4.50	4.62	34728214	171357088.00
2013/03/01	4.61	4.64	4.53	4.59	19285348	95481960.00
2013/03/04	4.55	4.55	4.38	4.41	43103948	206823664.00
2013/03/05	4.41	4.49	4.40	4.46	20158987	97041728.00
2013/03/06	4.49	4.55	4.45	4.50	22374656	109243256.00
2013/03/07	4.49	4.53	4.41	4.47	23785521	114864352.00
2013/03/08	4.46	4.51	4.45	4.50	16187050	78455504.00
2013/03/11	4.52	4.59	4.50	4.52	21705880	106701184.00
2013/03/12	4.51	4.54	4.36	4.42	20950104	101061856.00
2013/03/13	4.41	4.41	4.32	4.33	12301538	58084468.00
2013/03/14	4.30	4.36	4.29	4.34	7237674	33998028.00
2013/03/15	4.34	4.42	4.28	4.39	17175782	81443240.00
2013/03/18	4.36	4.36	4.27	4.29	12088603	56416272.00
2013/03/19	4.32	4.32	4.24	4.29	9308723	43272664.00
2013/03/20	4.29	4.40	4.28	4.39	20866545	98610016.00
2013/03/21	4.39	4.40	4.34	4.36	18734783	88743048.00
2013/03/22	4.36	4.37	4.31	4.34	15690055	73886368.00
2013/03/25	4.37	4.39	4.33	4.39	15260150	72231856.00
2013/03/26	4.37	4.38	4.27	4.32	27545503	128826776.00
2013/03/27	4.38	4.58	4.37	4.56	72025539	350751904.00
2013/03/28	4.51	4.67	4.46	4.62	83069294	410808768.00
2013/03/29	4.62	4.76	4.59	4.63	47139031	237917296.00
2013/04/01	4.60	4.68	4.57	4.58	16516476	82362072.00
2013/04/02	4.61	4.73	4.61	4.64	27667897	139409488.00
2013/04/03	4.68	4.69	4.57	4.62	17794483	88542192.00
2013/04/08	4.55	4.65	4.50	4.63	19230623	95436232.00
2013/04/09	4.64	4.67	4.60	4.65	21694750	108456384.00
2013/04/10	4.64	4.69	4.59	4.68	17037228	85296264.00
2013/04/11	4.71	4.83	4.70	4.77	36125556	186004128.00
2013/04/12	4.79	4.79	4.62	4.64	23698257	119845256.00
2013/04/15	4.62	4.65	4.55	4.65	18536330	92063496.00
2013/04/16	4.61	4.69	4.58	4.69	14327568	71635736.00
2013/04/17	4.69	4.69	4.59	4.62	12308353	61542352.00
2013/04/18	4.60	4.69	4.57	4.68	18334569	92111720.00
2013/04/19	4.67	4.78	4.67	4.77	24759739	126522464.00
2013/04/22	4.74	4.82	4.73	4.78	17341265	89241384.00
2013/04/23	4.75	4.76	4.59	4.61	23536485	118374080.00
2013/04/24	4.62	4.71	4.61	4.68	16785820	84484448.00
2013/04/25	4.66	4.69	4.61	4.65	13141190	65984296.00
2013/04/26	4.65	4.68	4.57	4.58	14420437	71701408.00
2013/05/02	4.55	4.56	4.46	4.49	15602013	76175528.00
2013/05/03	4.51	4.58	4.50	4.54	15475425	76104888.00
2013/05/06	4.55	4.64	4.55	4.63	13320939	66294008.00
2013/05/07	4.61	4.68	4.60	4.65	14113854	70870280.00
2013/05/08	4.69	4.72	4.65	4.66	15087083	76166672.00
2013/05/09	4.65	4.71	4.63	4.66	15442387	77801728.00
2013/05/10	4.65	4.71	4.65	4.69	10407979	52638728.00
2013/05/13	4.68	4.70	4.63	4.66	8585752	43265624.00
2013/05/14	4.65	4.67	4.55	4.57	11891980	58985456.00
2013/05/15	4.55	4.58	4.53	4.57	8669948	42710148.00
2013/05/16	4.55	4.61	4.53	4.60	8968363	44398632.00
2013/05/17	4.60	4.73	4.59	4.71	17142004	86457280.00
2013/05/20	4.72	4.73	4.68	4.70	21552360	109300504.00
2013/05/21	4.70	4.71	4.66	4.69	12688925	64148416.00
2013/05/22	4.70	4.76	4.65	4.72	22179023	112518816.00
2013/05/23	4.71	4.71	4.62	4.63	12399603	62443608.00
2013/05/24	4.64	4.68	4.63	4.66	9384932	47205912.00
2013/05/27	4.66	4.68	4.62	4.63	17998023	90205176.00
2013/05/28	4.63	4.70	4.61	4.70	14198505	71241096.00
2013/05/29	4.70	4.74	4.69	4.70	18244631	92734688.00
2013/05/30	4.70	4.70	4.62	4.66	26317131	132025160.00
2013/05/31	4.65	4.68	4.59	4.60	18078800	90357544.00
2013/06/03	4.61	4.62	4.55	4.57	21686530	107541624.00
2013/06/04	4.57	4.57	4.48	4.50	18798647	91892624.00
2013/06/05	4.49	4.52	4.46	4.48	8314748	40359740.00
2013/06/06	4.47	4.49	4.36	4.38	16529946	79148880.00
2013/06/07	4.38	4.40	4.28	4.30	13131986	61786748.00
2013/06/13	4.27	4.27	4.08	4.17	14798219	67105264.00
2013/06/14	4.17	4.22	4.15	4.21	11648960	52985964.00
2013/06/17	4.19	4.21	4.15	4.18	7083646	32242466.00
2013/06/18	4.19	4.20	4.14	4.16	10806846	49036480.00
2013/06/19	4.14	4.15	4.00	4.06	17416705	77058640.00
2013/06/20	4.03	4.05	3.90	3.93	15425832	66995888.00
2013/06/21	3.89	3.96	3.83	3.91	18645529	79787080.00
2013/06/24	3.89	3.89	3.65	3.69	19042699	78973584.00
2013/06/25	3.66	3.70	3.48	3.63	36233724	143307952.00
2013/06/26	3.62	3.67	3.51	3.59	22036596	87440000.00
2013/06/27	3.60	3.70	3.60	3.63	24601660	98743456.00
2013/06/28	3.63	3.71	3.61	3.68	24946548	101045456.00
2013/07/01	3.68	3.74	3.66	3.73	17961692	73139352.00
2013/07/02	3.73	3.75	3.66	3.70	12442665	50602136.00
2013/07/03	3.69	3.70	3.55	3.58	21875277	86643056.00
2013/07/04	3.54	3.64	3.51	3.61	24892822	98384672.00
2013/07/05	3.61	3.64	3.59	3.60	11769984	46903808.00
2013/07/08	3.56	3.56	3.45	3.46	14959922	57677104.00
2013/07/09	3.47	3.49	3.44	3.46	7928742	30395378.00
2013/07/10	3.46	3.55	3.46	3.54	16066270	62260092.00
2013/07/11	3.54	3.75	3.54	3.70	39904458	161068320.00
2013/07/12	3.70	3.82	3.68	3.68	30790205	126474280.00
2013/07/15	3.70	3.75	3.66	3.68	18054485	73508000.00
2013/07/16	3.68	3.70	3.61	3.69	25630456	103221000.00
2013/07/17	3.68	3.70	3.62	3.64	16803459	67804816.00
2013/07/18	3.63	3.65	3.54	3.56	19862829	78754088.00
2013/07/19	3.57	3.58	3.46	3.47	21238715	82791504.00
2013/07/22	3.45	3.49	3.43	3.47	12118191	46420624.00
2013/07/23	3.49	3.61	3.47	3.60	19269650	75974064.00
2013/07/24	3.58	3.65	3.54	3.62	21122774	83963024.00
2013/07/25	3.66	3.73	3.61	3.61	24162349	97753200.00
2013/07/26	3.59	3.66	3.58	3.63	12282323	49149808.00
2013/07/29	3.61	3.61	3.51	3.53	13291833	52070252.00
2013/07/30	3.54	3.61	3.53	3.56	8753605	34480236.00
2013/07/31	3.59	3.62	3.56	3.57	7759726	30726188.00
2013/08/01	3.60	3.68	3.59	3.67	15376422	61784368.00
2013/08/02	3.70	3.73	3.67	3.69	13463010	54711936.00
2013/08/05	3.70	3.72	3.67	3.70	10055654	40918304.00
2013/08/06	3.68	3.72	3.66	3.70	10669430	43274020.00
2013/08/07	3.69	3.73	3.67	3.69	12075099	49166128.00
2013/08/08	3.68	3.69	3.64	3.67	10035120	40521084.00
2013/08/09	3.69	3.70	3.64	3.69	9117622	36824760.00
2013/08/12	3.70	3.78	3.66	3.77	34810620	143002512.00
2013/08/13	3.77	3.81	3.77	3.80	26492652	110126776.00
2013/08/14	3.81	3.84	3.75	3.76	15941464	66421952.00
2013/08/15	3.76	3.85	3.76	3.82	30203917	126635560.00
2013/08/16	3.81	4.24	3.76	3.80	35294700	150265168.00
2013/08/19	3.78	3.85	3.77	3.84	10639199	44539288.00
2013/08/20	3.84	3.88	3.80	3.84	16131214	67872504.00
2013/08/21	3.85	3.86	3.81	3.83	9485427	38207856.00
2013/08/22	3.82	3.86	3.80	3.80	10848789	43657300.00
2013/08/23	3.82	3.84	3.74	3.79	9920638	39614860.00
2013/08/26	3.80	3.88	3.80	3.86	9951913	40139672.00
2013/08/27	3.87	3.88	3.82	3.85	11855207	47835604.00
2013/08/28	3.83	3.84	3.77	3.80	27615458	110144272.00
2013/08/29	3.81	3.81	3.77	3.80	21915486	87217584.00
2013/08/30	3.80	3.86	3.78	3.81	27076427	108275856.00
2013/09/02	3.83	3.88	3.80	3.86	26191617	105480280.00
2013/09/03	3.86	3.89	3.84	3.88	24744504	100469632.00
2013/09/04	3.88	3.89	3.84	3.86	16627133	67390240.00
2013/09/05	3.87	3.87	3.82	3.85	11913006	48107964.00
2013/09/06	3.84	3.88	3.82	3.85	19331022	78110768.00
2013/09/09	3.86	4.01	3.85	4.00	44281661	183374976.00
2013/09/10	4.01	4.12	3.97	4.09	44852682	190771040.00
2013/09/11	4.16	4.40	4.15	4.27	75358045	336169760.00
2013/09/12	4.26	4.31	4.17	4.29	37013767	164337664.00
2013/09/13	4.26	4.29	4.17	4.20	24231657	106754528.00
2013/09/16	4.22	4.25	4.12	4.13	21726431	94552536.00
2013/09/17	4.16	4.19	4.03	4.04	18757107	80539200.00
2013/09/18	4.04	4.06	4.00	4.04	18803076	79313752.00
2013/09/23	4.06	4.09	4.03	4.08	16834150	71517648.00
2013/09/24	4.06	4.06	3.97	3.99	17901006	75165520.00
2013/09/25	3.98	4.00	3.93	3.95	18711668	77788824.00
2013/09/26	3.94	3.95	3.87	3.87	17058765	69633384.00
2013/09/27	3.87	3.89	3.86	3.89	9872896	40140532.00
2013/09/30	3.90	3.95	3.89	3.91	13389215	55033996.00
2013/10/08	3.91	3.96	3.89	3.95	13329340	54944608.00
2013/10/09	3.94	3.97	3.93	3.95	14418915	59621440.00
2013/10/10	3.95	3.96	3.89	3.90	13800770	56821092.00
2013/10/11	3.92	3.98	3.92	3.97	18103232	75066328.00
2013/10/14	3.99	4.12	3.99	4.09	39079652	166674592.00
2013/10/15	4.07	4.08	4.00	4.03	22429039	94827800.00
2013/10/16	4.03	4.03	3.91	3.94	18252490	75705128.00
2013/10/17	3.96	4.01	3.95	3.96	12949510	53935024.00
2013/10/18	3.97	3.98	3.93	3.94	10399945	43071168.00
2013/10/21	3.95	3.99	3.92	3.98	25783451	106917424.00
2013/10/22	3.96	4.01	3.94	3.99	17702241	73773336.00
2013/10/23	4.01	4.05	3.95	3.96	21258661	89069664.00
2013/10/24	3.96	3.97	3.92	3.95	14698063	60796568.00
2013/10/25	3.95	3.96	3.86	3.89	19541541	80191880.00
2013/10/28	3.88	3.90	3.86	3.88	9590713	39006312.00
2013/10/29	3.88	3.94	3.82	3.86	19385761	78846168.00
2013/10/30	3.88	3.99	3.86	3.98	22378877	92276352.00
2013/10/31	4.00	4.01	3.93	3.96	19327661	80308736.00
2013/11/01	3.96	4.00	3.94	3.99	18129735	75461144.00
2013/11/04	4.01	4.02	3.81	3.96	18567926	77299824.00
2013/11/05	3.92	4.00	3.89	4.00	18685504	77259552.00
2013/11/06	3.98	4.01	3.94	3.95	12040705	50196716.00
2013/11/07	3.97	4.04	3.93	4.01	23236280	97361080.00
2013/11/08	3.99	4.01	3.94	3.94	13799159	57410072.00
2013/11/11	3.95	3.98	3.92	3.96	6489127	26867710.00
2013/11/12	3.97	4.00	3.95	3.98	9431182	39326848.00
2013/11/13	3.96	3.97	3.89	3.90	13883217	57020612.00
2013/11/14	3.91	3.91	3.86	3.88	9914444	40333492.00
2013/11/15	3.88	3.98	3.88	3.94	14640653	60563848.00
2013/11/18	3.97	4.06	3.95	4.04	28115285	117862408.00
2013/11/19	4.06	4.08	4.01	4.03	19904048	84262592.00
2013/11/20	4.05	4.06	4.01	4.06	15372962	64954976.00
2013/11/21	4.05	4.05	3.99	4.04	14974003	63069232.00
2013/11/22	4.05	4.05	4.01	4.02	11645458	49102980.00
2013/11/25	4.01	4.03	3.98	4.01	12990540	54512388.00
2013/11/26	4.01	4.02	3.98	3.99	8972521	37585008.00
2013/11/27	3.99	4.05	3.97	4.04	16574045	69803816.00
2013/11/28	4.05	4.10	4.03	4.08	22430127	95514832.00
2013/11/29	4.07	4.10	4.06	4.08	14829363	63329156.00
2013/12/02	4.07	4.18	4.04	4.09	32339472	138843712.00
2013/12/03	4.09	4.16	4.07	4.15	19909821	86032544.00
2013/12/04	4.15	4.28	4.12	4.22	41022126	180940128.00
2013/12/05	4.22	4.23	4.16	4.18	23138467	101355168.00
2013/12/06	4.17	4.19	4.11	4.13	19869206	86027728.00
2013/12/09	4.16	4.18	4.13	4.15	14007323	60849084.00
2013/12/10	4.15	4.21	4.14	4.17	15149858	66092760.00
2013/12/11	4.15	4.17	4.09	4.12	22368947	96650016.00
2013/12/12	4.11	4.14	4.08	4.10	15924086	68478760.00
2013/12/13	4.07	4.12	4.06	4.09	10340867	44290376.00
2013/12/16	4.10	4.10	3.99	4.00	12882127	54504176.00
2013/12/17	4.01	4.03	3.98	4.03	7887068	33099472.00
2013/12/18	4.02	4.04	3.99	4.01	6371977	26816008.00
2013/12/19	4.03	4.03	3.91	3.94	13663980	56775392.00
2013/12/20	3.93	3.95	3.85	3.86	13033127	53202328.00
2013/12/23	3.87	3.89	3.82	3.85	5682451	22989920.00
2013/12/24	3.87	3.89	3.83	3.86	7079020	28703810.00
2013/12/25	3.86	3.88	3.84	3.87	6422372	26062708.00
2013/12/26	3.86	3.88	3.76	3.78	13367039	53482496.00
2013/12/27	3.79	3.86	3.77	3.84	10716017	43059868.00
2013/12/30	3.86	3.89	3.80	3.83	13160392	53033512.00
2013/12/31	3.80	3.86	3.79	3.85	11275826	45318216.00
2014/01/02	3.84	3.86	3.81	3.83	9844549	39570352.00
2014/01/03	3.81	3.83	3.76	3.77	11462794	45489008.00
2014/01/06	3.77	3.77	3.63	3.67	18767010	72508192.00
2014/01/07	3.64	3.71	3.64	3.70	8951883	34654440.00
2014/01/08	3.69	3.72	3.63	3.68	8256615	31988032.00
2014/01/09	3.67	3.69	3.62	3.65	10144056	38977168.00
2014/01/10	3.65	3.69	3.61	3.65	12033884	46022200.00
2014/01/13	3.63	3.66	3.61	3.66	10415033	39784380.00
2014/01/14	3.65	3.69	3.62	3.68	7049788	27114816.00
2014/01/15	3.66	3.67	3.62	3.65	6071484	23272146.00
2014/01/16	3.65	3.66	3.62	3.63	8118368	31104964.00
2014/01/17	3.62	3.65	3.58	3.60	10205065	38779364.00
2014/01/20	3.60	3.61	3.55	3.60	10567512	39757488.00
2014/01/21	3.60	3.64	3.59	3.62	9760918	37183352.00
2014/01/22	3.63	3.71	3.61	3.70	11991239	46334184.00
2014/01/23	3.69	3.70	3.65	3.67	8325621	32099412.00
2014/01/24	3.65	3.70	3.64	3.68	7848354	30324444.00
2014/01/27	3.65	3.66	3.62	3.63	6957469	26597632.00
2014/01/28	3.64	3.66	3.59	3.64	9907237	37797804.00
2014/01/29	3.64	3.67	3.63	3.66	6384725	24509362.00
2014/01/30	3.64	3.64	3.61	3.63	7396639	28195250.00
2014/02/07	3.61	3.64	3.60	3.64	6822079	25983424.00
2014/02/10	3.65	3.72	3.64	3.72	17014831	66011800.00
2014/02/11	3.71	3.75	3.68	3.74	15585140	60920384.00
2014/02/12	3.74	3.79	3.72	3.77	16084229	63486564.00
2014/02/13	3.75	3.77	3.71	3.71	11250009	44185724.00
2014/02/14	3.72	3.76	3.71	3.75	8969231	35197664.00
2014/02/17	3.75	3.78	3.74	3.76	13553329	53506568.00
2014/02/18	3.76	3.76	3.69	3.71	9342229	36575304.00
2014/02/19	3.70	3.77	3.68	3.75	16918136	66260040.00
2014/02/20	3.76	3.80	3.73	3.74	25350017	100314112.00
2014/02/21	3.75	3.75	3.68	3.71	13896422	54291412.00
2014/02/24	3.70	3.71	3.61	3.62	14405965	55275856.00
2014/02/25	3.62	3.64	3.56	3.57	14790451	56161912.00
2014/02/26	3.57	3.59	3.55	3.58	9226355	34706188.00
2014/02/27	3.60	3.62	3.50	3.53	28094070	104940968.00
2014/02/28	3.52	3.55	3.48	3.53	13203093	48947176.00
2014/03/03	3.54	3.58	3.52	3.56	13095419	49016616.00
2014/03/04	3.54	3.56	3.51	3.56	10606635	39568976.00
2014/03/05	3.56	3.56	3.51	3.51	10540247	39233588.00
2014/03/06	3.52	3.56	3.48	3.55	15153057	56238576.00
2014/03/07	3.54	3.56	3.51	3.52	14552025	54206936.00
2014/03/10	3.50	3.50	3.41	3.41	16084501	58613552.00
2014/03/11	3.41	3.43	3.38	3.43	10493151	37765424.00
2014/03/12	3.41	3.44	3.39	3.43	11155707	40233356.00
2014/03/13	3.44	3.49	3.42	3.46	10869414	39632584.00
2014/03/14	3.45	3.45	3.40	3.43	9399786	33988808.00
2014/03/17	3.44	3.46	3.42	3.45	9535084	34617976.00
2014/03/18	3.45	3.46	3.43	3.45	8174596	29708500.00
2014/03/19	3.44	3.44	3.39	3.43	11669032	42040192.00
2014/03/20	3.43	3.47	3.42	3.42	11156225	40559104.00
2014/03/21	3.41	3.55	3.41	3.54	25611294	94295664.00
2014/03/24	3.55	3.68	3.54	3.66	36812620	140260592.00
2014/03/25	3.64	3.70	3.63	3.68	26344016	101546352.00
2014/03/26	3.64	3.65	3.57	3.60	33530289	127433528.00
2014/03/27	3.58	3.61	3.56	3.57	17997611	67896864.00
2014/03/28	3.56	3.60	3.55	3.57	13907697	52413248.00
2014/03/31	3.58	3.60	3.56	3.57	11617281	43759184.00
2014/04/01	3.57	3.60	3.55	3.58	14209347	53472816.00
2014/04/02	3.59	3.63	3.57	3.62	24701885	93653344.00
2014/04/03	3.65	3.68	3.56	3.58	28604906	109068272.00
2014/04/04	3.57	3.60	3.56	3.59	10943735	41286684.00
2014/04/08	3.58	3.67	3.58	3.66	23863998	91185576.00
2014/04/09	3.68	3.68	3.64	3.66	15696794	60392612.00
2014/04/10	3.66	3.91	3.63	3.82	97872326	389354656.00
2014/04/11	3.84	3.87	3.76	3.77	60859017	243376624.00
2014/04/14	3.76	3.78	3.73	3.77	23471244	92513328.00
2014/04/15	3.75	3.75	3.68	3.69	28508546	111201032.00
2014/04/16	3.69	3.71	3.67	3.70	14368462	55799960.00
2014/04/17	3.70	3.72	3.65	3.66	20534782	79284040.00
2014/04/18	3.65	3.66	3.62	3.65	12413730	47541300.00
2014/04/21	3.63	3.66	3.57	3.59	22470120	85494408.00
2014/04/22	3.59	3.60	3.55	3.58	13031455	49030092.00
2014/04/23	3.57	3.59	3.55	3.57	11916897	44775908.00
2014/04/24	3.56	3.60	3.55	3.57	11066413	41655936.00
2014/04/25	3.58	3.59	3.52	3.53	15177105	56842288.00
2014/04/28	3.53	3.53	3.48	3.49	12199871	44990608.00
2014/04/29	3.50	3.52	3.48	3.51	11274286	41647940.00
2014/04/30	3.51	3.53	3.49	3.53	12006448	44430176.00
2014/05/05	3.54	3.55	3.49	3.53	13403201	49669600.00
2014/05/06	3.52	3.55	3.50	3.53	9789398	36398824.00
2014/05/07	3.51	3.56	3.51	3.52	13029117	48511236.00
2014/05/08	3.52	3.56	3.50	3.51	11447682	42560912.00
2014/05/09	3.52	3.53	3.49	3.50	9914418	36691752.00
2014/05/12	3.54	3.62	3.51	3.59	22830149	85759472.00
2014/05/13	3.59	3.60	3.56	3.57	14673908	55258216.00
2014/05/14	3.57	3.59	3.56	3.57	7511017	28255628.00
2014/05/15	3.57	3.58	3.54	3.54	9831355	36855556.00
2014/05/16	3.54	3.56	3.53	3.54	6375255	23816324.00
2014/05/19	3.54	3.56	3.51	3.53	8641430	32080394.00
2014/05/20	3.54	3.56	3.53	3.54	8132093	30372098.00
2014/05/21	3.53	3.57	3.52	3.56	6899391	25779188.00
2014/05/22	3.56	3.59	3.55	3.56	10646369	40083316.00
2014/05/23	3.57	3.59	3.55	3.59	7482704	28122200.00
2014/05/26	3.59	3.60	3.56	3.57	6411182	24164474.00
2014/05/27	3.57	3.58	3.54	3.54	7026574	26339244.00
2014/05/28	3.55	3.57	3.52	3.56	7961381	29757930.00
2014/05/29	3.56	3.57	3.52	3.53	9506121	35502384.00
2014/05/30	3.53	3.54	3.52	3.53	8782518	32659820.00
2014/06/03	3.53	3.55	3.51	3.52	12110625	45031088.00
2014/06/04	3.52	3.52	3.47	3.49	12266558	45097016.00
2014/06/05	3.49	3.51	3.47	3.51	7524417	27707488.00
2014/06/06	3.51	3.52	3.48	3.50	9613177	35461488.00
2014/06/09	3.49	3.52	3.47	3.50	9782767	36073528.00
2014/06/10	3.50	3.53	3.49	3.53	6566165	24328786.00
2014/06/11	3.52	3.53	3.50	3.51	7621769	28201182.00
2014/06/12	3.52	3.53	3.50	3.53	9102242	33762524.00
2014/06/13	3.52	3.57	3.51	3.55	12268153	45832104.00
2014/06/16	3.55	3.58	3.54	3.57	11581956	43482720.00
2014/06/17	3.57	3.58	3.54	3.55	9514106	35622676.00
2014/06/18	3.55	3.55	3.52	3.53	10301212	38367356.00
2014/06/19	3.53	3.54	3.48	3.48	13923238	51393024.00
2014/06/20	3.49	3.51	3.48	3.51	7641020	28143596.00
2014/06/23	3.51	3.51	3.48	3.49	11253776	41488712.00
2014/06/24	3.49	3.52	3.49	3.51	6018442	22237644.00
2014/06/25	3.51	3.51	3.49	3.49	4667173	17200152.00
2014/06/26	3.51	3.54	3.50	3.52	9805936	36416512.00
2014/06/27	3.52	3.55	3.51	3.54	9614228	35800808.00
2014/06/30	3.54	3.58	3.53	3.57	16167071	60691928.00
2014/07/01	3.57	3.58	3.54	3.56	13880005	51996280.00
2014/07/02	3.57	3.58	3.55	3.58	14897690	53126844.00
2014/07/03	3.58	3.59	3.56	3.58	13823937	49429688.00
2014/07/04	3.58	3.60	3.57	3.59	13311985	47692312.00
2014/07/07	3.59	3.60	3.58	3.58	11125170	39905632.00
2014/07/08	3.59	3.60	3.57	3.60	10131765	36363960.00
2014/07/09	3.59	3.60	3.55	3.57	10352314	37007976.00
2014/07/10	3.56	3.60	3.56	3.58	14678788	52570888.00
2014/07/11	3.58	3.63	3.58	3.61	16929798	61061948.00
2014/07/14	3.62	3.66	3.60	3.65	14782626	53674032.00
2014/07/15	3.65	3.68	3.64	3.67	17474126	63900232.00
2014/07/16	3.67	3.76	3.66	3.72	37114032	138162816.00
2014/07/17	3.71	3.75	3.67	3.69	20386288	75495584.00
2014/07/18	3.69	3.73	3.67	3.72	18624623	69085848.00
2014/07/21	3.71	3.72	3.68	3.70	11845164	43862000.00
2014/07/22	3.69	3.75	3.68	3.73	21063997	78522376.00
2014/07/23	3.73	3.80	3.72	3.77	40045391	151166160.00
2014/07/24	3.78	3.84	3.78	3.81	35885604	136943184.00
2014/07/25	3.82	3.85	3.80	3.84	19713234	75386272.00
2014/07/28	3.87	3.98	3.85	3.97	59147046	232784608.00
2014/07/29	3.97	3.98	3.93	3.95	25200793	99594648.00
2014/07/30	3.94	3.97	3.91	3.91	23524302	92619520.00
2014/07/31	3.93	3.96	3.91	3.95	15731840	61912904.00
2014/08/01	3.94	4.02	3.93	3.94	36829050	146306544.00
2014/08/04	3.95	4.01	3.95	4.00	23823080	94811592.00
2014/08/05	4.00	4.02	3.97	3.99	19644485	78467616.00
2014/08/06	3.99	4.01	3.94	3.99	25831711	102583976.00
2014/08/07	3.99	4.00	3.89	3.90	34445101	135613248.00
2014/08/08	3.91	3.95	3.90	3.92	21897712	85884456.00
2014/08/11	3.92	3.98	3.92	3.98	22478329	88930328.00
2014/08/12	3.98	3.98	3.94	3.97	29125425	115359408.00
2014/08/13	4.02	4.13	4.01	4.10	119833839	489556384.00
2014/08/14	4.08	4.23	4.06	4.16	81839022	341162112.00
2014/08/15	4.15	4.18	4.12	4.17	32749952	136151760.00
2014/08/18	4.19	4.20	4.14	4.17	26273205	109419136.00
2014/08/19	4.17	4.17	4.09	4.13	39518697	163019792.00
2014/08/20	4.13	4.13	4.09	4.12	19664241	80892648.00
2014/08/21	4.13	4.13	4.04	4.09	32462627	132301200.00
2014/08/22	4.06	4.09	4.06	4.08	19832179	80747400.00
2014/08/25	4.07	4.09	4.04	4.07	15908944	64655748.00
2014/08/26	4.07	4.08	4.03	4.05	17165191	69574648.00
2014/08/27	4.06	4.07	4.03	4.04	15348132	62150328.00
2014/08/28	4.04	4.04	3.96	3.97	24809684	99072936.00
2014/08/29	3.97	4.02	3.96	4.02	22403084	89259184.00
2014/09/01	4.02	4.05	4.01	4.04	20098752	81032024.00
2014/09/02	4.05	4.08	4.03	4.08	24665762	100020704.00
2014/09/03	4.09	4.13	4.08	4.11	35222393	144739904.00
2014/09/04	4.12	4.14	4.10	4.12	23553532	97063280.00
2014/09/05	4.14	4.17	4.13	4.16	32322901	134093104.00
2014/09/09	4.16	4.18	4.14	4.17	30892064	128700544.00
2014/09/10	4.16	4.16	4.12	4.15	24245618	100398760.00
2014/09/11	4.14	4.20	4.13	4.15	35836864	149154336.00
2014/09/12	4.15	4.19	4.10	4.18	36377952	151107888.00
2014/09/15	4.16	4.34	4.16	4.26	77027650	327527008.00
2014/09/16	4.26	4.69	4.24	4.56	218537226	998025472.00
2014/09/17	4.55	4.72	4.41	4.61	134646233	615843776.00
2014/09/18	4.57	4.64	4.46	4.49	87764634	396976064.00
2014/09/19	4.51	4.64	4.46	4.60	94571862	432100544.00
2014/09/22	4.55	4.59	4.50	4.52	54835031	248662848.00
2014/09/23	4.52	4.55	4.45	4.53	56343662	253703184.00
2014/09/24	4.54	4.88	4.52	4.72	120907890	571196096.00
2014/09/25	4.72	4.84	4.66	4.73	85937103	408393568.00
2014/09/26	4.69	4.76	4.64	4.69	35098240	164789712.00
2014/09/29	4.75	4.85	4.71	4.77	59681224	284251008.00
2014/09/30	4.83	4.84	4.71	4.74	45992332	218384464.00
2014/10/08	4.74	4.75	4.67	4.73	45945704	216398064.00
2014/10/09	4.72	4.88	4.70	4.82	91337179	438517632.00
2014/10/10	4.78	4.80	4.69	4.72	69581243	330012480.00
2014/10/13	4.69	4.69	4.57	4.62	51430791	237276736.00
2014/10/14	4.62	4.69	4.60	4.65	41109583	190952192.00
2014/10/15	4.63	4.68	4.56	4.65	38523952	178129104.00
2014/10/16	4.61	4.85	4.60	4.70	114993592	546984256.00
2014/10/17	4.67	4.72	4.50	4.62	56497409	260572416.00
2014/10/20	4.64	4.65	4.58	4.63	27113369	125107664.00
2014/10/21	4.61	4.67	4.59	4.59	26496794	122389560.00
2014/10/22	4.60	4.62	4.50	4.53	30614648	139855904.00
2014/10/23	4.53	4.62	4.51	4.57	42540045	194399872.00
2014/10/24	4.55	4.62	4.48	4.50	26853729	121818120.00
2014/10/27	4.46	4.48	4.36	4.41	33678867	148540608.00
2014/10/28	4.42	4.68	4.41	4.64	64865653	295968000.00
2014/10/29	4.65	4.83	4.61	4.76	122949157	584330240.00
2014/10/30	4.73	5.20	4.72	5.12	159622240	798941952.00
2014/10/31	5.16	5.21	4.98	5.08	115045257	582424000.00
2014/11/03	5.11	5.59	5.11	5.57	281009644	1548909056.00
2014/11/04	5.82	6.13	5.62	6.13	281460034	1671919104.00
2014/11/05	6.49	6.55	6.15	6.18	360124310	2276188160.00
2014/11/06	6.16	6.80	5.96	6.80	380987443	2435499008.00
2014/11/07	6.86	7.04	6.56	6.66	384734519	2609767168.00
2014/11/10	6.75	7.03	6.56	6.98	304018566	2079171200.00
2014/11/11	6.80	6.83	6.37	6.47	222669777	1468825856.00
2014/11/12	6.45	6.56	6.31	6.54	143995237	929349632.00
2014/11/13	6.49	6.81	6.42	6.52	165877971	1092270208.00
2014/11/14	6.38	6.38	6.18	6.31	122942440	771587904.00
2014/11/17	6.28	6.53	6.12	6.32	115920224	734984000.00
2014/11/18	6.31	6.82	6.25	6.59	197159832	1297995136.00
2014/11/19	6.52	6.62	6.39	6.41	110591169	717791296.00
2014/11/20	6.30	6.49	6.27	6.39	79432968	507191488.00
2014/11/21	6.38	6.68	6.30	6.62	129099300	838696576.00
2014/11/24	6.70	7.28	6.59	7.28	226807375	1596764672.00
2014/11/25	7.41	7.68	7.24	7.50	298810550	2223540224.00
2014/11/26	7.50	7.71	7.28	7.48	221882556	1660150016.00
2014/11/27	7.49	7.50	7.15	7.31	173441871	1265778176.00
2014/11/28	7.18	7.85	7.10	7.58	217393296	1607529344.00
2014/12/01	7.43	7.47	7.18	7.21	130453015	954122368.00
2014/12/02	7.21	7.49	7.19	7.31	132502909	968913984.00
2014/12/03	7.31	7.55	7.13	7.26	173499228	1272156032.00
2014/12/04	7.28	7.45	7.17	7.37	155207730	1132959232.00
2014/12/05	7.43	7.43	6.96	7.10	162113079	1159122304.00
2014/12/08	7.15	7.81	7.15	7.81	239367650	1811176960.00
2014/12/09	8.15	8.59	7.85	8.19	386547012	3236257024.00
2014/12/10	8.56	9.01	8.55	9.01	299798949	2660414976.00
2014/12/11	9.54	9.91	9.08	9.91	353738505	3372244224.00
2014/12/12	9.80	10.70	9.18	10.24	313814976	3133626624.00
2014/12/15	10.04	11.26	9.81	11.26	241071541	2594949120.00
2014/12/16	11.65	12.28	10.91	11.78	285244121	3314716672.00
2014/12/17	11.80	12.49	11.47	12.16	235073904	2830500096.00
2014/12/18	12.31	13.33	11.80	13.01	257894742	3222233344.00
2014/12/19	13.00	14.31	12.66	14.31	271591049	3724308992.00
2014/12/22	15.05	15.72	12.89	13.14	365057732	5273850880.00
2014/12/23	12.87	13.95	12.01	13.33	250633174	3261087744.00
2014/12/24	12.97	13.18	12.22	12.56	215054358	2722956544.00
2014/12/25	12.78	13.82	12.50	13.82	253234411	3321617408.00
2014/12/26	13.97	14.78	13.15	13.86	328198477	4575509504.00
2014/12/29	13.41	14.88	13.22	14.27	252739206	3589269504.00
2014/12/30	14.01	14.40	13.68	13.99	136681885	1908240128.00
2014/12/31	14.20	14.44	13.62	13.89	134604091	1884438656.00
2015/01/05	14.07	14.14	13.31	13.54	146639569	1998220928.00
2015/01/06	13.50	13.70	12.86	13.30	162386992	2150245888.00
2015/01/07	13.36	14.38	13.35	14.08	225227552	3146227968.00
2015/01/08	13.88	13.89	13.20	13.28	143132454	1923275008.00
2015/01/09	13.01	14.61	13.00	14.16	430828699	6144227328.00
2015/01/12	13.58	13.98	13.30	13.88	212923463	2893848832.00
2015/01/13	13.89	13.93	13.45	13.56	118572353	1617164928.00
2015/01/14	13.61	13.73	12.69	12.82	156442417	2055666688.00
2015/01/15	12.80	13.35	12.50	13.28	133788680	1735069952.00
2015/01/16	13.18	13.63	13.00	13.20	123902450	1648700544.00
2015/01/19	12.18	12.70	11.88	11.88	138375841	1678352128.00
2015/01/20	11.73	12.38	11.73	11.99	120290507	1451755008.00
2015/01/21	12.10	12.83	11.90	12.68	143089461	1774336640.00
2015/01/22	12.67	12.67	12.20	12.47	107938088	1339159552.00
2015/01/23	12.49	13.34	12.36	12.99	180089252	2345287936.00
2015/01/26	12.80	13.00	12.58	12.93	91493503	1169600128.00
2015/01/27	12.97	13.68	12.78	13.48	216724380	2888806656.00
2015/01/28	13.20	13.64	13.01	13.12	124794176	1656355328.00
2015/01/29	12.80	13.24	12.67	12.75	82601883	1066894912.00
2015/01/30	12.75	12.90	12.05	12.06	102628312	1263251584.00
2015/02/02	11.50	11.50	10.90	10.98	124911424	1395908224.00
2015/02/03	11.03	11.42	10.83	11.35	97729493	1088777472.00
2015/02/04	11.40	12.27	11.20	11.75	130772054	1520935936.00
2015/02/05	11.89	11.89	11.11	11.14	94786304	1092659072.00
2015/02/06	11.09	11.70	10.88	11.33	105749679	1200552192.00
2015/02/09	11.18	11.85	11.00	11.65	98370015	1140107392.00
2015/02/10	11.68	12.29	11.56	12.18	127219999	1529504640.00
2015/02/11	12.02	12.29	11.80	11.96	81787879	981462656.00
2015/02/12	11.90	12.24	11.86	11.90	78613123	945993664.00
2015/02/13	11.98	12.07	11.86	11.92	72568146	869264640.00
2015/02/16	11.92	12.04	11.75	11.94	69078491	822891200.00
2015/02/17	11.93	12.15	11.90	12.00	64628378	776166912.00
2015/02/25	12.10	12.43	11.94	12.33	109176802	1333216768.00
2015/02/26	12.20	13.56	12.05	13.56	328604812	4329959936.00
2015/02/27	13.58	14.11	13.55	13.84	312301845	4328183808.00
2015/03/02	14.12	14.16	13.36	13.61	164654238	2247136512.00
2015/03/03	13.50	14.57	13.35	14.25	247509820	3459381248.00
2015/03/04	14.14	14.14	13.62	13.81	143848389	1992280192.00
2015/03/05	13.58	14.12	13.00	13.65	183238669	2444696064.00
2015/03/06	13.48	13.48	12.90	12.91	111369163	1466680704.00
2015/03/09	12.50	13.09	12.41	13.00	85823159	1100727168.00
2015/03/10	12.94	13.12	12.74	12.85	66288635	854456320.00
2015/03/11	12.83	13.06	12.65	12.68	85572465	1098613760.00
2015/03/12	12.59	13.10	12.42	12.96	111280641	1420075392.00
2015/03/13	13.06	13.50	12.89	13.17	131474093	1733371776.00
2015/03/16	13.19	13.40	12.97	13.31	101838462	1346548992.00
2015/03/17	13.59	14.02	13.59	13.74	195999746	2704572928.00
2015/03/18	13.78	14.14	13.78	13.98	148897028	2075507584.00
2015/03/19	14.00	15.30	13.83	15.11	290033808	4301568512.00
2015/03/20	15.00	15.09	14.69	14.77	210736096	3120249856.00
2015/03/23	14.98	15.68	14.83	15.36	229619174	3504280320.00
2015/03/24	15.35	15.67	14.38	15.39	233287606	3514740736.00
2015/03/25	15.11	15.38	14.71	14.91	169689857	2546445056.00
2015/03/26	14.85	15.19	14.50	14.82	134476841	1998745600.00
2015/03/27	15.10	16.30	14.96	16.30	306434969	4869033984.00
2015/03/30	16.70	17.93	16.60	17.93	215583018	3749965824.00
2015/03/31	19.20	19.72	18.30	18.49	431316208	8170972160.00
2015/04/01	18.84	19.84	18.34	18.68	360787696	6839583744.00
2015/04/02	18.30	18.52	18.06	18.30	208985795	3810171648.00
2015/04/03	18.00	18.10	17.65	17.85	200002886	3564188160.00
2015/04/07	18.21	18.24	17.71	18.01	178337373	3208025856.00
2015/04/08	18.10	19.81	17.88	19.55	452465542	8771054592.00
2015/04/09	19.05	19.19	18.02	18.56	303938238	5615670784.00
2015/04/10	18.55	19.28	18.10	19.20	201188240	3765760256.00
2015/04/13	19.10	20.56	18.80	19.91	290497628	5686737408.00
2015/04/14	19.95	21.16	19.30	20.66	302586192	6216834048.00
2015/04/15	20.42	22.73	19.89	21.06	371166944	8055318016.00
2015/04/16	20.01	21.66	19.28	20.38	245208480	5009857024.00
2015/04/17	20.62	22.42	20.62	22.20	339891631	7368926720.00
2015/04/20	22.35	24.11	21.30	23.37	393129604	9035770880.00
2015/04/21	22.77	23.16	21.03	21.65	285695646	6165108736.00
2015/04/22	21.65	22.41	20.65	21.62	211335538	4563349504.00
2015/04/23	21.58	21.99	21.18	21.44	151396038	3251287808.00
2015/04/24	21.44	22.65	21.09	22.05	204533875	4460338688.00
2015/04/27	22.50	23.90	21.70	23.22	322484380	7288701952.00
2015/04/28	22.70	24.46	22.30	22.61	282446425	6572715520.00
2015/04/29	22.05	22.15	21.00	21.49	171165031	3681598720.00
2015/04/30	21.44	22.70	21.28	21.59	153469877	3384371712.00
2015/05/05	21.89	21.89	21.89	21.89	0	0.00
数据来源:通达信
