600790 轻纺城 日线 前复权
      日期	    开盘	    最高	    最低	    收盘	    成交量	    成交额
2011/10/10	6.41	6.46	6.25	6.28	3121206	21342368.00
2011/10/11	6.49	6.51	6.08	6.20	4865872	33348672.00
2011/10/12	6.20	6.86	6.12	6.67	9227502	65115188.00
2011/10/13	6.55	6.92	6.55	6.81	6546496	47602240.00
2011/10/14	6.77	7.00	6.68	6.85	6007736	44247848.00
2011/10/17	6.85	7.04	6.75	6.94	9120748	67541848.00
2011/10/18	6.95	7.08	6.74	6.84	6825882	50632800.00
2011/10/19	6.86	6.90	6.66	6.80	4486686	32628184.00
2011/10/20	6.80	6.80	6.36	6.57	3682806	26065430.00
2011/10/21	6.58	6.58	6.36	6.37	1906160	13348156.00
2011/10/24	6.39	6.77	6.32	6.66	5363580	38129960.00
2011/10/25	6.63	6.89	6.53	6.87	8661626	63343952.00
2011/10/26	6.80	6.98	6.80	6.86	9936843	73740232.00
2011/10/27	6.98	6.98	6.81	6.90	7941011	59185448.00
2011/10/28	6.98	7.13	6.91	7.12	9509406	71808840.00
2011/10/31	7.16	7.19	6.96	7.11	7576981	57618340.00
2011/11/01	6.99	7.16	6.98	7.05	6857830	52143244.00
2011/11/02	6.97	7.12	6.86	7.12	8783021	66229420.00
2011/11/03	7.12	7.48	7.12	7.31	10352286	80735976.00
2011/11/04	7.39	7.43	7.19	7.31	6779017	53013152.00
2011/11/07	7.24	7.31	7.20	7.22	3439652	26704036.00
2011/11/08	7.22	7.29	7.07	7.22	7108845	54889568.00
2011/11/09	7.21	7.68	7.18	7.64	20498477	163377744.00
2011/11/10	7.49	7.56	7.39	7.43	7617821	60917872.00
2011/11/11	7.47	7.57	7.38	7.48	4408697	35319276.00
2011/11/14	7.51	7.73	7.51	7.59	5048434	41011816.00
2011/11/15	7.60	7.73	7.55	7.70	8323673	68089096.00
2011/11/16	7.71	7.76	7.39	7.46	6228860	50569880.00
2011/11/17	7.46	7.62	7.40	7.49	5072415	40657508.00
2011/11/18	7.45	7.46	7.13	7.20	4077873	31711420.00
2011/11/21	7.19	7.25	6.98	7.20	4172785	31953740.00
2011/11/22	7.17	7.27	7.08	7.24	5107423	39387732.00
2011/11/23	7.23	7.32	7.16	7.18	3397128	26370952.00
2011/11/24	7.02	7.15	6.86	7.03	6054415	45595852.00
2011/11/25	7.07	7.12	6.91	6.93	3074448	23175218.00
2011/11/28	6.94	6.98	6.64	6.81	5774468	42450336.00
2011/11/29	6.88	7.06	6.81	7.00	7509639	56107904.00
2011/11/30	7.06	7.06	6.58	6.73	5129192	37345168.00
2011/12/01	6.91	7.04	6.81	6.91	5972071	44629160.00
2011/12/02	6.83	6.93	6.66	6.79	4825226	35106204.00
2011/12/05	6.78	6.79	6.53	6.62	4265930	30473276.00
2011/12/06	6.54	6.72	6.54	6.64	3135576	22484354.00
2011/12/07	6.73	6.73	6.39	6.44	6980747	49010516.00
2011/12/08	6.45	6.45	6.08	6.24	5263215	35666224.00
2011/12/09	6.15	6.46	6.08	6.23	4879613	33062516.00
2011/12/12	6.14	6.27	6.01	6.03	2574712	17094322.00
2011/12/13	6.02	6.04	5.57	5.60	5370507	33565296.00
2011/12/14	5.66	5.69	5.30	5.42	3476732	20883584.00
2011/12/15	5.38	5.56	5.21	5.32	5096205	30137016.00
2011/12/16	5.33	5.61	5.25	5.56	4666642	27796452.00
2011/12/19	5.54	5.54	5.26	5.41	4132605	24395982.00
2011/12/20	5.43	5.53	5.39	5.43	3105295	18565840.00
2011/12/21	5.44	5.63	5.18	5.23	5936023	35125324.00
2011/12/22	5.18	5.28	4.92	5.11	5098014	28824964.00
2011/12/23	5.09	5.24	5.03	5.14	4538093	25655464.00
2011/12/26	5.11	5.28	5.04	5.10	3414409	19388928.00
2011/12/27	5.08	5.11	4.96	5.05	1958532	10863793.00
2011/12/28	5.06	5.07	4.90	5.04	2952549	16262511.00
2011/12/29	4.99	5.08	4.98	4.98	1773854	9829285.00
2011/12/30	5.11	5.33	5.08	5.16	7058106	40176008.00
2012/01/04	5.18	5.20	4.95	4.97	3732370	21008232.00
2012/01/05	4.91	4.99	4.42	4.42	9890370	50449008.00
2012/01/06	4.33	4.47	4.25	4.42	4218541	20565100.00
2012/01/09	4.48	4.65	4.35	4.62	6725151	34090744.00
2012/01/10	4.79	5.11	4.74	4.96	15670948	84951344.00
2012/01/11	4.96	5.01	4.81	4.92	7203021	39160704.00
2012/01/12	4.91	5.04	4.84	4.96	8001879	43971160.00
2012/01/13	4.96	4.99	4.63	4.76	5449936	28923196.00
2012/01/16	4.76	5.23	4.70	4.76	7533037	41186356.00
2012/01/17	4.63	5.04	4.60	5.02	9188283	49755580.00
2012/01/18	4.95	5.09	4.80	4.92	7921432	43264700.00
2012/01/19	4.95	5.00	4.85	4.94	3301297	18037408.00
2012/01/20	4.98	5.01	4.94	4.97	3492724	19203772.00
2012/01/30	4.97	5.00	4.74	4.80	5069033	27268764.00
2012/01/31	4.82	4.82	4.69	4.81	2507810	13208177.00
2012/02/01	4.76	4.86	4.72	4.74	2428170	12868646.00
2012/02/02	4.74	4.85	4.72	4.84	2358730	12535400.00
2012/02/03	4.83	5.03	4.80	5.01	6425751	35173352.00
2012/02/06	5.02	5.05	4.95	5.03	5136819	28384380.00
2012/02/07	5.01	5.07	4.87	4.93	3946667	21574074.00
2012/02/08	4.91	5.12	4.89	5.09	5336835	29631628.00
2012/02/09	5.09	5.25	5.06	5.16	7793277	44256712.00
2012/02/10	5.13	5.22	5.09	5.16	5706675	32376146.00
2012/02/13	5.13	5.31	5.06	5.29	6178849	35337388.00
2012/02/14	5.24	5.29	5.19	5.25	4285948	24664484.00
2012/02/15	5.23	5.38	5.22	5.36	5729684	33491772.00
2012/02/16	5.37	5.57	5.32	5.50	12619015	75454320.00
2012/02/17	5.52	6.03	5.50	5.78	23410987	147205632.00
2012/02/20	5.87	6.11	5.70	5.72	20799295	133682432.00
2012/02/21	5.75	5.80	5.56	5.77	8956429	55658712.00
2012/02/22	5.78	5.88	5.72	5.83	7196333	45589312.00
2012/02/23	5.83	5.94	5.71	5.77	7722239	49085248.00
2012/02/24	5.76	5.86	5.68	5.85	8307802	52347104.00
2012/02/27	5.84	5.94	5.81	5.82	7421546	47454448.00
2012/02/28	5.82	5.85	5.67	5.80	5164309	32387774.00
2012/02/29	5.78	5.79	5.58	5.62	5447053	33837680.00
2012/03/01	5.60	5.71	5.58	5.64	4331630	26709544.00
2012/03/02	5.71	5.84	5.71	5.81	5550203	34985972.00
2012/03/05	5.83	5.86	5.77	5.82	5525090	34944704.00
2012/03/06	5.79	5.79	5.63	5.70	4436346	27563628.00
2012/03/07	5.67	5.73	5.62	5.66	4199540	26001048.00
2012/03/08	5.64	5.89	5.64	5.83	7767395	49045052.00
2012/03/12	5.93	5.96	5.80	5.90	6319746	40383968.00
2012/03/13	5.88	5.98	5.82	5.97	6517484	42120432.00
2012/03/14	5.98	6.31	5.81	5.87	18986594	125485960.00
2012/03/16	5.87	6.51	5.81	6.51	16844912	114671424.00
2012/03/19	6.80	6.81	6.41	6.52	22869310	161924288.00
2012/03/20	6.48	6.49	6.18	6.19	12169466	83014808.00
2012/03/21	6.21	6.27	5.99	6.17	9710707	64544792.00
2012/03/22	6.20	6.24	6.04	6.12	5812865	38685356.00
2012/03/23	6.09	6.21	5.93	5.98	6060912	39956984.00
2012/03/26	5.97	6.04	5.85	5.92	4650376	30036504.00
2012/03/27	5.97	6.00	5.75	5.78	5583808	35731520.00
2012/03/28	5.78	5.78	5.42	5.58	8420064	51031904.00
2012/03/29	5.53	5.56	5.24	5.33	5362047	31874684.00
2012/03/30	5.28	5.39	5.26	5.34	4017214	23504376.00
2012/04/05	5.39	5.57	5.34	5.56	4686958	28177796.00
2012/04/06	5.52	5.64	5.49	5.56	4495176	27361428.00
2012/04/09	5.59	5.60	5.44	5.44	3320449	20001952.00
2012/04/10	5.44	5.58	5.29	5.57	5138814	30820162.00
2012/04/11	5.56	6.18	5.50	6.18	11194379	73413408.00
2012/04/12	6.84	6.85	6.69	6.85	22710334	167148672.00
2012/04/13	7.38	7.38	6.65	6.81	70014255	521645952.00
2012/04/16	6.87	7.54	6.70	7.24	97968857	764262784.00
2012/04/17	7.04	7.06	6.46	6.72	64653313	467694336.00
2012/04/18	6.67	7.13	6.59	6.87	48269515	355420032.00
2012/04/19	6.73	6.86	6.58	6.83	28856339	208717104.00
2012/04/20	6.83	7.07	6.73	6.82	41916915	311381472.00
2012/04/23	6.68	6.97	6.55	6.60	32278984	234485440.00
2012/04/24	6.48	7.23	6.42	7.05	52984274	390836256.00
2012/04/25	6.84	7.81	6.79	7.81	92914106	749651072.00
2012/04/26	7.94	7.94	7.24	7.31	67415448	544901120.00
2012/04/27	7.04	7.55	6.94	7.17	34019366	264437744.00
2012/05/02	7.24	7.53	7.02	7.37	27345277	213787088.00
2012/05/03	7.26	7.73	7.18	7.50	35246930	281610592.00
2012/05/04	7.41	7.50	7.29	7.38	24716481	195398800.00
2012/05/07	7.28	7.43	7.24	7.28	14814774	116097912.00
2012/05/09	7.14	7.33	6.94	7.16	16643119	128330048.00
2012/05/10	7.14	7.29	7.07	7.21	10916803	84113472.00
2012/05/11	7.19	7.63	7.14	7.37	23980220	190676464.00
2012/05/14	7.39	7.58	7.24	7.26	19148840	152035824.00
2012/05/15	7.59	7.86	7.31	7.47	24668970	198346736.00
2012/05/16	7.47	8.14	7.39	7.75	49533510	410252160.00
2012/05/17	7.73	8.02	7.64	7.83	39134956	326891488.00
2012/05/18	7.73	7.80	7.34	7.35	31176392	251095952.00
2012/05/21	7.34	7.49	7.19	7.48	15867846	124913224.00
2012/05/22	7.49	7.83	7.39	7.78	32579811	266773952.00
2012/05/23	7.67	8.16	7.64	8.02	44131805	371623808.00
2012/05/24	7.88	8.11	7.69	7.82	27918357	234708192.00
2012/05/25	7.81	7.90	7.64	7.81	15035108	124862568.00
2012/05/28	7.74	8.06	7.61	8.05	24085793	202819968.00
2012/05/29	7.98	8.10	7.86	7.94	21693539	184073648.00
2012/05/30	7.94	7.96	7.68	7.72	18292273	152051888.00
2012/05/31	7.68	7.89	7.63	7.72	16180776	133707904.00
2012/06/01	7.72	7.76	7.45	7.46	17793457	144072272.00
2012/06/11	7.08	7.17	6.75	7.01	17970138	134116752.00
2012/06/12	6.90	6.94	6.75	6.77	9366763	68684216.00
2012/06/13	6.78	7.04	6.78	6.95	9902269	73834632.00
2012/06/14	6.98	7.02	6.81	6.81	7132100	53143720.00
2012/06/15	6.82	6.97	6.70	6.76	6506783	47819424.00
2012/06/18	6.80	6.84	6.59	6.68	12059572	86606224.00
2012/06/19	6.67	6.74	6.59	6.63	10376442	74628752.00
2012/06/20	6.69	6.72	6.42	6.44	9291910	65711136.00
2012/06/21	6.42	6.53	6.33	6.49	6283269	43741320.00
2012/06/25	6.49	6.49	6.10	6.14	5564239	37269400.00
2012/06/26	6.08	6.22	5.98	6.14	6392137	41872496.00
2012/06/27	6.21	6.36	6.14	6.17	7067876	47266024.00
2012/06/28	6.19	6.29	5.99	6.01	5879014	38793780.00
2012/06/29	6.01	6.13	5.93	6.12	5725335	37019664.00
2012/07/02	6.16	6.45	6.10	6.33	11778934	79384696.00
2012/07/03	6.32	6.50	6.25	6.46	8255826	56158340.00
2012/07/04	6.49	6.53	6.33	6.38	6670098	45615476.00
2012/07/05	6.31	6.35	6.00	6.07	6751599	44250248.00
2012/07/06	6.11	6.35	6.01	6.30	8219912	54466552.00
2012/07/09	6.22	6.25	6.04	6.05	6960200	45742608.00
2012/07/10	6.05	6.11	5.93	5.96	3770187	24224248.00
2012/07/11	5.89	6.17	5.87	6.15	4428796	28559848.00
2012/07/12	6.11	6.43	6.10	6.32	10305146	69377472.00
2012/07/13	6.26	6.52	6.25	6.47	11492155	78693560.00
2012/07/16	6.43	6.46	6.08	6.11	8440670	56514908.00
2012/07/17	6.08	6.24	6.01	6.18	4848295	31718688.00
2012/07/18	6.18	6.46	6.12	6.45	9985910	67595120.00
2012/07/19	6.38	6.62	6.31	6.53	14414566	99797464.00
2012/07/20	6.54	6.65	6.41	6.47	9396413	65186612.00
2012/07/23	6.61	6.71	6.50	6.59	17889475	126149960.00
2012/07/24	6.46	6.62	6.34	6.48	10111494	69623424.00
2012/07/25	6.42	6.48	6.29	6.30	6238978	42400680.00
2012/07/26	6.26	6.41	6.10	6.13	4812168	32233092.00
2012/07/27	6.18	6.23	5.95	5.97	5908238	38123824.00
2012/07/30	5.99	6.06	5.83	5.85	4440183	28219408.00
2012/07/31	5.85	5.90	5.59	5.68	4787830	29383836.00
2012/08/01	5.68	5.90	5.68	5.83	4347718	27104728.00
2012/08/02	5.83	5.85	5.67	5.72	2791417	17218974.00
2012/08/03	5.75	5.97	5.70	5.96	5226479	32760136.00
2012/08/06	5.88	6.06	5.85	6.03	5392246	34602720.00
2012/08/07	6.02	6.11	6.01	6.08	3637068	23584660.00
2012/08/08	6.07	6.14	6.01	6.02	4067248	26344330.00
2012/08/09	6.02	6.25	5.94	6.19	6372338	41522760.00
2012/08/10	6.20	6.20	6.04	6.08	4017407	26213848.00
2012/08/13	6.09	6.10	5.85	5.86	4038209	25843854.00
2012/08/14	5.89	6.01	5.82	6.00	4025746	25605968.00
2012/08/15	6.00	6.08	5.96	6.06	3793008	24435562.00
2012/08/16	6.08	6.14	5.94	5.95	4350585	28015640.00
2012/08/17	5.92	5.96	5.77	5.86	3647418	22875018.00
2012/08/20	5.81	5.87	5.68	5.80	5509493	34014828.00
2012/08/21	5.77	5.90	5.75	5.87	4800282	30081588.00
2012/08/22	5.85	5.90	5.79	5.86	3785835	23663700.00
2012/08/23	5.81	5.88	5.78	5.85	3419100	21395902.00
2012/08/24	5.81	5.89	5.73	5.74	4436654	27727408.00
2012/08/27	5.72	5.74	5.54	5.54	4307654	25945282.00
2012/08/28	5.54	5.68	5.51	5.59	3414779	20470942.00
2012/08/29	5.62	5.64	5.48	5.51	2824666	16883500.00
2012/08/30	5.51	5.54	5.29	5.36	3450164	20119294.00
2012/08/31	5.38	5.43	5.32	5.40	1819293	10554504.00
2012/09/03	5.30	5.51	5.30	5.50	2757004	16250244.00
2012/09/04	5.54	5.55	5.41	5.47	3500309	20673176.00
2012/09/05	5.48	5.51	5.44	5.46	1574502	9273795.00
2012/09/06	5.46	5.55	5.46	5.54	2120062	12586206.00
2012/09/07	5.58	5.81	5.58	5.74	6004141	36854264.00
2012/09/10	5.75	5.83	5.70	5.82	4660448	28820898.00
2012/09/11	5.78	5.84	5.75	5.79	2905392	18019256.00
2012/09/12	5.80	5.85	5.76	5.85	3815108	23794594.00
2012/09/13	5.86	5.90	5.76	5.78	4644365	29023484.00
2012/09/14	5.83	5.85	5.70	5.79	5007575	31048252.00
2012/09/17	5.83	5.87	5.61	5.65	3496278	21633312.00
2012/09/18	5.61	5.63	5.47	5.50	2775684	16545753.00
2012/09/19	5.53	5.59	5.52	5.57	1667129	9964476.00
2012/09/20	5.57	5.57	5.38	5.41	3189587	18704252.00
2012/09/21	5.34	5.46	5.34	5.38	1606800	9344203.00
2012/09/24	5.36	5.54	5.27	5.51	3552382	20692118.00
2012/09/25	5.44	5.51	5.36	5.42	1350973	7920143.00
2012/09/26	5.42	5.47	5.18	5.23	1949120	11236703.00
2012/09/27	5.20	5.43	5.20	5.33	1755399	10119948.00
2012/09/28	5.31	5.63	5.29	5.56	3548992	21023336.00
2012/10/08	5.56	5.67	5.49	5.52	1828862	10939318.00
2012/10/09	5.54	5.72	5.54	5.70	3813648	23159068.00
2012/10/10	5.69	5.72	5.65	5.71	2118124	12936307.00
2012/10/11	5.67	5.71	5.55	5.55	2386247	14418009.00
2012/10/12	5.56	5.63	5.49	5.58	1344430	8041027.00
2012/10/15	5.57	5.60	5.50	5.55	1505782	8992515.00
2012/10/16	5.57	5.71	5.53	5.61	3087544	18725224.00
2012/10/17	5.64	5.67	5.58	5.65	1963859	11879828.00
2012/10/18	5.66	5.76	5.63	5.73	3974136	24389068.00
2012/10/19	5.73	5.82	5.69	5.75	3755408	23148472.00
2012/10/22	5.69	5.96	5.68	5.87	6083331	38014748.00
2012/10/23	5.86	5.89	5.69	5.73	4185203	25981540.00
2012/10/24	5.70	5.78	5.64	5.70	3412103	20949960.00
2012/10/25	5.67	5.77	5.63	5.64	2758166	16872924.00
2012/10/26	5.65	5.66	5.48	5.54	3262402	19502736.00
2012/10/29	5.53	5.72	5.51	5.61	3813432	23127042.00
2012/10/30	5.65	5.73	5.61	5.66	3020745	18377938.00
2012/10/31	5.64	5.71	5.62	5.66	2973208	18067976.00
2012/11/01	5.69	5.93	5.67	5.88	9522805	59333672.00
2012/11/02	6.03	6.08	5.80	5.87	11109286	70236752.00
2012/11/05	5.83	5.91	5.80	5.88	4132921	25914988.00
2012/11/06	5.87	5.88	5.68	5.76	4240837	26217512.00
2012/11/07	5.75	5.87	5.71	5.76	2756867	17100930.00
2012/11/08	5.71	5.77	5.49	5.55	3712311	22564854.00
2012/11/09	5.55	5.61	5.52	5.53	2291945	13697027.00
2012/11/12	5.53	5.60	5.51	5.57	2365053	14109851.00
2012/11/13	5.56	5.58	5.49	5.53	2642701	15734266.00
2012/11/14	5.53	5.53	5.43	5.49	1754000	10336752.00
2012/11/15	5.50	5.50	5.37	5.37	2763800	16139941.00
2012/11/16	5.36	5.40	5.27	5.32	1521581	8721202.00
2012/11/19	5.32	5.37	5.26	5.32	1543107	8850537.00
2012/11/20	5.35	5.39	5.28	5.30	1148600	6607335.00
2012/11/21	5.33	5.46	5.25	5.40	2064623	11899239.00
2012/11/22	5.38	5.39	5.31	5.34	1608905	9286704.00
2012/11/23	5.37	5.44	5.33	5.39	1653470	9623201.00
2012/11/26	5.36	5.38	5.28	5.29	1330289	7623007.00
2012/11/27	5.26	5.29	4.98	4.99	2371324	13146193.00
2012/11/28	4.97	4.97	4.79	4.80	1973509	10411150.00
2012/11/29	4.85	4.87	4.68	4.69	1312437	6846067.00
2012/11/30	4.72	4.96	4.68	4.90	3554474	18707568.00
2012/12/03	4.90	4.90	4.68	4.69	2793731	14590684.00
2012/12/04	4.63	4.87	4.63	4.83	2894199	14986755.00
2012/12/05	4.81	5.04	4.81	4.98	4561072	24603236.00
2012/12/06	4.96	5.11	4.88	4.99	6354071	34316616.00
2012/12/07	4.98	5.07	4.90	5.05	7031659	38109328.00
2012/12/10	5.04	5.14	5.02	5.10	5693219	31327576.00
2012/12/11	5.08	5.15	5.04	5.08	3696115	20364488.00
2012/12/12	5.08	5.13	5.00	5.05	2711636	14865319.00
2012/12/13	5.04	5.06	4.89	4.91	3215262	17347488.00
2012/12/14	4.91	5.37	4.88	5.25	9146567	50928840.00
2012/12/17	5.34	5.42	5.25	5.29	8354433	48026776.00
2012/12/18	5.29	5.36	5.18	5.21	5087925	28946776.00
2012/12/19	5.21	5.28	5.17	5.23	3356372	19019040.00
2012/12/20	5.21	5.33	5.13	5.32	6030495	34124328.00
2012/12/21	5.30	5.49	5.24	5.44	8664478	50295168.00
2012/12/24	5.40	5.63	5.33	5.42	6190273	36399912.00
2012/12/25	5.36	5.79	5.33	5.64	10761099	64642932.00
2012/12/26	5.67	5.71	5.54	5.62	7432833	44939568.00
2012/12/27	5.59	5.67	5.49	5.50	4294293	25666242.00
2012/12/28	5.50	5.63	5.49	5.62	5552996	33357318.00
2012/12/31	5.66	5.71	5.59	5.69	5569867	33896348.00
2013/01/04	5.72	5.83	5.62	5.72	4939230	30234892.00
2013/01/07	5.70	5.92	5.65	5.78	7042388	43796064.00
2013/01/08	5.76	5.83	5.72	5.77	4984349	30803264.00
2013/01/09	5.73	5.80	5.66	5.69	6593740	40503272.00
2013/01/10	5.68	5.72	5.62	5.69	5580412	34028696.00
2013/01/11	5.69	5.70	5.30	5.36	11422467	67572064.00
2013/01/14	5.36	5.56	5.35	5.54	7610815	44899052.00
2013/01/15	5.54	5.67	5.53	5.65	8245711	49797692.00
2013/01/16	5.63	5.73	5.51	5.59	7545475	45393048.00
2013/01/17	5.59	5.61	5.43	5.49	6623953	39245648.00
2013/01/18	5.51	5.63	5.50	5.62	7708380	46293256.00
2013/01/21	5.64	5.69	5.62	5.67	5035202	30591054.00
2013/01/22	5.66	5.68	5.47	5.49	8296353	49561092.00
2013/01/23	5.51	5.61	5.43	5.60	6701878	39794192.00
2013/01/24	5.59	5.65	5.42	5.47	7989983	47696248.00
2013/01/25	5.46	5.48	5.38	5.41	3290676	19232094.00
2013/01/28	5.43	5.61	5.43	5.59	6742738	40100384.00
2013/01/29	5.67	5.68	5.59	5.61	8558590	51890280.00
2013/01/30	5.62	5.83	5.58	5.79	17501546	108165624.00
2013/01/31	5.75	5.83	5.68	5.75	7126883	43901496.00
2013/02/01	5.76	5.83	5.65	5.76	7470169	46004452.00
2013/02/04	5.81	5.92	5.74	5.78	10928739	68254864.00
2013/02/05	5.69	5.86	5.68	5.82	7209609	44566788.00
2013/02/06	5.81	5.85	5.74	5.78	5904550	36718748.00
2013/02/07	5.77	5.81	5.71	5.78	4579983	28262048.00
2013/02/08	5.79	5.84	5.75	5.81	4684548	29199184.00
2013/02/18	5.84	5.85	5.78	5.84	5308593	33120680.00
2013/02/19	5.84	5.86	5.69	5.71	5401314	33263184.00
2013/02/20	5.73	5.81	5.65	5.80	6115627	37622888.00
2013/02/21	5.76	5.85	5.69	5.74	7586618	47019980.00
2013/02/22	5.73	5.86	5.70	5.79	6277644	39006876.00
2013/02/25	5.79	5.91	5.79	5.90	8682931	54583996.00
2013/02/26	5.88	6.01	5.73	5.75	9529651	60281280.00
2013/02/27	5.75	5.81	5.58	5.65	7829393	47873020.00
2013/02/28	5.70	5.79	5.65	5.77	4967257	30517412.00
2013/03/01	5.78	5.84	5.73	5.80	5834670	36159664.00
2013/03/04	5.74	5.75	5.50	5.58	7754122	47009588.00
2013/03/05	5.58	5.65	5.51	5.62	5390718	32386140.00
2013/03/06	5.65	5.72	5.62	5.64	9264671	56201616.00
2013/03/07	5.63	5.78	5.63	5.70	10027702	61275936.00
2013/03/08	5.71	5.73	5.62	5.67	4291049	26146300.00
2013/03/11	5.69	5.76	5.63	5.72	4343272	26533988.00
2013/03/12	5.69	5.75	5.38	5.49	7538892	45020860.00
2013/03/13	5.48	5.50	5.33	5.40	3967185	23083104.00
2013/03/14	5.40	5.44	5.34	5.38	3070062	17822272.00
2013/03/15	5.38	5.46	5.28	5.31	4056598	23415344.00
2013/03/18	5.33	5.36	5.26	5.27	2835464	16232624.00
2013/03/19	5.27	5.33	5.16	5.31	2555223	14476322.00
2013/03/20	5.30	5.42	5.28	5.40	6246481	36077596.00
2013/03/21	5.38	5.47	5.34	5.39	3842235	22388766.00
2013/03/22	5.40	5.43	5.35	5.42	2944198	17136452.00
2013/03/25	5.40	5.43	5.35	5.41	2843586	16557748.00
2013/03/26	5.39	5.46	5.29	5.44	4956283	28752072.00
2013/03/27	5.48	5.51	5.36	5.38	3640600	21254440.00
2013/03/28	5.35	5.35	5.13	5.20	3552991	20137994.00
2013/03/29	5.21	5.34	5.19	5.21	3056481	17358524.00
2013/04/01	5.20	5.42	5.18	5.30	3183997	18259520.00
2013/04/02	5.32	5.32	5.11	5.16	4498696	25313450.00
2013/04/03	5.16	5.21	5.12	5.16	2227918	12430226.00
2013/04/08	5.11	5.11	4.98	5.09	4012737	21909216.00
2013/04/09	5.09	5.16	5.05	5.13	2576999	14262972.00
2013/04/10	5.10	5.19	5.10	5.17	2478436	13801586.00
2013/04/11	5.16	5.23	5.13	5.13	2482099	13922535.00
2013/04/12	5.17	5.18	5.07	5.11	1483167	8218040.00
2013/04/15	5.10	5.11	4.89	4.97	2464911	13341670.00
2013/04/16	4.93	5.03	4.92	5.03	2402327	12980411.00
2013/04/17	5.02	5.05	4.98	5.00	2072962	11230405.00
2013/04/18	5.00	5.05	4.95	5.04	3146143	17065768.00
2013/04/19	5.04	5.16	5.04	5.14	3977516	21991296.00
2013/04/22	5.12	5.12	5.07	5.12	2802074	15443205.00
2013/04/23	5.12	5.20	4.97	4.99	2735523	14996728.00
2013/04/24	4.99	5.07	4.97	5.05	2942143	16013036.00
2013/04/25	5.06	5.09	4.93	4.99	3211011	17486648.00
2013/04/26	5.01	5.01	4.84	4.86	2844619	15234499.00
2013/05/02	4.93	5.05	4.86	4.95	2848668	15321680.00
2013/05/03	4.97	5.06	4.94	5.03	2690155	14659028.00
2013/05/06	5.04	5.12	5.03	5.09	3135177	17252840.00
2013/05/07	5.10	5.12	5.06	5.08	2636883	14530167.00
2013/05/08	5.13	5.14	5.06	5.11	3008725	16567831.00
2013/05/09	5.12	5.13	5.03	5.07	2568810	14080419.00
2013/05/10	5.06	5.11	5.05	5.11	3041431	16732802.00
2013/05/13	5.11	5.20	5.07	5.18	4375377	24316098.00
2013/05/14	5.17	5.37	5.11	5.29	7985808	45369888.00
2013/05/15	5.28	5.30	5.21	5.28	3460784	19664006.00
2013/05/16	5.28	5.47	5.24	5.39	7037679	40844728.00
2013/05/17	5.40	5.44	5.34	5.40	4838269	28150436.00
2013/05/20	5.40	5.43	5.33	5.39	5847732	33950868.00
2013/05/21	5.39	5.43	5.35	5.40	4351027	25270674.00
2013/05/22	5.38	5.46	5.35	5.40	5183805	30227780.00
2013/05/23	5.38	5.43	5.33	5.40	4656782	27005700.00
2013/05/24	5.39	5.67	5.39	5.61	12717879	76010744.00
2013/05/27	5.58	5.66	5.53	5.64	5974980	36005288.00
2013/05/28	5.62	5.69	5.57	5.64	5559425	33675912.00
2013/05/29	5.63	5.75	5.60	5.72	6811772	41434400.00
2013/05/30	5.70	6.19	5.63	5.89	14930336	92838528.00
2013/05/31	5.90	5.97	5.75	5.76	21232201	133746104.00
2013/06/03	5.78	5.94	5.76	5.92	13063388	82032784.00
2013/06/04	5.90	6.42	5.77	6.33	25149501	162775248.00
2013/06/05	6.19	6.36	6.04	6.07	28290984	185588080.00
2013/06/06	5.99	6.05	5.82	5.92	9235216	58418288.00
2013/06/07	6.02	6.02	5.78	5.81	6278657	38412392.00
2013/06/13	5.75	5.75	5.48	5.57	5973986	34700552.00
2013/06/14	5.62	5.67	5.59	5.66	4139164	24232602.00
2013/06/17	5.66	5.81	5.51	5.80	7964729	47027544.00
2013/06/18	5.75	6.05	5.72	5.91	14810586	90731968.00
2013/06/19	5.88	6.05	5.76	5.89	8848990	54237748.00
2013/06/20	5.88	5.88	5.64	5.66	4948974	29637952.00
2013/06/21	5.56	5.91	5.56	5.85	13812541	83104240.00
2013/06/24	5.80	5.85	5.33	5.45	7025848	40963740.00
2013/06/25	5.38	5.50	4.94	5.35	8832049	48516884.00
2013/06/26	5.37	5.77	5.24	5.58	11226633	63638228.00
2013/06/27	5.53	5.70	5.50	5.61	16696331	97668600.00
2013/06/28	5.58	6.03	5.53	5.82	19419048	116179384.00
2013/07/01	5.79	5.93	5.70	5.80	13756588	82747432.00
2013/07/02	5.79	5.86	5.65	5.75	13224028	79163512.00
2013/07/03	5.75	5.78	5.56	5.66	6428065	37753792.00
2013/07/04	5.64	5.74	5.58	5.68	5971785	35192344.00
2013/07/05	5.66	5.85	5.60	5.73	13517019	80662832.00
2013/07/08	5.67	5.67	5.32	5.34	6884784	39419800.00
2013/07/09	5.30	5.38	5.23	5.30	3989466	22058350.00
2013/07/10	5.31	5.52	5.29	5.48	4156564	23505488.00
2013/07/11	5.47	5.69	5.46	5.59	6483977	37637520.00
2013/07/12	5.59	5.71	5.49	5.62	8218167	47907040.00
2013/07/15	5.60	5.72	5.58	5.69	9575060	56487696.00
2013/07/16	5.68	5.93	5.63	5.82	13335434	80365624.00
2013/07/17	5.82	5.85	5.65	5.69	9638878	57651496.00
2013/07/18	5.69	5.80	5.57	5.61	5843517	34232808.00
2013/07/19	5.68	5.81	5.56	5.58	7897850	46522604.00
2013/07/22	5.54	5.65	5.39	5.64	5435697	31290872.00
2013/07/23	5.64	5.80	5.63	5.72	7899906	46954948.00
2013/07/24	5.86	5.92	5.75	5.84	15887909	96269776.00
2013/07/25	5.81	5.88	5.70	5.75	7667071	45974720.00
2013/07/26	5.74	5.90	5.67	5.84	9484085	57189772.00
2013/07/29	5.83	5.93	5.79	5.86	8426301	51304416.00
2013/07/30	5.87	5.90	5.70	5.76	8818606	53038248.00
2013/07/31	5.79	5.90	5.77	5.81	7775133	47105240.00
2013/08/01	5.79	5.89	5.79	5.88	11807378	71758416.00
2013/08/02	5.88	6.02	5.88	5.90	13213465	81368464.00
2013/08/05	5.92	6.00	5.86	5.97	8640247	53374716.00
2013/08/06	5.96	6.15	5.94	6.10	15807964	99374352.00
2013/08/07	6.07	6.13	5.96	6.01	11555858	72081784.00
2013/08/08	5.99	6.05	5.94	6.04	7651957	47551040.00
2013/08/09	6.08	6.10	5.86	5.89	13892368	85524088.00
2013/08/12	5.89	5.97	5.87	5.96	9211286	56662028.00
2013/08/13	5.97	6.04	5.96	6.02	10617871	66049796.00
2013/08/14	6.03	6.06	5.90	5.93	8062466	49951168.00
2013/08/15	5.94	6.04	5.88	5.93	8438162	52098396.00
2013/08/16	5.85	6.02	5.81	5.85	9232132	56621720.00
2013/08/19	5.82	5.93	5.80	5.93	5447619	33288138.00
2013/08/20	5.93	5.98	5.88	5.92	5146388	31665796.00
2013/08/21	5.87	5.92	5.85	5.92	4071859	24860492.00
2013/08/22	5.90	5.95	5.84	5.87	5154825	31565326.00
2013/08/23	5.88	5.91	5.71	5.72	8133325	48951596.00
2013/08/26	5.74	5.86	5.72	5.85	6067251	36637476.00
2013/08/27	5.83	5.90	5.80	5.89	6279122	38178896.00
2013/08/28	5.85	5.92	5.79	5.86	8737498	53020188.00
2013/08/29	5.86	6.03	5.84	5.97	11858082	73137200.00
2013/08/30	5.95	6.01	5.90	5.92	11756615	72683408.00
2013/09/02	5.93	5.97	5.75	5.86	6488960	39400224.00
2013/09/03	5.87	5.92	5.83	5.91	5940264	36266368.00
2013/09/04	5.93	6.05	5.89	5.98	14747308	91461984.00
2013/09/05	5.99	5.99	5.87	5.92	7362174	45177016.00
2013/09/06	5.92	5.96	5.86	5.91	6199808	38008300.00
2013/09/09	5.89	6.05	5.88	5.99	10584910	65532300.00
2013/09/10	5.99	6.13	5.95	6.11	16194289	101444008.00
2013/09/11	6.11	6.16	6.02	6.08	12467056	78508304.00
2013/09/12	6.07	6.31	6.04	6.30	25483487	163741264.00
2013/09/13	6.43	6.76	6.31	6.34	43744892	295812352.00
2013/09/16	6.33	6.62	6.22	6.60	31040389	206616096.00
2013/09/17	6.48	6.53	6.18	6.22	20899938	137996384.00
2013/09/18	6.24	6.43	6.18	6.29	11955218	77792920.00
2013/09/23	6.30	6.33	6.14	6.28	13103039	84582992.00
2013/09/24	6.26	6.46	6.11	6.42	20659583	134072624.00
2013/09/25	6.35	6.44	6.27	6.28	13754490	90279928.00
2013/09/26	6.27	6.27	6.11	6.13	9894756	63191176.00
2013/09/27	6.15	6.22	6.09	6.10	8306311	53004016.00
2013/09/30	6.13	6.21	6.11	6.15	6629509	42288352.00
2013/10/08	6.18	6.37	6.16	6.31	11096547	72465344.00
2013/10/09	6.28	6.40	6.25	6.32	9148468	59903892.00
2013/10/10	6.32	6.53	6.30	6.35	14601761	96883008.00
2013/10/11	6.37	6.52	6.35	6.49	14346868	95719184.00
2013/10/14	6.51	6.58	6.44	6.52	14686956	98800304.00
2013/10/15	6.48	6.52	6.35	6.43	12823375	85045208.00
2013/10/16	6.39	6.42	6.18	6.21	12229732	79460864.00
2013/10/17	6.26	6.31	6.17	6.21	8641729	55884668.00
2013/10/18	6.20	6.29	6.19	6.24	4586818	29667512.00
2013/10/21	6.28	6.48	6.28	6.43	10392954	68842984.00
2013/10/22	6.42	6.48	6.29	6.33	9332993	61504456.00
2013/10/23	6.33	6.40	6.11	6.15	8732723	56313380.00
2013/10/24	6.15	6.21	6.06	6.15	6026747	38276896.00
2013/10/25	6.15	6.21	6.04	6.19	6935214	44067816.00
2013/10/28	6.19	6.20	6.06	6.10	4537435	28737134.00
2013/10/29	6.10	6.19	5.82	5.95	8172337	50884312.00
2013/10/30	5.96	6.08	5.95	6.04	5289472	33033488.00
2013/10/31	6.06	6.07	5.91	5.97	5430966	33624576.00
2013/11/01	5.91	6.06	5.91	6.00	4105860	25488256.00
2013/11/04	6.16	6.24	6.12	6.14	8481410	54234548.00
2013/11/05	6.13	6.21	6.07	6.20	6216525	39706264.00
2013/11/06	6.20	6.20	6.11	6.13	4705754	29958772.00
2013/11/07	6.15	6.15	5.99	6.00	4695541	29405418.00
2013/11/08	6.00	6.04	5.88	5.91	3833327	23662520.00
2013/11/11	5.87	6.01	5.87	5.93	3193763	19708260.00
2013/11/12	5.95	6.01	5.93	5.99	2318995	14349190.00
2013/11/13	5.99	5.99	5.85	5.86	3593033	22033368.00
2013/11/14	5.86	5.91	5.79	5.85	4321333	26169854.00
2013/11/15	5.85	6.01	5.83	5.95	4751369	29327666.00
2013/11/18	6.00	6.09	5.96	6.06	5523734	34520524.00
2013/11/19	6.08	6.11	5.96	6.08	5347348	33594080.00
2013/11/20	6.11	6.12	6.03	6.10	3851684	24225816.00
2013/11/21	6.07	6.11	6.03	6.07	4027511	25315632.00
2013/11/22	6.07	6.07	5.99	6.02	3725506	23291218.00
2013/11/25	6.01	6.06	5.98	5.99	3198166	19924056.00
2013/11/26	5.99	6.03	5.95	5.98	3594138	22291278.00
2013/11/27	5.98	6.05	5.96	6.04	4350991	27154892.00
2013/11/28	6.02	6.15	6.02	6.10	6528214	41201420.00
2013/11/29	6.11	6.13	6.05	6.11	4384313	27645880.00
2013/12/02	6.08	6.11	5.83	5.96	9552765	59236688.00
2013/12/03	5.99	6.13	5.96	6.12	8510736	53329000.00
2013/12/04	6.12	6.25	6.08	6.20	11066512	71072656.00
2013/12/05	6.20	6.38	6.10	6.33	13703344	89212336.00
2013/12/06	6.33	6.41	6.29	6.32	7750346	50863520.00
2013/12/09	6.32	6.41	6.27	6.33	5006622	32710470.00
2013/12/10	6.40	6.43	6.30	6.35	6442078	42416544.00
2013/12/11	6.33	6.33	6.17	6.20	6562781	42331832.00
2013/12/12	6.20	6.26	6.16	6.21	3782312	24379664.00
2013/12/13	6.22	6.35	6.21	6.32	5877209	38263520.00
2013/12/16	6.30	6.45	6.27	6.29	7930767	52162712.00
2013/12/17	6.27	6.31	6.18	6.21	4035068	26050934.00
2013/12/18	6.21	6.25	6.15	6.18	3840487	24649780.00
2013/12/19	6.18	6.24	6.15	6.17	3061116	19630956.00
2013/12/20	6.19	6.24	6.13	6.14	4433131	28372428.00
2013/12/23	6.14	6.17	5.99	6.07	2960418	18612970.00
2013/12/24	6.13	6.18	6.05	6.12	2571189	16303023.00
2013/12/25	6.14	6.24	6.10	6.24	4559092	29203330.00
2013/12/26	6.22	6.25	6.03	6.07	3862327	24621424.00
2013/12/27	6.04	6.19	6.04	6.14	2606086	16578154.00
2013/12/30	6.18	6.20	6.07	6.08	3030562	19229628.00
2013/12/31	6.08	6.13	6.02	6.12	2408169	15193286.00
2014/01/02	6.12	6.13	6.06	6.12	2435077	15381227.00
2014/01/03	6.09	6.17	5.96	5.97	5453320	34197620.00
2014/01/06	5.98	5.98	5.77	5.79	5956215	35985892.00
2014/01/07	5.78	5.87	5.74	5.78	2779102	16691027.00
2014/01/08	5.78	5.81	5.69	5.72	3178468	18995142.00
2014/01/09	5.72	5.75	5.61	5.62	2708430	15997493.00
2014/01/10	5.61	5.62	5.46	5.50	3274413	18876640.00
2014/01/13	5.54	5.56	5.40	5.46	2089798	11890109.00
2014/01/14	5.47	5.62	5.43	5.60	2856055	16479360.00
2014/01/15	5.60	5.61	5.50	5.60	2552459	14732190.00
2014/01/16	5.60	5.63	5.53	5.57	2013506	11691303.00
2014/01/17	5.54	5.57	5.48	5.50	1535169	8801309.00
2014/01/20	5.46	5.52	5.44	5.48	1421516	8096208.00
2014/01/21	5.52	5.59	5.48	5.59	2273020	13113795.00
2014/01/22	5.60	5.73	5.58	5.70	3971071	23416412.00
2014/01/23	5.71	5.71	5.63	5.65	3348685	19680408.00
2014/01/24	5.63	5.75	5.63	5.72	3429525	20330272.00
2014/01/27	5.84	5.95	5.83	5.86	7377213	45038568.00
2014/01/28	5.89	5.91	5.78	5.84	2784192	16867720.00
2014/01/29	5.82	5.87	5.81	5.84	2361595	14312434.00
2014/01/30	5.86	5.87	5.75	5.85	2659234	16062821.00
2014/02/07	5.80	5.91	5.78	5.91	3009263	18221814.00
2014/02/10	5.93	6.01	5.89	5.97	4944964	30620494.00
2014/02/11	5.95	6.01	5.94	5.96	4643454	28751464.00
2014/02/12	5.96	6.03	5.94	6.01	4922928	30566944.00
2014/02/13	6.02	6.03	5.93	5.94	5543615	34403904.00
2014/02/14	5.94	6.06	5.93	6.05	4931916	30758664.00
2014/02/17	6.08	6.12	6.02	6.05	5305962	33340860.00
2014/02/18	6.05	6.06	5.95	6.00	6282428	39068768.00
2014/02/19	6.01	6.03	5.93	5.98	5359894	33184672.00
2014/02/20	5.98	6.06	5.93	5.96	5230868	32526136.00
2014/02/21	5.97	5.99	5.88	5.90	3946932	24277820.00
2014/02/24	5.87	5.90	5.73	5.76	5848326	35110536.00
2014/02/25	5.75	5.80	5.53	5.57	5384796	31769814.00
2014/02/26	5.57	5.62	5.50	5.61	4577187	26491820.00
2014/02/27	5.59	5.66	5.55	5.57	3965161	23089844.00
2014/02/28	5.56	5.62	5.53	5.61	2573368	14916752.00
2014/03/03	5.61	5.76	5.61	5.71	4077353	24117782.00
2014/03/04	5.68	5.72	5.63	5.68	3329355	19616370.00
2014/03/05	5.73	5.80	5.69	5.71	4699631	28043212.00
2014/03/06	5.71	5.76	5.62	5.71	3626057	21408444.00
2014/03/07	5.71	5.72	5.61	5.65	4551324	26755558.00
2014/03/10	5.61	5.61	5.43	5.45	4064847	23283504.00
2014/03/11	5.48	5.60	5.44	5.54	2868602	16485890.00
2014/03/12	5.50	5.68	5.50	5.64	4390710	25529542.00
2014/03/13	5.64	5.70	5.59	5.66	2639197	15488540.00
2014/03/14	5.62	5.65	5.57	5.61	1876984	10928192.00
2014/03/17	5.64	5.70	5.58	5.70	2608712	15337882.00
2014/03/18	5.70	5.79	5.67	5.77	4299424	25674570.00
2014/03/19	5.78	5.84	5.75	5.81	4991285	30050686.00
2014/03/20	5.81	5.82	5.62	5.62	4089769	24350380.00
2014/03/21	5.63	5.79	5.61	5.78	3572777	21250814.00
2014/03/24	5.80	5.92	5.80	5.87	5820889	35468168.00
2014/03/25	5.85	5.88	5.82	5.86	3266467	19822928.00
2014/03/26	5.86	5.89	5.78	5.83	3137393	18975230.00
2014/03/27	5.85	5.90	5.80	5.84	3720646	22581016.00
2014/03/28	5.78	5.82	5.62	5.63	6379902	37788780.00
2014/03/31	5.63	5.66	5.50	5.58	4362363	25215096.00
2014/04/01	5.58	5.63	5.53	5.62	2323455	13503757.00
2014/04/02	5.62	5.68	5.60	5.64	2697957	15797614.00
2014/04/03	5.65	5.67	5.59	5.63	1713267	10026611.00
2014/04/04	5.63	5.65	5.59	5.62	2453241	14316460.00
2014/04/08	5.64	5.74	5.60	5.72	5041876	29722468.00
2014/04/09	5.71	5.75	5.69	5.73	2611894	15509313.00
2014/04/10	5.71	5.78	5.70	5.73	3552647	21180080.00
2014/04/11	5.73	5.82	5.72	5.77	4226153	25316376.00
2014/04/14	5.76	5.80	5.73	5.78	2034720	12161717.00
2014/04/15	5.78	5.78	5.66	5.68	3423502	20308616.00
2014/04/16	5.67	5.81	5.63	5.76	4304531	25566964.00
2014/04/17	5.73	5.79	5.68	5.75	4935410	29416176.00
2014/04/18	5.73	5.77	5.70	5.76	2514355	14970362.00
2014/04/21	5.75	5.78	5.68	5.70	3011017	17966662.00
2014/04/22	5.96	6.14	5.90	6.02	26241298	162851264.00
2014/04/23	6.03	6.27	6.00	6.13	24502359	155784784.00
2014/04/24	6.13	6.14	6.00	6.03	11115356	69750264.00
2014/04/25	6.07	6.13	5.99	6.01	9122950	57193976.00
2014/04/28	6.20	6.34	6.03	6.13	19676364	125770392.00
2014/04/29	6.03	6.20	5.88	6.18	11256761	70490312.00
2014/04/30	6.16	6.26	6.10	6.19	10923543	70090984.00
2014/05/05	6.54	6.65	6.28	6.48	34152220	229199776.00
2014/05/06	6.39	6.58	6.36	6.52	18405805	122944536.00
2014/05/07	6.44	6.49	6.21	6.26	16065214	105523280.00
2014/05/08	6.22	6.32	6.16	6.18	11993471	77390792.00
2014/05/09	6.16	6.20	5.96	6.04	10661354	67064756.00
2014/05/12	6.11	6.24	6.05	6.20	8847414	56369360.00
2014/05/13	6.21	6.24	6.11	6.16	6059159	38669024.00
2014/05/14	6.17	6.21	6.06	6.12	6359996	40491008.00
2014/05/15	6.13	6.22	6.07	6.22	9991129	63742760.00
2014/05/16	6.17	6.22	6.11	6.19	6197335	39585512.00
2014/05/19	6.19	6.19	6.08	6.11	5423552	34479680.00
2014/05/20	6.19	6.36	6.16	6.18	8126516	52527336.00
2014/05/21	6.14	6.17	5.98	6.15	6747805	42673468.00
2014/05/22	6.14	6.21	6.13	6.16	6020448	38504732.00
2014/05/23	6.15	6.19	6.10	6.18	4143837	26383740.00
2014/05/26	6.19	6.23	6.12	6.15	4516760	28839012.00
2014/05/27	6.13	6.23	6.10	6.23	8754888	56003492.00
2014/05/28	6.23	6.25	6.17	6.23	6004272	38616052.00
2014/05/29	6.23	6.25	6.13	6.14	6441138	41238728.00
2014/05/30	6.14	6.16	6.05	6.13	5174591	32671036.00
2014/06/03	6.11	6.14	6.07	6.09	3783003	23919206.00
2014/06/04	6.05	6.07	6.01	6.06	3295509	20626264.00
2014/06/05	6.04	6.13	6.01	6.12	3696698	23305744.00
2014/06/06	6.13	6.30	6.09	6.26	10988654	70673648.00
2014/06/09	6.20	6.30	6.18	6.23	7696702	49836756.00
2014/06/10	6.24	6.35	6.19	6.31	8586293	55833312.00
2014/06/11	6.31	6.38	6.28	6.32	6979363	45685152.00
2014/06/12	6.28	6.33	6.23	6.26	5570145	36130792.00
2014/06/13	6.26	6.51	6.24	6.46	13785667	91231592.00
2014/06/16	6.48	6.59	6.39	6.45	12406272	80352448.00
2014/06/17	6.41	6.70	6.41	6.54	13776940	90817328.00
2014/06/18	6.51	7.19	6.50	7.12	49272544	348464032.00
2014/06/19	7.30	7.39	6.70	6.78	32875008	228923968.00
2014/06/20	6.85	7.09	6.76	7.05	21897920	151565424.00
2014/06/23	7.11	7.66	7.11	7.25	31685156	232336112.00
2014/06/24	7.20	7.44	7.12	7.29	26359491	191390704.00
2014/06/25	7.22	7.57	7.14	7.38	30409428	222994640.00
2014/06/26	7.46	8.12	7.34	8.12	62472684	494465056.00
2014/06/27	8.35	8.93	8.31	8.93	91998862	799310656.00
2014/06/30	9.28	9.50	8.93	8.98	92550216	846917504.00
2014/07/01	8.85	8.88	8.60	8.75	58548462	511588096.00
2014/07/02	8.67	8.75	8.12	8.22	68153349	565580480.00
2014/07/03	8.16	8.49	8.16	8.35	47268853	393384480.00
2014/07/04	8.36	8.76	8.24	8.54	49336730	418224032.00
2014/07/07	8.43	8.75	8.33	8.56	38416069	325684704.00
2014/07/08	8.57	9.42	8.50	9.10	84484488	767540928.00
2014/07/09	8.94	9.30	8.87	9.12	61662138	559419392.00
2014/07/10	9.13	9.47	9.00	9.20	50176633	461976448.00
2014/07/11	9.11	9.61	9.00	9.05	40100136	368181824.00
2014/07/14	9.00	9.10	8.74	9.08	34162589	304292736.00
2014/07/15	9.66	9.99	9.38	9.64	112892577	1097965184.00
2014/07/16	9.34	9.50	8.68	8.68	73283831	661881472.00
2014/07/17	8.45	8.58	8.08	8.47	51346676	426686528.00
2014/07/18	8.29	8.49	8.25	8.40	24950029	209170224.00
2014/07/21	8.50	8.69	8.40	8.61	27834657	239157488.00
2014/07/22	8.55	8.57	8.28	8.47	31931399	268667936.00
2014/07/23	8.21	8.33	7.70	7.78	55400604	441008160.00
2014/07/24	7.69	7.88	7.57	7.75	28227391	218562624.00
2014/07/25	7.71	7.79	7.61	7.75	17732366	136965344.00
2014/07/28	7.85	7.91	7.78	7.90	26180660	205730624.00
2014/07/29	7.91	8.20	7.87	8.15	27867646	225601872.00
2014/07/30	8.16	8.18	8.01	8.10	18819325	152132144.00
2014/07/31	8.16	8.43	8.06	8.38	24501510	202427584.00
2014/08/01	8.29	8.48	8.16	8.25	22873656	190553952.00
2014/08/04	8.27	8.39	8.21	8.36	16087641	134043736.00
2014/08/05	8.34	8.43	8.28	8.38	16912917	141130080.00
2014/08/06	8.35	8.71	8.33	8.60	26050545	223955808.00
2014/08/07	8.66	8.77	8.57	8.63	18945962	163693120.00
2014/08/08	8.62	8.68	8.42	8.67	19499509	166974272.00
2014/08/11	8.75	9.28	8.72	9.21	39436698	359608288.00
2014/08/12	9.20	9.27	9.07	9.23	22984164	210888080.00
2014/08/13	9.28	9.28	8.70	9.02	31917454	287391168.00
2014/08/14	9.00	9.01	8.48	8.53	34210969	298601760.00
2014/08/15	8.58	8.80	8.44	8.72	21536540	185088512.00
2014/08/18	8.79	8.87	8.61	8.71	15255301	132893424.00
2014/08/19	8.78	8.79	8.55	8.65	16233229	140151216.00
2014/08/20	8.65	8.87	8.59	8.78	20984187	184400576.00
2014/08/21	8.78	8.95	8.70	8.94	17815965	157058256.00
2014/08/22	8.98	9.30	8.96	9.17	37070424	339919136.00
2014/08/25	9.08	9.09	8.25	8.26	51358218	436492608.00
2014/08/26	8.12	8.20	7.81	7.93	30589045	244272272.00
2014/08/27	7.90	8.04	7.85	7.92	14552711	115686688.00
2014/08/28	7.92	7.93	7.65	7.69	21231177	164471744.00
2014/08/29	7.70	7.84	7.70	7.82	11442805	88966224.00
2014/09/01	7.82	7.97	7.82	7.88	11555814	91426336.00
2014/09/02	7.94	8.10	7.89	8.09	18841733	151316736.00
2014/09/03	8.08	8.15	8.04	8.06	19449954	156940608.00
2014/09/04	8.05	8.11	7.92	8.09	19713725	158579504.00
2014/09/05	8.09	8.13	8.05	8.10	15494982	125445488.00
2014/09/09	8.10	8.24	7.96	8.23	30501779	247072384.00
2014/09/10	8.20	8.44	8.12	8.36	35674243	296075680.00
2014/09/11	8.32	8.47	8.15	8.20	31920224	265828544.00
2014/09/12	8.18	8.25	8.11	8.24	16087839	131403656.00
2014/09/15	8.21	8.33	8.14	8.26	19434804	159725152.00
2014/09/16	8.26	8.34	7.90	7.92	19705062	160260464.00
2014/09/17	7.90	7.98	7.74	7.85	15795810	123424264.00
2014/09/18	7.80	7.94	7.80	7.86	11690988	91916224.00
2014/09/19	7.87	8.65	7.86	8.65	36679256	312421408.00
2014/09/22	9.10	9.25	8.61	8.63	93768888	829236864.00
2014/09/23	8.53	8.67	8.38	8.50	36074168	305730624.00
2014/09/24	8.48	8.65	8.44	8.56	27729981	236930224.00
2014/09/25	8.60	8.64	8.41	8.46	24025664	204800608.00
2014/09/26	8.38	8.40	8.31	8.38	15220057	127186904.00
2014/09/29	8.42	8.54	8.40	8.47	16059773	135814944.00
2014/09/30	8.48	8.58	8.40	8.51	18213854	155001568.00
2014/10/08	8.54	8.59	8.46	8.58	18050457	154071872.00
2014/10/09	8.60	8.62	8.44	8.53	19883523	169701392.00
2014/10/10	8.49	8.56	8.38	8.42	16035026	135805376.00
2014/10/13	8.42	8.42	8.19	8.26	15148065	125182824.00
2014/10/14	8.25	8.34	8.17	8.21	13305399	109967408.00
2014/10/15	8.22	8.23	8.08	8.22	12900089	105334752.00
2014/10/16	8.11	8.21	8.11	8.12	10319995	84253336.00
2014/10/17	8.12	8.17	7.86	8.03	11556658	92676920.00
2014/10/20	8.03	8.18	8.03	8.16	7443243	60490992.00
2014/10/21	8.18	8.20	8.07	8.09	6688992	54448820.00
2014/10/22	8.10	8.14	7.96	7.99	7746749	62437440.00
2014/10/23	8.00	8.02	7.75	7.76	9287117	73008704.00
2014/10/24	7.77	7.83	7.67	7.75	7095622	55193068.00
2014/10/27	7.76	7.81	7.70	7.80	5343179	41532776.00
2014/10/28	7.83	8.00	7.83	7.98	7322073	58112784.00
2014/10/29	7.98	8.10	7.94	8.06	12419704	99604024.00
2014/10/30	8.07	8.08	7.98	8.00	10643721	85394360.00
2014/10/31	8.02	8.08	7.92	8.07	13647648	109556600.00
2014/11/03	8.04	8.21	8.04	8.14	14213827	115658096.00
2014/11/04	8.10	8.17	8.02	8.04	10752449	86829456.00
2014/11/05	8.04	8.05	7.91	7.93	11054415	87980656.00
2014/11/06	7.93	7.98	7.90	7.97	8246056	65424864.00
2014/11/07	7.96	8.38	7.93	8.30	41235782	340677056.00
2014/11/10	8.28	8.40	8.20	8.34	18425769	152756320.00
2014/11/11	8.33	8.39	7.98	8.02	18156007	147746288.00
2014/11/12	8.03	8.17	8.00	8.16	8932947	72259768.00
2014/11/13	8.15	8.33	8.09	8.22	19402240	159946736.00
2014/11/14	8.15	8.21	8.03	8.08	10306242	83468896.00
2014/11/17	8.15	8.33	7.98	8.22	13881599	113980312.00
2014/11/18	8.21	8.26	8.12	8.16	8616444	70436880.00
2014/11/19	8.27	8.47	8.20	8.44	34581725	289253952.00
2014/11/20	8.34	8.39	8.27	8.31	15959344	132802680.00
2014/11/21	8.29	8.42	8.27	8.35	14854172	124162976.00
2014/11/24	8.44	8.47	8.30	8.38	22160122	185970848.00
2014/11/25	8.38	8.49	8.32	8.46	24055317	202398656.00
2014/11/26	8.50	8.52	8.26	8.35	23307109	195520976.00
2014/11/27	8.36	8.73	8.35	8.61	37401187	319641888.00
2014/11/28	8.55	8.65	8.42	8.52	24815913	211065360.00
2014/12/01	8.57	8.58	8.34	8.40	21505107	181597536.00
2014/12/02	8.38	8.51	8.36	8.50	19544432	165229440.00
2014/12/03	8.53	8.76	8.43	8.59	31900624	273360864.00
2014/12/04	8.60	9.17	8.60	9.03	54363578	484166752.00
2014/12/05	8.92	9.00	8.42	8.66	40027921	349955680.00
2014/12/08	8.60	8.76	8.45	8.67	24724891	213231008.00
2014/12/09	8.59	8.78	8.31	8.35	34558851	295228288.00
2014/12/10	8.30	8.54	8.29	8.53	18919350	159787712.00
2014/12/11	8.50	8.63	8.42	8.56	20009356	170363904.00
2014/12/12	8.59	8.87	8.56	8.73	26574915	231737728.00
2014/12/15	8.72	8.98	8.68	8.89	28351852	251462944.00
2014/12/16	8.89	8.96	8.72	8.80	19960106	175583184.00
2014/12/17	8.79	8.79	8.50	8.61	23975387	206866336.00
2014/12/18	8.60	8.65	8.50	8.52	15724764	134682720.00
2014/12/19	8.52	8.58	8.32	8.43	17044711	143573888.00
2014/12/22	8.41	8.43	7.92	8.03	21918476	178252816.00
2014/12/23	8.03	8.17	7.97	8.00	10230984	82535336.00
2014/12/24	8.06	8.13	7.98	8.13	8999656	72515152.00
2014/12/25	8.12	8.25	8.12	8.18	8970049	73371496.00
2014/12/26	8.16	8.20	8.10	8.15	11531251	93907064.00
2014/12/29	8.17	8.29	8.12	8.23	16739741	137169968.00
2014/12/30	8.21	8.34	8.05	8.16	14929899	122422040.00
2014/12/31	8.18	8.23	8.10	8.21	10400234	84763184.00
2015/01/05	8.21	8.36	8.13	8.32	17823518	147162256.00
2015/01/06	8.25	8.33	8.19	8.30	12136155	100159544.00
2015/01/07	8.29	8.36	8.20	8.29	12258968	101544584.00
2015/01/08	8.28	8.30	8.13	8.14	11190931	91504704.00
2015/01/09	8.13	8.19	8.06	8.07	10457643	85186720.00
2015/01/12	8.04	8.04	7.80	7.82	10813312	85452552.00
2015/01/13	7.80	7.89	7.77	7.87	5772588	45308864.00
2015/01/14	7.90	7.92	7.82	7.86	6086241	47936528.00
2015/01/15	7.88	8.08	7.84	8.06	10452903	83294040.00
2015/01/16	8.03	8.05	7.95	7.99	10300863	82270312.00
2015/01/19	7.80	7.93	7.57	7.67	13573577	105580336.00
2015/01/20	7.73	7.94	7.73	7.88	7403015	58032940.00
2015/01/21	7.89	8.04	7.89	8.04	10835095	86457744.00
2015/01/22	8.04	8.17	8.00	8.10	12099447	97899688.00
2015/01/23	8.12	8.13	8.00	8.05	10504393	84587584.00
2015/01/26	8.04	8.17	8.03	8.17	11272835	91382760.00
2015/01/27	8.20	8.28	8.10	8.25	16587171	136149968.00
2015/01/28	8.20	8.35	8.19	8.26	13898802	115012200.00
2015/01/29	8.22	8.23	8.09	8.12	10362777	84483664.00
2015/01/30	8.13	8.16	8.01	8.01	8209146	66400848.00
2015/02/02	7.88	8.07	7.76	8.03	7022197	55884560.00
2015/02/03	8.01	8.23	8.01	8.20	11292382	91831208.00
2015/02/04	8.19	8.30	8.12	8.25	12359880	101642416.00
2015/02/05	8.33	8.38	8.20	8.25	19313691	160435104.00
2015/02/06	8.24	8.92	8.21	8.56	53401585	460630112.00
2015/02/09	8.40	8.51	8.16	8.22	24163688	201229328.00
2015/02/10	8.16	8.40	8.14	8.38	13478243	111185864.00
2015/02/11	8.39	8.73	8.35	8.55	24366544	209050064.00
2015/02/12	8.58	8.70	8.49	8.50	17544540	150694288.00
2015/02/13	8.57	8.97	8.57	8.91	41433389	365635200.00
2015/02/16	9.00	9.05	8.84	8.99	29556134	264671808.00
2015/02/17	9.00	9.04	8.77	8.83	23283411	206462368.00
2015/02/25	8.88	9.02	8.78	8.88	19124639	170139664.00
2015/02/26	8.92	9.25	8.85	9.09	29338960	267235312.00
2015/02/27	9.04	9.19	9.01	9.05	18879729	171596832.00
2015/03/02	9.06	9.25	9.00	9.22	28193994	256604512.00
2015/03/03	9.17	9.20	8.82	8.88	29543592	266601264.00
2015/03/04	8.86	9.02	8.83	8.96	19740749	176012320.00
2015/03/05	9.02	9.86	8.99	9.86	66290398	648350592.00
2015/03/06	9.92	10.44	9.86	9.88	90303547	911437376.00
2015/03/09	9.80	9.84	9.49	9.73	38009539	367104544.00
2015/03/10	9.72	10.19	9.63	9.94	37394467	372993824.00
2015/03/11	9.81	10.80	9.81	10.49	52140806	537964416.00
2015/03/12	10.42	10.63	10.03	10.37	35070458	361414592.00
2015/03/13	10.50	10.59	10.24	10.33	23082333	239582976.00
2015/03/16	10.47	10.79	10.40	10.56	31157999	329604352.00
2015/03/17	10.65	10.77	10.21	10.38	40915534	428004640.00
2015/03/18	10.30	10.54	10.24	10.52	30419382	316009152.00
2015/03/19	10.49	10.75	10.27	10.48	29071746	305143072.00
2015/03/20	10.48	11.08	10.32	10.84	44321644	473316416.00
2015/03/23	10.80	10.97	10.67	10.84	34930212	377865920.00
2015/03/24	10.87	10.88	10.25	10.56	41614271	440492096.00
2015/03/25	10.59	11.26	10.42	10.98	45925692	497633120.00
2015/03/26	11.05	11.45	10.81	10.90	36015422	400740416.00
2015/03/27	10.90	11.31	10.71	11.18	30354953	333960352.00
2015/03/30	11.28	12.30	11.26	12.23	56639685	674084480.00
2015/03/31	11.68	12.04	11.30	11.79	56562873	665530752.00
2015/04/01	11.81	12.11	11.66	11.98	35170130	419217120.00
2015/04/02	12.43	12.78	12.11	12.34	50124294	622308608.00
2015/04/03	12.24	13.57	12.17	13.21	50440308	659940096.00
2015/04/07	13.15	13.59	13.10	13.37	37185519	495877600.00
2015/04/08	13.80	14.55	13.50	13.97	46975529	657579200.00
2015/04/09	13.98	14.52	13.38	14.39	54126133	763969280.00
2015/04/10	14.41	15.83	14.26	15.59	76804780	1186668160.00
2015/04/13	15.83	16.90	15.08	16.15	66161073	1050082496.00
2015/04/14	16.08	16.46	15.78	16.00	35669471	576112320.00
2015/04/15	15.80	15.99	14.70	14.76	46316312	704518016.00
2015/04/16	14.51	15.32	14.36	14.85	30710617	460359840.00
2015/04/17	14.80	15.15	14.30	14.41	50702851	743790400.00
2015/04/20	14.30	14.30	13.46	13.52	59934901	832902336.00
2015/04/21	13.60	14.41	13.60	14.39	37816001	531602528.00
2015/04/22	14.65	14.77	14.42	14.64	35019331	510943456.00
2015/04/23	14.62	15.25	14.50	15.21	40900223	605804672.00
2015/04/24	14.95	15.07	14.47	14.77	31772824	469584032.00
2015/04/27	14.70	14.97	14.59	14.68	28189169	415365344.00
2015/04/28	14.85	14.98	13.80	14.12	34374293	494400672.00
2015/04/29	13.99	14.53	13.71	14.44	21457561	305033056.00
2015/04/30	14.49	14.99	14.45	14.77	32818140	485052448.00
2015/05/05	15.01	15.01	15.01	15.01	0	0.00
数据来源:通达信
