600068 葛洲坝 日线 前复权
      日期	    开盘	    最高	    最低	    收盘	    成交量	    成交额
2011/10/10	7.69	7.76	7.66	7.68	8601233	69174360.00
2011/10/11	7.85	7.97	7.70	7.82	17613024	143628704.00
2011/10/12	7.78	8.39	7.70	8.32	34527601	290363008.00
2011/10/13	8.39	8.77	8.39	8.59	52248195	469412896.00
2011/10/14	8.55	8.82	8.50	8.66	29570336	266854400.00
2011/10/17	8.66	8.76	8.51	8.58	22764812	204408640.00
2011/10/18	8.53	8.64	8.19	8.24	31709397	278059840.00
2011/10/19	8.21	8.30	8.01	8.05	18171825	153729888.00
2011/10/20	7.97	7.99	7.69	7.76	18555077	150621744.00
2011/10/21	7.82	7.84	7.70	7.73	11444934	92619712.00
2011/10/24	7.76	7.91	7.64	7.91	18783680	152459792.00
2011/10/25	7.89	8.33	7.82	8.31	31631703	268142880.00
2011/10/26	8.17	8.66	8.14	8.46	43714743	385530624.00
2011/10/27	8.45	8.66	8.31	8.38	29118112	256711072.00
2011/10/28	8.51	8.66	8.45	8.62	32612223	290586912.00
2011/10/31	8.57	8.92	8.51	8.87	47231670	429631776.00
2011/11/01	8.79	9.13	8.72	8.84	48505488	449641824.00
2011/11/02	8.63	9.09	8.58	9.00	33579434	306830848.00
2011/11/03	9.16	9.51	8.97	8.98	65166874	627013952.00
2011/11/04	9.03	9.23	8.93	9.21	42186747	398587008.00
2011/11/07	9.16	9.46	9.04	9.06	35489518	341013856.00
2011/11/08	9.10	9.19	8.97	9.02	24410540	230125488.00
2011/11/09	9.08	9.16	8.83	9.06	21583226	201152896.00
2011/11/10	8.96	9.06	8.81	8.82	25882279	238992272.00
2011/11/11	8.84	8.91	8.65	8.78	19269629	176112096.00
2011/11/14	8.91	9.03	8.84	8.96	18533628	172283088.00
2011/11/15	8.94	9.11	8.92	9.02	16835934	157343584.00
2011/11/17	8.75	8.95	8.67	8.71	21882730	199409760.00
2011/11/18	8.66	8.80	8.31	8.34	20208048	179486464.00
2011/11/21	8.36	8.50	8.26	8.46	11352307	98979120.00
2011/11/22	8.35	8.49	8.31	8.44	9023310	78911176.00
2011/11/23	8.44	8.51	8.26	8.28	12073371	105265408.00
2011/11/24	8.17	8.26	8.08	8.19	10826736	92143200.00
2011/11/25	8.18	8.25	8.06	8.15	10157889	86359144.00
2011/11/28	8.20	8.45	8.20	8.31	26017158	225989120.00
2011/11/29	8.42	8.45	8.32	8.39	17820860	155048288.00
2011/11/30	8.36	8.47	8.04	8.11	21669642	186503456.00
2011/12/01	8.37	8.49	8.29	8.35	20712907	181014224.00
2011/12/02	8.30	8.33	8.13	8.20	9171143	78376336.00
2011/12/05	8.23	8.25	7.79	7.85	15525159	128518160.00
2011/12/06	7.84	7.93	7.77	7.86	7902889	64689032.00
2011/12/07	7.91	7.91	7.75	7.81	7229441	59028848.00
2011/12/08	7.83	8.01	7.73	7.87	10998819	90311184.00
2011/12/09	7.80	7.92	7.77	7.85	6971130	56990928.00
2011/12/12	7.86	7.99	7.83	7.85	11144256	91847152.00
2011/12/13	7.86	7.91	7.52	7.55	23494364	189375344.00
2011/12/14	7.54	7.54	7.19	7.26	16111348	122983464.00
2011/12/15	7.24	7.24	6.96	6.97	14677859	108701104.00
2011/12/16	6.98	7.21	6.95	7.18	18148944	134409968.00
2011/12/19	7.18	7.18	6.84	7.06	16197227	118855864.00
2011/12/20	7.06	7.16	6.99	7.02	9538856	70734184.00
2011/12/21	7.08	7.18	6.85	6.90	13138183	97414928.00
2011/12/22	6.93	7.07	6.68	6.96	14720901	106201008.00
2011/12/23	6.99	7.14	6.91	7.11	12146668	89982048.00
2011/12/26	7.03	7.28	6.99	7.19	16823810	126851520.00
2011/12/27	7.17	7.26	7.04	7.07	11679667	87558520.00
2011/12/28	7.06	7.19	6.99	7.18	11788001	87850400.00
2011/12/29	7.18	7.29	7.11	7.28	12330861	93207248.00
2011/12/30	7.29	7.38	7.23	7.36	13613740	104244432.00
2012/01/04	7.41	7.51	7.28	7.32	17620119	136362336.00
2012/01/05	7.21	7.34	6.95	6.97	21584210	161712256.00
2012/01/06	6.99	7.05	6.84	7.00	11394808	83034904.00
2012/01/09	7.06	7.23	6.95	7.22	22452414	166777856.00
2012/01/10	7.26	7.59	7.20	7.54	36265936	281527840.00
2012/01/11	7.55	7.62	7.44	7.53	22637573	178256576.00
2012/01/12	7.52	7.73	7.50	7.55	22642878	180358896.00
2012/01/13	7.50	7.58	7.16	7.24	20953269	160414496.00
2012/01/16	7.18	7.19	6.94	6.96	15963934	118145824.00
2012/01/17	6.89	7.47	6.89	7.46	22590206	171857120.00
2012/01/18	7.47	7.53	7.34	7.38	16719178	129999312.00
2012/01/19	7.36	7.60	7.32	7.56	20384439	160097440.00
2012/01/20	7.59	7.85	7.59	7.79	28948828	234423152.00
2012/01/30	7.81	7.81	7.62	7.63	14553635	116974816.00
2012/01/31	7.63	7.79	7.55	7.61	16156727	128768104.00
2012/02/01	7.61	7.77	7.51	7.70	25962191	207849088.00
2012/02/02	7.71	7.80	7.62	7.79	21386452	172483168.00
2012/02/03	7.78	7.85	7.70	7.80	17799221	144697296.00
2012/02/06	7.82	7.84	7.73	7.77	14928103	121312144.00
2012/02/07	7.73	7.74	7.46	7.52	15171947	119980224.00
2012/02/08	7.50	7.70	7.50	7.67	16176158	128724496.00
2012/02/09	7.67	7.73	7.64	7.70	21275313	170784288.00
2012/02/10	7.70	7.82	7.66	7.76	22153997	179233200.00
2012/02/13	7.73	7.87	7.67	7.80	31427998	255778256.00
2012/02/14	7.81	7.84	7.69	7.76	15606364	126179096.00
2012/02/15	7.74	7.85	7.68	7.84	25447529	206661520.00
2012/02/16	7.83	7.85	7.69	7.75	29445188	238411296.00
2012/02/17	7.80	7.81	7.62	7.67	41149656	330361088.00
2012/02/20	7.74	7.78	7.62	7.63	29486675	236926272.00
2012/02/21	7.63	7.67	7.54	7.66	19443078	154459056.00
2012/02/22	7.65	7.79	7.64	7.78	33795209	272796672.00
2012/02/23	7.77	7.83	7.73	7.82	33622110	273326592.00
2012/02/24	7.82	7.91	7.79	7.91	50319564	412766240.00
2012/02/27	7.94	8.13	7.89	7.98	69379846	579207680.00
2012/02/28	7.96	8.40	7.91	8.36	98482706	840210816.00
2012/02/29	8.33	8.33	8.07	8.11	48349912	412575616.00
2012/03/01	8.07	8.22	8.04	8.12	22729530	192475312.00
2012/03/02	8.29	8.41	8.09	8.23	67844453	582195904.00
2012/03/05	8.22	8.30	8.14	8.17	35853575	306663584.00
2012/03/06	8.13	8.14	7.97	8.02	26998839	226017296.00
2012/03/07	7.92	8.08	7.92	7.97	21430611	178433168.00
2012/03/08	7.97	8.20	7.95	8.08	28091435	235754192.00
2012/03/09	8.09	8.17	8.01	8.16	25283487	213764848.00
2012/03/12	8.17	8.18	8.04	8.09	23958438	202144224.00
2012/03/13	8.09	8.14	8.06	8.10	18975354	160007520.00
2012/03/14	8.14	8.18	7.60	7.71	50178638	418185408.00
2012/03/15	7.70	7.82	7.47	7.62	33620091	268811936.00
2012/03/16	7.64	7.71	7.49	7.70	25234994	200955840.00
2012/03/19	7.69	7.98	7.60	7.92	42125914	343516640.00
2012/03/20	7.85	7.89	7.67	7.69	24440137	198154880.00
2012/03/21	7.73	7.85	7.66	7.79	22863593	184935328.00
2012/03/22	7.80	7.96	7.67	7.85	45776424	376056960.00
2012/03/23	7.80	7.80	7.67	7.71	17704081	142771888.00
2012/03/26	7.68	7.71	7.43	7.52	21208390	167504384.00
2012/03/27	7.54	7.60	7.34	7.39	22713032	176835344.00
2012/03/28	7.38	7.38	7.01	7.05	23781080	178398144.00
2012/03/29	7.04	7.12	6.68	6.77	41309962	296036512.00
2012/03/30	6.79	6.84	6.73	6.82	18294223	130348992.00
2012/04/05	6.84	6.96	6.81	6.95	22844265	165365600.00
2012/04/06	6.95	7.02	6.91	6.95	17591576	128582336.00
2012/04/09	6.94	6.99	6.81	6.84	13286284	95939344.00
2012/04/10	6.81	6.95	6.79	6.94	16756502	120907704.00
2012/04/11	6.88	6.95	6.84	6.93	14093622	102191320.00
2012/04/12	6.95	7.04	6.90	7.03	26052979	190636736.00
2012/04/13	7.05	7.24	7.05	7.12	33760871	252622864.00
2012/04/16	7.17	7.32	7.17	7.24	34643302	263130512.00
2012/04/17	7.24	7.28	7.08	7.10	18376172	137715968.00
2012/04/18	7.15	7.29	7.05	7.26	26578371	200304592.00
2012/04/19	7.26	7.36	7.25	7.28	21491584	164226752.00
2012/04/20	7.26	7.33	7.23	7.30	19909413	151714192.00
2012/04/23	7.30	7.42	7.24	7.30	24435348	187248208.00
2012/04/24	7.25	7.32	6.96	7.13	23204463	173202528.00
2012/04/25	7.15	7.31	7.06	7.24	26605309	200563264.00
2012/04/26	7.25	7.40	7.21	7.24	22694354	173228288.00
2012/05/02	7.39	7.39	7.24	7.34	32183328	246317728.00
2012/05/03	7.32	7.50	7.27	7.42	31126661	240714416.00
2012/05/04	7.43	7.46	7.35	7.42	20594746	159541728.00
2012/05/07	7.36	7.49	7.34	7.47	33423994	259806064.00
2012/05/08	7.46	7.51	7.40	7.46	21885044	170651056.00
2012/05/09	7.42	7.42	7.24	7.25	18010162	137901888.00
2012/05/10	7.25	7.28	7.17	7.20	13607424	102906336.00
2012/05/11	7.20	7.28	7.02	7.04	23124112	172760160.00
2012/05/14	7.14	7.14	6.96	6.98	24277355	179287376.00
2012/05/15	6.90	6.94	6.86	6.92	18454758	133610736.00
2012/05/16	6.92	6.93	6.77	6.79	19707615	141331168.00
2012/05/17	6.79	6.89	6.74	6.87	20074184	143591808.00
2012/05/18	6.82	6.83	6.73	6.77	15883115	113057576.00
2012/05/21	6.77	6.87	6.71	6.78	19064642	135770784.00
2012/05/22	6.82	6.85	6.78	6.85	19247632	137854208.00
2012/05/23	6.85	6.96	6.83	6.95	27109802	195959712.00
2012/05/24	6.92	6.99	6.84	6.87	18830496	136780896.00
2012/05/25	6.86	6.89	6.77	6.84	14117349	101203304.00
2012/05/28	6.81	7.25	6.76	7.24	57506476	425564480.00
2012/05/29	7.31	7.41	7.22	7.33	72382167	554398208.00
2012/05/30	7.31	7.34	7.20	7.26	31981736	243272640.00
2012/05/31	7.19	7.24	7.10	7.13	24517451	183935776.00
2012/06/01	7.13	7.21	7.08	7.10	17982762	134611040.00
2012/06/04	7.01	7.01	6.82	6.84	19636972	142214960.00
2012/06/05	6.86	6.90	6.82	6.85	12311571	88629568.00
2012/06/06	6.88	6.90	6.79	6.83	11895698	85287544.00
2012/06/07	6.90	6.92	6.70	6.75	20787949	148261136.00
2012/06/08	6.81	6.82	6.71	6.74	19565151	138834800.00
2012/06/11	6.76	6.86	6.73	6.82	13833723	98786008.00
2012/06/12	6.79	6.81	6.72	6.77	12676338	89997048.00
2012/06/13	6.79	6.86	6.75	6.85	15028261	107492344.00
2012/06/14	6.85	6.85	6.77	6.80	13135378	93889144.00
2012/06/15	6.83	6.86	6.74	6.83	15987398	112510936.00
2012/06/18	6.85	6.92	6.82	6.84	19428568	137872048.00
2012/06/19	6.85	6.85	6.75	6.78	11710766	82447912.00
2012/06/20	6.81	6.84	6.78	6.81	10144114	71535696.00
2012/06/21	6.81	6.83	6.68	6.70	15211909	106157944.00
2012/06/25	6.72	6.79	6.52	6.53	20914049	144377744.00
2012/06/26	6.48	6.49	6.24	6.41	20163624	132847888.00
2012/06/27	6.41	6.42	6.29	6.32	11362518	75049568.00
2012/06/28	6.33	6.37	6.24	6.24	11745689	76787504.00
2012/06/29	6.21	6.32	6.19	6.29	11553313	75031608.00
2012/07/02	6.35	6.38	6.29	6.30	11676680	76669888.00
2012/07/03	6.30	6.37	6.28	6.30	10082951	66199912.00
2012/07/04	6.30	6.33	6.19	6.23	12539058	81353088.00
2012/07/05	6.19	6.19	6.01	6.02	15218554	96081248.00
2012/07/06	6.06	6.08	5.89	6.04	19157931	119542048.00
2012/07/09	6.01	6.01	5.78	5.80	13051427	80278368.00
2012/07/10	5.77	5.82	5.74	5.77	12521567	75420384.00
2012/07/11	5.78	5.86	5.77	5.84	12488005	75684064.00
2012/07/12	5.84	5.90	5.76	5.90	17098602	103931824.00
2012/07/13	5.87	5.96	5.85	5.87	11909992	73004216.00
2012/07/16	5.89	5.91	5.68	5.69	15266855	91643040.00
2012/07/17	5.69	5.73	5.65	5.71	10444004	61863720.00
2012/07/18	5.70	5.78	5.66	5.78	10382132	61770844.00
2012/07/19	5.77	6.04	5.75	5.91	21551012	132879840.00
2012/07/20	5.92	5.95	5.82	5.84	11538214	70446960.00
2012/07/23	5.81	5.91	5.79	5.84	13261885	80900160.00
2012/07/24	5.81	5.90	5.78	5.85	8167934	49717900.00
2012/07/25	5.87	5.87	5.80	5.82	6842320	41552896.00
2012/07/26	5.82	5.85	5.76	5.77	7410649	44772008.00
2012/07/27	5.78	5.80	5.72	5.75	7845194	47010308.00
2012/07/30	5.72	5.78	5.68	5.71	7191067	42925056.00
2012/07/31	5.71	5.75	5.37	5.43	17246923	99924000.00
2012/08/01	5.41	5.60	5.38	5.54	13173859	75927000.00
2012/08/02	5.54	5.57	5.46	5.47	7599968	43563704.00
2012/08/03	5.48	5.58	5.46	5.56	8204261	47267144.00
2012/08/06	5.55	5.70	5.53	5.70	13205718	77397944.00
2012/08/07	5.75	5.75	5.65	5.69	12273286	72688744.00
2012/08/08	5.70	5.71	5.63	5.65	8457257	49885024.00
2012/08/09	5.65	5.69	5.56	5.68	12841450	75407872.00
2012/08/10	5.67	5.71	5.64	5.66	10408298	61502040.00
2012/08/13	5.62	5.69	5.56	5.56	11785668	69226184.00
2012/08/14	5.56	5.58	5.46	5.56	8531073	49152792.00
2012/08/15	5.56	5.56	5.45	5.46	7871835	45150448.00
2012/08/16	5.44	5.49	5.40	5.42	6937270	39455836.00
2012/08/17	5.42	5.47	5.40	5.45	6983859	39611040.00
2012/08/20	5.41	5.46	5.36	5.42	6399720	36038824.00
2012/08/21	5.42	5.49	5.39	5.45	11988008	68179296.00
2012/08/22	5.46	5.47	5.35	5.38	9874936	55577896.00
2012/08/23	5.38	5.43	5.34	5.37	9138739	51326480.00
2012/08/24	5.36	5.36	5.26	5.27	8705367	48213712.00
2012/08/27	5.26	5.26	5.06	5.07	11346168	61007236.00
2012/08/28	5.04	5.16	5.02	5.10	9198573	49060448.00
2012/08/29	5.10	5.31	5.03	5.24	18307821	99036400.00
2012/08/30	5.21	5.21	5.04	5.08	13622928	72997736.00
2012/08/31	5.05	5.13	5.01	5.01	11888589	62819040.00
2012/09/03	4.99	5.13	4.97	5.06	15272135	80611480.00
2012/09/04	5.05	5.07	4.91	4.92	14422489	75380224.00
2012/09/05	4.89	4.93	4.83	4.87	11680948	59773544.00
2012/09/06	4.88	4.94	4.88	4.92	8986190	46296140.00
2012/09/07	4.96	5.41	4.96	5.31	48073065	262634336.00
2012/09/10	5.27	5.52	5.25	5.40	37132386	209802128.00
2012/09/11	5.36	5.37	5.22	5.29	22806493	126011568.00
2012/09/12	5.31	5.35	5.26	5.32	16274507	90156736.00
2012/09/13	5.30	5.30	5.17	5.17	14350401	78699176.00
2012/09/14	5.22	5.25	5.12	5.21	14069856	76489424.00
2012/09/17	5.22	5.22	5.00	5.01	15296676	81299672.00
2012/09/18	4.97	5.05	4.95	4.97	10245202	53583952.00
2012/09/19	4.97	5.01	4.93	4.96	9775780	50859252.00
2012/09/20	4.96	4.96	4.79	4.80	14103885	72006736.00
2012/09/21	4.80	4.86	4.77	4.81	9834793	49716704.00
2012/09/24	4.78	4.82	4.66	4.76	16521635	82367168.00
2012/09/25	4.72	4.77	4.68	4.70	10486321	51956700.00
2012/09/26	4.69	4.71	4.58	4.59	9306289	45424080.00
2012/09/27	4.57	4.80	4.57	4.74	18242585	90216192.00
2012/09/28	4.72	4.94	4.68	4.91	25131957	126940728.00
2012/10/08	4.90	4.93	4.82	4.85	11521503	58743968.00
2012/10/09	4.85	5.18	4.85	5.07	31011293	164155120.00
2012/10/10	5.06	5.08	4.99	5.04	14297722	75416608.00
2012/10/11	5.04	5.14	4.98	5.01	14861809	78515472.00
2012/10/12	5.03	5.07	4.92	4.96	12960469	67660800.00
2012/10/15	4.96	4.97	4.88	4.96	10889889	56157448.00
2012/10/16	4.95	5.05	4.92	5.02	14699789	77099768.00
2012/10/17	5.04	5.05	4.95	4.99	9484483	49693904.00
2012/10/18	5.02	5.08	5.00	5.07	15764003	83374544.00
2012/10/19	5.06	5.07	5.03	5.05	8321662	43991744.00
2012/10/22	5.01	5.04	4.98	5.03	8612657	45216424.00
2012/10/23	5.02	5.08	4.97	4.98	10983369	57692172.00
2012/10/24	4.96	5.13	4.93	5.04	22946149	121319000.00
2012/10/25	5.01	5.10	5.01	5.02	13587986	71858072.00
2012/10/26	5.01	5.01	4.82	4.85	16809595	86257136.00
2012/10/29	4.82	4.87	4.80	4.83	6314607	32022848.00
2012/10/30	4.84	4.89	4.80	4.82	9172606	46629240.00
2012/10/31	4.85	4.87	4.75	4.83	12955014	65342420.00
2012/11/01	4.85	5.01	4.84	4.97	25805702	133390272.00
2012/11/02	5.00	5.01	4.94	5.00	14217467	74148520.00
2012/11/05	4.99	5.02	4.94	4.98	13027900	67823840.00
2012/11/06	5.01	5.01	4.86	4.93	15795974	81486800.00
2012/11/07	4.93	4.93	4.84	4.86	16251937	83160616.00
2012/11/08	4.81	4.83	4.74	4.74	12525599	62982808.00
2012/11/09	4.72	4.77	4.71	4.76	9711707	48350464.00
2012/11/12	4.76	4.82	4.75	4.81	10090195	50763304.00
2012/11/13	4.82	4.82	4.70	4.71	7979671	39724000.00
2012/11/14	4.71	4.73	4.65	4.69	11359019	55898508.00
2012/11/15	4.66	4.71	4.62	4.63	8718575	42669800.00
2012/11/16	4.60	4.65	4.58	4.62	8731815	42319272.00
2012/11/19	4.62	4.68	4.58	4.66	6654715	32423288.00
2012/11/20	4.72	4.81	4.71	4.71	15793040	78962304.00
2012/11/21	4.69	4.78	4.63	4.74	10140604	50139216.00
2012/11/22	4.72	4.72	4.63	4.64	6405218	31483608.00
2012/11/23	4.67	4.79	4.64	4.72	13525106	66975696.00
2012/11/26	4.72	4.73	4.66	4.66	7636977	37656612.00
2012/11/27	4.64	4.67	4.52	4.55	11970218	57734992.00
2012/11/28	4.54	4.56	4.44	4.46	7510488	35477436.00
2012/11/29	4.48	4.52	4.44	4.45	7030683	33180248.00
2012/11/30	4.45	4.53	4.44	4.50	7136449	33799480.00
2012/12/03	4.51	4.56	4.46	4.50	8658244	41077612.00
2012/12/04	4.49	4.59	4.47	4.57	14346103	68793952.00
2012/12/05	4.58	4.78	4.55	4.74	27035126	134013512.00
2012/12/06	4.76	4.77	4.68	4.70	12775676	63355584.00
2012/12/07	4.69	4.89	4.69	4.86	35728852	180278352.00
2012/12/10	4.89	4.98	4.84	4.91	35187873	181291280.00
2012/12/11	4.91	4.91	4.84	4.84	18972154	96972104.00
2012/12/12	4.84	4.88	4.79	4.83	14581273	73993648.00
2012/12/13	4.81	4.84	4.76	4.76	13599928	68362200.00
2012/12/14	4.76	5.07	4.76	5.06	56960265	296483872.00
2012/12/17	5.06	5.15	5.03	5.09	56273254	300247232.00
2012/12/18	5.09	5.26	5.01	5.17	59689361	322176032.00
2012/12/19	5.15	5.21	5.11	5.14	28185740	152030272.00
2012/12/20	5.13	5.18	5.07	5.16	26735161	143251376.00
2012/12/21	5.18	5.29	5.12	5.15	30516398	165860384.00
2012/12/24	5.15	5.19	5.05	5.10	21647280	115892360.00
2012/12/25	5.12	5.28	5.06	5.25	49936270	272384064.00
2012/12/26	5.24	5.33	5.19	5.30	51334751	282926336.00
2012/12/27	5.29	5.35	5.20	5.21	32490585	178699328.00
2012/12/28	5.21	5.26	5.18	5.23	25828177	140926272.00
2012/12/31	5.25	5.31	5.22	5.25	37318958	205363680.00
2013/01/04	5.31	5.48	5.20	5.46	73186872	409088640.00
2013/01/07	5.42	5.51	5.38	5.45	37283639	212317328.00
2013/01/08	5.47	5.48	5.38	5.44	31327353	177387600.00
2013/01/09	5.43	5.46	5.36	5.39	29455007	166541856.00
2013/01/10	5.38	5.42	5.34	5.40	28110086	158092032.00
2013/01/11	5.40	5.41	5.11	5.18	46359142	254999872.00
2013/01/14	5.13	5.34	5.12	5.32	45932496	251740304.00
2013/01/15	5.31	5.43	5.27	5.41	49901826	280073888.00
2013/01/16	5.41	5.50	5.29	5.39	45076198	254983472.00
2013/01/17	5.37	5.39	5.28	5.30	26483675	147243712.00
2013/01/18	5.34	5.47	5.27	5.43	44133751	248160128.00
2013/01/21	5.45	5.55	5.39	5.55	64901491	371304096.00
2013/01/22	5.53	5.54	5.35	5.42	44289224	251859408.00
2013/01/23	5.40	5.43	5.30	5.38	26989235	151340816.00
2013/01/24	5.36	5.48	5.24	5.28	39037220	219098144.00
2013/01/25	5.29	5.31	5.22	5.27	17494331	96416480.00
2013/01/28	5.27	5.40	5.27	5.39	24855204	138831664.00
2013/01/29	5.39	5.45	5.37	5.43	31035484	175119248.00
2013/01/30	5.44	5.53	5.35	5.49	52449549	299182432.00
2013/01/31	5.50	5.60	5.43	5.57	45689938	263406720.00
2013/02/01	5.56	5.57	5.47	5.54	38486942	221715104.00
2013/02/04	5.55	5.64	5.53	5.56	39250410	228199488.00
2013/02/05	5.53	5.77	5.46	5.72	58947335	347812480.00
2013/02/06	5.76	5.77	5.65	5.68	29811628	176802304.00
2013/02/07	5.67	5.72	5.64	5.67	25952989	153544752.00
2013/02/08	5.66	5.73	5.64	5.66	26817676	158980320.00
2013/02/18	5.71	5.73	5.62	5.65	25294384	149318272.00
2013/02/19	5.68	5.69	5.49	5.51	28681995	166430448.00
2013/02/20	5.51	5.57	5.50	5.55	22791363	131633984.00
2013/02/21	5.52	5.53	5.26	5.30	54655150	305086144.00
2013/02/22	5.31	5.33	5.27	5.28	17483000	96811400.00
2013/02/25	5.28	5.34	5.27	5.29	17023392	94305272.00
2013/02/26	5.26	5.29	5.15	5.16	25877858	141637344.00
2013/02/27	5.17	5.23	5.13	5.18	16082535	87106736.00
2013/02/28	5.21	5.30	5.18	5.30	21614048	118802464.00
2013/03/01	5.30	5.34	5.25	5.32	21371521	118159952.00
2013/03/04	5.27	5.27	5.08	5.13	31306865	170386048.00
2013/03/05	5.13	5.22	5.09	5.20	20117454	108538256.00
2013/03/06	5.22	5.26	5.17	5.24	28962816	157948880.00
2013/03/07	5.21	5.22	5.13	5.16	23008647	124507488.00
2013/03/08	5.17	5.19	5.06	5.09	21783817	116532704.00
2013/03/11	5.08	5.08	5.01	5.02	15747027	83044784.00
2013/03/12	5.08	5.19	4.99	5.08	34035324	182134544.00
2013/03/13	5.04	5.06	4.92	4.96	19751573	102935528.00
2013/03/14	4.91	5.00	4.91	4.95	9741352	50623376.00
2013/03/15	4.94	5.06	4.92	4.97	17833223	93164840.00
2013/03/18	4.95	4.98	4.89	4.89	14668879	75751032.00
2013/03/19	4.93	4.93	4.83	4.92	13100692	67260112.00
2013/03/20	4.91	5.03	4.90	5.02	22175581	115713536.00
2013/03/21	5.02	5.14	5.01	5.11	27858887	148486448.00
2013/03/22	5.10	5.11	5.03	5.06	17653634	93538904.00
2013/03/25	5.05	5.09	4.99	5.00	16736527	88223456.00
2013/03/26	4.97	4.99	4.87	4.90	17391946	89749080.00
2013/03/27	4.90	4.96	4.88	4.92	13512118	69705008.00
2013/03/28	4.90	4.90	4.76	4.77	21213647	106909760.00
2013/03/29	4.80	4.82	4.76	4.81	13900937	69867208.00
2013/04/01	4.81	4.88	4.80	4.84	14991701	76150736.00
2013/04/02	4.83	4.89	4.80	4.83	10266879	52175764.00
2013/04/03	4.86	4.87	4.79	4.80	9589933	48482204.00
2013/04/08	4.74	4.84	4.69	4.82	11546211	57852312.00
2013/04/09	4.82	4.86	4.81	4.83	10397225	52737136.00
2013/04/10	4.84	4.89	4.82	4.87	12041803	61330608.00
2013/04/11	4.91	4.94	4.83	4.85	12310864	62978480.00
2013/04/12	4.85	4.85	4.76	4.78	11518728	57972752.00
2013/04/15	4.75	4.80	4.73	4.77	8875253	44387000.00
2013/04/16	4.74	4.82	4.72	4.81	9285226	46609572.00
2013/04/17	4.84	4.88	4.82	4.85	15103206	76844704.00
2013/04/18	4.83	4.87	4.80	4.83	8884887	45130108.00
2013/04/19	4.83	4.94	4.83	4.92	18502869	94991072.00
2013/04/22	4.91	5.03	4.91	4.95	20627855	107443616.00
2013/04/23	4.95	4.97	4.79	4.80	16754598	85364808.00
2013/04/24	4.81	4.87	4.78	4.85	11577510	58628352.00
2013/04/25	4.85	4.87	4.78	4.79	10971298	55456164.00
2013/04/26	4.84	4.85	4.75	4.76	9693888	48630968.00
2013/05/02	4.75	4.80	4.72	4.75	9093782	45402648.00
2013/05/03	4.74	4.84	4.74	4.81	12028896	60739560.00
2013/05/06	4.82	4.87	4.81	4.86	14714076	74797448.00
2013/05/07	4.84	4.86	4.79	4.82	14842074	75186120.00
2013/05/08	4.83	4.91	4.83	4.88	18738367	95637448.00
2013/05/09	4.88	4.88	4.81	4.83	12273364	62277840.00
2013/05/10	4.83	4.87	4.81	4.84	11734764	59658892.00
2013/05/13	4.84	4.86	4.81	4.84	9398719	47668080.00
2013/05/14	4.83	4.83	4.75	4.77	16699340	83718816.00
2013/05/15	4.76	4.78	4.66	4.70	28066921	138700800.00
2013/05/16	4.70	4.74	4.64	4.73	23040622	113727952.00
2013/05/17	4.73	4.80	4.70	4.80	24144945	120537352.00
2013/05/20	4.80	4.86	4.80	4.84	35333038	179150736.00
2013/05/21	4.85	4.85	4.80	4.84	23370250	118393392.00
2013/05/22	4.84	4.85	4.80	4.83	26059032	132026448.00
2013/05/23	4.81	4.83	4.74	4.75	24058312	121072680.00
2013/05/24	4.76	4.80	4.74	4.76	16342348	81868200.00
2013/05/27	4.76	4.78	4.74	4.76	17412341	87032704.00
2013/05/28	4.76	4.84	4.74	4.84	28704917	144897136.00
2013/05/29	4.86	4.87	4.83	4.83	27983421	142424848.00
2013/05/30	4.82	4.85	4.76	4.79	34656902	174492880.00
2013/05/31	4.81	4.82	4.76	4.79	26202124	131571776.00
2013/06/03	4.80	4.83	4.76	4.79	24857730	125262216.00
2013/06/04	4.79	4.79	4.70	4.72	25324855	126069968.00
2013/06/05	4.71	4.72	4.68	4.71	13166656	65019920.00
2013/06/06	4.70	4.71	4.66	4.66	13803024	67817496.00
2013/06/07	4.66	4.68	4.54	4.57	17409516	84470896.00
2013/06/13	4.55	4.55	4.41	4.44	21437994	100619888.00
2013/06/14	4.45	4.49	4.41	4.44	19214651	89974608.00
2013/06/17	4.45	4.46	4.41	4.42	11759084	54924624.00
2013/06/18	4.43	4.45	4.37	4.42	11918119	55445248.00
2013/06/19	4.45	4.45	4.37	4.42	10186500	45917416.00
2013/06/20	4.40	4.41	4.27	4.28	12779842	56708700.00
2013/06/21	4.24	4.26	4.17	4.24	12576467	54300144.00
2013/06/24	4.25	4.26	3.90	3.91	22562686	93983712.00
2013/06/25	3.90	3.94	3.59	3.86	26932774	105113304.00
2013/06/26	3.87	3.89	3.74	3.83	20811812	81201624.00
2013/06/27	3.84	3.94	3.81	3.83	20683677	82205008.00
2013/06/28	3.83	3.90	3.79	3.84	15092465	59628364.00
2013/07/01	3.86	3.87	3.78	3.83	9413486	36984872.00
2013/07/02	3.85	3.86	3.81	3.85	10418718	41035940.00
2013/07/03	3.84	3.84	3.76	3.79	11312344	43961120.00
2013/07/04	3.76	3.84	3.72	3.82	14898217	58010036.00
2013/07/05	3.81	3.86	3.80	3.84	12763560	50136592.00
2013/07/08	3.81	3.82	3.63	3.63	15478444	59133464.00
2013/07/09	3.63	3.67	3.60	3.64	9215888	34452900.00
2013/07/10	3.64	3.73	3.63	3.73	10866677	41194204.00
2013/07/11	3.75	4.00	3.74	3.95	36222785	144224384.00
2013/07/12	3.92	3.96	3.83	3.84	23440539	93466272.00
2013/07/15	3.85	3.92	3.84	3.89	18062285	71946056.00
2013/07/16	3.87	3.90	3.82	3.89	13277076	52667640.00
2013/07/17	3.87	3.91	3.84	3.85	13542818	53867532.00
2013/07/18	3.83	3.87	3.78	3.78	14390321	56253412.00
2013/07/19	3.78	3.82	3.68	3.69	14846447	57183108.00
2013/07/22	3.68	3.79	3.64	3.78	14543122	55818872.00
2013/07/23	3.84	3.92	3.83	3.89	21884246	87225432.00
2013/07/24	3.87	3.93	3.84	3.90	18880076	75061520.00
2013/07/25	3.90	3.93	3.87	3.88	14554264	58161000.00
2013/07/26	3.87	3.87	3.83	3.84	9004543	35549068.00
2013/07/29	3.81	3.82	3.76	3.78	12685921	49323032.00
2013/07/30	3.80	3.83	3.75	3.80	8491033	33083716.00
2013/07/31	3.81	3.84	3.79	3.80	8231349	32269194.00
2013/08/01	3.81	3.88	3.81	3.86	12381618	48941040.00
2013/08/02	3.89	3.89	3.84	3.85	9725985	38553688.00
2013/08/05	3.87	3.88	3.84	3.88	11731694	46457928.00
2013/08/06	3.86	3.90	3.83	3.90	17585313	69804752.00
2013/08/07	3.89	4.12	3.86	4.03	50617388	207612368.00
2013/08/08	3.99	4.01	3.94	3.97	27925836	113504848.00
2013/08/09	3.97	3.98	3.90	3.92	18201376	73335480.00
2013/08/23	4.00	4.13	3.96	4.03	54751293	227222480.00
2013/08/26	4.03	4.05	3.98	4.05	23059654	95142288.00
2013/08/27	4.05	4.05	4.01	4.03	15493558	63897184.00
2013/08/28	4.01	4.03	3.95	3.97	20365680	83056456.00
2013/08/29	3.98	3.99	3.94	3.97	12923287	52600884.00
2013/08/30	3.96	4.03	3.93	4.00	17605437	71938424.00
2013/09/02	3.98	4.05	3.98	4.03	17069816	70297816.00
2013/09/03	4.03	4.07	4.02	4.06	17951210	74463376.00
2013/09/04	4.07	4.07	4.02	4.03	14732633	60893492.00
2013/09/05	4.03	4.04	3.96	3.97	18073346	73800752.00
2013/09/06	3.96	4.00	3.95	3.98	14923364	60779240.00
2013/09/09	3.97	4.07	3.97	4.07	29525366	122362456.00
2013/09/10	4.07	4.18	4.04	4.17	46780412	197994576.00
2013/09/11	4.21	4.42	4.18	4.28	56230690	247187296.00
2013/09/12	4.27	4.30	4.20	4.28	30746830	133679544.00
2013/09/13	4.26	4.35	4.24	4.26	24005613	105259872.00
2013/09/16	4.27	4.31	4.21	4.22	15461409	67180960.00
2013/09/17	4.22	4.25	4.14	4.15	17648769	75826552.00
2013/09/18	4.16	4.18	4.10	4.14	13536742	57209700.00
2013/09/23	4.14	4.22	4.13	4.20	14686534	62816356.00
2013/09/24	4.20	4.21	4.11	4.14	15824448	67163600.00
2013/09/25	4.14	4.15	4.06	4.07	14476538	61006688.00
2013/09/26	4.07	4.07	3.96	3.97	16280076	66767816.00
2013/09/27	3.96	4.00	3.96	3.98	9194064	37497192.00
2013/09/30	4.00	4.02	3.96	3.97	8169314	33294616.00
2013/10/08	3.96	4.03	3.93	4.02	11112709	45404972.00
2013/10/09	4.00	4.05	3.98	4.05	10857990	44771536.00
2013/10/10	4.08	4.16	4.07	4.09	24621659	103811656.00
2013/10/11	4.11	4.14	4.10	4.12	15453965	65239588.00
2013/10/14	4.14	4.22	4.13	4.20	22576118	96478256.00
2013/10/15	4.20	4.20	4.12	4.16	16401452	69619608.00
2013/10/16	4.16	4.16	4.04	4.05	14706500	61603088.00
2013/10/17	4.06	4.15	4.06	4.10	14154509	59648144.00
2013/10/18	4.10	4.11	4.05	4.06	9364950	39119220.00
2013/10/21	4.06	4.15	4.02	4.13	15167586	63484312.00
2013/10/22	4.12	4.27	4.10	4.22	42583022	183071824.00
2013/10/23	4.20	4.22	4.09	4.11	25568867	108625864.00
2013/10/24	4.10	4.15	4.06	4.08	10945824	46043136.00
2013/10/25	4.07	4.11	3.98	3.99	15593899	64566280.00
2013/10/28	3.99	4.10	3.99	4.05	12770777	52949372.00
2013/10/29	4.02	4.11	3.94	3.99	17315629	71279264.00
2013/10/30	4.01	4.09	4.00	4.09	14483498	60240080.00
2013/10/31	4.08	4.11	4.04	4.10	16530360	68936904.00
2013/11/01	4.11	4.17	4.09	4.16	22476998	95219560.00
2013/11/04	4.20	4.22	4.14	4.15	22416628	95981536.00
2013/11/05	4.13	4.13	4.07	4.11	22086640	92749440.00
2013/11/06	4.09	4.10	4.03	4.04	17916732	74669712.00
2013/11/07	4.04	4.05	4.00	4.03	9652553	39807516.00
2013/11/08	4.03	4.04	3.97	3.98	8954771	36754756.00
2013/11/11	3.99	4.01	3.96	3.98	11362272	46397888.00
2013/11/12	3.98	4.01	3.98	4.00	10339946	42299252.00
2013/11/13	3.99	4.00	3.81	3.85	21615481	86750736.00
2013/11/14	3.84	3.90	3.83	3.87	9984579	39610872.00
2013/11/15	3.88	3.96	3.87	3.93	14612808	58957144.00
2013/11/18	3.94	4.01	3.94	4.01	14620425	59579128.00
2013/11/19	4.12	4.12	4.01	4.03	23668124	98410080.00
2013/11/20	4.01	4.06	4.00	4.04	12299212	50725164.00
2013/11/21	4.03	4.03	3.98	4.01	14214285	58267792.00
2013/11/22	4.02	4.03	3.97	3.97	9917607	40593600.00
2013/11/25	3.98	4.00	3.95	3.97	9350116	38098704.00
2013/11/26	3.98	4.00	3.95	3.96	7594436	30921914.00
2013/11/27	3.97	4.01	3.95	4.00	11400395	46573172.00
2013/11/28	4.00	4.06	3.99	4.04	17683831	73075384.00
2013/11/29	4.05	4.06	4.01	4.02	10503710	43374536.00
2013/12/02	4.00	4.02	3.91	3.96	24708080	100422240.00
2013/12/03	3.95	4.01	3.94	3.99	14975037	61090652.00
2013/12/04	3.98	4.13	3.98	4.08	40160266	167693968.00
2013/12/05	4.09	4.09	4.04	4.06	15153068	63016572.00
2013/12/06	4.04	4.13	4.04	4.12	31655821	132830424.00
2013/12/09	4.14	4.14	4.07	4.10	16588994	69666856.00
2013/12/10	4.10	4.12	4.06	4.08	14676889	61410084.00
2013/12/11	4.06	4.07	3.98	4.01	21892598	90021640.00
2013/12/12	4.00	4.02	3.98	4.01	11154733	45728216.00
2013/12/13	3.99	4.00	3.95	4.00	16898886	68891208.00
2013/12/16	4.00	4.00	3.92	3.93	13647079	55228424.00
2013/12/17	3.93	3.95	3.90	3.91	10551657	42364668.00
2013/12/18	3.91	3.94	3.90	3.92	7715078	31003966.00
2013/12/19	3.94	3.97	3.89	3.90	14212806	57180248.00
2013/12/20	3.90	3.91	3.80	3.82	16718040	65877780.00
2013/12/23	3.82	3.83	3.77	3.82	7701720	30062704.00
2013/12/24	3.99	4.05	3.85	3.89	21575722	87142712.00
2013/12/25	3.86	3.90	3.85	3.89	8156816	32421992.00
2013/12/26	3.86	3.88	3.81	3.81	7461808	29366196.00
2013/12/27	3.81	3.88	3.80	3.86	6360818	25112172.00
2013/12/30	3.89	3.89	3.84	3.85	5958034	23564894.00
2013/12/31	3.83	3.87	3.82	3.86	7099748	28081796.00
2014/01/02	3.87	3.87	3.83	3.84	6064275	23905048.00
2014/01/03	3.85	3.87	3.80	3.84	9282352	36429940.00
2014/01/06	3.82	3.83	3.71	3.73	14623710	56362684.00
2014/01/07	3.72	3.75	3.71	3.73	5958008	22812352.00
2014/01/08	3.75	3.76	3.70	3.70	7981322	30473980.00
2014/01/09	3.70	3.72	3.65	3.65	8610112	32616324.00
2014/01/10	3.65	3.66	3.59	3.62	10142905	37704744.00
2014/01/13	3.63	3.65	3.61	3.62	6381797	23794688.00
2014/01/14	3.63	3.66	3.61	3.65	5676703	21187466.00
2014/01/15	3.66	3.73	3.61	3.72	8431328	31660376.00
2014/01/16	3.71	3.78	3.68	3.76	10933905	41793552.00
2014/01/17	3.75	3.77	3.64	3.75	14038838	53506148.00
2014/01/20	3.72	3.75	3.68	3.72	9193503	35083632.00
2014/01/21	3.73	3.75	3.71	3.73	5873494	22533776.00
2014/01/22	3.74	3.80	3.73	3.79	12330284	47829872.00
2014/01/23	3.79	3.81	3.75	3.76	8784126	34025296.00
2014/01/24	3.76	3.79	3.74	3.78	13067359	50624876.00
2014/01/27	3.75	3.77	3.72	3.73	9762761	37445456.00
2014/01/28	3.74	3.75	3.71	3.72	5944536	22761356.00
2014/01/29	3.73	3.75	3.72	3.74	7854142	30170332.00
2014/01/30	3.73	3.75	3.72	3.73	5584811	21405160.00
2014/02/07	3.72	3.74	3.70	3.74	5175963	19748852.00
2014/02/10	3.75	3.81	3.73	3.81	15846670	61464232.00
2014/02/11	3.80	3.82	3.77	3.81	18171873	70795192.00
2014/02/12	3.81	3.82	3.78	3.81	11884320	46352456.00
2014/02/13	3.80	3.81	3.77	3.79	12633700	49146056.00
2014/02/14	3.78	3.81	3.78	3.81	8346551	32487074.00
2014/02/17	3.82	3.95	3.79	3.93	38056545	151176128.00
2014/02/18	3.90	4.03	3.88	3.97	45592503	185691888.00
2014/02/19	3.97	4.04	3.97	3.99	30236970	123777696.00
2014/02/20	4.02	4.05	3.97	4.01	30943261	127251328.00
2014/02/21	4.01	4.02	3.91	3.93	19401395	78629528.00
2014/02/24	3.92	3.93	3.82	3.85	19803483	78435824.00
2014/02/25	3.84	3.87	3.73	3.76	15961429	62400320.00
2014/02/26	3.73	3.77	3.70	3.75	13303382	51053452.00
2014/02/27	3.75	3.80	3.74	3.77	15220392	58825592.00
2014/02/28	3.76	3.78	3.72	3.78	10226731	39396472.00
2014/03/03	3.77	3.83	3.74	3.82	18166718	70701480.00
2014/03/04	3.80	3.81	3.77	3.80	10880266	42270324.00
2014/03/05	3.81	3.87	3.77	3.83	16323547	64032232.00
2014/03/06	3.83	3.94	3.79	3.90	22583490	89839608.00
2014/03/07	3.91	3.92	3.84	3.92	18879387	75121216.00
2014/03/10	3.91	3.91	3.76	3.77	14599136	57340008.00
2014/03/11	3.77	3.88	3.74	3.87	23356843	91309728.00
2014/03/12	3.83	3.91	3.82	3.88	22178647	87775224.00
2014/03/13	3.88	3.93	3.85	3.86	15123273	60287076.00
2014/03/14	3.85	3.86	3.80	3.80	11609920	45530332.00
2014/03/17	3.81	3.82	3.77	3.81	12050719	46907596.00
2014/03/18	3.81	3.85	3.78	3.83	13844561	54127360.00
2014/03/19	3.81	3.82	3.77	3.79	10203371	39642568.00
2014/03/20	3.78	3.81	3.71	3.72	9921954	38429844.00
2014/03/21	3.70	3.84	3.70	3.84	15536274	60423112.00
2014/03/24	3.83	3.87	3.80	3.85	16100888	63439488.00
2014/03/25	3.85	3.93	3.84	3.89	25573392	102274768.00
2014/03/26	3.89	3.90	3.85	3.88	9798718	38892028.00
2014/03/27	3.88	3.91	3.85	3.85	12968011	51522528.00
2014/03/28	3.85	3.88	3.84	3.86	10181565	40303840.00
2014/03/31	3.87	3.88	3.72	3.77	22773479	88466928.00
2014/04/01	3.76	3.80	3.75	3.78	9078255	35218196.00
2014/04/02	3.78	3.81	3.76	3.80	7973665	31005012.00
2014/04/03	3.81	3.83	3.72	3.76	21173938	82005984.00
2014/04/04	3.74	3.78	3.73	3.78	12539004	48264252.00
2014/04/08	3.76	3.82	3.75	3.81	14293783	55605120.00
2014/04/09	3.81	3.83	3.79	3.81	13399636	52376208.00
2014/04/10	3.81	3.88	3.78	3.87	27983029	109928288.00
2014/04/11	3.84	3.85	3.82	3.84	12701495	49951900.00
2014/04/14	3.83	3.86	3.82	3.85	10349551	40790280.00
2014/04/15	3.83	3.85	3.78	3.80	13231395	51763992.00
2014/04/16	3.80	3.82	3.76	3.80	6831158	26630076.00
2014/04/17	3.80	3.85	3.78	3.84	11056419	43192464.00
2014/04/18	3.83	3.83	3.80	3.81	13440745	52587896.00
2014/04/21	3.78	3.86	3.78	3.79	18921748	74102768.00
2014/04/22	3.78	3.80	3.73	3.76	14011534	54125560.00
2014/04/23	3.76	3.77	3.74	3.75	10833738	41709164.00
2014/04/24	3.75	3.76	3.71	3.73	9952757	38158168.00
2014/04/25	3.73	3.75	3.69	3.70	11090892	42274628.00
2014/04/28	3.70	3.70	3.56	3.62	18891795	70045664.00
2014/04/29	3.61	3.65	3.60	3.65	7734122	28814436.00
2014/04/30	3.64	3.69	3.63	3.69	8805826	33132192.00
2014/05/05	3.68	3.75	3.65	3.74	14903012	56645620.00
2014/05/06	3.72	3.77	3.71	3.77	14607310	56274032.00
2014/05/07	3.75	3.75	3.70	3.71	6193589	23675420.00
2014/05/08	3.70	3.76	3.70	3.72	7395583	28279104.00
2014/05/09	3.73	3.73	3.68	3.69	5701632	21685900.00
2014/05/12	3.73	3.77	3.71	3.77	11261233	43380656.00
2014/05/13	3.78	3.79	3.74	3.77	7871986	30401488.00
2014/05/14	3.75	3.77	3.73	3.75	5447834	20944344.00
2014/05/15	3.74	3.78	3.72	3.72	9441268	36256232.00
2014/05/16	3.71	3.74	3.70	3.74	5563437	21245676.00
2014/05/19	3.73	3.74	3.69	3.70	6534043	24880688.00
2014/05/20	3.71	3.75	3.70	3.72	7613958	29111688.00
2014/05/21	3.70	3.75	3.69	3.75	6830775	26092900.00
2014/05/22	3.81	3.83	3.75	3.76	24523394	95385048.00
2014/05/23	3.75	3.76	3.73	3.75	7248706	27902718.00
2014/05/26	3.77	3.79	3.76	3.77	7414178	28749156.00
2014/05/27	3.77	3.77	3.75	3.77	5697706	21999728.00
2014/05/28	3.77	3.80	3.75	3.80	7805005	30247138.00
2014/05/29	3.78	3.80	3.74	3.76	7526473	29167748.00
2014/05/30	3.76	3.78	3.74	3.74	5700199	21994508.00
2014/06/03	3.75	3.76	3.71	3.71	7290751	27919080.00
2014/06/04	3.71	3.71	3.66	3.69	7210481	27255264.00
2014/06/05	3.69	3.72	3.66	3.72	8755166	33137536.00
2014/06/06	3.70	3.71	3.66	3.68	8179500	30897988.00
2014/06/09	3.66	3.69	3.65	3.68	7549007	28424316.00
2014/06/10	3.68	3.70	3.66	3.69	7481872	28290074.00
2014/06/11	3.68	3.69	3.65	3.68	7889106	29725678.00
2014/06/12	3.67	3.68	3.66	3.68	7219865	27194864.00
2014/06/13	3.67	3.71	3.66	3.69	10586331	40152004.00
2014/06/16	3.69	3.72	3.68	3.72	9318175	35415636.00
2014/06/17	3.70	3.71	3.68	3.71	8390256	31844118.00
2014/06/18	3.70	3.70	3.66	3.67	7988736	30179022.00
2014/06/19	3.67	3.68	3.61	3.65	9885460	36979744.00
2014/06/20	3.65	3.67	3.63	3.67	5293294	19853518.00
2014/06/23	3.67	3.68	3.65	3.67	4110733	15464191.00
2014/06/24	3.66	3.68	3.65	3.68	5880338	22143868.00
2014/06/25	3.68	3.69	3.65	3.67	5097734	19193868.00
2014/06/26	3.67	3.71	3.66	3.69	10278200	38897832.00
2014/06/27	3.70	3.71	3.68	3.70	11174920	41275760.00
2014/06/30	3.70	3.72	3.69	3.71	8806114	32615036.00
2014/07/01	3.72	3.76	3.70	3.74	13260917	49416320.00
2014/07/02	3.74	3.78	3.72	3.78	15103179	56599196.00
2014/07/03	3.77	3.81	3.75	3.81	18241012	69096912.00
2014/07/04	3.82	3.82	3.78	3.81	13172225	50086576.00
2014/07/07	3.80	3.82	3.78	3.81	10517722	39924756.00
2014/07/08	3.79	3.80	3.78	3.80	8448160	32057420.00
2014/07/09	3.78	3.81	3.76	3.79	13843113	52414924.00
2014/07/10	3.77	3.78	3.76	3.78	7701426	29024620.00
2014/07/11	3.78	3.79	3.76	3.79	10369090	39157744.00
2014/07/14	3.78	3.86	3.77	3.85	20044755	76501184.00
2014/07/15	3.86	3.89	3.83	3.86	18052862	69617728.00
2014/07/16	3.87	4.18	3.86	4.10	152818551	618846592.00
2014/07/17	4.05	4.06	3.95	4.01	61926860	247597920.00
2014/07/18	3.99	4.01	3.95	4.00	33907513	134980032.00
2014/07/21	3.99	4.01	3.91	3.93	33855533	133343064.00
2014/07/22	3.93	3.96	3.91	3.94	34246325	134636896.00
2014/07/23	3.95	3.95	3.88	3.90	29548628	115361104.00
2014/07/24	3.90	3.95	3.89	3.94	29520567	115911008.00
2014/07/25	3.94	4.01	3.93	3.95	58210309	230907168.00
2014/07/28	3.96	4.03	3.95	4.02	51712393	207118240.00
2014/07/29	4.03	4.04	4.00	4.01	42348996	170226112.00
2014/07/30	4.02	4.08	3.99	4.05	40074357	161525008.00
2014/07/31	4.04	4.08	4.02	4.07	26129091	105813840.00
2014/08/01	4.08	4.13	4.01	4.02	48302045	197001904.00
2014/08/04	4.02	4.07	4.02	4.07	31148709	126257328.00
2014/08/05	4.11	4.16	4.08	4.12	49372218	203596016.00
2014/08/06	4.12	4.14	4.07	4.12	28141410	115528024.00
2014/08/07	4.12	4.14	4.05	4.07	25886988	105778352.00
2014/08/08	4.06	4.09	4.05	4.08	19030752	77417040.00
2014/08/11	4.08	4.11	4.06	4.10	24028417	98190312.00
2014/08/12	4.11	4.11	4.07	4.08	21287805	86848032.00
2014/08/13	4.08	4.09	3.97	4.04	60689186	244025152.00
2014/08/14	4.02	4.05	3.99	4.01	25443953	102309120.00
2014/08/15	4.01	4.05	4.01	4.04	16695856	67363760.00
2014/08/18	4.04	4.08	4.04	4.07	20882447	84775504.00
2014/08/19	4.07	4.08	4.03	4.05	23190885	93934656.00
2014/08/20	4.08	4.15	4.07	4.09	52695074	216565856.00
2014/08/21	4.10	4.10	4.03	4.07	27696911	112338912.00
2014/08/22	4.06	4.08	4.05	4.08	20738472	84221984.00
2014/08/25	4.09	4.11	4.04	4.09	28767913	117272384.00
2014/08/26	4.12	4.13	4.05	4.07	37171957	151982496.00
2014/08/27	4.07	4.14	4.05	4.12	46108688	189361632.00
2014/08/28	4.14	4.14	4.07	4.08	25544242	104821632.00
2014/08/29	4.09	4.11	4.06	4.10	21843133	89143224.00
2014/09/01	4.11	4.17	4.10	4.15	38972435	161368672.00
2014/09/02	4.14	4.26	4.13	4.24	71192472	299137952.00
2014/09/03	4.24	4.31	4.22	4.23	64078266	273454176.00
2014/09/04	4.23	4.29	4.23	4.27	31148431	132786704.00
2014/09/05	4.28	4.38	4.28	4.37	62832692	272007584.00
2014/09/09	4.39	4.43	4.32	4.34	50305287	219536976.00
2014/09/30	4.50	4.77	4.42	4.77	90467148	424331776.00
2014/10/08	5.01	5.01	4.70	4.80	160509255	776027392.00
2014/10/09	4.77	4.82	4.70	4.75	78130931	371118528.00
2014/10/10	4.76	4.97	4.75	4.83	96397754	468270176.00
2014/10/13	4.80	4.83	4.71	4.81	51527886	244802240.00
2014/10/14	4.78	4.81	4.72	4.76	39649769	188938848.00
2014/10/15	4.80	4.85	4.71	4.81	48683447	233364448.00
2014/10/16	4.77	5.00	4.73	4.84	83068175	406264384.00
2014/10/17	4.81	4.86	4.70	4.75	49891798	237219360.00
2014/10/20	4.78	4.80	4.72	4.77	27685691	131654752.00
2014/10/21	4.77	4.78	4.66	4.67	33695243	159149296.00
2014/10/22	4.62	4.67	4.50	4.51	49061926	225119392.00
2014/10/23	4.48	4.50	4.39	4.43	43791393	194416912.00
2014/10/24	4.44	4.54	4.43	4.48	27172778	121894064.00
2014/10/27	4.45	4.48	4.41	4.46	19748683	87903576.00
2014/10/28	4.45	4.58	4.45	4.58	32211764	146217440.00
2014/10/29	4.60	4.66	4.55	4.64	48521396	223972464.00
2014/10/30	4.68	4.82	4.66	4.75	80302371	380912256.00
2014/10/31	4.75	4.85	4.73	4.76	60877842	290612096.00
2014/11/03	4.78	4.93	4.77	4.88	96461778	467329792.00
2014/11/04	4.93	5.37	4.88	5.35	297001026	1555569280.00
2014/11/05	5.38	5.40	5.10	5.17	170221270	886020672.00
2014/11/06	5.12	5.23	5.03	5.17	103947882	533353664.00
2014/11/07	5.20	5.28	5.02	5.07	115093287	596718272.00
2014/11/10	5.10	5.25	5.03	5.23	100917886	524064288.00
2014/11/11	5.28	5.31	5.04	5.09	105216309	544360704.00
2014/11/12	5.07	5.16	5.05	5.15	45501001	232238256.00
2014/11/13	5.15	5.15	5.02	5.05	55362743	280532864.00
2014/11/14	5.04	5.12	5.02	5.07	41634464	210901360.00
2014/11/17	5.09	5.14	5.04	5.05	34207524	173687456.00
2014/11/18	5.04	5.06	4.93	4.97	38831334	193708896.00
2014/11/19	4.97	5.13	4.95	5.04	49865537	252769760.00
2014/11/20	5.01	5.12	4.97	5.05	34100311	172192416.00
2014/11/21	5.05	5.27	5.01	5.26	110489403	572464512.00
2014/11/24	5.34	5.56	5.23	5.42	153649308	829165632.00
2014/11/25	5.42	5.56	5.36	5.46	89602897	489216544.00
2014/11/26	5.60	6.00	5.60	5.80	178309433	1032471616.00
2014/11/27	5.88	5.88	5.64	5.71	113964693	651509760.00
2014/11/28	5.78	6.11	5.78	5.85	159650323	944002944.00
2014/12/01	5.85	6.00	5.78	5.86	105122462	617608576.00
2014/12/02	5.83	6.00	5.79	5.98	110824915	657511936.00
2014/12/03	6.00	6.10	5.83	5.95	133799935	799843584.00
2014/12/04	5.95	6.05	5.84	6.02	126805270	754396608.00
2014/12/05	6.05	6.09	5.67	5.82	133180322	783827648.00
2014/12/08	5.82	6.35	5.82	6.26	198256060	1210087680.00
2014/12/09	6.22	6.85	5.88	6.01	274213233	1769711360.00
2014/12/10	5.99	6.40	5.99	6.38	143537024	897022464.00
2014/12/11	6.41	6.80	6.39	6.61	164155977	1084021888.00
2014/12/12	6.61	7.20	6.53	7.08	188653421	1283727872.00
2014/12/15	7.09	7.79	6.93	7.79	268549641	2021684224.00
2014/12/16	8.15	8.50	7.90	8.49	289125289	2368635136.00
2014/12/17	8.35	8.80	8.11	8.29	228531238	1920871424.00
2014/12/18	8.27	8.84	8.03	8.61	221243503	1870206976.00
2014/12/19	8.46	9.47	8.35	9.47	276569828	2487232768.00
2014/12/22	9.86	10.20	8.80	8.87	312917404	2974016768.00
2014/12/23	8.90	9.13	7.98	8.29	199345648	1685210752.00
2014/12/24	8.50	8.98	8.36	8.54	205055876	1771236608.00
2014/12/25	8.50	9.39	8.38	9.39	329623112	3021474816.00
2014/12/26	9.60	9.99	9.01	9.69	392229771	3736040448.00
2014/12/29	9.40	10.17	9.25	9.81	297656625	2901231872.00
2014/12/30	9.60	9.83	9.25	9.45	149822311	1425771648.00
2014/12/31	9.46	9.54	9.10	9.33	140980909	1310480512.00
2015/01/05	9.23	9.30	8.71	9.13	208740748	1878062592.00
2015/01/06	8.98	9.07	8.68	8.97	155935183	1383693952.00
2015/01/07	8.91	9.26	8.88	9.20	159554764	1460626432.00
2015/01/08	9.19	9.19	8.77	8.89	106992253	952035456.00
2015/01/09	8.89	9.36	8.76	8.96	151076220	1371540736.00
2015/01/12	8.80	8.80	8.30	8.41	119773419	1024173952.00
2015/01/13	8.36	8.59	8.24	8.30	68228937	570678784.00
2015/01/14	8.38	8.48	8.22	8.29	57668570	480027040.00
2015/01/15	8.37	8.66	8.35	8.65	83653150	712397376.00
2015/01/16	8.64	8.85	8.52	8.62	78155369	675804800.00
2015/01/19	8.22	8.36	7.76	7.76	134769830	1080823424.00
2015/01/20	7.91	8.10	7.81	7.96	79998935	637316544.00
2015/01/21	7.98	8.58	7.96	8.51	108386077	893076480.00
2015/01/22	8.51	8.57	8.31	8.45	80220238	676102336.00
2015/01/23	8.40	8.59	8.33	8.43	84209378	713161536.00
2015/01/26	8.38	8.54	8.23	8.52	78294320	655724544.00
2015/01/27	8.59	8.92	8.36	8.90	164627756	1427424640.00
2015/01/28	8.88	9.20	8.77	8.92	171133544	1545603456.00
2015/01/29	8.80	9.18	8.75	9.12	107148831	965646848.00
2015/01/30	9.11	9.20	8.61	8.66	99558719	879861312.00
2015/02/02	8.48	8.48	8.08	8.17	76727956	636761600.00
2015/02/03	8.15	8.52	8.13	8.44	63741756	529135712.00
2015/02/04	8.55	8.65	8.33	8.58	79165722	672200128.00
2015/02/05	8.97	8.97	8.35	8.36	83745219	725246656.00
2015/02/06	8.24	8.45	8.12	8.22	50770490	419559040.00
2015/02/09	8.23	8.37	8.20	8.31	29623281	245365872.00
2015/02/10	8.31	8.52	8.24	8.51	55391106	465756800.00
2015/02/11	8.53	8.58	8.35	8.40	43058867	363233920.00
2015/02/12	8.41	8.44	8.28	8.34	37147725	310427232.00
2015/02/13	8.40	8.68	8.35	8.64	64690826	549678784.00
2015/02/16	8.65	8.67	8.51	8.58	46111209	396267104.00
2015/02/17	8.60	9.08	8.58	9.02	118844544	1056314176.00
2015/02/25	9.12	9.20	8.86	8.92	85497284	772456576.00
2015/02/26	9.03	9.81	8.95	9.81	280226065	2654290432.00
2015/02/27	10.00	10.07	9.61	9.69	214146250	2098301696.00
2015/03/02	9.78	10.00	9.61	9.79	141421706	1384454144.00
2015/03/03	9.70	9.71	9.31	9.45	185849708	1757004416.00
2015/03/04	9.35	9.43	9.21	9.32	96602218	899198848.00
2015/03/05	9.36	9.46	9.11	9.24	107429342	996587520.00
2015/03/06	9.25	9.33	9.05	9.08	73970259	677686464.00
2015/03/09	9.01	9.27	8.88	9.26	66476601	602928192.00
2015/03/10	9.20	9.25	9.12	9.16	48510032	444853856.00
2015/03/11	9.15	9.24	9.01	9.08	59538069	543468096.00
2015/03/12	9.14	9.43	9.00	9.40	92132364	846668928.00
2015/03/13	9.40	9.40	9.23	9.30	92145701	857171392.00
2015/03/16	9.35	9.39	9.20	9.37	125489644	1169108736.00
2015/03/17	9.40	9.75	9.40	9.57	174349560	1663289216.00
2015/03/18	9.53	9.69	9.45	9.66	149863646	1436492800.00
2015/03/19	9.65	10.45	9.52	10.12	292323500	2941253120.00
2015/03/20	10.13	10.20	9.88	9.95	163948053	1637888768.00
2015/03/23	10.01	10.20	9.96	10.10	170585764	1718435584.00
2015/03/24	10.15	10.21	9.55	9.85	177619941	1754979840.00
2015/03/25	9.80	10.09	9.60	10.05	149612282	1469876864.00
2015/03/26	10.00	10.02	9.69	9.73	378669805	3684110080.00
2015/03/27	9.68	10.04	9.61	9.82	222901486	2195642112.00
2015/03/30	9.90	10.80	9.83	10.69	421803775	4393588224.00
2015/03/31	10.80	10.80	10.23	10.27	338054139	3536777216.00
2015/04/01	10.40	10.55	10.30	10.39	236180482	2460372224.00
2015/04/02	10.41	10.47	10.18	10.39	206302972	2125753984.00
2015/04/03	10.26	10.41	10.20	10.34	138695201	1430887040.00
2015/04/07	10.39	10.49	10.32	10.42	241149059	2503034112.00
2015/04/08	10.58	10.82	10.41	10.60	329127956	3499385088.00
2015/04/09	10.58	10.59	10.05	10.17	207127226	2120230272.00
2015/04/10	10.20	10.31	10.11	10.28	141322117	1447870336.00
2015/04/13	10.32	10.49	10.21	10.46	259081473	2673458176.00
2015/04/14	10.47	10.96	10.32	10.89	401815610	4306143232.00
2015/04/15	10.80	11.98	10.59	11.65	507228470	5752060928.00
2015/04/16	11.65	11.99	11.00	11.53	459604902	5332861952.00
2015/04/17	11.69	12.52	11.58	12.24	505966153	6156873216.00
2015/04/20	12.50	13.46	12.50	13.46	652308995	8594291712.00
2015/04/21	13.66	13.97	12.76	13.41	541888723	7217636352.00
2015/04/22	13.45	14.40	13.15	13.70	437204535	6031890432.00
2015/04/23	13.71	13.89	13.33	13.51	302086114	4088544256.00
2015/04/24	13.83	14.55	13.59	13.89	397921233	5573429248.00
2015/04/27	14.09	14.39	13.69	14.19	399167550	5597733888.00
2015/04/28	13.90	14.15	13.25	13.38	317431531	4357596672.00
2015/04/29	13.40	13.51	12.83	13.18	209193241	2745860608.00
2015/04/30	13.18	14.50	13.18	13.88	400272047	5631085568.00
2015/05/05	14.69	14.69	14.69	14.69	0	0.00
数据来源:通达信
