600478 科力远 日线 前复权
      日期	    开盘	    最高	    最低	    收盘	    成交量	    成交额
2011/12/01	16.70	16.70	16.70	16.70	664900	16655745.00
2011/12/02	15.03	15.03	15.03	15.03	369100	8323205.00
2011/12/05	13.53	13.53	13.53	13.53	464700	9433410.00
2011/12/06	12.18	12.18	12.18	12.18	1179800	21554946.00
2011/12/07	10.96	10.96	10.96	10.96	5247400	86267256.00
2011/12/08	10.15	11.78	9.87	11.49	43538952	697837824.00
2011/12/09	10.67	11.17	10.59	10.74	22334390	364093344.00
2011/12/12	10.58	11.18	10.23	11.01	13752926	224385216.00
2011/12/13	10.89	11.40	10.67	11.10	12982511	216223280.00
2011/12/14	10.87	11.31	10.87	10.94	8627768	143290000.00
2011/12/15	10.82	11.09	10.13	10.23	9992919	158370576.00
2011/12/16	10.35	10.57	9.89	10.51	9204570	142335168.00
2011/12/19	10.46	10.66	10.13	10.57	5596534	88007560.00
2011/12/20	10.44	10.81	10.31	10.35	6383559	100822848.00
2011/12/21	10.31	10.52	9.53	9.57	8975270	135288880.00
2011/12/22	9.10	9.25	8.61	8.91	9046657	120405864.00
2011/12/23	8.83	9.04	8.65	8.89	5461968	72817480.00
2011/12/26	8.93	9.71	8.79	9.61	6783335	93292240.00
2011/12/27	9.39	10.57	9.34	10.51	14473146	221245984.00
2011/12/28	10.33	10.73	10.21	10.40	8541246	133859136.00
2011/12/29	10.21	11.05	10.20	10.62	7723145	125074536.00
2011/12/30	10.70	10.75	10.45	10.73	4870399	77624544.00
2012/01/04	10.80	11.45	10.75	11.25	6750947	112556552.00
2012/01/05	11.07	11.39	10.17	10.68	5479386	89718280.00
2012/01/06	10.60	11.03	10.31	10.77	7080913	113483264.00
2012/01/09	10.67	11.42	10.55	11.33	6034371	101035216.00
2012/01/10	11.32	11.65	11.13	11.45	9457722	161576224.00
2012/01/11	11.42	11.90	11.20	11.75	8150282	141934784.00
2012/01/12	11.71	11.84	11.47	11.64	5510525	96509520.00
2012/01/13	11.57	11.65	11.09	11.35	4263523	72536800.00
2012/01/16	11.20	11.40	10.93	11.06	2002188	33466160.00
2012/01/17	11.06	11.73	11.06	11.67	3553013	61109528.00
2012/01/18	11.67	11.91	11.13	11.18	3478424	60424792.00
2012/01/19	11.05	11.32	10.74	11.01	3428204	56605968.00
2012/01/20	11.20	11.20	10.95	11.10	1321682	21979316.00
2012/01/30	11.20	11.85	11.10	11.45	3182546	55221232.00
2012/01/31	11.43	11.73	11.36	11.50	1948809	33621468.00
2012/02/01	11.50	11.60	11.23	11.27	1821620	31269122.00
2012/02/02	11.20	11.44	11.00	11.29	3853842	64378500.00
2012/02/03	11.27	11.50	11.20	11.33	3555914	60603776.00
2012/02/06	11.32	12.33	11.27	12.03	8665292	154079824.00
2012/02/07	11.90	11.92	11.57	11.69	5215515	91689200.00
2012/02/08	11.70	11.99	11.57	11.83	6809827	120735656.00
2012/02/09	11.87	12.10	11.80	11.93	6595918	118152632.00
2012/02/10	11.99	12.35	11.63	12.09	9098387	163409552.00
2012/02/13	11.89	12.18	11.71	11.99	5114621	91974680.00
2012/02/14	12.00	12.13	11.93	12.01	3446344	62195364.00
2012/02/15	11.95	12.29	11.87	12.19	5050455	91500792.00
2012/02/16	12.20	12.60	12.07	12.43	8159635	151783504.00
2012/02/17	12.44	12.53	12.19	12.29	3928062	72634512.00
2012/02/20	12.46	12.58	12.27	12.30	5246676	97634000.00
2012/02/21	12.29	12.33	11.92	12.21	4133443	75308176.00
2012/02/22	12.21	12.47	12.21	12.43	4641855	86089504.00
2012/02/23	12.35	12.63	12.33	12.46	4959038	92910488.00
2012/02/24	12.47	12.47	12.18	12.32	7244651	133548016.00
2012/02/27	12.37	12.45	12.18	12.19	7665579	141403248.00
2012/02/28	12.10	12.24	11.80	11.91	4644506	83328064.00
2012/02/29	11.95	12.11	11.63	12.02	5202059	92511352.00
2012/03/01	12.02	12.18	11.90	12.09	3501211	63391200.00
2012/03/02	12.12	12.25	12.01	12.23	3821790	69821576.00
2012/03/05	12.30	12.43	12.16	12.33	4495710	82985520.00
2012/03/06	12.32	13.19	12.30	12.99	12632518	242536928.00
2012/03/07	12.85	13.47	12.73	13.15	10548844	207983136.00
2012/03/08	12.99	13.25	12.94	13.19	4948151	97361600.00
2012/03/09	13.19	13.37	13.01	13.23	4445699	87863104.00
2012/03/12	13.33	14.56	13.16	14.56	11332266	241453296.00
2012/03/13	14.67	14.97	14.41	14.83	8381106	185441872.00
2012/03/14	14.65	15.08	13.53	14.03	9700199	208213776.00
2012/03/15	14.03	14.46	13.87	14.29	6806806	144877696.00
2012/03/16	14.33	15.19	14.22	15.11	6767779	150261104.00
2012/03/19	15.03	15.30	14.83	15.02	4966225	112193912.00
2012/03/21	14.84	15.27	14.33	14.60	4798454	106110264.00
2012/03/22	14.47	14.85	14.33	14.50	2737468	59685240.00
2012/03/23	14.50	14.50	13.56	13.85	5615861	116398088.00
2012/03/26	13.60	14.00	13.60	13.89	2156349	44644008.00
2012/06/07	15.28	15.28	15.28	15.28	184141	4220512.00
2012/06/08	16.81	16.81	16.81	16.81	394555	9946732.00
2012/06/13	18.49	18.49	18.49	18.49	703834	19517316.00
2012/06/14	20.33	20.33	19.67	20.33	50966995	1546871808.00
2012/06/15	20.10	20.59	19.87	20.07	25290565	768268416.00
2012/06/18	19.80	20.75	19.70	20.22	22192614	673368640.00
2012/06/19	20.12	20.27	18.55	19.21	23783391	689420416.00
2012/06/20	19.30	19.51	18.82	19.28	13168260	379256768.00
2012/06/21	18.94	19.30	18.33	19.10	10693417	301987456.00
2012/06/25	18.76	19.25	18.12	18.20	10862970	307074752.00
2012/06/26	17.81	18.17	17.07	18.05	13505473	357036000.00
2012/06/27	17.86	18.69	17.65	18.19	8853860	241261888.00
2012/06/28	18.07	18.80	17.92	18.09	6938292	191120912.00
2012/06/29	17.80	18.49	17.68	18.45	6118117	166315648.00
2012/07/02	18.52	19.10	18.33	18.55	7556774	212998944.00
2012/07/03	18.47	18.87	18.36	18.65	5892374	164390448.00
2012/07/04	18.73	18.76	17.57	17.63	8085119	218993600.00
2012/07/05	17.41	17.68	16.82	17.31	6597888	170155120.00
2012/07/06	17.27	17.87	17.13	17.71	5249227	137346960.00
2012/07/09	17.97	19.48	17.74	18.63	11235043	318320960.00
2012/07/10	18.67	19.33	18.39	18.82	6330162	179107488.00
2012/07/11	18.76	18.81	17.67	18.21	5921089	161014160.00
2012/07/12	18.27	19.12	17.83	18.85	5806296	161744864.00
2012/07/13	18.85	19.06	18.01	18.11	6307923	174676752.00
2012/07/16	17.93	19.23	17.81	18.55	10816886	305180928.00
2012/07/17	18.17	19.13	17.81	18.87	5765329	160306384.00
2012/07/18	18.77	19.43	18.47	19.23	8752372	250060608.00
2012/07/19	19.23	19.47	18.85	19.01	7047625	202665264.00
2012/07/20	18.87	19.13	18.51	18.59	4650985	130525480.00
2012/07/23	18.44	18.59	18.04	18.23	2803208	77113984.00
2012/07/24	18.03	18.32	17.77	18.07	3724117	100803872.00
2012/07/25	17.97	18.31	17.93	18.06	2511256	68251160.00
2012/07/26	18.00	18.15	17.07	17.21	3414595	91035936.00
2012/07/27	17.30	17.57	17.00	17.29	3862407	100404224.00
2012/07/30	17.11	17.95	16.99	17.72	4526044	119909200.00
2012/07/31	17.61	17.91	17.22	17.32	1967756	51976064.00
2012/08/01	17.33	17.78	17.18	17.45	2282963	59880840.00
2012/08/02	17.49	17.55	17.07	17.41	1581569	40945632.00
2012/08/03	17.49	17.99	17.43	17.83	3355897	89623632.00
2012/08/06	17.73	18.76	17.73	18.73	5766281	158846880.00
2012/08/07	18.73	18.87	18.36	18.61	4504383	125981808.00
2012/08/08	18.61	19.06	18.33	18.83	4100806	115326952.00
2012/08/09	18.67	19.11	18.50	18.73	5424414	153126144.00
2012/08/10	18.79	19.04	18.50	18.83	4384963	123310888.00
2012/08/13	19.05	20.71	18.71	19.96	15486332	465510464.00
2012/08/14	19.98	20.00	17.97	19.51	11461990	325490176.00
2012/08/15	19.13	19.41	18.67	19.03	3612320	103202528.00
2012/08/16	18.87	19.77	18.77	19.41	4418347	128407424.00
2012/08/17	19.36	19.71	19.11	19.39	2409947	70228872.00
2012/08/20	19.33	19.34	18.67	19.04	2311604	65898916.00
2012/08/21	18.77	19.46	18.77	19.11	2371513	68090064.00
2012/08/22	19.11	19.38	18.87	19.11	1916717	55074328.00
2012/08/23	19.00	20.12	19.00	19.70	5977124	175765856.00
2012/08/24	19.72	20.66	19.27	19.33	6602994	196584496.00
2012/08/27	18.33	19.11	18.27	18.70	4236085	119084496.00
2012/08/28	18.70	19.11	18.67	18.74	1672641	47158952.00
2012/08/29	18.74	18.86	17.80	17.90	4622961	126682600.00
2012/08/30	17.86	18.06	17.21	17.27	3344318	88119368.00
2012/08/31	17.27	17.99	17.15	17.59	2450354	64400240.00
2012/09/03	17.53	18.06	17.52	17.76	1673396	44781212.00
2012/09/04	17.76	18.06	17.61	17.74	1523607	40728324.00
2012/09/05	17.74	17.87	17.49	17.57	1405464	37193720.00
2012/09/06	17.60	17.93	17.53	17.91	1278028	34156868.00
2012/09/07	18.20	18.76	18.00	18.50	3083113	85283728.00
2012/09/10	18.49	18.53	18.14	18.24	2140523	58703044.00
2012/09/11	18.24	18.33	17.43	17.47	3788907	100306384.00
2012/09/12	17.67	17.73	17.17	17.40	2934097	76669992.00
2012/09/13	17.38	17.56	17.17	17.23	1959910	51014580.00
2012/09/14	17.60	17.60	17.21	17.37	3008572	78525672.00
2012/09/17	17.37	17.37	15.63	15.63	6254150	151250192.00
2012/09/18	15.27	15.69	14.50	15.63	5750228	129461904.00
2012/09/19	15.34	15.81	15.27	15.64	2538683	59470120.00
2012/09/20	15.65	15.66	15.00	15.07	2403811	54747720.00
2012/09/21	15.08	15.25	14.87	14.99	2377301	53580848.00
2012/09/24	14.87	15.39	14.51	15.35	2167339	49219928.00
2012/09/25	15.35	15.69	15.14	15.63	1785494	41602960.00
2012/09/26	15.63	15.73	15.27	15.33	1266811	29412136.00
2012/09/27	15.34	15.66	15.05	15.46	1507838	34833440.00
2012/09/28	15.53	16.53	15.41	16.32	2977098	71321152.00
2012/10/08	16.45	16.81	16.19	16.62	2288687	56658024.00
2012/10/09	17.20	17.47	16.57	16.65	5559441	141087904.00
2012/10/10	16.47	16.64	16.07	16.43	3074733	75352272.00
2012/10/11	16.53	17.07	16.13	16.41	4020450	100441136.00
2012/10/12	16.47	16.53	15.65	15.85	3899324	93541712.00
2012/10/15	15.61	15.85	14.87	14.91	4169002	95149088.00
2012/10/16	14.90	15.13	14.67	14.73	2649631	59033680.00
2012/10/17	14.82	15.17	14.73	15.15	2986520	67009992.00
2012/10/18	15.09	15.39	14.97	15.27	2468099	56233796.00
2012/10/19	15.23	15.33	15.00	15.07	1749073	39713752.00
2012/10/22	15.03	15.15	14.67	14.75	5785142	128357808.00
2012/10/23	14.77	14.82	14.26	14.50	6390635	138422832.00
2012/10/24	14.40	14.55	14.20	14.45	2674855	57841836.00
2012/10/25	14.45	14.53	13.63	13.67	3790920	79734440.00
2012/10/26	13.69	13.86	12.31	12.82	8437969	161219392.00
2012/10/29	12.50	14.10	12.50	14.10	8256992	168675984.00
2012/10/30	14.00	15.25	13.87	14.57	7389584	163394000.00
2012/10/31	14.44	14.92	14.43	14.71	2948100	64692036.00
2012/11/01	14.72	15.06	14.57	14.81	3819582	84933312.00
2012/11/02	14.67	14.85	14.53	14.69	2221561	48909616.00
2012/11/05	14.70	15.07	14.63	15.04	2858192	63931568.00
2012/11/06	15.05	15.05	14.60	15.00	2540306	56351696.00
2012/11/07	15.00	15.45	14.91	15.17	3410477	77922288.00
2012/11/08	14.97	15.00	14.65	14.73	1794605	39849160.00
2012/11/09	14.77	15.07	14.77	14.87	1567278	35017312.00
2012/11/12	14.87	15.19	14.81	15.01	2055346	46245472.00
2012/11/13	15.02	15.04	14.41	14.81	1875668	41457460.00
2012/11/14	14.79	15.05	14.60	14.78	1496790	33266336.00
2012/11/15	14.61	14.69	13.53	13.96	3460458	73562168.00
2012/11/16	13.91	13.91	13.18	13.38	1988504	39952384.00
2012/11/19	13.38	13.47	13.04	13.28	1214595	24089414.00
2012/11/20	13.31	13.47	13.13	13.32	1646756	32909174.00
2012/11/21	13.30	13.48	12.53	13.17	2712966	52557344.00
2012/11/22	13.11	13.37	12.92	13.13	1868017	36905856.00
2012/11/23	13.13	13.43	13.01	13.35	1479312	29440452.00
2012/11/26	13.28	13.47	13.11	13.14	901394	17929436.00
2012/11/27	13.10	13.25	12.53	12.69	1294813	24739016.00
2012/11/28	12.67	12.67	11.95	12.01	2063140	38032364.00
2012/11/29	11.97	12.13	11.51	11.53	1280988	22770468.00
2012/11/30	11.53	12.65	11.42	12.55	3009370	53534948.00
2012/12/03	12.33	12.72	11.73	11.94	1442057	26760076.00
2012/12/04	11.93	12.43	11.57	12.43	1323761	23900678.00
2012/12/18	13.67	13.67	13.67	13.67	590531	12105886.00
2012/12/19	14.67	15.03	14.40	14.90	15998508	356496096.00
2012/12/20	14.55	15.02	14.47	14.90	9257507	204983616.00
2012/12/21	15.23	15.23	14.57	14.63	6292424	139925504.00
2012/12/24	14.62	14.84	14.27	14.77	6223741	136128480.00
2012/12/25	14.67	14.93	14.30	14.73	6250603	137359808.00
2012/12/26	14.73	15.11	14.67	14.90	4803999	107354240.00
2012/12/27	14.89	14.96	14.53	14.54	3428967	75685632.00
2012/12/28	14.50	14.77	14.38	14.56	2361972	51791000.00
2012/12/31	14.67	14.99	14.63	14.97	3113285	69009816.00
2013/01/04	15.06	16.40	15.06	15.81	6896152	163160688.00
2013/01/07	15.81	15.82	15.47	15.52	3195521	74642776.00
2013/01/08	15.39	15.78	15.34	15.72	3951172	92713544.00
2013/01/09	15.72	16.08	15.46	15.60	3378580	80138440.00
2013/01/10	15.60	15.73	15.01	15.20	5527720	126955920.00
2013/01/11	15.19	15.19	14.53	14.65	3343200	74220592.00
2013/01/14	14.47	15.11	14.47	14.91	3308119	73841192.00
2013/01/15	14.91	15.27	14.62	15.17	4823604	108268224.00
2013/01/16	15.03	15.53	14.97	15.41	5537264	126902920.00
2013/01/17	15.41	15.63	14.67	14.80	2941908	66265592.00
2013/01/18	14.79	14.92	14.67	14.81	2263688	50198332.00
2013/01/21	14.93	15.00	14.51	14.58	3429382	75287528.00
2013/01/22	14.47	14.95	14.47	14.69	3001559	66563248.00
2013/01/23	14.59	14.85	14.52	14.84	2048753	45153836.00
2013/01/24	14.86	14.93	14.21	14.28	3098745	67793288.00
2013/01/25	14.21	14.47	13.87	14.45	2472247	52213560.00
2013/01/28	14.44	14.81	14.40	14.65	2915491	64023456.00
2013/01/29	14.80	14.80	14.57	14.62	2276596	50082496.00
2013/01/30	14.65	14.66	13.93	14.03	4450799	94498280.00
2013/01/31	13.92	15.07	13.65	14.83	7893224	172190272.00
2013/02/01	14.67	15.28	14.60	14.93	4564874	102511200.00
2013/02/04	14.93	15.04	14.49	14.59	2884895	63471248.00
2013/02/05	14.66	14.91	14.50	14.75	1801387	39834096.00
2013/02/06	14.75	15.34	14.75	15.13	3968317	90035544.00
2013/02/07	15.08	15.21	14.87	15.04	2363022	53393064.00
2013/02/08	15.04	15.42	15.00	15.37	2809267	64523076.00
2013/02/18	15.59	15.59	15.11	15.11	2727741	62521540.00
2013/02/19	15.11	15.26	14.93	15.03	1894889	42891656.00
2013/02/20	14.97	15.20	14.92	15.15	1809510	40901828.00
2013/02/21	15.00	15.09	14.33	14.61	2096592	46252160.00
2013/02/22	14.47	15.01	14.47	14.73	1635130	36278400.00
2013/02/25	14.67	14.85	14.57	14.63	1367384	30109754.00
2013/02/26	14.73	14.73	14.34	14.39	1301590	28398314.00
2013/02/27	14.30	14.73	14.30	14.69	1114462	24341626.00
2013/02/28	14.60	14.87	14.45	14.85	1965912	43353060.00
2013/03/01	14.85	15.33	14.73	15.19	3820902	86554952.00
2013/03/04	15.03	15.43	14.87	15.11	2978722	67627280.00
2013/03/05	15.26	15.41	15.13	15.33	3628710	83146144.00
2013/03/06	15.35	15.40	15.12	15.19	3058256	69722816.00
2013/03/07	15.20	15.34	14.95	15.22	2848396	64977380.00
2013/03/08	15.19	15.91	15.19	15.79	7001918	165168704.00
2013/03/11	15.76	16.03	15.53	15.89	3676757	87378832.00
2013/03/12	15.89	16.45	15.34	15.64	5249954	126122992.00
2013/03/13	15.67	16.17	15.39	15.79	4418355	104944704.00
2013/03/14	15.79	16.31	15.73	15.82	4277886	102667816.00
2013/03/15	15.80	15.87	15.27	15.47	3507943	81425088.00
2013/03/18	15.47	15.60	14.87	14.97	2867783	65034940.00
2013/03/19	14.97	15.27	14.87	15.05	1259764	28415904.00
2013/03/20	15.05	15.52	14.97	15.52	2089801	47987180.00
2013/03/21	15.97	16.33	15.71	15.77	4383075	104683264.00
2013/03/22	15.79	16.59	15.77	16.53	7676469	187673552.00
2013/03/25	16.56	16.97	16.53	16.71	5372792	135258992.00
2013/03/26	16.55	16.79	16.22	16.35	3364747	82818904.00
2013/03/27	16.28	17.03	16.28	16.89	4818871	121341416.00
2013/03/28	16.73	17.01	16.37	16.39	3701000	92635480.00
2013/03/29	16.43	16.66	16.09	16.59	2463918	60904300.00
2013/04/01	16.65	16.93	16.43	16.77	2407594	60367832.00
2013/04/02	16.67	16.80	16.00	16.18	4142924	101742224.00
2013/04/03	16.27	16.53	16.13	16.33	2325618	56772016.00
2013/04/08	16.13	16.67	15.87	16.61	2181464	53519752.00
2013/04/09	16.66	17.24	16.49	17.11	5429866	138565824.00
2013/04/10	17.11	17.17	16.78	17.13	2981858	75905056.00
2013/04/11	17.13	17.24	16.87	17.09	2798840	71785200.00
2013/04/12	16.92	17.24	16.80	17.04	2642729	67663992.00
2013/04/15	17.04	17.23	16.45	16.57	2776137	69494512.00
2013/04/16	16.52	16.73	16.19	16.67	1879438	46239344.00
2013/04/17	16.67	16.96	16.57	16.91	1714873	43231144.00
2013/04/18	16.87	16.89	16.32	16.36	2674838	66355172.00
2013/04/19	16.40	16.66	16.39	16.47	2241996	55440176.00
2013/04/22	16.51	17.30	16.40	17.28	4890554	124635224.00
2013/04/23	17.25	17.32	16.93	17.06	3241300	83108616.00
2013/04/24	17.00	17.99	17.00	17.87	5137133	136036288.00
2013/04/25	17.73	18.10	17.61	17.94	3931226	105124432.00
2013/04/26	17.93	18.29	17.73	17.83	3411889	92050416.00
2013/05/02	17.47	18.04	17.47	17.76	2511722	67208688.00
2013/05/03	17.88	18.53	17.88	18.45	4753091	130632792.00
2013/05/06	18.67	18.67	18.34	18.58	3761718	104599312.00
2013/05/07	18.60	18.80	18.00	18.11	4707207	129789536.00
2013/05/08	18.07	18.17	17.50	17.67	6391363	170239856.00
2013/05/09	17.73	18.28	17.43	18.26	5114825	136762928.00
2013/05/10	18.03	18.27	17.60	17.85	3181423	85443784.00
2013/05/13	17.90	18.05	17.57	17.68	2148493	57085076.00
2013/05/14	17.65	18.21	17.53	18.01	2888385	77843528.00
2013/05/15	17.81	18.06	17.75	17.99	1720930	46257504.00
2013/05/16	17.96	18.03	17.57	17.78	2568994	68373512.00
2013/05/17	17.70	17.87	17.63	17.77	2680450	71416296.00
2013/05/20	17.75	17.89	16.47	16.67	8932932	228386736.00
2013/05/21	16.60	16.96	16.50	16.87	4380371	110069272.00
2013/05/22	16.87	17.25	16.86	16.96	3780411	96814312.00
2013/05/23	16.85	17.20	16.60	16.93	2804307	71261520.00
2013/05/24	16.93	17.09	16.75	17.01	2164004	54917244.00
2013/05/27	17.15	17.57	17.03	17.33	3889779	101193792.00
2013/05/28	17.40	17.99	17.11	17.99	6261716	165169856.00
2013/05/29	18.06	19.79	18.06	19.79	17399872	502510912.00
2013/05/30	19.86	19.86	18.35	18.71	28029504	787406656.00
2013/05/31	18.43	18.66	17.33	17.82	20015156	537732800.00
2013/06/03	17.59	17.74	17.25	17.33	8412853	220498240.00
2013/06/04	17.33	17.55	17.02	17.24	5700842	147384240.00
2013/06/05	17.19	17.33	16.99	17.03	4425915	113694984.00
2013/06/06	17.00	17.00	15.90	15.99	10748520	263131888.00
2013/06/07	16.09	16.10	15.27	15.31	8840383	206534352.00
2013/06/20	14.25	16.29	14.25	15.05	13861815	317459168.00
2013/06/21	14.61	14.90	14.34	14.76	4945311	108896520.00
2013/06/24	14.77	14.89	13.30	13.32	5787724	121213920.00
2013/06/25	13.19	13.32	12.07	12.93	7955959	151325696.00
2013/06/26	13.00	13.20	12.71	13.13	4753968	92893232.00
2013/06/27	13.24	13.38	12.32	12.45	5865896	113798000.00
2013/06/28	12.33	12.73	11.93	12.27	6631442	122772096.00
2013/07/01	12.30	13.47	12.30	13.42	9036665	174990464.00
2013/07/02	13.42	14.06	13.21	13.87	7548201	155175360.00
2013/07/03	13.73	14.12	13.60	13.91	4848916	100952728.00
2013/07/04	13.87	14.89	13.67	14.45	8336751	180998944.00
2013/07/05	14.45	14.89	13.92	13.95	6762192	147089312.00
2013/07/08	13.77	13.77	13.07	13.09	4169617	83537720.00
2013/07/09	13.00	13.45	13.00	13.31	2411073	48026064.00
2013/07/10	13.20	14.28	13.00	14.09	5244228	107448360.00
2013/07/11	14.11	14.53	13.83	14.29	6626272	141259104.00
2013/07/12	14.13	14.18	13.69	13.70	5048559	105520904.00
2013/07/15	13.83	13.99	13.67	13.80	3375160	70000616.00
2013/07/16	13.77	14.40	13.74	14.37	4864339	103176168.00
2013/07/17	14.27	14.32	13.79	13.95	3748615	78857472.00
2013/07/18	13.94	14.12	13.80	13.89	2309818	48313780.00
2013/07/19	14.02	14.02	13.21	13.25	3796770	77094784.00
2013/07/22	13.11	13.47	12.98	13.43	2811962	55756280.00
2013/07/23	13.38	14.09	13.38	13.73	3523856	72943312.00
2013/07/24	13.71	13.71	13.22	13.43	3729588	74965368.00
2013/07/25	13.45	14.05	13.27	13.70	5352651	110906944.00
2013/07/26	13.64	14.88	13.58	14.67	11221160	241674992.00
2013/07/29	14.83	15.93	14.67	15.45	13617763	315602464.00
2013/07/30	15.34	15.61	15.07	15.42	5769188	132758184.00
2013/07/31	15.53	15.61	15.27	15.33	3664283	84873712.00
2013/08/01	15.51	15.51	15.12	15.34	4504418	103214416.00
2013/08/02	15.37	15.80	15.23	15.35	4616825	107382016.00
2013/08/05	15.20	15.65	15.20	15.59	3865913	89781144.00
2013/08/06	15.59	16.52	15.49	16.37	6291562	153825104.00
2013/08/07	16.37	16.37	15.67	15.77	4505538	107705288.00
2013/08/08	15.73	16.29	15.61	16.09	3996347	95698808.00
2013/08/09	16.13	16.59	15.95	16.14	4589524	112476848.00
2013/08/12	16.14	16.59	16.13	16.19	3530722	86624608.00
2013/08/13	16.21	16.55	16.20	16.36	3130073	76801712.00
2013/08/14	16.44	16.52	16.05	16.30	2870441	70225912.00
2013/08/15	16.30	16.46	16.14	16.21	1953662	47712572.00
2013/08/16	16.20	16.43	15.00	15.09	4950272	117782112.00
2013/08/19	15.09	15.50	15.07	15.39	1881030	43151744.00
2013/08/20	15.40	15.63	15.13	15.33	1936321	44633260.00
2013/08/21	15.33	15.75	15.29	15.67	2002692	46829340.00
2013/08/22	15.67	16.44	15.55	16.40	3911681	95125072.00
2013/08/23	16.41	16.73	15.80	16.29	2721244	66458088.00
2013/08/26	16.30	16.53	16.13	16.39	2197852	53848552.00
2013/08/27	16.40	16.47	16.22	16.35	1872442	45842224.00
2013/08/28	16.33	16.33	15.85	15.89	2243137	53848148.00
2013/08/29	15.87	16.11	15.55	15.68	1806501	42722984.00
2013/08/30	15.53	15.85	15.49	15.58	1976554	46354764.00
2013/09/02	15.48	16.59	15.48	16.33	3384924	81974992.00
2013/09/03	16.33	16.63	16.25	16.58	2504014	62022880.00
2013/09/04	16.62	17.22	16.62	16.85	4676209	118937600.00
2013/09/05	17.03	17.21	16.79	16.80	2638249	67104664.00
2013/09/06	16.80	17.66	16.80	17.53	6602547	171944016.00
2013/09/09	17.53	17.66	17.10	17.51	3248462	84648824.00
2013/09/10	17.57	17.83	17.35	17.55	3774037	99670784.00
2013/09/11	17.47	17.57	17.15	17.33	4070646	105755872.00
2013/09/12	17.23	17.33	16.88	17.19	2735963	70224328.00
2013/09/13	17.13	17.61	17.13	17.32	2024652	52801872.00
2013/09/16	17.32	17.52	16.72	17.01	2114205	54149752.00
2013/09/17	17.01	17.01	16.47	16.54	1899350	47467272.00
2013/09/18	16.33	16.33	14.98	15.97	7808534	182138624.00
2013/09/23	15.79	16.07	15.72	16.05	2571723	61513584.00
2013/09/24	16.05	16.19	15.93	16.07	1957089	47161960.00
2013/09/25	16.01	16.16	15.80	15.93	1890946	45203912.00
2013/09/26	15.97	15.97	15.47	15.55	2645947	62148532.00
2013/09/27	15.63	16.68	15.51	16.43	4152089	101056752.00
2013/09/30	16.49	17.05	16.35	16.83	2824967	71329824.00
2013/10/08	16.67	16.79	16.41	16.57	2740263	67900416.00
2013/10/09	16.59	16.73	16.11	16.31	3652109	89575480.00
2013/10/10	16.33	16.63	16.17	16.32	2097947	51429896.00
2013/10/11	16.29	16.40	15.92	16.19	3325046	80233552.00
2013/10/14	16.07	16.56	16.05	16.21	2876210	70257968.00
2013/10/15	16.18	16.43	16.09	16.20	2223814	54169340.00
2013/10/16	16.20	17.00	15.95	16.70	6017901	149457360.00
2013/10/17	16.73	17.19	16.44	17.16	4784166	120660232.00
2013/10/18	17.18	17.28	16.88	16.91	3397242	87060728.00
2013/10/21	17.07	17.67	17.07	17.65	6954704	183041504.00
2013/10/22	17.65	18.87	17.65	18.09	7852005	216193056.00
2013/10/23	18.10	18.73	17.34	17.43	5549867	148902864.00
2013/10/24	17.43	18.66	17.37	18.43	7218133	196775936.00
2013/10/25	18.30	18.87	18.09	18.53	6495896	181054784.00
2013/10/28	18.57	18.98	17.57	17.82	5110343	139401408.00
2013/10/29	17.77	17.77	16.04	16.25	8306294	206730432.00
2013/10/30	16.23	16.47	15.80	16.07	5641867	135954784.00
2013/10/31	16.07	16.07	14.98	15.27	6223010	144127328.00
2013/11/01	15.25	15.27	14.92	15.05	3272121	74030864.00
2013/11/04	15.05	15.65	15.05	15.27	3550610	81705856.00
2013/11/05	15.34	16.19	15.34	16.11	4687783	112156368.00
2013/11/06	16.12	16.17	15.63	15.73	2830788	67429272.00
2013/11/07	15.81	16.19	15.60	15.67	2823510	67451864.00
2013/11/08	15.77	16.43	15.64	16.16	3920516	94390320.00
2013/11/11	16.47	16.53	15.87	16.15	2759988	66976804.00
2013/11/12	16.37	16.37	15.93	16.16	1564201	37717284.00
2013/11/13	16.16	16.27	15.27	15.36	2336267	55309628.00
2013/11/14	15.41	15.78	15.07	15.61	2181095	50438836.00
2013/11/15	15.70	16.27	15.53	15.97	2366621	56653780.00
2013/11/18	15.95	16.70	15.95	16.62	5485925	135869968.00
2013/11/19	16.63	17.33	16.48	17.20	5392999	137380352.00
2013/11/20	17.19	17.44	16.87	17.32	3136387	80838776.00
2013/11/21	17.13	17.43	17.13	17.39	3404507	88337280.00
2013/11/22	17.33	17.52	16.61	16.71	4511045	114403952.00
2013/11/25	16.80	16.99	16.59	16.62	2453264	61638072.00
2013/11/26	16.62	17.03	16.57	16.89	3249669	82115576.00
2013/11/27	16.85	17.50	16.85	17.41	3452446	89305600.00
2013/11/28	17.41	17.67	17.25	17.29	2936235	76852536.00
2013/11/29	17.33	17.64	17.27	17.47	2423364	63485616.00
2013/12/02	17.27	17.49	16.43	16.51	5534487	139950096.00
2013/12/03	16.46	16.97	15.93	16.95	2486426	61392344.00
2013/12/04	16.78	17.18	16.78	17.01	1726749	44072768.00
2013/12/05	16.75	17.13	16.75	17.06	1457336	37259736.00
2013/12/06	17.13	17.17	16.80	17.00	1463869	37269360.00
2013/12/09	17.00	17.77	17.00	17.73	4585357	120850512.00
2013/12/10	17.69	17.77	17.44	17.60	1738865	45823848.00
2013/12/11	17.75	18.12	17.51	17.94	4708758	126077048.00
2013/12/12	17.94	18.03	17.63	17.65	2194253	58415912.00
2013/12/13	17.64	18.02	17.53	17.93	2745853	73767328.00
2013/12/16	17.87	18.06	17.61	17.78	2059687	54995560.00
2013/12/17	17.87	17.89	17.07	17.19	2637314	68618160.00
2013/12/18	17.25	18.66	17.25	18.25	8163692	223090224.00
2013/12/19	18.27	18.52	17.93	18.08	5019929	136745792.00
2013/12/20	18.33	18.45	17.60	18.12	4217289	113789872.00
2013/12/23	17.87	18.09	17.33	17.78	2609130	69142056.00
2013/12/24	17.77	17.92	17.27	17.43	3768812	99565056.00
2013/12/25	17.79	17.87	16.33	17.07	6197434	158223744.00
2013/12/26	17.00	17.41	16.87	17.05	2243552	57775052.00
2013/12/27	16.75	17.53	16.75	17.49	2489763	64654688.00
2013/12/30	17.57	17.57	17.15	17.33	2120002	55043624.00
2013/12/31	17.33	17.44	17.17	17.29	1339353	34698540.00
2014/01/02	17.29	17.39	16.85	16.95	2713025	69426152.00
2014/01/03	16.97	17.25	16.92	17.11	2246297	57589660.00
2014/01/06	17.30	17.39	16.97	17.03	2629561	67642424.00
2014/01/07	16.97	17.57	16.95	17.53	3409934	89056632.00
2014/01/08	17.60	17.75	17.43	17.55	2221178	58516364.00
2014/01/09	17.73	17.91	17.51	17.81	3175798	84612176.00
2014/01/10	17.73	18.33	17.67	17.85	2626977	71254656.00
2014/01/13	17.79	17.91	16.82	17.65	4449142	115966288.00
2014/01/14	17.33	17.59	17.10	17.37	1787811	46252064.00
2014/01/15	17.35	17.41	17.00	17.09	2079373	53545888.00
2014/01/16	17.07	17.69	17.07	17.49	2635662	68960752.00
2014/01/17	17.60	17.60	16.79	16.94	2654336	67757720.00
2014/01/20	16.73	17.07	16.40	16.49	1570382	39038592.00
2014/01/21	16.49	16.83	16.39	16.59	1029383	25653158.00
2014/01/22	16.67	16.95	16.63	16.83	1601802	40330584.00
2014/01/23	16.83	17.13	16.73	16.77	3745905	95270776.00
2014/01/24	16.77	17.10	16.67	16.87	3228724	81784592.00
2014/01/27	16.85	17.12	16.82	16.96	3158926	80453712.00
2014/01/28	17.05	17.17	16.60	16.71	1480771	37308112.00
2014/01/29	16.74	16.84	16.44	16.53	2811438	69997936.00
2014/01/30	16.54	16.61	15.85	15.97	2844818	68651784.00
2014/02/07	15.81	16.07	15.55	15.93	3278005	77542448.00
2014/02/10	15.97	16.88	15.97	16.65	3892878	96473728.00
2014/02/11	16.67	17.02	16.62	16.70	2950372	74293176.00
2014/02/12	16.79	16.91	16.64	16.82	1996884	50247852.00
2014/02/13	16.82	17.15	16.67	16.82	2815518	71477216.00
2014/02/14	16.73	16.85	16.27	16.49	5157031	127205536.00
2014/02/17	16.49	16.59	16.10	16.39	4525853	110700008.00
2014/02/18	16.39	17.53	16.13	17.46	7156630	181404976.00
2014/02/19	17.40	17.40	17.04	17.14	4662227	120245752.00
2014/02/20	17.14	17.33	16.90	17.02	2605225	66760784.00
2014/02/21	17.12	17.31	16.61	16.75	2516598	63919572.00
2014/02/24	16.59	17.00	15.90	16.01	5038043	121678864.00
2014/02/25	16.01	16.17	15.33	15.36	4110322	97290968.00
2014/02/26	15.40	15.96	15.25	15.71	2647198	61970816.00
2014/02/27	15.78	16.30	15.40	15.49	2803861	66524440.00
2014/02/28	15.37	15.61	15.12	15.57	2550373	58658680.00
2014/03/03	15.78	16.07	15.63	15.82	2709330	64269312.00
2014/03/04	15.73	15.83	15.32	15.63	3107039	72872128.00
2014/03/05	15.73	16.17	15.63	15.79	2626457	62522956.00
2014/03/06	15.56	15.77	15.30	15.40	3353976	77571640.00
2014/03/07	15.33	15.71	15.25	15.37	2134897	49354132.00
2014/03/10	15.37	16.07	14.87	15.71	6216201	146127136.00
2014/03/11	16.00	16.12	15.71	15.93	4700004	112026248.00
2014/03/12	15.87	15.91	15.33	15.63	2710242	63354904.00
2014/03/13	15.39	15.77	15.39	15.56	1286779	30126172.00
2014/03/14	15.61	16.40	15.57	16.19	4942092	118654728.00
2014/03/17	16.20	16.33	15.81	16.12	3759606	90279480.00
2014/03/18	16.05	16.11	15.59	15.81	4404520	104098872.00
2014/03/19	15.67	15.68	15.38	15.40	2379973	55353536.00
2014/03/20	15.43	15.59	15.20	15.23	2226530	51419328.00
2014/03/21	15.24	15.47	15.07	15.41	2331050	53446276.00
2014/03/24	15.42	15.66	15.21	15.41	2010317	46338112.00
2014/03/25	15.34	15.49	15.23	15.41	1320284	30445320.00
2014/03/26	15.53	15.53	15.19	15.43	1901193	43790976.00
2014/03/27	15.42	15.49	15.25	15.34	1622103	37430320.00
2014/03/28	15.38	15.49	14.56	14.61	2432872	54600016.00
2014/03/31	14.67	14.94	14.53	14.63	1543057	34013440.00
2014/04/01	14.57	15.38	14.56	15.25	2943055	66362288.00
2014/04/02	15.25	15.41	15.10	15.38	2127580	48754576.00
2014/04/03	15.34	15.83	15.34	15.64	2995458	70297960.00
2014/04/04	15.54	16.00	15.54	15.93	2726483	64974280.00
2014/04/08	15.97	16.00	15.60	15.82	1969016	46585840.00
2014/04/09	15.73	15.92	15.67	15.81	1345742	31839588.00
2014/04/10	15.85	16.13	15.77	15.81	2913927	69731792.00
2014/04/11	15.74	16.08	15.55	15.89	2003929	47651824.00
2014/04/14	15.81	16.13	15.78	16.06	2620337	62813240.00
2014/04/15	16.07	16.09	15.60	15.77	2240789	53080296.00
2014/04/16	15.77	15.85	15.66	15.78	1079226	25495214.00
2014/04/17	15.68	15.87	15.68	15.73	1141968	27008808.00
2014/04/18	15.73	15.82	15.64	15.75	1528984	36043336.00
2014/04/21	15.81	16.28	15.81	16.26	5284678	127893424.00
2014/04/22	16.30	16.67	16.00	16.67	4011793	97822536.00
2014/04/23	16.67	16.81	16.31	16.38	2492394	61630944.00
2014/04/24	16.39	16.41	16.17	16.29	1387368	33917960.00
2014/04/25	16.29	16.37	15.72	15.81	1398779	33408544.00
2014/04/28	15.81	15.90	15.17	15.29	2162106	49858360.00
2014/04/29	15.29	15.59	15.20	15.50	928120	21507504.00
2014/04/30	15.49	15.63	15.35	15.57	769292	17895686.00
2014/05/05	15.53	15.67	15.07	15.63	2091158	48122864.00
2014/05/06	15.62	15.79	15.47	15.64	889427	20891632.00
2014/05/07	15.65	15.65	15.40	15.41	831061	19305496.00
2014/05/08	15.55	15.64	15.29	15.29	809672	18676110.00
2014/05/09	15.29	15.40	14.87	15.03	1485729	33570568.00
2014/05/12	15.20	15.69	15.17	15.67	2117289	49313308.00
2014/05/13	15.81	15.81	15.47	15.52	1167667	27296100.00
2014/05/14	15.63	15.73	15.43	15.70	2108312	49377552.00
2014/05/15	15.61	15.83	15.55	15.70	1328243	31348172.00
2014/05/16	15.70	15.73	15.53	15.72	862179	20242542.00
2014/05/19	15.73	15.79	15.50	15.67	674806	15799115.00
2014/05/20	15.76	15.77	15.60	15.65	762044	17920664.00
2014/05/28	17.07	17.07	16.14	16.38	4803796	118702720.00
2014/05/29	16.37	16.67	16.02	16.54	3284338	80667080.00
2014/05/30	16.33	16.40	16.08	16.20	2046859	49818120.00
2014/06/03	16.20	16.49	16.20	16.31	1493768	36641496.00
2014/06/04	16.31	16.31	15.69	15.74	1433797	34210312.00
2014/06/05	15.57	16.23	15.53	16.08	3006507	72071256.00
2014/06/06	16.33	16.53	16.00	16.10	2663422	64802592.00
2014/06/09	16.16	16.27	15.67	15.75	2552529	61417120.00
2014/06/10	15.64	15.92	15.33	15.67	4296826	100935552.00
2014/06/11	15.65	15.79	15.26	15.41	4846177	111980400.00
2014/06/12	15.46	15.52	15.34	15.46	2668833	61837272.00
2014/06/13	15.46	15.72	15.46	15.67	2980499	69675744.00
2014/06/16	15.67	15.70	15.41	15.55	2302344	53623952.00
2014/06/17	15.53	15.59	15.33	15.39	1750562	40559836.00
2014/06/18	15.39	15.75	15.39	15.66	3362426	78791144.00
2014/06/19	15.60	15.78	15.21	15.23	3047132	70681552.00
2014/06/20	15.13	15.45	15.00	15.34	1447090	33148300.00
2014/06/23	15.34	15.53	15.33	15.43	1088873	25230116.00
2014/06/24	15.33	15.53	15.27	15.41	1268101	29266814.00
2014/06/25	15.41	15.46	15.08	15.16	1578040	35926264.00
2014/06/26	15.14	15.31	15.09	15.13	3645656	82831152.00
2014/06/27	15.16	15.37	15.10	15.18	3423939	78226432.00
2014/06/30	15.14	15.23	15.01	15.11	2706792	61476824.00
2014/07/01	15.18	15.25	15.07	15.23	2190770	49924280.00
2014/07/02	15.25	15.63	15.21	15.56	4069529	94545976.00
2014/07/03	15.90	16.00	15.59	15.71	4483394	106421784.00
2014/07/04	15.79	15.87	15.57	15.59	3002999	70589728.00
2014/07/07	15.57	15.80	15.35	15.42	2128620	49428772.00
2014/07/08	15.42	15.99	15.36	15.72	3308691	52009164.00
2014/07/09	15.55	15.57	15.00	15.16	5323331	81047496.00
2014/07/10	15.28	15.49	15.18	15.23	4585154	70280072.00
2014/07/11	15.22	15.34	15.05	15.22	3012965	45793556.00
2014/07/14	15.30	16.09	15.18	16.06	11182860	175635696.00
2014/07/15	16.05	16.96	15.81	16.56	13033700	214060032.00
2014/07/16	16.38	16.85	16.17	16.28	6849894	112601544.00
2014/07/17	16.37	16.48	15.80	15.98	5808421	93736336.00
2014/07/18	15.82	16.25	15.81	16.09	3073637	49501484.00
2014/07/21	16.09	16.50	15.90	16.03	4625472	75011328.00
2014/07/22	16.18	16.63	16.10	16.48	8983587	147581680.00
2014/07/23	16.63	16.70	16.20	16.31	7626480	125531992.00
2014/07/24	16.25	16.45	16.09	16.37	5143731	83655184.00
2014/07/25	16.28	16.65	16.19	16.49	7287604	120244240.00
2014/07/28	16.49	16.65	16.36	16.56	7289564	120408880.00
2014/07/29	16.62	17.10	16.47	17.00	12209555	205404544.00
2014/07/30	17.10	17.23	16.66	16.81	9945294	167843424.00
2014/07/31	16.81	16.87	16.67	16.82	4836252	81163984.00
2014/08/01	16.84	17.00	16.44	16.57	6184582	103417560.00
2014/08/04	16.56	16.83	16.50	16.69	7423841	123588072.00
2014/08/05	16.73	16.90	16.63	16.73	5717448	95784552.00
2014/08/06	16.66	17.08	16.66	17.03	8718801	147229152.00
2014/08/07	17.08	17.29	16.85	16.89	8018671	136885760.00
2014/08/08	16.88	16.98	16.70	16.84	3822745	64251944.00
2014/08/11	16.87	16.96	16.77	16.94	6761134	113918760.00
2014/08/12	16.90	16.96	16.77	16.81	5092408	85679936.00
2014/08/13	16.81	16.81	16.38	16.47	6321816	104744976.00
2014/08/14	16.51	16.83	16.47	16.73	6856685	114444376.00
2014/08/15	16.73	16.98	16.64	16.96	6402144	107926200.00
2014/08/18	17.00	18.66	17.00	18.66	24000305	435096608.00
2014/08/19	18.80	19.23	18.35	19.00	20573881	388639712.00
2014/08/20	18.90	18.93	18.38	18.81	8786819	163731584.00
2014/08/21	18.70	19.13	18.57	19.05	11589526	218846256.00
2014/08/22	19.17	20.12	18.91	19.71	14648931	285835936.00
2014/08/25	19.71	19.71	19.22	19.34	8591799	166655184.00
2014/08/26	19.22	20.20	19.20	19.49	10106624	200036144.00
2014/08/27	19.36	19.74	18.90	19.42	6349384	122752680.00
2014/08/28	19.51	19.53	19.05	19.43	5455513	105134712.00
2014/08/29	19.35	19.54	19.10	19.47	4795290	92811632.00
2014/09/01	19.47	20.41	19.46	20.31	10744157	216751600.00
2014/09/02	20.37	20.68	20.20	20.54	7840653	159932624.00
2014/09/03	20.60	20.60	20.21	20.40	7369745	150245872.00
2014/09/04	20.40	20.80	20.20	20.70	10356169	211511072.00
2014/09/05	20.73	21.22	20.51	20.88	8490654	177190576.00
2014/09/09	20.86	21.08	20.46	20.49	8840853	183312528.00
2014/09/10	20.51	22.54	20.49	21.64	16923559	368316992.00
2014/09/11	21.50	21.79	21.20	21.39	10175333	218351952.00
2014/09/12	21.38	21.85	21.30	21.55	4329992	93115968.00
2014/09/15	21.55	22.15	21.36	21.77	7421851	161349424.00
2014/09/16	21.78	22.00	20.68	20.76	8336378	177288544.00
2014/09/17	20.75	21.05	20.41	20.94	6272010	130612160.00
2014/09/18	20.82	21.08	20.61	21.05	3335883	69448928.00
2014/09/19	21.19	21.55	21.01	21.42	5990719	127556416.00
2014/09/22	22.99	22.99	21.70	21.84	17381915	385425184.00
2014/09/23	21.78	22.42	21.75	21.90	7204267	158651968.00
2014/09/24	21.90	23.94	21.80	23.07	12367956	282128384.00
2014/09/25	23.39	23.98	23.12	23.30	8968749	211693440.00
2014/09/26	23.34	23.70	23.23	23.56	5536755	130043584.00
2014/09/29	23.60	24.18	23.60	23.84	5416030	129250528.00
2014/09/30	23.78	24.00	22.70	23.57	7808680	183204992.00
2014/10/08	23.67	24.46	23.66	24.25	7510327	181316576.00
2014/10/09	24.30	24.52	23.61	23.99	6160323	148014272.00
2014/10/10	23.93	24.24	23.36	24.01	8741889	207244368.00
2014/10/13	24.05	24.16	23.60	23.99	5118461	122008304.00
2014/10/14	23.95	24.40	23.79	24.31	8887118	214415248.00
2014/10/15	24.22	24.40	23.75	23.96	5122476	122830120.00
2014/10/16	23.97	24.25	23.48	23.60	6664853	159154640.00
2014/10/17	23.60	23.78	22.70	23.28	5842262	135339072.00
2014/10/20	23.45	24.26	23.28	24.25	7672015	182425760.00
2014/10/21	24.25	25.33	24.25	25.17	9749494	243989712.00
2014/10/22	25.25	25.59	25.12	25.32	7032707	178170928.00
2014/10/23	25.40	25.68	24.34	24.58	7910309	195784608.00
2014/10/24	24.58	24.99	24.57	24.68	3080794	76189536.00
2014/10/27	24.70	25.95	24.70	25.77	8155520	207724736.00
2014/10/28	25.91	25.95	25.55	25.88	5522318	142526256.00
2014/10/29	26.01	26.10	25.37	25.55	7169448	183645360.00
2014/10/30	25.56	25.74	25.18	25.44	5606374	142335728.00
2014/10/31	25.48	25.91	25.02	25.40	5090062	129713952.00
2014/11/03	25.33	25.58	25.00	25.50	5000150	126345936.00
2014/11/04	25.33	25.50	24.99	25.06	4076052	102645232.00
2014/11/05	25.06	25.06	24.40	24.65	5246885	129488832.00
2014/11/06	24.65	25.38	24.60	24.88	4638039	115822288.00
2014/11/07	25.24	25.24	24.00	24.67	5564596	136911504.00
2014/11/10	24.80	24.90	24.40	24.73	3195475	78677536.00
2014/11/11	24.70	24.80	23.02	23.48	6022996	143757296.00
2014/11/12	23.48	23.68	22.98	23.28	4775169	111594392.00
2014/11/13	23.15	23.57	22.77	23.52	5463345	126957208.00
2014/11/14	23.50	24.25	23.20	23.99	4526055	107851136.00
2014/11/17	24.44	24.44	23.82	24.07	2808286	67641968.00
2014/11/18	23.96	24.25	23.68	24.07	2388726	57273824.00
2014/11/19	24.88	25.39	23.87	24.08	10679322	262054096.00
2014/11/20	23.98	24.44	23.30	24.05	2789517	66960848.00
2014/11/21	24.12	24.12	23.77	23.88	2865665	68483632.00
2014/11/24	23.90	24.15	23.69	23.70	5403274	128942120.00
2014/11/25	23.80	23.92	23.30	23.57	5026222	117994608.00
2014/11/26	23.80	25.32	23.57	25.10	12300471	302647296.00
2014/11/27	25.00	25.34	24.86	24.99	5415614	135894848.00
2014/11/28	25.00	25.19	24.30	24.94	6963452	172207984.00
2014/12/01	24.91	24.95	24.30	24.54	6575566	161431296.00
2014/12/02	24.50	24.81	24.20	24.54	6059631	148451392.00
2014/12/03	24.48	24.93	24.00	24.58	6854787	168088480.00
2014/12/04	24.45	24.85	24.38	24.48	6207287	152071040.00
2014/12/05	24.40	24.40	23.01	23.61	8801154	208822304.00
2014/12/08	23.45	23.55	23.00	23.13	8644846	200899472.00
2014/12/09	23.18	23.48	22.54	22.66	6541175	150257040.00
2014/12/10	22.88	23.95	22.40	23.70	4861038	113603576.00
2014/12/11	23.30	23.90	23.09	23.34	3148762	73981352.00
2014/12/12	23.34	23.55	22.94	23.20	3500733	81235384.00
2014/12/15	23.10	23.52	22.71	23.38	3967389	91727040.00
2014/12/16	23.38	23.54	22.95	23.00	4444174	102566504.00
2014/12/17	23.05	23.08	21.76	22.20	7573663	168415760.00
2014/12/18	22.22	22.48	21.68	21.70	5182428	113554208.00
2014/12/19	21.70	21.70	20.50	20.92	6995764	146320176.00
2014/12/22	20.80	21.36	19.18	19.26	7858012	156604112.00
2014/12/23	19.26	19.75	19.08	19.28	3406308	65996816.00
2014/12/24	19.37	20.23	19.37	20.05	3171311	63026536.00
2014/12/25	20.11	20.36	19.65	19.94	3141936	62772796.00
2014/12/26	19.96	20.15	19.72	19.94	2842636	56511372.00
2014/12/29	20.01	20.01	17.95	18.17	17705890	324310240.00
2014/12/30	18.38	18.58	17.61	18.10	6095248	110254064.00
2014/12/31	18.20	19.33	18.00	19.31	7470497	140246192.00
2015/01/05	19.89	20.58	19.49	20.02	12904634	258051952.00
2015/01/06	20.00	20.00	19.26	19.79	5089242	99913888.00
2015/01/07	19.70	20.44	19.61	20.15	5437757	109479968.00
2015/01/08	20.12	20.12	19.78	19.99	2786664	55516168.00
2015/01/09	19.83	20.10	19.55	19.58	3231713	64141808.00
2015/01/12	19.30	19.53	18.60	19.01	4276875	81170632.00
2015/01/13	18.90	19.35	18.90	19.03	2710220	51704552.00
2015/01/14	19.03	19.50	18.80	19.08	2557212	48584492.00
2015/01/15	19.09	19.63	19.09	19.32	2792562	54143408.00
2015/01/16	19.36	20.15	18.98	19.89	6584944	128958424.00
2015/01/19	19.53	20.35	19.14	19.78	4940408	97312640.00
2015/01/20	19.62	20.29	19.62	20.19	5836271	116829968.00
2015/01/21	20.20	20.60	20.18	20.31	6774885	138219872.00
2015/01/22	20.33	20.45	20.00	20.40	5233123	105841136.00
2015/01/23	20.48	21.06	20.20	20.77	8120108	167949104.00
2015/01/26	20.97	21.10	20.67	21.10	5747178	120280616.00
2015/01/27	21.27	22.17	21.14	21.90	9192796	200623168.00
2015/01/28	21.81	21.88	21.31	21.37	4168169	89680960.00
2015/01/29	20.80	21.18	20.16	20.82	6066672	125620064.00
2015/01/30	20.60	21.00	20.24	20.36	4363837	89286336.00
2015/02/02	20.19	20.52	20.00	20.35	2451068	49764912.00
2015/02/03	20.60	20.60	20.20	20.41	2658115	54044252.00
2015/02/04	20.58	20.58	20.10	20.13	3416664	69378928.00
2015/02/05	20.19	20.41	19.90	19.90	3701793	74329160.00
2015/02/06	19.95	19.99	19.00	19.07	4399585	84928616.00
2015/02/09	19.08	19.19	18.45	18.50	4626023	86632616.00
2015/02/10	18.60	18.92	18.51	18.90	3654029	68321056.00
2015/02/11	18.91	19.29	18.90	19.24	3167237	60651352.00
2015/02/12	19.24	19.42	18.98	19.24	2993906	57492468.00
2015/02/13	19.29	19.72	19.29	19.64	3460285	67666224.00
2015/02/16	19.90	20.50	19.70	20.26	5398545	108558984.00
2015/02/17	20.39	20.53	20.07	20.33	3317742	67252048.00
2015/02/25	20.37	20.59	20.13	20.20	3414919	69510112.00
2015/02/26	20.20	20.30	19.57	20.02	5873939	116379968.00
2015/02/27	20.06	20.18	19.89	19.95	4223777	84750136.00
2015/03/02	20.04	20.66	20.04	20.62	10112679	207433520.00
2015/03/03	20.70	21.47	20.52	21.05	12161778	257297504.00
2015/03/04	21.48	21.48	20.80	21.01	6353682	133579328.00
2015/03/05	20.90	21.40	20.70	21.16	7602724	159800960.00
2015/03/06	21.20	21.37	20.65	20.73	4420059	92332896.00
2015/03/09	20.73	20.76	20.11	20.65	3749651	76584864.00
2015/03/10	20.66	20.88	20.40	20.78	5355570	110652688.00
2015/03/11	20.76	20.78	20.31	20.49	4119953	84454152.00
2015/03/12	20.48	20.87	20.35	20.79	5756304	118908616.00
2015/03/13	20.84	21.16	20.48	21.13	6844332	142622912.00
2015/03/16	21.18	21.46	20.98	21.32	12060232	255827696.00
2015/03/17	21.32	21.88	21.11	21.29	11830612	253859008.00
2015/03/18	21.40	21.59	21.21	21.50	11711004	250577600.00
2015/03/19	21.56	22.39	21.37	22.13	18105711	396557472.00
2015/03/20	22.09	22.65	21.99	22.42	15580520	348582464.00
2015/03/30	22.98	23.48	22.54	22.92	20843785	479140000.00
2015/03/31	23.18	23.25	22.35	22.85	18860601	428278304.00
2015/04/01	22.85	24.67	22.71	24.40	21046749	504856000.00
2015/04/02	24.80	25.26	24.50	24.89	17585438	436257024.00
2015/04/03	24.52	25.28	24.50	25.24	15764045	394439136.00
2015/04/07	25.89	25.90	25.30	25.56	13348535	340461440.00
2015/04/08	25.98	25.98	24.25	24.89	14731757	368431040.00
2015/04/09	24.88	24.88	23.00	23.75	12941136	307101792.00
2015/04/10	23.52	24.67	23.52	24.45	10620824	257026848.00
2015/04/13	24.30	26.90	24.30	26.90	19537813	515488800.00
2015/04/14	27.88	29.40	27.41	28.65	27431635	775142208.00
2015/04/15	28.83	29.98	27.98	28.70	18673387	542649600.00
2015/04/16	28.10	29.53	27.75	29.28	17786233	514175584.00
2015/04/17	29.43	29.70	28.59	28.66	12765544	370489024.00
2015/04/20	28.25	28.25	26.91	27.12	16674818	458904384.00
2015/04/21	27.13	27.82	27.13	27.77	8963859	246842112.00
2015/04/22	27.98	28.73	27.60	28.18	9880400	278911936.00
2015/04/23	28.29	31.00	28.22	31.00	17702744	537014336.00
2015/04/24	31.66	32.34	30.99	31.47	19665415	621313472.00
2015/04/27	31.46	32.59	30.37	31.77	18778636	592163840.00
2015/04/28	31.04	31.77	30.00	30.05	13777353	422985536.00
2015/04/29	30.22	31.30	30.05	30.78	8070418	248057456.00
2015/04/30	30.76	31.88	30.10	30.89	6888128	215470944.00
2015/05/05	31.74	31.74	31.74	31.74	0	0.00
数据来源:通达信
