600255 鑫科材料 日线 前复权
      日期	    开盘	    最高	    最低	    收盘	    成交量	    成交额
2011/10/10	3.74	3.78	3.69	3.72	3286594	30676086.00
2011/10/11	3.85	3.89	3.70	3.76	4995249	47484088.00
2011/10/12	3.73	3.90	3.67	3.89	7549876	72675936.00
2011/10/13	3.89	3.98	3.85	3.93	7211033	71036560.00
2011/10/14	3.91	3.94	3.84	3.89	4901668	47666752.00
2011/10/17	3.91	3.98	3.88	3.97	7029842	69406872.00
2011/10/18	3.94	3.94	3.78	3.80	6600080	63838488.00
2011/10/19	3.83	3.88	3.71	3.88	7453344	71311184.00
2011/10/20	3.84	3.87	3.68	3.72	6660613	62910008.00
2011/10/21	3.72	3.74	3.51	3.51	6682495	60523032.00
2011/10/24	3.55	3.64	3.49	3.63	4476984	40140744.00
2011/10/25	3.65	3.77	3.60	3.74	6122975	56822688.00
2011/10/26	3.64	3.76	3.62	3.68	8325342	77164168.00
2011/10/27	3.69	3.75	3.66	3.68	5508906	51154896.00
2011/10/28	3.73	3.76	3.68	3.74	7756136	72396272.00
2011/10/31	3.74	3.77	3.71	3.74	6342610	59436904.00
2011/11/01	3.71	3.73	3.64	3.66	7834411	72329704.00
2011/11/02	3.59	3.67	3.51	3.66	9614010	86241280.00
2011/11/03	3.66	3.79	3.66	3.73	13058876	122480704.00
2011/11/04	3.75	3.82	3.74	3.77	10196698	96491088.00
2011/11/07	3.77	3.79	3.71	3.74	6725248	63080456.00
2011/11/08	3.74	3.79	3.72	3.74	8814011	83020888.00
2011/11/09	3.75	3.80	3.70	3.78	8277390	78089520.00
2011/11/10	3.74	3.74	3.61	3.62	9634010	88492264.00
2011/11/11	3.63	3.66	3.59	3.64	4691356	42641544.00
2011/11/14	3.67	3.70	3.66	3.69	5690155	52590152.00
2011/11/15	3.70	3.78	3.68	3.75	9694670	90916272.00
2011/11/16	3.74	3.77	3.65	3.66	8317070	77441520.00
2011/11/17	3.66	3.76	3.65	3.69	7846899	73224264.00
2011/11/18	3.66	3.66	3.54	3.55	7661280	68810240.00
2011/11/21	3.58	3.58	3.52	3.57	2580328	22960900.00
2011/11/22	3.54	3.63	3.51	3.60	4343432	39057200.00
2011/11/23	3.60	3.62	3.52	3.53	3143813	28012824.00
2011/11/24	3.51	3.52	3.37	3.42	6623071	56909352.00
2011/11/25	3.41	3.45	3.34	3.35	3906942	33267580.00
2011/11/28	3.36	3.39	3.26	3.27	4181223	34696384.00
2011/11/29	3.31	3.38	3.29	3.38	5353568	45016700.00
2011/11/30	3.38	3.42	3.18	3.32	7728363	64626028.00
2011/12/01	3.41	3.46	3.35	3.36	6106192	52285384.00
2011/12/02	3.35	3.54	3.27	3.46	9643164	82627936.00
2011/12/05	3.46	3.50	3.40	3.42	6177985	53467840.00
2011/12/06	3.42	3.63	3.32	3.51	12941098	112933016.00
2011/12/07	3.51	3.67	3.46	3.61	14362914	128539600.00
2011/12/08	3.59	3.71	3.49	3.62	11543138	103763664.00
2011/12/09	3.56	3.60	3.52	3.58	9140360	81991752.00
2011/12/12	3.59	3.74	3.42	3.47	14670660	130975360.00
2011/12/13	3.42	3.57	3.33	3.49	14840799	128359192.00
2011/12/14	3.45	3.56	3.34	3.42	16712773	144084080.00
2011/12/15	3.41	3.47	3.28	3.40	14082538	119370304.00
2011/12/16	3.37	3.54	3.29	3.36	13667703	114918304.00
2011/12/19	3.32	3.32	3.02	3.02	14287231	110659208.00
2011/12/20	2.95	2.95	2.75	2.88	9435450	67798024.00
2011/12/21	2.90	2.91	2.59	2.59	8454079	58767652.00
2011/12/22	2.59	2.59	2.39	2.52	6865192	42647844.00
2011/12/23	2.51	2.57	2.47	2.51	5050472	32123360.00
2011/12/26	2.52	2.58	2.50	2.53	3094937	19782192.00
2011/12/27	2.54	2.54	2.43	2.44	3172131	19787368.00
2011/12/28	2.42	2.42	2.30	2.38	4855651	28670420.00
2011/12/29	2.36	2.42	2.34	2.39	3055971	18312004.00
2011/12/30	2.40	2.45	2.40	2.44	3360738	20546316.00
2012/01/04	2.47	2.49	2.33	2.34	3055612	18651704.00
2012/01/05	2.33	2.34	2.16	2.16	3764097	21236874.00
2012/01/06	2.15	2.19	2.08	2.19	3670651	19718588.00
2012/01/09	2.17	2.32	2.15	2.32	4806096	27341772.00
2012/01/10	2.34	2.48	2.31	2.47	7373593	44770880.00
2012/01/11	2.47	2.57	2.47	2.49	8829099	55658688.00
2012/01/12	2.48	2.58	2.46	2.53	7975765	50558700.00
2012/01/13	2.53	2.54	2.39	2.45	6506962	40279684.00
2012/01/16	2.40	2.45	2.33	2.34	3253011	19603242.00
2012/01/17	2.33	2.57	2.31	2.57	11293227	71258176.00
2012/01/18	2.62	2.74	2.57	2.58	15330711	102011376.00
2012/01/19	2.58	2.65	2.52	2.62	6594081	43151164.00
2012/01/20	2.64	2.66	2.59	2.62	5076154	33506758.00
2012/01/30	2.63	2.69	2.59	2.59	4452183	29461492.00
2012/01/31	2.59	2.61	2.54	2.58	3200203	20632868.00
2012/02/01	2.60	2.61	2.49	2.50	3547943	22689148.00
2012/02/02	2.51	2.57	2.51	2.56	3424910	21826440.00
2012/02/03	2.55	2.62	2.54	2.61	4573044	29779140.00
2012/02/06	2.61	2.65	2.60	2.63	4606303	30378180.00
2012/02/07	2.62	2.62	2.53	2.58	4497749	28965720.00
2012/02/08	2.58	2.73	2.54	2.72	10456698	70154440.00
2012/02/09	2.71	2.77	2.67	2.71	10870665	74366528.00
2012/02/10	2.70	2.74	2.67	2.70	5220439	35468568.00
2012/02/13	2.68	2.76	2.64	2.74	7270956	49601180.00
2012/02/14	2.72	2.75	2.70	2.73	4388792	30004064.00
2012/02/15	2.71	2.85	2.70	2.81	9565441	67130256.00
2012/02/16	2.79	2.88	2.79	2.86	11201765	79756288.00
2012/02/17	2.86	2.89	2.79	2.82	5140174	36427712.00
2012/02/20	2.86	2.88	2.79	2.80	6112884	43422376.00
2012/02/21	2.79	2.84	2.77	2.84	5327446	37557472.00
2012/02/22	2.82	2.95	2.82	2.93	12534081	90933112.00
2012/02/23	2.93	2.95	2.87	2.90	10247978	74954808.00
2012/02/24	2.90	2.94	2.87	2.92	7052938	51512152.00
2012/02/27	2.92	3.02	2.92	2.94	12134823	90423144.00
2012/02/28	2.92	2.94	2.86	2.88	6814269	49502400.00
2012/02/29	2.89	2.99	2.87	2.90	9368381	69252744.00
2012/03/01	2.87	2.92	2.84	2.90	4155844	30146540.00
2012/03/02	2.90	3.02	2.89	2.98	11914420	88988800.00
2012/03/05	2.98	3.04	2.96	2.99	8469736	63863104.00
2012/03/06	2.98	2.98	2.90	2.92	5817807	42789376.00
2012/03/07	2.87	2.92	2.86	2.88	4937580	35798984.00
2012/03/08	2.88	2.96	2.88	2.94	4865139	35775136.00
2012/03/09	2.95	2.99	2.92	2.98	9135795	67824656.00
2012/03/12	2.98	3.09	2.98	3.04	11349443	86575568.00
2012/03/13	3.04	3.14	3.02	3.09	14553087	112726488.00
2012/03/14	3.09	3.14	2.79	2.87	15031886	114112792.00
2012/03/15	2.87	2.92	2.73	2.82	8280220	58920480.00
2012/03/19	2.91	2.99	2.87	2.99	9711743	71407248.00
2012/03/20	2.96	2.96	2.88	2.88	6634559	48509784.00
2012/03/21	2.89	3.01	2.88	2.94	7218914	53435920.00
2012/03/22	2.94	2.94	2.88	2.91	3695043	26972092.00
2012/03/23	2.90	2.90	2.78	2.81	5062979	35951340.00
2012/03/26	2.82	2.85	2.77	2.80	2595125	18280846.00
2012/03/27	2.83	2.85	2.79	2.80	2491664	17640838.00
2012/03/28	2.80	2.80	2.62	2.63	4446045	29927316.00
2012/03/29	2.62	2.62	2.47	2.50	4329655	27562888.00
2012/03/30	2.48	2.55	2.47	2.49	2436867	15305054.00
2012/04/05	2.50	2.57	2.48	2.56	2746371	17538584.00
2012/04/06	2.57	2.61	2.56	2.59	2634690	17095944.00
2012/04/09	2.59	2.62	2.55	2.56	2210859	14361070.00
2012/04/10	2.55	2.58	2.48	2.58	2712555	17246804.00
2012/04/11	2.54	2.60	2.53	2.58	2203654	14237730.00
2012/04/12	2.59	2.66	2.58	2.66	4149450	27413756.00
2012/04/13	2.66	2.72	2.64	2.70	5285705	35717508.00
2012/04/16	2.67	2.71	2.64	2.69	4082584	27384630.00
2012/04/17	2.68	2.72	2.64	2.66	3913124	26273356.00
2012/04/18	2.67	2.75	2.65	2.73	5951822	40616296.00
2012/04/19	2.73	2.77	2.71	2.77	6424660	44177788.00
2012/04/20	2.77	2.88	2.75	2.86	12168548	86637968.00
2012/04/23	2.84	2.85	2.77	2.81	8877699	62611060.00
2012/04/24	2.77	2.82	2.64	2.74	5412628	36977040.00
2012/04/25	2.73	2.82	2.69	2.80	5375568	37332144.00
2012/04/26	2.80	2.91	2.80	2.84	8579200	61581040.00
2012/04/27	2.84	2.86	2.75	2.76	4976823	34836456.00
2012/05/02	2.82	2.90	2.80	2.86	7981154	57265648.00
2012/05/03	2.86	2.89	2.84	2.88	6139247	44254112.00
2012/05/07	2.88	2.88	2.80	2.86	5485475	39037400.00
2012/05/08	2.85	2.93	2.81	2.91	9530037	69046232.00
2012/05/09	2.89	2.98	2.86	2.89	14736977	107984304.00
2012/05/10	2.86	2.95	2.82	2.94	10721684	77631472.00
2012/05/11	2.94	3.03	2.91	2.95	19106553	142695232.00
2012/05/14	2.98	3.23	2.88	3.09	25899420	199871168.00
2012/05/15	3.06	3.36	3.03	3.33	38356533	313196192.00
2012/05/16	3.26	3.30	3.16	3.24	22676839	183813808.00
2012/05/17	3.21	3.23	3.11	3.20	18382707	146406528.00
2012/05/18	3.10	3.13	2.90	2.95	25508183	191687024.00
2012/05/21	2.88	3.03	2.86	2.98	13373311	98952960.00
2012/05/22	2.99	3.01	2.90	2.95	11133460	82438480.00
2012/05/23	2.94	2.94	2.86	2.92	8669694	63001372.00
2012/05/24	2.88	2.93	2.88	2.90	5983111	43582392.00
2012/05/25	2.89	2.98	2.88	2.95	10803519	80034384.00
2012/05/28	2.91	2.95	2.74	2.91	10225925	72945888.00
2012/05/29	2.89	3.02	2.87	3.01	12300803	91355680.00
2012/05/30	2.99	3.02	2.95	2.96	7749786	57888336.00
2012/05/31	2.93	2.97	2.91	2.94	5155301	38037928.00
2012/06/01	2.94	3.01	2.93	2.99	7465894	55895376.00
2012/06/04	2.88	2.94	2.80	2.80	6408589	46099476.00
2012/06/05	2.80	2.84	2.75	2.76	4773055	33295126.00
2012/06/06	2.73	2.81	2.73	2.76	3224777	22368832.00
2012/06/07	2.82	2.84	2.71	2.72	3235531	22384552.00
2012/06/08	2.76	2.77	2.69	2.69	3589900	24442968.00
2012/06/11	2.68	2.76	2.67	2.74	2654586	18018280.00
2012/06/12	2.73	2.74	2.68	2.68	2956936	19942110.00
2012/06/13	2.71	2.75	2.69	2.75	2877633	19624284.00
2012/06/14	2.73	2.77	2.71	2.72	2852781	19578970.00
2012/06/15	2.72	2.77	2.72	2.76	2906037	19939752.00
2012/06/18	2.77	2.78	2.74	2.78	3022647	20947464.00
2012/06/21	3.06	3.06	2.85	2.87	15030374	109841072.00
2012/06/25	2.78	2.83	2.64	2.64	8515984	57849576.00
2012/06/26	2.59	2.66	2.56	2.63	3656368	23783272.00
2012/06/27	2.64	2.66	2.57	2.58	2890314	18914202.00
2012/06/28	2.57	2.61	2.45	2.46	3545933	22444616.00
2012/06/29	2.40	2.50	2.40	2.49	2707036	16702587.00
2012/07/02	2.53	2.56	2.50	2.54	2456427	15576503.00
2012/07/03	2.52	2.56	2.49	2.52	2489601	15724685.00
2012/07/04	2.54	2.55	2.48	2.49	2784614	17430566.00
2012/07/05	2.48	2.48	2.41	2.41	2710472	16480987.00
2012/07/06	2.40	2.50	2.40	2.49	3041178	18619852.00
2012/07/09	2.46	2.51	2.40	2.41	2485168	15249095.00
2012/07/10	2.40	2.44	2.37	2.40	2129259	12798536.00
2012/07/11	2.40	2.43	2.38	2.43	1653049	9969975.00
2012/07/12	2.43	2.51	2.39	2.50	4012270	24714944.00
2012/07/13	2.48	2.51	2.45	2.47	2086833	12923901.00
2012/07/16	2.47	2.49	2.39	2.39	2706724	16359271.00
2012/07/17	2.38	2.43	2.37	2.42	1438231	8680575.00
2012/07/18	2.43	2.46	2.40	2.46	2322984	14142829.00
2012/07/19	2.46	2.51	2.45	2.49	3738128	23299296.00
2012/07/20	2.50	2.52	2.46	2.51	2345303	14593444.00
2012/07/23	2.52	2.52	2.44	2.47	2028948	12548708.00
2012/07/24	2.44	2.50	2.42	2.47	1533004	9454390.00
2012/07/25	2.46	2.47	2.43	2.44	1512784	9265783.00
2012/07/26	2.45	2.46	2.40	2.41	1998192	12106840.00
2012/07/27	2.41	2.44	2.40	2.41	1692049	10209306.00
2012/07/30	2.41	2.44	2.25	2.26	3279347	19036616.00
2012/07/31	2.25	2.28	2.13	2.19	2811478	15396799.00
2012/08/01	2.21	2.28	2.21	2.25	1745209	9810140.00
2012/08/02	2.22	2.26	2.18	2.20	1613015	8930493.00
2012/08/03	2.20	2.25	2.20	2.24	1399654	7823950.00
2012/08/06	2.23	2.33	2.22	2.32	3030138	17380140.00
2012/08/07	2.32	2.37	2.32	2.36	2194913	12904525.00
2012/08/08	2.36	2.43	2.35	2.37	3136765	18705984.00
2012/08/09	2.34	2.42	2.34	2.40	2542655	15130689.00
2012/08/10	2.40	2.44	2.37	2.40	2257744	13543446.00
2012/08/13	2.41	2.45	2.37	2.38	4319714	26122548.00
2012/08/14	2.38	2.39	2.28	2.38	3385120	19818232.00
2012/08/15	2.36	2.38	2.31	2.32	1957700	11439233.00
2012/08/16	2.30	2.34	2.28	2.29	1196404	6886856.00
2012/08/17	2.31	2.34	2.28	2.32	1500798	8674573.00
2012/08/20	2.32	2.37	2.30	2.36	1802669	10508823.00
2012/08/21	2.35	2.42	2.35	2.42	3710648	22303248.00
2012/08/22	2.42	2.46	2.37	2.39	2664025	16063365.00
2012/08/23	2.38	2.44	2.38	2.42	2199794	13270812.00
2012/08/24	2.41	2.43	2.37	2.39	3932994	23424216.00
2012/08/27	2.38	2.38	2.31	2.32	2099439	12260722.00
2012/08/28	2.28	2.37	2.28	2.34	2290238	13418996.00
2012/08/29	2.34	2.38	2.34	2.35	1452217	8538192.00
2012/08/30	2.35	2.37	2.30	2.32	1480544	8652889.00
2012/08/31	2.33	2.35	2.26	2.32	2004424	11574513.00
2012/09/03	2.33	2.40	2.32	2.38	2854875	16939436.00
2012/09/04	2.40	2.40	2.34	2.37	1849644	10929169.00
2012/09/05	2.37	2.38	2.34	2.37	1151259	6792011.00
2012/09/06	2.36	2.39	2.35	2.38	2495577	14825642.00
2012/09/07	2.41	2.54	2.39	2.50	12226573	75921776.00
2012/09/10	2.54	2.75	2.51	2.72	18650495	122656184.00
2012/09/11	2.67	2.72	2.62	2.65	24457095	163236304.00
2012/09/12	2.62	2.90	2.60	2.83	25526609	174087648.00
2012/09/13	2.76	2.78	2.67	2.68	17062442	116809744.00
2012/09/14	2.72	2.78	2.64	2.67	13274059	90178616.00
2012/09/17	2.69	2.69	2.52	2.52	7333318	47364280.00
2012/09/18	2.51	2.56	2.48	2.53	3481617	22026038.00
2012/09/19	2.55	2.60	2.51	2.58	3211639	20452316.00
2012/09/20	2.56	2.56	2.44	2.44	4126757	25711332.00
2012/09/21	2.44	2.53	2.43	2.45	3268717	20226078.00
2012/09/24	2.45	2.51	2.35	2.49	3535252	21488856.00
2012/09/25	2.48	2.51	2.44	2.47	2367799	14613310.00
2012/09/26	2.47	2.47	2.35	2.36	2643250	15823000.00
2012/09/27	2.36	2.46	2.36	2.43	2798460	16902504.00
2012/09/28	2.41	2.49	2.41	2.48	2905844	17923728.00
2012/10/08	2.50	2.51	2.45	2.47	1916759	11824746.00
2012/10/09	2.48	2.54	2.47	2.54	3913793	24602982.00
2012/10/10	2.52	2.56	2.52	2.56	3646221	23204800.00
2012/10/11	2.55	2.58	2.50	2.51	3024543	19144316.00
2012/10/12	2.52	2.55	2.46	2.48	2779292	17316152.00
2012/10/15	2.46	2.47	2.39	2.44	2107924	12772688.00
2012/10/16	2.42	2.47	2.42	2.44	1377147	8423447.00
2012/10/17	2.44	2.46	2.42	2.43	1870056	11397170.00
2012/10/18	2.46	2.48	2.43	2.48	3024470	18637016.00
2012/10/19	2.48	2.50	2.46	2.48	2521977	15636513.00
2012/10/22	2.45	2.48	2.44	2.47	2391425	14712372.00
2012/10/23	2.48	2.51	2.46	2.46	2914164	18060506.00
2012/10/24	2.44	2.47	2.43	2.44	1842729	11255018.00
2012/10/25	2.44	2.46	2.42	2.42	2108567	12875730.00
2012/10/26	2.42	2.43	2.34	2.34	2931650	17338614.00
2012/10/29	2.32	2.37	2.32	2.33	1175914	6884487.00
2012/10/30	2.33	2.36	2.33	2.34	1069982	6265511.00
2012/10/31	2.34	2.36	2.32	2.36	987398	5784541.00
2012/11/01	2.34	2.41	2.34	2.40	2428482	14561672.00
2012/11/02	2.40	2.41	2.37	2.40	1423606	8514396.00
2012/11/05	2.39	2.41	2.37	2.38	1292436	7723096.00
2012/11/06	2.39	2.39	2.33	2.37	1556470	9140251.00
2012/11/07	2.39	2.42	2.36	2.38	1770989	10588823.00
2012/11/08	2.36	2.36	2.29	2.29	2754859	15916507.00
2012/11/09	2.30	2.31	2.25	2.27	1409844	8025053.00
2012/11/12	2.26	2.30	2.26	2.29	1082999	6174401.00
2012/11/13	2.30	2.30	2.24	2.24	1322296	7466076.00
2012/11/14	2.24	2.28	2.24	2.26	920410	5191664.00
2012/11/15	2.25	2.25	2.20	2.20	1392909	7700698.00
2012/11/16	2.20	2.20	2.16	2.17	1222586	6624063.00
2012/11/19	2.17	2.20	2.16	2.20	976596	5317410.00
2012/11/20	2.21	2.24	2.18	2.18	1111142	6143196.00
2012/11/21	2.17	2.22	2.15	2.22	1293759	7081076.00
2012/11/22	2.22	2.22	2.18	2.19	776801	4270463.00
2012/11/23	2.19	2.22	2.18	2.20	1081600	5957238.00
2012/11/26	2.21	2.22	2.17	2.18	1010001	5535145.00
2012/11/29	2.08	2.08	1.96	1.96	3624732	18187870.00
2012/11/30	1.91	1.97	1.88	1.96	1987059	9596905.00
2012/12/03	1.91	1.96	1.88	1.89	1585570	7614838.00
2012/12/04	1.88	1.91	1.84	1.90	1566576	7324499.00
2012/12/05	1.88	2.01	1.88	1.98	2767637	13636646.00
2012/12/06	1.98	2.01	1.96	1.97	1508958	7446576.00
2012/12/07	1.97	2.02	1.97	2.02	2498782	12517042.00
2012/12/10	2.02	2.08	2.02	2.07	2398339	12333660.00
2012/12/11	2.07	2.13	2.04	2.09	3277845	17117584.00
2012/12/12	2.09	2.10	2.02	2.06	2082056	10692454.00
2012/12/13	2.04	2.06	2.00	2.00	1275090	6473421.00
2012/12/14	2.00	2.10	2.00	2.09	3029452	15675894.00
2012/12/17	2.09	2.16	2.09	2.12	4138075	22048402.00
2012/12/18	2.11	2.16	2.10	2.13	3771255	20098384.00
2012/12/19	2.11	2.14	2.11	2.11	2155309	11423552.00
2012/12/20	2.12	2.16	2.10	2.16	4441320	23760556.00
2012/12/21	2.20	2.20	2.12	2.12	3524393	18939238.00
2012/12/24	2.11	2.14	2.10	2.12	1590340	8428619.00
2012/12/25	2.11	2.19	2.10	2.16	4546259	24453204.00
2012/12/26	2.14	2.29	2.14	2.28	8370756	46407200.00
2012/12/27	2.27	2.28	2.22	2.23	5844023	32751884.00
2012/12/28	2.23	2.26	2.22	2.25	3585948	20092630.00
2012/12/31	2.26	2.29	2.25	2.26	3253838	18425570.00
2013/01/04	2.28	2.32	2.26	2.29	4905354	28066974.00
2013/01/07	2.29	2.32	2.26	2.29	3736556	21461072.00
2013/01/08	2.30	2.38	2.30	2.36	6241394	36642696.00
2013/01/09	2.35	2.36	2.31	2.34	4905873	28711690.00
2013/01/10	2.36	2.41	2.34	2.39	6134038	36498016.00
2013/01/11	2.40	2.52	2.36	2.46	13492439	82738768.00
2013/01/14	2.46	2.67	2.43	2.61	25210376	161633808.00
2013/01/15	2.60	2.65	2.56	2.60	17064003	110674584.00
2013/01/16	2.60	2.69	2.58	2.64	21497207	141959920.00
2013/01/17	2.66	2.72	2.63	2.66	16677466	111243368.00
2013/01/18	2.63	2.86	2.62	2.66	18741371	126658976.00
2013/01/21	2.69	2.69	2.55	2.62	11984194	77819680.00
2013/01/22	2.63	2.63	2.56	2.61	8160452	52745348.00
2013/01/23	2.59	2.67	2.57	2.66	15017968	99065016.00
2013/01/24	2.65	2.69	2.62	2.64	15080337	99743448.00
2013/01/25	2.65	2.75	2.60	2.73	26424181	177025792.00
2013/01/28	2.73	2.78	2.70	2.76	26312808	180962608.00
2013/01/29	2.77	2.79	2.67	2.68	17221758	116512896.00
2013/01/30	2.69	2.69	2.57	2.60	13790836	89697648.00
2013/01/31	2.60	2.64	2.58	2.60	7024065	45857888.00
2013/02/01	2.61	2.61	2.50	2.52	11430225	72447520.00
2013/02/04	2.52	2.54	2.43	2.49	8925147	55228032.00
2013/02/05	2.47	2.53	2.44	2.53	5711345	35498384.00
2013/02/06	2.50	2.56	2.50	2.54	4489129	28465304.00
2013/02/07	2.55	2.55	2.49	2.51	3833721	24107174.00
2013/02/08	2.52	2.53	2.50	2.52	3393783	21341562.00
2013/02/18	2.53	2.54	2.52	2.54	4515998	28597232.00
2013/02/19	2.51	2.54	2.45	2.46	4498475	27922482.00
2013/02/20	2.46	2.49	2.43	2.49	3974421	24411238.00
2013/02/21	2.48	2.48	2.39	2.41	5121395	31072884.00
2013/02/22	2.40	2.46	2.40	2.43	2896753	17647496.00
2013/02/25	2.42	2.47	2.42	2.44	2127383	12962642.00
2013/02/26	2.44	2.51	2.42	2.46	6613988	40966388.00
2013/02/27	2.48	2.51	2.44	2.47	3659658	22616998.00
2013/02/28	2.48	2.59	2.46	2.57	10664596	67459512.00
2013/03/01	2.57	2.61	2.55	2.60	9524276	61654656.00
2013/03/04	2.59	2.62	2.52	2.59	13767004	88174280.00
2013/03/05	2.58	2.64	2.51	2.56	19097437	121724888.00
2013/03/06	2.53	2.57	2.51	2.56	10312313	65486832.00
2013/03/07	2.54	2.58	2.53	2.55	11986128	76606336.00
2013/03/08	2.52	2.58	2.44	2.45	8809331	54573084.00
2013/03/11	2.44	2.46	2.42	2.43	2946538	17916412.00
2013/03/12	2.45	2.47	2.33	2.36	5101116	30532784.00
2013/03/13	2.36	2.37	2.32	2.34	2483474	14548936.00
2013/03/14	2.34	2.36	2.31	2.32	3109821	18139740.00
2013/03/15	2.34	2.39	2.30	2.32	3678102	21604074.00
2013/03/18	2.32	2.35	2.23	2.23	2870822	16409664.00
2013/03/19	2.23	2.28	2.20	2.28	2407134	13518891.00
2013/03/20	2.25	2.34	2.25	2.33	3181508	18356316.00
2013/03/21	2.34	2.34	2.29	2.33	3037733	17649108.00
2013/03/22	2.27	2.50	2.27	2.48	10429968	62692336.00
2013/03/25	2.44	2.50	2.43	2.46	6405076	39409336.00
2013/03/26	2.44	2.46	2.37	2.44	4028059	24375502.00
2013/03/27	2.46	2.51	2.43	2.45	9027714	55761308.00
2013/03/28	2.42	2.42	2.28	2.32	4648697	27257860.00
2013/03/29	2.32	2.35	2.28	2.30	2620777	15092523.00
2013/04/01	2.29	2.34	2.27	2.31	2291445	13182094.00
2013/04/02	2.33	2.38	2.28	2.33	6571277	38344692.00
2013/04/03	2.33	2.34	2.28	2.32	2907540	16796938.00
2013/04/08	2.29	2.29	2.23	2.26	2341851	13207154.00
2013/04/09	2.26	2.32	2.24	2.30	2681445	15350807.00
2013/04/10	2.24	2.33	2.24	2.31	2069418	11882658.00
2013/04/11	2.31	2.33	2.29	2.32	2984708	17231788.00
2013/04/12	2.32	2.36	2.28	2.30	4856224	28249494.00
2013/04/15	2.31	2.31	2.22	2.22	2256586	12600401.00
2013/04/16	2.20	2.23	2.16	2.23	2013050	10981009.00
2013/04/17	2.24	2.24	2.20	2.22	1231216	6819577.00
2013/04/18	2.20	2.32	2.16	2.29	4906513	27695040.00
2013/04/19	2.28	2.33	2.27	2.29	8243927	47387528.00
2013/04/22	2.26	2.27	2.24	2.25	2607715	14687321.00
2013/04/23	2.26	2.26	2.18	2.18	2906156	16046453.00
2013/04/24	2.18	2.23	2.18	2.20	1693374	9337623.00
2013/04/25	2.21	2.24	2.17	2.23	3761684	20770818.00
2013/04/26	2.23	2.24	2.15	2.20	2663567	14592154.00
2013/05/02	2.16	2.20	2.11	2.19	4788638	25574736.00
2013/05/03	2.18	2.39	2.16	2.32	7044170	39975644.00
2013/05/06	2.28	2.35	2.27	2.29	11106360	63501588.00
2013/05/07	2.28	2.29	2.24	2.26	4592216	25928346.00
2013/05/08	2.25	2.27	2.24	2.24	3096198	17402492.00
2013/05/09	2.22	2.26	2.19	2.23	3324666	18403564.00
2013/05/10	2.21	2.24	2.20	2.24	2489059	13860580.00
2013/05/13	2.24	2.25	2.20	2.22	2053024	11385813.00
2013/05/14	2.22	2.22	2.17	2.18	2198725	12027317.00
2013/05/15	2.18	2.21	2.18	2.19	1708533	9355725.00
2013/05/16	2.20	2.22	2.16	2.21	3019081	16532872.00
2013/05/17	2.21	2.23	2.19	2.23	3493146	19328028.00
2013/05/20	2.22	2.27	2.22	2.26	4524865	25507616.00
2013/05/21	2.26	2.28	2.24	2.28	4991210	28286640.00
2013/05/22	2.28	2.30	2.26	2.27	5856428	33379496.00
2013/05/23	2.26	2.26	2.22	2.24	4727455	26513864.00
2013/05/24	2.28	2.30	2.26	2.29	5555649	31700128.00
2013/05/27	2.28	2.29	2.26	2.28	3041354	17250482.00
2013/05/28	2.27	2.31	2.25	2.30	5211417	29793394.00
2013/05/29	2.30	2.31	2.28	2.29	4448019	25485562.00
2013/05/30	2.29	2.31	2.28	2.30	4020576	23078584.00
2013/05/31	2.31	2.38	2.29	2.34	11806187	69060920.00
2013/06/03	2.34	2.40	2.33	2.36	12017733	70931456.00
2013/06/04	2.36	2.36	2.26	2.28	6664257	38349424.00
2013/06/05	2.27	2.29	2.24	2.27	3068220	17400184.00
2013/06/06	2.25	2.28	2.20	2.21	3224107	18102020.00
2013/06/07	2.21	2.24	2.16	2.17	2675627	14651817.00
2013/06/13	2.17	2.17	2.06	2.06	3108457	16242097.00
2013/06/14	2.08	2.10	2.06	2.10	2356407	12268907.00
2013/06/17	2.10	2.12	2.07	2.09	1770049	9281539.00
2013/06/18	2.09	2.12	2.07	2.08	1474111	7705477.00
2013/06/19	2.08	2.09	2.02	2.06	1926024	9855767.00
2013/06/20	2.04	2.04	1.98	1.99	2539665	12741338.00
2013/06/21	1.96	1.98	1.92	1.95	1901795	9241012.00
2013/06/24	1.95	1.96	1.78	1.80	2833440	13285447.00
2013/06/25	1.77	1.84	1.62	1.82	3817461	16833376.00
2013/06/26	1.82	1.85	1.76	1.83	2571152	11706723.00
2013/06/27	1.84	1.88	1.79	1.80	2048173	9417114.00
2013/06/28	1.79	1.84	1.77	1.79	1047205	4705460.00
2013/07/01	1.79	1.84	1.77	1.83	2075889	9450569.00
2013/07/02	1.84	1.86	1.82	1.85	1442730	6648862.00
2013/07/03	1.84	1.85	1.78	1.80	1766992	7996434.00
2013/07/04	1.80	1.86	1.78	1.84	2730059	12449705.00
2013/07/05	1.84	1.88	1.81	1.84	2505877	11578438.00
2013/07/08	1.82	1.82	1.75	1.77	2598440	11644940.00
2013/07/09	1.76	1.80	1.76	1.78	1039560	4645240.00
2013/07/10	1.79	1.85	1.78	1.84	2135169	9716376.00
2013/07/11	1.84	1.92	1.84	1.89	4221765	19899090.00
2013/07/12	1.89	1.90	1.84	1.85	2363640	11060943.00
2013/07/15	1.86	1.90	1.86	1.88	1968477	9243269.00
2013/07/16	1.88	1.91	1.86	1.91	2299286	10882353.00
2013/07/17	1.89	1.91	1.87	1.88	2069511	9778826.00
2013/07/18	1.88	1.88	1.81	1.82	2675491	12303309.00
2013/07/19	1.82	1.84	1.79	1.80	2151137	9788525.00
2013/07/22	1.78	1.85	1.78	1.85	1861262	8463580.00
2013/07/23	1.85	1.89	1.84	1.88	3383500	15843909.00
2013/07/24	1.88	1.88	1.82	1.84	2874777	13235863.00
2013/07/25	1.85	1.85	1.81	1.82	2369221	10802952.00
2013/07/26	1.81	1.84	1.80	1.83	1925561	8754342.00
2013/07/29	1.82	1.92	1.80	1.90	7012987	33021748.00
2013/07/30	1.90	2.04	1.88	2.00	12343640	60565956.00
2013/07/31	2.00	2.02	1.96	1.99	6599703	32753170.00
2013/08/01	1.97	2.02	1.96	1.98	4728864	23482868.00
2013/08/02	2.00	2.13	2.00	2.04	9664482	50219744.00
2013/08/05	2.04	2.09	1.99	2.04	6795979	34437600.00
2013/08/06	2.01	2.03	1.99	2.02	5636994	28287640.00
2013/08/07	2.02	2.05	1.99	2.00	3538705	17800612.00
2013/08/08	2.00	2.03	1.99	2.01	2455338	12315197.00
2013/08/09	2.01	2.06	2.01	2.05	5542508	28229794.00
2013/08/12	2.04	2.13	2.02	2.11	7478121	39043236.00
2013/08/13	2.13	2.13	2.09	2.11	4723963	24904432.00
2013/08/14	2.10	2.12	2.07	2.08	3873724	20238356.00
2013/08/15	2.07	2.10	2.05	2.06	2534516	13145973.00
2013/08/16	2.04	2.09	2.02	2.06	3786296	19456908.00
2013/08/19	2.03	2.08	2.03	2.08	2598321	13450352.00
2013/08/20	2.08	2.08	2.06	2.06	2301251	11897204.00
2013/08/21	2.07	2.09	2.06	2.08	2506948	13027941.00
2013/08/22	2.08	2.15	2.08	2.15	6404449	34070548.00
2013/08/23	2.14	2.21	2.13	2.20	9414157	50961872.00
2013/08/26	2.19	2.22	2.18	2.19	6184888	34010924.00
2013/08/27	2.19	2.21	2.15	2.17	4064558	22042620.00
2013/08/28	2.15	2.19	2.11	2.12	4518918	24270416.00
2013/08/29	2.13	2.15	2.10	2.13	2762960	14663072.00
2013/08/30	2.14	2.14	2.10	2.12	2961446	15733417.00
2013/09/02	2.11	2.14	2.06	2.10	3722937	19412818.00
2013/09/03	2.09	2.18	2.09	2.18	4590815	24599908.00
2013/09/04	2.20	2.22	2.17	2.18	3839924	21012836.00
2013/09/05	2.18	2.21	2.16	2.21	4158057	22769666.00
2013/09/06	2.20	2.28	2.19	2.27	7568976	42576708.00
2013/09/09	2.27	2.34	2.26	2.29	6011682	34553272.00
2013/09/10	2.29	2.39	2.28	2.37	9492895	55862392.00
2013/09/11	2.36	2.42	2.33	2.34	8036346	47804808.00
2013/09/12	2.36	2.42	2.34	2.39	5558284	32954064.00
2013/09/13	2.38	2.53	2.38	2.48	10334297	64107560.00
2013/09/16	2.48	2.55	2.46	2.54	8394016	52684564.00
2013/09/17	2.52	2.57	2.49	2.50	7041003	44560472.00
2013/09/18	2.49	2.53	2.49	2.52	5913390	37175596.00
2013/09/23	2.53	2.59	2.44	2.52	9591296	60348024.00
2013/09/24	2.52	2.57	2.51	2.54	9136307	58082540.00
2013/09/25	2.59	2.59	2.44	2.46	13246604	83461968.00
2013/09/26	2.42	2.52	2.40	2.45	8352628	51065584.00
2013/09/27	2.42	2.47	2.35	2.36	6388848	38148252.00
2013/09/30	2.33	2.48	2.33	2.48	5537966	33470588.00
2013/10/08	2.47	2.55	2.44	2.50	5352574	33657700.00
2013/10/09	2.50	2.54	2.45	2.51	4075630	25431676.00
2013/10/10	2.52	2.54	2.48	2.49	3600617	22529602.00
2013/10/11	2.48	2.53	2.44	2.46	5953592	36885904.00
2013/10/14	2.46	2.53	2.40	2.52	7851119	48366056.00
2013/10/15	2.50	2.71	2.50	2.65	14113740	92558112.00
2013/10/16	2.63	2.76	2.62	2.64	9831707	65942608.00
2013/10/17	2.65	2.74	2.59	2.62	5904721	39344944.00
2013/10/18	2.60	2.68	2.60	2.64	4382137	28895612.00
2013/10/21	2.64	2.72	2.61	2.68	5632011	37622736.00
2013/10/22	2.68	2.70	2.64	2.65	4011217	26676326.00
2013/10/23	2.67	2.67	2.52	2.55	3964597	25625728.00
2013/10/24	2.54	2.57	2.50	2.51	2378433	15073709.00
2013/10/25	2.51	2.58	2.50	2.52	3584331	22780588.00
2013/10/28	2.51	2.66	2.49	2.60	3925324	25506480.00
2013/10/29	2.60	2.65	2.47	2.53	4027949	25472140.00
2013/10/30	2.53	2.58	2.50	2.55	2046030	12982653.00
2013/10/31	2.52	2.69	2.52	2.66	8897300	58903320.00
2013/11/01	2.66	2.67	2.60	2.64	2820843	18560718.00
2013/11/04	2.60	2.70	2.60	2.64	2931168	19463898.00
2013/11/05	2.63	2.66	2.58	2.65	2171776	14199076.00
2013/11/06	2.62	2.68	2.61	2.62	2513983	16653099.00
2013/11/07	2.59	2.66	2.59	2.61	2317564	15256307.00
2013/11/08	2.61	2.62	2.55	2.56	2263623	14575761.00
2013/11/11	2.56	2.58	2.52	2.56	1467193	9359183.00
2013/11/12	2.58	2.58	2.54	2.57	1243954	7975060.00
2013/11/13	2.55	2.62	2.55	2.57	1681167	10893122.00
2013/11/14	2.56	2.59	2.52	2.54	2128915	13598962.00
2013/11/15	2.53	2.59	2.52	2.56	1802814	11570699.00
2013/11/18	2.56	2.68	2.54	2.67	4684644	30691696.00
2013/11/19	2.68	2.68	2.63	2.67	4483900	29785026.00
2013/11/20	2.71	2.88	2.71	2.81	11362665	79584008.00
2013/11/21	2.76	2.80	2.72	2.79	5853549	40450084.00
2013/11/22	2.78	2.94	2.76	2.90	12080764	87200640.00
2013/11/25	2.92	2.94	2.86	2.89	5563670	40328816.00
2013/11/26	2.89	2.91	2.85	2.88	4345931	31229212.00
2013/11/27	2.87	2.90	2.80	2.83	5322489	38008592.00
2013/11/28	2.82	2.89	2.81	2.88	3464669	24842596.00
2013/11/29	2.86	2.90	2.81	2.88	4242455	30318888.00
2013/12/02	2.81	2.86	2.73	2.76	5542717	38633844.00
2013/12/03	2.73	2.89	2.72	2.88	5657484	40346448.00
2013/12/04	2.88	3.03	2.87	2.92	7203612	53382432.00
2013/12/05	2.93	2.98	2.89	2.96	3720812	27357674.00
2013/12/06	2.96	2.98	2.92	2.93	2523710	18592734.00
2013/12/09	2.95	2.99	2.90	2.91	3751383	27643516.00
2013/12/10	2.91	2.95	2.88	2.90	2193214	15945027.00
2013/12/11	2.90	2.96	2.88	2.92	3200874	23472324.00
2013/12/12	2.92	2.95	2.91	2.94	1910798	14009644.00
2013/12/13	2.96	3.00	2.91	2.95	3536243	26177572.00
2013/12/16	2.94	2.96	2.82	2.85	4657665	33471752.00
2013/12/17	2.83	2.88	2.80	2.80	2090146	14822195.00
2013/12/18	2.80	2.89	2.80	2.85	1982036	14111914.00
2013/12/19	2.87	2.88	2.80	2.84	1493995	10589895.00
2013/12/20	2.84	2.85	2.76	2.78	2369771	16592376.00
2013/12/23	2.78	2.85	2.76	2.79	2372806	16553663.00
2013/12/24	2.80	2.88	2.79	2.84	2582083	18313004.00
2013/12/25	2.84	2.87	2.83	2.86	1445545	10287119.00
2013/12/26	2.86	2.94	2.84	2.88	2912154	21071520.00
2013/12/27	2.88	2.93	2.88	2.90	2246775	16334670.00
2013/12/30	2.92	2.94	2.86	2.87	2160896	15649715.00
2013/12/31	2.85	2.91	2.80	2.84	2393243	17015604.00
2014/01/02	2.81	2.88	2.80	2.85	1291651	9194171.00
2014/01/03	2.82	2.87	2.82	2.83	1306768	9288782.00
2014/01/06	2.82	2.86	2.80	2.81	1252715	8826064.00
2014/01/07	2.82	2.82	2.74	2.74	3683833	25436812.00
2014/01/08	2.75	2.78	2.64	2.72	4621781	31288142.00
2014/01/09	2.72	2.72	2.63	2.65	3505519	23428222.00
2014/01/10	2.65	2.68	2.64	2.65	1292171	8576419.00
2014/01/13	2.64	2.71	2.64	2.67	1399260	9348872.00
2014/01/14	2.65	2.71	2.65	2.70	1209542	8114249.00
2014/01/15	2.70	2.70	2.66	2.68	1587964	10610513.00
2014/01/16	2.68	2.74	2.68	2.72	1637327	11117761.00
2014/01/17	2.70	2.75	2.70	2.72	1095250	7437902.00
2014/01/20	2.70	2.70	2.64	2.66	2400408	16000117.00
2014/01/21	2.64	2.68	2.62	2.67	1489111	9890466.00
2014/01/22	2.64	2.70	2.63	2.70	3022313	20177920.00
2014/01/23	2.70	2.72	2.66	2.68	1903701	12768554.00
2014/01/24	2.65	2.70	2.65	2.68	2750034	18435208.00
2014/01/27	2.65	2.74	2.65	2.72	2383406	16170279.00
2014/01/28	2.72	2.90	2.72	2.90	6460861	46019208.00
2014/01/29	2.90	2.99	2.88	2.94	3826821	28086548.00
2014/01/30	2.96	3.01	2.90	2.97	4321215	32048530.00
2014/02/07	2.96	3.03	2.91	3.00	2964456	22189984.00
2014/02/10	3.01	3.10	2.98	3.10	5191970	39614872.00
2014/02/11	3.09	3.13	3.04	3.07	3796929	29142096.00
2014/02/12	3.07	3.10	3.00	3.02	3530911	26977850.00
2014/02/13	3.00	3.07	2.96	3.00	3918480	29543564.00
2014/02/14	3.00	3.04	2.97	3.00	3386748	25396892.00
2014/02/17	3.01	3.05	2.96	3.02	3679061	27681380.00
2014/02/18	3.02	3.03	2.95	2.98	3634855	27088060.00
2014/02/19	2.96	2.98	2.92	2.93	4732721	34831868.00
2014/02/20	2.93	2.99	2.93	2.96	2374396	17574960.00
2014/02/21	2.96	3.05	2.94	3.04	5189999	39101040.00
2014/02/24	3.05	3.06	2.96	3.04	3592908	27069588.00
2014/02/25	3.02	3.07	2.86	2.88	6423181	47927428.00
2014/02/26	2.87	2.92	2.80	2.88	2699697	19272430.00
2014/02/27	2.87	2.90	2.83	2.84	2213518	15870549.00
2014/02/28	2.84	2.88	2.78	2.87	3350627	23749798.00
2014/03/03	2.86	2.92	2.86	2.92	1848218	13387407.00
2014/03/04	2.92	2.92	2.86	2.92	2090778	15073175.00
2014/03/05	2.92	2.92	2.88	2.92	1367232	9944105.00
2014/03/07	3.21	3.21	3.21	3.21	5613891	45079544.00
2014/03/10	3.20	3.48	3.15	3.38	31956758	266554784.00
2014/03/11	3.28	3.28	3.16	3.19	12725415	102362264.00
2014/03/12	3.13	3.14	2.97	3.06	10370843	79504808.00
2014/03/13	3.00	3.13	3.00	3.07	6062880	46697828.00
2014/03/14	3.04	3.13	2.97	3.11	5466515	41805016.00
2014/03/17	3.11	3.24	3.06	3.21	6712232	53229784.00
2014/03/18	3.20	3.22	3.15	3.16	4774996	37962516.00
2014/03/19	3.14	3.18	3.08	3.17	3942524	30769576.00
2014/03/20	3.17	3.19	3.05	3.06	3530373	27542088.00
2014/03/21	3.04	3.13	2.99	3.09	3286929	25157692.00
2014/03/24	3.09	3.13	3.04	3.12	3956109	30426212.00
2014/03/25	3.10	3.17	3.08	3.16	3469842	27182894.00
2014/03/26	3.16	3.27	3.15	3.19	4566698	36667608.00
2014/03/27	3.16	3.21	3.12	3.14	3135415	24840060.00
2014/03/28	3.18	3.18	3.04	3.08	3116727	24139418.00
2014/03/31	3.08	3.14	3.08	3.09	2027762	15781994.00
2014/04/01	3.08	3.12	3.06	3.08	1769191	13645131.00
2014/04/02	3.10	3.11	3.08	3.10	1221892	9455547.00
2014/04/03	3.09	3.11	3.07	3.09	1909984	14728986.00
2014/04/04	3.07	3.24	3.07	3.19	4435425	35247188.00
2014/04/08	3.17	3.23	3.15	3.20	2939582	23499208.00
2014/04/09	3.20	3.23	3.17	3.21	2858519	22881580.00
2014/04/10	3.21	3.25	3.20	3.22	3733554	30072778.00
2014/04/11	3.22	3.26	3.20	3.25	3945096	32017584.00
2014/04/14	3.26	3.26	3.23	3.24	2520963	20459440.00
2014/04/15	3.24	3.24	3.14	3.16	5424974	43074808.00
2014/04/16	3.15	3.19	3.15	3.17	1994068	15800150.00
2014/04/17	3.16	3.21	3.16	3.21	2196402	17535622.00
2014/04/18	3.19	3.37	3.19	3.32	8559047	70846288.00
2014/04/21	3.34	3.34	3.27	3.30	3781516	31309756.00
2014/04/22	3.30	3.43	3.29	3.43	10890425	92269056.00
2014/04/23	3.40	3.46	3.37	3.43	5393786	46079416.00
2014/04/24	3.40	3.44	3.36	3.43	5812029	49444508.00
2014/04/25	3.44	3.45	3.35	3.36	4745814	40314968.00
2014/05/28	3.69	3.69	3.40	3.50	41631962	368971904.00
2014/05/29	3.44	3.51	3.27	3.29	20723133	174917536.00
2014/05/30	3.22	3.28	3.21	3.23	9402525	76244424.00
2014/06/03	3.24	3.54	3.24	3.47	15896091	136187168.00
2014/06/04	3.44	3.46	3.30	3.36	9421632	79124400.00
2014/06/05	3.32	3.44	3.32	3.37	5387868	45558084.00
2014/06/06	3.35	3.38	3.32	3.34	4102368	34269156.00
2014/06/09	3.34	3.37	3.30	3.34	4603064	38461668.00
2014/06/10	3.36	3.37	3.26	3.35	6338759	52570544.00
2014/06/11	3.35	3.35	3.30	3.32	4842173	40130192.00
2014/06/12	3.31	3.44	3.29	3.39	7357086	62270464.00
2014/06/13	3.38	3.41	3.34	3.39	4971089	42027112.00
2014/06/16	3.36	3.38	3.31	3.33	4972400	41571812.00
2014/06/17	3.32	3.34	3.30	3.34	2542156	21159506.00
2014/06/18	3.33	3.33	3.21	3.22	6929564	56538384.00
2014/06/19	3.22	3.25	3.04	3.08	6793069	53378812.00
2014/06/20	3.08	3.20	3.08	3.18	3677873	29127028.00
2014/06/23	3.22	3.23	3.15	3.22	2772651	22177648.00
2014/06/24	3.22	3.36	3.20	3.32	7214535	59720872.00
2014/06/25	3.33	3.34	3.30	3.30	2853666	23686060.00
2014/06/26	3.31	3.40	3.30	3.34	3647954	30620356.00
2014/06/27	3.34	3.36	3.32	3.32	3881395	32309564.00
2014/06/30	3.32	3.36	3.30	3.34	3985911	33203786.00
2014/07/01	3.36	3.43	3.33	3.41	4859011	41292328.00
2014/07/02	3.43	3.43	3.36	3.39	2448284	20708914.00
2014/07/03	3.40	3.42	3.36	3.40	4097464	34710516.00
2014/07/04	3.40	3.43	3.38	3.39	2707526	23034940.00
2014/07/07	3.37	3.41	3.35	3.39	2721602	23023156.00
2014/07/08	3.38	3.51	3.38	3.48	7187335	62257360.00
2014/07/09	3.48	3.50	3.39	3.40	4190282	36057168.00
2014/07/10	3.40	3.48	3.37	3.45	3174427	27276712.00
2014/07/11	3.43	3.54	3.43	3.51	3658283	31924190.00
2014/07/14	3.51	3.63	3.51	3.61	6219931	55749376.00
2014/07/15	3.60	3.64	3.56	3.58	3455551	30920212.00
2014/07/16	3.58	3.61	3.52	3.54	3176499	28320764.00
2014/07/17	3.52	3.56	3.48	3.52	3138214	27580636.00
2014/07/18	3.52	3.59	3.48	3.55	1965651	17494192.00
2014/07/21	3.53	3.56	3.48	3.48	2080601	18198368.00
2014/07/22	3.47	3.54	3.46	3.52	2055007	18094858.00
2014/07/23	3.52	3.60	3.51	3.54	2851935	25464424.00
2014/07/24	3.52	3.55	3.48	3.51	2154437	18920560.00
2014/07/25	3.51	3.62	3.50	3.60	3595185	32190628.00
2014/07/28	3.61	3.70	3.58	3.65	5846063	53365992.00
2014/07/29	3.64	3.70	3.62	3.66	4596160	42078740.00
2014/07/30	3.65	3.70	3.62	3.67	3567966	32647768.00
2014/07/31	3.68	3.92	3.68	3.86	11854091	113061832.00
2014/08/01	3.82	3.84	3.77	3.79	6351117	60389956.00
2014/08/04	3.78	3.86	3.77	3.84	4777581	45794472.00
2014/08/05	3.84	3.86	3.74	3.78	6186716	58571680.00
2014/08/06	3.76	3.80	3.74	3.77	4225929	39796720.00
2014/08/07	3.76	3.86	3.76	3.79	4116595	39202556.00
2014/08/08	3.78	3.81	3.75	3.78	3814008	35965200.00
2014/08/11	3.78	3.82	3.76	3.80	2996079	28416920.00
2014/08/12	3.80	3.88	3.78	3.81	4865639	46597628.00
2014/08/13	3.81	3.88	3.78	3.88	5438165	52189572.00
2014/08/14	3.91	3.91	3.84	3.85	4308763	41689324.00
2014/08/15	3.86	3.98	3.86	3.96	6193365	60835728.00
2014/08/18	3.94	4.12	3.93	4.09	7361608	74883712.00
2014/08/19	4.10	4.11	4.04	4.09	5070482	51581008.00
2014/08/20	4.09	4.12	4.05	4.07	3924898	40021040.00
2014/08/21	4.08	4.16	4.08	4.16	4633796	47763684.00
2014/08/22	4.16	4.26	4.13	4.22	6099778	64213956.00
2014/08/25	4.64	4.64	4.64	4.64	10919587	126558016.00
2014/08/26	4.80	5.10	4.66	5.10	111755425	1360589056.00
2014/08/27	4.96	5.00	4.74	4.76	56584126	690804288.00
2014/08/28	4.72	4.87	4.64	4.70	38065866	452473824.00
2014/08/29	4.67	4.67	4.53	4.62	24745379	284274880.00
2014/09/01	4.60	4.75	4.58	4.72	20044281	234070224.00
2014/09/02	4.74	4.99	4.69	4.86	33618512	406688288.00
2014/09/03	4.88	4.98	4.83	4.92	28753100	352772256.00
2014/09/04	4.89	4.96	4.85	4.94	22251912	273215008.00
2014/09/05	4.93	5.43	4.92	5.43	62260133	830127040.00
2014/09/09	5.55	5.94	5.48	5.79	75138708	1077547392.00
2014/09/10	5.68	5.93	5.64	5.84	51889393	751420480.00
2014/09/11	5.78	5.86	5.56	5.66	45920395	652901376.00
2014/09/12	5.60	5.73	5.54	5.61	35477138	499121152.00
2014/09/15	5.60	6.00	5.55	5.92	49071809	710682240.00
2014/09/16	5.80	5.90	5.46	5.49	42181807	598259840.00
2014/09/17	5.40	5.51	5.21	5.32	28017509	375016544.00
2014/09/18	5.31	5.31	5.13	5.18	24783298	321687232.00
2014/09/19	5.16	5.39	5.14	5.30	25945865	342712736.00
2014/09/22	5.32	5.47	5.25	5.37	21219208	283999072.00
2014/09/23	5.33	5.48	5.25	5.47	17098798	229452128.00
2014/09/24	5.40	5.70	5.38	5.58	22884013	317776768.00
2014/09/25	5.58	5.66	5.46	5.52	19186411	265654240.00
2014/09/26	5.49	5.84	5.49	5.76	31886875	453625312.00
2014/09/29	5.98	6.02	5.66	5.69	34634904	501080096.00
2014/09/30	5.73	5.78	5.65	5.75	18078848	258115152.00
2014/10/08	5.75	5.75	5.61	5.72	21027508	298281952.00
2014/10/09	5.72	6.24	5.68	6.15	79079076	1190864640.00
2014/10/10	6.31	6.57	6.02	6.28	169226703	1050478336.00
2014/10/13	5.80	5.96	5.65	5.85	232879928	1344339840.00
2014/10/14	5.83	5.91	5.71	5.86	103249916	601966336.00
2014/10/15	5.84	5.86	5.70	5.78	72615097	418919040.00
2014/10/16	5.72	5.72	5.45	5.48	177899936	991931776.00
2014/10/17	5.37	5.50	5.21	5.45	171030259	912928256.00
2014/10/20	5.30	5.39	5.26	5.33	132773808	704600960.00
2014/10/21	5.32	5.32	5.16	5.16	89320702	466531456.00
2014/10/22	5.09	5.13	4.83	4.86	124103450	617328960.00
2014/10/23	4.80	5.07	4.67	5.00	140027075	682676032.00
2014/10/24	4.90	5.01	4.87	4.89	61594597	303368096.00
2014/10/27	4.84	4.96	4.75	4.87	49082403	237357072.00
2014/10/28	4.93	5.10	4.92	5.00	151617572	758632704.00
2014/10/29	5.02	5.08	4.97	5.04	107649924	541212800.00
2014/10/30	5.04	5.04	4.96	4.98	76139390	379998432.00
2014/10/31	4.98	4.99	4.83	4.91	66330898	325056608.00
2014/11/03	4.90	5.06	4.87	5.03	75053390	375233024.00
2014/11/04	5.03	5.03	4.95	4.97	50237892	250196368.00
2014/11/05	4.97	4.98	4.91	4.94	41949592	207037776.00
2014/11/06	4.94	4.94	4.86	4.91	39879383	195217632.00
2014/11/07	4.93	4.98	4.86	4.87	48782860	239779520.00
2014/11/10	4.87	5.03	4.84	5.01	78106332	386626496.00
2014/11/11	5.01	5.01	4.80	4.83	64331337	314430112.00
2014/11/12	4.81	4.86	4.76	4.86	31701765	153008240.00
2014/11/13	4.86	4.97	4.75	4.94	64860609	314712320.00
2014/11/14	4.89	4.92	4.84	4.88	29125866	142058064.00
2014/11/17	4.88	4.92	4.85	4.89	29285040	143023216.00
2014/11/18	4.89	4.92	4.83	4.91	30069746	146402464.00
2014/11/19	4.92	5.09	4.92	5.02	88109599	441746912.00
2014/11/20	5.00	5.01	4.93	4.95	40736788	201721872.00
2014/11/21	4.94	4.94	4.88	4.94	35429366	173900256.00
2014/11/24	4.95	5.04	4.92	4.99	76153975	379298368.00
2014/11/25	4.97	5.20	4.93	5.18	128556670	649525952.00
2014/11/26	5.15	5.24	5.11	5.16	116200758	600432832.00
2014/11/27	5.17	5.68	5.17	5.66	266278183	1459436288.00
2014/11/28	5.70	5.74	5.43	5.50	162952059	902552320.00
2014/12/01	5.50	5.50	5.29	5.32	103549207	557043776.00
2014/12/02	5.30	5.56	5.25	5.45	98201329	536187264.00
2014/12/03	5.45	5.74	5.35	5.68	190926324	1065359808.00
2014/12/04	5.70	5.85	5.68	5.75	179830368	1035219904.00
2014/12/05	5.76	5.76	5.22	5.44	154479670	848778752.00
2014/12/08	5.36	5.56	5.25	5.45	103743060	560957952.00
2014/12/09	5.40	5.59	5.22	5.25	128832992	694879744.00
2014/12/10	5.21	5.41	5.15	5.37	72013295	381550432.00
2014/12/11	5.35	5.45	5.30	5.45	68745710	369192448.00
2014/12/12	5.45	5.70	5.43	5.66	146928916	824092992.00
2014/12/15	5.65	5.65	5.55	5.63	83637573	468633088.00
2014/12/16	5.63	5.67	5.52	5.59	75309916	420643072.00
2014/12/17	5.57	5.58	5.38	5.46	79629190	434439104.00
2014/12/18	5.42	5.54	5.40	5.43	53269597	291742784.00
2014/12/19	5.43	5.43	5.24	5.31	67977369	361576416.00
2014/12/22	5.32	5.34	5.02	5.06	76660800	392993248.00
2014/12/23	5.03	5.17	4.91	5.03	36968863	186994992.00
2014/12/24	5.05	5.14	5.05	5.13	31269791	159374256.00
2014/12/25	5.10	5.16	5.07	5.13	32298803	164959536.00
2014/12/26	5.12	5.12	5.07	5.10	35702860	181561696.00
2014/12/29	5.04	5.04	4.81	4.91	62862953	308368064.00
2014/12/30	4.91	4.99	4.88	4.93	31878498	157466864.00
2014/12/31	4.93	4.94	4.84	4.92	30502666	148554144.00
2015/01/05	4.92	5.14	4.85	5.13	64608265	325198016.00
2015/01/06	5.10	5.10	5.01	5.08	41957380	212239936.00
2015/01/07	5.08	5.20	5.03	5.16	46237464	237754688.00
2015/01/08	5.19	5.19	5.04	5.06	33228469	169099504.00
2015/01/09	5.07	5.09	5.01	5.02	25674123	129870360.00
2015/01/12	5.02	5.02	4.89	4.91	27774756	136626960.00
2015/01/13	4.91	4.94	4.88	4.93	17821140	87623176.00
2015/01/14	4.92	4.93	4.85	4.87	23515807	114636088.00
2015/01/15	4.87	4.92	4.84	4.90	18397184	89911784.00
2015/01/16	4.91	4.94	4.86	4.91	25700898	125945472.00
2015/01/19	4.87	4.88	4.59	4.76	41630942	199736288.00
2015/01/20	4.74	4.85	4.74	4.85	25371246	122001552.00
2015/01/21	4.86	4.97	4.83	4.96	36897621	181191824.00
2015/01/22	5.07	5.46	5.06	5.46	133620724	721436736.00
2015/01/23	5.89	5.92	5.47	5.51	312881069	1778935040.00
2015/01/26	5.42	5.70	5.34	5.63	169981123	934080640.00
2015/01/27	5.55	5.67	5.46	5.55	96258529	534867840.00
2015/01/28	5.53	5.53	5.40	5.42	60451980	329344896.00
2015/01/29	5.37	5.48	5.31	5.41	41529305	224722784.00
2015/01/30	5.41	5.45	5.30	5.31	40039737	214242480.00
2015/02/02	5.28	5.28	5.16	5.16	37338506	193925424.00
2015/02/03	5.18	5.26	5.18	5.26	27803482	145028160.00
2015/02/04	5.27	5.29	5.18	5.19	27840602	145660160.00
2015/02/05	5.30	5.35	5.21	5.22	36389751	191526144.00
2015/02/06	5.23	5.25	5.04	5.07	33246887	170073184.00
2015/02/09	5.00	5.07	5.00	5.01	22523402	113107880.00
2015/02/10	5.00	5.24	4.98	5.20	30563799	156516704.00
2015/02/11	5.17	5.25	5.13	5.18	22080268	114385544.00
2015/02/12	5.16	5.26	5.16	5.20	22874422	119301920.00
2015/02/13	5.23	5.50	5.20	5.34	57052152	305239648.00
2015/02/16	5.41	5.49	5.36	5.38	38602235	208684800.00
2015/02/17	5.40	5.45	5.36	5.39	28885192	155755488.00
2015/02/25	5.40	5.69	5.34	5.56	76939141	425298528.00
2015/02/26	5.57	5.67	5.50	5.62	77610633	434903616.00
2015/02/27	5.62	5.67	5.52	5.61	76194588	425955872.00
2015/03/02	5.62	6.17	5.55	6.17	236459658	1397126912.00
2015/03/03	6.30	6.79	6.16	6.71	348158261	2281618688.00
2015/03/04	6.82	7.23	6.57	6.77	385300068	2663213824.00
2015/03/05	6.67	7.44	6.44	7.24	353197566	2452768768.00
2015/03/06	7.08	7.58	7.03	7.31	275555180	2029675904.00
2015/03/09	7.18	7.26	7.00	7.04	162012546	1146974208.00
2015/03/10	7.02	7.45	6.82	7.20	173207770	1231137792.00
2015/03/11	7.10	7.15	6.92	7.00	115461123	812474624.00
2015/03/12	7.03	7.12	6.81	6.88	93831251	650228608.00
2015/03/13	6.85	7.02	6.81	6.92	71857736	496805632.00
2015/03/16	6.93	7.15	6.89	7.12	104354290	738375168.00
2015/03/17	7.16	7.35	7.08	7.29	159140238	1146628224.00
2015/03/18	7.31	8.02	7.21	8.02	232062427	1796436096.00
2015/03/19	8.27	8.53	8.03	8.14	288570545	2388261120.00
2015/03/20	8.19	8.29	8.06	8.16	142492787	1159404544.00
2015/03/23	8.18	8.28	8.08	8.26	131010930	1076855040.00
2015/03/24	8.28	8.97	8.14	8.69	227179327	1943014272.00
2015/03/25	8.60	8.93	8.41	8.66	156117893	1357027328.00
2015/03/26	8.64	8.64	8.15	8.23	135842460	1137909760.00
2015/03/27	8.19	8.40	8.15	8.34	71553006	592860672.00
2015/03/30	8.29	8.30	8.09	8.26	109259721	896165056.00
2015/03/31	8.21	8.26	8.10	8.12	89053478	726744448.00
2015/04/01	8.12	8.25	8.10	8.21	80848736	662803328.00
2015/04/02	8.24	8.80	8.24	8.59	155773928	1333109376.00
2015/04/03	8.49	8.51	8.30	8.49	135617945	1139148800.00
2015/04/07	8.39	8.70	8.20	8.56	205139283	1724234368.00
2015/04/08	8.54	8.54	8.22	8.31	126069425	1053837568.00
2015/04/09	8.29	8.30	7.67	7.89	123452175	985998464.00
2015/04/10	7.84	8.20	7.71	8.12	85686251	691770688.00
2015/04/13	8.12	8.23	8.08	8.17	94197791	767419392.00
2015/04/14	8.17	8.19	8.00	8.09	100141764	809927104.00
2015/04/15	8.07	8.47	7.95	8.25	174211196	1434261760.00
2015/04/16	8.14	8.43	7.95	8.21	107650466	883596800.00
2015/04/17	8.22	8.69	8.22	8.52	218524002	1838421248.00
2015/04/20	8.45	8.88	8.32	8.79	280250080	2430696192.00
2015/04/21	8.82	9.67	8.82	9.49	277880703	2581539840.00
2015/04/22	9.49	9.66	9.30	9.50	227539095	2149607424.00
2015/04/23	9.50	9.50	9.15	9.23	176827186	1640592896.00
2015/04/24	9.13	9.13	8.80	8.90	142677771	1276257152.00
2015/04/27	8.90	9.10	8.81	8.99	125620651	1124387968.00
2015/04/28	9.00	9.02	8.45	8.48	121184011	1049461888.00
2015/04/29	8.36	8.78	8.22	8.59	84774003	724925632.00
2015/04/30	8.52	8.67	8.38	8.40	73923664	627994368.00
2015/05/05	8.44	8.44	8.44	8.44	0	0.00
数据来源:通达信
