600133 东湖高新 日线 前复权
      日期	    开盘	    最高	    最低	    收盘	    成交量	    成交额
2012/02/21	9.67	9.67	9.30	9.67	15943689	153746912.00
2012/02/22	10.28	10.49	9.91	10.00	41351576	419344096.00
2012/02/23	10.00	10.04	9.70	9.86	20132097	197502752.00
2012/02/24	9.87	10.00	9.73	9.89	15888179	156797312.00
2012/02/27	9.89	9.93	9.74	9.77	15291108	150143232.00
2012/02/28	9.71	9.71	9.46	9.49	12390364	118327248.00
2012/02/29	9.46	9.57	9.33	9.50	8187013	77589472.00
2012/03/01	9.50	9.66	9.45	9.48	6881288	65827056.00
2012/03/02	9.40	9.55	9.38	9.52	8949815	84743264.00
2012/03/05	9.53	9.56	9.23	9.26	11025224	103622840.00
2012/03/06	9.05	9.17	8.78	8.80	30121449	268016320.00
2012/03/07	8.70	8.92	8.62	8.82	13739159	120589768.00
2012/03/08	8.82	8.94	8.80	8.91	10805982	95706216.00
2012/03/09	8.93	8.95	8.80	8.88	10580229	93830376.00
2012/03/12	8.88	8.91	8.80	8.89	9774772	86344296.00
2012/03/13	8.90	9.18	8.85	9.16	17309508	156276160.00
2012/03/14	9.17	9.20	8.61	8.71	17037255	152757568.00
2012/03/15	8.64	8.75	8.28	8.39	9300380	78920280.00
2012/03/16	8.39	8.70	8.30	8.60	11043089	92882408.00
2012/03/19	8.51	8.60	8.45	8.58	6261573	53402304.00
2012/03/21	8.47	8.75	8.21	8.53	8953913	74794320.00
2012/03/22	8.51	8.73	8.42	8.65	8574699	73166448.00
2012/03/23	8.68	8.83	8.35	8.42	18224780	156802352.00
2012/03/26	8.28	8.28	7.97	8.07	9441708	76246192.00
2012/03/27	8.07	8.20	8.00	8.11	6350711	51424788.00
2012/03/28	8.10	8.39	8.01	8.05	13613318	111742552.00
2012/03/29	7.90	7.90	7.25	7.41	12216389	90822616.00
2012/03/30	7.37	7.48	7.03	7.17	6918655	49983928.00
2012/04/05	7.25	7.42	7.18	7.41	7294061	53321888.00
2012/04/06	7.39	7.59	7.35	7.54	8637201	64698256.00
2012/04/09	7.50	8.20	7.31	7.87	16706338	131150768.00
2012/04/10	7.61	7.96	7.57	7.92	10543997	81576312.00
2012/04/11	7.77	8.10	7.70	7.91	8682405	68889336.00
2012/04/12	7.88	7.97	7.81	7.93	7753996	61227948.00
2012/04/13	8.05	8.29	7.98	8.07	12540003	102028104.00
2012/04/16	7.91	8.88	7.88	8.88	30189971	256789008.00
2012/04/17	9.30	9.69	8.70	8.72	70284042	652572544.00
2012/04/18	9.03	9.17	8.50	8.82	43480846	383707136.00
2012/04/19	8.59	9.06	8.51	8.72	30390395	266845152.00
2012/04/20	8.59	9.16	8.55	8.88	34282666	303863328.00
2012/04/23	8.88	9.07	8.63	8.69	24264151	214168528.00
2012/04/24	8.57	8.80	8.15	8.55	22431715	190389856.00
2012/04/25	8.58	8.97	8.55	8.78	23887643	210281824.00
2012/04/26	8.72	8.85	8.42	8.47	18727619	161106432.00
2012/04/27	8.47	8.55	8.26	8.32	11653605	97844680.00
2012/05/02	8.34	8.60	8.31	8.40	11638386	98006648.00
2012/05/03	8.35	8.45	8.25	8.39	8991140	75059840.00
2012/05/04	8.38	8.58	8.36	8.54	13364864	113679016.00
2012/05/07	8.50	8.90	8.47	8.88	22916108	200239840.00
2012/05/08	8.88	8.88	8.62	8.65	14057976	122778664.00
2012/05/09	8.57	8.71	8.42	8.44	13084233	111491928.00
2012/05/10	8.30	8.57	8.25	8.28	12450738	104048896.00
2012/05/11	8.28	8.34	7.96	7.97	11748404	95186712.00
2012/05/14	8.06	8.18	7.95	7.97	7963916	64408592.00
2012/05/15	7.97	7.99	7.81	7.98	6856409	54285872.00
2012/05/16	7.97	8.04	7.75	7.77	5980916	47447264.00
2012/05/17	7.81	7.92	7.72	7.90	6520003	51124460.00
2012/05/18	7.83	7.89	7.66	7.77	5569972	43344672.00
2012/05/21	7.97	8.07	7.79	7.83	5349140	42270020.00
2012/05/22	7.84	7.94	7.78	7.90	4810632	37932880.00
2012/05/23	7.91	7.94	7.78	7.81	4553880	35744684.00
2012/05/24	7.79	7.84	7.58	7.58	6413443	49291368.00
2012/05/25	7.59	7.64	7.30	7.35	6517727	48515048.00
2012/05/28	7.31	7.54	7.25	7.53	4961794	36910924.00
2012/05/29	7.51	7.64	7.45	7.63	5329175	40436416.00
2012/05/30	7.64	7.88	7.59	7.73	7775514	60419792.00
2012/05/31	7.67	7.78	7.59	7.74	4817747	37035024.00
2012/06/01	7.70	7.85	7.69	7.76	4562586	35391664.00
2012/06/05	7.50	7.99	7.50	7.68	11132172	86603304.00
2012/06/06	7.60	7.75	7.48	7.63	5806327	44099868.00
2012/06/07	7.92	8.14	7.63	7.68	11715995	92138000.00
2012/06/08	7.88	7.88	7.59	7.60	6390838	49328128.00
2012/06/11	7.58	7.65	7.34	7.62	7100655	53428616.00
2012/06/12	7.58	7.58	7.44	7.49	4192304	31434676.00
2012/06/13	7.41	7.75	7.41	7.68	7204129	54910832.00
2012/06/14	7.63	7.70	7.55	7.56	4881625	37214768.00
2012/06/15	7.52	7.61	7.42	7.55	4110964	30981868.00
2012/06/18	7.59	7.73	7.59	7.65	5373605	41184504.00
2012/06/19	7.66	7.71	7.59	7.60	5045690	38551104.00
2012/06/20	7.61	7.65	7.43	7.48	5509155	41375088.00
2012/06/21	7.45	7.45	7.25	7.27	4646508	33989040.00
2012/06/25	7.23	7.23	7.01	7.02	4386348	31198806.00
2012/06/26	7.00	7.03	6.85	6.99	3844722	26675684.00
2012/06/27	6.99	7.09	6.95	7.01	2752815	19318820.00
2012/06/28	7.03	7.09	6.77	6.78	2746901	19058260.00
2012/06/29	6.77	6.81	6.57	6.79	4175339	28016248.00
2012/07/02	6.86	6.90	6.77	6.82	3303266	22562608.00
2012/07/03	6.80	6.99	6.78	6.97	5339277	36862260.00
2012/07/04	6.95	7.03	6.88	6.88	3387767	23534164.00
2012/07/05	6.85	6.97	6.77	6.91	4749141	32753546.00
2012/07/06	6.97	7.15	6.81	7.13	6286923	43884468.00
2012/07/09	7.08	7.09	6.68	6.73	6155087	42529232.00
2012/07/10	6.68	6.73	6.53	6.54	3671521	24251096.00
2012/07/11	6.51	6.65	6.51	6.60	2256429	14865333.00
2012/07/12	6.70	7.02	6.68	6.93	9184157	63380536.00
2012/07/13	6.97	7.02	6.79	6.99	6582419	45688544.00
2012/07/16	7.01	7.16	6.67	6.77	5356088	37019688.00
2012/07/17	6.70	7.38	6.68	7.20	16389470	117069120.00
2012/07/25	7.30	7.92	7.20	7.43	21289851	161438752.00
2012/07/26	7.30	7.49	7.20	7.23	8988521	66236436.00
2012/07/27	7.24	7.37	7.05	7.09	5442247	39091520.00
2012/07/30	7.15	7.25	6.98	7.04	3958695	27968852.00
2012/07/31	7.10	7.19	6.61	6.67	6638673	45040628.00
2012/08/01	6.65	6.77	6.52	6.72	5750930	38331112.00
2012/08/02	6.68	6.69	6.38	6.43	5745573	37536632.00
2012/08/03	6.46	6.61	6.43	6.60	5149395	33560276.00
2012/08/06	7.26	7.26	7.26	7.26	6553105	47575544.00
2012/08/07	7.99	7.99	7.67	7.99	47162654	372226016.00
2012/08/08	8.68	8.68	7.79	7.80	63734348	516345344.00
2012/08/09	7.55	7.86	7.41	7.66	37990495	289008064.00
2012/08/10	7.49	7.79	7.42	7.55	23802258	180614048.00
2012/08/13	7.43	7.63	7.27	7.31	14732233	109725168.00
2012/08/14	7.27	7.37	6.87	7.14	20109604	142791344.00
2012/08/15	7.07	7.45	7.02	7.18	19395425	141059936.00
2012/08/16	7.17	7.43	7.08	7.30	13869286	101242400.00
2012/08/17	7.21	7.38	7.08	7.37	13042503	94296856.00
2012/08/20	7.38	7.49	7.20	7.34	12297763	90075200.00
2012/08/21	7.28	7.58	7.26	7.44	15784783	117283280.00
2012/08/22	7.38	7.46	7.13	7.21	12993817	94606952.00
2012/08/23	7.16	7.29	7.13	7.20	8764395	63088496.00
2012/08/24	7.18	7.18	6.67	6.75	15059966	104277808.00
2012/08/27	6.69	6.77	6.62	6.66	5840783	39017808.00
2012/08/28	6.63	6.91	6.63	6.84	7727333	52396812.00
2012/08/29	6.80	6.83	6.66	6.68	4709180	31694084.00
2012/08/30	6.70	6.91	6.57	6.71	7617819	51386944.00
2012/08/31	6.65	6.77	6.58	6.71	4026001	26951404.00
2012/09/03	6.67	6.83	6.66	6.81	5018307	33982680.00
2012/09/04	6.82	6.86	6.70	6.72	4516647	30546796.00
2012/09/05	6.96	7.14	6.86	6.89	15724122	109874176.00
2012/09/06	6.81	6.92	6.80	6.89	7028727	48191540.00
2012/09/07	6.96	7.15	6.90	7.10	15093596	106301008.00
2012/09/10	7.10	7.18	7.05	7.14	9403966	66860912.00
2012/09/11	7.11	7.11	6.95	6.99	7825003	54802536.00
2012/09/12	7.02	7.11	6.97	7.05	6790649	47744336.00
2012/09/13	7.04	7.06	6.80	6.84	6225980	43444160.00
2012/09/14	6.83	6.95	6.76	6.83	5610351	38425808.00
2012/09/17	6.84	6.87	6.65	6.65	5180625	34874904.00
2012/09/18	6.65	6.71	6.63	6.68	2840773	18968272.00
2012/09/19	6.65	6.74	6.65	6.70	2427221	16251144.00
2012/09/20	6.71	6.71	6.43	6.48	4476801	29402942.00
2012/09/21	6.45	6.54	6.42	6.46	2384283	15437632.00
2012/09/24	6.46	6.52	6.31	6.49	2638268	16951660.00
2012/09/25	6.53	6.75	6.47	6.54	4808747	31822908.00
2012/09/26	6.55	6.58	6.30	6.40	3467693	22228940.00
2012/09/27	6.40	6.54	6.32	6.49	3926244	25319322.00
2012/09/28	6.49	6.63	6.45	6.57	4174916	27348904.00
2012/10/08	6.58	6.65	6.43	6.48	3140019	20502160.00
2012/10/09	6.50	6.64	6.48	6.64	4514831	29762478.00
2012/10/10	6.64	6.72	6.57	6.70	6622339	44075540.00
2012/10/11	6.66	6.71	6.56	6.58	4504735	29858214.00
2012/10/12	6.59	6.78	6.57	6.64	5462202	36426428.00
2012/10/15	6.61	6.62	6.42	6.46	4074304	26439108.00
2012/10/16	6.46	6.54	6.45	6.49	2938423	19090200.00
2012/10/17	6.51	6.56	6.42	6.50	3237576	21000494.00
2012/10/18	6.50	6.82	6.49	6.75	8890561	59132120.00
2012/10/19	6.73	6.74	6.59	6.64	5683631	37843936.00
2012/10/22	6.56	6.73	6.54	6.69	4543507	30223022.00
2012/10/23	6.80	6.97	6.63	6.64	8865045	60217036.00
2012/10/24	6.54	6.66	6.52	6.61	4937744	32506752.00
2012/10/25	6.60	6.64	6.51	6.51	3982660	26131536.00
2012/10/26	6.52	6.55	6.28	6.29	4273412	27232136.00
2012/10/29	6.34	6.39	6.28	6.35	2514873	15926530.00
2012/10/30	6.37	6.44	6.32	6.40	2412830	15386485.00
2012/10/31	6.29	6.29	5.80	5.90	11098585	65691836.00
2012/11/01	5.88	6.07	5.86	5.97	6479506	38720792.00
2012/11/02	5.98	6.11	5.94	6.10	6623856	39985652.00
2012/11/05	6.10	6.16	5.99	6.04	4456273	26983144.00
2012/11/06	6.04	6.04	5.83	5.94	3917321	23169376.00
2012/11/07	5.89	5.99	5.89	5.95	2731558	16214782.00
2012/11/08	5.91	5.92	5.77	5.79	3485388	20373044.00
2012/11/09	5.79	5.81	5.70	5.74	2498129	14373111.00
2012/11/12	5.74	5.86	5.72	5.78	2752173	15876213.00
2012/11/13	5.78	5.91	5.71	5.78	6647926	38765572.00
2012/11/14	5.78	5.83	5.64	5.66	3261149	18606286.00
2012/11/15	5.66	5.87	5.64	5.68	5531532	31783700.00
2012/11/16	5.67	6.25	5.66	6.04	19379905	116747736.00
2012/11/19	5.90	5.99	5.75	5.96	11429019	67132608.00
2012/11/20	5.90	5.98	5.81	5.82	8712191	51238840.00
2012/11/21	5.83	5.89	5.50	5.74	8620205	49213904.00
2012/11/22	5.68	5.71	5.55	5.62	5573676	31203500.00
2012/11/23	5.62	5.68	5.60	5.64	3256599	18351408.00
2012/11/26	5.60	5.62	5.43	5.44	3829222	21145616.00
2012/11/27	5.42	5.42	5.00	5.02	6859710	35134960.00
2012/11/28	5.00	5.00	4.80	4.91	3982043	19524634.00
2012/11/29	4.92	5.03	4.83	4.84	2563932	12639939.00
2012/11/30	4.85	4.96	4.81	4.92	2893211	14188860.00
2012/12/03	4.92	4.96	4.60	4.62	3363185	16214519.00
2012/12/04	4.55	4.69	4.44	4.66	4655624	21192530.00
2012/12/05	4.60	4.87	4.60	4.82	6616246	31656436.00
2012/12/06	4.80	4.92	4.79	4.83	4296880	20798030.00
2012/12/07	4.84	5.00	4.79	4.97	6764111	33237744.00
2012/12/10	5.00	5.12	4.94	5.10	7457218	37593732.00
2012/12/11	5.13	5.36	5.10	5.26	16430019	86685976.00
2012/12/12	5.18	5.22	5.06	5.12	8315227	42582260.00
2012/12/13	5.10	5.15	4.96	4.96	5035372	25401404.00
2012/12/14	4.96	5.24	4.96	5.19	10053831	51617584.00
2012/12/17	5.22	5.45	5.19	5.34	13470479	71604520.00
2012/12/18	5.32	5.44	5.23	5.41	14963803	80089848.00
2012/12/19	5.36	5.51	5.32	5.40	7551402	40847272.00
2012/12/20	5.36	5.38	5.22	5.34	7223547	38381412.00
2012/12/21	5.34	5.40	5.25	5.29	6312556	33557168.00
2012/12/24	5.29	5.41	5.25	5.40	8571705	45883732.00
2012/12/25	5.39	5.53	5.35	5.46	17460728	95015144.00
2012/12/26	5.42	5.55	5.41	5.47	10678279	58434344.00
2012/12/27	5.50	5.53	5.35	5.37	9806205	53215860.00
2012/12/28	5.38	5.46	5.35	5.45	8421461	45689692.00
2012/12/31	5.46	5.58	5.42	5.55	11794228	65196600.00
2013/01/04	5.56	5.62	5.37	5.45	7723075	42300276.00
2013/01/07	5.45	5.52	5.39	5.45	5715141	31068840.00
2013/01/08	5.49	6.00	5.48	6.00	40913844	238552816.00
2013/01/09	5.94	6.27	5.85	6.15	45643501	278163424.00
2013/01/10	6.05	6.09	5.91	6.05	21111468	126846144.00
2013/01/11	6.05	6.07	5.82	5.88	16312912	96806328.00
2013/01/14	5.83	6.24	5.83	6.16	21689939	131438640.00
2013/01/15	6.15	6.35	6.10	6.32	28180548	175197872.00
2013/01/16	6.55	6.82	6.14	6.24	43146907	279033696.00
2013/01/17	6.17	6.19	6.00	6.02	15842587	95985224.00
2013/01/18	6.00	6.14	6.00	6.11	10111921	61415180.00
2013/01/21	6.10	6.30	6.04	6.18	15395007	94682224.00
2013/01/22	6.16	6.16	5.96	5.98	10123803	61286888.00
2013/01/23	5.97	6.06	5.90	6.01	6806176	40648252.00
2013/01/24	6.03	6.05	5.76	5.77	10322887	60965220.00
2013/01/25	5.77	5.80	5.67	5.69	5052777	28915700.00
2013/01/28	5.72	5.85	5.70	5.84	7043640	40814288.00
2013/01/29	5.84	5.93	5.78	5.86	6528151	38172032.00
2013/01/30	5.89	5.91	5.76	5.85	6857949	39963936.00
2013/01/31	5.83	5.83	5.61	5.69	8965061	51009304.00
2013/02/01	5.77	5.90	5.72	5.80	11019197	64015544.00
2013/02/04	5.88	5.92	5.72	5.77	6130488	35560016.00
2013/02/05	5.73	5.79	5.63	5.78	4867053	27867988.00
2013/02/06	5.78	5.85	5.75	5.84	4653514	26995634.00
2013/02/07	5.86	5.88	5.81	5.83	5082470	29712032.00
2013/02/08	5.84	5.88	5.80	5.86	3717064	21763484.00
2013/02/18	5.88	6.01	5.84	5.99	10234488	60907568.00
2013/02/19	6.01	6.02	5.86	5.89	7079611	41935632.00
2013/02/20	5.91	6.03	5.86	6.03	8780150	52448392.00
2013/02/21	5.99	6.02	5.83	5.91	9082078	53830408.00
2013/02/22	5.87	5.94	5.79	5.81	5358938	31432492.00
2013/02/25	5.85	6.06	5.82	6.04	12015198	71817264.00
2013/02/26	6.03	6.03	5.86	5.89	8793842	52369308.00
2013/02/27	5.89	5.95	5.76	5.79	7675422	44695512.00
2013/02/28	5.80	5.90	5.76	5.88	6147745	35884084.00
2013/03/01	6.47	6.47	6.47	6.47	12490964	80816536.00
2013/03/04	7.00	7.12	6.70	6.93	84002673	578432448.00
2013/03/06	6.90	7.03	6.64	6.71	39797234	270363968.00
2013/03/07	6.73	6.78	6.27	6.38	33290304	215348352.00
2013/03/08	6.35	6.39	6.26	6.31	13329944	84252680.00
2013/03/11	6.29	6.41	6.18	6.20	14435890	90744120.00
2013/03/12	6.20	6.26	5.91	5.99	15277954	92697704.00
2013/03/13	5.99	6.09	5.98	6.04	10088265	60894052.00
2013/03/14	6.01	6.10	5.96	6.06	9028083	54314724.00
2013/03/15	6.06	6.14	5.90	5.98	10371261	62467680.00
2013/03/18	5.93	6.10	5.90	5.98	6547381	39337468.00
2013/03/19	6.01	6.02	5.76	5.90	7484927	44059176.00
2013/03/20	5.93	6.07	5.87	6.05	9466047	56722052.00
2013/03/21	6.05	6.55	6.04	6.30	25608345	161152752.00
2013/03/22	6.29	6.31	6.15	6.20	12011965	74654096.00
2013/03/25	6.24	6.27	6.12	6.20	7519441	46537600.00
2013/03/26	6.15	6.21	6.02	6.08	7151949	43511368.00
2013/03/27	6.03	6.14	6.01	6.08	5839044	35487576.00
2013/03/28	6.02	6.02	5.76	5.77	8422381	49497044.00
2013/03/29	5.80	5.88	5.74	5.80	4483845	26024492.00
2013/04/01	5.80	5.89	5.79	5.85	3165287	18504746.00
2013/04/02	5.83	5.98	5.75	5.78	4121090	24055008.00
2013/04/03	5.82	5.82	5.60	5.63	5752445	32539352.00
2013/04/08	5.53	5.55	5.36	5.53	5654219	30841942.00
2013/04/09	5.50	5.64	5.50	5.61	3434240	19196846.00
2013/04/10	5.58	5.61	5.51	5.55	3782998	20958536.00
2013/04/11	5.58	5.63	5.55	5.57	3448504	19268512.00
2013/04/12	5.57	5.60	5.47	5.48	2685823	14844473.00
2013/04/15	5.45	5.45	5.28	5.31	4245737	22656856.00
2013/04/16	5.25	5.39	5.20	5.38	2858591	15135421.00
2013/04/17	5.41	5.46	5.35	5.43	2596381	14012276.00
2013/04/18	5.38	5.55	5.35	5.54	4588407	25157942.00
2013/04/19	5.55	5.67	5.54	5.65	7287628	40751960.00
2013/04/22	5.54	5.66	5.54	5.64	6010692	33754980.00
2013/04/23	5.61	5.61	5.39	5.43	5325399	29198064.00
2013/04/24	5.47	5.65	5.43	5.60	6420579	35671892.00
2013/04/25	5.61	5.61	5.46	5.50	4057590	22427972.00
2013/04/26	5.52	5.52	5.28	5.30	5088615	27407908.00
2013/05/02	5.35	5.36	5.16	5.19	4164158	21774384.00
2013/05/03	5.28	5.33	5.25	5.32	3336551	17657564.00
2013/05/06	5.33	5.39	5.29	5.39	3366126	18066546.00
2013/05/07	5.40	5.46	5.37	5.43	3781960	20495800.00
2013/05/08	5.43	5.49	5.39	5.43	4410110	23964636.00
2013/05/09	5.44	5.61	5.41	5.60	8970400	49512008.00
2013/05/10	5.68	5.92	5.67	5.68	13710743	78934600.00
2013/05/13	5.61	5.66	5.51	5.64	7429865	41488532.00
2013/05/14	5.64	5.95	5.61	5.88	22273334	129779608.00
2013/05/15	5.83	5.99	5.79	5.94	13239105	78257064.00
2013/05/16	5.92	6.36	5.89	6.13	31732652	195898448.00
2013/05/17	6.12	6.20	6.04	6.09	27348852	168053648.00
2013/05/20	6.07	6.24	5.94	6.12	18619157	112656624.00
2013/05/21	6.15	6.73	6.11	6.73	48485663	315847328.00
2013/05/22	6.63	7.21	6.58	7.17	61890210	425678304.00
2013/05/23	7.07	7.21	6.97	7.05	50905230	359957248.00
2013/05/24	7.11	7.22	6.82	6.98	42959482	300886432.00
2013/05/27	7.12	7.14	6.76	6.77	38457162	265676592.00
2013/05/28	6.75	6.82	6.40	6.74	33489673	221276608.00
2013/05/29	6.68	6.96	6.63	6.91	25769895	176004928.00
2013/05/30	6.85	6.98	6.78	6.89	14044015	96730032.00
2013/05/31	6.88	7.02	6.75	6.76	12900295	89054048.00
2013/06/03	6.75	6.75	6.51	6.52	12871309	84984864.00
2013/06/04	6.48	6.60	6.37	6.54	9449343	61264376.00
2013/06/05	6.53	6.54	6.40	6.48	4861324	31422292.00
2013/06/06	6.47	6.50	6.34	6.39	5583593	35839228.00
2013/06/07	6.36	6.44	6.19	6.30	6041374	38144408.00
2013/06/13	6.20	6.20	5.90	5.92	7853465	47337896.00
2013/06/14	5.95	6.05	5.92	6.00	5929448	35543720.00
2013/06/17	6.08	6.13	5.97	6.01	6555574	39562656.00
2013/06/18	6.03	6.08	5.89	6.04	4877306	29236894.00
2013/06/19	6.01	6.11	5.84	6.09	6662382	39890160.00
2013/06/20	6.14	6.48	6.09	6.13	17599084	110091544.00
2013/06/21	5.87	6.12	5.77	6.06	11326714	67319576.00
2013/06/24	6.04	6.08	5.52	5.77	6942323	40688764.00
2013/06/25	5.70	5.74	5.19	5.44	18955250	100646784.00
2013/06/26	5.44	5.44	5.18	5.34	11331235	59962052.00
2013/06/27	5.05	5.49	5.05	5.18	20013885	104800592.00
2013/06/28	5.12	5.27	4.96	5.08	11014558	56324932.00
2013/07/01	5.13	5.17	5.05	5.14	6328137	32365636.00
2013/07/02	5.15	5.27	5.11	5.21	7223089	37338932.00
2013/07/03	5.18	5.18	4.94	5.03	12546122	63037952.00
2013/07/04	5.00	5.11	4.89	5.05	12217062	61136872.00
2013/07/05	5.04	5.44	5.02	5.25	17455695	91369928.00
2013/07/08	5.13	5.13	4.96	4.98	9606170	48512240.00
2013/07/09	4.95	5.15	4.90	5.07	7619505	38551016.00
2013/07/10	5.03	5.19	5.03	5.18	9079267	46468332.00
2013/07/11	5.19	5.36	5.17	5.28	13375789	70539792.00
2013/07/12	5.30	5.34	5.18	5.18	9619039	50463364.00
2013/07/15	5.19	5.70	5.19	5.70	16808107	92417520.00
2013/07/16	5.65	5.74	5.55	5.62	20224942	114155808.00
2013/07/17	5.58	5.70	5.51	5.52	13651568	76487448.00
2013/07/18	5.50	5.68	5.42	5.55	14164127	78627424.00
2013/07/19	5.54	5.81	5.49	5.52	16694254	93927064.00
2013/07/22	5.62	5.76	5.53	5.66	12750188	72139744.00
2013/07/23	5.63	5.80	5.59	5.72	16285847	93020440.00
2013/07/24	5.70	5.71	5.52	5.63	13746675	77006528.00
2013/07/25	5.25	5.40	5.07	5.08	27001464	141229664.00
2013/07/26	5.00	5.07	4.93	5.01	9959798	49895496.00
2013/07/29	5.02	5.03	4.82	4.85	8560941	42197560.00
2013/07/30	4.86	4.94	4.79	4.89	5242179	25589024.00
2013/07/31	4.92	5.04	4.92	4.96	6203305	30929404.00
2013/08/01	4.97	5.06	4.96	5.05	6334593	31839474.00
2013/08/02	5.07	5.13	5.04	5.06	6700910	34009616.00
2013/08/05	5.08	5.12	5.05	5.11	5344886	27240954.00
2013/08/06	5.11	5.47	5.06	5.36	19655230	104215360.00
2013/08/07	5.40	5.90	5.37	5.79	47327183	267630032.00
2013/08/08	5.60	5.75	5.56	5.64	18033773	101512928.00
2013/08/09	5.64	5.69	5.52	5.68	12320196	68873040.00
2013/08/12	5.70	5.76	5.61	5.69	13067622	74176424.00
2013/08/13	5.63	5.83	5.44	5.67	11764849	66447036.00
2013/08/14	5.62	5.63	5.47	5.55	10071658	55903744.00
2013/08/15	5.50	5.59	5.47	5.49	5586177	30766100.00
2013/08/16	5.45	5.59	5.37	5.37	7010095	38158272.00
2013/08/19	5.30	5.44	5.27	5.40	5475655	29355528.00
2013/08/20	5.36	5.53	5.35	5.43	6394246	34869048.00
2013/08/21	5.45	5.45	5.34	5.39	4132078	22227316.00
2013/08/22	5.39	5.50	5.35	5.42	4026822	21902442.00
2013/08/23	5.46	5.50	5.24	5.31	6213113	33410420.00
2013/08/26	5.29	5.40	5.26	5.40	5345204	28529336.00
2013/08/27	5.40	5.54	5.38	5.50	6182524	33830712.00
2013/08/28	5.47	5.47	5.35	5.39	5840242	31589894.00
2013/08/29	5.39	5.67	5.35	5.65	17165641	95665848.00
2013/08/30	5.64	5.93	5.59	5.91	32439260	187767856.00
2013/09/02	5.85	5.85	5.54	5.59	16798824	94664120.00
2013/09/03	5.56	5.66	5.49	5.61	7285529	40920676.00
2013/09/04	5.61	5.65	5.43	5.57	9286075	51606180.00
2013/09/05	5.76	5.85	5.58	5.58	15924911	91041568.00
2013/09/06	5.47	5.65	5.45	5.57	7963831	44335964.00
2013/09/09	5.54	5.66	5.54	5.61	8659420	48443252.00
2013/09/10	5.62	5.75	5.54	5.69	12118173	68341776.00
2013/09/11	5.69	5.70	5.58	5.65	10016579	56478976.00
2013/09/12	5.65	5.87	5.58	5.76	15855643	91276560.00
2013/09/13	5.75	5.93	5.70	5.85	16186144	94466512.00
2013/09/16	5.84	6.44	5.68	6.44	40666142	251359808.00
2013/09/17	6.67	6.99	6.45	6.49	66360653	447562656.00
2013/09/18	6.22	6.36	6.17	6.30	25359845	158814064.00
2013/09/23	6.20	6.24	6.05	6.20	21072669	129363544.00
2013/09/24	6.15	6.41	6.10	6.27	19521308	122374624.00
2013/09/25	6.24	6.28	6.07	6.10	15767716	96950344.00
2013/09/26	6.05	6.05	5.77	5.81	14405854	84967712.00
2013/09/27	5.82	5.93	5.75	5.86	8340911	48631900.00
2013/09/30	5.81	5.97	5.78	5.91	6980017	41219436.00
2013/10/08	5.88	6.14	5.88	6.07	9101252	55123672.00
2013/10/09	6.05	6.13	5.94	6.10	10275349	62057016.00
2013/10/10	6.10	6.54	6.03	6.22	19158445	120287056.00
2013/10/11	6.23	6.32	6.10	6.27	14470899	90236456.00
2013/10/14	6.27	6.28	6.17	6.22	9924705	61598040.00
2013/10/15	6.40	6.75	6.31	6.61	34089273	222186144.00
2013/10/16	6.41	6.56	6.23	6.30	18537425	118666568.00
2013/10/17	6.33	6.49	6.17	6.20	14192396	89684080.00
2013/10/18	6.22	6.22	6.06	6.14	7640988	46762580.00
2013/10/21	6.17	6.49	6.09	6.40	12523192	78990408.00
2013/10/22	6.45	6.73	6.35	6.52	24078207	157955520.00
2013/10/23	6.42	6.88	6.36	6.76	29250607	194533472.00
2013/10/24	6.75	6.79	6.52	6.70	21684303	144791280.00
2013/10/25	6.80	6.80	6.45	6.54	20556364	135991552.00
2013/10/28	6.47	6.47	6.01	6.04	19550563	120976384.00
2013/10/29	6.05	6.10	5.44	5.71	16882194	97562144.00
2013/10/30	5.60	5.77	5.51	5.72	9753412	54900460.00
2013/10/31	5.66	5.76	5.60	5.67	6357903	36125540.00
2013/11/01	5.67	5.78	5.53	5.72	6942276	39173540.00
2013/11/04	5.70	5.75	5.66	5.74	4508817	25774698.00
2013/11/05	5.74	5.85	5.67	5.83	5252132	30273052.00
2013/11/06	5.80	5.85	5.67	5.68	5789275	33448836.00
2013/11/07	5.68	5.89	5.58	5.79	10472248	60616952.00
2013/11/08	5.76	5.99	5.73	5.95	15510228	91112240.00
2013/11/11	5.88	6.05	5.74	5.91	11004898	65044020.00
2013/11/12	5.98	6.34	5.93	6.13	17880652	110171728.00
2013/11/13	6.01	6.02	5.77	5.79	11133910	65529916.00
2013/11/14	5.84	5.95	5.77	5.93	6615569	38913640.00
2013/11/15	5.95	6.10	5.95	6.09	10924243	66086624.00
2013/11/18	6.13	6.23	6.07	6.18	12554230	77130768.00
2013/11/19	6.17	6.29	6.07	6.26	13829353	85420064.00
2013/11/20	6.30	6.33	6.20	6.27	11045587	69154392.00
2013/11/21	6.18	6.21	6.10	6.14	10561795	64932648.00
2013/11/22	6.07	6.21	6.03	6.11	7761412	47494528.00
2013/11/25	6.01	6.08	5.97	5.99	6220122	37489816.00
2013/11/26	5.96	6.04	5.94	6.03	5367942	32127676.00
2013/11/27	6.00	6.05	5.96	6.02	5890952	35366252.00
2013/11/28	6.03	6.14	6.03	6.09	7134947	43545052.00
2013/11/29	6.10	6.17	6.02	6.16	8126189	49464664.00
2013/12/02	6.04	6.45	5.68	6.21	23381084	143379056.00
2013/12/03	6.06	6.09	5.79	6.07	10883869	65022184.00
2013/12/04	6.05	6.19	6.02	6.12	9966452	61129244.00
2013/12/05	6.13	6.32	6.06	6.20	12300528	76269560.00
2013/12/06	6.20	6.30	6.14	6.27	11230757	70145048.00
2013/12/09	6.28	6.34	6.18	6.22	7244113	45245512.00
2013/12/10	6.23	6.27	6.13	6.16	7111675	43875100.00
2013/12/11	6.18	6.26	6.10	6.25	8029303	49685796.00
2013/12/12	6.27	6.35	6.23	6.30	12809167	80688440.00
2013/12/13	6.34	6.49	6.31	6.42	17355360	110875488.00
2013/12/16	6.49	6.55	6.17	6.18	14995890	94487008.00
2013/12/17	6.18	6.21	6.00	6.01	7927099	48068432.00
2013/12/18	6.01	6.07	5.80	5.91	10314235	60959340.00
2013/12/19	5.88	5.91	5.81	5.84	5971404	35040048.00
2013/12/20	5.80	5.83	5.58	5.65	8367578	47411948.00
2013/12/23	5.65	5.70	5.49	5.61	4030306	22536548.00
2013/12/24	5.67	5.77	5.60	5.62	5365076	30509542.00
2013/12/25	5.63	5.66	5.56	5.66	3516640	19756730.00
2013/12/26	5.63	5.65	5.43	5.44	4745928	26260754.00
2013/12/27	5.45	5.52	5.40	5.49	5005703	27312810.00
2013/12/30	5.56	5.68	5.56	5.60	4679258	26291432.00
2013/12/31	5.57	5.66	5.55	5.64	2774393	15604665.00
2014/01/02	5.65	5.72	5.63	5.67	2858215	16173301.00
2014/01/03	5.61	5.65	5.50	5.52	4469366	24742164.00
2014/01/06	5.51	5.52	5.28	5.28	4476981	23947592.00
2014/01/07	5.29	5.35	5.26	5.32	2499184	13280582.00
2014/01/08	5.34	5.37	5.11	5.15	5912445	30834186.00
2014/01/09	5.15	5.18	5.00	5.03	3725018	19020904.00
2014/01/10	5.03	5.07	4.53	4.96	3945651	19237556.00
2014/01/13	4.97	5.04	4.93	4.98	2525294	12585934.00
2014/01/14	4.98	5.00	4.78	4.99	3882013	18974850.00
2014/01/15	4.97	4.99	4.81	4.90	5313912	25919038.00
2014/01/16	4.85	5.09	4.81	5.00	5191547	25612978.00
2014/01/17	4.98	4.98	4.88	4.89	2684900	13208822.00
2014/01/20	4.90	4.92	4.80	4.82	2797715	13558082.00
2014/01/21	4.80	4.94	4.80	4.88	2097292	10256215.00
2014/01/22	4.93	5.05	4.88	5.05	3814962	19088132.00
2014/01/23	5.09	5.09	5.01	5.04	2479524	12515941.00
2014/01/24	5.07	5.46	5.07	5.35	9188008	48132248.00
2014/01/27	5.21	5.28	5.16	5.17	5216328	27227396.00
2014/01/28	5.17	5.22	5.11	5.15	3276694	16912116.00
2014/01/29	5.16	5.18	5.08	5.14	2700438	13864370.00
2014/01/30	5.12	5.16	5.06	5.09	1679686	8596908.00
2014/02/07	5.05	5.17	4.96	5.14	2635655	13385905.00
2014/02/10	5.15	5.27	5.13	5.26	5493613	28648718.00
2014/02/11	5.26	5.38	5.24	5.30	6081401	32302644.00
2014/02/12	5.30	5.41	5.28	5.37	6076999	32478172.00
2014/02/13	5.36	5.37	5.22	5.23	5772700	30594132.00
2014/02/14	5.21	5.37	5.20	5.34	4645837	24538012.00
2014/02/17	5.37	5.37	5.30	5.37	5442841	29088240.00
2014/02/18	5.35	5.49	5.27	5.41	9143188	48984664.00
2014/02/19	5.38	5.49	5.34	5.43	7815091	42275208.00
2014/02/20	5.44	5.48	5.29	5.29	6821745	36537340.00
2014/02/21	5.31	5.37	5.20	5.25	4574037	24153092.00
2014/02/24	5.23	5.23	5.06	5.08	6392489	32585576.00
2014/02/25	5.09	5.11	4.90	4.93	7584953	37902032.00
2014/02/26	4.92	4.97	4.86	4.95	3247681	15965496.00
2014/02/27	4.95	5.00	4.90	4.90	3053283	15114319.00
2014/02/28	4.90	4.95	4.85	4.95	2998782	14658741.00
2014/03/03	4.95	5.07	4.91	5.06	3345303	16781280.00
2014/03/04	5.04	5.07	4.98	5.06	3284170	16487149.00
2014/03/05	5.07	5.14	5.03	5.07	3329136	16929180.00
2014/03/06	5.05	5.10	4.98	5.08	3348797	16894902.00
2014/03/07	5.08	5.11	5.01	5.06	2561220	12962719.00
2014/03/10	5.05	5.07	4.88	4.91	4203950	20954456.00
2014/03/11	4.90	4.97	4.85	4.94	2336914	11486441.00
2014/03/12	4.94	4.98	4.90	4.95	2031246	10029528.00
2014/03/13	4.94	4.99	4.93	4.98	2171593	10785001.00
2014/03/14	4.98	4.98	4.90	4.91	2089455	10299025.00
2014/03/17	4.95	5.03	4.92	5.03	3442347	17175780.00
2014/03/18	5.05	5.39	5.00	5.28	15684869	82115976.00
2014/03/19	5.18	5.24	5.10	5.19	11304240	58386000.00
2014/03/20	5.18	5.24	5.00	5.01	6560690	33678992.00
2014/03/21	5.04	5.18	4.97	5.16	4941843	25149646.00
2014/03/24	5.19	5.34	5.15	5.28	11196589	59111296.00
2014/03/25	5.24	5.31	5.20	5.29	7347103	38526052.00
2014/03/26	5.29	5.29	5.21	5.23	4198337	22007644.00
2014/03/27	5.20	5.22	5.08	5.13	4924747	25326298.00
2014/03/28	5.10	5.27	5.10	5.23	6025393	31348906.00
2014/03/31	5.23	5.28	5.12	5.16	3461278	17956212.00
2014/04/01	5.12	5.23	5.10	5.19	3266905	16919972.00
2014/04/02	5.19	5.41	5.15	5.26	8216300	43544444.00
2014/04/03	5.24	5.26	5.15	5.17	4961156	25781258.00
2014/04/04	5.19	5.23	5.15	5.21	2430997	12608700.00
2014/04/08	5.18	5.25	5.14	5.23	4735939	24618868.00
2014/04/09	5.23	5.31	5.21	5.27	5472224	28870736.00
2014/04/10	5.26	5.30	5.23	5.29	4460409	23474792.00
2014/04/11	5.28	5.36	5.26	5.34	6844087	36419032.00
2014/04/14	5.34	5.42	5.31	5.35	5918662	31674110.00
2014/04/15	5.35	5.37	5.25	5.27	4596368	24301570.00
2014/04/16	5.27	5.29	5.22	5.25	2719417	14310331.00
2014/04/17	5.24	5.28	5.21	5.24	2302602	12073148.00
2014/04/18	5.25	5.26	5.21	5.25	1866989	9777893.00
2014/04/21	5.22	5.28	5.15	5.15	2603110	13599352.00
2014/04/22	5.14	5.19	5.05	5.11	3358734	17183804.00
2014/04/23	5.12	5.17	5.08	5.10	1774305	9093670.00
2014/04/24	5.10	5.14	5.06	5.07	1949046	9923088.00
2014/04/25	5.15	5.15	5.04	5.04	2308996	11755200.00
2014/04/28	5.04	5.06	4.85	4.86	3744369	18424384.00
2014/04/29	4.89	4.99	4.89	4.95	2237552	11057015.00
2014/04/30	4.96	5.09	4.95	5.07	2327205	11749061.00
2014/05/05	5.08	5.16	5.05	5.13	2693227	13781403.00
2014/05/06	5.12	5.18	5.10	5.12	2754153	14145059.00
2014/05/07	5.10	5.12	4.98	4.99	2744190	13819726.00
2014/05/08	5.00	5.08	4.96	5.04	1824133	9177932.00
2014/05/09	5.04	5.07	4.95	4.98	1642428	8195342.00
2014/05/12	4.98	5.13	4.98	5.11	3123761	15873105.00
2014/05/13	5.10	5.14	5.08	5.10	2026476	10342770.00
2014/05/14	5.10	5.29	5.09	5.20	4579680	23862932.00
2014/05/15	5.17	5.18	5.04	5.06	3034129	15502289.00
2014/05/16	5.04	5.11	5.03	5.10	2193924	11115641.00
2014/05/19	5.13	5.13	5.04	5.08	1518063	7705095.00
2014/05/20	5.10	5.19	5.09	5.10	2488630	12775382.00
2014/05/21	5.11	5.15	5.06	5.14	1402046	7166738.00
2014/05/22	5.15	5.18	5.10	5.11	2068065	10645838.00
2014/05/23	5.11	5.17	5.08	5.16	2578402	13227676.00
2014/05/26	5.15	5.25	5.14	5.24	4661814	24274648.00
2014/05/27	5.22	5.24	5.14	5.16	2913287	15101736.00
2014/05/28	5.18	5.20	5.12	5.20	2975049	15374311.00
2014/05/29	5.20	5.23	5.14	5.15	3119504	16178750.00
2014/05/30	5.14	5.16	5.11	5.12	2302129	11811871.00
2014/06/03	5.14	5.17	5.08	5.12	2089640	10694024.00
2014/06/04	5.12	5.12	4.99	5.03	2534651	12791589.00
2014/06/05	5.04	5.08	5.03	5.07	2017292	10199774.00
2014/06/06	5.09	5.11	5.05	5.06	1635410	8291328.00
2014/06/09	5.07	5.08	4.98	5.00	2523934	12692684.00
2014/06/10	5.02	5.05	4.96	5.05	2290745	11478839.00
2014/06/11	5.03	5.14	5.03	5.09	2715385	13801150.00
2014/06/12	5.09	5.11	5.04	5.05	1970991	9989915.00
2014/06/13	5.07	5.12	5.03	5.10	2677213	13586150.00
2014/06/16	5.11	5.13	5.07	5.11	2928781	14934938.00
2014/06/17	5.08	5.09	5.02	5.06	2903330	14650747.00
2014/06/18	5.06	5.06	5.00	5.01	3158383	15844040.00
2014/06/19	5.02	5.02	4.89	4.90	2936448	14568140.00
2014/06/20	4.95	4.95	4.90	4.93	1656724	8142839.00
2014/06/23	4.93	4.98	4.91	4.94	2349595	11601083.00
2014/06/24	4.97	5.07	4.93	5.03	3582331	17957256.00
2014/06/25	5.04	5.04	4.96	4.98	1853930	9232513.00
2014/06/26	4.98	5.20	4.97	5.08	7337037	37403704.00
2014/06/27	5.06	5.16	5.02	5.12	6054302	30983994.00
2014/06/30	5.12	5.17	5.10	5.12	3881741	19893834.00
2014/07/01	5.12	5.17	5.11	5.16	4806401	24726834.00
2014/07/02	5.17	5.18	5.11	5.16	3229995	16608122.00
2014/07/03	5.16	5.22	5.13	5.18	5117533	26518440.00
2014/07/04	5.18	5.19	5.11	5.12	4960305	25495440.00
2014/07/07	5.12	5.15	5.10	5.12	3920357	20075348.00
2014/07/08	5.12	5.16	5.06	5.14	3565369	18205194.00
2014/07/09	5.14	5.14	5.03	5.05	3669646	18658288.00
2014/07/10	5.02	5.07	5.02	5.05	2529980	12772920.00
2014/07/11	5.06	5.10	5.04	5.09	2867390	14565530.00
2014/07/14	5.11	5.18	5.10	5.17	4994543	25753240.00
2014/07/15	5.17	5.25	5.15	5.25	8506025	44219708.00
2014/07/16	5.26	5.28	5.18	5.20	5221007	27271512.00
2014/07/17	5.20	5.33	5.20	5.24	7723079	40590352.00
2014/07/18	5.23	5.27	5.20	5.22	4008984	20988492.00
2014/07/21	5.22	5.29	5.19	5.20	4356412	22808668.00
2014/07/22	5.21	5.27	5.18	5.24	4681838	24503164.00
2014/07/23	5.24	5.28	5.17	5.18	4689902	24473768.00
2014/07/24	5.18	5.35	5.18	5.34	12291844	65170692.00
2014/07/25	5.35	5.38	5.29	5.36	7434186	39672080.00
2014/07/28	5.36	5.43	5.35	5.38	10136922	54572256.00
2014/07/29	5.92	5.92	5.92	5.92	8900429	52690540.00
2014/07/30	5.95	6.51	5.92	6.24	85169417	534285376.00
2014/07/31	6.10	6.85	6.03	6.58	60268454	387547712.00
2014/08/01	6.40	6.57	6.25	6.30	34936484	223665632.00
2014/08/04	6.35	6.45	6.26	6.37	21637003	137242704.00
2014/08/05	6.35	6.35	6.15	6.23	22337700	138893856.00
2014/08/06	6.18	6.29	6.16	6.28	14609415	91291576.00
2014/08/07	6.25	6.26	6.10	6.15	12852418	79375504.00
2014/08/08	6.11	6.17	6.07	6.14	8349363	51182724.00
2014/08/11	6.18	6.24	6.13	6.21	9703833	60094836.00
2014/08/12	6.24	6.24	6.14	6.23	8910566	55197536.00
2014/08/13	6.21	6.21	6.12	6.16	8708097	53613092.00
2014/08/14	6.15	6.23	6.12	6.13	9906034	61150008.00
2014/08/15	6.12	6.21	6.11	6.19	6744437	41618900.00
2014/08/18	6.20	6.38	6.19	6.35	17251365	108795656.00
2014/08/19	6.33	6.54	6.23	6.45	18618710	118412808.00
2014/08/20	6.43	6.50	6.33	6.39	12904565	82636560.00
2014/08/21	6.39	6.49	6.33	6.43	12682310	81339440.00
2014/08/22	6.43	6.83	6.37	6.81	29527716	195218304.00
2014/08/25	6.80	6.88	6.56	6.62	26798263	180979664.00
2014/08/26	6.56	6.57	6.21	6.22	20170372	128601808.00
2014/08/27	6.17	6.26	6.15	6.16	9937696	61511632.00
2014/08/28	6.18	6.27	6.14	6.21	6575810	40827684.00
2014/08/29	6.20	6.24	6.16	6.23	4982517	30924196.00
2014/09/01	6.23	6.35	6.21	6.31	6560640	41270624.00
2014/09/02	6.34	6.37	6.26	6.37	8766218	55511652.00
2014/09/03	6.38	6.44	6.34	6.38	9066651	57876584.00
2014/09/04	6.39	6.54	6.35	6.49	13459563	86951440.00
2014/09/05	6.54	6.54	6.39	6.47	10380493	66964084.00
2014/09/09	6.49	6.52	6.37	6.42	9673287	61988804.00
2014/09/10	6.41	6.56	6.37	6.55	11556752	74782088.00
2014/09/11	6.52	6.65	6.44	6.47	16104027	105393648.00
2014/09/12	6.45	6.55	6.39	6.52	10075792	65177188.00
2014/09/15	6.56	6.76	6.55	6.58	18679108	123999384.00
2014/09/16	6.58	6.67	6.41	6.47	16224675	106403048.00
2014/09/17	6.42	6.55	6.38	6.52	11379590	73640144.00
2014/09/18	6.49	6.76	6.44	6.75	21899688	145190192.00
2014/09/19	6.75	6.80	6.62	6.72	17012910	114143984.00
2014/09/22	6.66	6.71	6.46	6.49	13358615	87422104.00
2014/09/23	6.47	6.58	6.41	6.58	10464343	68099040.00
2014/09/24	6.53	6.64	6.47	6.63	12358057	81318432.00
2014/09/25	6.63	6.72	6.58	6.60	12646515	83990344.00
2014/09/26	6.56	6.68	6.54	6.65	8983921	59392264.00
2014/09/29	6.67	6.75	6.65	6.73	11526419	77232344.00
2014/09/30	6.72	7.25	6.71	7.16	34521589	242511584.00
2014/10/08	7.24	7.24	7.04	7.23	19915177	142215520.00
2014/10/09	7.19	7.46	7.13	7.29	18756445	136983328.00
2014/10/10	7.30	7.78	7.30	7.55	27319458	206241376.00
2014/10/13	7.43	7.68	7.33	7.54	15621033	116693296.00
2014/10/14	7.50	7.54	7.26	7.37	16698988	123983088.00
2014/10/15	7.43	7.92	7.43	7.86	32067562	248169056.00
2014/10/16	7.80	8.10	7.38	7.40	42467918	329418560.00
2014/10/17	7.35	7.47	7.09	7.40	20260619	147208400.00
2014/10/20	7.38	7.59	7.29	7.40	16010247	119316720.00
2014/10/21	7.42	7.42	7.14	7.18	12925316	94342528.00
2014/10/22	7.18	7.32	7.12	7.15	8769752	63300664.00
2014/10/23	7.14	7.20	6.89	6.95	12374671	86984456.00
2014/10/24	6.92	7.08	6.79	6.83	10260226	71279552.00
2014/10/27	6.80	7.30	6.79	7.29	16819110	119462000.00
2014/10/28	7.36	7.87	7.36	7.70	28769481	219674768.00
2014/10/29	7.78	8.05	7.65	7.86	32969249	261599584.00
2014/10/30	7.83	8.65	7.83	8.41	44469527	364649728.00
2014/10/31	8.36	8.74	8.25	8.39	45419771	383680576.00
2014/11/03	8.41	9.23	8.39	9.06	45567867	408310016.00
2014/11/04	8.95	9.22	8.83	9.02	29994735	270215424.00
2014/11/05	9.02	9.09	8.50	8.57	28774319	250935312.00
2014/11/06	8.61	8.87	8.54	8.80	25324410	221398896.00
2014/11/07	8.88	9.28	8.88	8.99	31151957	282657216.00
2014/11/10	9.01	9.50	9.01	9.47	29400096	273737184.00
2014/11/11	9.46	9.78	8.52	8.75	58953212	525197344.00
2014/11/12	8.75	9.09	8.64	9.03	30640854	272506880.00
2014/11/13	9.30	9.55	9.02	9.14	73420600	679327488.00
2014/11/14	9.00	9.03	8.55	8.91	22204753	195804768.00
2014/11/17	8.94	9.35	8.60	9.25	35428665	320960512.00
2014/11/18	9.23	9.69	9.10	9.61	33778828	321720992.00
2014/11/19	9.58	10.12	9.58	10.00	32593423	322247616.00
2014/11/20	10.00	10.26	9.71	9.90	25536563	254288224.00
2014/11/21	9.81	10.15	9.74	9.92	19092215	189253632.00
2014/11/24	10.05	10.13	9.46	9.57	40006523	387599008.00
2014/11/25	9.54	9.73	9.13	9.57	37560154	352035040.00
2014/11/26	9.49	9.50	9.27	9.37	26102527	244184064.00
2014/11/27	9.40	9.51	9.15	9.38	27182437	254478512.00
2014/11/28	9.35	9.35	9.07	9.20	24548243	225373232.00
2014/12/01	9.18	9.58	9.17	9.31	24325510	228286256.00
2014/12/02	9.25	9.45	9.21	9.34	21440703	200303264.00
2014/12/03	9.42	10.06	9.29	9.89	49426559	475467616.00
2014/12/04	10.05	10.88	9.95	10.76	77851954	816826112.00
2014/12/05	10.50	10.50	9.68	9.78	59934982	599903040.00
2014/12/08	9.70	9.70	8.99	9.23	54427816	504602400.00
2014/12/09	9.10	9.10	8.50	8.53	49272438	434328000.00
2014/12/10	8.47	9.00	8.47	8.90	22690762	200001776.00
2014/12/11	8.90	9.21	8.73	9.11	22713785	203915728.00
2014/12/12	9.05	9.11	8.92	8.99	14276581	128753896.00
2014/12/15	8.93	9.17	8.80	9.15	14943018	135056320.00
2014/12/16	9.10	9.14	8.91	9.03	17454845	157097328.00
2014/12/17	9.03	9.03	8.58	8.75	22342179	196468896.00
2014/12/18	8.73	8.95	8.65	8.75	14418653	126647448.00
2014/12/19	8.74	8.89	8.60	8.76	15514311	135026896.00
2014/12/22	8.60	8.65	7.88	7.88	32654476	263176736.00
2014/12/23	7.95	8.00	7.51	7.73	21365234	164923600.00
2014/12/24	7.80	7.90	7.73	7.88	11655344	91238168.00
2014/12/25	7.89	8.06	7.86	7.98	12250531	97547528.00
2014/12/26	8.20	8.69	8.20	8.51	29947027	254536016.00
2014/12/29	8.69	9.08	8.62	8.90	37462691	332542720.00
2014/12/30	8.79	8.80	8.40	8.43	20137827	171798528.00
2014/12/31	8.40	8.43	8.08	8.35	15142259	124522544.00
2015/01/05	8.41	8.94	8.41	8.69	20925430	182631424.00
2015/01/06	8.59	8.89	8.40	8.79	19948161	171924512.00
2015/01/07	8.76	8.85	8.58	8.70	13253263	115511936.00
2015/01/08	8.70	8.70	8.50	8.53	11030221	94493808.00
2015/01/09	8.52	8.52	8.36	8.37	10266290	86707384.00
2015/01/12	8.20	8.48	8.07	8.32	12976408	106995240.00
2015/01/13	8.23	8.41	8.17	8.40	8379462	69489872.00
2015/01/14	8.39	8.39	8.17	8.32	9555964	79051520.00
2015/01/15	8.41	8.53	8.26	8.49	12176695	102526664.00
2015/01/16	8.88	9.00	8.64	8.68	25159291	221342864.00
2015/01/19	8.31	8.53	8.01	8.18	16509453	137020080.00
2015/01/20	8.20	8.46	8.19	8.43	10370981	86596408.00
2015/01/21	8.43	8.75	8.42	8.68	18042844	156022704.00
2015/01/22	8.65	8.85	8.58	8.81	19302970	168579456.00
2015/01/23	8.98	9.02	8.65	8.70	22231890	196147312.00
2015/01/26	8.80	9.20	8.72	9.16	32945288	295961280.00
2015/01/27	9.10	9.24	8.84	9.18	30252163	273729568.00
2015/01/28	9.46	9.50	9.12	9.16	32774060	304886496.00
2015/01/29	9.07	9.11	8.90	8.92	15373791	138100304.00
2015/01/30	8.99	9.06	8.75	8.91	12547497	111528768.00
2015/02/02	8.77	8.88	8.70	8.83	8927346	78629544.00
2015/02/03	8.82	8.90	8.76	8.88	10043495	88717344.00
2015/02/04	8.89	8.89	8.70	8.70	10912086	95846176.00
2015/02/05	8.81	8.84	8.57	8.59	10441643	91087728.00
2015/02/06	8.55	8.57	8.24	8.35	12141526	101948048.00
2015/02/09	8.38	8.42	8.16	8.34	6474999	53683112.00
2015/02/10	8.30	8.41	8.25	8.40	4737643	39613552.00
2015/02/11	8.41	8.46	8.35	8.45	5672006	47644088.00
2015/02/12	8.44	8.50	8.42	8.44	6028466	50981868.00
2015/02/13	8.49	8.67	8.47	8.62	9015270	77485512.00
2015/02/16	8.65	8.92	8.65	8.89	14083391	124647568.00
2015/02/17	8.90	8.97	8.84	8.90	9595284	85341696.00
2015/02/25	8.93	9.04	8.81	8.93	11755159	105034920.00
2015/02/26	9.00	9.02	8.86	8.97	12282929	109738480.00
2015/02/27	9.03	9.29	8.96	9.18	23025007	210685856.00
2015/03/02	9.30	9.34	9.15	9.30	26824325	248047488.00
2015/03/03	9.22	9.65	9.10	9.38	41319930	388360544.00
2015/03/04	9.30	9.40	9.17	9.40	23678836	219797600.00
2015/03/05	9.55	9.63	9.23	9.34	23238933	218549088.00
2015/03/06	9.43	9.84	9.42	9.50	34492231	330892416.00
2015/03/09	9.63	9.89	9.55	9.73	31308910	304486624.00
2015/03/10	9.75	9.75	9.55	9.62	30017675	288429248.00
2015/03/11	9.60	9.67	9.41	9.65	26631287	253126784.00
2015/03/12	9.64	9.85	9.60	9.70	29069261	282925824.00
2015/03/13	9.68	9.76	9.52	9.60	18662754	178970016.00
2015/03/16	9.65	10.00	9.61	9.94	37737031	369699104.00
2015/03/17	9.98	10.14	9.82	10.02	32820921	328073856.00
2015/03/18	10.03	10.28	9.94	10.24	32023305	324145344.00
2015/03/19	10.24	10.70	10.17	10.51	42131277	440983520.00
2015/03/20	10.46	10.58	10.35	10.46	29614375	309489440.00
2015/03/23	10.47	10.86	10.47	10.66	34408922	367481344.00
2015/03/24	10.85	10.98	10.10	10.48	45117327	475598336.00
2015/03/25	10.46	10.46	10.22	10.32	30711369	316726528.00
2015/03/26	10.25	10.42	10.15	10.29	30177976	310383680.00
2015/03/27	10.29	10.68	10.25	10.52	33903099	354634560.00
2015/03/30	10.56	10.76	10.39	10.68	35369780	374111104.00
2015/03/31	10.69	10.83	10.30	10.32	43676728	458557600.00
2015/04/01	10.28	10.48	10.21	10.42	26319433	272871392.00
2015/04/02	10.47	10.82	10.39	10.79	47476712	503526880.00
2015/04/03	10.80	11.68	10.80	11.52	79055120	893963520.00
2015/04/07	12.52	12.67	12.18	12.20	94700242	1174702720.00
2015/04/08	12.09	12.94	11.86	12.61	73905385	923264704.00
2015/04/09	12.57	12.57	11.76	12.19	45960194	557236928.00
2015/04/10	12.11	12.53	11.98	12.35	36823207	453955648.00
2015/04/13	12.40	13.24	12.26	13.06	58247410	741683200.00
2015/04/14	13.01	13.01	12.50	12.64	44951731	571417792.00
2015/04/15	12.51	12.56	11.88	11.97	36203677	440841952.00
2015/04/16	11.75	12.26	11.58	12.04	27645485	330177888.00
2015/04/17	12.21	12.44	12.04	12.16	32773793	399507264.00
2015/04/20	12.01	12.07	11.65	11.69	35366327	418410496.00
2015/04/21	11.68	12.23	11.68	12.16	29505748	354837568.00
2015/04/22	12.23	12.55	12.21	12.46	43258027	537243712.00
2015/04/23	12.47	13.71	12.12	13.71	92067758	1202574208.00
2015/04/24	13.71	14.45	13.40	13.87	101938609	1418789888.00
2015/04/27	13.95	14.00	13.42	13.60	57412943	784834112.00
2015/04/28	13.52	13.56	12.70	12.76	49573132	644997312.00
2015/04/29	12.68	13.19	12.52	13.08	31513324	410808192.00
2015/04/30	13.04	13.19	12.81	12.88	33284202	431333792.00
2015/05/05	12.86	12.86	12.86	12.86	0	0.00
数据来源:通达信
