600546 山煤国际 日线 前复权
      日期	    开盘	    最高	    最低	    收盘	    成交量	    成交额
2011/10/10	13.64	13.70	12.46	12.51	2724739	72637296.00
2011/10/11	12.78	13.00	11.49	12.16	3654921	91055784.00
2011/10/12	11.85	12.75	11.68	12.54	2312492	58236372.00
2011/10/13	12.45	12.79	12.38	12.61	2433420	63325732.00
2011/10/14	12.61	13.17	12.61	12.80	2465852	65192912.00
2011/10/17	13.16	13.18	12.90	12.95	1648477	44061096.00
2011/10/18	12.80	12.90	12.65	12.68	1447689	37923488.00
2011/10/19	12.75	12.75	12.40	12.50	935206	24142384.00
2011/10/20	12.41	12.60	11.46	11.70	2868647	69293528.00
2011/10/21	11.80	11.80	11.30	11.44	3191155	75394496.00
2011/10/24	11.45	11.80	11.29	11.70	4051657	96489592.00
2011/10/25	11.85	12.64	11.81	12.57	5604760	140748400.00
2011/10/26	12.40	12.90	12.30	12.69	4487439	116861872.00
2011/10/27	12.65	12.88	12.55	12.64	2442371	63803348.00
2011/10/28	12.95	13.50	12.95	13.38	4963496	134598608.00
2011/10/31	13.46	13.65	13.20	13.39	3506191	96653840.00
2011/11/01	13.23	13.69	13.10	13.43	3769954	104508560.00
2011/11/02	13.15	13.69	12.90	13.68	2981599	81334464.00
2011/11/03	13.67	13.94	13.53	13.68	3537839	99593808.00
2011/11/04	13.77	13.95	13.58	13.74	2075418	58467448.00
2011/11/07	13.70	13.99	13.46	13.58	1836188	51587436.00
2011/11/08	13.67	13.94	13.58	13.74	2300319	65005416.00
2011/11/09	13.88	13.95	13.45	13.85	2170006	61305340.00
2011/11/10	13.71	14.29	13.67	14.05	4011898	115357904.00
2011/11/11	14.26	14.40	13.54	13.61	5734569	163600016.00
2011/11/14	13.75	14.10	13.68	14.08	3483625	99721592.00
2011/11/15	14.05	14.13	13.91	14.05	2557501	73512424.00
2011/11/16	14.00	14.10	13.23	13.26	4499366	125542168.00
2011/11/17	13.36	13.53	13.00	13.05	5392589	146764736.00
2011/11/18	12.90	13.09	12.67	13.00	3679368	96547392.00
2011/11/21	12.87	13.58	12.66	12.77	4001269	105146672.00
2011/11/22	12.65	12.70	12.35	12.64	3468375	89243160.00
2011/11/23	12.61	12.73	12.41	12.44	2474855	63715552.00
2011/11/24	12.30	12.53	12.19	12.42	2651833	67190968.00
2011/11/25	12.42	12.48	12.08	12.13	2785356	70271344.00
2011/11/28	12.24	12.33	11.98	12.24	4359221	108744904.00
2011/11/29	12.40	12.79	12.24	12.78	7744875	199169888.00
2011/11/30	12.65	12.77	12.07	12.17	7557185	193959456.00
2011/12/01	12.73	13.13	12.66	12.71	7979242	210730320.00
2011/12/02	12.60	12.68	12.25	12.45	3034015	77655896.00
2011/12/05	12.43	12.48	12.08	12.10	1946437	49041060.00
2011/12/07	12.43	12.44	11.83	12.10	3067058	75993504.00
2011/12/08	11.90	12.05	11.65	11.81	4978617	120963520.00
2011/12/09	11.70	11.90	11.59	11.73	1980399	47805312.00
2011/12/12	11.75	11.87	11.32	11.35	1958432	46710720.00
2011/12/13	11.27	11.51	10.90	11.35	4252965	98149040.00
2011/12/14	11.18	11.43	11.09	11.22	2086976	48604488.00
2011/12/15	11.06	11.22	10.92	10.96	1994178	45366840.00
2011/12/16	10.98	11.37	10.94	11.28	2190163	50153268.00
2011/12/19	11.20	11.49	10.93	11.36	1557174	35860020.00
2011/12/20	11.35	11.54	11.09	11.12	1854669	43267104.00
2011/12/21	11.32	11.35	10.97	11.03	2412605	55387016.00
2011/12/22	10.90	11.33	10.65	11.19	2336303	52828976.00
2011/12/23	11.10	11.46	11.07	11.42	3791291	88648240.00
2011/12/26	11.30	11.43	11.15	11.25	1403448	32671716.00
2011/12/27	11.31	11.38	11.10	11.11	1620261	37465620.00
2011/12/28	10.91	11.40	10.79	11.29	1681726	38342816.00
2011/12/29	11.16	11.54	11.16	11.46	2157742	50559316.00
2011/12/30	11.48	12.05	11.43	11.78	3654905	88184728.00
2012/01/04	11.91	11.91	10.92	10.94	2854905	66891856.00
2012/01/05	10.94	11.11	10.73	10.82	1658940	37349692.00
2012/01/06	10.78	11.03	10.77	10.99	1644534	36995236.00
2012/01/09	11.04	12.05	10.91	12.01	4086967	98589752.00
2012/01/10	11.99	12.56	11.86	12.48	7811946	197431728.00
2012/01/11	12.41	12.53	12.04	12.24	5381175	135426704.00
2012/01/12	12.07	12.37	12.07	12.19	2998118	75537624.00
2012/01/13	12.17	12.30	11.59	11.61	3787659	92376288.00
2012/01/16	11.44	11.91	11.08	11.12	4379266	103939488.00
2012/01/17	11.20	12.12	11.12	12.09	4863610	116294768.00
2012/01/18	12.10	12.28	11.55	11.77	3660089	89955704.00
2012/01/19	11.79	12.17	11.57	12.16	3929959	96775816.00
2012/01/20	12.31	12.35	12.01	12.03	4986620	124675504.00
2012/01/30	12.05	12.12	11.80	12.01	2947888	72567520.00
2012/01/31	11.91	12.48	11.91	12.46	4486887	112998528.00
2012/02/01	12.42	12.42	11.99	12.11	2882539	72579600.00
2012/02/02	12.10	12.54	12.02	12.40	4448184	112792776.00
2012/02/03	12.33	12.61	12.21	12.55	4067430	103876016.00
2012/02/06	12.63	12.90	12.45	12.55	5905251	153987136.00
2012/02/07	12.43	12.58	12.24	12.47	2546962	64767464.00
2012/02/08	12.34	13.05	12.34	12.95	5636278	147991904.00
2012/02/09	12.86	13.20	12.78	13.00	5356011	143315296.00
2012/02/10	12.99	13.18	12.79	12.91	2977384	79300416.00
2012/02/13	12.85	13.04	12.60	12.85	3351287	87961832.00
2012/02/14	12.86	12.90	12.62	12.75	2335651	61002268.00
2012/02/15	12.70	13.04	12.64	12.84	3054636	80614936.00
2012/02/16	12.85	12.88	12.55	12.56	2802938	72997712.00
2012/02/17	12.71	12.75	12.46	12.62	2148601	55570584.00
2012/02/20	12.76	12.89	12.63	12.71	3577866	94010528.00
2012/02/21	12.79	12.88	12.56	12.86	3504518	91860504.00
2012/02/22	12.86	13.13	12.83	13.12	5078830	135755248.00
2012/02/23	13.11	13.42	13.00	13.35	5814217	158119344.00
2012/02/24	13.35	13.72	13.27	13.39	5687051	157727840.00
2012/02/27	13.52	13.67	13.42	13.51	5452223	151311536.00
2012/02/28	13.46	13.49	13.26	13.41	3398171	93427728.00
2012/02/29	13.28	13.51	13.28	13.40	2520619	69352808.00
2012/03/01	13.28	13.54	13.25	13.38	1788509	49113228.00
2012/03/02	13.43	13.72	13.36	13.54	3180802	88351352.00
2012/03/05	13.54	13.96	13.50	13.85	6091699	172197200.00
2012/03/06	13.88	13.88	13.42	13.58	3003166	83679320.00
2012/03/07	13.32	13.88	13.26	13.74	4362787	121497448.00
2012/03/08	13.74	13.84	13.65	13.73	2176277	61288544.00
2012/03/09	13.86	14.22	13.73	14.12	4056705	116768616.00
2012/03/12	14.02	14.23	13.69	13.87	2838283	81217560.00
2012/03/13	13.78	14.04	13.67	14.01	2508172	71214944.00
2012/03/14	14.10	14.15	13.21	13.34	3392616	95109672.00
2012/03/15	13.31	13.47	12.94	13.08	2211752	59666680.00
2012/03/16	13.15	13.38	12.93	13.32	2995136	81178832.00
2012/03/19	13.28	13.30	12.95	13.26	3898142	104899392.00
2012/03/20	13.30	13.47	12.90	12.93	3545270	96166968.00
2012/03/21	13.04	13.38	12.66	13.20	4223561	113987184.00
2012/03/22	13.21	13.33	13.13	13.20	2693774	73234040.00
2012/03/23	13.23	13.23	12.85	12.98	3391923	90402792.00
2012/03/26	13.00	13.09	12.73	12.87	1616062	42867944.00
2012/03/27	12.97	13.09	12.92	12.98	1447963	38645768.00
2012/03/28	12.86	12.98	12.40	12.45	1963205	50815728.00
2012/03/29	12.43	12.51	12.06	12.18	1440173	36360676.00
2012/03/30	12.25	12.35	12.13	12.24	1511099	37992512.00
2012/04/05	12.22	13.05	12.16	12.84	2264427	58771552.00
2012/04/06	12.85	13.06	12.85	12.97	2052961	54771008.00
2012/04/09	12.99	13.23	12.70	12.72	2826105	75625104.00
2012/04/10	12.72	12.90	12.49	12.90	2170980	56670320.00
2012/04/11	12.78	12.98	12.55	12.80	1129521	29765596.00
2012/04/12	12.96	13.24	12.96	13.18	2532354	68286040.00
2012/04/13	13.20	13.39	13.07	13.31	3496563	95317352.00
2012/04/16	13.25	13.86	13.13	13.68	5022858	139894144.00
2012/04/17	13.68	13.92	13.61	13.64	3983208	112576120.00
2012/04/18	13.64	13.98	13.36	13.84	4357660	122206432.00
2012/04/19	13.84	13.85	13.65	13.66	2638656	74240336.00
2012/04/20	13.28	13.76	13.24	13.60	3133505	87363456.00
2012/04/23	13.60	13.66	13.38	13.38	2700440	74829056.00
2012/04/24	13.38	13.64	13.08	13.27	2449940	66774920.00
2012/04/25	13.20	13.64	13.16	13.57	4401165	120935832.00
2012/04/26	13.54	13.90	13.50	13.72	2230010	62792240.00
2012/04/27	13.70	13.87	13.70	13.78	1901825	53859208.00
2012/05/02	13.94	15.10	13.75	14.62	6336707	189303296.00
2012/05/03	14.48	14.83	14.48	14.55	3284041	98368320.00
2012/05/04	14.65	14.95	14.38	14.87	3403152	102495808.00
2012/05/07	14.66	14.88	14.43	14.74	4010666	120355528.00
2012/05/08	14.63	14.75	14.51	14.67	2562238	76835168.00
2012/05/09	14.50	14.50	14.05	14.16	1698796	49865124.00
2012/05/10	14.19	14.39	14.13	14.16	1266256	36925576.00
2012/05/14	14.19	14.35	13.87	14.00	2607718	75216752.00
2012/05/15	13.88	14.07	13.63	14.01	1524486	43100988.00
2012/05/16	13.85	14.08	13.55	13.63	2663350	75702968.00
2012/05/17	13.65	13.98	13.62	13.80	3287705	93215152.00
2012/05/18	13.73	13.93	13.55	13.57	2152439	60519024.00
2012/05/21	13.65	13.90	13.36	13.84	2781916	78191104.00
2012/05/22	13.84	14.21	13.84	14.10	3410153	98326696.00
2012/05/23	14.10	14.40	14.00	14.32	3486900	101341304.00
2012/05/24	14.32	14.43	13.99	14.04	1426195	41455780.00
2012/05/25	14.06	14.19	13.90	14.02	664352	19060428.00
2012/05/28	13.97	14.31	13.72	14.30	1658240	47805188.00
2012/05/29	14.33	14.83	14.26	14.75	3381744	101351056.00
2012/05/30	14.75	14.78	14.52	14.55	1775753	53104172.00
2012/05/31	14.43	14.43	13.94	14.11	3078393	89272520.00
2012/06/01	14.16	14.28	13.79	13.86	2152399	61938592.00
2012/06/04	13.60	13.60	13.03	13.15	7101281	193425424.00
2012/06/05	13.18	13.25	13.04	13.13	1661526	44817960.00
2012/06/06	13.19	13.19	12.50	12.64	5565610	145098032.00
2012/06/07	12.74	12.79	12.24	12.40	4092605	105460320.00
2012/06/08	12.59	12.69	12.30	12.50	2915442	75071264.00
2012/06/11	12.59	12.85	12.39	12.77	2257685	58748504.00
2012/06/12	12.60	12.60	12.30	12.36	2428936	61963024.00
2012/06/13	12.42	12.45	12.15	12.38	2080383	52549384.00
2012/06/14	12.28	12.35	12.09	12.12	2363777	59329340.00
2012/06/15	12.22	12.24	11.85	12.09	2896051	71578536.00
2012/06/18	12.15	12.32	12.08	12.20	2901087	72753664.00
2012/06/19	12.22	12.22	11.90	11.93	2394819	59034200.00
2012/06/20	11.90	12.12	11.90	12.00	1432864	35459496.00
2012/06/21	11.90	11.90	11.05	11.21	12061657	280914688.00
2012/06/27	10.23	10.79	10.11	10.32	11407784	246039456.00
2012/06/28	10.32	10.45	9.55	9.95	11385611	236306256.00
2012/06/29	9.90	10.30	9.71	10.26	6999466	142543216.00
2012/07/02	10.41	10.83	10.16	10.20	9905953	211846944.00
2012/07/03	10.20	10.52	9.98	10.40	6867401	144458848.00
2012/07/04	10.55	10.74	10.32	10.45	5910114	127257208.00
2012/07/05	10.39	10.44	10.09	10.35	3952636	82736720.00
2012/07/06	10.40	10.60	10.14	10.56	4566980	96620504.00
2012/07/09	10.40	10.44	9.96	10.03	4673355	96793264.00
2012/07/10	9.92	10.08	9.81	10.00	3255279	66001108.00
2012/07/11	9.95	10.39	9.89	10.26	4482459	93139664.00
2012/07/12	10.20	11.31	10.11	11.31	16470408	370509440.00
2012/07/13	11.20	11.78	11.12	11.40	14052860	326787168.00
2012/07/16	11.48	11.59	11.19	11.36	7538100	174053568.00
2012/07/17	11.20	11.63	11.19	11.50	5540485	129055280.00
2012/07/18	11.45	11.53	10.88	11.38	4749682	108688880.00
2012/07/19	11.30	11.40	11.10	11.17	5315107	121728784.00
2012/07/20	11.16	11.22	10.70	10.78	4057585	90392712.00
2012/07/23	10.55	10.97	10.40	10.68	4478320	97741368.00
2012/07/24	10.49	10.97	10.49	10.87	3169464	69887912.00
2012/07/25	10.80	10.80	10.42	10.44	4323980	93230960.00
2012/07/26	10.45	10.64	10.35	10.39	2836484	60717424.00
2012/07/27	10.45	10.88	10.45	10.70	5545526	120494744.00
2012/07/30	10.68	11.09	10.65	11.01	7216005	160485856.00
2012/07/31	10.99	11.00	10.45	10.73	3975104	86515632.00
2012/08/01	10.56	11.24	10.51	11.04	4802281	107681232.00
2012/08/02	10.93	11.03	10.75	10.87	3193920	70557984.00
2012/08/03	10.90	11.15	10.81	11.13	3517492	78753808.00
2012/08/06	11.05	11.49	11.00	11.35	5104747	117610928.00
2012/08/07	11.27	11.45	11.22	11.39	5922900	137082976.00
2012/08/08	11.42	11.74	11.25	11.30	4949838	115554064.00
2012/08/09	11.22	11.32	11.07	11.25	3931139	89487768.00
2012/08/10	11.25	11.25	10.99	11.11	2623409	59195208.00
2012/08/13	11.03	11.10	10.80	10.82	1845733	41061384.00
2012/08/14	10.82	11.00	10.57	10.99	3219392	70704192.00
2012/08/15	10.89	10.92	10.70	10.73	1523317	33532612.00
2012/08/16	10.70	10.80	10.58	10.63	1565008	33968340.00
2012/08/17	10.65	10.67	10.50	10.58	1135513	24463692.00
2012/08/20	10.41	10.54	10.15	10.42	1992772	42099224.00
2012/08/21	10.43	10.62	10.34	10.53	1772832	38010916.00
2012/08/22	10.52	10.55	10.16	10.34	3651213	76655640.00
2012/08/23	10.35	10.55	10.30	10.44	3170526	67463176.00
2012/08/24	10.06	10.16	9.55	9.86	10562528	211271088.00
2012/08/27	9.75	9.75	9.25	9.49	5072262	97581736.00
2012/08/28	9.43	9.59	9.33	9.45	1958414	37656760.00
2012/08/29	9.36	9.43	9.10	9.13	2077960	39301180.00
2012/08/30	9.06	9.23	8.81	9.09	2647136	48827564.00
2012/08/31	9.01	9.08	8.87	9.00	2043284	37472816.00
2012/09/03	8.89	9.18	8.89	9.09	3079156	57080972.00
2012/09/04	9.20	9.20	8.90	8.93	3274184	60334324.00
2012/09/05	8.90	8.92	8.70	8.73	2554847	45851336.00
2012/09/06	8.75	8.89	8.51	8.65	5317139	93884112.00
2012/09/07	8.74	9.53	8.70	9.53	12066276	230001104.00
2012/09/10	9.49	9.79	9.45	9.68	10793483	211936688.00
2012/09/11	9.55	9.59	9.42	9.55	2734354	53026204.00
2012/09/12	9.66	10.08	9.63	9.89	8813088	177615696.00
2012/09/13	9.85	9.86	9.62	9.64	2913443	57946216.00
2012/09/14	9.98	10.10	9.76	9.85	5087301	102707664.00
2012/09/17	9.80	9.84	9.31	9.38	2893074	56439424.00
2012/09/18	9.30	9.30	8.95	9.06	4006270	74611232.00
2012/09/19	9.06	9.33	9.02	9.31	2468673	46211024.00
2012/09/20	9.19	9.19	8.89	8.92	2537806	47008756.00
2012/09/21	8.92	9.30	8.88	8.99	3012837	56144024.00
2012/09/24	8.85	9.44	8.65	9.31	3230148	60000640.00
2012/09/25	9.15	9.48	9.11	9.44	3417515	65024088.00
2012/09/26	9.44	9.69	9.35	9.39	5056077	98293080.00
2012/09/27	9.33	10.18	9.31	9.84	5235468	103734224.00
2012/09/28	9.60	10.13	9.60	10.07	6922397	140889424.00
2012/10/08	10.04	10.19	9.78	9.88	4702926	95858928.00
2012/10/09	9.91	10.30	9.91	10.19	4352802	90225504.00
2012/10/10	10.17	10.23	9.93	10.13	2463564	50707100.00
2012/10/11	10.02	10.06	9.71	9.75	3211405	64634640.00
2012/10/12	9.75	9.91	9.53	9.74	2182674	43404616.00
2012/10/15	9.73	9.74	9.29	9.41	2613944	50559816.00
2012/10/16	9.45	9.51	9.21	9.27	5126101	97886416.00
2012/10/17	9.33	9.36	9.14	9.27	3875547	73358528.00
2012/10/18	9.31	9.78	9.29	9.76	7222995	141385440.00
2012/10/19	9.72	9.75	9.61	9.66	2748928	54247308.00
2012/10/22	9.58	9.74	9.51	9.73	2766697	54366400.00
2012/10/23	9.71	9.91	9.44	9.47	3316248	64885456.00
2012/10/24	9.35	9.43	9.22	9.26	3103397	58911368.00
2012/10/25	9.28	9.43	9.06	9.09	2550640	48128688.00
2012/10/26	9.05	9.15	8.79	8.85	3416630	62277864.00
2012/10/29	8.75	8.92	8.72	8.91	1700284	30715092.00
2012/10/30	8.86	9.18	8.86	8.92	2499964	46199260.00
2012/10/31	8.88	9.05	8.73	9.02	1829630	33380392.00
2012/11/01	9.02	9.25	9.00	9.20	2907211	54291828.00
2012/11/02	9.17	9.27	9.14	9.26	2330781	43883812.00
2012/11/05	9.26	9.55	9.26	9.34	3572050	68715216.00
2012/11/06	9.29	9.29	9.04	9.18	2176236	40645812.00
2012/11/07	9.16	9.42	9.15	9.26	1959336	37163076.00
2012/11/08	9.16	9.16	8.85	8.87	2058316	37884112.00
2012/11/09	8.86	8.95	8.75	8.82	1469638	26494528.00
2012/11/12	8.80	8.93	8.73	8.81	1385454	24969424.00
2012/11/13	8.74	8.80	8.49	8.50	2158115	38053096.00
2012/11/14	8.53	8.57	8.44	8.50	1659684	28886256.00
2012/11/15	8.46	8.70	8.18	8.62	2328442	39945372.00
2012/11/16	8.49	8.53	8.35	8.48	1268420	21886296.00
2012/11/19	8.40	8.50	8.31	8.46	1443440	24809468.00
2012/11/20	8.46	8.52	8.33	8.34	1125362	19442556.00
2012/11/21	8.40	8.50	8.21	8.50	1511503	25968684.00
2012/11/22	8.44	8.46	8.35	8.37	1167937	20087442.00
2012/11/23	8.44	8.54	8.37	8.47	2101812	36543932.00
2012/11/26	8.44	8.44	8.20	8.39	1609886	27425866.00
2012/11/27	8.28	8.29	7.98	8.07	2073227	34379716.00
2012/11/28	8.05	8.15	7.89	8.10	1612303	26456136.00
2012/11/29	8.04	8.20	8.00	8.07	1552610	25857370.00
2012/11/30	8.06	8.19	7.80	8.15	2756006	45128768.00
2012/12/03	8.05	8.05	7.31	7.49	8727968	134421088.00
2012/12/04	7.30	7.35	6.98	7.30	7874419	115778440.00
2012/12/05	7.20	7.63	7.13	7.50	8999476	137938848.00
2012/12/06	7.49	7.50	7.13	7.29	7427799	110963480.00
2012/12/07	7.23	8.02	7.18	7.50	22351565	345048352.00
2012/12/10	7.45	7.97	7.45	7.87	16271896	257758880.00
2012/12/11	7.77	8.24	7.76	8.02	10999639	179807120.00
2012/12/12	7.94	8.02	7.80	7.89	7379509	119541072.00
2012/12/13	7.85	7.94	7.68	7.69	4923731	78410680.00
2012/12/14	7.63	8.21	7.63	8.12	10918537	178992800.00
2012/12/17	8.08	8.67	8.08	8.44	14389995	250122880.00
2012/12/18	8.39	8.60	8.23	8.32	8213932	140781744.00
2012/12/19	8.25	8.58	8.25	8.49	7901636	137037456.00
2012/12/20	8.45	8.61	8.23	8.57	5729064	98774784.00
2012/12/21	8.64	8.94	8.46	8.50	8310353	147651040.00
2012/12/24	8.40	8.60	8.33	8.42	3454938	59855924.00
2012/12/25	8.38	9.18	8.35	9.06	11969317	216175632.00
2012/12/26	9.03	9.25	8.98	9.22	6373089	118719720.00
2012/12/27	9.56	10.11	9.42	9.44	14070144	278134784.00
2012/12/28	9.49	9.88	9.48	9.79	12610244	249957488.00
2012/12/31	9.83	10.15	9.83	9.98	8735930	177363840.00
2013/01/04	10.08	10.27	9.88	9.88	11929347	245701056.00
2013/01/07	9.80	10.25	9.55	10.22	6487661	132914176.00
2013/01/08	10.15	10.15	9.81	10.00	8505943	173004976.00
2013/01/09	10.01	10.29	9.74	10.25	7195753	147376592.00
2013/01/10	10.20	10.55	10.10	10.18	12923490	273977664.00
2013/01/11	10.12	10.25	9.75	9.83	5215458	105950456.00
2013/01/14	9.77	10.36	9.55	10.31	6426830	132074296.00
2013/01/15	10.28	10.64	10.28	10.39	6759925	144731264.00
2013/01/16	10.50	10.64	10.16	10.39	5200638	110395784.00
2013/01/17	10.37	10.43	10.14	10.29	4598446	96476992.00
2013/01/18	10.39	10.80	10.38	10.51	4518757	97657048.00
2013/01/21	10.53	11.05	10.33	10.74	8920321	196117728.00
2013/01/22	10.80	10.94	10.58	10.59	4330496	95086528.00
2013/01/23	10.58	10.72	10.09	10.45	5139800	108484232.00
2013/01/24	10.43	10.68	9.79	10.14	8717163	181941680.00
2013/01/25	10.03	10.31	10.00	10.00	2987185	61728744.00
2013/01/28	9.98	10.32	9.98	10.30	4678464	97317552.00
2013/01/29	10.35	10.90	10.35	10.76	6779999	148143088.00
2013/01/30	10.74	11.03	10.53	10.92	7009765	154092480.00
2013/01/31	10.88	11.30	10.68	11.02	8959655	202385184.00
2013/02/01	10.92	11.10	10.79	11.09	2874795	63945408.00
2013/02/04	11.16	11.59	10.96	11.30	14912291	341710336.00
2013/02/05	11.15	11.53	11.06	11.20	11470560	264075424.00
2013/02/06	11.20	11.31	10.82	10.84	5028158	112903576.00
2013/02/07	10.82	10.93	10.42	10.87	8545188	184536080.00
2013/02/08	10.75	10.94	10.70	10.82	3428299	75702056.00
2013/02/18	10.90	10.90	10.53	10.63	4042021	87717496.00
2013/02/19	10.73	10.73	10.04	10.10	5664238	118460240.00
2013/02/20	10.23	10.23	10.02	10.16	4088298	84110528.00
2013/02/21	10.03	10.03	9.15	9.49	14905349	289030240.00
2013/02/22	9.38	9.51	9.28	9.30	6398511	122575992.00
2013/02/25	9.34	9.47	9.26	9.30	4689931	89455112.00
2013/02/26	9.21	9.35	9.00	9.22	5989239	112204560.00
2013/02/27	9.26	9.34	9.15	9.30	3505311	66253352.00
2013/02/28	9.33	9.68	9.32	9.64	5720393	110976344.00
2013/03/01	9.62	9.81	9.47	9.59	5418533	106671024.00
2013/03/04	9.05	9.05	8.61	8.61	15528323	276301664.00
2013/03/05	8.55	8.71	8.23	8.68	14691676	253062944.00
2013/03/06	8.68	8.70	8.32	8.68	15800796	274608896.00
2013/03/07	8.55	9.03	8.50	8.80	14106409	253271632.00
2013/03/08	8.75	8.80	8.58	8.63	6705420	118688072.00
2013/03/11	8.63	8.68	8.46	8.66	5108652	89267304.00
2013/03/12	8.60	8.77	8.35	8.45	6722929	117799856.00
2013/03/13	8.45	8.58	8.43	8.54	4029371	70082384.00
2013/03/14	8.54	8.70	8.50	8.66	3730408	65616964.00
2013/03/15	8.60	8.74	8.46	8.52	3884376	68411864.00
2013/03/18	8.45	8.50	8.26	8.37	4093245	70372288.00
2013/03/19	8.36	8.56	8.32	8.50	3355574	57967232.00
2013/03/20	8.50	8.78	8.48	8.73	7530549	133358896.00
2013/03/21	8.74	8.92	8.60	8.86	7710601	138770496.00
2013/03/22	8.84	8.95	8.71	8.86	4342943	78376832.00
2013/03/25	8.82	8.92	8.70	8.74	3553791	63671904.00
2013/03/26	8.69	8.69	8.37	8.45	3974064	69005616.00
2013/03/27	8.50	8.55	8.31	8.46	3839445	66244376.00
2013/03/28	8.35	8.36	8.10	8.20	4732922	79179152.00
2013/03/29	8.20	8.40	8.01	8.32	5394816	90084496.00
2013/04/01	8.20	8.35	8.12	8.30	4664984	78446032.00
2013/04/02	8.21	8.33	8.20	8.29	3781369	63930080.00
2013/04/03	8.34	8.34	8.15	8.21	1689191	28503760.00
2013/04/08	8.05	8.05	7.68	7.86	4959534	79565040.00
2013/04/09	7.85	8.04	7.84	7.95	3265899	53208384.00
2013/04/10	8.03	8.21	7.97	8.20	4589156	75991104.00
2013/04/11	8.20	8.26	8.13	8.16	3112189	52217492.00
2013/04/12	8.15	8.24	8.09	8.10	2049805	34221416.00
2013/04/15	8.10	8.10	7.59	7.61	4526920	71544392.00
2013/04/16	7.48	7.68	7.35	7.63	5737140	89234744.00
2013/04/17	7.58	7.77	7.56	7.73	3428353	54054444.00
2013/04/18	7.65	7.79	7.58	7.64	2577523	40623008.00
2013/04/19	7.61	8.01	7.61	8.00	3890462	62743716.00
2013/04/22	7.99	8.23	7.95	8.20	4000461	66412292.00
2013/04/23	8.20	8.29	7.70	7.82	5371926	87594064.00
2013/04/24	7.78	8.08	7.78	8.01	2690662	43708264.00
2013/04/25	7.95	8.07	7.77	7.91	2725868	44301220.00
2013/04/26	8.00	8.03	7.73	7.74	4654541	75450264.00
2013/05/02	7.74	7.74	7.29	7.31	6539048	99855344.00
2013/05/03	7.38	7.48	7.32	7.38	8076573	122685168.00
2013/05/06	7.45	7.53	7.41	7.46	8149913	124921056.00
2013/05/07	7.45	7.70	7.36	7.63	11125084	172566944.00
2013/05/08	7.64	7.71	7.49	7.53	9231663	143230816.00
2013/05/09	7.50	7.55	7.03	7.15	28070107	414616384.00
2013/05/10	7.10	7.25	7.05	7.23	11537562	169634272.00
2013/05/13	7.25	7.25	7.06	7.10	12312710	180298000.00
2013/05/14	7.10	7.12	6.90	6.98	9023656	129546768.00
2013/05/15	6.96	7.00	6.90	6.95	6716364	95926072.00
2013/05/16	6.94	7.12	6.83	7.11	12046543	173132976.00
2013/05/17	7.09	7.53	7.03	7.45	24796087	368895584.00
2013/05/20	7.43	7.63	7.33	7.51	20299788	311608512.00
2013/05/21	7.48	7.62	7.45	7.55	14121748	218769664.00
2013/05/22	7.55	7.67	7.40	7.63	21013458	326024384.00
2013/05/23	7.62	7.63	7.41	7.44	17457153	270047520.00
2013/05/24	7.46	7.52	7.35	7.44	11963217	182336464.00
2013/05/27	7.43	7.47	7.36	7.39	9268841	141017472.00
2013/05/28	7.42	7.64	7.33	7.63	20995844	323655168.00
2013/05/29	7.64	7.64	7.53	7.54	14797989	230050928.00
2013/05/30	7.47	7.62	7.44	7.50	12919152	199888016.00
2013/05/31	7.55	7.66	7.47	7.48	15101952	234054992.00
2013/06/03	7.47	7.67	7.44	7.58	14897081	231772336.00
2013/06/04	7.57	7.57	7.29	7.35	12865792	195411152.00
2013/06/05	7.35	7.37	7.16	7.18	10891431	162333952.00
2013/06/06	7.19	7.29	7.05	7.06	9585594	141497008.00
2013/06/07	7.08	7.13	6.76	6.81	14848050	210236448.00
2013/06/13	6.75	6.75	6.32	6.48	11604105	153895776.00
2013/06/14	6.57	6.61	6.48	6.50	9561874	128405248.00
2013/06/17	6.54	6.66	6.44	6.61	8808383	119085144.00
2013/06/18	6.61	6.71	6.58	6.67	9147362	125253912.00
2013/06/19	6.62	6.73	6.43	6.64	8637091	116960040.00
2013/06/20	6.54	6.56	6.36	6.38	7142149	95227896.00
2013/06/21	6.24	6.52	6.11	6.40	10979040	142712224.00
2013/06/24	6.35	6.40	5.89	6.04	10517538	133025568.00
2013/06/25	6.00	6.09	5.44	5.81	11476310	137064592.00
2013/06/26	5.82	5.87	5.67	5.76	7697028	91707912.00
2013/06/27	5.80	5.91	5.56	5.58	8240526	98159016.00
2013/06/28	5.53	5.79	5.38	5.72	11025878	128827264.00
2013/07/01	5.66	5.71	5.53	5.66	9279657	108007184.00
2013/07/02	5.64	5.65	5.49	5.57	8574843	98703104.00
2013/07/03	5.57	5.62	5.43	5.50	9343155	106573488.00
2013/07/04	5.43	5.75	5.32	5.60	18707100	215325840.00
2013/07/05	5.57	5.65	5.51	5.52	13606691	156754224.00
2013/07/08	5.41	5.41	5.21	5.21	11466381	126279920.00
2013/07/09	5.16	5.31	5.14	5.19	7809312	84463104.00
2013/07/10	5.21	5.53	5.19	5.51	13480664	150078816.00
2013/07/11	5.53	5.86	5.52	5.85	23633014	280317920.00
2013/07/12	5.80	5.84	5.61	5.61	15838873	187462704.00
2013/07/15	5.65	5.74	5.58	5.61	12528038	146172496.00
2013/07/16	5.60	5.68	5.57	5.67	10857973	126521064.00
2013/07/17	5.65	5.81	5.60	5.61	17318993	204797024.00
2013/07/18	5.55	5.57	5.32	5.34	15016701	169054480.00
2013/07/19	5.38	5.41	5.12	5.14	12522926	137378928.00
2013/07/22	5.07	5.20	5.05	5.20	7681311	81883976.00
2013/07/23	5.19	5.43	5.18	5.34	11613502	128393648.00
2013/07/24	5.27	5.33	5.13	5.20	10652989	115063120.00
2013/07/25	5.20	5.37	5.17	5.32	11381437	124784856.00
2013/07/26	5.36	5.37	5.23	5.26	10977126	120947632.00
2013/07/29	5.20	5.38	5.18	5.28	8401617	91950760.00
2013/07/30	5.35	5.53	5.32	5.42	15020676	168897952.00
2013/07/31	5.45	5.50	5.34	5.38	9013861	101221544.00
2013/08/01	5.34	5.60	5.34	5.51	16514561	188408912.00
2013/08/02	5.58	5.78	5.50	5.69	24618817	287893184.00
2013/08/05	5.69	5.95	5.63	5.83	21973940	128568656.00
2013/08/06	5.74	5.82	5.57	5.72	40598137	233245904.00
2013/08/07	5.72	6.01	5.67	5.80	42521552	249892288.00
2013/08/08	5.78	5.82	5.65	5.67	24559982	141919056.00
2013/08/09	5.72	5.87	5.69	5.80	35300812	205816848.00
2013/08/12	5.84	6.39	5.79	6.39	79400707	491028576.00
2013/08/13	6.63	6.81	6.43	6.48	111091697	737047872.00
2013/08/14	6.47	6.70	6.34	6.41	58436389	382659008.00
2013/08/15	6.37	6.46	6.29	6.35	31105549	199698336.00
2013/08/16	6.30	6.78	6.15	6.21	53484317	341936192.00
2013/08/19	6.05	6.24	6.00	6.19	33806140	208131680.00
2013/08/20	6.13	6.15	5.93	5.98	41320799	251062736.00
2013/08/21	5.94	6.12	5.88	6.02	33185701	200579936.00
2013/08/22	5.98	6.05	5.91	5.92	22879362	137596656.00
2013/08/23	5.99	6.01	5.71	5.82	26174368	154870064.00
2013/08/26	5.85	5.95	5.83	5.94	23348909	139028032.00
2013/08/27	5.94	5.98	5.87	5.92	23340729	139266688.00
2013/08/28	5.89	6.07	5.84	6.01	38422035	231719504.00
2013/08/29	5.97	6.00	5.83	5.85	26535474	157579392.00
2013/08/30	5.85	5.87	5.70	5.71	24120926	140373872.00
2013/09/02	5.75	5.86	5.65	5.80	19214053	111630352.00
2013/09/03	5.80	5.90	5.77	5.89	20944937	123552624.00
2013/09/04	5.88	6.00	5.80	5.91	23599434	140051312.00
2013/09/05	5.87	5.87	5.79	5.80	13882599	81568568.00
2013/09/06	5.80	5.85	5.76	5.82	13950823	81662360.00
2013/09/09	5.85	5.99	5.81	5.95	29540324	176462880.00
2013/09/10	5.96	6.20	5.95	6.09	40773655	248915920.00
2013/09/11	6.11	6.51	6.03	6.35	76037168	483005408.00
2013/09/12	6.28	6.32	6.17	6.24	32487819	204270160.00
2013/09/13	6.22	6.23	6.05	6.07	26975532	166224656.00
2013/09/16	6.10	6.12	5.99	6.01	16887687	102756928.00
2013/09/17	6.02	6.02	5.78	5.80	23264033	137923184.00
2013/09/18	5.80	5.85	5.76	5.83	11091388	64926800.00
2013/09/23	5.85	5.92	5.83	5.92	15381132	91135008.00
2013/09/24	5.92	5.92	5.78	5.81	16807405	98631072.00
2013/09/25	5.81	5.85	5.75	5.77	15655841	91462184.00
2013/09/26	5.76	5.76	5.61	5.62	18252279	104455488.00
2013/09/27	5.59	5.78	5.59	5.68	13510290	77718616.00
2013/09/30	5.70	5.71	5.63	5.66	11110935	63457916.00
2013/10/08	5.63	5.70	5.54	5.69	14497657	82148464.00
2013/10/09	5.66	5.69	5.62	5.67	10920603	62237680.00
2013/10/10	5.67	5.67	5.53	5.60	15682768	88617392.00
2013/10/11	5.65	5.73	5.64	5.68	13839405	79233360.00
2013/10/14	5.68	5.78	5.67	5.76	17756057	102883992.00
2013/10/15	5.76	5.78	5.63	5.68	19800550	113855656.00
2013/10/16	5.65	5.67	5.54	5.57	16119434	90670784.00
2013/10/17	5.60	5.86	5.57	5.69	27243320	157270928.00
2013/10/18	5.67	5.69	5.62	5.66	11045602	62963176.00
2013/10/21	5.65	5.78	5.59	5.70	19762647	113277264.00
2013/10/22	5.65	5.84	5.63	5.75	26529954	153212752.00
2013/10/23	5.75	5.83	5.69	5.72	22579728	130941000.00
2013/10/24	5.70	5.72	5.58	5.60	15721741	89301504.00
2013/10/25	5.60	5.68	5.46	5.61	19506144	109417032.00
2013/10/28	5.55	5.60	5.45	5.47	12474412	69207136.00
2013/10/29	5.46	5.53	5.20	5.29	20822790	112432464.00
2013/10/30	5.29	5.38	5.25	5.38	11280325	60666852.00
2013/10/31	5.34	5.37	5.29	5.33	8379850	45063368.00
2013/11/01	5.33	5.48	5.30	5.43	12439697	67764272.00
2013/11/04	5.43	5.46	5.36	5.39	8017927	43669920.00
2013/11/05	5.36	5.37	5.31	5.37	9439957	50876184.00
2013/11/06	5.37	5.47	5.32	5.34	16137641	87886696.00
2013/11/07	5.32	5.41	5.31	5.34	10622706	57490768.00
2013/11/08	5.33	5.37	5.21	5.21	11120801	59204212.00
2013/11/11	5.20	5.23	5.17	5.20	7324621	38468032.00
2013/11/12	5.21	5.35	5.19	5.28	10319515	54970848.00
2013/11/13	5.24	5.26	5.12	5.13	9213115	48222968.00
2013/11/14	5.14	5.22	5.14	5.17	7912931	41356100.00
2013/11/15	5.18	5.29	5.15	5.23	13211608	69968608.00
2013/11/18	5.24	5.37	5.22	5.36	14549475	78059472.00
2013/11/19	5.37	5.38	5.30	5.35	10463117	56412448.00
2013/11/20	5.40	5.41	5.31	5.37	10665675	57703124.00
2013/11/21	5.45	5.91	5.41	5.91	98986672	584748928.00
2013/11/22	5.95	6.44	5.91	6.10	154810883	961872832.00
2013/11/25	6.04	6.23	5.85	6.18	81483086	496963808.00
2013/11/26	6.07	6.23	5.97	6.02	54534450	334674464.00
2013/11/27	6.01	6.13	5.85	6.11	53917343	325049312.00
2013/11/28	6.21	6.33	6.05	6.07	72173565	450454656.00
2013/11/29	6.00	6.07	5.89	6.00	36911249	222072048.00
2013/12/02	5.80	5.93	5.46	5.60	43245326	249937600.00
2013/12/03	5.55	5.79	5.54	5.73	28481163	163533872.00
2013/12/04	5.70	5.86	5.67	5.78	30847956	179943872.00
2013/12/05	5.77	5.94	5.76	5.88	34550157	204898352.00
2013/12/06	5.85	5.88	5.75	5.79	18395913	107660792.00
2013/12/09	5.83	5.88	5.72	5.76	15389336	89411504.00
2013/12/10	5.78	5.79	5.67	5.68	19838882	114392704.00
2013/12/11	5.66	5.67	5.50	5.54	21705128	121676128.00
2013/12/12	5.50	5.57	5.50	5.53	10874404	60788604.00
2013/12/13	5.51	5.53	5.46	5.50	13239069	73370320.00
2013/12/16	5.52	5.54	5.33	5.35	20031644	109540456.00
2013/12/17	5.40	5.40	5.30	5.36	9619508	51973344.00
2013/12/18	5.35	5.39	5.31	5.33	7574718	40842200.00
2013/12/19	5.34	5.42	5.31	5.35	13655626	73912088.00
2013/12/20	5.36	5.41	5.19	5.22	18697692	99872056.00
2013/12/23	5.21	5.23	5.01	5.05	22938419	117497192.00
2013/12/24	5.05	5.12	5.03	5.08	11849036	60727824.00
2013/12/25	5.08	5.09	4.98	5.06	15703957	79621096.00
2013/12/26	5.03	5.04	4.81	4.84	27033672	133729600.00
2013/12/27	4.83	4.89	4.78	4.86	15913821	77847728.00
2013/12/30	4.86	4.90	4.81	4.83	11496375	56292772.00
2013/12/31	4.80	5.02	4.75	4.90	17186985	84883656.00
2014/01/02	4.86	4.93	4.82	4.87	13402072	65758696.00
2014/01/03	4.83	4.85	4.76	4.79	9235877	44737904.00
2014/01/06	4.79	4.80	4.50	4.51	15728705	73048976.00
2014/01/07	4.51	4.58	4.48	4.51	8843548	40501912.00
2014/01/08	4.52	4.54	4.36	4.37	16242203	73012656.00
2014/01/09	4.36	4.47	4.33	4.35	13129088	58324748.00
2014/01/10	4.35	4.48	4.25	4.40	15766759	69815800.00
2014/01/13	4.37	4.47	4.32	4.39	10116932	44938308.00
2014/01/14	4.37	4.42	4.28	4.42	10717863	47144168.00
2014/01/15	4.40	4.42	4.32	4.35	8618424	37961432.00
2014/01/16	4.35	4.44	4.32	4.36	13062735	57950888.00
2014/01/17	4.34	4.36	4.18	4.19	14360665	61785500.00
2014/01/20	4.16	4.19	4.10	4.15	10804183	45291448.00
2014/01/21	4.16	4.20	4.14	4.17	7831339	33066052.00
2014/01/22	4.18	4.33	4.15	4.30	14764658	63749084.00
2014/01/23	4.29	4.32	4.24	4.28	12908322	55884404.00
2014/01/24	4.28	4.39	4.25	4.32	11397323	49971888.00
2014/01/27	4.32	4.38	4.26	4.33	12671391	55327356.00
2014/01/28	4.33	4.37	4.26	4.26	9183460	39972032.00
2014/01/29	4.27	4.29	4.18	4.18	14171157	60451528.00
2014/01/30	4.16	4.16	4.03	4.07	12538581	52211408.00
2014/02/07	4.08	4.12	4.04	4.11	8088692	33398520.00
2014/02/10	4.12	4.35	4.11	4.28	17115207	73342584.00
2014/02/11	4.28	4.44	4.22	4.38	29554325	129846496.00
2014/02/12	4.36	4.38	4.31	4.34	16006934	70219056.00
2014/02/13	4.31	4.41	4.27	4.28	19317830	84840720.00
2014/02/14	4.27	4.34	4.27	4.32	9972421	43351288.00
2014/02/17	4.34	4.39	4.29	4.37	28866795	126484176.00
2014/02/18	4.37	4.37	4.22	4.25	24907359	108010824.00
2014/02/19	4.24	4.27	4.19	4.21	36282795	154768272.00
2014/02/20	4.22	4.33	4.20	4.23	36829940	158919200.00
2014/02/21	4.22	4.22	4.06	4.10	25217082	105628064.00
2014/02/24	4.07	4.07	3.91	3.93	25250104	101198520.00
2014/02/25	3.93	3.95	3.78	3.80	22494293	88346944.00
2014/02/26	3.78	3.83	3.73	3.80	20706826	79291088.00
2014/02/27	3.81	3.82	3.64	3.65	22438237	85040752.00
2014/02/28	3.65	3.66	3.53	3.64	28807527	105298496.00
2014/03/03	3.61	3.67	3.59	3.62	19452385	71579680.00
2014/03/04	3.60	3.61	3.53	3.54	23120701	83507096.00
2014/03/05	3.56	3.71	3.55	3.62	32561540	119603888.00
2014/03/06	3.58	3.63	3.53	3.61	17144205	62202972.00
2014/03/07	3.59	3.66	3.53	3.55	19170847	69805072.00
2014/03/10	3.54	3.54	3.31	3.32	23133319	80147064.00
2014/03/11	3.32	3.45	3.29	3.37	16996350	58124552.00
2014/03/12	3.35	3.49	3.33	3.43	20680331	71680160.00
2014/03/13	3.42	3.58	3.38	3.47	25900967	91492040.00
2014/03/14	3.40	3.48	3.38	3.42	14544442	50568080.00
2014/03/17	3.43	3.56	3.39	3.53	20619252	73124488.00
2014/03/18	3.51	3.55	3.47	3.50	14128030	50176596.00
2014/03/19	3.48	3.55	3.43	3.54	18125904	64262312.00
2014/03/20	3.51	3.54	3.38	3.40	17938267	63355044.00
2014/03/21	3.38	3.75	3.36	3.75	47119265	172818432.00
2014/03/24	3.94	4.00	3.83	3.97	110462652	437144416.00
2014/03/25	3.91	4.07	3.86	4.04	79455906	317842368.00
2014/03/26	4.00	4.01	3.86	3.89	40890248	162164720.00
2014/03/27	3.87	3.96	3.80	3.82	42813217	168537968.00
2014/03/28	3.82	3.89	3.77	3.83	28723930	111316136.00
2014/03/31	3.82	3.87	3.66	3.70	29658855	113262152.00
2014/04/01	3.71	3.78	3.68	3.74	18858633	71208016.00
2014/04/02	3.72	3.93	3.72	3.85	39198510	152917744.00
2014/04/03	3.86	3.87	3.74	3.76	21114474	81305728.00
2014/04/04	3.73	3.86	3.71	3.84	21823927	84437272.00
2014/04/08	3.82	4.06	3.80	3.99	53290910	214406304.00
2014/04/09	4.00	4.01	3.91	3.96	31422549	125756208.00
2014/04/10	3.96	4.00	3.88	3.95	39604404	158191200.00
2014/04/11	3.92	3.95	3.87	3.91	19802113	78270856.00
2014/04/14	3.91	3.97	3.87	3.92	19129716	75891760.00
2014/04/15	3.90	3.90	3.80	3.81	18699669	72782848.00
2014/04/16	3.79	3.85	3.75	3.78	17003912	65313944.00
2014/04/17	3.78	3.80	3.75	3.75	11879866	45381176.00
2014/04/18	3.73	3.87	3.72	3.80	21940431	84658464.00
2014/04/21	3.76	3.82	3.66	3.69	15316018	58209844.00
2014/04/22	3.66	3.70	3.58	3.65	14933717	55081868.00
2014/04/23	3.63	3.72	3.61	3.64	11955296	44375384.00
2014/04/24	3.64	3.71	3.60	3.64	15539782	57782328.00
2014/04/25	3.65	3.66	3.51	3.52	14111554	51368776.00
2014/04/28	3.50	3.52	3.31	3.32	24927581	85672840.00
2014/04/29	3.32	3.41	3.32	3.41	15583494	53528316.00
2014/04/30	3.41	3.44	3.37	3.39	12384478	42738280.00
2014/05/05	3.39	3.43	3.33	3.42	11567399	39572440.00
2014/05/06	3.41	3.48	3.40	3.44	13634875	47546104.00
2014/05/07	3.42	3.47	3.39	3.41	14635693	51055780.00
2014/05/08	3.40	3.76	3.39	3.76	43272067	160336640.00
2014/05/09	3.76	4.04	3.67	3.87	98844141	385663520.00
2014/05/12	3.84	4.26	3.78	4.26	94809790	392986432.00
2014/05/13	4.35	4.50	4.07	4.10	137159128	592709888.00
2014/05/14	4.06	4.12	3.94	3.97	83752415	340191936.00
2014/05/15	3.97	3.98	3.83	3.85	48326507	190401456.00
2014/05/16	3.84	3.89	3.79	3.88	37407834	146102912.00
2014/05/19	3.84	3.87	3.74	3.81	28423938	109322992.00
2014/05/20	3.82	3.89	3.75	3.78	22562308	87038144.00
2014/05/21	3.76	4.10	3.72	3.99	80463769	322712672.00
2014/05/22	3.91	3.98	3.84	3.86	40763180	161757472.00
2014/05/23	3.84	3.89	3.76	3.83	31043029	119659488.00
2014/05/26	3.84	3.92	3.84	3.87	26800912	105277248.00
2014/05/27	3.85	3.86	3.77	3.80	20440044	78838504.00
2014/05/28	3.80	3.95	3.79	3.87	32644983	128200016.00
2014/05/29	3.85	3.87	3.76	3.77	24507384	94380704.00
2014/05/30	3.75	3.85	3.74	3.79	23209746	89391936.00
2014/06/03	3.78	3.91	3.77	3.81	26327592	102788544.00
2014/06/04	3.79	3.85	3.75	3.78	20122847	77178752.00
2014/06/05	3.77	3.81	3.73	3.80	17421227	66515116.00
2014/06/06	3.80	3.81	3.68	3.70	17448034	66137440.00
2014/06/09	3.68	3.68	3.59	3.59	23786926	87454224.00
2014/06/10	3.58	3.66	3.58	3.64	15786023	58006792.00
2014/06/11	3.62	3.65	3.60	3.64	13205914	48511892.00
2014/06/12	3.64	3.69	3.59	3.63	16155605	59524928.00
2014/06/13	3.63	3.71	3.62	3.68	18516574	68958288.00
2014/06/16	3.68	3.76	3.67	3.73	15194043	57295440.00
2014/06/17	3.71	3.74	3.64	3.66	13283239	49504356.00
2014/06/18	3.66	3.72	3.56	3.66	19348692	70294016.00
2014/06/19	3.64	3.65	3.50	3.51	17632483	62840560.00
2014/06/20	3.51	3.56	3.50	3.53	8340219	29480540.00
2014/06/23	3.54	3.65	3.53	3.58	12473410	44721868.00
2014/06/24	3.58	3.70	3.55	3.68	17954705	65517776.00
2014/06/25	3.68	3.83	3.62	3.72	32880342	122871008.00
2014/06/26	3.69	3.73	3.67	3.72	15180476	56183696.00
2014/06/27	3.65	3.67	3.56	3.60	42373689	152663024.00
2014/06/30	3.56	3.59	3.53	3.58	18937395	67543864.00
2014/07/01	3.58	3.64	3.55	3.60	18123357	65099528.00
2014/07/02	3.59	3.96	3.56	3.96	47637902	181986160.00
2014/07/03	3.95	4.01	3.86	3.89	74194281	292154496.00
2014/07/04	3.85	3.94	3.76	3.88	52745398	203312864.00
2014/07/07	3.87	3.93	3.81	3.87	32589581	126229232.00
2014/07/08	3.87	3.90	3.81	3.87	22493061	86751032.00
2014/07/09	3.92	3.92	3.77	3.78	22183948	85136336.00
2014/07/10	3.77	3.97	3.76	3.84	44557594	172501664.00
2014/07/11	3.81	3.87	3.79	3.84	28340165	108439576.00
2014/07/14	3.83	3.91	3.82	3.90	25079376	96903720.00
2014/07/15	3.91	4.04	3.88	3.99	62592892	248183728.00
2014/07/16	3.97	4.04	3.90	3.92	30230177	119271344.00
2014/07/17	3.91	3.92	3.83	3.85	21040188	81396048.00
2014/07/18	3.82	3.97	3.81	3.90	26684500	104246248.00
2014/07/21	3.88	3.95	3.85	3.90	20163782	78749632.00
2014/07/22	3.88	4.08	3.87	4.04	62398535	250873424.00
2014/07/23	4.01	4.14	3.98	4.01	53866282	218209200.00
2014/07/24	4.00	4.38	3.99	4.26	93544840	390244256.00
2014/07/25	4.24	4.39	4.16	4.32	82397271	353494944.00
2014/07/28	4.37	4.60	4.30	4.47	99135340	442147360.00
2014/07/29	4.46	4.46	4.35	4.39	64363418	282643712.00
2014/07/30	4.36	4.48	4.31	4.32	62142652	272314688.00
2014/07/31	4.34	4.45	4.27	4.42	54747296	239015072.00
2014/08/01	4.39	4.59	4.35	4.42	85168858	380258272.00
2014/08/04	4.39	4.65	4.37	4.62	86294233	389962528.00
2014/08/05	4.60	4.80	4.54	4.57	100438690	468713664.00
2014/08/06	4.59	4.64	4.45	4.63	57214024	260002416.00
2014/08/07	4.59	4.66	4.45	4.49	53540883	243067232.00
2014/08/08	4.48	4.52	4.40	4.44	33336665	148148512.00
2014/08/11	4.45	4.51	4.42	4.49	32386567	144835232.00
2014/08/12	4.48	4.51	4.41	4.46	31634316	140768464.00
2014/08/13	4.45	4.61	4.39	4.58	70005516	316489856.00
2014/08/14	4.55	4.56	4.41	4.42	40216420	179944288.00
2014/08/15	4.39	4.53	4.39	4.48	30182374	134664016.00
2014/08/18	4.48	4.56	4.45	4.50	22039535	98931536.00
2014/08/19	4.50	4.63	4.48	4.54	51668105	235481040.00
2014/08/20	4.51	4.54	4.43	4.49	31047238	139198960.00
2014/08/21	4.47	4.50	4.38	4.41	31340994	138700336.00
2014/08/22	4.40	4.45	4.36	4.42	23509083	103452288.00
2014/08/25	4.42	4.45	4.34	4.37	22736833	99621016.00
2014/08/26	4.34	4.40	4.15	4.18	33404464	142478656.00
2014/08/27	4.18	4.24	4.16	4.19	17313814	72692056.00
2014/08/28	4.19	4.28	4.16	4.17	17239972	72668648.00
2014/08/29	4.15	4.21	4.11	4.21	13612738	56735440.00
2014/09/01	4.20	4.26	4.17	4.24	21403454	90208432.00
2014/09/02	4.24	4.33	4.21	4.33	28229790	120522144.00
2014/09/03	4.33	4.44	4.31	4.35	33358302	146000976.00
2014/09/04	4.36	4.39	4.32	4.38	22329022	97193632.00
2014/09/05	4.38	4.43	4.35	4.41	36820217	161809712.00
2014/09/09	4.40	4.54	4.36	4.47	44978041	200397568.00
2014/09/10	4.43	4.45	4.39	4.43	25747003	113706336.00
2014/09/11	4.43	4.50	4.39	4.42	32556902	144659168.00
2014/09/12	4.41	4.46	4.37	4.45	22210341	98158736.00
2014/09/15	4.45	4.57	4.45	4.53	49130751	222219648.00
2014/09/16	4.53	4.62	4.41	4.43	66179579	298967264.00
2014/09/17	4.44	4.45	4.34	4.43	29902516	131656888.00
2014/09/18	4.40	4.56	4.37	4.54	50234901	225971408.00
2014/09/19	4.52	4.63	4.48	4.60	52159712	238448608.00
2014/09/22	4.60	4.60	4.46	4.49	41345127	186935024.00
2014/09/23	4.49	4.55	4.46	4.52	25823817	116461480.00
2014/09/24	4.51	4.67	4.43	4.66	60550535	277506528.00
2014/09/25	4.65	4.73	4.59	4.62	54616265	253677056.00
2014/09/26	4.59	4.66	4.56	4.62	30064412	138789472.00
2014/09/29	4.61	4.75	4.59	4.74	55360931	258398416.00
2014/09/30	4.82	4.92	4.72	4.74	88976224	428655744.00
2014/10/08	4.71	4.75	4.65	4.73	42700187	200703424.00
2014/10/09	4.74	4.85	4.66	4.84	61897344	294789024.00
2014/10/10	4.84	4.93	4.75	4.80	62587718	302950144.00
2014/10/13	4.80	5.01	4.74	5.00	75375314	369279872.00
2014/10/14	4.98	5.02	4.87	5.01	64186521	317031264.00
2014/10/15	4.96	4.99	4.89	4.94	33280591	164307168.00
2014/10/16	4.92	4.98	4.78	4.80	35157188	172229504.00
2014/10/17	4.77	4.82	4.58	4.62	41748852	194944096.00
2014/10/20	4.64	4.68	4.61	4.66	22097395	102581192.00
2014/10/21	4.66	4.69	4.50	4.53	30508216	140322976.00
2014/10/22	4.54	4.60	4.47	4.52	20738890	93857984.00
2014/10/23	4.50	4.56	4.42	4.46	22418038	100393344.00
2014/10/24	4.44	4.48	4.42	4.44	11935365	53159652.00
2014/10/27	4.44	4.51	4.39	4.47	16565453	73912912.00
2014/10/28	4.47	4.56	4.46	4.56	24460622	110849544.00
2014/10/29	4.56	4.64	4.53	4.59	34383576	157542016.00
2014/10/30	4.59	4.74	4.57	4.67	48751457	226614960.00
2014/10/31	4.69	5.14	4.65	5.14	187360130	948463488.00
2014/11/03	5.15	5.33	5.07	5.23	139982477	724882944.00
2014/11/04	5.17	5.33	5.11	5.25	134673379	703997504.00
2014/11/05	5.19	5.20	5.00	5.03	97267289	494066688.00
2014/11/06	5.02	5.05	4.91	5.05	62447979	311476608.00
2014/11/07	5.03	5.12	4.90	4.94	59067773	296386208.00
2014/11/10	4.93	5.12	4.86	5.05	65199536	326624896.00
2014/11/11	5.06	5.24	4.85	4.97	109512014	557485120.00
2014/11/12	4.94	5.12	4.86	5.12	56049336	283577056.00
2014/11/13	5.16	5.20	4.98	5.16	70658495	360663776.00
2014/11/14	5.12	5.24	5.05	5.17	76245980	393949408.00
2014/11/17	5.16	5.18	5.00	5.03	43915083	222489008.00
2014/11/18	5.00	5.01	4.88	4.90	40155358	198248544.00
2014/11/19	4.92	4.94	4.86	4.93	25318791	124059064.00
2014/11/20	4.93	4.95	4.86	4.88	26353569	129143464.00
2014/11/21	4.87	4.95	4.78	4.95	40598002	197365968.00
2014/11/24	4.99	5.14	4.95	5.11	72937449	369939456.00
2014/11/25	5.16	5.46	5.12	5.39	120463395	636327808.00
2014/11/26	5.36	5.49	5.26	5.44	114790220	618308800.00
2014/11/27	5.49	5.65	5.34	5.42	101383026	555421760.00
2014/11/28	5.42	5.44	5.18	5.36	82307851	436158432.00
2014/12/01	5.34	5.63	5.29	5.48	113550863	624362048.00
2014/12/02	5.49	5.58	5.36	5.54	92176795	505074560.00
2014/12/03	5.54	5.80	5.49	5.68	131979210	748176384.00
2014/12/04	5.69	6.21	5.69	6.19	140572502	842054080.00
2014/12/05	6.19	6.20	5.57	5.79	132414708	781767296.00
2014/12/08	5.70	6.04	5.59	5.90	85205542	496208448.00
2014/12/09	5.76	6.08	5.38	5.51	113986561	661674752.00
2014/12/10	5.50	5.64	5.37	5.62	64468443	355099552.00
2014/12/11	5.56	5.66	5.45	5.62	59547268	331201664.00
2014/12/12	5.63	5.73	5.52	5.59	72693914	407992192.00
2014/12/15	5.57	5.58	5.45	5.55	48160974	265360960.00
2014/12/16	5.56	5.85	5.53	5.83	112366259	639633920.00
2014/12/17	5.81	5.81	5.58	5.69	68429854	389525408.00
2014/12/18	5.66	5.82	5.62	5.64	57536906	328814848.00
2014/12/19	5.60	5.86	5.50	5.81	95589682	547805504.00
2014/12/22	5.88	6.28	5.79	6.06	164128119	991034112.00
2014/12/23	5.95	5.97	5.51	5.66	81170020	466202112.00
2014/12/24	5.64	5.71	5.41	5.54	66385835	369954208.00
2014/12/25	5.56	5.69	5.54	5.68	48288103	271265568.00
2014/12/26	5.70	5.83	5.61	5.80	66742164	382107968.00
2014/12/29	5.80	5.94	5.60	5.69	72057262	417101920.00
2014/12/30	5.68	5.69	5.50	5.53	54109030	302119744.00
2014/12/31	5.54	5.68	5.45	5.67	45258638	252459504.00
2015/01/05	5.74	6.24	5.68	6.24	198297360	1210456192.00
2015/01/06	6.26	6.36	5.98	6.06	171079858	1054578432.00
2015/01/07	6.00	6.12	5.90	6.09	76942696	462304672.00
2015/01/08	6.06	6.17	5.90	5.94	69881910	421939904.00
2015/01/09	5.91	6.05	5.85	5.87	50979856	303502976.00
2015/01/12	5.80	5.81	5.57	5.62	51691705	293031680.00
2015/01/13	5.60	5.66	5.53	5.58	36473928	203547632.00
2015/01/14	5.59	5.65	5.46	5.53	31273217	173761088.00
2015/01/15	5.55	5.74	5.47	5.72	35461027	198766912.00
2015/01/16	5.73	5.83	5.65	5.70	38391326	219935408.00
2015/01/19	5.45	5.50	5.13	5.13	64371846	341418336.00
2015/01/20	5.12	5.24	5.10	5.22	42737005	221271152.00
2015/01/21	5.22	5.40	5.16	5.39	49483245	262306832.00
2015/01/22	5.35	5.53	5.31	5.44	46047126	250615984.00
2015/01/23	5.49	5.52	5.34	5.39	35366157	191613792.00
2015/01/26	5.35	5.48	5.30	5.46	31024182	167404176.00
2015/01/27	5.47	5.52	5.30	5.43	36029797	195304624.00
2015/01/28	5.41	5.41	5.31	5.32	32185635	172042336.00
2015/01/29	5.26	5.38	5.20	5.32	30650411	163180384.00
2015/01/30	5.34	5.37	5.21	5.22	22956040	121107568.00
2015/02/02	4.97	5.04	4.86	4.92	42447713	210652752.00
2015/02/03	4.93	5.00	4.91	4.99	27591937	136835376.00
2015/02/04	5.03	5.08	4.94	4.95	27870751	139802016.00
2015/02/05	5.01	5.04	4.80	4.82	33738069	165894336.00
2015/02/06	4.81	4.83	4.61	4.66	31329564	148485248.00
2015/02/09	4.65	4.73	4.64	4.70	17232841	80853992.00
2015/02/10	4.71	4.78	4.69	4.77	13820193	65543204.00
2015/02/11	4.77	4.83	4.74	4.78	17210199	82180376.00
2015/02/12	4.78	4.79	4.71	4.78	14177962	67409552.00
2015/02/13	4.81	4.92	4.79	4.86	29334630	142602416.00
2015/02/16	4.86	4.92	4.84	4.89	19310528	94469128.00
2015/02/17	4.91	4.93	4.88	4.91	19637615	96239480.00
2015/02/25	4.91	4.93	4.84	4.90	20300782	99353864.00
2015/02/26	4.90	5.05	4.87	5.05	30543308	152076416.00
2015/02/27	5.02	5.07	4.99	5.04	24339189	122446760.00
2015/03/02	5.05	5.16	5.01	5.12	32927229	167535200.00
2015/03/03	5.08	5.10	4.98	4.98	33379327	168160512.00
2015/03/04	4.97	5.06	4.97	5.04	22637630	113517680.00
2015/03/05	5.04	5.06	4.95	4.98	22518558	112518224.00
2015/03/06	4.98	5.13	4.96	5.07	41597555	210133056.00
2015/03/09	5.06	5.13	4.97	5.12	32191114	162488544.00
2015/03/10	5.11	5.20	5.09	5.18	42963948	222071376.00
2015/03/11	5.18	5.24	5.12	5.15	27061553	140024816.00
2015/03/12	5.16	5.21	5.12	5.19	36366729	188295984.00
2015/03/13	5.20	5.34	5.19	5.26	56209556	296714784.00
2015/03/16	5.29	5.34	5.20	5.33	53550949	284073760.00
2015/03/17	5.34	5.46	5.30	5.45	64128093	344971872.00
2015/03/18	5.43	5.64	5.42	5.62	75470734	418529408.00
2015/03/19	5.62	5.75	5.55	5.64	74684399	420453568.00
2015/03/20	5.64	5.73	5.55	5.59	65037236	364378464.00
2015/03/23	5.60	6.08	5.59	5.90	109384283	630752704.00
2015/03/24	5.86	5.97	5.58	5.81	85918917	497264960.00
2015/03/25	5.71	5.84	5.66	5.73	55138130	316557504.00
2015/03/26	5.73	6.04	5.67	5.92	93071967	546894656.00
2015/03/27	5.88	6.14	5.83	5.92	78353226	469921824.00
2015/03/30	5.89	6.05	5.86	6.04	75974235	454765472.00
2015/03/31	6.08	6.12	5.90	5.94	70098036	422002112.00
2015/04/01	5.95	6.05	5.91	6.02	59183908	354142112.00
2015/04/02	6.05	6.28	6.01	6.21	90305208	553508096.00
2015/04/03	6.17	6.57	6.10	6.39	98235567	619108096.00
2015/04/07	6.41	7.03	6.40	6.81	146482012	996985024.00
2015/04/08	6.80	6.82	6.45	6.74	93295879	619879488.00
2015/04/09	6.69	6.72	6.25	6.57	84015642	547374912.00
2015/04/10	6.45	6.79	6.42	6.68	84320601	561488768.00
2015/04/13	6.68	6.98	6.61	6.84	100077019	680548992.00
2015/04/14	6.81	6.95	6.70	6.89	82309281	563173056.00
2015/04/15	6.89	6.96	6.56	6.58	72220364	488562720.00
2015/04/16	6.54	6.72	6.36	6.71	59716180	394027360.00
2015/04/17	6.74	7.15	6.68	6.82	99259895	688696064.00
2015/04/20	6.70	7.36	6.60	6.88	123837047	857559040.00
2015/04/21	6.76	7.20	6.75	7.12	81855294	569895872.00
2015/04/22	7.12	7.43	7.09	7.29	83403209	605203264.00
2015/04/23	7.29	7.98	7.17	7.65	139239830	1049088384.00
2015/04/24	7.62	8.20	7.51	7.89	131044627	1039413312.00
2015/04/27	7.96	8.68	7.96	8.67	150727869	1281941376.00
2015/04/28	8.60	8.86	8.08	8.25	119044871	1009038272.00
2015/04/29	8.08	8.46	7.85	8.18	75584124	616677120.00
2015/04/30	8.22	8.58	8.01	8.12	80428400	671351104.00
2015/05/05	8.12	8.12	8.12	8.12	0	0.00
数据来源:通达信
