600270 外运发展 日线 前复权
      日期	    开盘	    最高	    最低	    收盘	    成交量	    成交额
2011/10/10	5.82	5.97	5.82	5.93	978476	6446169.00
2011/10/11	6.12	6.13	5.91	5.96	1418006	9516898.00
2011/10/12	5.81	6.23	5.81	6.22	3583478	24446560.00
2011/10/13	6.20	6.29	6.17	6.23	2471132	17133478.00
2011/10/14	6.23	6.26	6.13	6.21	1512970	10430146.00
2011/10/17	6.22	6.33	6.17	6.21	1400203	9721446.00
2011/10/18	6.18	6.23	5.99	6.00	1869913	12772865.00
2011/10/19	6.08	6.11	5.95	6.04	1770644	11900506.00
2011/10/20	5.97	5.99	5.66	5.71	3949838	25516328.00
2011/10/21	5.74	5.74	5.54	5.61	2594734	16445260.00
2011/10/24	5.62	5.77	5.59	5.74	2227281	14245268.00
2011/10/25	5.75	5.95	5.71	5.92	2642715	17344622.00
2011/10/26	5.90	6.40	5.84	6.27	6759639	45840156.00
2011/10/27	6.22	6.29	6.16	6.17	7257435	50343308.00
2011/10/28	6.25	6.28	6.13	6.24	4204810	29070636.00
2011/10/31	6.25	6.29	6.18	6.26	2730212	18940582.00
2011/11/01	6.20	6.32	6.15	6.27	3115356	21663672.00
2011/11/02	6.20	6.32	6.07	6.32	4180626	28786936.00
2011/11/03	6.34	6.47	6.32	6.41	5472081	38906392.00
2011/11/04	6.42	6.45	6.34	6.42	3807658	27028654.00
2011/11/07	6.39	6.48	6.36	6.42	2377048	16925196.00
2011/11/08	6.42	6.44	6.31	6.33	2424819	17137110.00
2011/11/09	6.35	6.38	6.21	6.37	2332404	16352641.00
2011/11/10	6.29	6.31	6.17	6.17	2962470	20507428.00
2011/11/11	6.22	6.22	6.11	6.16	2165085	14884032.00
2011/11/14	6.22	6.32	6.20	6.31	2825390	19704024.00
2011/11/15	6.30	6.37	6.27	6.37	3398277	23826044.00
2011/11/16	6.38	6.39	6.13	6.20	2758862	19197724.00
2011/11/17	6.20	6.22	6.10	6.12	2302311	15759815.00
2011/11/18	6.10	6.12	5.92	5.94	2704788	18129952.00
2011/11/21	5.96	6.16	5.93	6.14	2364315	15907536.00
2011/11/22	6.08	6.26	5.99	6.23	3564286	24338456.00
2011/11/23	6.15	6.22	6.09	6.12	3504785	24010982.00
2011/11/24	6.01	6.11	5.93	5.98	1459997	9804471.00
2011/11/25	5.99	6.07	5.92	5.96	1021898	6836877.00
2011/11/28	5.95	6.04	5.95	5.97	832056	5550485.00
2011/11/29	6.04	6.08	6.00	6.06	1253050	8450453.00
2011/11/30	6.06	6.07	5.67	5.73	2712985	17678100.00
2011/12/01	5.87	5.98	5.81	5.82	2446860	16130433.00
2011/12/02	5.83	5.89	5.75	5.81	1382680	9014691.00
2011/12/05	5.77	5.80	5.63	5.63	991153	6338581.00
2011/12/06	5.64	5.68	5.59	5.66	1070449	6776565.00
2011/12/07	5.67	5.81	5.64	5.78	3108185	19991266.00
2011/12/08	5.69	5.87	5.67	5.80	2911025	18875698.00
2011/12/09	5.72	5.80	5.63	5.63	1430345	9164804.00
2011/12/12	5.63	5.66	5.55	5.56	1008402	6346994.00
2011/12/13	5.52	5.56	5.35	5.39	1539028	9456444.00
2011/12/14	5.39	5.44	5.29	5.30	944644	5721564.00
2011/12/15	5.30	5.30	5.09	5.17	1868629	10989478.00
2011/12/16	5.18	5.34	5.10	5.33	1595729	9458559.00
2011/12/19	5.31	5.32	5.14	5.31	1070962	6359712.00
2011/12/20	5.25	5.36	5.25	5.26	762160	4568084.00
2011/12/21	5.30	5.33	5.15	5.15	1041201	6204652.00
2011/12/22	5.13	5.13	4.96	5.08	1249166	7175020.00
2011/12/23	5.04	5.24	5.04	5.15	1081193	6340319.00
2011/12/26	5.13	5.49	5.13	5.36	3136319	18889304.00
2011/12/27	5.38	5.38	5.23	5.25	1865497	11149920.00
2011/12/28	5.20	5.24	5.10	5.21	974019	5706305.00
2011/12/29	5.24	5.24	5.11	5.12	1219825	7157927.00
2011/12/30	5.14	5.20	5.11	5.19	1528474	8950741.00
2012/01/04	5.22	5.25	5.06	5.07	1287811	7561496.00
2012/01/05	5.06	5.06	4.90	4.96	2079678	11794841.00
2012/01/06	4.96	5.18	4.96	5.15	2443785	14101702.00
2012/01/09	5.15	5.39	5.10	5.36	2980267	17833720.00
2012/01/10	5.32	5.56	5.32	5.53	3253252	20078774.00
2012/01/11	5.52	5.54	5.38	5.46	3075332	18927628.00
2012/01/12	5.43	5.59	5.39	5.40	2141862	13200344.00
2012/01/13	5.43	5.43	5.21	5.25	2025584	12142490.00
2012/01/16	5.25	5.28	5.13	5.18	825460	4874920.00
2012/01/17	5.24	5.55	5.12	5.53	3980114	24287144.00
2012/01/18	5.50	5.69	5.42	5.55	5636175	35428468.00
2012/01/19	5.50	5.69	5.42	5.59	2731292	17149368.00
2012/01/20	5.61	5.63	5.47	5.54	4651955	28984240.00
2012/01/30	5.58	5.59	5.48	5.48	1551376	9660352.00
2012/01/31	5.53	5.54	5.38	5.51	1511436	9333449.00
2012/02/01	5.49	5.55	5.41	5.46	1454191	8970230.00
2012/02/02	5.42	5.53	5.42	5.53	1523687	9439606.00
2012/02/03	5.53	5.62	5.49	5.59	2853142	17889948.00
2012/02/06	5.59	5.63	5.50	5.54	2405385	15077025.00
2012/02/07	5.55	5.55	5.43	5.45	1280110	7883581.00
2012/02/08	5.45	5.59	5.38	5.59	2779784	17249792.00
2012/02/09	5.58	5.71	5.52	5.61	4163721	26431362.00
2012/02/10	5.60	5.67	5.57	5.61	2320384	14682571.00
2012/02/13	5.57	5.72	5.55	5.67	3398442	21624572.00
2012/02/14	5.67	5.72	5.59	5.64	2408130	15263561.00
2012/02/15	5.64	5.86	5.60	5.77	5349747	34551692.00
2012/02/16	5.76	5.91	5.72	5.89	5862207	38184992.00
2012/02/17	5.88	5.91	5.79	5.87	3600082	23619364.00
2012/02/20	5.90	5.93	5.81	5.82	2544141	16686928.00
2012/02/21	5.79	5.90	5.72	5.89	3492282	22798108.00
2012/02/22	5.88	5.97	5.83	5.94	6482127	42836900.00
2012/02/23	5.94	6.00	5.90	5.96	3371517	22390726.00
2012/02/24	5.96	6.02	5.90	6.01	3838774	25580152.00
2012/02/27	6.02	6.21	6.01	6.08	6236839	42566932.00
2012/02/28	6.05	6.17	5.97	6.14	4753327	32212204.00
2012/02/29	6.14	6.57	6.01	6.35	15473045	108280808.00
2012/03/01	6.33	6.41	6.22	6.32	10286682	72525992.00
2012/03/02	6.30	6.38	6.23	6.38	6097592	42802608.00
2012/03/05	6.37	6.44	6.32	6.38	4352979	30806932.00
2012/03/06	6.33	6.33	6.14	6.25	4382001	30304308.00
2012/03/07	6.20	6.89	6.18	6.34	7249450	51858388.00
2012/03/08	6.34	6.57	6.31	6.42	10079904	71931216.00
2012/03/09	6.40	6.74	6.30	6.66	12222772	88401920.00
2012/03/12	6.64	6.82	6.60	6.64	6294146	46607092.00
2012/03/13	6.64	6.68	6.54	6.64	3300403	24095316.00
2012/03/14	6.66	6.71	6.28	6.34	6169732	44285392.00
2012/03/15	6.30	6.37	6.16	6.20	3659971	25428212.00
2012/03/16	6.12	6.37	6.12	6.36	3194885	22256446.00
2012/03/19	6.32	6.43	6.32	6.39	2478425	17553320.00
2012/03/20	6.35	6.38	6.12	6.18	2533478	17542392.00
2012/03/21	6.17	6.27	6.15	6.24	1465775	10117500.00
2012/03/22	6.30	6.49	6.30	6.44	5595100	39809724.00
2012/03/23	6.41	6.46	6.33	6.40	2347219	16612773.00
2012/03/26	6.40	6.78	6.40	6.64	8896253	65284296.00
2012/03/27	6.66	6.82	6.61	6.67	6860253	51059480.00
2012/03/28	6.69	6.73	6.28	6.32	5122615	36850064.00
2012/03/29	6.29	6.36	6.15	6.30	2079115	14457272.00
2012/03/30	6.25	6.46	6.21	6.30	2313773	16319897.00
2012/04/05	6.30	6.58	6.20	6.53	3420133	24303924.00
2012/04/06	6.55	6.62	6.44	6.60	3943773	28542652.00
2012/04/09	6.56	6.76	6.51	6.59	3542847	26097002.00
2012/04/10	6.53	6.73	6.35	6.72	3329689	24168424.00
2012/04/11	6.61	7.04	6.56	6.96	10291775	78182992.00
2012/04/12	6.95	7.04	6.86	6.96	8759527	66972020.00
2012/04/13	6.90	7.03	6.85	6.93	5585656	42734764.00
2012/04/16	6.84	7.14	6.74	7.03	5899110	45032004.00
2012/04/17	7.00	7.13	6.85	6.90	6037668	46417452.00
2012/04/19	7.05	7.10	6.86	6.95	3876213	29680632.00
2012/04/20	6.90	7.21	6.88	7.16	5660945	44109964.00
2012/04/23	7.16	7.17	6.95	7.03	5059312	39276744.00
2012/04/24	6.95	7.08	6.70	6.83	4356396	32949736.00
2012/04/25	6.85	7.12	6.81	7.06	3849217	29562608.00
2012/04/26	7.07	7.10	6.89	6.93	2939048	22563018.00
2012/04/27	6.89	6.89	6.76	6.78	3544416	26641194.00
2012/05/02	6.91	7.15	6.78	7.12	5894126	45426204.00
2012/05/03	7.08	7.50	7.08	7.39	12032750	97070784.00
2012/05/04	7.37	7.43	7.20	7.39	6272637	50229256.00
2012/05/07	7.36	7.65	7.30	7.60	9607819	79168944.00
2012/05/08	7.55	7.75	7.45	7.69	8792228	73170080.00
2012/05/09	7.63	7.63	7.34	7.37	6998744	57327096.00
2012/05/10	7.45	7.54	7.29	7.46	5368096	43704580.00
2012/05/11	7.41	7.67	7.27	7.37	6539589	53213160.00
2012/05/14	7.43	7.59	7.19	7.44	5926600	48072436.00
2012/05/15	7.34	7.41	7.21	7.37	5717019	45752212.00
2012/05/16	7.36	7.37	7.21	7.22	3444196	27420216.00
2012/05/17	7.23	7.34	7.07	7.30	5056317	40068768.00
2012/05/18	7.19	7.23	6.71	6.73	7411776	56555836.00
2012/05/22	6.82	6.87	6.70	6.78	5317023	39699352.00
2012/05/23	6.69	7.22	6.52	7.15	12480145	94650768.00
2012/05/24	7.10	7.22	6.90	6.93	5452966	42530212.00
2012/05/25	6.93	7.13	6.85	6.96	3921996	30170796.00
2012/05/28	6.95	7.16	6.80	7.15	3291488	25386526.00
2012/05/29	7.15	7.42	7.09	7.40	6183270	49554400.00
2012/05/30	7.38	7.46	7.29	7.40	3587822	28927704.00
2012/05/31	7.37	7.52	7.30	7.44	3316055	26973252.00
2012/06/01	7.40	7.49	7.22	7.32	2897050	23387780.00
2012/06/04	7.19	7.29	6.97	6.99	2728073	21412360.00
2012/06/05	6.95	7.18	6.91	7.06	1917963	14811551.00
2012/06/06	7.03	7.14	6.97	7.01	1914360	14843733.00
2012/06/07	7.09	7.15	6.76	6.78	3902590	29743660.00
2012/06/08	6.87	6.90	6.54	6.61	3722076	27525000.00
2012/06/11	6.63	6.93	6.58	6.91	3231166	24105456.00
2012/06/12	6.82	6.89	6.75	6.84	1111114	8355500.00
2012/06/13	6.93	6.98	6.82	6.97	1037636	7699978.00
2012/06/14	6.96	6.97	6.69	6.70	3047271	22194900.00
2012/06/15	6.72	6.78	6.66	6.74	2106140	15196296.00
2012/06/18	6.78	7.18	6.76	6.92	2653389	19826992.00
2012/06/19	6.92	6.96	6.83	6.91	1546286	11442776.00
2012/06/20	6.93	7.00	6.89	6.92	1502393	11138832.00
2012/06/21	6.96	6.96	6.74	6.81	2765784	20157984.00
2012/06/25	6.79	6.85	6.58	6.62	1245190	9006403.00
2012/06/26	6.61	6.77	6.59	6.73	2015269	14445704.00
2012/06/27	6.73	6.82	6.66	6.70	1463869	10601147.00
2012/06/28	6.71	6.82	6.55	6.59	1907026	13697585.00
2012/06/29	6.45	6.66	6.39	6.62	1481204	10381588.00
2012/07/02	6.66	6.79	6.47	6.78	2984047	21353004.00
2012/07/03	6.71	6.87	6.69	6.80	2525999	18456946.00
2012/07/04	6.74	6.85	6.72	6.82	1366083	9994609.00
2012/07/05	6.84	6.85	6.61	6.68	1928794	13842277.00
2012/07/06	6.71	6.80	6.48	6.71	1976853	14037037.00
2012/07/09	6.65	6.79	6.57	6.59	1720470	12366299.00
2012/07/10	6.56	6.70	6.51	6.64	2153863	15254603.00
2012/07/11	6.61	6.70	6.57	6.65	1114437	7965734.00
2012/07/12	6.66	6.74	6.52	6.65	2857248	20371992.00
2012/07/13	6.68	6.70	6.40	6.41	2634211	18523286.00
2012/07/16	6.40	6.40	5.72	5.72	6840470	43623928.00
2012/07/17	5.61	5.72	5.45	5.70	4248258	25823660.00
2012/07/18	5.61	5.77	5.56	5.76	2143363	13208988.00
2012/07/19	5.70	5.84	5.70	5.81	3326262	20901626.00
2012/07/20	5.77	5.81	5.73	5.80	2148024	13466866.00
2012/07/23	5.72	5.85	5.65	5.67	1783549	11058928.00
2012/07/24	5.67	5.80	5.62	5.79	1365153	8546604.00
2012/07/25	5.79	5.82	5.66	5.68	852576	5334238.00
2012/07/26	5.68	5.78	5.62	5.64	840520	5191584.00
2012/07/27	5.66	5.75	5.61	5.73	997946	6166841.00
2012/07/30	5.72	5.84	5.69	5.78	1503174	9389376.00
2012/07/31	5.71	5.83	5.71	5.78	1317271	8281518.00
2012/08/01	5.76	6.00	5.76	5.97	2067868	13274427.00
2012/08/02	5.98	6.01	5.83	5.97	1673262	10752665.00
2012/08/03	5.88	6.02	5.88	6.02	1638909	10599943.00
2012/08/06	6.02	6.12	5.94	6.10	2034778	13329084.00
2012/08/07	6.06	6.20	6.03	6.20	2238248	14823505.00
2012/08/08	6.26	6.26	5.96	6.12	3360374	22060272.00
2012/08/09	6.09	6.21	5.98	6.20	3008616	19806238.00
2012/08/10	6.13	6.28	6.12	6.19	1947665	13087559.00
2012/08/13	6.20	6.20	6.05	6.06	1352571	8937078.00
2012/08/14	6.05	6.09	5.95	6.05	1362412	8896437.00
2012/08/15	6.03	6.20	6.01	6.10	953959	6307864.00
2012/08/16	6.06	6.14	6.05	6.05	542279	3574944.00
2012/08/17	6.10	6.10	5.90	5.93	878576	5680752.00
2012/08/20	5.96	6.03	5.92	6.03	774324	5014944.00
2012/08/21	6.03	6.28	5.99	6.24	2281316	15149621.00
2012/08/22	6.24	6.25	6.03	6.09	1563423	10384441.00
2012/08/23	6.05	6.25	6.05	6.23	2461426	16435378.00
2012/08/24	6.23	6.25	6.14	6.16	1421182	9502498.00
2012/08/27	6.13	6.13	5.86	5.98	1344233	8748203.00
2012/08/28	5.96	6.06	5.90	6.01	586503	3808995.00
2012/08/29	5.95	6.01	5.74	5.81	2662351	16938536.00
2012/08/30	5.75	5.82	5.55	5.63	3732048	22822132.00
2012/08/31	5.59	5.64	5.53	5.60	1229893	7496388.00
2012/09/03	5.62	5.72	5.57	5.69	2546576	15730333.00
2012/09/04	5.70	5.72	5.58	5.61	1807834	11146949.00
2012/09/05	5.60	5.72	5.51	5.71	1690853	10332130.00
2012/09/06	5.71	5.85	5.68	5.79	1030222	6430165.00
2012/09/07	5.83	6.05	5.80	5.98	2495633	16091872.00
2012/09/10	5.99	6.03	5.93	6.00	1200365	7787806.00
2012/09/11	5.97	5.99	5.91	5.93	997146	6418313.00
2012/09/12	5.98	6.00	5.89	5.96	1107520	7144664.00
2012/09/13	6.00	6.06	5.93	5.97	1801435	11690093.00
2012/09/14	6.01	6.01	5.85	5.92	1830414	11752467.00
2012/09/17	5.92	5.95	5.62	5.64	2231354	13857384.00
2012/09/18	5.64	5.69	5.63	5.68	768840	4734780.00
2012/09/19	5.65	5.72	5.62	5.68	906524	5589717.00
2012/09/20	5.67	5.70	5.49	5.49	1523800	9261506.00
2012/09/21	5.50	5.57	5.44	5.47	1231604	7391828.00
2012/09/24	5.47	5.58	5.33	5.50	1737827	10352943.00
2012/09/25	5.42	5.53	5.38	5.40	789855	4676408.00
2012/09/26	5.46	5.46	5.27	5.29	978948	5704296.00
2012/09/27	5.29	5.55	5.28	5.49	1106824	6569001.00
2012/09/28	5.40	5.58	5.40	5.57	969995	5853027.00
2012/10/08	5.57	5.62	5.50	5.58	974033	5931753.00
2012/10/09	5.55	5.81	5.55	5.75	2245913	14000448.00
2012/10/10	5.76	5.78	5.70	5.76	782459	4885258.00
2012/10/11	5.75	5.78	5.63	5.64	910999	5645696.00
2012/10/12	5.67	5.72	5.60	5.65	1045312	6429729.00
2012/10/15	5.62	5.73	5.60	5.69	992828	6125336.00
2012/10/16	5.69	5.77	5.60	5.65	737903	4576705.00
2012/10/17	5.69	5.74	5.61	5.70	454163	2802411.00
2012/10/18	5.69	5.81	5.65	5.80	1718994	10766036.00
2012/10/19	5.80	5.82	5.74	5.75	922440	5785078.00
2012/10/22	5.75	5.86	5.73	5.86	1025714	6486796.00
2012/10/23	5.86	5.90	5.70	5.71	2025519	12740629.00
2012/10/24	5.68	5.74	5.63	5.69	1552552	9606149.00
2012/10/25	5.70	5.89	5.67	5.74	2063243	12901950.00
2012/10/26	5.67	5.70	5.53	5.59	1445769	8815645.00
2012/10/29	5.59	5.60	5.48	5.50	767987	4636017.00
2012/10/30	5.50	5.57	5.47	5.49	1672346	10043203.00
2012/10/31	5.85	6.09	5.83	6.09	5168021	33808576.00
2012/11/01	6.40	6.48	6.04	6.19	21595853	144596768.00
2012/11/02	6.14	6.23	6.10	6.22	12040858	80273864.00
2012/11/05	6.20	6.22	6.06	6.15	7764425	51509592.00
2012/11/06	6.13	6.13	5.85	5.92	9135848	58707816.00
2012/11/07	5.93	5.96	5.86	5.92	3742473	24010260.00
2012/11/08	5.82	5.89	5.75	5.78	4648136	29426328.00
2012/11/09	5.78	5.86	5.75	5.85	3349191	21153504.00
2012/11/12	5.87	5.97	5.84	5.95	3470481	22244976.00
2012/11/13	5.95	5.95	5.72	5.74	2865361	18093402.00
2012/11/14	5.75	5.82	5.70	5.79	1938063	12117181.00
2012/11/15	5.72	5.79	5.61	5.63	2203103	13668878.00
2012/11/16	5.63	5.68	5.60	5.63	1596307	9803833.00
2012/11/19	5.62	5.68	5.58	5.66	1590111	9739266.00
2012/11/20	5.73	5.73	5.65	5.65	1367399	8456366.00
2012/11/21	5.65	5.81	5.63	5.79	2873909	17900948.00
2012/11/22	5.76	5.76	5.65	5.71	2516629	15594918.00
2012/11/23	5.72	5.77	5.69	5.76	2244401	14011037.00
2012/11/26	5.77	5.78	5.68	5.70	1183131	7372545.00
2012/11/27	5.66	5.69	5.48	5.48	2237496	13522174.00
2012/11/28	5.45	5.60	5.43	5.51	4290343	25746368.00
2012/11/29	5.50	5.56	5.40	5.45	2374728	14197637.00
2012/11/30	5.48	5.53	5.40	5.52	3021992	18066234.00
2012/12/03	5.50	5.57	5.44	5.52	3830542	23030042.00
2012/12/04	5.52	5.58	5.45	5.57	2272615	13664784.00
2012/12/05	5.56	5.79	5.50	5.75	3844901	23905244.00
2012/12/06	5.74	5.79	5.70	5.73	3186265	19890306.00
2012/12/07	5.71	5.86	5.70	5.85	4693805	29563972.00
2012/12/10	5.85	5.95	5.82	5.92	4806257	30731472.00
2012/12/11	5.88	5.92	5.82	5.83	2706578	17208798.00
2012/12/12	5.82	5.89	5.78	5.88	3702037	23481082.00
2012/12/13	5.87	5.87	5.78	5.79	1500115	9487604.00
2012/12/14	5.79	6.22	5.79	6.14	9554086	62523472.00
2012/12/17	6.14	6.39	6.03	6.21	8331482	55789496.00
2012/12/18	6.16	6.28	6.12	6.14	4767250	31878688.00
2012/12/19	6.11	6.20	6.09	6.12	3164954	21005456.00
2012/12/20	6.13	6.27	6.07	6.25	5028454	33494676.00
2012/12/21	6.28	6.34	6.10	6.13	4383259	29479388.00
2012/12/24	6.09	6.20	6.09	6.14	2021615	13430541.00
2012/12/25	6.14	6.40	6.11	6.34	8742156	59768440.00
2012/12/26	6.30	6.40	6.25	6.39	4947863	33761848.00
2012/12/27	6.46	6.72	6.40	6.54	10049268	71126192.00
2012/12/28	6.51	6.68	6.49	6.59	3658213	25937516.00
2012/12/31	6.60	6.65	6.51	6.59	3880494	27420336.00
2013/01/04	6.65	6.68	6.45	6.60	6019666	42502820.00
2013/01/07	6.56	6.63	6.50	6.59	3293640	23290466.00
2013/01/08	6.58	6.59	6.44	6.58	3972619	27837468.00
2013/01/09	6.52	6.61	6.40	6.50	5159502	36089496.00
2013/01/10	6.50	6.57	6.45	6.55	3496106	24571400.00
2013/01/11	6.55	6.57	6.34	6.39	3518777	24403688.00
2013/01/14	6.33	6.55	6.32	6.53	6612357	46123176.00
2013/01/15	6.53	6.73	6.52	6.66	8190460	58448680.00
2013/01/16	6.66	6.66	6.49	6.58	4240472	29982976.00
2013/01/17	6.58	6.65	6.50	6.61	4197875	29722636.00
2013/01/18	6.57	6.67	6.53	6.65	3784711	26902246.00
2013/01/21	6.65	6.77	6.61	6.74	4164956	30059920.00
2013/01/22	6.78	6.78	6.56	6.59	4385189	31359740.00
2013/01/23	6.58	6.62	6.46	6.57	3328024	23456052.00
2013/01/24	6.57	6.67	6.38	6.41	5301371	37276948.00
2013/01/25	6.42	6.47	6.34	6.43	3112949	21487554.00
2013/01/28	6.43	6.67	6.40	6.64	3665745	25868250.00
2013/01/29	6.62	6.72	6.59	6.64	3307608	23669624.00
2013/01/30	6.67	6.69	6.55	6.69	5711333	40626812.00
2013/01/31	6.70	6.78	6.65	6.75	5920882	42782580.00
2013/02/01	6.73	6.78	6.68	6.78	4566342	33036180.00
2013/02/04	6.85	6.95	6.72	6.79	7565206	55433784.00
2013/02/05	6.80	7.04	6.75	6.97	5827173	43160420.00
2013/02/06	7.00	7.02	6.88	6.91	3396201	25248380.00
2013/02/07	6.90	7.09	6.88	7.08	5931499	44426328.00
2013/02/08	7.07	7.32	7.04	7.30	6660578	51310128.00
2013/02/18	7.30	7.35	7.19	7.23	3848162	29829410.00
2013/02/19	7.25	7.26	6.92	6.98	5241042	39589604.00
2013/02/20	6.97	7.10	6.91	7.08	3149412	23642436.00
2013/02/21	7.00	7.01	6.79	6.87	3781129	27964432.00
2013/02/22	6.85	6.95	6.82	6.84	3095666	22866068.00
2013/02/25	6.80	6.94	6.80	6.88	2135359	15766063.00
2013/02/26	6.85	7.00	6.74	6.84	5034770	37187044.00
2013/02/27	6.84	6.90	6.78	6.85	2596980	19070132.00
2013/02/28	6.87	7.06	6.81	7.05	4527356	33674752.00
2013/03/01	7.03	7.12	6.85	6.96	5588689	41675540.00
2013/03/04	6.92	6.92	6.62	6.69	4318445	31478574.00
2013/03/05	6.70	6.82	6.68	6.81	3648816	26529310.00
2013/03/06	6.83	6.92	6.77	6.91	3409380	25075252.00
2013/03/07	6.90	7.29	6.85	7.15	10188691	77981152.00
2013/03/08	7.11	7.17	7.02	7.03	2654217	20131980.00
2013/03/11	7.03	7.14	6.96	7.08	1678247	12709068.00
2013/03/12	7.08	7.24	6.75	6.80	4605684	34463224.00
2013/03/13	6.82	6.86	6.63	6.72	3350532	24190272.00
2013/03/14	6.75	6.78	6.68	6.72	1712683	12374343.00
2013/03/15	6.72	7.05	6.70	6.89	3560535	26239492.00
2013/03/18	6.88	7.05	6.84	6.91	2562042	19027456.00
2013/03/19	6.91	7.30	6.90	7.29	7322847	55983976.00
2013/03/20	7.15	7.29	7.03	7.27	13811857	106162024.00
2013/03/21	7.27	7.48	7.22	7.29	9634643	75767576.00
2013/03/22	7.30	7.47	7.30	7.36	6526019	51553984.00
2013/03/25	7.35	7.43	7.14	7.23	6927419	53802192.00
2013/03/26	7.16	7.23	7.02	7.18	3908791	29773132.00
2013/03/27	7.17	7.35	7.15	7.24	2887468	22363870.00
2013/03/28	7.18	7.18	6.88	6.92	4778006	35867332.00
2013/03/29	6.90	7.00	6.90	6.95	3088941	23026324.00
2013/04/01	6.93	7.07	6.93	7.02	1615727	12119939.00
2013/04/02	7.01	7.12	6.97	7.06	2996573	22580548.00
2013/04/03	7.06	7.08	6.90	6.93	2414125	18067920.00
2013/04/08	6.83	6.85	6.71	6.80	3343506	24310640.00
2013/04/09	6.82	6.96	6.80	6.94	2441564	18042968.00
2013/04/10	6.94	6.97	6.80	6.93	1551154	11480387.00
2013/04/11	6.93	6.99	6.78	6.80	1629218	12040856.00
2013/04/12	6.75	6.83	6.72	6.76	1640350	11915232.00
2013/04/15	6.75	6.78	6.69	6.75	1141222	8252561.00
2013/04/16	6.71	6.83	6.67	6.82	1317301	9549825.00
2013/04/17	6.79	6.89	6.78	6.85	1160284	8521810.00
2013/04/18	6.80	6.93	6.79	6.88	1296500	9577883.00
2013/04/19	6.90	7.05	6.89	7.02	1974401	14777982.00
2013/04/22	7.02	7.09	6.95	7.06	1833008	13796178.00
2013/04/23	7.03	7.08	6.69	6.70	2949784	21572864.00
2013/04/24	6.73	6.82	6.58	6.82	4303628	31037092.00
2013/04/25	6.74	6.80	6.60	6.68	3196644	22995608.00
2013/04/26	6.66	6.66	6.41	6.46	3497452	24625842.00
2013/05/02	6.48	6.56	6.43	6.52	2527876	17675768.00
2013/05/03	6.52	6.70	6.51	6.55	1807063	12862006.00
2013/05/06	6.57	6.67	6.57	6.63	1845759	13146549.00
2013/05/07	6.63	6.64	6.56	6.62	1766267	12527215.00
2013/05/08	6.64	6.66	6.58	6.61	1776412	12642120.00
2013/05/09	6.62	6.67	6.58	6.65	2122357	15135169.00
2013/05/10	6.64	6.75	6.58	6.69	2439366	17487112.00
2013/05/13	6.69	6.74	6.60	6.73	2115502	15175211.00
2013/05/14	6.73	6.73	6.60	6.62	1285220	9179451.00
2013/05/15	6.65	6.65	6.55	6.60	1906777	13552754.00
2013/05/16	6.60	6.77	6.58	6.76	2739343	19723252.00
2013/05/17	6.77	6.84	6.71	6.84	2855483	20775088.00
2013/05/20	6.84	6.95	6.79	6.90	2405836	17760794.00
2013/05/21	6.90	6.95	6.85	6.94	2507053	18547252.00
2013/05/22	6.93	6.94	6.86	6.90	2351385	17402490.00
2013/05/23	6.86	6.92	6.80	6.83	3215578	23615456.00
2013/05/24	6.80	6.90	6.79	6.89	2698827	19825924.00
2013/05/27	6.89	7.14	6.89	7.14	5810914	43837084.00
2013/05/28	7.11	7.21	7.03	7.15	3434303	26167226.00
2013/05/29	7.19	7.31	7.09	7.18	3734893	28748954.00
2013/05/30	7.12	7.95	7.11	7.95	15954360	131541768.00
2013/05/31	8.59	8.79	8.33	8.73	53234572	481596224.00
2013/06/04	8.38	8.43	7.90	8.07	33930825	292776640.00
2013/06/05	8.11	8.33	7.80	7.90	23059542	197307472.00
2013/06/06	7.86	8.01	7.76	7.78	13911073	116476792.00
2013/06/07	7.78	7.85	7.40	7.42	13092342	106416520.00
2013/06/13	7.40	7.40	7.05	7.30	11438934	88401560.00
2013/06/14	7.30	7.44	7.25	7.35	10060052	78986464.00
2013/06/17	7.36	7.40	7.11	7.19	8438377	65217160.00
2013/06/18	7.21	7.67	7.15	7.66	17289408	137774128.00
2013/06/19	7.50	7.80	7.41	7.66	14290186	116184384.00
2013/06/20	7.68	7.75	7.31	7.39	8353724	65690584.00
2013/06/21	7.21	7.29	6.91	7.08	8831579	65277032.00
2013/06/24	7.06	7.18	6.40	6.63	10168013	71846624.00
2013/06/25	6.48	6.70	6.03	6.48	8640618	57970392.00
2013/06/26	6.47	6.69	6.39	6.66	7136954	48889480.00
2013/06/27	6.65	6.76	6.26	6.35	9184101	62687868.00
2013/06/28	6.26	6.47	6.15	6.40	5662973	37641472.00
2013/07/01	6.39	6.52	6.27	6.49	6135965	41323936.00
2013/07/02	6.48	6.57	6.36	6.52	8003369	54131688.00
2013/07/03	6.50	6.50	6.25	6.40	5467673	36440880.00
2013/07/04	6.32	6.73	6.28	6.61	9083959	62280512.00
2013/07/05	6.58	6.71	6.53	6.55	5391184	37302136.00
2013/07/08	6.56	6.56	6.23	6.26	4216217	28119372.00
2013/07/09	6.18	6.43	6.10	6.38	3182727	20961492.00
2013/07/10	6.38	6.93	6.32	6.84	8944678	62791276.00
2013/07/11	6.85	7.10	6.74	7.08	12460597	90468944.00
2013/07/12	7.05	7.17	6.86	6.96	6638775	48471276.00
2013/07/15	7.09	7.19	6.95	7.18	5735084	42297816.00
2013/07/16	7.10	7.22	6.98	7.21	4369266	32364762.00
2013/07/17	7.21	7.33	6.93	6.94	7696214	57035188.00
2013/07/18	6.89	7.19	6.78	6.93	7415928	54045824.00
2013/07/19	6.88	7.15	6.70	6.73	6984730	50197676.00
2013/07/22	6.68	6.96	6.60	6.93	4167149	29687956.00
2013/07/23	6.93	7.13	6.91	7.06	6791387	49871872.00
2013/07/24	7.03	7.18	6.90	7.14	5832565	42809980.00
2013/07/25	7.12	7.31	7.06	7.07	5862634	43949544.00
2013/07/26	7.04	7.14	6.85	6.94	4029523	29262580.00
2013/07/29	6.92	7.05	6.82	7.02	2988093	21585688.00
2013/07/30	7.06	7.59	6.86	7.36	11814626	89270304.00
2013/07/31	7.40	7.42	7.12	7.14	9493863	71911856.00
2013/08/01	7.16	7.63	7.15	7.61	15087709	117239672.00
2013/08/02	7.50	7.77	7.47	7.56	7913502	62779536.00
2013/08/05	7.57	7.83	7.56	7.74	5902742	47390964.00
2013/08/06	7.74	7.88	7.61	7.79	5896212	47526288.00
2013/08/07	7.79	7.82	7.44	7.50	7494805	59137456.00
2013/08/08	7.49	7.63	7.37	7.52	6106274	47703788.00
2013/08/09	7.51	7.63	7.45	7.55	4044430	31698090.00
2013/08/12	7.58	7.67	7.52	7.62	5693247	44916880.00
2013/08/13	7.61	7.65	7.48	7.58	4809117	37831296.00
2013/08/14	7.57	7.79	7.53	7.69	6196810	49546480.00
2013/08/15	7.65	7.72	7.50	7.53	3840078	30372316.00
2013/08/16	7.48	7.62	7.23	7.26	8904169	68600152.00
2013/08/19	7.23	7.65	7.20	7.50	6738760	52253080.00
2013/08/20	7.47	7.88	7.45	7.68	8777925	70205968.00
2013/08/21	7.62	7.85	7.56	7.81	5868234	47022532.00
2013/08/22	7.78	8.08	7.72	7.83	10738123	88266760.00
2013/08/23	7.91	8.16	7.75	7.94	11685168	96330376.00
2013/08/26	7.91	8.25	7.87	8.18	10458863	87989480.00
2013/08/27	8.23	8.47	8.11	8.19	11492430	98472968.00
2013/08/28	8.07	8.70	8.00	8.42	20122687	176075808.00
2013/08/29	8.53	8.85	8.30	8.60	19389253	173537744.00
2013/08/30	8.90	9.39	8.60	8.67	29844348	278526816.00
2013/09/02	8.53	8.83	7.99	8.19	16908764	144459680.00
2013/09/03	8.12	8.35	8.00	8.26	9679131	81936016.00
2013/09/04	8.18	8.49	8.12	8.26	8939709	77005616.00
2013/09/05	8.17	8.19	7.98	8.00	8417039	70367376.00
2013/09/06	8.00	8.31	7.94	8.23	8476802	71839232.00
2013/09/09	8.28	8.43	8.11	8.41	8649998	74446592.00
2013/09/10	8.38	8.69	8.31	8.50	11703487	103353680.00
2013/09/11	8.48	8.52	8.12	8.20	10531222	90916336.00
2013/09/12	8.15	8.62	8.15	8.60	16903748	147473680.00
2013/09/13	8.59	8.78	8.45	8.56	10224413	90763424.00
2013/09/16	8.59	8.65	8.32	8.42	6859417	60008672.00
2013/09/17	8.41	8.41	7.95	7.99	7644795	64630976.00
2013/09/18	7.98	8.11	7.96	8.06	5148298	42898500.00
2013/09/23	8.06	8.23	7.85	8.21	3933237	33170052.00
2013/09/24	8.20	8.20	7.92	8.08	6938808	57887344.00
2013/09/25	8.05	8.18	7.98	7.99	5840769	48902188.00
2013/09/26	7.99	7.99	7.46	7.50	11656199	93012168.00
2013/09/27	7.53	7.61	7.41	7.50	5438820	42546704.00
2013/09/30	7.48	7.59	7.46	7.56	4191506	32783384.00
2013/10/08	7.56	8.35	7.54	8.35	18180796	152620368.00
2013/10/09	8.50	9.22	8.50	9.22	25891302	242004432.00
2013/10/10	10.17	10.17	10.17	10.17	10539591	110349520.00
2013/10/11	11.05	11.22	10.58	11.22	81196755	920491904.00
2013/10/14	11.59	12.18	11.38	11.72	70870172	854937856.00
2013/10/15	12.36	12.92	12.15	12.92	60499903	792816192.00
2013/10/16	12.85	13.20	12.20	12.67	66857952	864580992.00
2013/10/17	12.63	12.66	11.39	11.89	67100430	826968192.00
2013/10/18	11.89	12.12	11.67	11.99	40866513	499509088.00
2013/10/21	11.90	13.22	11.73	13.22	47849641	608105856.00
2013/10/22	13.60	13.86	11.87	11.87	67678469	887333888.00
2013/10/23	11.52	11.68	10.80	11.11	58507682	674182144.00
2013/10/24	11.14	11.35	10.95	11.18	27519915	315098304.00
2013/10/25	11.29	11.29	10.61	11.10	30374066	342814752.00
2013/10/28	11.00	11.41	10.89	11.22	24056625	276562112.00
2013/10/29	11.21	11.44	10.22	10.79	34938639	387401888.00
2013/10/30	10.65	11.30	10.60	11.12	28877981	326617952.00
2013/10/31	10.96	11.27	10.41	10.46	25341473	283035360.00
2013/11/01	10.32	10.74	10.19	10.59	22140311	238826880.00
2013/11/04	10.70	10.91	10.47	10.75	21520139	237307760.00
2013/11/05	10.80	11.24	10.61	11.21	28585821	323988576.00
2013/11/06	11.16	11.55	10.95	10.96	37715454	435953984.00
2013/11/07	10.80	11.30	10.71	10.97	23266209	261693280.00
2013/11/08	11.10	11.50	10.90	11.15	34660601	399195936.00
2013/11/11	11.00	11.12	10.31	10.38	20767607	228427136.00
2013/11/12	10.39	10.45	9.90	10.15	18608259	194407888.00
2013/11/13	9.99	10.21	9.83	9.84	10681211	110269792.00
2013/11/14	9.77	10.03	9.66	10.02	14301044	145427952.00
2013/11/15	9.99	10.50	9.93	10.01	18573556	195177408.00
2013/11/18	10.01	10.74	10.01	10.63	24630079	263319072.00
2013/11/19	10.51	10.65	10.39	10.49	13784568	148758112.00
2013/11/20	10.59	11.14	10.52	11.02	21021828	235768592.00
2013/11/21	10.93	11.15	10.84	10.94	14365948	161907472.00
2013/11/22	10.95	11.21	10.80	10.80	10808187	122046808.00
2013/11/25	10.85	10.86	10.45	10.49	13437663	146592256.00
2013/11/26	10.55	10.83	10.34	10.58	11738006	127963432.00
2013/11/27	10.59	10.78	10.40	10.67	11918309	129761080.00
2013/11/28	10.70	11.05	10.62	10.79	13372893	148881072.00
2013/11/29	10.64	10.82	10.58	10.75	13116045	144080944.00
2013/12/02	10.41	10.70	9.87	9.89	15523978	163004032.00
2013/12/03	9.87	10.08	9.79	10.03	9160410	93666952.00
2013/12/04	9.90	11.06	9.90	10.72	29066980	320906528.00
2013/12/05	10.66	10.67	10.36	10.52	12125509	131018224.00
2013/12/06	10.42	10.63	10.28	10.38	7542457	81139760.00
2013/12/09	10.35	10.53	10.20	10.51	6481173	69412416.00
2013/12/10	10.58	10.85	10.53	10.70	16159736	178231440.00
2013/12/11	10.54	10.96	10.41	10.88	15361874	169807536.00
2013/12/12	10.80	10.96	10.65	10.73	10281588	114201968.00
2013/12/13	10.69	11.30	10.62	11.05	13434612	151296240.00
2013/12/16	11.04	11.11	10.62	10.71	10072886	111833872.00
2013/12/17	10.71	10.83	10.48	10.57	5141790	55965440.00
2013/12/18	10.58	10.69	10.43	10.55	3579220	38855376.00
2013/12/19	10.67	10.67	10.18	10.21	4996703	53573824.00
2013/12/20	10.14	10.30	9.82	9.86	7385953	76366016.00
2013/12/23	9.88	10.03	9.80	9.95	3437474	35084044.00
2013/12/24	9.90	10.20	9.88	9.98	4278474	44280040.00
2013/12/25	9.92	10.10	9.88	10.09	3995513	41157572.00
2013/12/26	10.09	10.09	9.66	9.67	6940235	70470880.00
2013/12/27	9.64	10.45	9.60	10.32	11890447	123622304.00
2013/12/30	10.39	10.39	9.98	10.07	8985818	93404680.00
2013/12/31	10.00	10.05	9.83	9.89	4047709	41392880.00
2014/01/02	9.93	9.97	9.78	9.80	5350943	54348712.00
2014/01/03	9.79	9.79	9.36	9.43	11129523	109810536.00
2014/01/06	9.36	9.45	9.18	9.31	7078338	67918544.00
2014/01/07	9.23	9.50	9.20	9.40	3719743	35992200.00
2014/01/08	9.38	9.45	9.00	9.00	9029354	85409024.00
2014/01/09	9.00	9.32	8.96	8.99	7386958	69885232.00
2014/01/10	9.09	9.15	8.93	9.07	5054000	47146920.00
2014/01/13	9.01	9.11	8.71	8.83	6076985	55744224.00
2014/01/14	8.83	9.03	8.77	9.02	3949468	36401364.00
2014/01/15	9.01	9.03	8.86	9.01	3795105	35096560.00
2014/01/16	9.00	9.21	8.94	9.02	6907814	65027524.00
2014/01/17	8.92	9.09	8.81	8.84	4305977	39846352.00
2014/01/20	8.86	8.97	8.79	8.84	3770039	34624900.00
2014/01/21	8.81	9.05	8.81	9.05	5010506	46554056.00
2014/01/22	9.11	9.47	9.09	9.44	11906038	114447696.00
2014/01/23	9.40	9.45	9.26	9.40	5110711	49276696.00
2014/01/24	9.37	9.52	9.30	9.38	5878912	57216888.00
2014/01/27	9.31	9.45	9.27	9.31	5227084	50586776.00
2014/01/28	9.47	9.84	9.38	9.77	18566876	184567056.00
2014/01/29	9.60	9.78	9.59	9.68	8186747	81595128.00
2014/01/30	9.68	9.68	9.38	9.45	4491514	44113084.00
2014/02/07	9.45	9.65	9.26	9.64	7967485	77391584.00
2014/02/10	9.65	10.08	9.57	9.99	14283697	146346320.00
2014/02/11	9.97	10.04	9.66	9.87	10492499	106647400.00
2014/02/12	9.90	10.66	9.85	10.41	21615864	229514736.00
2014/02/13	10.60	10.83	10.37	10.38	22274476	243097488.00
2014/02/14	10.33	10.88	10.30	10.76	16240086	177811312.00
2014/02/17	10.77	11.65	10.77	11.54	28936215	336946656.00
2014/02/18	11.56	11.63	11.25	11.60	14456872	169267328.00
2014/02/19	11.46	11.70	11.18	11.32	14852016	173304864.00
2014/02/20	11.40	11.85	11.02	11.46	20885101	246239328.00
2014/02/21	11.32	12.03	11.10	11.72	20580831	246214192.00
2014/02/24	11.68	12.92	11.55	12.69	36258057	460806432.00
2014/02/25	12.53	13.14	11.39	11.52	32918820	413677632.00
2014/02/26	11.45	12.02	10.60	11.84	22657069	264749040.00
2014/02/27	11.73	12.47	11.53	11.62	17108020	210330704.00
2014/02/28	12.05	12.64	11.70	12.42	20733880	259131184.00
2014/03/03	12.41	13.18	12.05	12.93	18926515	247449088.00
2014/03/04	12.88	13.44	12.80	12.82	16836437	225483984.00
2014/03/05	12.85	13.15	12.44	12.99	13016080	170403136.00
2014/03/06	12.94	13.16	12.70	12.74	9283073	122600472.00
2014/03/07	12.58	12.76	11.81	11.92	19778773	248265712.00
2014/03/10	11.80	11.95	11.00	11.36	19080409	224056384.00
2014/03/11	11.20	11.25	10.70	10.93	13477164	151510672.00
2014/03/12	10.90	11.17	10.73	11.03	7506354	84374576.00
2014/03/13	11.09	11.24	10.88	11.15	6733625	76487936.00
2014/03/14	11.06	11.06	10.65	10.75	9074614	100962184.00
2014/03/17	10.70	11.44	10.61	11.38	11318194	129402816.00
2014/03/18	11.31	11.95	11.30	11.58	12871121	154500192.00
2014/03/19	11.52	11.81	11.28	11.66	6955962	82569512.00
2014/03/20	11.60	11.80	10.99	11.00	6357738	74686944.00
2014/03/21	10.90	11.60	10.56	11.39	11426265	129442720.00
2014/03/24	11.30	11.80	11.17	11.63	12595613	149149472.00
2014/03/25	11.48	12.07	11.47	11.67	10906610	132255400.00
2014/03/26	11.85	11.89	11.45	11.56	8543242	101746448.00
2014/03/27	11.58	11.88	11.40	11.41	5870718	70112232.00
2014/03/28	11.32	11.46	10.88	10.92	6787157	77410168.00
2014/03/31	10.98	11.08	10.72	10.85	4552306	50932504.00
2014/04/01	10.80	11.10	10.80	11.09	3338025	37711616.00
2014/04/02	11.06	11.19	11.00	11.04	2485900	28229180.00
2014/04/03	11.06	11.10	10.92	10.94	2741187	31031124.00
2014/04/04	10.90	11.25	10.90	11.20	3530809	40373916.00
2014/04/08	11.12	11.78	11.10	11.77	10949798	130154896.00
2014/04/09	12.45	12.98	12.14	12.88	25643368	332470048.00
2014/04/10	12.70	14.20	12.59	14.20	29553382	414858880.00
2014/04/11	14.30	14.50	13.62	13.75	36524982	521888032.00
2014/04/14	13.75	14.03	13.47	13.74	19565674	273828064.00
2014/04/15	13.65	13.68	13.04	13.21	20455713	277059200.00
2014/04/16	13.07	13.34	12.99	13.15	9436586	127031296.00
2014/04/17	13.16	13.38	12.91	12.93	9912451	133069640.00
2014/04/18	12.97	13.19	12.88	12.94	6954441	92683120.00
2014/04/21	12.90	13.14	12.63	12.70	7031983	92950448.00
2014/04/22	12.70	12.77	12.11	12.22	11621816	147391088.00
2014/04/23	12.19	12.25	11.79	11.85	12100873	148320640.00
2014/04/24	11.83	11.96	11.68	11.74	7285973	88220968.00
2014/04/25	11.86	12.07	11.71	11.78	7430515	90457136.00
2014/04/28	11.70	11.70	11.23	11.45	7493202	88293984.00
2014/04/29	11.48	11.93	11.45	11.91	7496297	90341456.00
2014/04/30	11.95	12.15	11.83	11.97	8874419	108931672.00
2014/05/05	11.87	12.28	11.81	12.23	5475351	67647976.00
2014/05/06	12.23	12.34	12.02	12.10	6374031	79740696.00
2014/05/07	12.04	12.09	11.60	11.68	6423185	78146896.00
2014/05/08	11.60	12.06	11.50	11.68	5016127	60917764.00
2014/05/09	11.70	11.82	11.29	11.41	4490540	52800024.00
2014/05/12	11.49	11.78	11.43	11.75	4206234	50144232.00
2014/05/13	11.73	11.86	11.66	11.77	3144541	37926352.00
2014/05/14	11.70	12.15	11.70	12.04	5145872	63086204.00
2014/05/15	12.10	12.25	11.50	11.56	5511104	67166880.00
2014/05/16	11.43	11.55	11.20	11.45	4871708	56779516.00
2014/05/19	11.45	11.45	11.10	11.24	4445197	51220704.00
2014/05/20	11.42	11.44	11.15	11.22	5090417	58987688.00
2014/05/21	11.20	11.35	11.03	11.32	4257585	48988200.00
2014/05/22	11.38	11.58	11.28	11.32	3739251	43941584.00
2014/05/23	11.31	11.58	11.28	11.57	3803773	44807376.00
2014/05/26	11.65	11.78	11.53	11.57	7337720	87671736.00
2014/05/27	11.57	12.19	11.56	12.08	12005169	146634240.00
2014/05/28	12.07	12.30	11.89	12.15	6706018	83048584.00
2014/05/29	12.13	12.40	12.06	12.12	7620245	95387024.00
2014/05/30	12.08	12.24	11.77	11.86	4156086	50874632.00
2014/06/03	11.86	11.99	11.71	11.75	3008409	36439616.00
2014/06/04	11.75	11.77	11.38	11.55	4525155	53488628.00
2014/06/05	11.48	11.85	11.45	11.84	3079716	36890488.00
2014/06/06	11.89	12.12	11.79	11.83	4607143	56489536.00
2014/06/09	11.80	12.14	11.71	11.85	3951785	48492984.00
2014/06/10	11.90	12.34	11.72	12.30	8952552	111107904.00
2014/06/11	12.27	12.27	12.04	12.13	5067136	62941188.00
2014/06/12	12.29	12.39	11.96	12.05	8666979	108537568.00
2014/06/13	11.95	12.07	11.78	12.02	6248340	76700760.00
2014/06/16	12.00	12.19	11.97	12.17	5111333	63196588.00
2014/06/17	12.09	12.17	11.85	11.86	4536542	55920252.00
2014/06/18	11.87	11.95	11.50	11.62	5797240	69668576.00
2014/06/19	11.55	11.68	11.20	11.29	4578597	53539584.00
2014/06/20	11.30	11.47	11.28	11.40	2473878	28893708.00
2014/06/23	11.44	11.55	11.33	11.44	3309886	38781208.00
2014/06/24	11.45	11.54	11.38	11.50	2985974	35150288.00
2014/06/25	11.50	11.52	11.24	11.30	4340437	50461060.00
2014/06/26	11.40	11.46	11.29	11.43	5521244	64499172.00
2014/06/27	11.42	11.53	11.31	11.48	4938103	57899508.00
2014/06/30	11.48	11.81	11.35	11.78	6567333	78143312.00
2014/07/01	11.76	11.85	11.57	11.64	5284046	63101912.00
2014/07/02	11.70	11.73	11.53	11.65	6293046	75124976.00
2014/07/03	11.68	11.88	11.60	11.84	7454311	89941840.00
2014/07/04	11.82	11.89	11.53	11.80	8975335	107910432.00
2014/07/07	11.73	11.77	11.59	11.70	7564942	90567488.00
2014/07/08	11.63	11.63	11.38	11.54	5304837	62505520.00
2014/07/09	11.65	11.65	11.06	11.11	9221768	104503800.00
2014/07/10	11.07	11.20	10.69	10.79	9327985	101933152.00
2014/07/11	10.78	10.86	10.62	10.79	10784734	115670568.00
2014/07/14	10.77	10.88	10.69	10.84	8033068	86785688.00
2014/07/15	10.85	11.10	10.79	11.08	12345137	135038592.00
2014/07/16	11.07	11.07	10.86	10.89	6982361	76484000.00
2014/07/17	10.83	10.85	10.70	10.82	4804606	51754960.00
2014/07/18	10.83	10.86	10.75	10.80	3984489	43003652.00
2014/07/21	10.82	10.85	10.28	10.32	11857682	124474696.00
2014/07/22	10.30	10.48	10.26	10.45	9036714	93577776.00
2014/07/23	10.41	10.44	10.28	10.31	6427417	66456120.00
2014/07/24	10.31	10.41	10.12	10.39	6729127	69142048.00
2014/07/25	10.39	10.57	10.36	10.55	5933520	62191240.00
2014/07/28	10.59	11.08	10.55	11.06	13633660	148056672.00
2014/07/29	11.28	11.49	11.10	11.20	14565592	163715104.00
2014/07/30	11.15	11.29	10.97	11.15	9715641	107813424.00
2014/07/31	11.17	11.20	10.95	11.14	6992694	77535936.00
2014/08/01	11.10	11.21	11.06	11.07	7078085	78745480.00
2014/08/04	11.10	11.24	11.08	11.23	6947126	77602776.00
2014/08/05	11.29	11.38	11.14	11.32	8954109	100788096.00
2014/08/06	11.25	11.38	11.15	11.37	8793533	99170096.00
2014/08/07	11.36	11.55	11.27	11.30	10252460	117019456.00
2014/08/08	11.30	11.75	11.30	11.54	14220561	164421488.00
2014/08/11	11.58	11.68	11.50	11.67	10383289	120393088.00
2014/08/12	11.67	12.25	11.62	12.06	18647109	224542336.00
2014/08/13	11.95	12.09	11.66	11.80	12554159	148602128.00
2014/08/14	11.81	12.06	11.58	11.64	10190821	120503512.00
2014/08/15	11.65	12.80	11.60	12.80	26824315	334105216.00
2014/08/18	13.25	13.44	12.72	13.07	54349822	709401472.00
2014/08/19	12.95	13.00	12.55	12.66	28060832	357413760.00
2014/08/20	12.62	12.93	12.50	12.60	18074747	229757312.00
2014/08/21	12.50	12.88	12.36	12.81	19090043	241181504.00
2014/08/22	12.73	12.77	12.41	12.51	14254341	178966320.00
2014/08/25	12.55	12.69	12.30	12.32	9564287	118909392.00
2014/08/26	12.32	12.45	11.91	11.93	10378367	125618784.00
2014/08/27	11.88	12.20	11.86	12.03	7368766	88935224.00
2014/08/28	12.00	12.15	11.74	12.00	9145708	109449928.00
2014/08/29	11.91	12.20	11.90	12.18	6409566	77385496.00
2014/09/01	12.20	12.39	12.09	12.37	8338279	102198704.00
2014/09/02	12.40	12.53	12.26	12.42	9439676	117405376.00
2014/09/03	12.45	12.85	12.44	12.67	12305508	155527232.00
2014/09/04	12.78	12.83	12.50	12.64	12206343	154161504.00
2014/09/05	12.63	12.83	12.60	12.68	12465440	158302688.00
2014/09/09	12.73	13.25	12.59	13.15	19479568	252950096.00
2014/09/10	13.08	13.08	12.78	12.89	12955861	167389552.00
2014/09/11	12.86	13.05	12.60	12.69	12412709	158946800.00
2014/09/12	12.67	12.83	12.60	12.79	7987843	101763168.00
2014/09/15	12.89	14.07	12.89	14.07	27207459	373926592.00
2014/09/16	14.45	14.66	13.21	13.40	51866116	728747520.00
2014/09/17	13.36	13.55	12.92	13.41	21065937	278979520.00
2014/09/18	13.43	14.13	13.31	13.92	26040151	359863648.00
2014/09/19	13.90	14.05	13.68	13.94	15845898	219530752.00
2014/09/22	13.80	15.33	13.80	14.79	45784003	678770752.00
2014/09/23	14.60	15.15	14.42	15.14	31066247	461463072.00
2014/09/24	15.87	16.49	15.62	16.40	38514221	617236800.00
2014/09/25	16.68	16.98	16.00	16.13	30840048	506060128.00
2014/09/26	16.15	16.15	15.48	15.88	23660386	372714144.00
2014/09/29	15.88	16.10	15.63	15.92	16547169	262630592.00
2014/09/30	15.97	16.13	15.56	15.98	17215159	272466816.00
2014/10/08	16.36	16.54	15.93	16.27	20200601	329402080.00
2014/10/09	16.07	16.25	15.50	15.85	21906650	345957440.00
2014/10/10	15.74	15.74	15.31	15.39	18509622	285915648.00
2014/10/13	15.36	15.60	15.01	15.51	11424999	175611408.00
2014/10/14	15.49	15.60	15.11	15.35	8504338	130965048.00
2014/10/15	15.35	15.77	15.31	15.51	9343523	145294576.00
2014/10/16	15.45	15.55	15.03	15.06	9916398	151634560.00
2014/10/17	15.00	15.23	14.35	14.59	12375166	181447872.00
2014/10/20	14.69	15.06	14.60	14.82	10086281	149882992.00
2014/10/21	14.80	14.96	14.43	14.56	8203654	120335744.00
2014/10/22	14.65	14.84	14.38	14.49	6718493	98297320.00
2014/10/23	14.45	14.54	14.23	14.39	5087475	73147928.00
2014/10/24	14.44	15.05	14.36	14.96	11309750	167384448.00
2014/10/27	14.84	15.33	14.84	15.22	10656177	161576784.00
2014/10/28	15.28	15.40	15.13	15.38	10653782	162767424.00
2014/10/29	15.45	16.16	15.40	15.90	26521236	420855072.00
2014/10/30	16.03	16.33	15.86	16.09	21627931	347865504.00
2014/10/31	16.20	17.18	16.20	16.97	38991175	657209792.00
2014/11/03	17.10	17.22	16.69	16.88	17356464	293367168.00
2014/11/04	16.88	16.99	16.19	16.75	17988534	299018144.00
2014/11/05	16.65	17.35	15.90	16.23	31768569	524497152.00
2014/11/06	16.25	16.66	16.15	16.32	13719821	224970144.00
2014/11/07	16.35	16.45	15.90	16.40	15832041	255096304.00
2014/11/10	16.40	16.45	15.78	16.16	13870316	222636048.00
2014/11/11	16.21	16.28	15.01	15.26	16260840	254233312.00
2014/11/12	15.17	15.56	14.96	15.50	8261821	126940128.00
2014/11/13	15.52	15.55	14.90	15.03	9380841	142133280.00
2014/11/14	15.02	15.33	14.70	15.30	7706392	115371328.00
2014/11/17	15.51	15.79	15.26	15.55	8492878	132439048.00
2014/11/18	15.57	15.63	15.10	15.27	7573160	116534560.00
2014/11/19	15.31	16.14	15.14	15.95	14070976	222141888.00
2014/11/20	15.91	15.91	15.60	15.75	6385242	100381888.00
2014/11/21	15.76	15.98	15.60	15.85	6541931	103261192.00
2014/11/24	16.00	16.07	15.70	15.78	11008750	174441648.00
2014/11/25	15.81	16.02	15.77	16.01	9029075	143268256.00
2014/11/26	16.03	16.60	15.96	16.36	15810320	258766832.00
2014/11/27	16.55	16.76	16.21	16.53	13097970	215840032.00
2014/11/28	16.85	16.88	16.03	16.12	18298427	301403008.00
2014/12/01	16.15	16.48	15.72	16.10	14093538	227687760.00
2014/12/02	15.83	16.19	15.83	15.98	12891340	205948208.00
2014/12/03	16.35	16.86	16.29	16.58	21781346	360168320.00
2014/12/04	16.50	16.87	16.40	16.72	21348107	355695744.00
2014/12/05	16.80	17.01	15.52	16.02	20125133	326325696.00
2014/12/08	16.04	16.30	15.75	15.99	15503702	248199824.00
2014/12/09	16.01	16.01	15.00	15.11	18067340	280400576.00
2014/12/10	15.05	15.75	14.93	15.64	9809805	150764928.00
2014/12/11	15.63	16.37	15.50	16.13	14162583	227902208.00
2014/12/12	16.38	16.45	16.00	16.26	12147749	196648288.00
2014/12/15	16.25	17.89	16.25	17.89	36527947	633352576.00
2014/12/16	18.20	18.23	17.53	17.59	27580176	492790656.00
2014/12/17	17.90	17.90	17.00	17.44	15033728	262342928.00
2014/12/18	17.24	18.06	16.98	17.83	22559529	397223328.00
2014/12/19	17.70	18.64	17.60	17.74	21437506	389096320.00
2014/12/22	17.56	17.56	15.97	16.36	19380778	321424448.00
2014/12/23	16.15	16.48	15.91	16.00	7412476	119789272.00
2014/12/24	16.08	16.29	16.00	16.16	5661898	91289872.00
2014/12/25	16.29	16.69	16.25	16.51	6872439	113212640.00
2014/12/26	16.64	17.10	16.48	17.07	9077402	151935840.00
2014/12/29	17.07	17.99	16.77	17.71	17251130	301560608.00
2014/12/30	17.30	17.50	16.82	16.99	11143267	191115040.00
2014/12/31	16.89	17.02	16.05	16.35	10134803	165982272.00
2015/01/05	16.73	17.12	16.50	17.09	10421715	175720224.00
2015/01/06	16.98	18.36	16.85	17.77	20133010	358417728.00
2015/01/07	17.88	17.90	17.29	17.66	8538120	149748848.00
2015/01/08	17.57	17.84	17.40	17.53	6833637	120539056.00
2015/01/09	17.58	18.50	17.57	18.12	19059868	347237216.00
2015/01/12	18.00	18.75	17.88	18.30	11154324	204071392.00
2015/01/13	18.36	18.53	18.07	18.20	7519359	137213296.00
2015/01/14	18.00	18.14	17.50	17.71	7336052	129971288.00
2015/01/15	17.74	17.98	17.00	17.93	4639266	81916104.00
2015/01/16	17.99	18.54	17.85	18.46	8934704	163369552.00
2015/01/19	17.84	18.22	17.40	17.44	9486796	169332944.00
2015/01/20	17.56	17.88	16.76	17.20	15907759	275737984.00
2015/01/21	17.22	18.92	17.22	18.74	31268604	582618496.00
2015/01/22	18.48	18.95	18.22	18.91	17798061	330569984.00
2015/01/23	19.02	19.17	18.40	18.76	13099247	244814480.00
2015/01/26	18.59	19.43	18.48	19.38	16334627	311998240.00
2015/01/27	19.38	19.46	18.46	19.08	11349378	214924592.00
2015/01/28	18.81	19.17	18.59	18.93	6630972	124832064.00
2015/01/29	18.85	19.20	18.60	19.17	6921255	131351912.00
2015/01/30	19.30	20.36	18.61	18.65	13763338	269381728.00
2015/02/02	18.00	18.24	17.60	18.21	9704608	174338192.00
2015/02/03	18.15	18.67	17.87	18.42	8657704	158636976.00
2015/02/04	18.43	18.78	18.31	18.42	7276296	134772576.00
2015/02/05	18.65	18.65	17.90	17.97	11375018	206450144.00
2015/02/06	17.97	17.99	17.20	17.22	10032900	174978784.00
2015/02/09	17.27	17.66	17.26	17.54	4545261	79461456.00
2015/02/10	17.44	17.64	17.39	17.58	3705450	64969056.00
2015/02/11	17.56	18.46	17.56	18.20	5235948	95029008.00
2015/02/12	18.22	18.29	17.78	18.13	5446607	97777848.00
2015/02/13	18.31	18.44	18.05	18.25	7296924	132821152.00
2015/02/16	18.15	19.04	18.14	18.61	8042829	149982112.00
2015/02/17	18.64	18.65	18.18	18.32	8514863	156154352.00
2015/02/25	18.55	18.55	18.00	18.14	5409678	98559752.00
2015/02/26	18.14	18.55	18.05	18.36	7093305	130161112.00
2015/02/27	18.40	18.98	18.36	18.97	12309976	230859744.00
2015/03/02	18.91	19.48	18.62	19.24	15808569	301840992.00
2015/03/03	19.20	19.50	18.92	19.14	7482367	143369760.00
2015/03/04	19.15	19.88	19.15	19.59	9084038	177592176.00
2015/03/05	19.59	19.59	18.69	18.82	10182031	193238160.00
2015/03/06	19.00	19.09	18.50	18.80	5833265	109259800.00
2015/03/09	18.73	19.25	18.54	19.22	6500394	123337480.00
2015/03/10	19.10	19.68	19.08	19.21	7286363	140691712.00
2015/03/11	19.29	19.30	18.73	18.91	5337372	101238216.00
2015/03/12	18.91	20.25	18.65	20.14	15412496	299783680.00
2015/03/13	20.44	21.68	20.02	20.66	31858492	667172992.00
2015/03/16	20.70	22.73	20.22	22.73	26728193	586421248.00
2015/03/17	24.20	24.79	23.02	23.76	49259887	1175671936.00
2015/03/18	23.88	24.31	23.25	23.96	25725763	611303168.00
2015/03/19	23.72	23.72	23.05	23.48	16248730	380219520.00
2015/03/20	23.32	24.30	23.28	23.54	16339742	387138816.00
2015/03/23	23.73	24.29	23.07	23.94	20140885	475733152.00
2015/03/24	23.89	24.12	22.88	23.80	20083662	472858016.00
2015/03/25	24.70	25.32	23.97	24.06	24975754	614554752.00
2015/03/26	23.96	25.27	23.00	24.73	26011180	627242624.00
2015/03/27	24.73	24.73	23.71	23.90	11599633	279317504.00
2015/03/30	24.40	25.59	24.16	24.68	18101351	447821120.00
2015/03/31	24.78	25.49	24.45	24.69	18198498	452880960.00
2015/04/01	24.70	25.80	24.49	25.57	22196990	559843264.00
2015/04/02	26.21	26.77	25.31	25.98	19383918	506149632.00
2015/04/03	25.67	26.44	25.45	26.03	12506224	324388832.00
2015/04/07	26.32	27.82	26.09	27.32	21716860	582480896.00
2015/04/08	28.00	29.97	27.99	28.91	28496672	821248192.00
2015/04/09	29.01	30.50	28.40	29.41	24031644	703220992.00
2015/04/10	30.33	30.33	28.55	29.50	17979250	531038240.00
2015/04/13	28.99	30.48	28.80	29.67	17217736	508978752.00
2015/04/14	29.40	29.88	28.10	28.34	15217158	437061760.00
2015/04/15	28.32	28.32	26.38	26.95	18268163	497684704.00
2015/04/16	26.15	27.69	26.15	27.57	11226449	304898208.00
2015/04/17	28.41	29.68	28.02	28.55	19414384	559160064.00
2015/04/20	28.15	29.25	27.48	27.53	18013413	511467808.00
2015/04/21	27.20	28.66	27.15	28.49	12339205	348030880.00
2015/04/22	28.55	29.15	28.52	28.83	10802558	311501696.00
2015/04/23	28.50	29.40	28.48	28.61	11738223	338371168.00
2015/04/24	28.58	29.09	28.22	28.59	14061606	403459680.00
2015/04/27	28.73	30.30	28.73	29.13	21630527	636471104.00
2015/04/28	29.00	29.47	26.80	27.30	17379144	487497984.00
2015/04/29	26.81	27.88	26.60	27.20	8384030	228795728.00
2015/04/30	27.80	28.40	27.00	27.04	10615029	293065888.00
2015/05/05	27.40	27.40	27.40	27.40	0	0.00
数据来源:通达信
