600481 双良节能 日线 前复权
      日期	    开盘	    最高	    最低	    收盘	    成交量	    成交额
2011/10/10	8.90	8.94	8.67	8.78	1523493	14963342.00
2011/10/11	9.03	9.12	8.70	8.83	1730225	17186712.00
2011/10/12	8.83	9.20	8.73	9.17	2827848	28517448.00
2011/10/13	9.18	9.30	9.03	9.25	2472777	25316610.00
2011/10/14	9.36	9.52	9.16	9.28	3492534	36337448.00
2011/10/17	9.40	9.46	9.25	9.32	2550256	26557084.00
2011/10/18	9.15	9.21	8.92	8.95	3113224	31366114.00
2011/10/19	8.99	9.05	8.79	8.90	1466900	14572620.00
2011/10/20	8.78	8.89	8.35	8.53	2140811	20666670.00
2011/10/21	8.63	8.66	8.46	8.54	1400128	13462659.00
2011/10/24	8.49	8.77	8.20	8.75	2166254	20731626.00
2011/10/25	8.67	9.05	8.67	8.99	2983873	29745476.00
2011/10/26	8.93	9.19	8.88	9.14	4729055	47985836.00
2011/10/27	9.10	9.32	9.07	9.11	3570047	36668808.00
2011/10/28	9.26	9.50	9.13	9.41	6078762	63013008.00
2011/10/31	9.41	9.61	9.19	9.40	6240567	64998808.00
2011/11/01	9.24	9.38	9.12	9.26	3728742	38412172.00
2011/11/02	9.06	9.39	9.02	9.37	4386243	44926804.00
2011/11/03	9.45	9.64	9.35	9.49	9450268	99828720.00
2011/11/04	9.56	9.92	9.46	9.88	8984038	96192016.00
2011/11/07	9.75	9.88	9.55	9.65	4921983	53053240.00
2011/11/08	9.73	9.73	9.23	9.32	4656822	48853172.00
2011/11/09	9.43	9.46	9.04	9.44	6413855	66139028.00
2011/11/10	9.29	9.53	9.15	9.26	6339051	65794020.00
2011/11/11	9.25	9.34	9.10	9.15	5379107	55208248.00
2011/11/14	9.27	9.92	9.27	9.76	13976107	149769472.00
2011/11/15	9.66	9.93	9.66	9.86	9257423	100699680.00
2011/11/16	9.86	9.88	9.39	9.47	8872395	94311576.00
2011/11/17	9.50	9.69	9.40	9.56	4594770	48630508.00
2011/11/18	9.46	9.53	9.13	9.15	4335428	44788152.00
2011/11/22	9.00	9.00	8.70	8.90	5066015	50081552.00
2011/11/23	8.92	8.97	8.75	8.83	2322192	22988080.00
2011/11/24	8.75	8.85	8.59	8.83	1948348	19084444.00
2011/11/25	8.83	8.95	8.70	8.74	1886459	18576230.00
2011/11/28	8.85	8.85	8.67	8.75	1595990	15632477.00
2011/11/29	8.83	8.97	8.75	8.95	2446208	24273572.00
2011/11/30	8.94	8.94	8.43	8.44	4020570	38834376.00
2011/12/01	8.72	8.83	8.55	8.59	5145388	50007776.00
2011/12/02	8.52	8.53	8.23	8.27	3346553	31475626.00
2011/12/05	8.27	8.29	7.92	8.04	2236859	20316040.00
2011/12/06	8.04	8.19	7.97	8.12	1574113	14381130.00
2011/12/07	8.13	8.19	8.07	8.12	1084324	9942383.00
2011/12/08	8.12	8.20	7.86	8.05	1668970	15167450.00
2011/12/09	8.03	8.13	7.93	8.00	1000386	9084553.00
2011/12/12	7.93	8.08	7.87	7.92	1125793	10151559.00
2011/12/13	7.92	7.95	7.57	7.75	2745000	24082604.00
2011/12/14	7.75	7.83	7.42	7.53	1760065	15248189.00
2011/12/15	7.43	7.59	7.29	7.34	2356242	20047788.00
2011/12/16	7.40	7.51	7.22	7.50	2277854	19169928.00
2011/12/19	7.35	7.45	7.10	7.36	2230638	18612804.00
2011/12/20	7.36	7.54	7.30	7.31	1787035	15102534.00
2011/12/21	7.43	7.44	7.16	7.19	1457144	12165439.00
2011/12/22	7.13	7.13	6.55	6.87	3493780	27576572.00
2011/12/23	6.85	6.99	6.75	6.87	2134534	16935114.00
2011/12/26	6.73	6.91	6.73	6.75	2038079	16004464.00
2011/12/27	6.75	6.75	6.30	6.38	2135174	16162871.00
2011/12/28	6.38	6.38	6.01	6.34	2360784	17118436.00
2011/12/29	6.25	6.41	6.21	6.33	1485008	10949207.00
2011/12/30	6.39	6.43	6.26	6.33	4974091	36804656.00
2012/01/04	6.42	6.42	5.95	5.96	2673322	19324288.00
2012/01/05	5.93	5.93	5.61	5.63	2723923	18464388.00
2012/01/06	5.56	5.69	5.44	5.67	1777350	11766545.00
2012/01/09	5.74	5.96	5.59	5.94	2704891	18578326.00
2012/01/10	5.95	6.39	5.87	6.36	11361265	81885208.00
2012/01/11	6.33	6.44	6.25	6.36	9158468	67654952.00
2012/01/12	6.28	6.42	6.24	6.30	4757492	35090128.00
2012/01/13	6.31	6.32	5.92	5.94	4506740	32005188.00
2012/01/16	5.85	5.90	5.66	5.67	2283315	15587175.00
2012/01/17	5.69	6.09	5.69	6.08	3979561	27709344.00
2012/01/18	6.13	6.23	5.90	5.95	4104373	29312116.00
2012/01/19	6.01	6.12	5.94	6.07	4267248	30271210.00
2012/01/20	6.15	6.15	6.04	6.12	3150494	22540052.00
2012/01/30	6.19	6.25	5.95	6.12	3403637	24453924.00
2012/01/31	6.15	6.17	6.07	6.16	1712942	12303165.00
2012/02/01	6.16	6.27	6.05	6.06	2716979	19610272.00
2012/02/02	6.08	6.20	6.01	6.19	2641971	18910396.00
2012/02/03	6.20	6.50	6.15	6.45	7794835	57733216.00
2012/02/06	6.44	6.66	6.36	6.64	10692207	81054704.00
2012/02/07	6.60	6.72	6.37	6.49	6002099	45478580.00
2012/02/08	6.53	6.70	6.41	6.67	7616807	58060532.00
2012/02/09	6.65	7.06	6.65	6.83	11930614	94319456.00
2012/02/10	6.93	7.00	6.75	6.87	7719069	61343532.00
2012/02/13	6.75	7.30	6.71	7.19	13774342	112486864.00
2012/02/14	7.29	7.30	7.04	7.20	16447387	135233936.00
2012/02/15	7.19	7.31	7.07	7.28	13297133	109633960.00
2012/02/16	7.24	7.48	7.24	7.43	12678934	106910400.00
2012/02/17	7.43	7.47	7.27	7.34	6288899	52779740.00
2012/02/20	7.47	7.51	7.26	7.27	7729547	65053176.00
2012/02/21	7.27	7.58	7.17	7.55	10881198	91936760.00
2012/02/22	7.51	8.11	7.51	8.03	18442808	164693104.00
2012/02/23	7.97	8.10	7.86	8.00	7528582	67878232.00
2012/02/24	7.96	8.22	7.96	8.18	10074922	92587144.00
2012/02/27	8.30	8.34	8.04	8.08	10906669	100366192.00
2012/02/28	8.02	8.20	7.90	8.07	10224097	93178144.00
2012/02/29	8.05	8.17	7.85	8.10	8234403	74705888.00
2012/03/01	8.08	8.23	8.04	8.15	5820486	53520608.00
2012/03/02	8.15	8.57	8.15	8.50	11749340	111006056.00
2012/03/05	8.65	8.80	8.39	8.63	11959046	115169536.00
2012/03/06	8.57	8.77	8.47	8.70	11047939	107284576.00
2012/03/07	8.51	8.78	8.35	8.40	8095617	78047592.00
2012/03/08	8.45	8.55	8.34	8.47	8785306	83132304.00
2012/03/09	8.54	8.54	8.13	8.32	13826926	128918200.00
2012/03/12	8.22	8.34	8.18	8.28	7628925	70885536.00
2012/03/13	8.28	8.38	8.21	8.31	7019786	65439248.00
2012/03/14	8.33	8.62	7.91	8.00	22070241	207069376.00
2012/03/15	8.00	8.07	7.23	7.60	13347203	116051344.00
2012/03/16	7.59	7.75	7.40	7.70	8741708	75744112.00
2012/03/19	7.69	7.81	7.60	7.75	7201235	62974552.00
2012/03/20	7.71	7.71	7.30	7.34	7967238	67839056.00
2012/03/21	7.43	7.52	7.20	7.49	6738744	56823680.00
2012/03/22	7.47	7.52	7.24	7.35	6694020	56155352.00
2012/03/23	7.33	7.33	7.04	7.10	5115701	42091436.00
2012/03/26	7.07	7.23	7.07	7.18	4898290	40205696.00
2012/03/27	7.27	7.32	7.15	7.19	3300950	27346444.00
2012/03/28	7.18	7.18	6.67	6.71	4819941	38191572.00
2012/03/29	6.65	6.73	6.29	6.44	4237214	32145868.00
2012/04/05	6.44	6.76	6.44	6.74	3411337	26363728.00
2012/04/06	6.77	7.18	6.72	7.17	7218351	57943284.00
2012/04/09	7.30	7.50	7.06	7.28	9913872	82400472.00
2012/04/10	7.13	7.72	7.11	7.41	19631037	165865984.00
2012/04/11	7.21	7.61	7.17	7.32	13243506	110731088.00
2012/04/12	7.27	7.33	7.11	7.31	9062704	75121136.00
2012/04/13	7.32	7.41	7.26	7.32	5458950	45698916.00
2012/04/16	7.32	7.32	7.16	7.24	3400966	28208604.00
2012/04/17	7.22	7.43	7.20	7.22	4948455	41451240.00
2012/04/18	7.26	7.49	7.22	7.43	7699549	65052896.00
2012/04/19	7.47	7.60	7.36	7.40	5780452	49219900.00
2012/04/20	7.38	7.45	7.25	7.42	5346437	44980480.00
2012/04/23	7.41	7.58	7.35	7.47	6347914	54207104.00
2012/04/24	7.41	7.58	6.80	7.10	8033159	66198780.00
2012/04/25	7.09	7.16	6.92	7.09	5160718	41736276.00
2012/04/26	7.07	7.07	6.83	6.87	6041597	48271780.00
2012/04/27	6.78	6.92	6.76	6.85	3068584	24156354.00
2012/05/02	6.97	7.03	6.85	6.88	4727718	37773920.00
2012/05/03	6.88	7.07	6.87	7.04	3594684	28868052.00
2012/05/04	7.15	7.31	7.15	7.25	7059606	58373784.00
2012/05/07	7.19	7.43	7.16	7.41	6438130	53804580.00
2012/05/08	7.31	7.77	7.24	7.71	14735095	127386960.00
2012/05/09	7.67	7.99	7.56	7.73	18436214	163694336.00
2012/05/10	7.75	7.80	7.54	7.67	9152115	79593904.00
2012/05/11	7.57	7.76	7.51	7.52	5314933	46203292.00
2012/05/14	7.60	7.64	7.40	7.42	5011955	43026192.00
2012/05/15	7.30	7.38	7.17	7.29	4892121	40644144.00
2012/05/16	7.21	7.43	7.21	7.24	4076519	34208656.00
2012/05/17	7.31	7.47	7.24	7.46	6879273	57905944.00
2012/05/18	7.35	7.41	7.10	7.13	5726782	47428156.00
2012/05/21	7.13	7.22	7.10	7.13	2593876	21257056.00
2012/05/22	7.29	7.29	7.08	7.20	2705214	21826984.00
2012/05/23	7.21	7.24	6.99	7.16	3735615	29841364.00
2012/05/24	7.10	7.20	7.06	7.14	2002776	16109080.00
2012/05/25	7.22	7.35	7.18	7.23	4992227	40868508.00
2012/05/28	7.16	7.29	7.01	7.29	4575647	36765076.00
2012/05/29	7.27	7.47	7.25	7.45	6731588	55887504.00
2012/05/30	7.45	7.75	7.40	7.67	11878828	101182840.00
2012/05/31	7.60	7.79	7.57	7.65	8795445	75646440.00
2012/06/01	7.67	7.75	7.46	7.48	6004945	50845100.00
2012/06/04	7.32	7.36	7.10	7.15	5650885	46011876.00
2012/06/05	7.25	7.34	7.14	7.16	4109995	33382742.00
2012/06/06	7.16	7.25	6.87	7.09	4793578	38217692.00
2012/06/07	7.16	7.19	6.90	6.91	3829210	30355052.00
2012/06/08	7.05	7.06	6.89	6.92	2536913	19952632.00
2012/06/11	6.93	7.18	6.93	7.14	3669394	29365120.00
2012/06/12	7.14	7.15	6.93	6.95	3455952	27346628.00
2012/06/13	6.97	7.07	6.93	7.06	2962572	23475676.00
2012/06/14	7.05	7.12	6.95	7.02	3587838	28467164.00
2012/06/15	7.00	7.05	6.75	6.84	5509610	42815384.00
2012/06/18	6.82	6.97	6.81	6.86	4475353	34769168.00
2012/06/19	6.86	6.86	6.78	6.81	1965106	15173873.00
2012/06/20	6.82	6.86	6.70	6.72	2851497	21772860.00
2012/06/21	6.71	6.72	6.52	6.53	3238127	24219552.00
2012/06/25	6.51	6.66	6.40	6.40	2630111	19550920.00
2012/06/26	6.37	6.44	6.21	6.37	1945622	14065987.00
2012/06/27	6.32	6.42	6.30	6.32	1649077	11951424.00
2012/06/28	6.32	6.35	6.09	6.10	3479825	24685712.00
2012/06/29	6.07	6.27	5.80	6.26	7651194	52859296.00
2012/07/02	6.25	6.35	6.19	6.32	3356609	24137900.00
2012/07/03	6.38	6.39	6.27	6.33	2759252	20006188.00
2012/07/04	6.38	6.40	6.21	6.28	1396766	10008086.00
2012/07/05	6.29	6.31	5.98	5.99	2426334	16933456.00
2012/07/06	6.01	6.15	5.89	6.14	2567495	17773524.00
2012/07/09	6.09	6.14	5.91	5.94	2769681	19158484.00
2012/07/10	5.99	6.11	5.85	6.10	2387783	16589995.00
2012/07/11	6.11	6.24	6.04	6.11	2386397	16786560.00
2012/07/12	6.07	6.22	6.02	6.19	3405726	24015146.00
2012/07/13	6.15	6.23	6.05	6.06	2208741	15523190.00
2012/07/16	6.05	6.05	5.36	5.36	11409957	72710952.00
2012/07/17	5.37	5.43	5.23	5.41	2547877	15925211.00
2012/07/18	5.41	5.44	5.23	5.41	2213050	13843554.00
2012/07/19	5.45	5.58	5.36	5.53	3930934	25177556.00
2012/07/20	5.50	5.53	5.40	5.47	1920795	12201254.00
2012/07/23	5.47	5.47	5.33	5.36	1358398	8519046.00
2012/07/24	5.35	5.49	5.32	5.43	1388003	8764860.00
2012/07/25	5.43	5.46	5.33	5.36	1403343	8839897.00
2012/07/26	5.40	5.40	5.30	5.30	1471099	9195552.00
2012/07/27	5.35	5.35	5.27	5.32	1195508	7424951.00
2012/07/30	5.32	5.35	5.09	5.10	2889182	17588800.00
2012/07/31	5.09	5.10	4.90	4.94	1520542	8955003.00
2012/08/01	4.93	5.09	4.91	5.05	875876	5214134.00
2012/08/02	5.08	5.09	4.97	5.00	894908	5301937.00
2012/08/03	5.07	5.16	5.02	5.14	1208281	7260315.00
2012/08/06	5.11	5.29	5.11	5.28	1478608	9043824.00
2012/08/07	5.31	5.38	5.28	5.33	1881170	11720945.00
2012/08/08	5.33	5.43	5.20	5.28	2331207	14408560.00
2012/08/09	5.29	5.35	5.20	5.34	2785611	17234772.00
2012/08/10	5.34	5.37	5.26	5.32	2714148	16865014.00
2012/08/13	5.33	5.33	5.16	5.17	2148369	13204317.00
2012/08/14	5.17	5.21	5.00	5.20	1950428	11745898.00
2012/08/15	5.20	5.20	5.11	5.15	1099719	6657247.00
2012/08/16	5.10	5.28	5.07	5.18	2208056	13473377.00
2012/08/17	5.22	5.24	5.13	5.22	1214062	7397699.00
2012/08/20	5.18	5.33	5.11	5.28	2340965	14371260.00
2012/08/21	5.30	5.45	5.24	5.44	4392374	27497572.00
2012/08/22	5.52	5.56	5.31	5.37	4351131	27521676.00
2012/08/23	5.55	5.82	5.45	5.51	6215803	40200468.00
2012/08/24	5.44	5.53	5.26	5.27	3549839	22238034.00
2012/08/27	5.20	5.28	5.12	5.14	2138674	13056144.00
2012/08/28	5.14	5.33	5.11	5.23	2395110	14644437.00
2012/08/29	5.26	5.43	5.22	5.35	3749173	23299588.00
2012/08/30	5.54	5.66	5.30	5.39	9741149	62366060.00
2012/08/31	5.26	5.33	5.15	5.25	3942087	24139988.00
2012/09/03	5.12	5.33	5.12	5.29	2748463	16926060.00
2012/09/04	5.35	5.36	5.17	5.19	2226276	13657349.00
2012/09/05	5.19	5.28	5.15	5.21	1743521	10647023.00
2012/09/06	5.22	5.30	5.19	5.29	2122380	13038742.00
2012/09/07	5.38	5.58	5.32	5.53	6738848	42969624.00
2012/09/10	5.69	5.84	5.60	5.73	11029817	72969728.00
2012/09/11	5.66	5.67	5.54	5.61	4790482	31044174.00
2012/09/12	5.62	5.68	5.51	5.60	4569524	29687796.00
2012/09/13	5.63	5.68	5.50	5.51	3143897	20457492.00
2012/09/14	5.54	5.62	5.46	5.56	3172874	20452202.00
2012/09/17	5.60	5.72	5.53	5.53	7077732	46293992.00
2012/09/18	5.56	5.89	5.53	5.83	13468564	89666072.00
2012/09/19	5.84	5.84	5.67	5.77	7496973	49718252.00
2012/09/20	5.75	5.75	5.32	5.34	7674267	49145308.00
2012/09/21	5.22	5.30	5.06	5.11	5265253	31971788.00
2012/09/24	5.10	5.19	5.00	5.15	2534959	15272133.00
2012/09/25	5.13	5.17	5.02	5.04	2330179	13936767.00
2012/09/26	5.04	5.07	4.81	4.83	3235813	18791418.00
2012/09/27	4.79	5.02	4.79	4.97	3059382	17804600.00
2012/09/28	4.91	5.09	4.91	5.08	2426273	14367317.00
2012/10/08	5.11	5.24	5.07	5.08	3492181	21105004.00
2012/10/09	5.32	5.68	5.32	5.68	14073256	92270464.00
2012/10/10	6.15	6.15	5.68	5.82	28943233	195761776.00
2012/10/11	5.91	5.98	5.64	5.77	17869962	119393072.00
2012/10/12	5.62	5.95	5.62	5.81	14011257	94352896.00
2012/10/15	5.75	5.86	5.50	5.63	7852975	51064476.00
2012/10/16	5.63	5.69	5.51	5.59	4390969	28607158.00
2012/10/17	5.59	5.70	5.50	5.66	5388434	35071032.00
2012/10/18	5.68	5.92	5.61	5.83	11140501	74261680.00
2012/10/19	5.80	5.82	5.57	5.58	8704151	57197960.00
2012/10/22	5.53	5.67	5.48	5.61	4167732	27054328.00
2012/10/23	5.65	5.85	5.64	5.65	9880805	65780748.00
2012/10/24	5.58	5.79	5.52	5.72	5204360	34232744.00
2012/10/25	5.73	5.98	5.65	5.91	13582666	91140696.00
2012/10/26	5.79	5.81	5.51	5.57	10167874	66823144.00
2012/10/29	5.62	5.72	5.57	5.67	4537130	29734056.00
2012/10/30	5.68	5.70	5.38	5.41	8345606	53130704.00
2012/10/31	5.37	5.37	5.22	5.34	4419631	27376780.00
2012/11/01	5.34	5.49	5.34	5.45	3799096	24091528.00
2012/11/02	5.45	5.56	5.43	5.47	3721677	23751328.00
2012/11/05	5.48	5.56	5.45	5.47	3912130	25017974.00
2012/11/06	5.48	5.49	5.20	5.33	6404960	39645100.00
2012/11/07	5.33	5.35	5.25	5.27	2616536	16177953.00
2012/11/08	5.23	5.26	5.09	5.13	2628822	15947442.00
2012/11/09	5.16	5.18	5.10	5.13	1775778	10724410.00
2012/11/12	5.13	5.22	5.13	5.18	1629010	9897739.00
2012/11/13	5.19	5.20	5.03	5.12	2289917	13770817.00
2012/11/14	5.17	5.32	5.12	5.30	3857716	23690650.00
2012/11/15	5.25	5.28	5.11	5.13	2367073	14432578.00
2012/11/16	5.13	5.13	5.00	5.08	1976781	11755690.00
2012/11/19	5.03	5.14	5.00	5.11	1648199	9853770.00
2012/11/20	5.13	5.16	5.05	5.08	1291302	7752293.00
2012/11/21	5.08	5.18	5.00	5.17	1832501	10983728.00
2012/11/22	5.18	5.18	5.05	5.06	1551999	9318276.00
2012/11/23	5.09	5.16	5.03	5.08	1008670	6047816.00
2012/11/26	5.12	5.18	5.10	5.14	2092478	12655602.00
2012/12/11	5.74	5.74	5.74	5.74	5674839	37680932.00
2012/12/12	5.85	5.97	5.62	5.78	24918669	166962496.00
2012/12/13	5.63	5.72	5.54	5.56	9895149	64469976.00
2012/12/14	5.53	5.82	5.47	5.73	14965231	98416568.00
2012/12/17	5.72	5.86	5.70	5.78	11114849	74168024.00
2012/12/18	5.79	5.85	5.55	5.62	11750764	77508656.00
2012/12/19	5.58	5.69	5.58	5.59	8044800	52494296.00
2012/12/20	5.62	5.73	5.48	5.58	7132184	46277668.00
2012/12/21	5.56	5.66	5.50	5.65	7481178	48481272.00
2012/12/24	5.74	6.25	5.74	5.90	25726269	177142688.00
2012/12/25	5.79	6.07	5.77	5.97	17821469	122103824.00
2012/12/26	5.93	6.02	5.81	5.98	12024135	82069736.00
2012/12/27	6.06	6.14	5.87	5.88	10921789	75133936.00
2012/12/28	5.85	5.90	5.76	5.89	10715850	72116088.00
2012/12/31	5.91	6.10	5.82	6.04	12749846	87507224.00
2013/01/04	6.25	6.37	6.00	6.25	24160890	171451360.00
2013/01/07	6.25	6.97	6.18	6.97	33471010	252673328.00
2013/01/08	7.12	7.57	7.02	7.19	51779308	422686368.00
2013/01/09	7.11	7.13	6.76	6.92	24891633	195173904.00
2013/01/11	6.83	7.02	6.66	6.73	21177304	162678624.00
2013/01/14	6.76	6.93	6.61	6.86	24116378	185914352.00
2013/01/15	6.86	7.14	6.78	6.98	26502318	208837552.00
2013/01/16	6.97	6.97	6.68	6.81	18127901	138905504.00
2013/01/17	6.77	6.77	6.52	6.56	11089931	83305328.00
2013/01/18	6.65	6.79	6.56	6.70	8772313	66483160.00
2013/01/21	6.71	6.75	6.63	6.74	7438383	56508776.00
2013/01/22	6.75	6.78	6.47	6.51	9079747	67894256.00
2013/01/23	6.50	6.70	6.47	6.69	7416427	55718872.00
2013/01/24	6.70	6.79	6.35	6.38	10840065	80985992.00
2013/01/25	6.36	6.45	6.25	6.34	4872140	35367404.00
2013/01/28	6.37	6.56	6.35	6.55	6526937	48162452.00
2013/01/29	6.59	6.96	6.50	6.85	20457786	157530944.00
2013/01/30	6.86	6.92	6.72	6.87	11168253	86433352.00
2013/01/31	6.90	6.94	6.53	6.65	15663658	118228536.00
2013/02/01	6.60	6.77	6.54	6.66	6429692	48537488.00
2013/02/04	6.62	6.66	6.55	6.58	6165892	46173040.00
2013/02/05	6.51	6.67	6.45	6.63	6349794	47270776.00
2013/02/06	6.61	6.67	6.53	6.60	6455506	48348408.00
2013/02/07	6.60	6.86	6.57	6.73	7897208	60327020.00
2013/02/08	6.74	6.84	6.69	6.81	8134276	62559744.00
2013/02/18	6.85	7.08	6.85	6.99	11351368	89275672.00
2013/02/20	6.79	7.20	6.75	7.13	15539337	123860032.00
2013/02/21	7.06	7.07	6.74	6.77	10998676	85857904.00
2013/02/22	6.76	6.89	6.50	6.51	10100870	76556768.00
2013/02/25	6.53	6.72	6.53	6.65	5793096	43697308.00
2013/02/26	6.62	6.62	6.40	6.41	7344902	54518572.00
2013/02/27	6.41	6.53	6.41	6.45	3705485	27291836.00
2013/02/28	6.50	6.63	6.44	6.63	4733605	35236960.00
2013/03/01	6.62	6.82	6.62	6.81	8761522	66959196.00
2013/03/04	6.75	6.87	6.46	6.51	10441082	79444528.00
2013/03/05	6.51	6.76	6.40	6.74	7503830	56297200.00
2013/03/06	6.79	6.91	6.73	6.90	11517636	88946760.00
2013/03/07	6.89	6.94	6.67	6.78	9319108	72033760.00
2013/03/08	6.93	7.04	6.80	6.97	14214737	111621792.00
2013/03/11	6.97	7.11	6.84	6.89	9835005	77456200.00
2013/03/12	6.86	6.90	6.45	6.58	8164024	61754800.00
2013/03/13	6.57	6.59	6.43	6.58	3378805	25075224.00
2013/03/14	6.58	6.74	6.53	6.62	4013793	30300104.00
2013/03/15	6.88	7.37	6.88	7.03	31007153	249977184.00
2013/03/18	7.00	7.60	6.93	7.46	40486577	335802240.00
2013/03/19	7.38	7.40	7.12	7.31	18118237	147625488.00
2013/03/20	7.31	7.53	7.19	7.45	20722406	172137456.00
2013/03/21	7.45	8.08	7.40	7.80	32826717	287462208.00
2013/03/22	7.78	7.91	7.67	7.79	16310087	141699504.00
2013/03/25	7.80	8.04	7.45	7.46	19524104	168579728.00
2013/03/26	7.33	7.57	7.31	7.50	12637370	105626032.00
2013/03/27	7.47	7.82	7.40	7.75	15060021	129223296.00
2013/03/28	7.60	7.61	7.21	7.25	13136388	109041888.00
2013/03/29	7.28	7.34	7.10	7.21	7954535	64662664.00
2013/04/01	7.26	7.40	7.16	7.36	6935454	56753112.00
2013/04/02	7.46	7.68	7.34	7.36	10806366	90742160.00
2013/04/03	7.42	7.42	6.95	7.00	10239439	81684352.00
2013/04/08	6.85	6.91	6.60	6.90	6720325	51538216.00
2013/04/09	6.89	7.07	6.88	7.01	5914724	46563904.00
2013/04/10	6.98	7.00	6.74	6.84	5151364	39839944.00
2013/04/11	6.84	6.93	6.65	6.69	5228504	40016876.00
2013/04/12	6.69	6.80	6.60	6.63	4003882	30462664.00
2013/04/15	6.65	6.92	6.51	6.80	5562072	42521312.00
2013/04/16	6.72	6.93	6.62	6.90	4411917	34126032.00
2013/04/17	6.87	6.93	6.77	6.91	3412116	26438810.00
2013/04/18	6.87	6.94	6.78	6.92	3809918	29686688.00
2013/04/19	6.91	7.12	6.84	7.11	7285087	57760016.00
2013/04/22	7.02	7.07	6.94	7.05	5643695	44527416.00
2013/04/23	7.05	7.07	6.62	6.63	7053103	54134836.00
2013/04/24	6.62	6.84	6.57	6.76	5826851	44228032.00
2013/04/25	6.75	6.75	6.45	6.47	8349417	62428332.00
2013/04/26	6.47	6.59	6.46	6.56	3942639	29211148.00
2013/05/02	6.72	6.80	6.60	6.64	5250308	39837392.00
2013/05/03	6.68	6.76	6.58	6.65	6364907	48329384.00
2013/05/06	6.70	6.82	6.61	6.81	6607167	50379308.00
2013/05/07	6.81	6.85	6.71	6.74	5042387	38660048.00
2013/05/08	6.79	6.87	6.71	6.82	4554444	34937468.00
2013/05/09	6.84	6.88	6.59	6.69	7272338	55514148.00
2013/05/10	6.69	6.79	6.62	6.78	5740888	43707244.00
2013/05/13	6.78	6.83	6.72	6.82	5121019	39303344.00
2013/05/14	6.82	7.07	6.69	7.06	12497969	97386288.00
2013/05/15	7.08	7.26	7.00	7.22	14001463	112306480.00
2013/05/16	7.17	7.27	7.07	7.12	12532455	101366272.00
2013/05/17	7.13	7.29	7.12	7.27	8659734	70457536.00
2013/05/20	7.25	7.35	7.21	7.30	9732676	79653656.00
2013/05/21	7.30	7.30	7.12	7.25	12226494	99282424.00
2013/05/22	7.27	7.43	7.19	7.32	12487973	102703376.00
2013/05/23	7.27	7.42	7.20	7.28	9865672	80973560.00
2013/05/24	7.26	7.78	7.26	7.75	21617957	183092912.00
2013/05/27	7.90	8.13	7.75	8.07	25226563	222383648.00
2013/05/28	7.98	8.30	7.81	8.14	22004332	197465120.00
2013/05/29	8.19	8.42	8.01	8.04	15209828	138071264.00
2013/05/30	7.98	8.36	7.89	8.32	16987714	153248480.00
2013/05/31	8.36	8.45	8.15	8.16	12972927	119112872.00
2013/06/03	8.19	8.68	8.12	8.52	23607567	221376960.00
2013/06/04	8.54	8.58	7.97	8.08	14915732	136449152.00
2013/06/05	8.11	8.38	8.01	8.22	12440136	113157008.00
2013/06/06	8.12	8.13	7.70	7.82	12432616	109048192.00
2013/06/07	7.82	7.91	7.34	7.53	10428048	88702736.00
2013/06/13	7.39	7.46	7.10	7.27	7265583	59227320.00
2013/06/14	7.27	7.53	7.27	7.50	7146429	59364624.00
2013/06/17	7.55	7.72	7.46	7.55	7383189	62630204.00
2013/06/18	7.60	7.70	7.50	7.64	5933673	50466596.00
2013/06/19	7.60	7.60	7.32	7.49	5535840	46221848.00
2013/06/20	7.48	7.51	7.09	7.25	7292226	59611296.00
2013/06/21	7.08	7.35	7.00	7.16	9069320	73725528.00
2013/06/24	7.31	7.31	6.38	6.60	7687867	57862288.00
2013/06/25	6.58	6.70	5.88	6.60	11088329	77578024.00
2013/06/26	6.62	6.80	6.44	6.76	7910765	58027272.00
2013/06/27	6.80	6.88	6.44	6.45	7476417	54966968.00
2013/06/28	6.43	6.58	6.15	6.47	5072934	35952816.00
2013/07/01	6.50	6.63	6.44	6.63	4138463	29805480.00
2013/07/02	6.70	6.95	6.55	6.94	8044998	60229556.00
2013/07/03	6.95	6.95	6.75	6.89	5592352	41965200.00
2013/07/04	6.81	7.03	6.77	6.92	7663413	58072292.00
2013/07/05	6.95	7.05	6.85	6.88	4815990	36573344.00
2013/07/08	6.75	6.75	6.45	6.45	5396498	39056160.00
2013/07/09	6.43	7.08	6.37	7.03	8409974	62360996.00
2013/07/10	6.86	7.29	6.86	7.16	9255188	72139232.00
2013/07/11	7.45	7.82	7.36	7.54	18917654	155200032.00
2013/07/12	7.47	7.64	7.47	7.56	10709732	87679632.00
2013/07/15	7.65	7.85	7.60	7.73	11664962	97557096.00
2013/07/16	7.74	7.81	7.54	7.78	8763416	73176208.00
2013/07/17	7.76	7.97	7.62	7.63	10922055	92543808.00
2013/07/18	7.63	7.71	7.54	7.59	6484082	53611328.00
2013/07/19	7.60	7.64	7.21	7.22	8365286	67809920.00
2013/07/22	7.13	7.59	7.10	7.58	7417593	59742732.00
2013/07/23	7.63	8.30	7.63	8.08	17907208	154952000.00
2013/07/24	8.00	8.29	7.94	8.22	13135412	115293576.00
2013/07/25	8.20	8.25	7.83	7.84	9767259	84471440.00
2013/07/26	7.82	8.34	7.76	8.33	13783027	120504192.00
2013/07/29	8.33	8.39	7.92	8.13	12955884	113898240.00
2013/07/30	8.07	8.39	7.93	8.24	12031183	106388720.00
2013/07/31	8.24	8.39	8.05	8.18	13047383	115944688.00
2013/08/01	8.16	8.44	8.13	8.42	16644764	148354848.00
2013/08/02	8.42	8.52	8.30	8.33	11039801	99925472.00
2013/08/05	8.37	9.18	8.32	8.98	28304893	267609968.00
2013/08/06	9.10	9.25	8.87	9.07	26316661	255121328.00
2013/08/07	8.97	9.06	8.80	8.90	15119580	144704736.00
2013/08/08	8.90	8.99	8.55	8.61	18655286	174105120.00
2013/08/09	8.65	8.68	8.19	8.34	20957716	189306080.00
2013/08/12	8.50	8.71	8.50	8.67	17759975	164294848.00
2013/08/13	8.67	8.68	8.45	8.53	10088765	92639128.00
2013/08/14	8.54	8.57	8.37	8.44	9824139	89156096.00
2013/08/15	8.44	8.55	8.37	8.52	8115477	74109840.00
2013/08/16	8.47	8.64	8.05	8.06	12451103	111966616.00
2013/08/19	7.98	8.24	7.89	8.21	7358941	64487168.00
2013/08/20	8.12	8.29	8.02	8.15	6344646	55827360.00
2013/08/21	8.16	8.28	8.02	8.23	6319385	55849248.00
2013/08/22	8.21	8.23	8.00	8.00	7014222	61401212.00
2013/08/23	8.05	8.13	7.70	7.94	7762322	66711856.00
2013/08/26	7.96	8.18	7.93	8.17	7570265	66069280.00
2013/08/27	8.18	8.30	8.12	8.21	7152266	63499368.00
2013/08/28	8.20	8.20	7.95	7.99	7194149	62510232.00
2013/08/29	7.98	8.12	7.85	7.95	4883011	42018016.00
2013/08/30	7.93	7.97	7.64	7.71	7895801	66913132.00
2013/09/02	7.79	7.96	7.71	7.95	6094967	51602956.00
2013/09/03	7.95	8.10	7.95	8.05	5486376	47540312.00
2013/09/04	8.05	8.43	8.03	8.24	15853393	141785856.00
2013/09/05	8.26	8.44	8.16	8.21	9100686	81428016.00
2013/09/06	8.18	8.28	8.15	8.22	4981050	44126408.00
2013/09/09	8.23	8.39	8.22	8.27	9491098	84950816.00
2013/09/10	8.40	8.41	8.25	8.36	11687866	104889560.00
2013/09/11	8.41	8.42	8.01	8.07	12323352	108631456.00
2013/09/12	8.03	8.04	7.77	7.89	13265669	113335624.00
2013/09/13	7.85	8.02	7.85	7.96	5965838	51287504.00
2013/09/16	7.95	8.14	7.87	8.12	6900682	60034528.00
2013/09/17	8.13	8.14	7.94	8.00	5344580	46238040.00
2013/09/18	7.98	8.35	7.96	8.34	12449614	110350200.00
2013/09/23	8.37	8.47	8.27	8.43	14827516	134140568.00
2013/09/24	8.42	8.42	8.20	8.35	9971569	89266832.00
2013/09/25	8.35	8.70	8.35	8.44	14965572	137449856.00
2013/09/26	8.50	8.60	8.25	8.32	9517119	86390880.00
2013/09/27	8.31	8.46	8.25	8.28	5643359	50682152.00
2013/09/30	8.28	8.58	8.28	8.57	8550243	78005968.00
2013/10/08	8.58	8.80	8.49	8.74	12485781	116730056.00
2013/10/09	8.96	9.10	8.82	8.87	20773660	198859280.00
2013/10/10	8.90	8.97	8.70	8.74	13142389	124175672.00
2013/10/11	8.82	9.64	8.74	9.39	28177851	276569088.00
2013/10/14	9.30	9.47	9.22	9.36	18635295	186173920.00
2013/10/15	9.35	9.85	9.25	9.77	24494064	253064688.00
2013/10/16	9.83	9.99	9.39	9.53	18295170	187986784.00
2013/10/17	9.67	10.21	9.40	9.45	22696284	238035424.00
2013/10/18	9.36	9.60	9.22	9.41	12291850	124000736.00
2013/10/21	9.42	10.14	9.42	9.96	17532729	184497968.00
2013/10/22	10.00	10.40	9.73	9.90	19893998	213637376.00
2013/10/23	9.89	9.95	9.32	9.40	15899864	162953632.00
2013/10/24	9.44	9.59	9.25	9.47	8716110	87769896.00
2013/10/25	9.60	9.68	9.11	9.25	12781058	127082128.00
2013/10/28	9.37	9.45	9.18	9.30	8721076	86937736.00
2013/10/29	9.35	9.44	8.36	8.77	15022383	142934512.00
2013/10/30	8.80	8.91	8.61	8.85	8338038	78618648.00
2013/10/31	8.82	9.00	8.70	8.85	8231068	78421472.00
2013/11/01	8.80	8.96	8.62	8.91	5714392	53933752.00
2013/11/04	8.93	9.30	8.93	9.20	10555825	103660432.00
2013/11/05	9.22	9.50	9.01	9.44	9655221	96360688.00
2013/11/06	9.41	9.55	9.15	9.25	10080360	100758496.00
2013/11/07	9.15	9.30	9.03	9.19	5668688	55697296.00
2013/11/08	9.11	9.21	8.88	8.95	5448520	52653700.00
2013/11/11	9.03	9.55	9.00	9.54	12360584	123313848.00
2013/11/12	9.54	9.83	9.42	9.74	15859789	163877504.00
2013/11/13	9.65	9.84	9.40	9.48	9921683	102043016.00
2013/11/14	9.50	10.22	9.40	10.10	22480914	237704736.00
2013/11/15	10.08	10.32	9.94	10.13	17766390	191313728.00
2013/11/18	10.08	10.29	10.05	10.16	14227535	153802800.00
2013/11/19	10.25	10.29	9.71	9.88	17395806	183844752.00
2013/11/20	9.91	10.14	9.80	10.13	12504120	132924408.00
2013/11/21	10.03	10.13	9.85	10.02	8387086	89260112.00
2013/11/22	10.02	10.02	9.64	9.65	10880738	113557512.00
2013/11/25	9.64	9.86	9.56	9.68	6758036	70186056.00
2013/11/26	9.70	10.23	9.63	10.19	13383173	142417936.00
2013/11/27	10.09	10.59	10.06	10.56	22322048	245839488.00
2013/11/28	10.53	10.66	10.40	10.41	12358118	137815024.00
2013/11/29	10.41	10.71	10.39	10.45	11225792	125583048.00
2013/12/02	10.28	10.34	9.75	9.95	15719227	168176688.00
2013/12/03	9.95	10.94	9.93	10.73	16708499	186255008.00
2013/12/04	10.67	10.98	10.64	10.65	19952399	228565680.00
2013/12/05	10.43	11.24	10.37	11.20	25828953	300082144.00
2013/12/06	11.20	11.35	10.85	11.09	16789062	196968080.00
2013/12/09	11.04	11.52	10.98	11.38	20283065	241773472.00
2013/12/10	11.37	11.45	11.10	11.23	12764718	151719904.00
2013/12/11	11.26	11.30	10.85	11.05	12635849	147530192.00
2013/12/12	11.01	11.23	10.85	11.04	10488718	122600704.00
2013/12/13	10.97	11.11	10.85	10.97	7813147	90834896.00
2013/12/16	10.86	10.99	10.42	10.51	20331537	229460832.00
2013/12/17	10.55	10.68	10.45	10.59	9205958	103219888.00
2013/12/18	10.58	10.61	10.33	10.39	7204481	79987704.00
2013/12/19	10.45	10.67	10.36	10.41	6782367	75845080.00
2013/12/20	10.41	10.45	9.87	10.04	11003527	118511792.00
2013/12/23	10.04	10.15	9.76	10.05	6040429	64350380.00
2013/12/24	10.06	10.43	10.06	10.29	9608728	104913136.00
2013/12/25	10.30	10.54	10.21	10.49	7738456	85730544.00
2013/12/26	10.47	10.47	9.96	9.99	8538945	92429128.00
2013/12/27	10.08	10.82	10.05	10.73	13205040	146434416.00
2013/12/30	10.77	10.85	10.64	10.74	8388868	95492600.00
2013/12/31	10.75	10.81	10.51	10.76	6352096	72082760.00
2014/01/02	10.80	11.00	10.70	10.88	8119327	93334280.00
2014/01/03	10.78	10.93	10.52	10.56	7803563	88086592.00
2014/01/06	10.50	10.50	10.00	10.08	9602980	103915832.00
2014/01/07	10.08	10.45	10.08	10.35	7793545	85307600.00
2014/01/08	10.36	10.40	10.08	10.17	6971231	75687168.00
2014/01/09	10.15	10.18	9.30	9.44	23225721	239709344.00
2014/01/10	9.45	9.59	9.32	9.42	8125266	81891832.00
2014/01/13	9.41	9.60	9.13	9.20	8051993	80981872.00
2014/01/14	9.15	9.41	8.94	9.40	9553695	93999224.00
2014/01/15	9.35	9.41	9.21	9.38	6176918	61473056.00
2014/01/16	9.51	9.90	9.51	9.63	14737414	153214368.00
2014/01/17	9.52	9.76	9.37	9.55	6903074	71019640.00
2014/01/20	9.50	9.68	9.35	9.37	7876057	79957264.00
2014/01/21	9.37	9.68	9.36	9.67	5886026	60327408.00
2014/01/22	9.67	9.98	9.60	9.94	10352137	108971096.00
2014/01/23	9.93	9.99	9.81	9.91	8886655	93850192.00
2014/01/24	9.87	10.13	9.83	10.06	7348135	78403616.00
2014/01/27	9.97	10.10	9.73	9.91	7407811	78450872.00
2014/01/28	9.85	10.06	9.75	10.00	5621974	59398532.00
2014/01/29	10.00	10.62	10.00	10.45	12872296	141518512.00
2014/01/30	10.36	10.60	10.27	10.28	6568462	72783568.00
2014/02/07	10.28	10.73	10.10	10.72	9842184	110280528.00
2014/02/10	10.74	10.95	10.66	10.91	14003129	160449536.00
2014/02/11	10.90	11.00	10.64	10.78	11527348	131979360.00
2014/02/12	10.76	11.05	10.72	10.82	9647373	111021616.00
2014/02/13	10.80	10.92	10.53	10.81	18096103	205540272.00
2014/02/14	10.76	11.63	10.71	11.60	26123025	310866176.00
2014/02/17	11.61	11.78	11.44	11.74	17821964	218587456.00
2014/02/18	11.66	12.15	11.53	11.87	22458958	279823680.00
2014/02/19	11.82	12.07	11.62	11.92	13662094	170236128.00
2014/02/20	11.95	11.96	11.54	11.81	14758143	182283968.00
2014/02/21	11.66	11.78	11.40	11.59	12486194	151865632.00
2014/02/24	11.61	12.05	11.34	11.91	20925710	257303632.00
2014/02/25	12.01	12.03	11.14	11.40	18656781	226985504.00
2014/02/26	11.25	11.41	10.98	11.37	10841063	128243896.00
2014/02/27	11.25	11.61	11.16	11.25	9081016	109240032.00
2014/02/28	11.20	11.30	10.92	11.29	7361592	86595032.00
2014/03/03	11.24	11.51	11.19	11.47	9736539	117298728.00
2014/03/04	11.41	11.41	11.08	11.34	7958936	94696888.00
2014/03/05	11.29	11.43	11.18	11.33	5707777	68200752.00
2014/03/06	11.20	11.75	11.08	11.73	12110336	146694160.00
2014/03/07	11.67	11.89	11.46	11.64	10675972	131972528.00
2014/03/10	11.40	11.50	11.06	11.29	7888301	93972800.00
2014/03/11	11.20	11.33	11.05	11.26	5570514	65675564.00
2014/03/12	11.20	11.29	10.68	11.21	7106660	82957496.00
2014/03/13	11.13	11.24	11.06	11.18	3512885	41500292.00
2014/03/14	11.17	11.32	10.96	11.19	4352678	51453376.00
2014/03/17	11.15	11.77	11.14	11.74	9343037	113843216.00
2014/03/18	11.70	11.79	11.41	11.50	13195358	160829184.00
2014/03/19	11.47	11.53	11.14	11.27	6798793	80985768.00
2014/03/20	11.16	11.33	10.90	10.96	5729817	67475032.00
2014/03/21	10.95	11.33	10.87	11.28	6378890	74891336.00
2014/03/24	11.28	11.33	11.11	11.25	5724398	67969856.00
2014/03/25	11.24	11.33	11.12	11.22	4179589	49572344.00
2014/03/26	11.25	11.48	11.22	11.29	10197195	122388512.00
2014/03/27	11.38	11.38	10.95	11.11	6172237	72342864.00
2014/03/28	11.07	11.15	10.37	10.45	8515717	96667536.00
2014/03/31	10.50	10.69	10.42	10.51	3470105	38860208.00
2014/04/01	10.50	10.74	10.50	10.73	3092676	34958860.00
2014/04/02	10.71	10.82	10.61	10.78	3306941	37674136.00
2014/04/03	10.80	10.86	10.62	10.69	2148940	24413124.00
2014/04/04	10.58	10.79	10.58	10.78	2272055	25870340.00
2014/04/08	10.80	11.17	10.73	11.08	6354709	74101496.00
2014/04/09	11.09	11.21	11.04	11.12	4839476	56898536.00
2014/04/10	11.10	11.25	11.06	11.21	5960024	70433408.00
2014/04/11	11.19	11.24	11.04	11.09	4401164	51710712.00
2014/04/14	11.23	11.44	11.22	11.29	12443665	148771136.00
2014/04/15	11.29	11.40	11.16	11.33	7637597	91280304.00
2014/04/16	11.27	11.40	11.15	11.32	5256925	62782424.00
2014/04/17	11.35	11.41	11.21	11.26	5274366	62890528.00
2014/04/18	11.26	11.34	11.20	11.27	3627784	43246436.00
2014/04/21	11.21	11.38	11.04	11.07	6577263	78064552.00
2014/04/22	11.05	11.10	10.67	10.79	5696385	65320160.00
2014/04/23	10.76	10.88	10.63	10.68	3090881	35207936.00
2014/04/24	10.68	10.78	10.59	10.60	2431894	27558678.00
2014/04/25	10.65	10.70	10.46	10.49	3225082	36166072.00
2014/04/28	10.53	10.60	9.96	10.01	5361722	58574432.00
2014/04/29	10.16	10.20	9.76	9.99	5498831	58259812.00
2014/04/30	9.99	10.07	9.90	10.00	2964427	31545848.00
2014/05/05	9.99	10.21	9.79	10.20	3440908	36610880.00
2014/05/06	10.20	10.30	10.13	10.20	3466851	37638408.00
2014/05/07	10.15	10.19	9.82	9.84	4374703	46438072.00
2014/05/08	9.78	9.99	9.76	9.78	3099048	32542552.00
2014/05/09	9.84	9.92	9.67	9.74	4016980	41894844.00
2014/05/12	9.85	10.15	9.74	10.13	4215698	44656704.00
2014/05/13	10.07	10.29	10.01	10.26	5462179	58974888.00
2014/05/14	10.27	10.31	10.14	10.16	3360734	36482072.00
2014/05/15	10.16	10.25	9.89	9.91	3676688	39574088.00
2014/05/16	9.91	10.25	9.90	10.24	4056689	43382932.00
2014/05/19	10.22	10.32	10.00	10.04	2822071	30411066.00
2014/05/20	10.16	10.22	10.03	10.19	2674218	28863760.00
2014/05/21	10.17	10.27	10.09	10.25	4625426	50184672.00
2014/05/22	10.44	10.44	9.92	9.96	5732752	57956728.00
2014/05/23	9.94	9.94	9.70	9.84	4723168	46180224.00
2014/05/26	9.81	10.10	9.81	10.09	4711983	46932728.00
2014/05/27	10.11	10.24	10.03	10.04	4648559	47147076.00
2014/05/28	10.01	10.15	9.88	10.10	3686186	36887936.00
2014/05/29	10.10	10.16	9.85	9.86	3915665	38994884.00
2014/05/30	9.88	10.00	9.82	9.94	2305704	22878222.00
2014/06/03	9.93	9.98	9.70	9.72	4585293	44962900.00
2014/06/04	9.77	9.77	9.49	9.55	4795318	46031572.00
2014/06/05	9.55	9.66	9.47	9.63	4089377	39147160.00
2014/06/06	9.67	9.68	9.40	9.45	3670108	34897504.00
2014/06/09	9.40	9.60	9.38	9.45	2804028	26640072.00
2014/06/10	9.49	9.68	9.46	9.67	4161871	40035140.00
2014/06/11	9.67	9.76	9.61	9.70	3602472	34847892.00
2014/06/12	9.69	9.69	9.59	9.63	2352298	22647348.00
2014/06/13	9.68	9.82	9.60	9.80	5383749	52417792.00
2014/06/16	9.86	9.98	9.80	9.87	5743742	56762020.00
2014/06/17	9.86	9.92	9.73	9.76	2820162	27666006.00
2014/06/18	9.75	9.76	9.57	9.58	3014711	29047514.00
2014/06/19	9.55	9.64	9.27	9.35	3364604	31776312.00
2014/06/20	9.40	9.53	9.16	9.26	3525017	32661116.00
2014/06/23	9.28	9.38	9.26	9.28	2047376	19097648.00
2014/06/24	9.28	9.63	9.28	9.63	5013640	47782964.00
2014/06/25	9.60	9.65	9.47	9.62	2006991	19177548.00
2014/06/26	9.60	9.70	9.55	9.63	2639192	25452044.00
2014/06/27	9.65	9.72	9.59	9.68	2846279	27458352.00
2014/06/30	9.70	9.83	9.62	9.77	4212019	41120496.00
2014/07/01	9.74	9.78	9.65	9.70	3381694	32821214.00
2014/07/02	9.80	10.08	9.76	10.01	9668328	96260480.00
2014/07/03	9.98	10.10	9.92	9.98	5110301	51113824.00
2014/07/04	9.92	10.08	9.89	10.00	4039342	40346332.00
2014/07/07	9.98	10.03	9.91	9.93	3824637	38053044.00
2014/07/08	9.90	9.93	9.74	9.88	4577727	44986828.00
2014/07/09	9.82	9.93	9.69	9.69	4170426	40918432.00
2014/07/10	9.69	9.79	9.58	9.63	3455119	33398958.00
2014/07/11	9.59	9.75	9.59	9.74	2699635	26197236.00
2014/07/14	9.71	10.02	9.70	9.98	5432595	53709416.00
2014/07/15	9.97	10.01	9.79	9.87	4557280	45033496.00
2014/07/16	9.89	10.20	9.87	10.07	9724889	97959192.00
2014/07/17	10.07	10.09	9.86	9.94	4287066	42704656.00
2014/07/18	9.95	10.10	9.87	9.93	3543509	35367820.00
2014/07/21	9.90	9.95	9.73	9.78	3175805	31185468.00
2014/07/22	9.80	9.94	9.72	9.93	4036042	39824960.00
2014/07/23	9.86	9.94	9.63	9.70	5262135	51382280.00
2014/07/24	9.71	9.92	9.61	9.87	5109118	49772692.00
2014/07/25	9.84	9.94	9.76	9.92	4576673	45099976.00
2014/07/28	9.94	10.13	9.94	10.12	10936549	109765704.00
2014/07/29	10.13	10.18	10.00	10.14	9502434	95989288.00
2014/07/30	10.14	10.47	9.96	10.43	19115360	195595424.00
2014/07/31	10.30	10.60	10.20	10.30	25363773	260620736.00
2014/08/01	10.22	10.22	9.97	9.99	17766333	179128656.00
2014/08/04	9.95	10.43	9.95	10.29	17435561	177270432.00
2014/08/05	10.29	10.38	10.03	10.14	24917215	252526768.00
2014/08/06	10.12	10.15	10.05	10.10	14627363	147700400.00
2014/08/07	10.11	10.18	10.02	10.05	10055115	101542968.00
2014/08/08	10.05	10.12	10.02	10.09	6117133	61689508.00
2014/08/11	10.11	10.47	10.07	10.36	21784543	223509024.00
2014/08/12	10.27	10.42	10.20	10.23	28521251	292434240.00
2014/08/13	10.23	10.28	10.09	10.20	13841497	140792992.00
2014/08/14	10.20	10.30	10.13	10.23	14610734	149526912.00
2014/08/15	10.20	10.29	10.11	10.19	19369006	197003840.00
2014/08/18	10.21	10.30	10.14	10.29	16768129	171679488.00
2014/08/19	10.34	10.52	10.27	10.49	28728091	299008096.00
2014/08/20	10.46	10.72	10.42	10.57	28496473	301309824.00
2014/08/21	10.57	10.63	10.34	10.37	31110352	324408832.00
2014/08/22	10.34	10.49	10.34	10.45	17342120	180562672.00
2014/08/25	10.45	10.45	10.22	10.24	12806470	131863056.00
2014/08/26	10.21	10.28	9.94	10.00	13390609	135390176.00
2014/08/27	10.00	10.08	9.99	10.02	7909915	79282400.00
2014/08/28	10.04	10.10	9.63	9.69	15976910	156939376.00
2014/08/29	9.70	9.78	9.63	9.77	7426603	72231048.00
2014/09/01	9.78	9.97	9.78	9.97	8250367	81561808.00
2014/09/02	9.97	10.12	9.93	10.08	15321236	153605024.00
2014/09/03	10.09	10.12	9.97	10.07	16847011	169289392.00
2014/09/04	10.06	10.28	10.04	10.25	20375696	207748320.00
2014/09/05	10.25	10.36	10.20	10.24	18998955	194983248.00
2014/09/09	10.24	10.52	10.24	10.41	26616131	276905248.00
2014/09/10	10.40	10.43	10.29	10.41	15598171	161401184.00
2014/09/11	10.40	10.53	10.27	10.29	19541778	203192608.00
2014/09/12	10.28	10.56	10.25	10.54	24874641	260642944.00
2014/09/15	10.57	10.70	10.47	10.59	19609777	207412928.00
2014/09/16	10.58	10.61	10.10	10.16	21311469	220950528.00
2014/09/17	10.17	10.26	10.05	10.25	10899751	110877304.00
2014/09/18	10.24	10.38	10.20	10.35	10741164	110671832.00
2014/09/19	10.39	10.46	10.19	10.30	11421961	117961056.00
2014/09/22	10.26	10.29	9.98	10.02	14264770	144170112.00
2014/09/23	10.03	10.75	10.03	10.73	28454603	296192960.00
2014/09/24	10.69	10.84	10.62	10.75	29839377	320450880.00
2014/09/25	10.75	11.00	10.56	10.65	23707556	255988400.00
2014/09/26	10.69	11.09	10.64	11.01	28758430	313546272.00
2014/09/29	11.07	11.09	10.88	10.94	16872763	185251360.00
2014/09/30	10.90	10.93	10.69	10.85	23561253	254327968.00
2014/10/08	11.00	11.01	10.76	10.97	17942669	195897248.00
2014/10/09	11.08	11.25	10.85	10.97	24893899	274984640.00
2014/10/10	10.93	11.15	10.78	11.01	20684948	226922688.00
2014/10/13	11.08	11.29	10.90	11.23	27417456	304400128.00
2014/10/14	11.30	11.68	11.18	11.38	34367081	391451712.00
2014/10/15	11.42	11.49	11.20	11.39	21853530	248306096.00
2014/10/16	11.36	11.45	11.00	11.07	21358609	241215472.00
2014/10/17	11.12	11.18	10.63	10.83	21260371	231862128.00
2014/10/20	10.91	11.11	10.85	10.99	13473599	147969408.00
2014/10/21	11.07	11.20	10.84	10.85	14604775	160901056.00
2014/10/22	10.85	11.01	10.69	10.77	9836611	106775824.00
2014/10/23	10.83	10.83	10.50	10.54	11124369	117916368.00
2014/10/24	10.57	10.64	10.51	10.60	6201725	65631920.00
2014/10/27	10.59	10.74	10.50	10.56	10031507	106307304.00
2014/10/28	10.52	10.82	10.50	10.82	13905045	148529760.00
2014/10/29	10.85	10.89	10.70	10.83	15645002	169032176.00
2014/10/30	10.88	11.00	10.80	10.85	14989078	163191504.00
2014/10/31	10.89	10.93	10.77	10.84	11573039	125504312.00
2014/11/03	10.89	11.06	10.86	10.98	13495302	148200208.00
2014/11/04	11.00	11.07	10.78	10.81	12052165	131246904.00
2014/11/05	10.85	10.89	10.63	10.64	9004141	96474336.00
2014/11/06	10.67	10.80	10.64	10.79	6685944	71727056.00
2014/11/07	10.86	11.20	10.81	10.91	22792077	251381072.00
2014/11/10	10.96	11.13	10.84	11.04	16631153	183155456.00
2014/11/11	11.10	11.14	10.57	10.73	15246105	165523200.00
2014/11/12	10.69	10.99	10.63	10.98	10952642	118106568.00
2014/11/13	11.05	11.36	10.88	11.26	30881373	344069984.00
2014/11/14	11.11	11.26	10.98	11.05	14581708	161590816.00
2014/11/17	11.06	11.12	10.83	10.93	9864691	108224296.00
2014/11/18	10.98	11.08	10.90	11.08	10067398	110546584.00
2014/11/19	11.08	11.30	11.01	11.24	19164885	214336384.00
2014/11/20	11.22	11.22	11.03	11.06	10850148	120275488.00
2014/11/21	11.06	11.24	11.06	11.16	13940080	155597216.00
2014/11/24	11.30	11.35	11.16	11.26	20559902	231280944.00
2014/11/25	11.34	11.66	11.26	11.50	30874014	355812032.00
2014/11/26	11.60	11.64	11.32	11.44	18285686	209600672.00
2014/11/27	11.40	11.98	11.40	11.62	25769876	301398016.00
2014/11/28	11.63	11.68	11.28	11.37	20807698	238519088.00
2014/12/01	11.30	11.54	11.24	11.30	17520196	198784016.00
2014/12/02	11.38	11.55	11.30	11.42	18057277	206836592.00
2014/12/03	11.42	11.67	11.31	11.67	23616275	271966848.00
2014/12/04	11.69	11.74	11.55	11.67	22137992	257937328.00
2014/12/05	11.68	11.70	10.85	10.98	32778705	366394048.00
2014/12/08	10.98	11.08	10.79	10.86	24712525	270156608.00
2014/12/09	10.90	11.14	10.53	10.58	30757114	335944288.00
2014/12/10	10.49	11.03	10.45	10.97	20224145	218731568.00
2014/12/11	10.96	11.18	10.91	11.05	17845207	197273520.00
2014/12/12	11.05	11.19	10.96	11.09	12816844	142098096.00
2014/12/15	11.09	11.26	10.99	11.21	14377309	160446960.00
2014/12/16	11.26	11.34	11.07	11.20	12779639	142569136.00
2014/12/17	11.19	11.20	10.81	10.94	16635133	182382864.00
2014/12/18	10.94	10.99	10.75	10.81	10567458	114933120.00
2014/12/19	10.79	10.79	10.51	10.72	13808235	146857888.00
2014/12/22	10.72	10.73	10.18	10.33	15620289	162677328.00
2014/12/23	10.33	10.52	10.23	10.36	7404564	77135360.00
2014/12/24	10.45	10.47	10.32	10.45	5947920	61949936.00
2014/12/25	10.50	10.65	10.46	10.63	8644917	91598128.00
2014/12/26	10.66	10.66	10.50	10.55	7242767	76497744.00
2014/12/29	10.66	10.66	10.28	10.34	9325029	96664768.00
2014/12/30	10.34	10.34	9.89	9.97	13521613	136364336.00
2014/12/31	10.04	10.15	9.92	10.09	6234111	62663784.00
2015/01/05	10.19	10.40	10.02	10.34	10282354	105381088.00
2015/01/06	10.35	10.53	10.30	10.48	10583099	110454512.00
2015/01/07	10.58	10.58	10.41	10.48	7365283	77326648.00
2015/01/08	10.53	10.53	10.32	10.33	7137443	74052784.00
2015/01/09	10.46	10.73	10.36	10.37	9892085	104517608.00
2015/01/12	10.35	10.35	10.08	10.10	5912177	60090532.00
2015/01/13	10.11	10.25	10.10	10.22	3587316	36497688.00
2015/01/14	10.22	10.25	10.07	10.13	4091177	41464944.00
2015/01/15	10.12	10.24	10.12	10.23	3706968	37813844.00
2015/01/16	10.23	10.33	10.20	10.33	5167264	53036336.00
2015/01/19	10.20	10.29	9.86	9.92	9514534	95796096.00
2015/01/20	9.95	10.20	9.95	10.20	6379163	64363952.00
2015/01/21	10.22	10.41	10.16	10.40	9231043	95486080.00
2015/01/22	10.38	10.75	10.33	10.67	13797609	145802400.00
2015/01/23	10.66	10.76	10.47	10.50	9402340	99831792.00
2015/01/26	10.60	10.63	10.47	10.63	7175801	75845872.00
2015/01/27	10.64	10.96	10.50	10.91	16401399	176301184.00
2015/04/02	12.00	12.00	12.00	12.00	1490001	17880012.00
2015/04/03	13.20	13.20	13.20	13.20	363786	4801975.00
2015/04/07	14.52	14.52	14.52	14.52	3674025	53346844.00
2015/04/08	15.86	15.97	15.30	15.97	82869301	1310473344.00
2015/04/09	16.00	16.97	15.70	16.38	67486976	1096301824.00
2015/04/10	16.30	17.18	15.81	16.89	49654552	821692224.00
2015/04/13	16.89	17.37	16.54	16.68	45183600	760704768.00
2015/04/14	16.58	17.25	16.23	17.16	44243990	737886400.00
2015/04/15	17.16	17.80	16.56	16.63	49563508	854827328.00
2015/04/16	16.50	17.22	15.84	17.14	40086712	667912448.00
2015/04/17	17.10	18.35	17.03	17.99	54628544	959595968.00
2015/04/20	17.85	17.87	16.78	17.13	42473379	740121344.00
2015/04/21	17.10	17.75	16.95	17.66	34523975	600827392.00
2015/04/22	17.60	18.57	17.56	17.77	34918700	629287296.00
2015/04/23	17.81	17.98	17.32	17.55	27412061	481869600.00
2015/04/24	17.49	17.96	17.19	17.74	28235876	498329728.00
2015/04/27	17.73	18.48	17.70	17.76	33358340	603705216.00
2015/04/28	17.77	17.77	16.90	17.17	32569893	559302976.00
2015/04/29	17.20	18.13	17.01	18.00	28631212	506089504.00
2015/04/30	18.05	18.20	17.74	17.76	21164730	379606656.00
2015/05/05	18.77	18.77	18.77	18.77	0	0.00
数据来源:通达信
