600807 天业股份 日线 前复权
      日期	    开盘	    最高	    最低	    收盘	    成交量	    成交额
2011/10/10	9.97	10.32	9.55	10.29	13496096	134826544.00
2011/10/11	10.57	11.32	10.37	11.25	31023776	345046528.00
2011/10/12	11.11	11.92	10.84	11.77	30095970	344505344.00
2011/10/13	11.52	11.87	11.38	11.69	19872861	231456704.00
2011/10/14	11.67	12.33	11.51	11.55	22405321	266733328.00
2011/10/17	11.74	11.92	10.93	11.88	26186373	298715680.00
2011/10/18	11.66	12.23	11.35	11.36	30017150	357777472.00
2011/10/19	11.23	12.14	11.02	11.89	30067483	352735936.00
2011/10/20	11.76	12.06	11.17	11.68	24778841	286854784.00
2011/10/21	11.52	11.82	11.15	11.18	14907366	170750608.00
2011/10/24	10.87	11.57	10.17	11.34	19665445	214963008.00
2011/10/25	11.27	11.97	11.01	11.74	27484390	318560832.00
2011/10/26	11.55	12.17	11.35	11.78	32532891	384932192.00
2011/10/27	11.63	12.10	11.47	11.48	21599875	253574672.00
2011/10/28	11.57	12.52	11.49	12.08	40600489	492875456.00
2011/10/31	11.97	12.27	11.82	12.17	25355472	306833536.00
2011/11/01	11.99	12.22	11.82	11.90	19785231	237806448.00
2011/11/02	11.62	11.90	11.38	11.80	19255005	224646000.00
2011/11/03	11.85	12.30	11.77	11.79	23918620	288001696.00
2011/11/04	11.87	12.02	11.55	11.85	18371847	217019744.00
2011/11/07	11.76	12.00	11.58	11.63	11562261	136182944.00
2011/11/08	11.57	11.71	11.42	11.50	10233461	118375216.00
2011/11/09	11.49	12.07	11.42	12.02	21472803	254925088.00
2011/11/10	11.85	11.97	11.56	11.58	14771669	173318480.00
2011/11/11	11.50	11.65	10.92	11.26	16209354	183475792.00
2011/11/14	11.27	11.48	11.15	11.32	11123580	126293224.00
2011/11/15	11.32	11.54	11.08	11.41	12391841	140530176.00
2011/11/16	11.37	11.39	10.97	10.99	10218706	114257424.00
2011/11/17	10.97	11.13	10.64	10.78	8825182	96247760.00
2011/11/18	10.67	10.73	10.27	10.31	7614381	79772968.00
2011/11/21	10.14	10.59	10.14	10.57	6482651	68065792.00
2011/11/22	10.47	10.52	10.22	10.38	4635941	48252400.00
2011/11/23	10.44	10.63	10.34	10.39	5022063	52805932.00
2011/11/24	10.27	10.37	10.00	10.16	5220369	53297952.00
2011/11/25	10.17	10.36	9.99	10.03	4754855	48369808.00
2011/11/28	10.05	10.16	9.84	9.91	4589685	45923380.00
2011/11/29	10.00	10.35	9.93	10.28	7437153	75753240.00
2011/11/30	10.26	10.27	9.27	9.43	9002543	88030928.00
2011/12/01	9.79	9.87	9.44	9.46	8273348	80236144.00
2011/12/02	9.44	9.44	8.87	8.97	7487014	68325544.00
2011/12/05	8.97	8.97	8.55	8.67	5504039	47929656.00
2011/12/06	8.65	8.81	8.47	8.73	4909889	42708664.00
2011/12/07	8.73	8.80	8.46	8.56	4991912	43171140.00
2011/12/08	8.52	9.42	8.35	9.22	16680618	152185808.00
2011/12/09	8.97	9.42	8.94	9.21	11319215	104731968.00
2011/12/12	9.13	9.35	8.57	8.71	7921013	71469600.00
2011/12/13	8.56	8.56	7.97	8.08	9142028	74870320.00
2011/12/14	8.07	8.51	8.07	8.20	7013635	58242704.00
2011/12/15	8.08	8.45	8.05	8.10	7950174	65857188.00
2011/12/16	8.10	8.24	7.44	8.06	11034696	86772144.00
2011/12/19	7.97	7.97	7.47	7.68	7504426	57911148.00
2011/12/20	7.67	8.12	7.59	7.77	9134983	72246520.00
2011/12/21	7.90	7.98	7.27	7.34	7270935	55420736.00
2011/12/22	7.22	7.29	6.81	7.10	6576156	46542884.00
2011/12/23	7.05	7.45	7.01	7.39	8738660	63914220.00
2011/12/26	7.45	7.71	7.13	7.15	9468956	70728352.00
2011/12/27	6.96	7.14	6.82	6.86	5569777	38699604.00
2011/12/28	6.73	6.90	6.60	6.87	4585147	31062122.00
2011/12/29	6.95	6.95	6.64	6.66	4385987	30102684.00
2011/12/30	6.73	7.33	6.67	7.33	9842273	71231752.00
2012/01/04	7.71	7.76	7.27	7.28	15503591	116534784.00
2012/01/05	7.09	7.65	7.09	7.19	15494416	114862792.00
2012/01/06	7.05	7.57	6.77	7.47	13219781	95501272.00
2012/01/09	7.37	8.06	7.26	7.86	17299874	133243296.00
2012/01/10	7.77	8.08	7.69	8.03	16346297	129673152.00
2012/01/11	7.97	8.03	7.78	7.91	10353902	82299888.00
2012/01/12	7.77	8.36	7.65	8.04	16642601	133178368.00
2012/01/13	7.94	8.01	7.52	7.58	9951322	77346976.00
2012/01/16	7.46	7.46	6.82	6.82	8618223	61695948.00
2012/01/17	6.82	7.35	6.82	7.27	9405801	67412112.00
2012/01/18	7.26	8.00	7.18	7.75	23231929	181654320.00
2012/01/19	7.62	7.87	7.43	7.75	13422401	103345640.00
2012/01/20	7.79	7.94	7.60	7.64	8445456	65349140.00
2012/01/30	7.64	7.92	7.62	7.67	8522511	66546712.00
2012/01/31	7.62	7.74	7.50	7.68	5273748	40422304.00
2012/02/01	7.60	8.00	7.55	7.77	12591677	98536872.00
2012/02/02	7.79	7.92	7.57	7.89	12122094	94743352.00
2012/02/03	7.83	8.22	7.81	8.02	16226887	130736248.00
2012/02/06	8.05	8.12	7.89	8.04	11273118	90475728.00
2012/02/07	8.04	8.32	7.73	7.85	13100702	105878448.00
2012/02/08	7.70	8.11	7.68	8.08	12175597	97052480.00
2012/02/09	8.11	8.37	8.02	8.23	16993583	140158624.00
2012/02/10	8.25	8.37	8.03	8.14	14817205	121611640.00
2012/02/13	8.02	8.26	7.88	8.22	11505335	93493496.00
2012/02/14	8.25	8.34	8.12	8.23	10606068	87427568.00
2012/02/15	8.19	9.06	8.12	9.06	25768732	221995008.00
2012/02/16	9.32	9.52	8.83	9.09	31798765	291165152.00
2012/02/17	8.97	9.10	8.76	8.98	15384155	137765904.00
2012/02/20	9.05	9.13	8.85	8.96	13105189	117950960.00
2012/02/21	8.92	9.13	8.65	9.05	16366389	146628848.00
2012/02/22	8.97	9.29	8.94	9.13	19557787	179162576.00
2012/02/23	9.11	9.14	8.87	9.01	12352433	111866952.00
2012/02/24	9.02	9.37	8.89	9.16	20370805	187326624.00
2012/02/27	9.26	9.27	9.02	9.03	15718912	144219904.00
2012/02/28	8.98	8.98	8.61	8.71	12080519	106479904.00
2012/02/29	8.67	8.93	8.65	8.73	6656905	58738604.00
2012/03/01	8.67	8.84	8.62	8.75	5187844	45606148.00
2012/03/02	8.75	9.02	8.68	8.92	8815791	78730176.00
2012/03/05	8.92	9.00	8.74	8.77	8038088	71388744.00
2012/03/06	8.77	8.77	8.43	8.55	8884258	76280128.00
2012/03/07	8.44	8.85	8.39	8.59	9430237	81857008.00
2012/03/08	8.62	8.78	8.57	8.66	6395985	55531360.00
2012/03/09	8.70	8.80	8.62	8.80	6743448	59152380.00
2012/03/12	8.83	8.89	8.62	8.78	6815801	59986812.00
2012/03/13	8.79	9.47	8.74	9.03	18388050	167737424.00
2012/03/14	9.01	9.07	8.28	8.34	15670378	137835456.00
2012/03/15	8.32	8.38	7.77	7.88	10732770	86235160.00
2012/03/16	7.90	8.09	7.85	8.05	6583566	52768152.00
2012/03/19	8.04	8.21	7.96	8.20	6010268	48740308.00
2012/03/20	8.22	8.22	7.95	8.00	5089683	41079892.00
2012/03/21	8.03	8.31	7.96	8.14	5916913	48242840.00
2012/03/22	8.17	8.54	7.98	8.29	10788316	90038920.00
2012/03/23	8.17	8.24	7.97	8.01	6618944	53728736.00
2012/03/26	8.01	8.01	7.77	7.84	4280709	33772576.00
2012/03/27	7.85	8.03	7.82	7.88	3442907	27359512.00
2012/03/28	7.83	7.86	7.35	7.40	5695199	42995572.00
2012/03/29	7.38	7.62	7.31	7.32	4704398	35216272.00
2012/03/30	7.32	7.43	7.24	7.30	3200204	23527076.00
2012/04/05	7.26	7.53	7.26	7.51	3681828	27458370.00
2012/04/06	7.48	7.65	7.47	7.58	3734110	28330542.00
2012/04/09	7.52	7.59	7.39	7.40	2776944	20903236.00
2012/04/10	7.41	7.95	7.39	7.72	7863979	60839780.00
2012/04/11	7.57	8.33	7.49	8.01	11651804	92472560.00
2012/04/12	7.92	8.24	7.81	8.07	10173067	81939072.00
2012/04/13	8.07	8.27	7.97	8.20	10381185	84690192.00
2012/04/16	8.11	8.39	8.03	8.31	11791014	97496400.00
2012/04/17	8.23	8.30	7.88	7.89	9187296	74089360.00
2012/04/18	7.92	8.17	7.90	8.10	6716970	54404932.00
2012/04/19	8.08	8.23	7.98	8.14	5981407	48852128.00
2012/04/20	8.09	8.24	8.03	8.16	7916799	64830684.00
2012/04/23	8.16	8.16	7.89	7.96	6913628	55550268.00
2012/04/24	8.02	8.66	8.01	8.20	16923861	140406672.00
2012/04/25	7.97	8.39	7.87	8.25	13946312	114272032.00
2012/04/26	8.25	8.40	8.04	8.09	8770093	72326696.00
2012/04/27	8.01	8.11	7.74	7.77	8548752	67619600.00
2012/05/02	7.92	7.95	7.72	7.81	4922528	38605836.00
2012/05/03	7.79	7.79	7.55	7.70	5161276	39628556.00
2012/05/04	7.69	7.81	7.64	7.77	3928645	30504114.00
2012/05/07	7.75	7.76	7.62	7.76	3326461	25661536.00
2012/05/08	7.76	7.87	7.70	7.85	5621853	44070756.00
2012/05/09	7.77	7.82	7.65	7.76	3922437	30449360.00
2012/05/10	7.76	8.03	7.67	7.99	8183872	64702724.00
2012/05/11	7.97	8.10	7.73	7.78	7318218	58298592.00
2012/05/14	7.89	8.02	7.76	7.79	5135658	40704092.00
2012/05/15	7.70	7.74	7.57	7.67	4503429	34527288.00
2012/05/16	7.77	7.82	7.64	7.73	3519808	27274592.00
2012/05/17	7.79	7.82	7.62	7.81	3922147	30548808.00
2012/05/18	7.78	7.79	7.46	7.51	4919055	37599136.00
2012/05/21	7.50	7.60	7.28	7.56	3470100	25895714.00
2012/05/22	7.50	7.61	7.49	7.57	3323743	25193870.00
2012/05/23	7.51	7.59	7.35	7.44	3657594	27336716.00
2012/05/24	7.44	7.51	7.32	7.43	3272537	24326972.00
2012/05/25	7.49	7.55	7.35	7.42	3349353	25015016.00
2012/05/28	7.42	7.42	7.04	7.30	4091319	29588170.00
2012/05/29	7.26	7.48	7.25	7.43	4165274	30883026.00
2012/05/30	7.43	7.54	7.37	7.44	3333317	24982632.00
2012/05/31	7.39	7.46	7.27	7.44	2878793	21331152.00
2012/06/01	7.44	7.50	7.36	7.48	3445315	25739196.00
2012/06/04	7.40	7.42	7.08	7.10	3733560	27238272.00
2012/06/06	7.10	7.23	6.98	7.11	2163368	15493089.00
2012/06/07	7.25	7.25	7.00	7.08	2256827	16118592.00
2012/06/08	7.15	7.15	6.91	6.92	2180136	15413359.00
2012/06/11	6.92	7.09	6.87	7.09	2707514	19012616.00
2012/06/12	7.05	7.77	6.98	7.37	9595800	71048728.00
2012/06/13	7.28	7.41	7.22	7.35	5677816	41648484.00
2012/06/14	7.31	7.33	7.15	7.18	3217202	23376874.00
2012/06/15	7.18	7.23	6.98	7.05	2749104	19592856.00
2012/06/18	7.10	7.16	6.99	7.06	2554467	18200732.00
2012/06/19	7.08	7.15	7.02	7.06	2610916	18576496.00
2012/06/20	7.07	7.12	7.01	7.03	1762342	12495578.00
2012/06/21	7.04	7.06	6.88	6.91	2038907	14192437.00
2012/06/25	6.90	7.03	6.80	6.81	2000332	13896339.00
2012/06/26	6.77	6.91	6.70	6.91	1664284	11398618.00
2012/06/27	6.87	6.93	6.78	6.79	1433792	9885373.00
2012/06/28	6.78	6.89	6.49	6.53	2319408	15548029.00
2012/06/29	6.54	6.57	6.42	6.55	1563724	10234365.00
2012/07/02	6.57	6.84	6.52	6.66	2560832	17217600.00
2012/07/03	6.61	6.74	6.56	6.63	2052810	13687462.00
2012/07/04	6.63	6.68	6.59	6.63	1917056	12757152.00
2012/07/05	6.63	6.63	6.42	6.43	1748903	11466178.00
2012/07/06	6.46	6.57	6.39	6.56	2270657	14835535.00
2012/07/09	6.51	6.56	6.25	6.29	2781262	17826464.00
2012/07/10	6.25	6.30	6.04	6.06	2571915	15800261.00
2012/07/11	6.02	6.12	5.99	6.09	1326649	8097619.00
2012/07/12	6.09	6.13	5.88	6.12	2868215	17421368.00
2012/07/13	6.08	6.46	6.02	6.30	5817285	36779664.00
2012/07/16	6.18	6.23	5.68	5.75	3384164	20387132.00
2012/07/17	5.82	5.97	5.73	5.86	2461363	14508376.00
2012/07/18	5.86	5.91	5.64	5.88	2736576	15842914.00
2012/07/19	5.87	6.25	5.84	6.04	3738256	22874846.00
2012/07/20	5.97	6.18	5.96	6.08	3402504	20751410.00
2012/07/23	5.99	6.09	5.96	5.98	2067268	12504525.00
2012/07/24	5.96	6.15	5.92	6.07	2407658	14664995.00
2012/07/25	6.09	6.10	5.96	6.00	1687761	10218017.00
2012/07/26	6.00	6.08	5.96	5.98	1926330	11662248.00
2012/07/27	5.93	6.04	5.85	5.88	1862973	11092131.00
2012/07/30	5.90	6.01	5.49	5.55	2597615	14790501.00
2012/07/31	5.52	5.55	5.20	5.34	1665488	8988639.00
2012/08/01	5.27	5.46	5.27	5.41	1337708	7275245.00
2012/08/02	5.37	5.51	5.23	5.26	1836105	9856386.00
2012/08/03	5.29	5.43	5.22	5.42	2321988	12493874.00
2012/08/06	5.36	5.66	5.34	5.59	3656461	20267876.00
2012/08/07	5.56	6.15	5.53	5.92	7815772	46345228.00
2012/08/08	5.85	5.89	5.67	5.77	4543875	26429146.00
2012/08/09	5.77	5.92	5.71	5.84	3113765	18240390.00
2012/08/10	5.78	5.86	5.73	5.81	2145330	12497724.00
2012/08/13	5.74	6.12	5.74	5.82	5434518	32547536.00
2012/08/14	5.69	5.79	5.54	5.71	4673533	26543468.00
2012/08/15	5.72	5.76	5.54	5.55	1671078	9476134.00
2012/08/16	5.56	5.69	5.53	5.62	1864133	10461044.00
2012/08/17	5.63	5.66	5.50	5.59	1251106	7025484.00
2012/08/20	5.50	5.60	5.48	5.57	1099950	6116928.00
2012/08/21	5.61	5.71	5.54	5.66	1679565	9530389.00
2012/08/22	5.64	5.75	5.62	5.66	1811371	10341829.00
2012/08/23	5.64	5.75	5.62	5.70	2486745	14268293.00
2012/08/24	5.71	5.71	5.49	5.51	1807601	10157224.00
2012/08/27	5.47	5.47	5.23	5.34	1868128	10019523.00
2012/08/28	5.30	5.45	5.30	5.40	926371	5020787.00
2012/08/29	5.37	5.45	5.32	5.41	1104287	6007631.00
2012/08/30	5.43	5.52	5.27	5.37	1788844	9650444.00
2012/08/31	5.47	5.66	5.31	5.36	2660200	14624104.00
2012/09/03	5.27	5.45	5.21	5.43	1954830	10529165.00
2012/09/04	5.38	5.44	5.27	5.28	1533528	8274890.00
2012/09/05	5.28	5.35	5.23	5.31	1148565	6101661.00
2012/09/06	5.33	5.73	5.29	5.64	8445670	47419380.00
2012/09/12	6.21	6.21	6.21	6.21	1271154	7932001.00
2012/09/13	6.83	6.83	6.83	6.83	1630446	11184860.00
2012/09/14	7.52	7.52	7.52	7.52	6684019	50464344.00
2012/09/17	7.54	7.67	7.04	7.12	31477016	232432496.00
2012/09/18	6.78	6.94	6.59	6.74	16747118	113692920.00
2012/09/19	6.77	7.42	6.70	7.42	27383514	198674864.00
2012/09/20	7.75	8.17	7.74	8.17	41774808	337969216.00
2012/09/21	8.99	8.99	7.78	7.80	57818096	501410048.00
2012/09/24	7.56	8.52	7.27	8.18	49291371	384516320.00
2012/09/25	7.92	8.12	7.67	7.76	31561988	249923568.00
2012/09/26	7.60	8.04	7.55	7.64	22855409	177303184.00
2012/09/27	7.53	8.03	7.27	7.69	28934377	222937760.00
2012/09/28	7.62	8.17	7.47	7.89	31009616	243971120.00
2012/10/08	7.75	7.76	7.44	7.51	20627389	156818400.00
2012/10/09	7.55	8.01	7.45	7.96	26577872	205403216.00
2012/10/11	7.97	8.76	7.85	8.76	52914389	454302624.00
2012/10/12	8.46	8.80	8.02	8.15	34913413	296066656.00
2012/10/15	7.77	7.85	7.55	7.71	18977380	146367984.00
2012/10/16	7.64	7.84	7.52	7.73	15579490	120121600.00
2012/10/17	7.77	7.92	7.48	7.51	17567473	135278960.00
2012/10/18	7.46	7.65	7.22	7.52	19499420	145015504.00
2012/10/19	7.46	7.51	7.32	7.43	11333014	84329712.00
2012/10/22	7.42	7.42	7.23	7.40	8070748	59470232.00
2012/10/23	7.39	7.65	7.39	7.43	13705816	103621328.00
2012/10/24	7.27	7.39	7.17	7.22	9435390	68794632.00
2012/10/25	7.11	7.31	6.98	7.27	11344319	81629200.00
2012/10/26	7.22	7.25	6.65	6.76	10192469	70694920.00
2012/10/29	6.67	6.99	6.67	6.78	5853761	40269208.00
2012/10/30	6.77	6.95	6.68	6.71	5223722	35687064.00
2012/10/31	6.71	6.75	6.42	6.69	6950602	45994472.00
2012/11/01	6.69	6.92	6.64	6.88	7866622	53839940.00
2012/11/02	6.81	7.07	6.72	6.96	9825889	68131168.00
2012/11/05	6.87	7.00	6.83	6.88	5805622	40247456.00
2012/11/06	6.88	6.91	6.58	6.78	5781882	39098844.00
2012/11/07	6.87	7.46	6.87	7.46	22290011	163267232.00
2012/11/08	7.42	7.70	7.19	7.22	26265326	196812896.00
2012/11/09	7.15	7.41	7.09	7.15	12785504	93009952.00
2012/11/12	7.05	7.32	6.93	7.31	11040519	79156560.00
2012/11/13	7.17	7.22	6.77	6.82	8390767	59123676.00
2012/11/14	6.57	6.91	6.55	6.64	6812401	45716620.00
2012/11/15	6.53	6.78	6.43	6.46	6103681	40498816.00
2012/11/16	6.40	6.40	6.08	6.28	5856165	36603460.00
2012/11/19	6.27	6.36	6.16	6.35	3866424	24441294.00
2012/11/20	6.48	6.61	6.35	6.36	5145285	33448388.00
2012/11/21	6.27	6.49	6.16	6.45	5526482	35193200.00
2012/11/22	6.41	6.45	6.30	6.35	3302122	21126572.00
2012/11/23	6.34	6.38	6.25	6.30	3648606	23105060.00
2012/11/26	6.41	6.53	6.33	6.35	4815170	31072448.00
2012/11/27	6.34	6.43	5.95	5.97	5308022	32838356.00
2012/11/28	5.87	5.87	5.65	5.71	4089449	23611876.00
2012/11/29	5.72	5.78	5.45	5.50	3584365	20326184.00
2012/11/30	5.49	5.81	5.48	5.77	6579811	37514100.00
2012/12/03	5.67	5.81	5.56	5.58	4255622	24366920.00
2012/12/04	5.56	6.07	5.36	5.92	7791512	45106472.00
2012/12/05	5.77	6.22	5.77	6.08	8931845	54131776.00
2012/12/06	6.06	6.10	5.97	5.99	4913304	29748744.00
2012/12/07	6.03	6.24	5.98	6.15	7190967	44340352.00
2012/12/10	6.18	6.37	6.11	6.27	7851552	49287152.00
2012/12/11	6.24	6.35	6.15	6.19	6148295	38428700.00
2012/12/12	6.19	6.81	6.15	6.81	18721229	124386448.00
2012/12/13	6.87	6.92	6.56	6.59	16352160	110422328.00
2012/12/14	6.56	7.25	6.48	7.24	29106489	204975792.00
2012/12/17	7.08	7.47	7.02	7.18	30414103	220176416.00
2012/12/18	7.09	7.12	6.85	6.90	17765815	123820384.00
2012/12/19	6.71	6.84	6.68	6.79	9844662	66967436.00
2012/12/20	6.70	6.98	6.70	6.90	10127865	69578720.00
2012/12/21	6.83	6.94	6.64	6.69	8889867	60367656.00
2012/12/24	6.68	6.92	6.65	6.73	7568917	51496504.00
2012/12/25	6.69	7.08	6.67	6.96	14430242	100045504.00
2012/12/26	6.97	7.37	6.91	7.07	17368523	123897296.00
2012/12/27	7.00	7.10	6.83	6.84	10536583	73474624.00
2012/12/28	6.81	7.04	6.81	6.94	8513138	59533616.00
2012/12/31	6.88	7.35	6.88	7.13	13826161	99302456.00
2013/01/04	7.07	7.12	6.92	7.00	9397865	66188856.00
2013/07/17	7.70	7.70	7.70	7.70	1609150	12438730.00
2013/07/18	8.41	8.41	7.70	7.73	23982923	192126224.00
2013/07/19	7.57	7.57	7.05	7.09	14299919	105755456.00
2013/07/22	6.97	7.40	6.65	7.22	12139318	86899064.00
2013/07/23	7.27	7.44	7.07	7.15	10370983	75415128.00
2013/07/24	6.91	7.10	6.79	7.01	9654136	67270800.00
2013/07/25	6.94	6.99	6.72	6.75	6513869	44706832.00
2013/07/26	6.68	6.92	6.68	6.82	3452570	23612680.00
2013/07/29	6.82	6.82	6.29	6.33	5117823	33528608.00
2013/07/30	6.31	6.37	6.04	6.23	4548853	28388752.00
2013/07/31	6.27	6.46	6.25	6.28	3526332	22507272.00
2013/08/01	6.37	6.40	6.28	6.40	3219944	20580144.00
2013/08/02	6.43	6.45	6.35	6.36	3678641	23638620.00
2013/08/05	6.36	6.44	6.29	6.44	4241999	27154400.00
2013/08/06	6.44	6.54	6.36	6.53	4371752	28368568.00
2013/08/07	6.49	6.70	6.44	6.62	6236868	41412656.00
2013/08/08	6.57	6.65	6.52	6.55	3395799	22423542.00
2013/08/09	6.59	7.05	6.52	6.85	8558542	58077216.00
2013/08/12	6.81	7.09	6.69	6.93	8666407	60156292.00
2013/08/13	6.97	7.06	6.86	6.93	5148693	35851120.00
2013/08/14	6.93	6.98	6.72	6.83	5489686	37642484.00
2013/08/15	6.81	6.97	6.74	6.76	3938731	27103196.00
2013/08/16	6.83	7.02	6.76	6.78	5942219	41007304.00
2013/08/19	6.78	6.88	6.72	6.84	3011054	20551900.00
2013/08/20	6.78	6.86	6.70	6.72	2803779	19051778.00
2013/08/21	6.68	6.77	6.63	6.69	3318093	22227084.00
2013/08/22	6.67	6.68	6.48	6.49	4371367	28802516.00
2013/08/23	6.56	6.59	6.28	6.55	3972704	25800436.00
2013/08/26	6.53	6.70	6.53	6.67	3280665	21785388.00
2013/08/27	6.71	6.76	6.63	6.68	3759311	25231820.00
2013/08/28	6.82	7.22	6.76	7.15	16562248	116888208.00
2013/08/29	7.01	7.03	6.85	6.93	8303525	57618848.00
2013/08/30	6.88	6.93	6.66	6.73	5769707	39181488.00
2013/09/02	6.73	6.91	6.48	6.88	5970717	40464600.00
2013/09/03	6.84	6.87	6.73	6.85	4206210	28726448.00
2013/09/04	6.86	7.02	6.78	6.87	6723195	46596584.00
2013/09/05	6.83	7.01	6.79	6.97	8476767	58878424.00
2013/09/06	6.93	7.25	6.91	7.16	10741273	76637184.00
2013/09/09	7.18	7.24	7.02	7.11	8589516	61076356.00
2013/09/10	7.12	7.14	6.97	7.09	6720531	47459880.00
2013/09/11	7.11	7.11	6.96	7.08	7853457	55465808.00
2013/09/12	7.06	7.16	7.03	7.05	4563907	32380006.00
2013/09/13	7.01	7.11	7.00	7.08	4334109	30673444.00
2013/09/16	7.11	7.27	7.03	7.24	7167195	51497776.00
2013/09/17	7.18	7.47	7.17	7.24	10700065	78472616.00
2013/09/18	7.19	7.71	7.19	7.57	13131578	99003160.00
2013/09/23	7.57	7.75	7.50	7.62	9403610	72200096.00
2013/09/24	7.57	7.98	7.45	7.94	10496492	81853472.00
2013/09/25	7.86	8.33	7.84	8.15	11297355	92433672.00
2013/09/26	8.08	8.36	7.89	7.98	8055548	65432260.00
2013/09/27	7.90	7.98	7.66	7.78	5537437	43157584.00
2013/09/30	7.78	8.03	7.72	7.81	3207775	25116292.00
2013/10/08	7.78	8.08	7.70	8.07	3652936	29311512.00
2013/10/09	8.05	8.32	8.03	8.24	4446711	36570024.00
2013/10/10	8.18	8.27	7.88	7.90	5319645	42876904.00
2013/10/11	7.87	7.95	7.80	7.91	3212452	25358916.00
2013/10/14	7.91	7.92	7.58	7.65	6185771	47946340.00
2013/10/15	7.66	7.80	7.63	7.76	4002708	30876316.00
2013/10/17	8.11	8.54	7.93	7.97	20694039	173256544.00
2013/10/18	7.86	8.13	7.69	7.76	7142064	56325632.00
2013/10/21	7.75	7.91	7.39	7.83	4880230	37438860.00
2013/10/22	7.79	7.86	7.61	7.68	2731928	21127762.00
2013/10/23	7.73	7.73	7.41	7.50	2319236	17537940.00
2013/10/24	7.44	7.56	7.39	7.53	1254051	9428628.00
2013/10/25	7.53	7.61	7.40	7.55	1873576	14078056.00
2013/10/28	7.56	7.73	7.48	7.59	1340524	10203582.00
2013/10/29	7.63	7.66	7.18	7.25	1984786	14598218.00
2013/10/30	7.35	7.46	7.18	7.43	2033598	14920398.00
2013/10/31	7.42	7.62	7.23	7.38	2394023	17923652.00
2013/11/01	7.29	7.38	7.20	7.35	1162646	8488396.00
2013/11/04	7.42	7.44	7.29	7.32	1073630	7899912.00
2013/11/05	7.33	7.33	7.13	7.24	1552875	11217212.00
2013/11/06	7.20	7.37	7.16	7.29	2147482	15659685.00
2013/11/07	7.24	7.28	7.05	7.06	2006513	14325675.00
2013/11/08	7.06	7.14	6.99	7.03	1378183	9735205.00
2013/11/11	7.04	7.11	6.92	7.07	1314445	9263337.00
2013/11/12	7.11	7.28	7.06	7.22	1319244	9494139.00
2013/11/13	7.28	7.28	6.99	7.03	1368400	9694151.00
2013/11/14	7.03	7.13	6.65	7.09	3731788	25702810.00
2013/11/15	7.04	7.21	6.83	7.11	2187871	15603117.00
2013/11/18	7.10	7.23	7.03	7.22	1932467	13904755.00
2013/11/19	7.25	7.36	7.18	7.23	2229508	16278443.00
2013/11/20	7.28	7.43	7.24	7.38	2121890	15675368.00
2013/11/21	7.34	7.34	7.21	7.25	1478754	10770602.00
2013/11/22	7.25	7.53	7.21	7.39	3363361	24941792.00
2013/11/25	7.33	7.47	7.23	7.26	1922466	14129482.00
2013/11/26	7.26	7.46	7.22	7.30	1856425	13621223.00
2013/11/27	7.32	7.32	7.14	7.17	2135887	15444173.00
2013/11/28	7.16	7.30	7.14	7.21	1702597	12326398.00
2013/11/29	7.17	7.25	7.11	7.18	2045499	14710771.00
2013/12/02	7.00	7.15	6.81	6.92	2695031	18807872.00
2013/12/03	6.93	7.14	6.88	7.07	1405775	9909957.00
2013/12/04	7.06	7.15	6.98	7.11	2224060	15815425.00
2013/12/05	7.16	7.16	7.01	7.06	1886491	13357306.00
2013/12/06	7.04	7.08	6.92	7.00	1425932	10004907.00
2013/12/09	6.89	7.07	6.89	7.04	1001292	7037918.00
2013/12/10	7.02	7.05	6.88	6.91	2166997	15095335.00
2013/12/11	6.94	7.00	6.85	6.91	1846140	12861515.00
2013/12/12	6.91	7.01	6.87	6.95	1130301	7884463.00
2013/12/13	6.93	7.01	6.84	6.99	1528605	10653858.00
2013/12/16	6.90	6.99	6.89	6.91	853825	5930971.00
2013/12/17	6.91	6.97	6.87	6.92	780012	5408221.00
2013/12/18	6.99	7.11	6.89	7.09	1834462	12943793.00
2013/12/19	7.11	7.13	6.94	6.96	1139880	8032369.00
2013/12/20	6.96	7.02	6.85	6.88	1067485	7382829.00
2013/12/23	6.77	6.93	6.74	6.76	849940	5808653.00
2013/12/24	6.73	6.91	6.68	6.86	1984059	13527189.00
2013/12/25	6.79	6.89	6.79	6.83	711350	4863503.00
2013/12/26	6.80	6.98	6.80	6.88	1474699	10206690.00
2013/12/27	6.92	6.92	6.79	6.87	1031236	7059423.00
2013/12/30	6.87	6.87	6.76	6.78	1471192	10047714.00
2013/12/31	6.78	6.92	6.76	6.80	1298656	8894170.00
2014/01/02	6.78	6.90	6.69	6.89	1461498	9983803.00
2014/01/03	6.88	6.91	6.79	6.84	1001340	6881737.00
2014/01/06	6.76	6.86	6.73	6.74	1064253	7249559.00
2014/01/07	6.73	6.93	6.70	6.86	2303970	15805069.00
2014/01/08	6.86	6.97	6.81	6.90	1593528	11051205.00
2014/01/09	6.94	6.94	6.76	6.77	1063537	7319198.00
2014/01/10	6.73	6.87	6.24	6.78	2995101	19603406.00
2014/01/13	6.76	6.82	6.64	6.79	1191202	8046010.00
2014/01/14	6.69	6.88	6.69	6.81	639627	4354824.00
2014/01/15	6.88	6.89	6.79	6.86	867862	5965770.00
2014/01/16	6.81	6.89	6.80	6.87	685339	4710553.00
2014/01/17	6.88	6.93	6.70	6.79	1174849	8016014.00
2014/01/20	6.79	6.87	6.70	6.78	529959	3617393.00
2014/01/21	6.72	6.99	6.71	6.92	2000748	13838454.00
2014/01/22	6.87	7.13	6.83	7.09	1915159	13523287.00
2014/01/23	7.05	7.10	6.98	7.04	1192762	8415537.00
2014/01/24	7.06	7.23	7.03	7.14	1434995	10295962.00
2014/01/27	7.12	7.37	7.11	7.26	2652542	19433258.00
2014/01/28	7.22	7.33	7.16	7.17	1532957	11069410.00
2014/01/29	7.17	7.24	7.08	7.16	1367014	9811441.00
2014/01/30	7.16	7.16	7.02	7.09	782080	5554038.00
2014/02/07	7.09	7.38	7.09	7.28	1511182	11055593.00
2014/02/10	7.24	7.43	7.24	7.42	2435715	17987160.00
2014/02/11	7.40	7.67	7.40	7.53	3743280	28348398.00
2014/02/12	7.54	7.63	7.47	7.50	2229144	16855278.00
2014/02/13	7.47	8.25	6.75	7.80	12300332	96616656.00
2014/02/14	7.80	8.27	7.80	8.12	9877807	80330632.00
2014/02/17	8.12	8.27	8.01	8.09	6969196	56554032.00
2014/02/18	8.08	8.10	7.84	7.95	5329506	42316712.00
2014/02/19	7.88	8.01	7.86	7.92	2395060	19034852.00
2014/02/20	7.98	8.00	7.73	7.73	2931494	22970480.00
2014/02/21	7.74	7.87	7.49	7.75	2533221	19551680.00
2014/02/24	7.78	7.97	7.68	7.88	2741925	21568648.00
2014/02/25	7.88	7.94	7.46	7.50	3498969	27028132.00
2014/02/26	7.56	7.79	7.26	7.74	2519454	18830304.00
2014/02/27	7.61	7.87	7.56	7.60	2427007	18756360.00
2014/02/28	7.53	7.62	7.50	7.60	1879629	14277353.00
2014/03/03	7.61	7.74	7.61	7.73	1832718	14094508.00
2014/03/04	7.73	7.98	7.68	7.89	3616023	28553916.00
2014/03/05	7.78	7.96	7.67	7.69	2288087	17902260.00
2014/03/06	7.69	7.73	7.52	7.71	1374902	10493768.00
2014/03/07	7.68	7.78	7.67	7.68	1118473	8665852.00
2014/03/10	7.58	7.71	7.36	7.47	4251883	31933954.00
2014/03/11	7.39	7.57	7.39	7.50	1015759	7608476.00
2014/03/12	7.50	7.70	7.47	7.69	3351908	25512914.00
2014/03/28	8.01	8.46	7.82	8.13	14832143	120063160.00
2014/03/31	8.05	8.05	7.73	7.96	4534298	35987316.00
2014/04/01	7.88	8.43	7.88	8.38	6085975	49984368.00
2014/04/02	8.26	8.74	8.21	8.46	6475387	54886016.00
2014/04/03	8.38	8.47	8.27	8.43	4312801	36094956.00
2014/04/04	8.43	8.56	8.28	8.35	2762158	23226260.00
2014/04/08	8.28	8.65	8.28	8.52	4798609	41045056.00
2014/04/09	8.49	8.61	8.33	8.49	3047501	25821940.00
2014/04/10	8.48	8.59	8.39	8.46	3204271	27286348.00
2014/04/11	8.39	8.47	8.28	8.34	2537242	21282392.00
2014/04/14	8.34	8.73	8.22	8.47	7459417	63643588.00
2014/04/15	8.37	8.45	8.19	8.36	2925300	24468168.00
2014/04/16	8.40	8.58	8.36	8.42	2453494	20782570.00
2014/04/17	8.48	8.52	8.28	8.32	1460618	12231742.00
2014/04/18	8.32	8.58	8.32	8.56	3830484	32575246.00
2014/04/21	8.60	8.73	8.53	8.55	4845512	41982544.00
2014/04/22	8.55	9.18	8.39	8.62	11192753	98253216.00
2014/04/23	8.56	8.81	8.48	8.73	3937062	34256664.00
2014/04/24	8.83	9.48	8.75	9.47	16112090	148378176.00
2014/04/25	9.41	9.41	8.91	8.99	9653229	88724064.00
2014/04/28	8.89	9.08	8.09	8.09	8007577	67660704.00
2014/04/29	8.10	8.53	7.80	8.36	5209152	43140148.00
2014/04/30	8.30	8.74	8.30	8.67	3971308	34072848.00
2014/05/05	8.68	8.96	8.63	8.69	3622347	31877360.00
2014/05/06	8.62	8.92	8.59	8.82	3142018	27758738.00
2014/05/07	8.78	9.04	8.73	8.99	3717459	33179508.00
2014/05/08	8.94	9.14	8.63	8.64	3817057	34067480.00
2014/05/09	8.60	8.88	8.60	8.79	2941343	25784576.00
2014/05/12	8.88	8.95	8.67	8.92	2783487	24703806.00
2014/05/13	8.97	9.48	8.90	9.19	7911231	73387064.00
2014/05/14	9.14	9.26	8.98	9.19	3921454	35825908.00
2014/05/15	9.17	9.21	8.93	9.11	2785990	25342184.00
2014/05/16	8.98	9.07	8.83	8.85	2058969	18372328.00
2014/05/19	8.86	9.22	8.85	9.21	4467553	40697984.00
2014/05/20	9.21	9.36	9.11	9.16	6322009	58688068.00
2014/05/21	9.18	9.18	8.88	8.98	3984376	35879276.00
2014/05/22	9.03	9.20	8.93	9.01	2156795	19592784.00
2014/05/23	9.05	9.08	8.58	8.71	4823382	42359424.00
2014/05/26	8.68	8.74	8.54	8.63	3368968	29012578.00
2014/05/27	8.66	8.84	8.56	8.76	1553427	13574996.00
2014/05/28	8.71	8.92	8.68	8.81	1707908	15110090.00
2014/05/29	8.83	8.85	8.48	8.51	3065169	26440798.00
2014/05/30	8.39	8.78	8.39	8.65	2726444	23703656.00
2014/06/03	8.64	8.93	8.56	8.88	6151685	54531748.00
2014/06/04	8.89	8.92	8.72	8.86	3037191	26876654.00
2014/06/05	8.73	9.04	8.73	8.96	4628990	41566308.00
2014/06/06	8.95	8.95	8.81	8.89	1078132	9579296.00
2014/06/09	8.89	8.90	8.66	8.77	2120943	18577588.00
2014/06/10	8.77	8.83	8.68	8.72	2508639	21989400.00
2014/06/11	8.69	8.77	8.62	8.73	1402887	12221501.00
2014/06/12	8.69	9.07	8.65	8.96	2541280	22710264.00
2014/06/13	8.94	9.08	8.90	8.96	1823325	16414583.00
2014/06/16	8.98	9.09	8.90	8.93	1096067	9808141.00
2014/06/17	8.90	9.02	8.90	8.97	1331941	11942804.00
2014/06/18	8.98	9.02	8.41	8.45	2894764	25042350.00
2014/06/19	8.45	8.73	8.22	8.52	3224095	27447124.00
2014/06/20	8.58	8.75	8.40	8.73	4922004	42417260.00
2014/06/23	8.66	8.69	8.50	8.54	1536707	13152643.00
2014/06/24	8.60	8.60	8.39	8.50	2817159	23861310.00
2014/06/25	8.46	8.51	8.38	8.41	826378	6980184.00
2014/06/26	8.40	8.48	8.31	8.39	1597951	13391685.00
2014/06/27	8.38	8.53	8.28	8.38	4805048	40301128.00
2014/06/30	8.39	8.54	8.37	8.53	1454400	12311698.00
2014/07/01	8.50	8.65	8.45	8.57	1138438	9759608.00
2014/07/02	8.51	8.61	8.46	8.60	1347620	11478554.00
2014/07/03	8.60	8.73	8.54	8.60	1684624	14542003.00
2014/07/04	8.60	8.64	8.42	8.47	1249450	10641291.00
2014/07/07	8.48	8.75	8.45	8.72	2587518	22457998.00
2014/07/08	8.68	8.72	8.58	8.72	1108506	9603073.00
2014/07/09	8.68	8.68	8.56	8.58	1663972	14324825.00
2014/07/10	8.59	8.68	8.48	8.50	1226111	10483526.00
2014/07/11	8.60	8.70	8.49	8.65	2845898	24456544.00
2014/07/14	8.65	8.69	8.56	8.69	1224017	10581367.00
2014/07/15	8.70	8.70	8.57	8.60	1017020	8764929.00
2014/07/16	8.61	8.70	8.53	8.61	956040	8225624.00
2014/07/17	8.57	8.62	8.53	8.60	996290	8549339.00
2014/07/18	8.61	9.35	8.56	9.07	12657204	114277712.00
2014/07/21	8.99	9.05	8.82	8.93	2851986	25435640.00
2014/07/22	8.93	9.05	8.78	8.94	3922479	35232008.00
2014/07/23	8.92	9.04	8.83	8.92	3764942	33743704.00
2014/07/24	8.97	9.05	8.85	8.88	2123820	19055104.00
2014/07/25	8.88	9.03	8.88	8.89	1783226	15948336.00
2014/07/28	8.99	9.02	8.90	9.02	3067244	27526752.00
2014/07/29	9.05	9.05	8.96	9.00	2604341	23408944.00
2014/07/30	9.03	9.12	8.89	9.10	7581107	68260448.00
2014/07/31	9.09	9.35	9.02	9.27	6066884	55850136.00
2014/08/01	9.14	9.23	8.90	9.03	6621185	60075436.00
2014/08/04	9.03	9.25	9.03	9.11	2099035	19165720.00
2014/08/05	9.09	9.15	8.95	9.02	2092759	18873108.00
2014/08/06	9.02	9.24	8.87	9.17	8166449	74405416.00
2014/08/07	9.16	9.22	9.00	9.02	2394700	21811102.00
2014/08/08	8.98	9.09	8.94	9.04	2159056	19466820.00
2014/08/11	9.05	9.20	9.00	9.10	4940473	44963752.00
2014/08/12	9.08	9.21	9.06	9.14	2178416	19891512.00
2014/08/13	9.14	9.20	9.01	9.05	2505656	22705924.00
2014/08/14	9.02	9.15	9.01	9.03	3406356	30965880.00
2014/08/15	9.03	9.07	8.97	9.07	2097707	18928728.00
2014/08/18	9.08	9.14	9.04	9.11	2179146	19804102.00
2014/08/19	9.10	9.33	9.09	9.26	4811422	44363328.00
2014/08/20	9.33	9.35	9.15	9.31	3406813	31571880.00
2014/08/21	9.31	9.80	9.26	9.60	7257997	69634136.00
2014/08/22	9.55	9.78	9.43	9.69	4584615	44010940.00
2014/08/25	9.63	10.00	9.57	9.72	3688932	36205428.00
2014/08/26	9.72	9.81	9.22	9.32	7157769	67618008.00
2014/08/27	9.23	9.37	9.15	9.34	3600702	33409542.00
2014/08/28	9.34	9.38	9.25	9.34	1402191	13079111.00
2014/08/29	9.35	9.42	9.24	9.35	2351819	21925876.00
2014/09/01	9.35	9.82	9.30	9.69	6998609	67455200.00
2014/09/02	9.64	10.06	9.62	9.89	7205984	70983224.00
2014/09/03	9.81	10.11	9.75	10.01	7359259	73116760.00
2014/09/04	10.01	10.15	9.81	9.88	6342995	63520752.00
2014/09/05	9.89	10.26	9.84	10.15	9896135	99595432.00
2014/09/16	10.20	10.20	9.65	9.80	12110655	119497488.00
2014/09/17	9.70	10.37	9.68	10.35	12435946	125935792.00
2014/09/18	10.37	10.40	10.14	10.21	6029162	61775512.00
2014/09/19	10.20	10.54	10.11	10.45	7489123	77551480.00
2014/09/22	10.53	10.55	10.24	10.38	6271449	65091008.00
2014/09/23	10.31	10.48	10.31	10.40	5292151	55026948.00
2014/09/24	10.33	10.59	10.20	10.48	4792560	50208528.00
2014/09/25	10.48	10.50	10.23	10.25	4293734	44343876.00
2014/09/26	10.23	10.28	10.10	10.24	3857050	39317256.00
2014/09/29	10.21	10.57	10.21	10.46	6355285	66456068.00
2014/09/30	10.46	11.25	10.35	10.91	8889577	96114280.00
2014/10/08	10.91	11.80	10.91	11.53	12016857	138145200.00
2014/10/09	11.75	11.75	11.08	11.27	12808907	146222784.00
2014/10/10	11.27	11.51	11.01	11.13	4463145	49991680.00
2014/10/13	11.20	11.41	11.08	11.33	5772917	65022840.00
2014/10/14	11.20	11.46	11.07	11.15	3351150	37606632.00
2014/10/15	11.05	11.70	11.04	11.21	6613592	74748816.00
2014/10/16	11.10	11.29	10.95	10.96	2712147	30088504.00
2014/10/17	11.00	11.08	10.30	10.31	5279501	55669048.00
2014/10/20	10.70	10.70	10.45	10.51	2754457	28979444.00
2014/10/21	10.57	10.70	10.47	10.62	4990739	52867488.00
2014/10/22	10.62	10.85	10.48	10.52	3132921	33388222.00
2014/10/23	10.45	10.45	9.95	9.97	3048873	30941632.00
2014/10/24	9.94	10.15	9.88	9.90	2313535	23150556.00
2014/10/27	9.86	10.39	9.80	10.30	2350917	23736168.00
2014/10/28	10.40	10.50	10.28	10.40	2274405	23613600.00
2014/10/29	10.49	10.63	10.32	10.41	3440799	36107856.00
2014/10/30	10.50	10.62	10.35	10.39	4276166	44889984.00
2014/10/31	10.36	10.62	10.36	10.54	5753436	60536688.00
2014/11/03	10.60	10.96	10.54	10.74	6113808	65754120.00
2014/11/04	10.72	10.77	10.33	10.39	3602829	38006000.00
2014/11/05	10.39	10.58	10.25	10.31	2759968	28597554.00
2014/11/06	10.28	10.45	10.20	10.41	2557619	26483020.00
2014/11/07	10.36	10.48	10.16	10.21	3515628	36062424.00
2014/11/10	10.28	10.45	10.17	10.25	5796700	59502920.00
2014/11/11	10.27	10.42	9.87	9.94	4869704	48952120.00
2014/11/12	10.00	10.10	9.96	10.10	3600703	36151656.00
2014/11/13	10.07	10.07	9.76	9.80	3493828	34585944.00
2014/11/14	9.80	9.80	9.40	9.65	3242437	30996158.00
2014/11/17	9.58	9.96	9.58	9.85	2717443	26694632.00
2014/11/18	9.95	10.04	9.78	10.02	3368850	33229404.00
2014/11/19	10.02	10.06	9.86	9.89	1946204	19310412.00
2014/11/20	9.89	9.98	9.67	9.68	2196421	21381608.00
2014/11/21	9.73	9.80	9.61	9.74	2286975	22254266.00
2014/11/24	9.85	10.14	9.85	10.05	7046970	70867936.00
2014/11/25	10.04	10.27	9.95	10.22	8467049	85842168.00
2014/11/26	10.18	10.20	10.00	10.13	5558391	56089988.00
2014/11/27	10.14	10.15	9.93	10.03	4590012	45988432.00
2014/11/28	10.08	10.15	9.98	10.09	4902179	49359372.00
2014/12/01	10.03	10.20	9.88	9.90	5049442	50379360.00
2014/12/02	9.94	10.12	9.90	9.95	4202030	42129048.00
2014/12/03	9.96	10.16	9.90	10.09	7263063	73155264.00
2014/12/04	10.10	10.16	10.02	10.12	8289660	83864088.00
2014/12/05	10.15	10.18	9.58	9.59	9254361	90401104.00
2014/12/08	9.60	9.69	9.20	9.36	7319681	68597608.00
2014/12/09	9.25	9.32	8.48	8.61	11311258	100315264.00
2014/12/10	8.75	8.95	8.59	8.89	5462111	48094616.00
2014/12/11	8.91	9.49	8.77	9.37	9673332	88109512.00
2014/12/12	9.38	9.38	9.13	9.27	4158934	38392412.00
2014/12/15	9.26	9.40	9.11	9.27	3459967	31919232.00
2014/12/16	9.21	9.25	9.03	9.12	8824046	80336152.00
2014/12/17	9.09	9.12	8.78	8.93	8467016	75315776.00
2014/12/18	8.88	8.99	8.79	8.88	4474733	39767652.00
2014/12/19	8.83	9.03	8.51	8.74	4962252	43681088.00
2014/12/22	8.63	8.65	7.98	8.06	6886064	57024536.00
2014/12/23	8.11	8.29	8.03	8.11	2781919	22630868.00
2014/12/24	8.13	8.24	8.13	8.23	2351862	19275942.00
2014/12/25	8.23	8.38	8.23	8.34	2232792	18523668.00
2014/12/26	8.30	8.33	8.17	8.27	2985413	24612928.00
2014/12/29	8.35	8.35	8.12	8.21	3152415	25915592.00
2014/12/30	8.22	9.03	8.22	9.03	14010084	123734224.00
2014/12/31	9.08	9.12	8.68	8.89	9868859	87601664.00
2015/01/05	8.95	9.15	8.73	8.86	8734134	77908312.00
2015/01/06	8.86	8.86	8.60	8.83	6004906	52400360.00
2015/01/07	8.82	9.14	8.74	8.90	7391510	66221252.00
2015/01/08	8.86	8.88	8.58	8.64	4202545	36627328.00
2015/01/09	8.67	8.71	8.58	8.65	3544264	30669344.00
2015/01/12	8.49	8.72	8.22	8.32	3580187	30267444.00
2015/01/13	8.33	8.56	8.30	8.48	2767604	23313318.00
2015/01/14	8.50	8.59	8.29	8.30	2131260	17941008.00
2015/01/15	8.37	8.49	8.33	8.43	1975531	16593130.00
2015/01/16	8.52	8.68	8.34	8.51	3654697	31103092.00
2015/01/19	8.31	8.44	7.70	7.98	4494907	36771880.00
2015/01/20	7.96	8.28	7.95	8.26	3383139	27620952.00
2015/01/21	8.33	8.54	8.32	8.49	6095531	51485288.00
2015/01/22	8.49	8.85	8.44	8.75	9015919	78524736.00
2015/01/23	8.73	8.80	8.50	8.62	5599920	48413184.00
2015/01/26	8.60	8.82	8.56	8.80	5126905	44776328.00
2015/01/27	8.80	8.99	8.67	8.77	6649292	58662712.00
2015/01/28	8.79	8.99	8.75	8.89	5710764	50851168.00
2015/01/29	8.87	8.88	8.61	8.68	4310165	37757836.00
2015/01/30	8.69	8.76	8.61	8.63	2956893	25650890.00
2015/02/02	8.64	8.92	8.64	8.85	5429843	47883556.00
2015/02/03	8.86	9.06	8.78	8.96	5345164	47608032.00
2015/02/04	8.98	9.05	8.82	8.86	3224275	28680470.00
2015/02/05	9.00	9.08	8.70	8.76	3826173	33809344.00
2015/02/06	8.73	8.77	8.51	8.56	2634489	22781938.00
2015/02/09	8.48	8.56	8.33	8.37	2552351	21531960.00
2015/02/10	8.41	8.67	8.30	8.54	2487148	20856042.00
2015/02/11	8.49	8.65	8.47	8.59	2450907	21007548.00
2015/02/12	8.53	8.67	8.53	8.63	2273539	19556116.00
2015/02/13	8.68	8.85	8.60	8.80	5045684	44226888.00
2015/02/16	8.79	8.97	8.75	8.90	4697469	41759632.00
2015/02/17	8.95	8.96	8.84	8.86	4112813	36548352.00
2015/02/25	8.85	9.57	8.78	9.28	12380052	115023952.00
2015/02/26	9.29	10.21	9.29	10.09	29525123	293528960.00
2015/02/27	10.00	10.20	9.80	10.11	13210354	132555576.00
2015/03/02	10.27	10.68	10.00	10.59	17609895	182994976.00
2015/03/03	10.55	10.79	10.26	10.27	16317081	171786864.00
2015/03/04	10.25	10.68	10.10	10.39	11346260	118396872.00
2015/03/05	10.40	10.64	10.12	10.27	15343535	160250432.00
2015/03/06	10.39	10.68	10.24	10.61	11321859	118293264.00
2015/03/09	10.60	11.36	10.45	11.30	16317871	179748048.00
2015/03/10	11.29	11.29	11.03	11.21	9442652	105141904.00
2015/03/11	11.20	11.70	11.05	11.42	7660030	87217944.00
2015/03/12	11.26	11.65	11.22	11.24	6883685	78217344.00
2015/03/13	11.14	11.55	10.85	11.41	9181580	102582512.00
2015/03/16	11.44	11.83	11.37	11.70	9682426	111715152.00
2015/03/17	11.79	12.15	11.56	11.98	10849548	127672264.00
2015/03/18	11.95	12.15	11.80	12.09	9061899	108366144.00
2015/03/19	12.09	12.10	11.66	11.93	9576538	113403176.00
2015/03/20	11.93	11.93	11.66	11.85	8148623	96279776.00
2015/03/23	11.85	12.00	11.70	11.76	8967511	105809584.00
2015/03/24	11.78	12.36	11.70	12.08	13275530	159171584.00
2015/03/25	12.08	12.38	12.08	12.20	9664024	117983864.00
2015/03/26	12.21	12.26	11.75	11.86	8273722	99211440.00
2015/03/27	11.87	12.54	11.76	12.48	12844990	156731264.00
2015/03/30	12.88	12.91	12.45	12.82	9858897	125314064.00
2015/04/02	13.40	13.45	12.53	12.95	16599866	214828464.00
2015/04/03	12.80	13.98	12.61	13.71	19210880	258383248.00
2015/04/07	13.71	14.20	13.55	14.00	14296260	199090560.00
2015/04/08	14.00	14.60	13.82	14.60	16243821	231427824.00
2015/04/09	14.44	14.95	13.88	14.11	13112891	186573488.00
2015/04/10	14.12	14.67	14.12	14.15	10635155	152095680.00
2015/04/13	14.15	14.65	13.88	14.36	14222002	202587040.00
2015/04/14	14.36	14.92	14.21	14.84	9988198	146989648.00
2015/04/15	14.85	16.32	14.85	16.31	15914115	254366864.00
2015/04/16	16.31	17.60	15.35	17.30	14346160	244141984.00
2015/04/17	17.50	17.85	17.20	17.29	12379356	215152880.00
2015/04/20	17.18	17.18	15.61	16.93	17365118	287651712.00
2015/04/21	16.81	17.60	16.56	17.29	8623391	148147776.00
2015/04/22	17.66	17.93	17.38	17.72	9743211	171406592.00
2015/04/23	17.90	17.90	17.38	17.55	6863297	120474528.00
2015/04/24	17.55	17.75	16.87	17.70	9281221	162170592.00
2015/04/27	17.93	19.38	17.31	19.05	16490942	296204768.00
2015/04/28	18.90	19.69	18.70	19.16	10796181	206756304.00
2015/04/29	19.85	19.87	19.16	19.65	10795151	211396224.00
2015/04/30	19.85	21.62	19.85	21.62	8231794	172911296.00
2015/05/05	22.82	22.82	22.82	22.82	0	0.00
数据来源:通达信
