600309 万华化学 日线 前复权
      日期	    开盘	    最高	    最低	    收盘	    成交量	    成交额
2011/10/10	13.94	14.07	12.70	12.78	10999617	167244480.00
2011/10/11	13.09	13.29	11.62	11.88	37231876	528774048.00
2011/10/12	11.95	12.64	11.76	12.53	13074263	186764832.00
2011/10/13	12.47	13.05	12.36	12.71	15484911	228982416.00
2011/10/14	12.66	13.00	12.58	12.72	7352874	108527912.00
2011/10/17	12.86	12.96	12.75	12.90	5450908	81025424.00
2011/10/18	12.75	12.88	12.25	12.28	9444583	136186112.00
2011/10/19	12.39	12.48	11.98	12.34	4375134	62262300.00
2011/10/20	12.20	12.21	11.66	11.99	10103168	140668592.00
2011/10/21	12.00	12.00	11.51	11.68	6837805	93792768.00
2011/10/24	11.69	11.97	11.41	11.95	10680127	146481280.00
2011/10/25	11.93	12.55	11.82	12.51	9737497	138916576.00
2011/10/26	12.40	12.82	12.40	12.70	15583446	228649024.00
2011/10/27	12.73	12.83	12.38	12.49	7729595	112839304.00
2011/10/28	12.78	13.10	12.72	13.04	16008687	238620624.00
2011/10/31	13.01	13.30	12.85	13.01	10353119	156540864.00
2011/11/01	12.87	13.28	12.76	12.90	11994104	179535456.00
2011/11/02	12.70	13.20	12.61	13.19	6900340	102918176.00
2011/11/03	13.30	13.69	13.08	13.26	12689527	195101680.00
2011/11/04	13.47	13.48	13.17	13.28	6660561	101834584.00
2011/11/07	13.25	13.45	13.10	13.15	6756944	103203472.00
2011/11/08	13.28	13.35	13.10	13.16	4438973	67528096.00
2011/11/09	13.23	13.30	12.78	13.07	11014497	164889440.00
2011/11/10	12.90	12.98	12.61	12.69	12457853	184311120.00
2011/11/11	12.76	12.81	12.38	12.48	5995371	87911160.00
2011/11/14	12.60	13.37	12.53	13.36	21077033	316768928.00
2011/11/15	13.38	13.39	12.94	13.08	14140570	213386976.00
2011/11/16	13.10	13.18	12.51	12.71	11978308	177330048.00
2011/11/17	12.74	12.79	12.57	12.60	7326580	107391104.00
2011/11/18	12.60	12.60	11.75	12.01	17536514	247131680.00
2011/11/21	11.99	12.05	11.70	11.95	8823181	122651880.00
2011/11/22	11.82	11.84	11.59	11.80	9982452	136998736.00
2011/11/23	11.86	11.88	11.45	11.55	12770393	173431056.00
2011/11/24	11.45	11.66	11.40	11.57	11005073	148860688.00
2011/11/25	11.57	11.57	11.26	11.29	12888788	172668880.00
2011/11/28	11.30	11.48	11.13	11.42	14876359	196942368.00
2011/11/29	11.50	11.90	11.42	11.78	13318206	182168960.00
2011/11/30	11.73	11.73	11.16	11.24	11570844	154677152.00
2011/12/01	11.71	11.88	11.39	11.43	20131572	276095808.00
2011/12/02	11.37	11.37	11.10	11.13	8231066	108586688.00
2011/12/05	11.21	11.22	10.91	11.05	5705323	74362064.00
2011/12/06	11.04	11.19	10.88	10.96	11065409	143724672.00
2011/12/08	10.96	11.03	10.52	10.94	10194829	130453568.00
2011/12/09	10.88	10.88	10.06	10.25	22881181	284025216.00
2011/12/12	10.30	10.36	10.10	10.18	7595763	92993328.00
2011/12/13	10.13	10.20	9.66	9.73	13849667	165188864.00
2011/12/14	9.73	9.88	9.55	9.66	7045753	82554104.00
2011/12/15	9.56	9.92	9.40	9.81	15070964	174992672.00
2011/12/16	9.75	10.25	9.70	10.20	13145252	156731248.00
2011/12/19	10.06	10.68	9.92	10.64	15861887	195282656.00
2011/12/20	10.59	10.72	10.41	10.46	6962822	87498824.00
2011/12/21	10.61	10.98	10.40	10.46	12828996	163081456.00
2011/12/22	10.35	10.72	10.18	10.56	9135137	113029808.00
2011/12/23	10.53	10.94	10.36	10.70	5413451	68602464.00
2011/12/26	10.56	10.79	10.56	10.63	5322762	67572152.00
2011/12/27	10.58	10.72	10.45	10.46	4320292	54373228.00
2011/12/28	10.41	10.41	10.15	10.26	5573093	68162296.00
2011/12/29	10.26	10.55	10.26	10.46	5340860	66396812.00
2011/12/30	10.47	10.99	10.47	10.90	9811884	125909160.00
2012/01/04	10.97	11.10	10.45	10.50	9609238	123716072.00
2012/01/05	10.49	10.65	10.00	10.10	9866994	121411888.00
2012/01/06	10.10	10.19	9.73	10.06	7310704	87068280.00
2012/01/09	10.08	10.50	9.84	10.47	15186428	186484768.00
2012/01/10	10.45	11.23	10.41	11.21	16992282	219932464.00
2012/01/11	11.25	11.44	10.97	11.25	15460608	204051584.00
2012/01/12	11.22	11.51	11.06	11.31	11130860	148298944.00
2012/01/13	11.24	11.38	10.58	10.83	14176167	182832752.00
2012/01/16	10.70	10.87	10.39	10.50	7283804	91781304.00
2012/01/17	10.50	11.43	10.37	11.39	14207817	184902288.00
2012/01/18	11.35	11.58	11.10	11.26	13519229	180315056.00
2012/01/19	11.25	11.90	11.01	11.76	13086022	178725648.00
2012/01/20	11.80	12.20	11.70	12.09	15157199	212578560.00
2012/01/30	12.10	12.17	11.60	11.67	10569729	146798608.00
2012/02/01	11.67	12.29	11.60	11.78	16229304	226526496.00
2012/02/02	11.88	12.09	11.58	12.05	11830282	163261440.00
2012/02/03	11.99	12.62	11.87	12.42	21532298	309503104.00
2012/02/06	12.68	12.90	12.46	12.59	20026595	293992608.00
2012/02/07	12.45	12.50	12.00	12.26	13056632	185677296.00
2012/02/08	12.25	12.85	12.11	12.81	19148139	279347840.00
2012/02/09	12.70	13.03	12.66	12.91	13049412	193665872.00
2012/02/10	12.80	12.95	12.54	12.66	12042861	177079712.00
2012/02/13	12.40	12.76	12.30	12.58	10505050	152181536.00
2012/02/14	12.58	12.63	12.18	12.31	10428470	149610048.00
2012/02/15	12.24	12.52	12.20	12.40	10055074	144625152.00
2012/02/16	12.40	12.65	12.31	12.46	10490695	152082752.00
2012/02/17	12.60	12.73	12.28	12.39	10039262	145183584.00
2012/02/20	12.64	12.65	12.08	12.13	15982421	228601456.00
2012/02/21	12.17	12.28	11.83	12.27	13073543	184013456.00
2012/02/22	12.28	12.70	12.10	12.62	19785719	286389888.00
2012/02/23	12.69	12.69	12.52	12.65	12033151	175908608.00
2012/02/24	12.63	13.02	12.38	12.93	19682900	289595232.00
2012/02/27	13.00	13.20	12.79	12.85	24543943	368455680.00
2012/02/28	12.82	12.90	12.58	12.76	13520051	199204704.00
2012/02/29	12.67	13.15	12.53	12.84	14960174	222136752.00
2012/03/01	12.80	13.11	12.72	12.98	12578963	187888560.00
2012/03/02	13.01	13.36	13.01	13.15	16214456	246628304.00
2012/03/05	13.37	13.43	13.13	13.15	13520138	206622768.00
2012/03/06	13.22	13.22	12.72	12.95	14443840	215179328.00
2012/03/07	12.80	13.31	12.73	13.30	18097345	273099904.00
2012/03/08	13.41	13.54	13.24	13.41	15298031	235373632.00
2012/03/09	13.49	13.55	13.25	13.54	12720949	196133920.00
2012/03/12	13.59	13.61	13.09	13.26	19333568	296441248.00
2012/03/13	13.20	13.47	13.10	13.37	11395297	174202512.00
2012/03/14	13.45	13.55	12.50	12.60	26464979	396734720.00
2012/03/15	12.60	12.69	12.10	12.19	19330565	276486944.00
2012/03/16	12.24	12.43	12.00	12.38	21052009	299887136.00
2012/03/19	12.34	12.43	12.11	12.38	16004878	228624144.00
2012/03/20	12.39	12.39	11.94	12.01	15636777	220514288.00
2012/03/21	12.13	12.15	11.86	12.10	12980875	181440448.00
2012/03/22	12.09	12.32	11.97	12.22	8771255	124263192.00
2012/03/23	12.15	12.20	11.85	11.96	9934321	138824464.00
2012/03/26	11.88	12.09	11.78	11.92	6157558	85793008.00
2012/03/27	12.00	12.03	11.31	11.40	18293485	249710912.00
2012/03/28	11.26	11.46	10.97	10.98	15314765	201149312.00
2012/03/29	10.96	11.17	10.86	10.99	13067961	170011280.00
2012/03/30	11.04	11.17	10.97	11.07	7129285	93131352.00
2012/04/05	11.08	11.50	10.97	11.40	12240031	163054144.00
2012/04/09	11.40	11.56	11.21	11.35	7271676	97635984.00
2012/04/10	11.34	11.73	11.25	11.68	9269151	124974632.00
2012/04/11	11.51	12.00	11.46	11.77	10938229	151079904.00
2012/04/12	11.77	12.02	11.66	11.97	9155527	127047840.00
2012/04/13	11.99	12.11	11.80	11.99	10407196	145529136.00
2012/04/16	11.93	11.99	11.79	11.86	6598025	91679056.00
2012/04/17	11.72	12.03	11.70	11.88	8352098	116213456.00
2012/04/18	12.04	12.55	11.98	12.49	18555990	266322464.00
2012/04/19	12.47	12.60	12.40	12.51	7596701	110160264.00
2012/04/20	12.51	12.63	12.43	12.46	9203505	133709840.00
2012/04/23	12.46	12.60	12.30	12.37	11265086	162852352.00
2012/04/24	12.40	12.50	11.78	12.09	11122416	150190768.00
2012/04/25	12.01	12.40	11.95	12.35	6407489	87477584.00
2012/04/26	12.36	12.46	11.98	12.18	11418299	154742256.00
2012/04/27	12.18	12.30	12.05	12.22	5929387	80612624.00
2012/05/02	12.45	12.74	12.31	12.61	11501371	160264416.00
2012/05/03	12.62	12.76	12.55	12.66	7077736	99375920.00
2012/05/04	12.80	13.39	12.80	13.33	32538535	474419552.00
2012/05/07	13.23	13.85	13.16	13.78	30937184	464296384.00
2012/05/08	13.71	13.79	13.35	13.66	16992173	255293568.00
2012/05/09	13.51	13.65	13.23	13.43	12746444	188996288.00
2012/05/10	13.43	13.53	13.24	13.39	6408061	94760240.00
2012/05/11	13.38	13.39	13.13	13.15	6764613	99049128.00
2012/05/14	13.35	13.35	12.78	12.80	11342458	163303440.00
2012/05/15	12.68	12.90	12.45	12.89	9920049	139092720.00
2012/05/16	12.81	12.84	12.51	12.51	6453373	90620192.00
2012/05/17	12.48	12.98	12.48	12.90	7306457	103497288.00
2012/05/18	12.75	12.82	12.60	12.68	8331667	117468072.00
2012/05/21	12.68	12.96	12.58	12.91	6300389	89482816.00
2012/05/22	12.92	13.15	12.91	13.11	8107775	117193512.00
2012/05/23	13.03	13.15	12.70	12.80	8556190	122479040.00
2012/05/24	12.80	13.08	12.75	12.90	6817629	97831472.00
2012/05/25	12.95	13.07	12.70	12.78	5602084	79767816.00
2012/05/28	12.74	13.00	12.51	12.97	10772979	152995840.00
2012/05/29	13.07	13.56	13.07	13.31	22528830	332482496.00
2012/05/30	13.33	13.53	13.21	13.30	8927141	132050136.00
2012/05/31	13.20	13.88	13.16	13.71	23722136	357565056.00
2012/06/01	13.73	13.77	13.57	13.72	9555288	144102032.00
2012/06/04	13.52	13.54	13.27	13.38	10407412	154212672.00
2012/06/05	13.40	13.53	13.12	13.14	9730517	143218256.00
2012/06/06	13.16	13.30	12.75	12.85	11789533	169130896.00
2012/06/07	13.00	13.02	12.73	12.85	9035506	129158544.00
2012/06/08	13.00	13.09	12.84	12.91	10078292	144859552.00
2012/06/11	12.98	13.34	12.88	13.33	8272598	120331704.00
2012/06/12	13.15	13.35	13.09	13.26	6421037	93951336.00
2012/06/13	13.25	13.70	13.22	13.58	14244976	213029904.00
2012/06/14	13.45	13.75	13.45	13.56	9069992	136152688.00
2012/06/15	13.52	13.68	13.09	13.43	9488617	140011424.00
2012/06/18	13.48	13.55	13.25	13.32	7885455	116479832.00
2012/06/19	13.29	13.73	13.22	13.42	14697534	219378800.00
2012/06/20	13.46	13.54	13.27	13.37	6982232	103275344.00
2012/06/21	13.39	13.39	12.92	13.09	9045208	130872704.00
2012/06/25	13.04	13.04	12.42	12.43	11733878	165104544.00
2012/06/26	12.30	12.48	12.08	12.40	8098149	110838408.00
2012/06/27	12.40	12.54	12.01	12.15	10551840	144032768.00
2012/06/28	12.15	12.24	11.68	11.70	13090433	173781248.00
2012/06/29	11.65	11.99	11.65	11.95	7132794	94758584.00
2012/07/02	12.09	12.34	12.01	12.18	6143997	83529768.00
2012/07/03	12.20	12.36	11.59	11.73	11675409	155421200.00
2012/07/04	11.77	11.86	11.59	11.76	7123420	93439240.00
2012/07/05	11.74	11.77	11.20	11.41	13987980	179714528.00
2012/07/06	11.54	11.90	11.39	11.89	9352026	121747552.00
2012/07/09	11.78	12.06	11.55	11.60	7780336	103130336.00
2012/07/10	11.60	11.72	11.42	11.55	6736484	87532256.00
2012/07/11	11.46	12.06	11.46	11.90	6656097	87650152.00
2012/07/12	11.90	12.15	11.73	12.06	11073646	148258800.00
2012/07/13	12.03	12.24	12.01	12.08	5072672	68441464.00
2012/07/16	12.14	12.15	11.72	11.75	4397396	58254512.00
2012/07/17	11.73	11.97	11.70	11.93	4632151	61517928.00
2012/07/18	11.94	12.05	11.80	12.00	4459825	59610032.00
2012/07/19	12.01	12.40	12.00	12.14	8304177	112947840.00
2012/07/20	12.15	12.24	12.02	12.06	5271263	71312128.00
2012/07/23	11.90	12.02	11.78	11.96	3263286	43466352.00
2012/07/24	11.85	12.15	11.81	12.02	3861206	51818276.00
2012/07/25	12.00	12.16	11.90	11.95	4211624	56609396.00
2012/07/26	11.97	12.05	11.49	11.58	7837998	103185120.00
2012/07/27	11.70	11.77	11.50	11.56	4803053	62683680.00
2012/07/30	11.60	11.70	11.59	11.68	3417931	44607716.00
2012/07/31	11.61	11.73	11.61	11.70	3600322	47135428.00
2012/08/01	11.74	11.97	11.70	11.95	6695756	88954832.00
2012/08/02	11.95	11.98	11.81	11.84	3461545	45945120.00
2012/08/03	11.85	12.08	11.83	12.06	4850254	64863628.00
2012/08/06	12.08	12.19	11.89	12.17	7561326	101613264.00
2012/08/07	12.10	12.17	11.95	12.07	6989498	94052488.00
2012/08/08	12.11	12.15	11.98	12.08	7621390	102737168.00
2012/08/09	12.05	12.20	11.91	12.11	7189440	96801768.00
2012/08/10	12.11	12.11	11.85	11.87	7062084	94315952.00
2012/08/13	11.88	11.90	11.50	11.70	8829870	115421624.00
2012/08/14	11.74	11.75	11.39	11.55	11801039	152129392.00
2012/08/15	11.53	11.63	11.42	11.59	5141115	66447860.00
2012/08/16	11.57	11.65	11.40	11.50	4400076	56975720.00
2012/08/17	11.43	11.55	11.38	11.40	6008247	77164328.00
2012/08/20	11.39	11.42	11.15	11.36	5971937	75686256.00
2012/08/21	11.40	11.64	11.31	11.60	7330940	94828664.00
2012/08/22	11.75	11.82	11.57	11.61	6500139	84949712.00
2012/08/23	11.60	11.76	11.52	11.67	4956596	64786448.00
2012/08/24	11.60	11.68	11.38	11.46	4150807	53682864.00
2012/08/27	11.35	11.48	11.21	11.27	4507859	57478824.00
2012/08/28	11.25	11.30	10.95	11.24	6775878	84783648.00
2012/08/29	11.11	11.21	11.02	11.10	3050315	38177704.00
2012/08/30	10.93	11.35	10.93	11.22	6038569	76227456.00
2012/08/31	11.14	11.29	11.10	11.16	3547002	44636632.00
2012/09/03	11.17	11.51	11.17	11.34	6469776	82510288.00
2012/09/04	11.30	11.41	11.16	11.21	5488350	69649248.00
2012/09/05	11.22	11.42	11.17	11.35	4141188	52728856.00
2012/09/06	11.40	11.48	11.32	11.46	2290717	29328254.00
2012/09/07	11.59	12.10	11.53	11.96	16326184	217036912.00
2012/09/10	11.98	12.07	11.70	11.96	11407715	151814416.00
2012/09/11	11.93	11.93	11.66	11.82	6898720	90821544.00
2012/09/12	11.98	12.01	11.63	11.78	7609308	100161744.00
2012/09/13	11.72	11.91	11.68	11.71	4239331	55857000.00
2012/09/14	11.67	11.93	11.67	11.84	7455791	98582272.00
2012/09/17	11.82	11.82	11.45	11.46	4784315	62186696.00
2012/09/18	11.41	11.45	11.21	11.24	4494343	57091148.00
2012/09/19	11.25	11.43	11.16	11.35	4914711	62468916.00
2012/09/20	11.29	11.65	11.25	11.39	8620492	111211808.00
2012/09/21	11.39	11.76	11.32	11.57	6750961	87451832.00
2012/09/24	11.66	11.95	11.65	11.85	12646050	167011744.00
2012/09/25	11.87	11.98	11.69	11.71	7375361	97537128.00
2012/09/26	11.70	11.94	11.60	11.65	6273599	82384208.00
2012/09/27	11.65	12.64	11.61	12.53	37935307	515515648.00
2012/09/28	12.38	12.67	12.34	12.44	22078189	307756288.00
2012/10/08	12.60	13.06	12.60	12.85	27032249	386696352.00
2012/10/09	12.85	13.29	12.78	12.93	24286435	351188384.00
2012/10/10	12.98	13.01	12.71	12.94	10892230	154954736.00
2012/10/11	12.89	13.20	12.60	12.82	19660742	280731840.00
2012/10/12	12.86	13.07	12.68	12.92	18058667	257832848.00
2012/10/15	12.92	12.92	12.58	12.71	12221297	172558080.00
2012/10/16	12.63	12.80	12.38	12.39	14346527	200870000.00
2012/10/17	12.40	12.65	12.35	12.53	7599747	105522704.00
2012/10/18	12.58	13.08	12.48	12.92	13405827	190505936.00
2012/10/19	12.92	12.96	12.70	12.74	7645844	108653664.00
2012/10/22	12.72	12.75	12.38	12.60	17799203	247323520.00
2012/10/23	12.56	12.60	12.23	12.30	12209076	168126272.00
2012/10/24	12.26	12.42	12.22	12.36	5596376	76721056.00
2012/10/25	12.30	12.44	12.13	12.20	6567581	89675184.00
2012/10/26	12.22	12.35	11.83	12.11	9877411	132839304.00
2012/10/29	12.02	12.37	12.00	12.23	5398927	73620296.00
2012/10/30	12.20	12.41	12.20	12.29	5927008	81208624.00
2012/10/31	12.32	12.34	12.11	12.29	3009602	41041856.00
2012/11/01	12.29	12.64	12.26	12.62	10299648	143246432.00
2012/11/02	12.60	12.65	12.44	12.55	4601381	64231788.00
2012/11/05	12.41	12.55	12.13	12.35	11890321	162761120.00
2012/11/06	12.53	12.62	12.18	12.52	9097350	125576000.00
2012/11/07	12.42	12.56	12.36	12.40	4452208	61707972.00
2012/11/08	12.22	12.39	12.13	12.16	4924103	67286016.00
2012/11/09	12.10	12.20	11.60	11.79	10287767	136417824.00
2012/11/12	11.80	11.87	11.58	11.74	6008007	78847736.00
2012/11/13	11.75	11.76	11.52	11.64	5909531	76884224.00
2012/11/14	11.66	11.81	11.57	11.80	7632886	99763184.00
2012/11/15	11.71	11.74	11.36	11.41	9292917	120181016.00
2012/11/16	11.46	11.62	11.27	11.60	6691239	85948984.00
2012/11/19	11.55	11.68	11.40	11.65	4164131	53807480.00
2012/11/20	11.68	11.75	11.50	11.53	2583800	33576152.00
2012/11/21	11.55	11.68	11.37	11.65	4680256	60599552.00
2012/11/22	11.62	11.63	11.53	11.59	3991503	51866392.00
2012/11/23	11.69	11.85	11.55	11.76	6752475	88619600.00
2012/11/26	11.65	11.75	11.55	11.62	5709817	74645048.00
2012/11/27	11.59	11.63	11.38	11.38	4696719	60508400.00
2012/11/28	11.30	11.52	11.20	11.46	4644960	59187612.00
2012/11/29	11.38	11.55	11.33	11.41	3487371	44761648.00
2012/11/30	11.39	11.70	11.35	11.59	4945974	64160620.00
2012/12/03	11.55	11.86	11.46	11.50	6704333	87686496.00
2012/12/04	11.48	11.83	11.41	11.73	7426013	96962904.00
2012/12/05	11.74	12.30	11.73	12.10	11682428	157362048.00
2012/12/06	12.24	12.24	11.91	12.01	4281241	57465688.00
2012/12/07	12.09	12.71	12.09	12.60	19263334	267555200.00
2012/12/10	12.60	12.95	12.58	12.72	18350629	260973024.00
2012/12/11	12.62	12.75	12.47	12.57	8775705	123129296.00
2012/12/12	12.56	12.65	12.40	12.50	5215640	72566400.00
2012/12/13	12.44	12.62	12.36	12.48	4791870	66591736.00
2012/12/14	12.58	13.10	12.51	13.07	15841200	227078208.00
2012/12/17	13.08	13.32	12.98	13.15	10361061	150399056.00
2012/12/18	13.19	13.19	13.00	13.04	7097562	102831248.00
2012/12/19	13.03	13.04	12.71	13.00	8874059	126860224.00
2012/12/20	12.95	13.06	12.79	13.01	5905093	84798336.00
2012/12/21	13.01	13.32	12.92	13.02	9674616	140154528.00
2012/12/24	13.08	13.30	12.96	13.09	7763422	113097336.00
2012/12/25	12.98	13.64	12.93	13.50	14623486	215984160.00
2012/12/26	13.49	13.80	13.35	13.70	12754326	191446896.00
2012/12/27	13.74	13.78	13.51	13.53	6312384	94682224.00
2012/12/28	13.70	14.10	13.56	13.94	11159433	170334400.00
2012/12/31	13.95	14.28	13.88	14.21	16795647	260711456.00
2013/01/04	14.26	14.34	13.60	13.77	17653647	269674496.00
2013/01/07	13.75	14.54	13.61	14.49	22163979	345972928.00
2013/01/08	14.44	15.12	14.34	14.79	20395033	329109792.00
2013/01/09	14.70	14.89	14.43	14.59	10165169	162720224.00
2013/01/10	14.60	14.68	14.28	14.32	16348747	259170048.00
2013/01/11	14.35	14.50	13.99	14.14	12375143	193483264.00
2013/01/14	14.13	15.00	14.10	14.83	12578920	201889696.00
2013/01/15	14.95	15.25	14.73	14.85	9727662	158882400.00
2013/01/16	14.80	14.90	14.40	14.61	9756393	156635392.00
2013/01/17	14.62	14.77	14.30	14.42	9576376	152164304.00
2013/01/18	14.68	14.72	14.40	14.52	9352401	149213680.00
2013/01/21	14.52	14.85	14.39	14.66	8124023	130705888.00
2013/01/22	14.66	14.74	14.20	14.44	10661245	168343120.00
2013/01/23	14.40	14.48	14.18	14.38	9939159	156062016.00
2013/01/24	14.32	14.70	13.90	14.16	12761390	200479456.00
2013/01/25	14.21	14.54	14.08	14.46	8157110	128992440.00
2013/01/28	14.47	15.00	14.44	14.94	14327837	231916896.00
2013/01/29	14.93	15.10	14.61	14.79	8878463	144035232.00
2013/01/30	14.79	15.25	14.66	15.15	17021393	279098176.00
2013/01/31	15.12	15.35	15.05	15.19	13016296	216168768.00
2013/02/01	15.14	15.30	14.90	15.17	7457552	123040680.00
2013/02/04	15.25	15.35	14.97	15.21	18793300	311413216.00
2013/02/05	15.27	15.83	15.15	15.80	13148468	223656144.00
2013/02/06	15.85	16.47	15.85	15.93	16868400	297445888.00
2013/02/07	15.93	16.43	15.86	16.36	12165784	213409104.00
2013/02/08	16.40	16.66	16.13	16.37	10731775	191005056.00
2013/02/18	16.42	16.53	15.88	16.02	11810320	206371424.00
2013/02/19	16.02	16.09	15.50	15.65	11093907	189354672.00
2013/02/20	15.60	15.84	15.15	15.76	10113062	171517632.00
2013/02/21	15.61	15.79	15.10	15.37	15291060	257575424.00
2013/02/22	15.30	15.47	14.89	15.20	15018934	247226704.00
2013/02/25	15.25	15.36	14.99	15.33	5402160	89681976.00
2013/02/26	15.29	15.67	15.01	15.09	10505953	176339296.00
2013/02/27	15.18	15.67	15.18	15.64	11981538	202758080.00
2013/02/28	15.64	15.97	15.51	15.88	12039685	206620176.00
2013/03/01	15.85	15.89	15.42	15.82	10172595	173841936.00
2013/03/04	15.72	15.72	14.39	14.70	23065355	377425024.00
2013/03/05	14.81	15.21	14.63	15.10	16368941	269104352.00
2013/03/06	15.13	15.40	14.92	15.35	11626424	193356160.00
2013/03/07	15.35	15.87	15.30	15.52	13963298	237218256.00
2013/03/08	15.60	15.63	15.00	15.06	6728430	112344128.00
2013/03/11	15.09	15.16	14.71	15.09	5242945	85714096.00
2013/03/12	15.10	15.36	14.60	14.87	8835595	144197168.00
2013/03/13	14.78	14.97	14.60	14.71	5828189	93975648.00
2013/03/14	14.62	14.95	14.61	14.93	5875248	95143336.00
2013/03/15	14.93	15.42	14.84	14.85	9565382	157868576.00
2013/03/18	14.78	15.03	14.72	14.82	5896365	95992992.00
2013/03/19	14.99	15.08	14.79	14.97	5158377	84360720.00
2013/03/20	14.98	15.60	14.93	15.46	10923643	182726400.00
2013/03/21	15.50	15.76	15.45	15.69	13782109	234065248.00
2013/03/22	15.65	15.72	15.38	15.56	6540210	110707016.00
2013/03/25	15.70	15.78	15.32	15.59	8543138	144493664.00
2013/03/26	15.75	16.67	15.52	16.60	29630287	519523808.00
2013/03/27	16.66	17.03	16.53	16.84	24648491	448030624.00
2013/03/28	16.75	17.27	16.30	16.98	21476458	390079264.00
2013/03/29	16.89	17.09	16.54	16.79	10100225	183886080.00
2013/04/01	16.60	16.66	16.36	16.54	10789446	193225248.00
2013/04/02	16.42	17.01	16.30	16.41	12685870	229012320.00
2013/04/03	16.45	16.76	16.26	16.59	10355505	186014256.00
2013/04/08	16.50	16.78	16.18	16.51	11034880	197697872.00
2013/04/09	16.57	17.03	16.50	16.89	12068010	220225296.00
2013/04/10	16.86	17.17	16.33	17.05	16896019	306771200.00
2013/04/11	17.22	17.52	16.87	16.94	14376742	268036880.00
2013/04/12	17.10	17.21	16.61	16.83	15062115	275824288.00
2013/04/15	16.74	16.90	16.48	16.67	8937682	161519056.00
2013/04/16	16.66	16.66	16.05	16.45	12539745	222278016.00
2013/04/17	16.45	16.78	16.42	16.77	6630320	119356560.00
2013/04/18	16.60	17.00	16.53	16.58	10164291	184176000.00
2013/04/19	16.56	18.06	16.55	18.01	25384907	480176704.00
2013/04/22	17.94	18.09	17.64	18.06	10923004	210727136.00
2013/04/23	18.04	18.05	17.41	17.68	13025394	248721648.00
2013/04/24	17.70	18.30	17.45	18.02	11832147	227881504.00
2013/04/25	17.95	18.33	17.40	17.50	15097704	291564192.00
2013/04/26	17.40	17.59	17.03	17.19	10502752	195959456.00
2013/05/02	17.20	17.54	16.95	17.44	10272848	191461392.00
2013/05/03	17.66	18.28	17.41	18.03	12536216	234052960.00
2013/05/06	18.04	18.32	17.80	18.20	13109845	246631104.00
2013/05/07	18.11	18.16	17.72	18.01	12352293	229944624.00
2013/05/08	18.05	18.24	17.93	18.03	7686636	144242688.00
2013/05/09	18.00	18.03	17.30	17.54	12745809	232821264.00
2013/05/10	17.44	17.85	17.20	17.82	9140205	166946224.00
2013/05/13	17.73	17.97	17.29	17.38	11857584	216280480.00
2013/05/14	17.38	17.56	17.15	17.25	10385877	186845200.00
2013/05/15	17.20	17.35	16.89	17.02	14559805	257893936.00
2013/05/16	17.02	17.56	16.94	17.48	13479963	242089344.00
2013/05/17	17.48	17.78	17.44	17.77	14261073	261644352.00
2013/05/20	17.82	18.02	17.46	17.97	18849445	348480576.00
2013/05/21	17.90	17.90	17.18	17.24	27256459	492794560.00
2013/05/22	17.32	17.39	17.16	17.34	12367684	222496368.00
2013/05/23	17.21	17.37	16.92	16.93	11999792	214014128.00
2013/05/24	17.03	17.33	17.03	17.23	10609856	190106368.00
2013/05/27	17.16	17.70	17.12	17.54	14621951	266654544.00
2013/05/28	17.49	17.57	16.89	17.36	17549108	313561280.00
2013/05/29	17.42	17.56	17.23	17.40	10471472	189394912.00
2013/05/30	17.39	17.49	17.15	17.31	10516310	189314304.00
2013/05/31	17.36	17.44	16.89	16.91	14884535	265341248.00
2013/06/03	16.91	16.98	16.37	16.42	21311980	366798624.00
2013/06/04	16.42	16.43	16.00	16.29	14904832	251774288.00
2013/06/05	16.29	16.66	16.24	16.63	11294811	194617856.00
2013/06/06	16.60	16.60	16.23	16.27	8924079	151933776.00
2013/06/07	16.25	16.37	15.93	16.14	8148409	137539008.00
2013/06/13	15.87	15.88	14.88	15.48	14529788	232873040.00
2013/06/14	15.49	15.61	15.30	15.49	7031236	113573424.00
2013/06/17	15.49	15.52	15.10	15.36	7277311	116268248.00
2013/06/18	15.39	15.62	15.39	15.53	6206464	100778288.00
2013/06/19	15.53	15.53	14.96	15.24	7752095	122695360.00
2013/06/20	15.00	15.44	14.88	14.92	9081739	144092400.00
2013/06/21	14.66	15.29	14.38	15.21	11403410	176888576.00
2013/06/24	15.00	15.37	14.84	15.24	17140445	272164960.00
2013/06/25	15.03	16.01	14.25	15.94	19673902	315713792.00
2013/06/26	15.94	16.15	15.39	15.63	13466617	221192256.00
2013/06/27	15.70	16.05	15.01	15.14	15286721	249738896.00
2013/06/28	15.02	15.80	14.68	15.32	11119069	178769792.00
2013/07/01	15.57	15.82	15.20	15.74	11109160	180046144.00
2013/07/02	15.67	16.49	15.67	16.43	17214692	290991616.00
2013/07/03	16.46	16.50	16.01	16.30	11152699	188975232.00
2013/07/04	16.25	16.75	16.08	16.49	9148681	156735936.00
2013/07/05	16.49	16.72	16.35	16.52	8332766	143556944.00
2013/07/08	16.32	16.68	16.00	16.18	10126839	172791840.00
2013/07/09	16.12	16.28	15.75	15.80	7995819	132936968.00
2013/07/10	15.80	16.11	15.32	16.06	11696849	191541056.00
2013/07/11	15.93	16.81	15.90	16.57	16108015	277622528.00
2013/07/12	16.50	16.75	16.17	16.23	9584150	164572800.00
2013/07/15	16.27	16.53	16.18	16.35	6225999	106098608.00
2013/07/16	16.32	16.68	16.22	16.54	8559332	146949040.00
2013/07/17	16.46	16.63	15.95	15.99	9028307	153758800.00
2013/07/18	15.95	16.15	15.58	15.86	7744320	128179648.00
2013/07/19	15.83	15.97	15.15	15.16	10020727	162078832.00
2013/07/22	15.11	15.38	14.90	15.37	3450295	54921040.00
2013/07/23	15.48	15.99	15.37	15.67	8338081	136493952.00
2013/07/24	15.60	15.69	15.10	15.44	9903497	159165552.00
2013/07/25	15.57	15.66	15.20	15.23	8467824	135786480.00
2013/07/26	15.22	15.29	14.72	14.85	10308640	160797936.00
2013/07/29	14.85	14.85	14.20	14.42	11712716	176924208.00
2013/07/30	14.78	15.25	14.49	14.94	20955558	326485120.00
2013/07/31	15.00	15.65	14.85	15.00	14929962	238095216.00
2013/08/01	14.96	15.53	14.96	15.33	12355124	196944560.00
2013/08/02	15.50	15.50	15.19	15.33	10366458	166556384.00
2013/08/05	15.31	15.31	14.96	15.25	15065278	237841600.00
2013/08/06	15.17	15.34	14.97	15.33	19174462	303174336.00
2013/08/07	15.18	15.40	14.97	14.99	17571858	277884448.00
2013/08/08	14.99	15.17	14.80	14.99	8948651	140433136.00
2013/08/09	15.06	15.45	14.95	15.41	14882144	236686624.00
2013/08/12	15.60	16.93	15.60	16.83	43689357	755688704.00
2013/08/13	16.86	17.31	16.83	17.20	31937605	569458112.00
2013/08/14	17.18	17.35	16.68	16.79	20197776	357189184.00
2013/08/15	16.78	17.13	16.75	16.80	14060834	248476800.00
2013/08/16	16.74	17.80	16.43	16.53	22306018	390441920.00
2013/08/19	16.38	16.91	16.34	16.79	13514499	235917424.00
2013/08/20	16.85	16.93	16.40	16.66	14421705	250199968.00
2013/08/21	16.71	16.81	16.25	16.50	10406032	178136768.00
2013/08/22	16.46	16.61	16.16	16.22	11198624	190609056.00
2013/08/23	16.28	16.42	15.74	16.08	13250306	222465184.00
2013/08/26	16.03	16.70	16.03	16.61	15919962	272268704.00
2013/08/27	16.61	17.09	16.50	16.79	13316495	233067536.00
2013/08/28	16.70	16.70	16.30	16.38	10336799	177200080.00
2013/08/29	16.42	16.59	16.23	16.26	6701112	114392240.00
2013/08/30	16.30	16.46	16.08	16.18	8228166	139863328.00
2013/09/02	16.25	16.46	16.06	16.45	8673870	147270160.00
2013/09/03	16.48	16.59	16.26	16.45	9568866	163507920.00
2013/09/04	16.42	16.77	16.40	16.52	12670081	219271408.00
2013/09/05	16.53	16.57	16.07	16.23	12583738	212792176.00
2013/09/06	16.20	16.33	15.70	15.77	20104328	333121536.00
2013/09/09	15.85	16.16	15.66	16.13	13983445	233902432.00
2013/09/10	16.20	16.24	15.80	15.98	16986845	283237056.00
2013/09/11	16.00	16.40	16.00	16.19	20025926	338747456.00
2013/09/12	16.19	16.37	16.02	16.25	13077305	220694912.00
2013/09/13	16.29	16.46	16.14	16.39	10829213	183735056.00
2013/09/16	16.45	16.67	16.04	16.05	17746102	303482272.00
2013/09/17	15.93	16.14	15.59	15.60	12245246	201633760.00
2013/09/18	15.70	15.74	15.50	15.64	6645852	108452864.00
2013/09/23	15.70	15.89	15.68	15.85	7135998	117756928.00
2013/09/24	15.85	15.86	15.40	15.68	14927909	243664832.00
2013/09/25	15.56	15.70	15.42	15.66	12869823	208830560.00
2013/09/26	15.60	15.65	15.31	15.31	10193588	164362320.00
2013/09/27	15.32	15.52	15.32	15.45	7971466	128394464.00
2013/09/30	15.55	15.66	15.40	15.55	6564972	106507728.00
2013/10/08	15.52	15.99	15.36	15.98	10943077	179971696.00
2013/10/09	15.81	15.98	15.78	15.90	8000950	132374056.00
2013/10/10	15.91	15.94	15.35	15.50	14401094	233991584.00
2013/10/11	15.58	16.30	15.51	16.07	13919259	228559520.00
2013/10/14	16.05	16.37	16.00	16.08	16620459	280858784.00
2013/10/15	16.02	16.22	15.90	16.19	10786150	180954064.00
2013/10/16	16.08	16.41	15.89	16.31	20816733	352397856.00
2013/10/17	16.33	16.65	16.33	16.58	20629125	355260416.00
2013/10/18	16.74	16.83	16.10	16.21	21388847	364861248.00
2013/10/21	16.21	16.96	16.21	16.90	25421411	443764352.00
2013/10/22	16.93	16.98	16.58	16.72	20212269	352407776.00
2013/10/23	16.73	16.79	16.19	16.25	16159347	276353888.00
2013/10/24	16.26	16.85	16.25	16.61	13214134	228310384.00
2013/10/25	16.60	16.77	16.18	16.35	12197595	210060880.00
2013/10/28	16.49	16.71	16.28	16.39	9560958	164566064.00
2013/10/29	16.43	16.61	15.70	16.04	16522499	278783968.00
2013/10/30	16.03	16.73	15.85	16.67	17150048	293298688.00
2013/10/31	16.55	16.90	16.34	16.77	14388813	249836912.00
2013/11/01	16.79	16.85	16.43	16.54	8572700	148074800.00
2013/11/04	16.66	16.84	16.43	16.83	16316605	283841184.00
2013/11/05	16.68	17.15	16.61	17.06	19215130	339315776.00
2013/11/06	16.93	17.48	16.61	16.98	22718309	404368832.00
2013/11/07	16.88	17.06	16.55	16.75	15062114	263173536.00
2013/11/08	16.70	16.75	16.39	16.64	8734977	150551200.00
2013/11/11	16.51	16.79	16.42	16.70	5386543	93399960.00
2013/11/12	16.72	17.24	16.60	17.23	13753018	243345920.00
2013/11/13	17.05	17.48	16.82	16.97	13469119	240607376.00
2013/11/14	16.98	17.40	16.61	17.26	11119150	198649200.00
2013/11/15	17.23	17.76	17.16	17.37	20538202	374758592.00
2013/11/18	17.46	17.86	17.46	17.78	17124502	315256416.00
2013/11/19	17.79	17.90	17.60	17.74	13776763	254209728.00
2013/11/20	17.88	18.45	17.67	18.29	20975985	396470528.00
2013/11/21	18.17	18.53	18.05	18.22	13470222	255701424.00
2013/11/22	18.27	18.64	17.92	18.07	10703978	203140640.00
2013/11/25	17.93	18.38	17.73	17.90	11321117	212879664.00
2013/11/26	17.97	18.38	17.78	18.28	9123853	171716720.00
2013/11/27	18.38	18.45	18.13	18.22	11368766	215539264.00
2013/11/28	18.21	18.71	17.99	18.59	22422822	427416864.00
2013/11/29	18.54	19.48	18.48	19.14	25612458	508512320.00
2013/12/02	18.82	19.59	18.82	19.36	23632146	472776480.00
2013/12/03	19.42	19.80	19.10	19.39	18564391	373914912.00
2013/12/04	19.31	19.90	19.21	19.82	18921171	386755104.00
2013/12/05	19.84	19.93	19.50	19.85	13344528	272905664.00
2013/12/06	19.78	19.87	19.32	19.40	12751491	258296784.00
2013/12/09	19.42	19.58	19.22	19.36	11663427	234285952.00
2013/12/10	19.37	20.45	19.37	20.42	23096232	481470464.00
2013/12/11	20.42	20.45	19.81	20.03	12657542	263274416.00
2013/12/12	20.00	20.26	19.90	20.09	6990632	145146320.00
2013/12/13	19.80	20.51	19.71	19.78	13317951	278167840.00
2013/12/16	19.61	19.70	19.12	19.29	18790072	375796704.00
2013/12/17	19.20	19.32	18.57	18.96	16118496	315515520.00
2013/12/18	19.00	19.45	18.86	19.30	6989429	138872736.00
2013/12/19	19.31	19.45	18.85	18.96	5803215	114569928.00
2013/12/20	19.08	19.32	18.21	18.51	11411549	221850160.00
2013/12/23	18.51	18.93	18.38	18.72	9305227	180718560.00
2013/12/24	18.73	19.15	18.14	18.48	14842612	286424800.00
2013/12/25	18.48	19.09	18.33	18.94	13548719	265021680.00
2013/12/26	18.73	19.18	18.54	18.78	12421361	242131584.00
2013/12/27	18.78	19.48	18.69	19.45	12645902	250969200.00
2013/12/30	19.53	20.10	19.31	19.80	10526246	216475664.00
2013/12/31	19.65	20.08	19.60	20.00	9658810	199022640.00
2014/01/02	19.95	20.18	19.58	19.64	7758532	158553232.00
2014/01/03	19.40	19.59	19.10	19.14	8185584	164279248.00
2014/01/06	19.08	19.22	18.29	18.30	10444365	201973712.00
2014/01/07	18.25	18.78	18.13	18.42	9506732	181785088.00
2014/01/08	18.53	18.73	18.15	18.27	7679358	146091504.00
2014/01/09	18.27	18.58	17.80	17.95	9083399	172107744.00
2014/01/10	17.90	18.19	17.70	17.98	8747761	162904896.00
2014/01/13	18.00	18.09	17.26	17.58	9304278	169711840.00
2014/01/14	17.56	17.83	17.15	17.75	7380724	134410576.00
2014/01/15	17.80	18.07	17.74	17.94	6862355	127886352.00
2014/01/16	17.96	18.63	17.70	18.47	13153984	248311264.00
2014/01/17	18.50	18.55	17.76	18.09	7764691	146019440.00
2014/01/20	18.09	18.30	17.60	17.78	5815576	108692912.00
2014/01/21	17.80	18.30	17.64	17.87	11414377	212513232.00
2014/01/22	17.91	19.00	17.70	18.93	13351730	256296768.00
2014/01/23	18.90	19.05	18.52	18.86	10891394	211760224.00
2014/01/24	18.71	19.37	18.70	18.90	8256536	163787728.00
2014/01/27	18.76	19.26	18.49	18.88	6593127	128967704.00
2014/01/28	18.95	19.48	18.84	19.39	7805484	155552240.00
2014/01/29	19.39	20.04	19.30	19.58	10853802	221974416.00
2014/01/30	19.52	19.54	18.97	19.08	4386631	87126248.00
2014/02/07	18.80	19.06	18.42	19.04	6724496	129848000.00
2014/02/10	19.01	19.75	18.90	19.66	10920363	219320512.00
2014/02/11	19.66	19.70	19.20	19.28	8805165	177417088.00
2014/02/12	19.25	19.71	19.18	19.37	6171072	124466512.00
2014/02/13	19.32	19.42	18.78	18.80	12957683	254796832.00
2014/02/14	18.81	19.00	18.50	18.90	8262468	160271600.00
2014/02/17	18.97	19.19	18.74	18.88	12563140	246147776.00
2014/02/18	18.88	18.90	18.22	18.41	11866837	227584800.00
2014/02/19	18.41	18.63	18.27	18.60	10418098	199613856.00
2014/02/20	18.56	18.82	18.38	18.41	6406568	123580336.00
2014/02/21	18.41	18.55	18.17	18.29	5735330	109233544.00
2014/02/24	18.15	18.15	17.20	17.34	27434256	500433184.00
2014/02/25	17.38	17.44	16.39	16.82	27666834	486169856.00
2014/02/26	16.46	16.65	16.00	16.58	31456935	535306208.00
2014/02/27	16.63	16.98	16.21	16.54	21676776	372352032.00
2014/02/28	16.60	16.90	15.91	16.82	26785638	454408864.00
2014/03/03	16.80	17.08	16.59	16.91	10966194	192032208.00
2014/03/04	16.68	16.80	16.29	16.57	14888644	255734336.00
2014/03/05	16.45	16.83	16.45	16.65	7911046	136790464.00
2014/03/06	16.55	16.80	16.23	16.67	9738934	167652624.00
2014/03/07	16.51	17.01	16.46	16.94	10933981	191375920.00
2014/03/10	16.75	16.75	16.20	16.37	9829181	168045392.00
2014/03/11	16.45	16.45	15.81	16.11	11705740	196229728.00
2014/03/12	15.91	16.25	15.89	16.12	7204980	120509752.00
2014/03/13	16.04	16.43	16.04	16.26	5247301	89165768.00
2014/03/14	16.13	16.60	15.95	16.52	7411000	126096832.00
2014/03/17	16.56	16.90	16.47	16.69	6050601	105359848.00
2014/03/18	16.74	16.80	16.05	16.30	16848205	286547680.00
2014/03/19	16.07	16.22	15.75	15.86	12606093	209172208.00
2014/03/20	15.77	16.00	15.65	15.73	9159203	151444048.00
2014/03/21	15.51	16.30	15.37	16.25	13666681	227302736.00
2014/03/24	16.09	16.37	16.03	16.21	6995647	118147400.00
2014/03/25	16.05	16.23	15.95	16.13	5807328	97408728.00
2014/03/26	16.15	16.45	16.12	16.22	6268930	106324296.00
2014/03/27	16.14	16.50	16.09	16.22	6437964	109294480.00
2014/03/28	16.22	16.75	16.15	16.51	12368211	212581312.00
2014/03/31	16.65	16.95	16.50	16.77	11798530	206720112.00
2014/04/01	16.81	17.39	16.65	17.31	17606594	314359904.00
2014/04/02	17.29	17.38	16.97	17.33	9871101	176539488.00
2014/04/03	17.33	17.33	16.89	16.98	7860769	139747136.00
2014/04/04	16.88	17.29	16.67	17.15	8513763	150225264.00
2014/04/08	17.05	17.70	16.98	17.36	13951048	252171568.00
2014/04/09	17.35	17.53	17.23	17.28	6550204	118203072.00
2014/04/10	17.32	17.53	17.19	17.41	8733377	157795648.00
2014/04/11	17.42	17.42	16.81	16.81	21111633	372386624.00
2014/04/14	16.80	16.95	16.28	16.49	21030887	360764544.00
2014/04/15	16.49	16.54	16.30	16.53	12911611	220575040.00
2014/04/16	16.49	16.52	16.29	16.40	7594423	129934272.00
2014/04/17	16.45	16.58	16.28	16.31	9947161	170065760.00
2014/04/18	16.26	16.39	15.98	16.32	9228538	156150048.00
2014/04/21	16.20	16.39	16.05	16.15	6101779	103223312.00
2014/04/22	16.12	16.27	16.01	16.19	4792003	80695328.00
2014/04/23	16.15	16.22	15.78	15.81	13047629	216633680.00
2014/04/24	15.80	15.90	15.60	15.69	6100369	100143152.00
2014/04/25	15.66	15.80	15.66	15.69	4065058	66728540.00
2014/04/28	15.73	15.79	15.30	15.41	7946311	128692496.00
2014/04/29	15.44	15.87	15.33	15.76	5603378	91347864.00
2014/04/30	15.70	15.81	15.56	15.77	5764225	94361248.00
2014/05/05	15.70	15.72	15.37	15.58	4828584	78232800.00
2014/05/06	15.60	15.79	15.59	15.65	4443334	72829464.00
2014/05/07	15.62	15.69	15.48	15.60	2611023	42571556.00
2014/05/08	15.55	15.78	15.39	15.62	4996186	81385192.00
2014/05/09	15.59	15.60	15.24	15.27	10447811	167697392.00
2014/05/12	15.38	15.88	15.32	15.80	10384296	169536480.00
2014/05/13	15.89	16.09	15.70	16.00	10088300	167879488.00
2014/05/14	15.98	16.10	15.87	15.87	5331082	88810048.00
2014/05/15	15.80	15.85	15.49	15.51	4630510	75680424.00
2014/05/16	15.56	15.85	15.48	15.81	5421483	88815048.00
2014/05/19	15.68	15.72	15.46	15.58	3972833	64613440.00
2014/05/20	15.60	15.76	15.59	15.64	2447300	40036112.00
2014/05/21	15.50	15.75	15.45	15.71	4214660	68653080.00
2014/05/22	15.70	15.89	15.60	15.68	4301480	70759424.00
2014/05/23	15.60	15.81	15.53	15.79	3428773	56288120.00
2014/05/26	15.93	16.07	15.82	15.89	4762209	79250776.00
2014/05/27	15.89	16.17	15.85	16.09	7953407	133567408.00
2014/05/28	16.07	16.30	15.92	16.25	6752044	113971392.00
2014/05/29	16.25	16.36	16.14	16.21	5842815	99104880.00
2014/05/30	16.15	16.24	15.99	16.15	6497817	109224616.00
2014/06/03	16.04	16.25	16.01	16.02	4670514	78394704.00
2014/06/04	15.99	16.02	15.69	15.75	4887170	80564432.00
2014/06/05	15.79	16.15	15.79	16.09	6410890	107336016.00
2014/06/06	16.08	16.09	15.73	15.86	4432572	73450464.00
2014/06/09	15.82	16.09	15.78	15.79	5929662	98527904.00
2014/06/10	15.80	15.99	15.70	15.98	7095281	117337232.00
2014/06/11	15.88	16.06	15.86	16.03	5035661	83946008.00
2014/06/12	15.95	15.97	15.79	15.85	5703136	94446632.00
2014/06/13	15.85	16.07	15.80	15.96	10770384	179465568.00
2014/06/16	16.01	16.16	15.94	15.99	12975446	208009760.00
2014/06/17	16.00	16.10	15.89	15.98	7572204	121168904.00
2014/06/18	16.00	16.04	15.42	15.48	11854047	185858752.00
2014/06/19	15.50	15.56	14.80	14.88	20683709	311312896.00
2014/06/20	14.66	15.03	14.66	14.96	7807812	116448024.00
2014/06/23	14.97	15.08	14.85	14.87	7652576	114523632.00
2014/06/24	14.87	15.01	14.85	14.97	5236841	78311096.00
2014/06/25	15.00	15.02	14.88	14.98	5842237	87436680.00
2014/06/26	15.01	15.05	14.94	15.03	5402648	80989824.00
2014/06/27	15.01	15.05	14.88	14.96	6479889	96918592.00
2014/06/30	14.98	15.25	14.91	15.16	9890180	149548544.00
2014/07/01	15.17	15.21	15.07	15.15	4792525	72463144.00
2014/07/02	15.20	15.21	14.95	15.08	9242034	139053376.00
2014/07/03	15.07	15.23	14.96	15.14	6649081	100578056.00
2014/07/04	15.14	15.19	15.05	15.07	4018284	60639512.00
2014/07/07	15.06	15.07	14.80	14.83	8208417	122460944.00
2014/07/08	14.85	14.87	14.70	14.75	6968602	102902992.00
2014/07/09	14.74	14.74	14.31	14.33	15921109	230706464.00
2014/07/10	14.33	14.47	14.20	14.39	11489657	164968448.00
2014/07/11	14.39	14.58	14.30	14.50	8397313	121499360.00
2014/07/14	14.49	14.55	14.29	14.51	13025255	187482528.00
2014/07/15	14.48	14.86	14.44	14.79	17298747	254533680.00
2014/07/16	14.85	14.90	14.72	14.79	10888265	161272448.00
2014/07/17	14.89	14.89	14.52	14.59	5522121	80922552.00
2014/07/18	14.65	14.83	14.53	14.70	11398427	167664400.00
2014/07/21	14.78	15.31	14.66	15.23	18254553	274610752.00
2014/07/22	15.21	15.55	15.10	15.34	19967180	307777856.00
2014/07/23	15.30	15.72	15.16	15.45	22464910	349490368.00
2014/07/24	15.49	16.49	15.49	16.32	38768933	623867520.00
2014/07/25	16.31	16.66	16.08	16.40	19053266	311525056.00
2014/07/28	16.52	16.85	16.47	16.57	27642818	461096960.00
2014/07/29	16.58	16.86	16.44	16.59	13691866	227487824.00
2014/07/30	16.56	16.78	16.45	16.70	11744652	195452528.00
2014/07/31	16.81	17.40	16.65	17.38	17527849	299873440.00
2014/08/01	17.25	17.31	16.97	16.98	17646451	301751648.00
2014/08/04	16.90	17.27	16.90	17.18	12934051	221757424.00
2014/08/05	17.18	17.18	16.74	16.92	10473227	176879904.00
2014/08/06	16.80	16.82	16.39	16.53	19924409	329398176.00
2014/08/07	16.51	16.68	16.45	16.53	13210578	218831568.00
2014/08/08	16.53	16.94	16.47	16.74	14181005	237832560.00
2014/08/11	16.75	16.97	16.71	16.90	16445543	276858240.00
2014/08/12	16.84	17.27	16.83	17.15	17355858	297197024.00
2014/08/13	17.15	17.21	16.54	16.88	15161203	255230592.00
2014/08/14	16.78	17.06	16.61	16.85	11012335	186207520.00
2014/08/15	16.87	17.15	16.76	17.05	10146777	172886608.00
2014/08/18	17.05	17.14	16.80	16.98	15686239	265415216.00
2014/08/19	16.96	17.01	16.82	16.92	11072326	186867328.00
2014/08/20	16.91	17.02	16.81	16.89	10155862	171397920.00
2014/08/21	16.89	16.94	16.54	16.79	10346906	173356720.00
2014/08/22	16.78	16.90	16.50	16.65	9264558	154224960.00
2014/08/25	16.57	16.69	16.43	16.50	11455270	189542240.00
2014/08/26	16.35	16.38	16.00	16.08	23228929	376193312.00
2014/08/27	16.08	16.21	16.02	16.16	7887026	126908872.00
2014/08/28	16.28	16.43	16.10	16.27	12897655	209640544.00
2014/08/29	16.36	16.70	16.25	16.67	9407359	155490208.00
2014/09/01	16.55	16.67	16.44	16.58	9590927	158787904.00
2014/09/02	16.57	16.88	16.57	16.81	11189861	187116192.00
2014/09/03	16.84	17.02	16.82	16.95	13553374	229685792.00
2014/09/04	16.94	17.29	16.85	17.22	15071651	258201888.00
2014/09/05	17.30	17.97	17.30	17.59	22813129	403438272.00
2014/09/09	17.72	17.92	17.51	17.55	12815276	226760512.00
2014/09/10	17.50	17.72	17.36	17.59	13536287	236774816.00
2014/09/11	17.56	17.82	17.30	17.64	13089408	230597440.00
2014/09/12	17.56	18.09	17.43	17.68	15904886	281910080.00
2014/09/15	17.54	17.65	17.20	17.33	16636184	288237472.00
2014/09/16	17.36	17.45	16.95	17.00	13154750	225061024.00
2014/09/17	17.10	17.20	16.96	17.10	10644672	181966080.00
2014/09/18	17.02	17.23	17.01	17.10	8630893	147645072.00
2014/09/19	17.10	17.35	17.06	17.24	7320787	126065648.00
2014/09/22	17.24	17.26	16.85	16.99	11556198	196244976.00
2014/09/23	16.91	17.30	16.75	17.16	7720232	131305080.00
2014/09/24	17.06	17.40	16.90	17.32	12231433	210442768.00
2014/09/25	17.39	17.48	17.16	17.20	11251065	194694320.00
2014/09/26	17.20	17.28	16.88	17.04	8136005	138429056.00
2014/09/29	17.14	17.20	16.90	17.12	10333850	176335024.00
2014/09/30	17.18	17.36	17.11	17.31	8997402	155338864.00
2014/10/08	17.40	18.07	17.33	17.95	21977731	391569312.00
2014/10/09	17.95	18.10	17.68	17.95	13235402	237181440.00
2014/10/10	17.80	18.10	17.71	17.88	11450114	205459408.00
2014/10/13	17.76	17.80	17.30	17.61	10283380	180307584.00
2014/10/14	17.55	17.82	17.45	17.71	11747210	207359328.00
2014/10/15	17.56	18.60	17.55	18.42	31636496	578188800.00
2014/10/16	18.37	19.10	18.16	18.55	25275858	473765696.00
2014/10/17	18.28	18.39	17.80	18.12	19999669	361036064.00
2014/10/20	18.21	18.55	17.85	17.97	17652582	320424928.00
2014/10/21	17.99	18.04	17.44	17.62	19537411	344989536.00
2014/10/22	17.63	17.78	17.26	17.28	12989977	227323952.00
2014/10/23	17.25	17.45	16.80	17.00	14844463	253766992.00
2014/10/24	17.00	17.10	16.72	16.82	11722583	198155712.00
2014/10/27	16.80	17.10	16.77	16.95	6334237	107631512.00
2014/10/28	17.00	17.54	16.96	17.37	20398841	353622464.00
2014/10/29	17.43	17.51	17.23	17.45	10823483	188380032.00
2014/10/30	17.52	17.58	17.14	17.18	14982078	259614096.00
2014/10/31	17.38	17.86	17.22	17.83	24548308	430989536.00
2014/11/03	17.83	18.16	17.70	17.99	21492947	386367744.00
2014/11/04	17.80	18.00	17.80	17.87	10776597	192700464.00
2014/11/05	17.91	18.35	17.91	18.22	18561096	337939424.00
2014/11/06	18.21	18.25	17.72	17.94	15359333	274959136.00
2014/11/07	17.94	18.12	17.78	17.96	11641638	208839296.00
2014/11/10	18.20	18.57	18.00	18.32	18878404	346415680.00
2014/11/11	18.32	18.56	17.61	17.94	25910267	469689376.00
2014/11/12	17.85	18.04	17.71	17.91	10564989	188667472.00
2014/11/13	17.88	17.89	17.25	17.33	16933145	295575584.00
2014/11/14	17.40	17.85	17.40	17.73	13773049	243656400.00
2014/11/17	17.73	17.88	17.49	17.70	12120631	214275936.00
2014/11/18	17.70	17.83	17.49	17.80	9098543	160749248.00
2014/11/19	17.79	17.79	17.50	17.62	7040267	124139080.00
2014/11/20	17.50	17.65	17.42	17.57	4828565	84734104.00
2014/11/21	17.60	17.66	17.39	17.63	9692327	169850256.00
2014/11/24	17.90	18.08	17.76	18.03	30345101	545317952.00
2014/11/25	18.04	18.40	17.87	18.24	19529422	355415456.00
2014/11/26	18.25	18.40	17.90	18.16	15439727	279946464.00
2014/11/27	18.18	18.43	18.01	18.27	16941925	308869568.00
2014/11/28	18.28	18.28	17.57	17.82	36195378	643765760.00
2014/12/01	17.76	18.36	17.60	17.97	26662905	480055232.00
2014/12/02	17.93	18.24	17.79	18.11	28587568	513754848.00
2014/12/03	18.09	19.08	18.07	18.40	53847801	997758400.00
2014/12/04	18.48	19.50	18.48	19.26	71256937	1359710208.00
2014/12/05	19.56	19.90	18.78	19.32	56200904	1089488896.00
2014/12/08	19.20	20.37	19.02	20.27	52009627	1033736832.00
2014/12/09	20.22	21.88	19.95	20.19	74453578	1548239744.00
2014/12/10	20.46	21.18	20.20	21.04	49458156	1030152832.00
2014/12/11	21.09	21.65	20.25	20.58	38874956	812206400.00
2014/12/12	20.43	20.85	19.79	20.17	28159574	572597120.00
2014/12/15	20.16	20.89	19.96	20.72	29604538	606179008.00
2014/12/16	20.68	21.15	20.18	20.64	28890253	594297408.00
2014/12/17	20.60	20.60	19.80	20.05	36774159	737896448.00
2014/12/18	20.12	20.28	19.75	20.21	26177693	524049824.00
2014/12/19	20.20	22.08	19.95	21.90	60212208	1263669120.00
2014/12/22	22.00	23.10	21.36	22.37	62960998	1413007872.00
2014/12/23	22.08	23.00	21.31	22.04	32763117	728750528.00
2014/12/24	22.00	22.37	21.11	21.64	31013186	669900928.00
2014/12/25	21.70	23.10	21.56	22.48	39793157	894144896.00
2014/12/26	22.47	23.10	22.35	22.82	34183102	778001472.00
2014/12/29	22.86	23.68	22.35	22.52	39167882	903755200.00
2014/12/30	22.65	22.65	21.18	21.42	35084589	762284416.00
2014/12/31	21.32	21.88	20.97	21.78	37606897	804472832.00
2015/01/05	21.78	23.77	21.77	23.54	66525325	1534055552.00
2015/01/06	23.36	24.85	23.11	23.93	54623316	1319841024.00
2015/01/07	24.22	25.24	23.60	24.06	60773408	1478773888.00
2015/01/08	24.41	24.80	23.56	24.28	43377810	1052312192.00
2015/01/09	24.00	24.79	23.30	23.64	56760827	1365307136.00
2015/01/12	23.21	24.55	22.98	24.38	44545211	1060726784.00
2015/01/13	24.50	24.99	24.15	24.64	30700409	756295680.00
2015/01/14	24.56	24.76	23.25	23.59	29347031	699533440.00
2015/01/15	23.54	23.58	22.95	23.52	30589367	711848256.00
2015/01/16	23.66	24.25	23.48	24.16	28153745	672308160.00
2015/01/19	23.07	23.50	21.74	21.74	65965977	1474754944.00
2015/01/20	22.02	22.99	21.75	22.41	41713492	928924096.00
2015/01/21	22.40	22.95	22.12	22.78	47555992	1070791232.00
2015/01/22	22.88	22.93	22.41	22.74	31951426	724343488.00
2015/01/23	22.75	23.57	22.70	22.91	34131297	785941376.00
2015/01/26	22.94	22.99	21.90	22.61	42866699	958151488.00
2015/01/27	22.54	22.70	21.65	22.10	35411243	783536768.00
2015/01/28	21.94	22.30	21.50	22.26	44979997	979434432.00
2015/01/29	21.84	22.18	21.75	22.00	17409655	383061856.00
2015/01/30	22.06	22.22	21.66	21.72	16898084	370364928.00
2015/02/02	21.43	21.64	21.05	21.10	20648042	439944160.00
2015/02/03	21.19	22.05	21.19	21.90	23677966	511936992.00
2015/02/04	21.95	22.30	21.35	21.41	21385469	466452512.00
2015/02/05	21.74	21.85	20.97	21.13	24883225	529880864.00
2015/02/06	21.11	21.23	20.10	20.34	29324520	604383232.00
2015/02/09	20.28	20.67	20.20	20.52	14163735	290358560.00
2015/02/10	20.55	21.16	20.46	20.97	17578893	367857056.00
2015/02/11	21.12	21.16	20.75	20.82	11321726	237256224.00
2015/02/12	20.85	21.45	20.76	21.43	15739292	332069504.00
2015/02/13	21.43	22.08	21.36	21.61	25536376	556902208.00
2015/02/16	21.62	21.85	21.37	21.66	17283203	373126080.00
2015/02/17	21.71	21.80	21.47	21.52	15752904	339898944.00
2015/02/25	21.60	21.60	21.04	21.15	19876411	423401632.00
2015/02/26	21.14	21.53	21.02	21.52	22396565	477263328.00
2015/02/27	21.53	22.03	21.53	21.88	22910259	500339104.00
2015/03/02	22.29	23.00	21.93	22.88	42529369	953901760.00
2015/03/03	22.69	23.23	22.29	22.31	35955263	817899776.00
2015/03/04	22.40	22.53	22.11	22.46	25330902	565570048.00
2015/03/05	22.37	22.37	21.78	22.03	23946787	525803200.00
2015/03/06	22.04	22.69	21.89	22.40	23137676	515939136.00
2015/03/09	22.35	22.50	21.90	22.37	24460517	540790400.00
2015/03/10	22.32	22.75	22.32	22.44	19014874	428239168.00
2015/03/11	22.40	23.04	22.35	22.97	32678250	745716800.00
2015/03/12	23.01	23.14	22.60	22.81	21342786	486542432.00
2015/03/13	22.78	23.00	22.30	22.42	21049214	475580096.00
2015/03/16	22.50	22.83	22.40	22.82	32477471	734422592.00
2015/03/17	22.38	22.38	21.88	22.35	73781616	1635884928.00
2015/03/18	22.30	22.90	22.20	22.85	58481718	1316137472.00
2015/03/19	22.95	23.16	22.67	23.10	50333970	1153054336.00
2015/03/20	23.20	23.45	22.81	23.04	48479485	1118630784.00
2015/03/23	23.14	23.20	22.70	23.07	60295727	1382578176.00
2015/03/24	23.06	23.06	22.40	22.54	64467116	1460825600.00
2015/03/25	22.44	22.70	22.29	22.48	44329518	995660288.00
2015/03/26	22.40	22.92	22.14	22.83	48104301	1085464192.00
2015/03/27	22.92	22.97	22.30	22.49	42684503	963949824.00
2015/03/30	22.55	24.05	22.40	23.92	98931679	2303295744.00
2015/03/31	23.80	24.59	23.61	24.12	83381169	2008270592.00
2015/04/01	24.00	24.42	23.87	24.17	47629118	1148335104.00
2015/04/02	24.20	24.49	23.80	24.13	46425110	1115414912.00
2015/04/03	24.05	24.37	23.80	24.34	49258313	1186737024.00
2015/04/07	24.45	25.45	24.44	25.23	60691635	1522210304.00
2015/04/08	25.40	25.43	24.12	24.67	57255463	1413118464.00
2015/04/09	24.60	24.60	23.49	24.04	45747651	1095893760.00
2015/04/10	23.24	24.32	23.02	24.22	71113926	1690141312.00
2015/04/13	24.17	25.31	23.80	25.15	73617468	1801243904.00
2015/04/14	25.00	25.69	24.82	25.45	63909285	1619738624.00
2015/04/15	25.42	26.20	24.86	25.68	54193774	1390573696.00
2015/04/16	25.50	26.55	25.13	26.32	43358710	1125904256.00
2015/04/17	26.41	26.67	25.83	26.32	57333392	1504687616.00
2015/04/20	26.23	26.23	25.10	25.24	53423932	1367582720.00
2015/04/21	25.20	25.89	25.10	25.87	32640010	835600640.00
2015/04/22	25.92	26.43	25.70	26.27	36091640	945426496.00
2015/04/23	26.32	27.07	26.07	26.78	42270299	1122264448.00
2015/04/24	26.13	26.83	25.80	26.40	37954545	992578624.00
2015/04/27	26.36	27.00	26.35	26.67	36742791	980321856.00
2015/04/28	26.35	26.50	24.81	25.11	44225162	1127056000.00
2015/04/29	25.11	25.47	24.90	25.06	25266435	635870976.00
2015/04/30	25.11	25.32	24.69	24.75	29477245	733311040.00
2015/05/05	25.72	25.72	25.72	25.72	0	0.00
数据来源:通达信
