600285 羚锐制药 日线 前复权
      日期	    开盘	    最高	    最低	    收盘	    成交量	    成交额
2011/10/11	4.75	4.81	4.50	4.60	1596106	17556336.00
2011/10/12	4.55	4.74	4.52	4.73	1652661	18162458.00
2011/10/13	4.73	4.80	4.70	4.79	1372537	15386675.00
2011/10/14	4.79	4.79	4.70	4.74	1056601	11754542.00
2011/10/17	4.74	4.81	4.72	4.79	1223297	13710508.00
2011/10/18	4.77	4.78	4.62	4.62	1276358	14089248.00
2011/10/19	4.62	4.66	4.54	4.55	1181201	12746914.00
2011/10/20	4.53	4.58	4.38	4.44	1350305	14259300.00
2011/10/21	4.42	4.43	4.26	4.26	1597484	16318812.00
2011/10/24	4.27	4.34	4.18	4.34	1639400	16513369.00
2011/10/25	4.34	4.50	4.24	4.46	2738036	28335476.00
2011/10/26	4.40	4.54	4.38	4.46	2382463	25174712.00
2011/10/27	4.51	4.84	4.51	4.68	4548303	50181452.00
2011/10/28	4.74	4.78	4.63	4.73	1923648	21285818.00
2011/10/31	4.73	4.80	4.71	4.74	1464424	16369216.00
2011/11/01	4.74	4.88	4.72	4.83	2780083	31537798.00
2011/11/02	4.80	5.05	4.76	5.03	7351214	85422272.00
2011/11/03	5.05	5.14	5.00	5.00	6673035	79341640.00
2011/11/04	5.03	5.10	4.94	4.99	4135885	48566544.00
2011/11/07	4.99	5.06	4.97	4.98	2397297	28113650.00
2011/11/08	4.97	5.01	4.96	4.97	1871044	21884712.00
2011/11/09	4.96	5.08	4.95	5.08	2791207	32807800.00
2011/11/10	5.06	5.07	5.00	5.01	1884570	22250428.00
2011/11/11	5.01	5.05	4.97	4.99	1277771	15011205.00
2011/11/14	5.01	5.09	5.01	5.05	3480338	41233944.00
2011/11/16	5.06	5.20	4.94	4.98	4310864	51205596.00
2011/11/17	5.03	5.05	4.95	4.98	1814130	21258650.00
2011/11/18	4.98	4.98	4.78	4.78	2723252	31092888.00
2011/11/21	4.78	4.81	4.72	4.80	1969595	22101296.00
2011/11/22	4.79	4.83	4.74	4.78	1419509	15956532.00
2011/11/23	4.77	4.81	4.68	4.69	1211622	13491106.00
2011/11/24	4.64	4.79	4.61	4.76	1676489	18583496.00
2011/11/25	4.78	4.80	4.73	4.74	999531	11169611.00
2011/11/28	4.72	4.79	4.72	4.78	1155414	12908002.00
2011/11/29	4.81	4.86	4.78	4.84	1783486	20203566.00
2011/11/30	4.87	4.87	4.59	4.63	2311609	25649980.00
2011/12/01	4.84	4.89	4.75	4.80	3088046	34982784.00
2011/12/02	4.81	4.83	4.70	4.70	1765839	19696596.00
2011/12/05	4.74	4.80	4.48	4.49	1447925	15650492.00
2011/12/06	4.51	4.53	4.39	4.50	1080457	11350858.00
2011/12/07	4.50	4.54	4.43	4.50	869636	9236837.00
2011/12/08	4.51	4.56	4.40	4.46	1458998	15423700.00
2011/12/09	4.46	4.49	4.40	4.41	938656	9799871.00
2011/12/12	4.41	4.48	4.36	4.40	1198595	12488639.00
2011/12/13	4.38	4.38	4.26	4.28	1198109	12145468.00
2011/12/14	4.28	4.36	4.24	4.26	1014799	10274464.00
2011/12/15	4.23	4.32	4.20	4.22	1468693	14737143.00
2011/12/16	4.22	4.33	4.17	4.33	1648073	16539025.00
2011/12/19	4.31	4.31	4.19	4.30	1178934	11835653.00
2011/12/20	4.27	4.34	4.26	4.27	935277	9483872.00
2011/12/21	4.31	4.34	4.22	4.23	1316640	13334939.00
2011/12/22	4.20	4.20	4.01	4.12	1727183	16721302.00
2011/12/23	4.10	4.27	4.06	4.23	1664422	16540153.00
2011/12/26	4.21	4.27	4.12	4.14	865382	8610109.00
2011/12/27	4.15	4.17	3.94	3.98	1204064	11543431.00
2011/12/28	3.96	4.00	3.75	3.83	1730562	15771722.00
2011/12/29	3.84	3.86	3.76	3.82	1188732	10790914.00
2011/12/30	3.83	3.92	3.80	3.89	1558552	14349031.00
2012/01/04	3.90	3.96	3.71	3.71	1513281	13685051.00
2012/01/05	3.66	3.66	3.41	3.44	1383120	11637350.00
2012/01/06	3.44	3.45	3.20	3.29	3795599	29932288.00
2012/01/09	3.29	3.42	3.22	3.41	3327930	26734228.00
2012/01/10	3.42	3.60	3.42	3.59	6253559	52368912.00
2012/01/11	3.57	3.64	3.52	3.59	3332358	28434928.00
2012/01/12	3.57	3.66	3.51	3.58	3220958	27355808.00
2012/01/13	3.58	3.62	3.38	3.39	2989953	24817368.00
2012/01/16	3.36	3.38	3.19	3.25	2854325	22500232.00
2012/01/17	3.26	3.53	3.19	3.50	4956214	39759756.00
2012/01/18	3.54	3.54	3.37	3.39	3293288	27276210.00
2012/01/19	3.34	3.57	3.34	3.50	3591212	29877640.00
2012/01/20	3.50	3.58	3.50	3.56	2939829	24859860.00
2012/01/30	3.56	3.56	3.50	3.54	1372311	11558038.00
2012/01/31	3.50	3.56	3.50	3.56	1276334	10773805.00
2012/02/01	3.56	3.62	3.53	3.57	2747454	23426290.00
2012/02/02	3.56	3.66	3.50	3.63	2690461	22858824.00
2012/02/06	3.69	3.71	3.62	3.66	2899640	25293888.00
2012/02/07	3.62	3.65	3.57	3.61	2051439	17640680.00
2012/02/08	3.61	3.78	3.59	3.74	2955213	25934452.00
2012/02/09	3.74	3.78	3.71	3.74	2979117	26544874.00
2012/02/10	3.70	3.78	3.70	3.75	2617535	23352760.00
2012/02/13	3.73	3.82	3.70	3.78	2085382	18703772.00
2012/02/14	3.78	3.82	3.74	3.78	1612234	14458690.00
2012/02/15	3.77	4.01	3.74	3.96	7373524	68318840.00
2012/02/16	3.96	4.05	3.93	3.96	4270193	40189072.00
2012/02/17	3.95	4.00	3.90	3.95	1984829	18568324.00
2012/02/29	3.99	4.32	3.94	4.10	13028265	126469184.00
2012/03/01	4.01	4.17	4.01	4.09	4412739	42767064.00
2012/03/02	4.07	4.13	4.07	4.13	3071026	29831530.00
2012/03/05	4.16	4.34	4.13	4.25	5956226	59811504.00
2012/03/06	4.23	4.38	4.23	4.36	7113715	72454832.00
2012/03/07	4.31	4.47	4.27	4.42	6683307	69678000.00
2012/03/08	4.43	4.45	4.32	4.33	6109333	62806632.00
2012/03/09	4.31	4.36	4.22	4.33	5199482	52573700.00
2012/03/12	4.32	4.35	4.23	4.32	4440686	45035456.00
2012/03/13	4.25	4.25	4.12	4.22	9000666	88920432.00
2012/03/14	4.20	4.30	3.96	3.97	7375392	72870376.00
2012/03/15	3.97	4.02	3.87	3.98	3928936	36788728.00
2012/03/19	4.06	4.17	4.04	4.15	3961079	38414084.00
2012/03/20	4.15	4.16	3.99	4.03	2324486	22336756.00
2012/03/21	4.05	4.10	3.96	4.02	2336796	22208124.00
2012/03/22	4.03	4.06	3.99	4.05	1741682	16627859.00
2012/03/23	4.03	4.14	4.01	4.10	2883081	27809532.00
2012/03/26	4.07	4.10	3.99	4.03	1612820	15419034.00
2012/03/27	4.06	4.08	3.97	3.98	1341006	12774146.00
2012/03/30	3.61	3.76	3.61	3.68	2844892	25035666.00
2012/04/05	3.70	3.77	3.70	3.74	2295765	20387904.00
2012/04/09	3.74	3.74	3.62	3.63	1311829	11508897.00
2012/04/10	3.62	3.68	3.52	3.64	2163245	18532854.00
2012/04/11	3.63	3.68	3.58	3.65	2071299	17939664.00
2012/04/12	3.67	3.76	3.64	3.75	2225888	19570460.00
2012/04/13	3.76	3.82	3.74	3.78	2026879	18215634.00
2012/04/16	3.74	3.85	3.71	3.80	1643761	14801674.00
2012/04/17	3.82	3.88	3.73	3.74	2405970	21732214.00
2012/04/18	3.76	3.84	3.75	3.83	1940144	17561914.00
2012/04/19	3.82	3.86	3.79	3.83	2391170	21672648.00
2012/04/20	3.79	3.95	3.79	3.94	3096195	28434460.00
2012/04/23	3.94	4.01	3.86	3.98	4647766	43235292.00
2012/04/24	3.94	4.00	3.79	3.89	4769396	44209328.00
2012/04/25	3.86	4.03	3.84	4.02	3843491	35913856.00
2012/04/26	4.01	4.07	3.99	4.03	2384482	22751102.00
2012/04/27	4.03	4.05	3.94	3.98	1686391	15939442.00
2012/05/02	4.01	4.03	3.88	3.98	2110559	19734372.00
2012/05/03	3.95	4.09	3.95	4.08	3881643	37236232.00
2012/05/04	4.06	4.18	4.01	4.08	5522731	53513048.00
2012/05/07	4.05	4.14	4.02	4.07	3334432	31976192.00
2012/05/08	4.06	4.07	3.94	3.97	3089456	29166308.00
2012/05/09	3.94	3.94	3.82	3.82	3042173	27968752.00
2012/05/10	3.87	3.98	3.83	3.86	2330388	21638800.00
2012/05/11	3.89	3.95	3.83	3.90	2209176	20421502.00
2012/05/14	3.92	4.03	3.89	3.98	3773736	35484052.00
2012/05/15	3.91	3.94	3.83	3.89	2213037	20354720.00
2012/05/16	3.86	3.92	3.84	3.84	1520211	13949747.00
2012/05/17	3.85	3.90	3.84	3.90	1330481	12270539.00
2012/05/18	3.86	3.88	3.83	3.83	1611666	14705027.00
2012/05/21	3.85	3.85	3.74	3.78	1400649	12605645.00
2012/05/22	3.78	3.88	3.78	3.88	1880413	17117872.00
2012/05/23	3.86	3.89	3.83	3.88	1022099	9363926.00
2012/05/24	3.86	3.90	3.84	3.85	850874	7803354.00
2012/05/25	3.85	3.88	3.74	3.78	1194558	10805162.00
2012/05/28	3.78	3.88	3.75	3.87	1358346	12331590.00
2012/05/29	3.89	3.94	3.87	3.92	1403452	12807443.00
2012/05/30	3.91	3.98	3.91	3.96	1288077	11868471.00
2012/05/31	3.93	4.06	3.93	4.03	2210452	20655300.00
2012/06/01	4.02	4.09	4.00	4.05	2995729	28275532.00
2012/06/04	4.00	4.10	3.98	4.06	6307860	59733136.00
2012/06/05	4.04	4.18	4.03	4.13	6634175	63792728.00
2012/06/06	4.13	4.16	4.00	4.02	3056024	28842584.00
2012/06/07	4.05	4.07	3.99	4.02	2386519	22393708.00
2012/06/08	4.05	4.05	3.86	3.90	2571487	23673382.00
2012/06/11	3.88	3.96	3.86	3.94	1709249	15563674.00
2012/06/12	3.92	3.95	3.89	3.93	1496387	13673283.00
2012/06/13	3.92	4.16	3.92	4.15	5265120	50030952.00
2012/06/14	4.16	4.36	4.14	4.21	6361148	62783240.00
2012/06/15	4.20	4.39	4.20	4.35	8404708	84731544.00
2012/06/18	4.35	4.47	4.30	4.33	6698289	68397336.00
2012/06/19	4.32	4.46	4.30	4.38	6914366	70639344.00
2012/06/20	4.38	4.46	4.34	4.37	5349035	54755064.00
2012/06/21	4.36	4.37	4.25	4.35	3112670	31232680.00
2012/06/25	4.35	4.44	4.32	4.33	3736390	38131584.00
2012/06/26	4.30	4.34	4.15	4.23	3297417	32488262.00
2012/06/27	4.26	4.33	4.19	4.30	2450139	24303612.00
2012/06/28	4.28	4.72	4.27	4.62	8829271	92538720.00
2012/06/29	4.59	5.01	4.44	4.88	9237191	100884704.00
2012/07/02	4.85	4.95	4.79	4.90	4885097	54893356.00
2012/07/03	4.87	4.99	4.68	4.74	7605791	85044408.00
2012/07/04	4.74	4.79	4.59	4.64	4069629	43942144.00
2012/07/05	4.63	4.68	4.57	4.66	3931749	42349704.00
2012/07/06	4.70	4.89	4.62	4.86	5347918	59414344.00
2012/07/09	4.78	4.94	4.76	4.79	5575603	62569424.00
2012/07/10	4.71	4.79	4.35	4.56	7095673	74678792.00
2012/07/11	4.50	4.83	4.39	4.76	4250397	46203584.00
2012/07/12	4.76	4.92	4.65	4.76	4763979	52796932.00
2012/07/13	4.74	4.98	4.69	4.96	5596503	63097952.00
2012/07/16	4.96	4.98	4.80	4.95	4794541	54380744.00
2012/07/17	4.88	4.90	4.71	4.76	3217068	35701144.00
2012/07/18	4.74	4.92	4.67	4.91	2270545	25169182.00
2012/07/19	4.94	4.96	4.86	4.89	2522715	28724028.00
2012/07/20	4.89	4.94	4.83	4.86	2155400	24433398.00
2012/07/23	4.80	4.91	4.72	4.88	1702123	19118728.00
2012/07/24	4.86	4.94	4.82	4.87	1498078	16954196.00
2012/07/25	4.89	4.92	4.79	4.79	1191981	13377495.00
2012/07/26	4.77	4.79	4.66	4.68	1586618	17391104.00
2012/07/27	4.67	4.72	4.46	4.59	2962091	31421644.00
2012/07/30	4.57	4.74	4.47	4.55	2018439	21304550.00
2012/07/31	4.54	4.58	4.43	4.55	1865234	19504480.00
2012/08/01	4.58	4.66	4.52	4.57	1826983	19384572.00
2012/08/02	4.57	4.71	4.54	4.68	3128258	33742968.00
2012/08/03	4.66	4.86	4.62	4.82	2182876	24127376.00
2012/08/06	4.79	4.92	4.79	4.89	2155240	24324454.00
2012/08/07	4.86	4.94	4.82	4.84	1396493	15714264.00
2012/08/08	4.85	4.86	4.71	4.79	2398328	26500092.00
2012/08/09	4.77	4.87	4.76	4.86	2289433	25619178.00
2012/08/10	4.86	4.94	4.82	4.85	1842349	20807524.00
2012/08/13	4.82	4.87	4.72	4.78	2583094	28686812.00
2012/08/14	4.74	4.88	4.68	4.77	1628743	18011088.00
2012/08/15	4.78	5.09	4.74	5.05	7773899	89596568.00
2012/08/16	5.00	5.06	4.94	4.99	3112837	35961252.00
2012/08/17	4.99	5.19	4.83	4.94	3895835	45260604.00
2012/08/20	4.84	4.88	4.69	4.84	3088914	34217352.00
2012/08/21	4.85	5.04	4.79	5.02	3671542	42244200.00
2012/08/22	5.01	5.14	4.90	4.95	3672903	42817252.00
2012/08/23	4.96	5.05	4.82	4.87	3146371	35500212.00
2012/08/24	4.87	4.91	4.83	4.88	2005877	22675144.00
2012/08/27	4.88	4.90	4.73	4.80	2047309	22763348.00
2012/08/28	4.89	4.89	4.76	4.84	1302128	14586558.00
2012/08/29	4.81	4.91	4.77	4.87	1565836	17628688.00
2012/08/30	4.88	4.88	4.60	4.66	2170745	23774792.00
2012/08/31	4.64	4.97	4.59	4.74	1827464	20271434.00
2012/09/03	4.74	4.86	4.68	4.83	1393197	15582565.00
2012/09/04	4.86	4.86	4.73	4.74	1880415	20860478.00
2012/09/05	4.70	4.78	4.61	4.75	1997593	21746616.00
2012/09/06	4.73	4.82	4.66	4.81	1787139	19642400.00
2012/09/07	4.81	5.01	4.79	4.96	4299945	49080088.00
2012/09/10	4.98	5.01	4.89	4.92	2895109	33144340.00
2012/09/11	4.92	5.05	4.90	5.04	4380655	50543864.00
2012/09/12	5.05	5.10	5.00	5.06	3426297	40015936.00
2012/09/13	5.06	5.09	4.96	4.97	1581983	18349992.00
2012/09/14	5.00	5.12	4.97	5.05	2632105	30800078.00
2012/09/17	5.06	5.09	4.86	4.93	2086400	23856442.00
2012/09/18	4.88	4.94	4.85	4.93	1638286	18627124.00
2012/09/19	4.93	4.97	4.83	4.86	1834252	20850298.00
2012/09/20	4.89	4.89	4.66	4.68	1673309	18388920.00
2012/09/21	4.71	4.98	4.55	4.78	2732570	29668464.00
2012/09/24	4.69	4.83	4.62	4.77	1546564	17068418.00
2012/09/25	4.77	4.81	4.56	4.58	2055806	22075556.00
2012/09/26	4.59	4.61	4.48	4.54	1138913	11955137.00
2012/09/27	4.56	4.66	4.50	4.56	1855043	19743830.00
2012/09/28	4.57	4.70	4.56	4.63	1565977	16841900.00
2012/10/08	4.62	4.72	4.62	4.70	1729640	18845818.00
2012/10/09	4.79	4.79	4.66	4.79	1368627	15122977.00
2012/10/10	4.79	4.79	4.73	4.77	1251045	13788308.00
2012/10/11	4.74	4.90	4.74	4.80	1981302	22195268.00
2012/10/12	4.82	4.90	4.74	4.82	1412651	15791781.00
2012/10/15	4.84	5.00	4.80	4.94	4073041	46601084.00
2012/10/16	4.93	5.01	4.87	4.90	2126566	24277588.00
2012/10/17	4.92	4.95	4.83	4.88	1408577	15952264.00
2012/10/18	4.88	5.08	4.88	4.99	3377883	39192344.00
2012/10/19	5.01	5.14	4.96	5.00	3137316	36794448.00
2012/10/22	4.99	5.14	4.93	5.13	3023165	35264888.00
2012/10/23	5.18	5.27	5.10	5.12	3899616	46871804.00
2012/10/24	5.14	5.14	4.92	4.93	3114280	36068888.00
2012/10/25	4.91	4.94	4.82	4.84	1921505	21738152.00
2012/10/26	4.83	4.90	4.77	4.83	1991111	22238648.00
2012/10/29	4.84	4.90	4.79	4.86	1329451	15009930.00
2012/10/30	4.90	4.96	4.74	4.77	2592234	29203618.00
2012/10/31	4.78	4.89	4.74	4.87	1150210	12887455.00
2012/11/01	4.87	4.96	4.87	4.95	1220583	13946075.00
2012/11/02	4.97	5.00	4.90	4.97	1276064	14603645.00
2012/11/05	4.97	5.40	4.94	5.36	8498926	102466560.00
2012/11/06	5.34	5.63	5.28	5.50	11723640	147766928.00
2012/11/07	5.45	5.70	5.43	5.63	7633514	98803496.00
2012/11/08	5.63	5.72	5.48	5.50	4647471	59859196.00
2012/11/09	5.50	5.60	5.43	5.52	3108682	39619832.00
2012/11/12	5.52	5.55	5.32	5.43	3093628	38722036.00
2012/11/13	5.42	5.46	5.27	5.44	3317609	41174160.00
2012/11/14	5.41	5.44	5.31	5.39	2121094	26373870.00
2012/11/15	5.35	5.68	5.31	5.54	5574213	71742256.00
2012/11/16	5.54	5.58	5.25	5.27	3341316	41471988.00
2012/11/19	5.27	5.36	5.20	5.30	2160179	26332640.00
2012/11/20	5.30	5.32	4.99	5.10	4064052	48213244.00
2012/11/21	5.08	5.17	4.99	5.14	1610084	18874308.00
2012/11/22	5.10	5.10	5.01	5.06	945149	11055394.00
2012/11/23	5.06	5.21	5.06	5.15	1578022	18837814.00
2012/11/26	5.19	5.46	5.17	5.41	4052993	50129560.00
2012/11/27	5.32	5.32	4.85	4.85	7346867	84591888.00
2012/11/28	4.68	4.68	4.35	4.35	5183945	53582736.00
2012/11/29	4.36	4.50	4.34	4.35	2520929	25805568.00
2012/11/30	4.35	4.37	4.15	4.26	3243296	31815556.00
2012/12/03	4.24	4.24	3.95	3.96	2359117	22552088.00
2012/12/04	3.96	4.02	3.73	3.97	3169145	28687304.00
2012/12/05	3.99	4.38	3.99	4.33	4529727	44683432.00
2012/12/06	4.30	4.42	4.24	4.33	2124416	21416344.00
2012/12/07	4.34	4.45	4.29	4.41	1867969	18991396.00
2012/12/10	4.39	4.49	4.33	4.44	2268654	23214584.00
2012/12/11	4.45	4.58	4.39	4.48	2321668	24283440.00
2012/12/12	4.48	4.50	4.35	4.40	1389872	14232302.00
2012/12/13	4.37	4.39	4.29	4.33	2590913	26081396.00
2012/12/14	4.30	4.53	4.30	4.52	3471821	35802376.00
2012/12/17	4.52	4.57	4.39	4.48	2273176	23583112.00
2012/12/18	4.49	4.58	4.44	4.52	2082624	21851844.00
2012/12/19	4.52	4.52	4.41	4.46	1842514	19040006.00
2012/12/20	4.44	4.44	4.34	4.41	1609305	16349271.00
2012/12/21	4.41	4.48	4.34	4.46	1377133	14159560.00
2012/12/24	4.46	4.64	4.42	4.62	2293024	24313888.00
2012/12/25	4.56	4.74	4.55	4.69	2295878	24829554.00
2012/12/26	4.69	4.71	4.61	4.68	2000098	21589278.00
2012/12/27	4.68	4.78	4.61	4.62	1708456	18654276.00
2012/12/28	4.61	4.68	4.59	4.66	1608147	17297480.00
2012/12/31	4.65	4.69	4.57	4.65	1409719	15093096.00
2013/01/04	4.66	4.69	4.51	4.53	2090843	22259294.00
2013/01/07	4.53	4.70	4.53	4.67	1899532	20500900.00
2013/01/08	4.69	4.77	4.66	4.72	3232803	35379044.00
2013/01/09	4.71	4.74	4.66	4.70	2090489	22738448.00
2013/01/10	4.70	4.74	4.66	4.69	2423649	26438012.00
2013/01/11	4.71	4.91	4.69	4.83	5655040	63211092.00
2013/01/14	4.87	5.00	4.83	4.99	5493902	62875116.00
2013/01/15	4.99	5.23	4.94	5.23	5827824	68859168.00
2013/01/16	5.21	5.21	5.06	5.12	4872895	57973296.00
2013/01/17	5.14	5.23	5.06	5.10	2809393	33381296.00
2013/01/18	5.11	5.21	5.09	5.14	2208975	26307284.00
2013/01/21	5.11	5.17	5.08	5.10	2452833	29012378.00
2013/01/22	5.10	5.13	5.01	5.02	2708583	31724384.00
2013/01/23	5.01	5.01	4.85	4.91	2900067	33055036.00
2013/01/24	4.88	5.06	4.76	4.89	4183399	47810592.00
2013/01/25	4.91	5.03	4.86	4.94	3222150	37052188.00
2013/01/28	4.96	5.13	4.88	5.00	4682031	54060208.00
2013/01/29	5.00	5.18	4.97	5.11	3164909	37340512.00
2013/01/30	5.12	5.27	4.98	5.16	4056748	48079912.00
2013/01/31	5.14	5.14	5.01	5.10	2984953	34983920.00
2013/02/01	5.08	5.18	5.04	5.10	2353578	27744836.00
2013/02/04	5.10	5.10	4.89	5.03	2543489	29314824.00
2013/02/05	5.14	5.14	4.97	5.05	2236647	26064320.00
2013/02/06	5.00	5.21	5.00	5.13	3389048	40182352.00
2013/02/07	5.14	5.26	5.06	5.18	3470133	41251780.00
2013/02/08	5.17	5.31	5.15	5.26	5149986	62320464.00
2013/02/18	5.25	5.32	5.20	5.23	2253290	27331722.00
2013/02/19	5.22	5.27	5.15	5.16	2581943	31161744.00
2013/02/20	5.12	5.41	5.12	5.41	5418182	66367576.00
2013/02/21	5.37	5.39	5.18	5.21	3936965	48037368.00
2013/02/22	5.22	5.27	5.10	5.12	2379716	28572716.00
2013/02/25	5.12	5.26	5.12	5.24	2381011	28564112.00
2013/02/26	5.23	5.32	5.17	5.18	2320409	28192548.00
2013/02/27	5.17	5.22	5.10	5.18	2011468	23966396.00
2013/02/28	5.17	5.34	5.17	5.30	3885862	47053464.00
2013/03/01	5.30	5.39	5.25	5.31	4054177	49763096.00
2013/03/04	5.30	5.31	5.03	5.08	4179884	50125724.00
2013/03/05	5.07	5.32	5.05	5.25	3212068	38622668.00
2013/03/06	5.24	5.43	5.24	5.37	5461149	67822392.00
2013/03/07	5.34	5.45	5.18	5.25	4999828	61082208.00
2013/03/08	5.26	5.33	5.21	5.30	2240839	27328548.00
2013/03/18	5.18	5.21	4.75	4.76	10336904	117427480.00
2013/03/19	4.82	4.84	4.44	4.63	8194342	86979672.00
2013/03/20	4.61	4.73	4.54	4.69	5393635	58090960.00
2013/03/21	4.73	4.82	4.70	4.76	4798064	52950664.00
2013/03/22	4.78	4.81	4.74	4.77	2024328	22387028.00
2013/03/25	4.76	4.80	4.74	4.77	4315991	47718184.00
2013/03/26	4.78	4.79	4.66	4.77	2869013	31387228.00
2013/03/27	4.77	4.86	4.75	4.81	2981190	33160260.00
2013/03/28	4.80	4.80	4.66	4.69	2170565	23783596.00
2013/03/29	4.69	4.86	4.66	4.83	4322485	47929220.00
2013/04/01	4.87	4.91	4.81	4.88	3035909	34177632.00
2013/04/02	4.88	5.03	4.87	4.92	4774989	54871880.00
2013/04/03	4.96	5.09	4.83	4.90	5323137	61144100.00
2013/04/08	4.92	5.03	4.84	5.01	3881600	44610832.00
2013/04/09	5.08	5.08	4.95	5.00	3510576	40602152.00
2013/04/10	5.02	5.02	4.94	5.00	2162545	24910308.00
2013/04/11	4.98	5.00	4.88	4.90	2292344	26184044.00
2013/04/12	4.90	5.01	4.88	4.88	1494295	17094912.00
2013/04/15	4.87	4.91	4.65	4.72	2475173	27372420.00
2013/04/16	4.68	4.77	4.66	4.75	993624	10866226.00
2013/04/17	4.77	4.78	4.68	4.74	1430972	15670161.00
2013/04/18	4.69	4.74	4.66	4.73	1772098	19316778.00
2013/04/19	4.73	4.85	4.71	4.83	2611657	29055616.00
2013/04/22	4.85	4.96	4.85	4.92	3506975	39847064.00
2013/04/23	4.92	4.92	4.77	4.81	1993007	22315378.00
2013/04/24	4.81	4.97	4.79	4.92	3127581	35522532.00
2013/04/25	4.94	5.05	4.86	4.95	8024424	92665728.00
2013/04/26	5.08	5.16	4.88	4.89	9350426	108425792.00
2013/05/02	4.85	4.85	4.70	4.78	3826865	42322476.00
2013/05/03	4.80	5.01	4.80	4.98	4764135	54604840.00
2013/05/06	5.02	5.50	5.02	5.40	20594701	253485648.00
2013/05/07	5.32	5.47	5.28	5.34	10425073	129121960.00
2013/05/08	5.31	5.49	5.31	5.45	10035755	125371072.00
2013/05/09	5.48	5.71	5.42	5.65	12991277	167630720.00
2013/05/10	5.66	5.70	5.55	5.67	8790158	114252032.00
2013/05/13	5.68	5.68	5.54	5.60	6439273	82907520.00
2013/05/14	5.55	5.59	5.42	5.56	5066122	64499356.00
2013/05/15	5.54	5.85	5.53	5.82	8847054	117082328.00
2013/05/16	5.77	5.94	5.72	5.75	8332860	111878592.00
2013/05/17	5.74	5.90	5.74	5.80	6082794	81691576.00
2013/05/20	5.77	5.79	5.56	5.66	10865060	140981024.00
2013/05/21	5.64	5.74	5.55	5.66	8600104	112353264.00
2013/05/22	5.63	5.88	5.62	5.78	9283324	123792176.00
2013/05/23	5.79	5.88	5.76	5.85	6547395	87783360.00
2013/05/24	5.86	5.89	5.74	5.84	4736702	63426184.00
2013/05/27	5.82	6.12	5.82	6.08	8497192	118105336.00
2013/05/28	6.16	6.16	5.96	6.05	8250776	115272496.00
2013/05/29	6.06	6.11	5.99	6.08	5627371	78234368.00
2013/05/30	6.07	6.50	6.03	6.42	12691102	185263344.00
2013/05/31	6.41	6.73	6.29	6.30	18097571	272056960.00
2013/06/03	6.28	6.54	6.24	6.47	9115754	134633680.00
2013/06/04	6.47	6.49	6.10	6.26	7610371	109813424.00
2013/06/05	6.24	6.37	6.15	6.36	4535243	65348068.00
2013/06/06	6.35	6.42	6.27	6.31	4910895	71664408.00
2013/06/07	6.30	6.31	5.77	5.85	10684148	147209200.00
2013/06/13	5.77	5.84	5.46	5.78	5443671	71099568.00
2013/06/14	5.74	5.95	5.74	5.92	4638306	63161908.00
2013/06/17	5.92	6.14	5.90	6.06	5452063	75722264.00
2013/06/18	6.03	6.11	5.94	6.03	3574468	49584800.00
2013/06/19	6.01	6.01	5.82	5.94	3696377	50283416.00
2013/06/20	5.93	5.93	5.60	5.65	4594722	61030132.00
2013/06/21	5.56	5.79	5.49	5.76	3652144	47675700.00
2013/06/24	5.75	5.77	5.41	5.49	4285277	55061236.00
2013/06/25	5.54	5.71	5.19	5.69	7386009	94715288.00
2013/06/26	5.70	5.97	5.63	5.97	7762745	104279840.00
2013/06/27	5.97	6.16	5.81	5.85	7933334	109596336.00
2013/06/28	5.85	5.91	5.56	5.70	6154116	81185616.00
2013/07/01	5.76	5.92	5.70	5.90	4326183	38374564.00
2013/07/02	5.84	6.15	5.81	6.07	12553021	115184720.00
2013/07/03	6.03	6.20	5.95	6.18	12233979	113441032.00
2013/07/04	6.10	6.15	5.97	5.99	15757600	145596320.00
2013/07/05	5.98	6.03	5.84	5.85	9995289	90139464.00
2013/07/08	5.70	5.81	5.57	5.61	7426545	64095512.00
2013/07/09	5.61	5.67	5.49	5.52	5554420	47224872.00
2013/07/10	5.55	5.70	5.47	5.69	7761985	66133352.00
2013/07/11	5.69	6.16	5.67	6.09	19663460	179468672.00
2013/07/12	6.04	6.14	6.02	6.08	11006150	102095264.00
2013/07/15	6.08	6.38	6.04	6.36	18920927	179819520.00
2013/07/16	6.36	6.45	6.25	6.39	13291457	128748352.00
2013/07/17	6.37	6.45	6.13	6.15	12444121	119312152.00
2013/07/18	6.15	6.19	5.97	6.09	12213475	112662336.00
2013/07/19	6.09	6.21	6.01	6.01	9902747	92429024.00
2013/07/22	5.97	6.30	5.91	6.29	9596776	89808016.00
2013/07/23	6.35	6.45	6.24	6.42	13173063	127804616.00
2013/07/24	6.45	7.07	6.39	7.07	36143138	379715008.00
2013/07/25	7.06	7.13	6.87	6.93	23882097	253316720.00
2013/07/26	6.90	6.92	6.65	6.83	15376658	158735168.00
2013/07/29	6.73	7.02	6.67	6.87	13551119	142043760.00
2013/07/30	6.83	6.97	6.64	6.85	8544396	88403840.00
2013/07/31	6.83	7.05	6.76	6.81	14030558	146941536.00
2013/08/01	6.81	6.93	6.69	6.90	15177600	157883984.00
2013/08/02	6.91	7.29	6.91	7.01	17374534	187963408.00
2013/08/05	7.02	7.27	7.02	7.13	12235077	133006552.00
2013/08/06	7.15	7.15	6.99	7.10	9564840	103029304.00
2013/08/07	7.09	7.10	6.77	6.86	15882315	166819408.00
2013/08/08	6.82	7.00	6.77	6.88	8125753	85351352.00
2013/08/09	6.88	7.05	6.81	6.91	10072595	106349624.00
2013/08/12	6.95	6.96	6.77	6.91	9317957	97396160.00
2013/08/13	6.91	7.00	6.88	6.98	6487471	68477000.00
2013/08/14	6.99	7.01	6.83	6.87	6824821	71654520.00
2013/08/15	6.80	6.88	6.59	6.60	13701476	139907888.00
2013/08/16	6.57	6.77	6.35	6.36	13335085	133303952.00
2013/08/19	6.27	6.51	6.27	6.45	7690165	75155976.00
2013/08/20	6.46	6.49	6.35	6.45	4909078	48030424.00
2013/08/21	6.45	6.62	6.45	6.61	6406217	63895408.00
2013/08/22	6.65	6.77	6.60	6.65	6984593	71141280.00
2013/08/23	6.61	6.69	6.37	6.51	7020464	69822176.00
2013/08/26	6.49	6.71	6.49	6.70	6999114	70823248.00
2013/08/27	6.71	6.73	6.58	6.69	4932192	49952944.00
2013/08/28	6.63	6.68	6.55	6.56	6259117	62939304.00
2013/08/29	6.57	6.69	6.55	6.68	5668226	57251880.00
2013/08/30	6.70	6.70	6.37	6.43	10697025	106085840.00
2013/09/02	6.43	6.43	6.22	6.33	6834519	65794280.00
2013/09/03	6.32	6.42	6.31	6.39	4060023	39448976.00
2013/09/04	6.37	6.41	6.22	6.29	6171845	59163192.00
2013/09/05	6.29	6.29	6.10	6.19	7754109	72816200.00
2013/09/06	6.16	6.35	6.10	6.35	6912021	65702692.00
2013/09/09	6.44	6.53	6.37	6.50	10273094	101284472.00
2013/09/10	6.49	6.54	6.39	6.44	8145046	80052856.00
2013/09/11	6.44	6.45	6.27	6.34	7678557	74401752.00
2013/09/12	6.30	6.41	6.29	6.36	4213719	40810896.00
2013/09/13	6.35	6.37	6.16	6.25	7456874	70602672.00
2013/09/16	6.23	6.31	6.23	6.26	5114211	48710796.00
2013/09/17	6.27	6.27	6.15	6.15	4606205	43342792.00
2013/09/18	6.17	6.28	6.17	6.25	3728822	35441848.00
2013/09/23	6.24	6.42	6.23	6.41	7960950	77129920.00
2013/09/24	6.42	6.42	6.31	6.39	6370294	61865684.00
2013/09/25	6.37	6.63	6.37	6.63	16816883	167856944.00
2013/09/26	6.59	6.74	6.57	6.61	15363392	156071408.00
2013/09/27	6.61	6.82	6.58	6.73	11153811	113794256.00
2013/09/30	6.77	6.81	6.57	6.68	9130028	92552488.00
2013/10/08	6.66	6.68	6.56	6.67	7161571	72146504.00
2013/10/09	6.63	6.81	6.60	6.80	10828472	111271768.00
2013/10/10	6.77	6.82	6.61	6.67	8759106	89171896.00
2013/10/11	6.69	6.77	6.63	6.69	7931591	80777936.00
2013/10/14	6.71	6.98	6.65	6.95	16397823	171133744.00
2013/10/15	6.99	7.22	6.88	7.18	22818277	244036832.00
2013/10/16	7.10	7.16	6.90	6.99	12119894	129010160.00
2013/10/17	7.01	7.19	6.93	7.05	11700638	125673944.00
2013/10/18	7.01	7.15	6.89	6.92	12542721	133477920.00
2013/10/21	7.09	7.20	6.97	7.19	13956152	151389376.00
2013/10/22	7.36	7.89	7.36	7.61	35947117	418235328.00
2013/10/23	7.63	7.71	7.38	7.69	18625415	213880304.00
2013/10/24	7.62	7.87	7.51	7.65	16003581	187378928.00
2013/10/25	7.71	7.73	7.11	7.17	19721147	219727472.00
2013/10/28	7.08	7.22	6.97	7.13	8380468	90034264.00
2013/10/29	7.09	7.23	6.59	6.85	12748279	133719240.00
2013/10/30	6.99	7.04	6.80	6.93	10744954	113284592.00
2013/10/31	6.81	6.91	6.60	6.65	8859190	90354416.00
2013/11/01	6.65	6.75	6.58	6.69	4463729	45447856.00
2013/11/04	6.67	6.81	6.67	6.76	3940390	40361436.00
2013/11/05	6.69	6.75	6.52	6.71	7224003	72856608.00
2013/11/06	6.67	6.69	6.57	6.57	7785237	78387336.00
2013/11/07	6.53	6.58	6.23	6.24	10485349	101802664.00
2013/11/08	6.18	6.19	5.99	6.03	8282709	76799312.00
2013/11/11	6.01	6.15	5.97	6.14	4521986	41859432.00
2013/11/12	6.14	6.27	6.11	6.23	5126596	48404524.00
2013/11/13	6.21	6.21	6.01	6.01	4195390	39016652.00
2013/11/14	5.97	6.15	5.97	6.15	3338300	30963640.00
2013/11/15	6.15	6.34	6.14	6.22	6220285	59343732.00
2013/11/18	6.27	6.43	6.24	6.39	6673044	64453144.00
2013/11/19	6.39	6.48	6.35	6.39	4802570	46849656.00
2013/11/20	6.42	6.54	6.37	6.49	4725327	46138148.00
2013/11/21	6.48	6.48	6.35	6.37	5799587	56413672.00
2013/11/22	6.37	6.38	6.27	6.27	3859342	37113244.00
2013/11/25	6.26	6.39	6.19	6.31	3961851	38018000.00
2013/11/26	6.32	6.46	6.31	6.42	5285434	51325920.00
2013/11/27	6.42	6.58	6.29	6.56	11246772	110556288.00
2013/11/28	6.52	6.59	6.49	6.53	7539499	75122216.00
2013/11/29	6.53	6.63	6.52	6.59	9555993	95878576.00
2013/12/02	6.47	6.47	6.19	6.22	9258622	88982184.00
2013/12/03	6.20	6.36	6.10	6.33	4464392	42431104.00
2013/12/04	6.29	6.43	6.27	6.38	6891279	66983308.00
2013/12/05	6.37	6.40	6.27	6.29	8693535	83662832.00
2013/12/06	6.27	6.27	6.16	6.21	7517085	71061904.00
2013/12/09	6.23	6.29	6.22	6.27	3472502	33068412.00
2013/12/10	6.27	6.54	6.24	6.50	11690228	113870352.00
2013/12/11	6.47	6.67	6.37	6.63	19492624	193578880.00
2013/12/12	6.57	6.66	6.48	6.50	13177631	131672320.00
2013/12/13	6.42	6.49	6.33	6.43	6672297	65078888.00
2013/12/16	6.39	6.45	6.25	6.27	5422219	52452408.00
2013/12/17	6.29	6.42	6.23	6.33	3888207	37548188.00
2013/12/18	6.31	6.41	6.26	6.33	2966964	28663688.00
2013/12/19	6.35	6.39	6.20	6.23	3547783	34140960.00
2013/12/20	6.20	6.28	6.13	6.15	3965442	37452376.00
2013/12/23	6.17	6.33	6.03	6.26	4762017	44951704.00
2013/12/24	6.25	6.29	6.14	6.17	3134144	29698128.00
2013/12/25	6.18	6.21	6.10	6.21	2861681	26842802.00
2013/12/26	6.22	6.22	6.05	6.06	3695990	34478560.00
2013/12/27	6.05	6.15	6.05	6.12	2694488	25113988.00
2013/12/30	6.12	6.21	6.11	6.20	3062622	28803944.00
2013/12/31	6.18	6.35	6.17	6.31	4894890	46919916.00
2014/01/02	6.27	6.33	6.22	6.29	5199366	49620872.00
2014/01/03	6.33	6.33	6.24	6.29	3912676	37487856.00
2014/01/06	6.25	6.27	6.03	6.04	4829929	44950452.00
2014/01/07	6.04	6.10	6.00	6.04	3445151	31765636.00
2014/01/08	6.03	6.14	6.01	6.03	4250314	39231632.00
2014/01/09	6.04	6.09	5.93	5.97	3659517	33627644.00
2014/01/10	5.97	6.07	5.73	6.01	6050850	54213700.00
2014/01/13	5.99	6.08	5.95	6.04	5273467	48477276.00
2014/01/14	6.04	6.12	6.01	6.11	6889593	63808540.00
2014/01/15	6.06	6.06	5.89	6.00	6603862	60192292.00
2014/01/16	5.97	6.04	5.92	5.93	3322526	30297710.00
2014/01/17	5.94	5.97	5.83	5.83	3167830	28278440.00
2014/01/20	5.86	5.87	5.71	5.77	2835262	25014928.00
2014/01/21	5.77	5.85	5.74	5.81	2607018	23057944.00
2014/01/22	5.80	5.95	5.80	5.93	4139000	37302952.00
2014/01/23	5.94	6.05	5.94	5.99	4409411	40377264.00
2014/01/24	5.97	6.13	5.94	6.12	6296319	58246472.00
2014/01/27	6.15	6.30	6.15	6.21	10299797	97774168.00
2014/01/28	6.22	6.23	6.12	6.17	5219294	48986504.00
2014/01/29	6.15	6.25	6.15	6.17	3120077	29439224.00
2014/01/30	6.17	6.19	6.07	6.09	2698683	25112276.00
2014/02/07	6.06	6.22	6.02	6.21	3347426	31336862.00
2014/02/10	6.22	6.37	6.22	6.37	7268397	70155112.00
2014/02/11	6.39	6.51	6.35	6.41	9078801	88978744.00
2014/02/12	6.39	6.54	6.39	6.53	7621424	75254688.00
2014/02/13	6.53	6.55	6.30	6.33	6457558	63274080.00
2014/02/14	6.31	6.70	6.31	6.69	15181775	151968096.00
2014/02/17	6.68	6.78	6.61	6.76	11982457	122103952.00
2014/02/18	6.73	6.75	6.64	6.69	6853293	69787320.00
2014/02/19	6.68	6.87	6.67	6.71	10302582	106126608.00
2014/02/20	6.71	6.75	6.45	6.50	9411369	94195688.00
2014/02/21	6.53	6.59	6.37	6.45	5736497	56557592.00
2014/02/24	6.39	6.69	6.38	6.68	8995161	89642256.00
2014/02/25	6.68	6.78	6.35	6.39	12297695	123282704.00
2014/02/26	6.38	6.43	6.24	6.41	5651935	54606300.00
2014/02/27	6.41	6.61	6.37	6.45	6285286	62117480.00
2014/02/28	6.45	6.46	6.24	6.43	4596437	44518116.00
2014/03/03	6.39	6.55	6.31	6.52	5154499	50672592.00
2014/03/04	6.50	6.65	6.45	6.63	7525943	75311272.00
2014/03/05	6.60	6.65	6.47	6.49	4655742	46552684.00
2014/03/06	6.41	6.59	6.39	6.58	4481997	44414468.00
2014/03/07	6.58	6.63	6.50	6.55	5063998	50673980.00
2014/03/10	6.45	6.47	6.30	6.31	4653080	45119840.00
2014/03/11	6.25	6.31	6.10	6.17	4534683	42882016.00
2014/03/12	6.15	6.27	6.07	6.21	3088153	29139868.00
2014/03/13	6.20	6.26	6.17	6.21	2849074	26955532.00
2014/03/14	6.19	6.19	6.01	6.05	4206675	39078632.00
2014/03/17	6.04	6.15	6.04	6.15	2134108	19894016.00
2014/03/18	6.15	6.25	6.15	6.19	2585788	24469710.00
2014/03/19	6.17	6.18	6.07	6.14	2453054	22887712.00
2014/03/20	6.11	6.17	6.01	6.09	3049774	28334832.00
2014/03/21	6.04	6.19	5.96	6.18	3268215	30287372.00
2014/03/24	6.13	6.22	6.11	6.19	2937900	27654312.00
2014/03/25	6.19	6.23	6.15	6.21	2707389	25581338.00
2014/03/26	6.25	6.29	6.22	6.25	3306307	31493422.00
2014/03/27	6.23	6.31	6.17	6.18	3645118	34599444.00
2014/03/28	6.15	6.21	6.00	6.03	3592358	33269812.00
2014/03/31	6.00	6.09	6.00	6.04	1352695	12449106.00
2014/04/01	6.04	6.13	6.04	6.12	1491108	13833061.00
2014/04/02	6.15	6.15	6.03	6.06	2517967	23329878.00
2014/04/03	6.08	6.12	6.03	6.06	1882292	17428320.00
2014/04/04	6.04	6.10	6.04	6.08	1822499	16860120.00
2014/04/08	6.09	6.19	6.07	6.17	3332754	31207326.00
2014/04/09	6.20	6.21	6.15	6.20	3013781	28402028.00
2014/04/10	6.21	6.22	6.15	6.20	3439199	32404174.00
2014/04/11	6.19	6.21	6.14	6.19	2605301	24571396.00
2014/04/14	6.19	6.21	6.14	6.21	3064940	28817444.00
2014/04/15	6.21	6.27	6.17	6.22	5261184	49949892.00
2014/04/16	6.22	6.25	6.18	6.23	2796626	26504166.00
2014/04/17	6.22	6.31	6.22	6.29	4783975	45802452.00
2014/04/18	6.26	6.34	6.23	6.33	4153799	39846488.00
2014/04/21	6.28	6.43	6.25	6.34	7485860	72725056.00
2014/04/22	6.36	6.42	6.22	6.34	5499622	52866284.00
2014/04/23	6.31	6.35	6.25	6.31	2873545	27573618.00
2014/04/24	6.30	6.30	6.00	6.01	4963277	46650564.00
2014/04/25	5.99	5.99	5.83	5.84	6103904	54984712.00
2014/04/28	5.83	5.86	5.71	5.73	3060902	26917540.00
2014/04/29	5.73	5.94	5.73	5.91	3409465	30570352.00
2014/04/30	5.90	5.91	5.74	5.87	3435949	30488192.00
2014/05/05	5.86	5.92	5.84	5.92	1936604	17388588.00
2014/05/06	5.92	6.01	5.90	5.95	2376118	21638960.00
2014/05/07	5.95	5.95	5.85	5.85	1990051	17885498.00
2014/05/08	5.85	5.91	5.77	5.86	1601143	14314580.00
2014/05/09	5.87	5.90	5.79	5.83	1791225	15920958.00
2014/05/12	5.87	5.97	5.81	5.97	4136819	37273472.00
2014/05/13	5.95	5.98	5.90	5.95	2391468	21680856.00
2014/05/14	5.92	6.03	5.91	5.98	2395121	21825920.00
2014/05/15	5.98	5.98	5.85	5.89	1848377	16704387.00
2014/05/16	5.87	5.92	5.81	5.90	1592767	14257307.00
2014/05/19	5.88	6.01	5.84	5.89	1581302	14256590.00
2014/05/20	5.94	5.96	5.85	5.89	1302014	11711394.00
2014/05/21	5.89	5.91	5.84	5.91	1218897	10935326.00
2014/05/22	5.90	5.95	5.86	5.87	1255401	11325820.00
2014/05/23	5.85	5.94	5.85	5.93	954983	8604876.00
2014/05/26	5.93	6.01	5.90	5.99	2923005	26569384.00
2014/05/27	5.99	5.99	5.93	5.94	1107373	10056777.00
2014/05/28	5.93	6.00	5.91	5.99	2073824	18865848.00
2014/05/29	5.99	5.99	5.94	5.97	1331364	12108572.00
2014/05/30	5.97	6.00	5.93	5.97	1159850	10544866.00
2014/06/03	5.97	6.01	5.94	5.96	784025	7138714.00
2014/06/04	5.94	5.99	5.88	5.93	1303114	11782348.00
2014/06/05	5.93	5.95	5.90	5.94	982362	8871471.00
2014/06/06	5.94	5.95	5.87	5.94	1324493	11947363.00
2014/06/09	5.93	5.96	5.89	5.90	1070054	9679825.00
2014/06/10	5.90	5.93	5.82	5.88	3532694	31494172.00
2014/06/11	5.86	5.87	5.80	5.84	2746037	24401742.00
2014/06/12	5.83	5.85	5.79	5.80	2150468	19063090.00
2014/06/13	5.80	5.87	5.78	5.87	3442949	30702444.00
2014/06/16	5.88	5.99	5.86	5.95	3330568	30101004.00
2014/06/17	5.95	5.98	5.89	5.91	1806605	16298388.00
2014/06/18	5.91	5.96	5.90	5.93	2511778	22704552.00
2014/06/19	5.93	5.96	5.81	5.82	3638103	32608340.00
2014/06/20	6.23	6.41	6.07	6.22	22269600	211779888.00
2014/06/23	6.43	6.69	6.36	6.49	25873238	255544320.00
2014/06/24	6.41	6.67	6.27	6.63	22480733	220973296.00
2014/06/25	6.67	6.81	6.49	6.76	26825532	271919296.00
2014/06/26	6.87	7.45	6.79	7.45	46103748	510696032.00
2014/06/27	8.20	8.20	8.20	8.20	10256160	127689192.00
2014/06/30	9.03	9.03	8.91	9.03	61583153	843516800.00
2014/07/01	9.03	9.19	8.76	8.89	78439918	1065089280.00
2014/07/02	8.99	9.06	8.13	8.33	68907329	580146432.00
2014/07/03	8.10	8.46	8.02	8.26	78748912	650368192.00
2014/07/04	8.19	8.42	8.07	8.16	59303497	487560576.00
2014/07/07	7.95	7.95	7.56	7.71	73749618	570436032.00
2014/07/08	7.71	8.48	7.63	8.23	111169938	900248320.00
2014/07/09	8.10	8.39	8.01	8.09	59694595	488197056.00
2014/07/10	8.05	8.21	7.91	8.08	43211217	347867328.00
2014/07/11	7.98	8.33	7.82	7.94	43042212	343209824.00
2014/07/14	7.91	8.19	7.88	8.13	38619723	310949504.00
2014/07/15	8.15	8.24	7.97	8.06	48287479	390127040.00
2014/07/16	7.90	7.92	7.38	7.49	49429486	379677984.00
2014/07/17	7.52	7.52	7.30	7.40	24251597	179192896.00
2014/07/18	7.39	7.46	7.29	7.41	13861255	102556864.00
2014/07/21	7.35	7.53	7.30	7.37	16584522	123006272.00
2014/07/22	7.38	7.46	7.35	7.43	12718966	94364400.00
2014/07/23	7.40	7.43	7.20	7.30	21831150	159839824.00
2014/07/24	7.29	7.38	7.20	7.26	19198889	139649232.00
2014/07/25	7.26	7.42	7.22	7.27	19790134	144235344.00
2014/07/28	7.31	7.41	7.28	7.39	24004898	176797552.00
2014/07/29	7.43	7.48	7.34	7.46	19933682	148097552.00
2014/07/30	7.45	7.64	7.42	7.63	25098419	188987680.00
2014/07/31	7.65	7.65	7.50	7.58	19398910	146714432.00
2014/08/01	7.56	7.76	7.52	7.59	29973433	229154368.00
2014/08/04	7.60	7.65	7.52	7.63	20021624	152001616.00
2014/08/05	7.63	7.68	7.56	7.68	18979242	144391648.00
2014/08/06	7.64	7.76	7.64	7.71	21425006	165390912.00
2014/08/07	7.70	7.75	7.58	7.61	17261664	132375248.00
2014/08/08	7.61	7.64	7.53	7.58	10826029	82014824.00
2014/08/11	7.53	7.72	7.53	7.71	16219752	124459960.00
2014/08/12	7.71	7.88	7.66	7.86	26719250	208605472.00
2014/08/13	7.82	7.96	7.74	7.89	23815237	187013536.00
2014/08/14	7.87	7.92	7.78	7.82	16352578	128425000.00
2014/08/15	7.80	7.89	7.78	7.84	18154905	142144048.00
2014/08/18	7.83	8.23	7.80	8.16	38931689	312094112.00
2014/08/19	8.10	8.17	8.06	8.12	26009815	210831344.00
2014/08/20	8.19	8.88	8.18	8.52	78851640	669029632.00
2014/08/21	8.59	8.67	8.37	8.55	40885960	347699456.00
2014/08/22	8.56	8.57	8.42	8.47	26806183	227124688.00
2014/08/25	8.50	8.56	8.18	8.23	31768728	264858784.00
2014/08/26	8.25	8.25	7.92	7.96	23907615	192247360.00
2014/08/27	7.92	8.17	7.92	8.09	20160709	162325136.00
2014/08/28	8.13	8.13	7.91	7.93	13181092	105459264.00
2014/08/29	7.94	8.07	7.89	8.06	8549695	68332160.00
2014/09/01	8.06	8.29	8.01	8.24	15852885	129306304.00
2014/09/02	8.29	8.30	8.20	8.26	18848331	155446000.00
2014/09/03	8.27	8.40	8.20	8.38	23708415	196310112.00
2014/09/04	8.34	8.65	8.30	8.56	38255498	325023296.00
2014/09/05	8.58	8.62	8.42	8.50	25931057	220326192.00
2014/09/09	8.58	8.68	8.38	8.56	35797295	305687328.00
2014/09/10	8.49	8.49	8.34	8.41	28482925	239744800.00
2014/09/11	8.41	8.56	8.38	8.44	27920574	236404400.00
2014/09/12	8.44	8.48	8.35	8.47	15760985	132850128.00
2014/09/15	8.47	8.51	8.40	8.49	23348015	197537968.00
2014/09/16	8.50	8.51	8.10	8.11	26452109	220300592.00
2014/09/17	8.10	8.15	7.98	8.09	19112893	153808480.00
2014/09/18	8.08	8.13	8.01	8.10	12736852	103021536.00
2014/09/19	8.08	8.24	8.08	8.18	12776975	104270416.00
2014/09/22	8.18	8.22	8.07	8.10	11144397	90537832.00
2014/09/23	8.07	8.15	8.06	8.12	9443098	76555760.00
2014/09/24	8.10	8.23	8.09	8.20	15619843	127630312.00
2014/09/25	8.21	8.26	8.14	8.20	16349959	134169312.00
2014/09/26	8.20	8.23	8.13	8.19	8591229	70287000.00
2014/09/29	8.20	8.27	8.19	8.22	14343670	117938880.00
2014/09/30	8.23	8.25	8.18	8.24	15414968	126703600.00
2014/10/08	8.28	8.50	8.24	8.46	27538200	230608960.00
2014/10/09	8.48	8.54	8.36	8.48	25880247	218963584.00
2014/10/10	8.48	8.57	8.41	8.52	23332989	198449456.00
2014/10/13	8.53	8.86	8.48	8.78	48834744	424897888.00
2014/10/14	8.74	8.86	8.63	8.69	32304685	282064256.00
2014/10/15	8.66	9.09	8.64	8.99	48487972	431968992.00
2014/10/16	9.00	9.87	8.83	9.26	71207399	670562944.00
2014/10/17	9.24	9.39	8.65	8.82	39704006	355603712.00
2014/10/20	8.82	9.19	8.82	8.98	24108854	217059088.00
2014/10/21	8.95	8.96	8.60	8.62	24845464	216767024.00
2014/10/22	8.62	8.68	8.35	8.43	16027842	136511440.00
2014/10/23	8.42	8.46	8.21	8.25	15381469	127434552.00
2014/10/24	8.27	8.35	8.23	8.33	8453247	70168688.00
2014/10/27	8.34	8.41	8.23	8.40	7312887	61035932.00
2014/10/28	8.43	8.58	8.42	8.56	12911269	109954624.00
2014/10/29	8.60	8.67	8.52	8.65	16336529	140425248.00
2014/10/30	8.65	8.92	8.60	8.69	22213760	194478352.00
2014/10/31	8.70	8.75	8.51	8.62	14008757	120551040.00
2014/11/03	8.62	8.70	8.58	8.66	12370350	106881624.00
2014/11/04	8.65	8.65	8.49	8.53	12328842	105455664.00
2014/11/05	8.50	8.55	8.43	8.47	10801451	91614512.00
2014/11/06	8.48	8.60	8.45	8.55	8688017	74105488.00
2014/11/07	8.55	8.58	8.35	8.43	11900930	100901768.00
2014/11/10	8.43	8.49	8.42	8.48	7603459	64301136.00
2014/11/11	8.48	8.50	8.15	8.23	15362840	127562448.00
2014/11/12	8.20	8.30	8.15	8.30	7924192	65196988.00
2014/11/13	8.29	8.30	8.15	8.19	8482608	69494720.00
2014/11/14	8.16	8.23	8.11	8.21	5661901	46279776.00
2014/11/17	8.24	8.35	8.21	8.30	6881873	57010620.00
2014/11/18	8.30	8.33	8.23	8.31	5399438	44660088.00
2014/11/19	8.31	8.36	8.26	8.32	6099714	50693980.00
2014/11/20	8.32	8.32	8.26	8.29	4756628	39396968.00
2014/11/21	8.26	8.30	8.21	8.29	6420327	53044424.00
2014/11/24	8.33	8.41	8.29	8.39	12394500	103620416.00
2014/11/25	8.39	8.55	8.35	8.53	14180536	120098792.00
2014/11/26	8.55	8.58	8.41	8.54	12706509	107965472.00
2014/11/27	8.53	8.63	8.51	8.62	15798140	135632928.00
2014/11/28	8.63	8.71	8.52	8.55	15362954	132169680.00
2014/12/01	8.55	8.60	8.32	8.41	15337604	129340000.00
2014/12/02	8.40	8.48	8.36	8.47	13669140	115290936.00
2014/12/03	8.48	8.61	8.40	8.60	25128268	213651520.00
2014/12/04	8.62	8.90	8.62	8.85	40419503	356032832.00
2014/12/05	8.86	8.90	8.40	8.53	29343272	253090064.00
2014/12/08	8.42	8.66	8.42	8.64	18625380	160195296.00
2014/12/09	8.65	8.67	8.24	8.26	25825929	218496608.00
2014/12/10	8.25	8.50	8.22	8.48	15633842	130524240.00
2014/12/11	8.46	8.66	8.40	8.64	19960771	170414592.00
2014/12/12	8.68	8.70	8.56	8.65	14960027	128946552.00
2014/12/15	8.63	8.95	8.56	8.93	33205287	292114432.00
2014/12/16	8.92	9.05	8.83	8.86	25271794	225518144.00
2014/12/17	8.86	8.86	8.62	8.66	15242488	132353016.00
2014/12/18	8.62	8.76	8.58	8.66	11790255	101959192.00
2014/12/19	8.62	8.71	8.36	8.50	16934023	144037456.00
2014/12/22	8.47	8.47	8.19	8.21	16637494	137564256.00
2014/12/23	8.21	8.37	8.17	8.20	8594111	71103664.00
2014/12/24	8.25	8.36	8.21	8.35	7555780	62706872.00
2014/12/25	8.35	8.39	8.29	8.37	8691754	72483176.00
2014/12/26	8.37	8.46	8.30	8.45	10261368	85653192.00
2014/12/29	8.46	8.47	8.30	8.34	8127654	67860632.00
2014/12/30	8.31	8.47	8.25	8.37	8553685	71586232.00
2014/12/31	8.34	8.43	8.25	8.36	8554728	71426200.00
2015/01/05	8.35	8.46	8.32	8.43	12190356	102393240.00
2015/01/06	8.44	8.84	8.37	8.72	30032536	259055248.00
2015/01/07	8.72	8.72	8.55	8.63	14798125	127519160.00
2015/01/08	8.61	8.77	8.56	8.66	14999652	130221368.00
2015/01/09	8.60	8.72	8.52	8.54	11626050	100402488.00
2015/01/12	8.49	8.49	8.32	8.34	10567421	88571456.00
2015/01/13	8.31	8.48	8.31	8.45	6835055	57494364.00
2015/01/14	8.45	8.52	8.35	8.45	7559060	63860716.00
2015/01/15	8.41	8.48	8.37	8.45	6080376	51202724.00
2015/01/16	8.46	8.51	8.39	8.43	10451088	88247016.00
2015/01/19	8.35	8.59	8.15	8.28	18296905	153369056.00
2015/01/20	8.27	8.57	8.27	8.55	15762257	133115872.00
2015/01/21	8.55	8.66	8.52	8.65	19890790	171427184.00
2015/01/22	8.66	8.72	8.62	8.70	19448771	168923280.00
2015/01/23	8.73	8.75	8.56	8.58	13414546	115747528.00
2015/01/26	8.56	8.74	8.55	8.73	15064745	130668896.00
2015/01/27	8.74	9.19	8.71	9.11	63151022	568970560.00
2015/01/28	9.05	9.45	8.95	9.00	57644991	530722368.00
2015/01/29	8.88	9.00	8.72	8.94	32871332	290234912.00
2015/01/30	8.99	9.25	8.76	8.77	22297932	199288752.00
2015/02/02	8.69	8.69	8.52	8.61	13449549	115779280.00
2015/02/03	8.62	8.71	8.57	8.68	11685881	101320824.00
2015/02/04	8.68	8.73	8.58	8.60	11214703	97158288.00
2015/02/05	8.69	8.70	8.53	8.57	10804710	92826912.00
2015/02/06	8.56	8.61	8.38	8.41	10666710	90716712.00
2015/02/09	8.31	8.44	8.30	8.41	7771550	65067536.00
2015/02/10	8.41	8.48	8.26	8.47	6052716	50873180.00
2015/02/11	8.47	8.55	8.44	8.50	7161812	60824324.00
2015/02/12	8.55	8.56	8.45	8.51	8079497	68671464.00
2015/02/13	8.56	8.84	8.53	8.68	18547126	160769936.00
2015/02/16	8.69	9.03	8.60	8.84	18372676	162314144.00
2015/02/17	8.83	9.10	8.78	8.87	20514512	182321424.00
2015/02/25	8.91	9.15	8.82	9.08	29426886	265031872.00
2015/02/26	9.11	9.18	8.98	9.07	20499083	185504656.00
2015/02/27	9.08	9.15	8.90	8.92	25611988	229723264.00
2015/03/02	8.95	9.16	8.89	9.15	31983939	288516960.00
2015/03/03	9.14	9.32	9.01	9.08	37340930	341962400.00
2015/03/04	9.08	9.28	9.02	9.27	30106786	276258112.00
2015/03/05	9.28	9.44	9.15	9.19	32218175	299157344.00
2015/03/06	9.21	9.25	8.95	9.04	24712982	223836256.00
2015/03/09	9.00	9.20	8.90	9.15	17119573	156069840.00
2015/03/10	9.18	9.29	9.16	9.19	19743773	181963296.00
2015/03/11	9.24	9.28	9.08	9.15	18186979	166162112.00
2015/03/12	9.17	9.78	9.17	9.60	57431257	544905088.00
2015/03/13	9.59	9.65	9.40	9.65	29241191	278458016.00
2015/03/16	9.63	9.84	9.56	9.69	42058944	407524224.00
2015/03/17	9.70	9.78	9.56	9.69	33772953	327336256.00
2015/03/18	9.68	9.89	9.62	9.88	37535267	366400352.00
2015/03/19	9.92	10.00	9.69	9.79	33456802	328035424.00
2015/03/20	9.80	9.90	9.66	9.89	30755537	300339360.00
2015/04/24	10.88	10.88	10.88	10.88	871202	9478678.00
2015/04/27	11.97	11.97	11.97	11.97	697317	8346884.00
2015/04/28	13.17	13.17	12.52	13.17	134073373	1733740288.00
2015/04/29	13.28	14.26	12.58	13.59	86839579	1156786816.00
2015/04/30	13.59	14.45	13.31	13.96	70074005	987194624.00
2015/05/05	13.49	13.49	13.49	13.49	0	0.00
数据来源:通达信
