600265 ST景谷 日线 前复权
      日期	    开盘	    最高	    最低	    收盘	    成交量	    成交额
2011/10/10	8.38	8.50	8.37	8.45	482344	4065676.00
2011/10/11	8.60	8.69	8.35	8.45	826416	7029901.00
2011/10/12	8.44	8.70	8.32	8.69	1180413	10144541.00
2011/10/13	8.69	8.98	8.60	8.81	1410004	12454045.00
2011/10/14	8.74	8.79	8.60	8.69	818281	7104669.00
2011/10/17	8.68	8.76	8.63	8.64	621366	5389822.00
2011/10/18	8.63	8.63	8.22	8.29	944767	7956729.00
2011/10/19	8.26	8.37	8.20	8.22	634401	5254291.00
2011/10/20	8.25	8.28	7.88	7.90	838021	6718532.00
2011/10/21	7.90	7.95	7.75	7.87	634556	4979574.00
2011/10/24	7.89	8.57	7.89	8.12	1006897	8194874.00
2011/10/25	8.09	8.32	7.95	8.27	1213564	9874482.00
2011/10/26	8.19	8.41	8.15	8.32	1054179	8744094.00
2011/10/27	8.28	8.43	8.27	8.32	700532	5846171.00
2011/10/28	8.35	9.15	8.32	9.14	6778543	60737336.00
2011/10/31	8.85	9.09	8.80	8.93	3128583	27850728.00
2011/11/01	8.86	8.98	8.68	8.82	1846829	16221215.00
2011/11/02	8.67	8.79	8.55	8.76	2934057	25524328.00
2011/11/03	8.77	9.13	8.75	8.91	3723649	33230584.00
2011/11/04	9.15	9.28	8.86	8.99	2785297	25262734.00
2011/11/07	9.00	9.01	8.82	8.85	1550839	13780793.00
2011/11/08	8.85	8.93	8.77	8.82	905525	8003072.00
2011/11/09	8.82	9.13	8.82	9.10	1803175	16199949.00
2011/11/10	9.03	9.17	8.92	9.00	2156319	19543424.00
2011/11/11	8.95	9.16	8.95	9.00	1927486	17473100.00
2011/11/14	9.09	9.15	9.00	9.13	1649158	15002696.00
2011/11/15	9.38	9.65	9.16	9.22	3556786	33296782.00
2011/11/16	9.15	9.24	8.93	8.95	1797400	16347781.00
2011/11/17	8.95	9.06	8.87	8.90	1080172	9657584.00
2011/11/18	8.80	8.89	8.50	8.54	1267014	10977239.00
2011/11/21	8.60	8.68	8.52	8.64	808520	6950184.00
2011/11/22	8.60	8.69	8.50	8.64	879364	7570329.00
2011/11/23	8.69	8.69	8.40	8.43	864830	7369551.00
2011/11/24	8.39	8.54	8.23	8.49	870822	7306679.00
2011/11/25	8.65	9.34	8.60	9.34	8069763	74423160.00
2011/11/28	9.44	9.99	9.30	9.46	11756170	112810000.00
2011/11/29	9.46	9.60	9.20	9.44	6438475	60586632.00
2011/11/30	9.32	9.44	8.54	8.67	6055023	54556100.00
2011/12/01	8.84	9.28	8.80	8.93	5534363	49757412.00
2011/12/02	8.72	8.74	8.39	8.40	4044387	34387888.00
2011/12/05	8.36	8.36	7.90	7.94	2403317	19420346.00
2011/12/06	7.89	8.10	7.85	8.05	1515390	12079141.00
2011/12/07	8.04	8.15	7.96	8.13	1402136	11314720.00
2011/12/08	8.07	8.30	7.90	8.23	2006221	16332074.00
2011/12/09	8.09	8.21	7.96	7.98	1415687	11411166.00
2011/12/12	8.08	8.25	8.06	8.08	2145333	17461922.00
2011/12/13	7.98	7.99	7.35	7.39	2867408	21635840.00
2011/12/14	7.40	7.48	7.17	7.18	1251698	9142571.00
2011/12/15	7.18	7.18	6.73	6.75	1572485	10856375.00
2011/12/16	6.82	6.95	6.67	6.94	1486063	10119830.00
2011/12/19	6.88	6.88	6.58	6.81	1380420	9277477.00
2011/12/20	6.81	7.12	6.76	6.95	1828533	12772504.00
2011/12/21	6.96	7.10	6.75	6.77	1078600	7500637.00
2011/12/22	6.71	6.71	6.23	6.46	1780406	11398081.00
2011/12/23	6.40	6.57	6.32	6.48	1043656	6782798.00
2011/12/26	6.50	6.65	6.39	6.53	1063276	6959900.00
2011/12/27	6.55	6.55	6.32	6.36	651186	4170435.00
2011/12/28	6.30	6.30	6.06	6.22	1441435	8877007.00
2011/12/29	6.18	6.29	6.10	6.17	1372700	8514139.00
2011/12/30	6.23	6.36	6.18	6.29	1184289	7424991.00
2012/01/04	6.29	6.36	6.13	6.17	1148901	7213084.00
2012/01/05	6.12	6.12	5.65	5.69	1637358	9503418.00
2012/01/06	5.69	5.83	5.45	5.76	1031884	5792323.00
2012/01/09	5.81	6.01	5.63	6.01	1170822	6908458.00
2012/01/10	6.06	6.41	5.96	6.39	2167065	13515968.00
2012/01/11	6.30	6.54	6.27	6.38	1654722	10552056.00
2012/01/12	6.33	6.49	6.28	6.39	1151788	7350366.00
2012/01/13	6.42	6.42	5.99	6.00	1159648	7126872.00
2012/01/17	5.85	6.30	5.81	6.25	1019812	6196819.00
2012/01/18	6.25	6.36	6.10	6.13	1070814	6686735.00
2012/01/19	6.12	6.28	6.03	6.23	595723	3688579.00
2012/01/20	6.23	6.33	6.23	6.29	821437	5164005.00
2012/01/30	6.32	6.34	6.16	6.18	1388052	8648783.00
2012/01/31	6.07	6.12	5.86	6.00	1367484	8145523.00
2012/02/01	5.97	6.04	5.87	6.01	1040028	6212588.00
2012/02/02	6.03	6.16	6.02	6.14	1061671	6462094.00
2012/02/03	6.12	6.40	6.07	6.32	1800431	11304982.00
2012/02/06	6.30	6.44	6.26	6.37	1653073	10510937.00
2012/02/07	6.38	6.65	6.30	6.44	3065730	19783552.00
2012/02/08	6.40	6.67	6.27	6.56	2080453	13485344.00
2012/02/09	6.56	6.76	6.50	6.59	2316122	15398813.00
2012/02/10	6.55	6.67	6.49	6.61	1927695	12683839.00
2012/02/13	6.58	6.72	6.50	6.67	1710763	11338822.00
2012/02/14	6.66	6.85	6.58	6.84	2246727	15137700.00
2012/02/15	6.79	7.05	6.72	7.04	3421447	23645296.00
2012/02/16	7.01	7.63	6.90	7.19	6523915	47537940.00
2012/02/17	7.15	7.15	6.86	6.99	3393757	23781302.00
2012/02/20	7.04	7.07	6.86	6.87	2095746	14566931.00
2012/02/21	6.86	6.99	6.82	6.98	1611789	11138747.00
2012/02/22	6.98	7.10	6.92	7.09	2106384	14816551.00
2012/02/23	7.09	7.46	7.05	7.38	4545866	33050688.00
2012/02/24	7.32	7.79	7.24	7.73	5482211	41096752.00
2012/02/27	7.60	7.80	7.53	7.54	7258823	55255000.00
2012/02/28	7.39	7.48	7.23	7.40	3169401	23293220.00
2012/02/29	7.36	7.37	7.25	7.26	1446043	10553500.00
2012/03/01	7.26	7.36	7.25	7.31	1156116	8441038.00
2012/03/02	7.27	7.41	7.27	7.38	1904073	13977067.00
2012/03/05	7.39	7.45	7.31	7.38	1496122	11050004.00
2012/03/06	7.33	7.37	7.15	7.23	1525258	11056955.00
2012/03/07	7.45	7.77	7.45	7.55	6604136	50140800.00
2012/03/08	7.35	7.53	7.35	7.45	2892099	21477200.00
2012/03/09	7.46	7.50	7.37	7.47	1954452	14558761.00
2012/03/12	7.48	8.22	7.43	8.22	7467808	58963092.00
2012/03/13	8.10	8.25	8.01	8.17	8422080	68318984.00
2012/03/14	8.12	8.15	7.53	7.59	5498838	43459756.00
2012/03/15	7.55	7.62	7.18	7.46	3575052	26566096.00
2012/03/16	7.38	7.83	7.38	7.70	3584495	27452544.00
2012/03/19	7.68	7.88	7.52	7.88	3145101	24306756.00
2012/03/20	8.01	8.01	7.58	7.59	2480134	19257356.00
2012/03/21	7.72	7.86	7.35	7.79	2979933	22744616.00
2012/03/22	7.70	7.80	7.61	7.65	1518714	11686774.00
2012/03/23	7.64	7.64	7.22	7.32	1568479	11609716.00
2012/03/26	7.35	7.42	7.25	7.29	721224	5291687.00
2012/03/27	7.40	7.40	7.17	7.19	780765	5684810.00
2012/03/28	7.13	7.19	6.66	6.74	1355273	9402325.00
2012/03/29	6.67	6.74	6.40	6.60	1690233	11098058.00
2012/03/30	6.60	6.63	6.40	6.50	943693	6141291.00
2012/04/05	6.50	6.75	6.48	6.69	1032421	6860029.00
2012/04/09	6.70	6.82	6.63	6.69	1125474	7571915.00
2012/04/10	6.66	6.76	6.40	6.74	937320	6180894.00
2012/04/11	6.65	6.85	6.64	6.84	1060592	7203818.00
2012/04/12	6.84	7.01	6.84	6.98	1327877	9213579.00
2012/04/13	7.05	7.19	6.93	7.12	1662930	11793290.00
2012/04/16	7.01	7.29	7.01	7.22	1317044	9459165.00
2012/04/17	7.19	7.29	7.02	7.07	1207618	8637672.00
2012/04/18	7.07	7.26	7.06	7.24	965877	6936790.00
2012/04/19	7.21	7.27	7.13	7.19	820288	5907859.00
2012/04/20	7.19	7.38	7.18	7.25	1598566	11633821.00
2012/04/23	7.18	7.32	7.13	7.18	1423057	10258246.00
2012/04/24	7.06	7.18	6.62	6.95	1848063	12738770.00
2012/04/25	6.90	7.10	6.85	7.10	941261	6585745.00
2012/04/26	7.09	7.81	7.00	7.81	7691027	58869596.00
2012/04/27	7.94	8.25	7.60	7.74	8613336	68516944.00
2012/05/02	7.70	7.70	7.15	7.47	6464998	48092020.00
2012/05/03	7.34	7.42	7.28	7.38	2082420	15300757.00
2012/05/04	7.35	7.53	7.32	7.43	1926295	14282807.00
2012/05/07	7.41	7.60	7.24	7.55	3270914	24353944.00
2012/05/08	7.53	7.62	7.38	7.52	2737664	20670550.00
2012/05/09	7.40	7.62	7.31	7.33	3004755	22354196.00
2012/05/10	7.28	7.36	7.15	7.21	2306861	16710204.00
2012/05/11	7.25	7.30	7.15	7.25	1257595	9095304.00
2012/05/14	7.50	7.65	7.30	7.32	2632096	19604176.00
2012/05/15	7.55	8.05	7.55	8.05	9731985	77345712.00
2012/05/16	8.06	8.85	7.94	8.49	15073465	126750080.00
2012/05/17	8.32	8.48	8.21	8.30	7682236	63826556.00
2012/05/18	8.15	8.20	7.72	7.79	5849464	46291384.00
2012/05/21	7.79	7.79	7.45	7.65	3990041	30275692.00
2012/05/23	7.59	8.05	7.52	8.01	6059645	47412896.00
2012/05/24	7.91	8.40	7.78	8.11	6819548	55633508.00
2012/05/25	8.11	8.61	8.00	8.33	7355908	61667056.00
2012/05/28	8.20	8.33	7.72	8.13	5635132	45501668.00
2012/05/29	8.05	8.44	7.82	8.39	4965199	40313104.00
2012/05/30	8.25	8.65	8.15	8.32	5623097	47640448.00
2012/05/31	8.19	8.20	8.00	8.02	2838801	22982536.00
2012/06/01	8.16	8.16	7.89	7.99	1838984	14737829.00
2012/06/04	7.90	8.47	7.73	8.06	3799009	30868086.00
2012/06/05	7.86	7.98	7.70	7.72	2313198	18048868.00
2012/06/06	7.80	7.89	7.54	7.61	1327985	10197540.00
2012/06/07	7.71	7.77	7.56	7.60	935895	7171466.00
2012/06/08	7.61	7.71	7.31	7.38	1102051	8315591.00
2012/06/11	7.38	7.59	7.36	7.52	803117	6002265.00
2012/06/12	7.46	7.75	7.46	7.63	1061652	8088817.00
2012/06/13	7.63	7.69	7.48	7.68	998348	7602727.00
2012/06/14	7.60	7.73	7.58	7.62	795388	6087397.00
2012/06/15	7.63	7.87	7.62	7.69	1104998	8547941.00
2012/06/18	7.61	7.78	7.61	7.71	884870	6811150.00
2012/06/19	7.71	7.72	7.51	7.57	896742	6809597.00
2012/06/20	7.51	7.93	7.51	7.85	4111999	32129822.00
2012/06/21	7.84	7.84	7.52	7.68	1287067	9835513.00
2012/06/25	7.60	7.68	7.19	7.20	1287177	9556724.00
2012/06/26	7.25	7.33	6.81	7.13	1128499	7997901.00
2012/06/27	7.07	7.22	7.06	7.12	774492	5526034.00
2012/06/28	7.14	7.30	6.96	7.00	833258	5944564.00
2012/06/29	7.00	7.09	6.86	7.07	505475	3551951.00
2012/07/02	7.17	7.65	7.12	7.43	3329106	25025618.00
2012/07/03	7.31	7.74	7.31	7.49	1992266	15095798.00
2012/07/04	7.41	7.75	7.31	7.63	2333364	17780940.00
2012/07/05	7.58	7.61	7.36	7.40	713782	5332282.00
2012/07/06	7.49	7.84	7.48	7.70	2957153	22802564.00
2012/07/09	7.60	7.75	7.46	7.53	999403	7593496.00
2012/07/10	7.48	7.60	7.20	7.25	814079	5975250.00
2012/07/11	7.26	7.40	7.19	7.38	682310	4987283.00
2012/07/12	7.38	7.45	7.23	7.39	773251	5688625.00
2012/07/13	7.41	7.45	7.33	7.35	503044	3713888.00
2012/07/16	7.35	7.35	6.83	6.86	1101989	7787139.00
2012/07/17	6.82	6.99	6.74	6.93	312886	2155637.00
2012/07/18	6.93	7.06	6.83	7.05	372051	2582840.00
2012/07/19	7.06	7.50	6.98	7.25	865566	6263629.00
2012/07/23	6.53	7.19	6.53	6.88	1198158	8154931.00
2012/07/24	6.71	6.94	6.71	6.86	580209	3963683.00
2012/07/25	6.89	7.55	6.89	7.40	3868500	28587886.00
2012/07/26	7.35	7.75	7.20	7.57	2888661	21862542.00
2012/07/27	7.58	7.80	7.30	7.64	2907768	22179224.00
2012/07/30	7.33	7.50	7.08	7.19	1650430	12101555.00
2012/07/31	7.27	7.29	6.85	6.98	922095	6453859.00
2012/08/01	6.87	7.19	6.86	7.11	478128	3391183.00
2012/08/02	7.16	7.21	7.00	7.13	518117	3690339.00
2012/08/03	7.25	7.77	7.25	7.72	4715178	36095304.00
2012/08/06	7.52	8.00	7.52	7.83	3591950	28206408.00
2012/08/07	7.82	8.18	7.70	7.84	3242452	25794392.00
2012/08/08	7.70	8.17	7.70	7.91	1970895	15714623.00
2012/08/09	7.65	8.13	7.58	8.10	2953523	23398916.00
2012/08/10	8.05	8.40	8.02	8.13	4331055	35866604.00
2012/08/13	8.02	8.34	7.80	8.30	4395814	35583696.00
2012/08/14	8.28	8.33	8.08	8.18	2314570	19018892.00
2012/08/15	8.17	8.19	7.78	7.80	1430700	11365642.00
2012/08/16	7.75	7.87	7.69	7.82	585784	4564356.00
2012/08/17	7.80	7.94	7.70	7.92	566615	4437266.00
2012/08/20	7.89	8.00	7.74	7.93	488143	3843678.00
2012/08/21	7.80	7.99	7.80	7.93	610296	4841230.00
2012/08/22	7.93	7.93	7.77	7.78	695817	5453986.00
2012/08/23	7.76	7.76	7.50	7.67	930962	7106265.00
2012/08/24	7.71	7.71	7.40	7.41	841458	6304168.00
2012/08/27	7.39	7.59	7.21	7.59	724391	5335997.00
2012/08/28	7.59	7.71	7.49	7.62	533804	4057169.00
2012/08/29	7.62	7.71	7.53	7.53	351501	2681703.00
2012/08/30	7.55	7.59	7.26	7.34	408200	3011683.00
2012/08/31	7.45	7.52	7.27	7.49	356737	2653047.00
2012/09/03	7.41	8.15	7.31	7.98	2590201	20404610.00
2012/09/04	7.96	8.29	7.87	8.13	3486566	28193922.00
2012/09/05	8.04	8.30	7.89	8.09	1650451	13358285.00
2012/09/06	8.09	8.30	7.97	8.14	1896636	15508008.00
2012/09/07	8.27	8.41	8.01	8.24	3422229	28262712.00
2012/09/10	8.17	8.38	8.05	8.24	3350948	27589016.00
2012/09/11	8.20	8.34	7.94	8.06	2618662	21317316.00
2012/09/12	8.15	8.15	7.75	7.94	2923029	23198664.00
2012/09/13	7.92	8.20	7.82	8.00	3035531	24477628.00
2012/09/14	7.94	8.03	7.71	7.84	1872452	14713926.00
2012/09/17	7.84	7.84	7.59	7.63	1306168	10009390.00
2012/09/18	7.62	7.90	7.57	7.89	1289799	10053264.00
2012/09/19	7.91	7.94	7.77	7.90	966260	7598400.00
2012/09/20	7.90	8.25	7.68	7.72	1958940	15602727.00
2012/09/21	7.71	7.71	7.41	7.50	1240837	9356012.00
2012/09/24	7.47	7.95	7.31	7.87	3341422	26009938.00
2012/09/25	7.80	7.95	7.72	7.73	1879699	14798927.00
2012/09/27	7.34	7.34	7.34	7.34	155200	1139168.00
2012/09/28	6.97	6.97	6.97	6.97	346700	2416499.00
2012/10/08	6.62	6.62	6.62	6.62	433100	2867122.00
2012/10/09	6.52	6.80	6.31	6.64	6272338	41292440.00
2012/10/10	6.56	6.68	6.48	6.63	4571146	30169432.00
2012/10/11	6.60	6.77	6.57	6.69	3735849	24905302.00
2012/10/12	6.66	6.78	6.59	6.62	3591090	23884864.00
2012/10/15	6.64	6.67	6.35	6.46	3052358	19703628.00
2012/10/16	6.46	6.55	6.40	6.54	1863879	12137451.00
2012/10/17	6.55	6.56	6.42	6.49	1323419	8585969.00
2012/10/18	6.50	6.67	6.48	6.61	3435243	22598640.00
2012/10/19	6.60	6.63	6.55	6.61	1520973	10015547.00
2012/10/22	6.59	6.77	6.57	6.71	2683926	17941912.00
2012/10/23	6.74	6.76	6.58	6.60	2289644	15166136.00
2012/10/24	6.58	6.66	6.53	6.66	1792635	11874249.00
2012/10/25	6.70	6.70	6.47	6.49	2181280	14337339.00
2012/10/26	6.49	6.52	6.17	6.22	2395646	14914059.00
2012/10/29	6.19	6.27	6.13	6.18	920616	5711273.00
2012/10/30	6.19	6.28	6.19	6.20	929716	5776835.00
2012/10/31	6.21	6.27	6.08	6.16	1088496	6697165.00
2012/11/01	6.14	6.24	6.13	6.24	2131460	13205992.00
2012/11/02	6.23	6.32	6.21	6.30	1337394	8381427.00
2012/11/05	6.28	6.36	6.25	6.29	1248891	7888097.00
2012/11/06	6.30	6.33	6.12	6.19	951741	5918400.00
2012/11/07	6.20	6.46	6.18	6.33	3890848	24693420.00
2012/11/08	6.25	6.37	6.20	6.34	1423065	8941656.00
2012/11/09	6.31	6.39	6.21	6.31	1598639	10073689.00
2012/11/12	6.32	6.63	6.30	6.61	5460669	35941312.00
2012/11/13	6.62	6.65	6.28	6.28	4526990	28839956.00
2012/11/14	6.20	6.20	5.97	6.00	3066902	18526548.00
2012/11/15	5.95	6.10	5.91	6.00	1550502	9323978.00
2012/11/16	5.99	5.99	5.83	5.88	1396841	8228503.00
2012/11/19	5.88	5.99	5.80	5.97	970700	5758194.00
2012/11/20	5.96	6.10	5.95	5.96	998187	6007207.00
2012/11/21	5.96	6.03	5.85	6.00	1076988	6404052.00
2012/11/22	5.96	6.15	5.91	6.06	1290814	7821151.00
2012/11/23	6.00	6.04	5.96	5.99	862435	5173257.00
2012/11/26	6.01	6.02	5.86	5.89	684549	4059268.00
2012/11/27	5.85	5.87	5.60	5.60	1099157	6200184.00
2012/11/28	5.51	5.51	5.32	5.36	761494	4132337.00
2012/11/29	5.37	5.53	5.32	5.36	847444	4593575.00
2012/11/30	5.35	5.40	5.20	5.39	699696	3729888.00
2012/12/03	5.24	5.33	5.12	5.12	931491	4902869.00
2012/12/04	5.05	5.14	4.89	5.13	1043895	5242037.00
2012/12/05	5.07	5.34	5.07	5.28	1403921	7378087.00
2012/12/06	5.27	5.35	5.25	5.29	713328	3785291.00
2012/12/07	5.30	5.55	5.29	5.53	1927501	10530658.00
2012/12/10	5.50	5.59	5.45	5.56	1185838	6572061.00
2012/12/11	5.53	5.58	5.40	5.46	1165334	6377900.00
2012/12/12	5.47	5.49	5.34	5.41	633700	3433266.00
2012/12/13	5.37	5.53	5.37	5.42	1026112	5610499.00
2012/12/14	5.42	5.64	5.40	5.62	1556003	8629675.00
2012/12/17	5.58	5.62	5.55	5.58	1307543	7307011.00
2012/12/18	5.59	5.74	5.54	5.62	1543632	8733803.00
2012/12/19	5.60	5.72	5.53	5.67	1070250	6059625.00
2012/12/20	5.70	5.70	5.62	5.67	725049	4104737.00
2012/12/21	5.65	5.70	5.61	5.68	582298	3297683.00
2012/12/24	5.66	5.96	5.66	5.91	2101350	12411665.00
2012/12/25	5.93	6.00	5.88	5.95	1159168	6868604.00
2012/12/26	5.94	5.96	5.83	5.92	1694439	9986255.00
2012/12/27	5.95	6.05	5.89	5.98	1759861	10514493.00
2012/12/28	5.98	6.06	5.95	6.02	1324596	7962562.00
2012/12/31	6.03	6.07	5.86	6.00	927254	5533027.00
2013/01/04	6.00	6.00	5.70	5.73	782343	4466726.00
2013/01/07	5.71	5.81	5.71	5.78	756533	4359773.00
2013/01/08	5.78	5.92	5.75	5.86	741068	4323854.00
2013/01/09	5.86	5.94	5.81	5.93	418360	2459948.00
2013/01/10	5.94	5.94	5.81	5.86	1217021	7144090.00
2013/01/11	5.88	5.88	5.75	5.76	1535904	8904117.00
2013/01/14	5.74	5.80	5.59	5.79	1373604	7811112.00
2013/01/15	5.78	5.85	5.75	5.80	1084001	6300728.00
2013/01/16	5.83	5.92	5.80	5.85	1340624	7846128.00
2013/01/17	5.87	6.01	5.85	5.96	1409688	8386746.00
2013/01/18	6.00	6.03	5.93	6.01	1043770	6235954.00
2013/01/21	6.01	6.31	5.95	6.15	1893338	11670657.00
2013/01/22	6.16	6.35	6.08	6.17	1855418	11555422.00
2013/01/23	6.18	6.23	5.99	6.04	1332627	8098024.00
2013/01/24	6.04	6.18	5.95	5.98	1258620	7605848.00
2013/01/25	5.96	6.27	5.96	6.22	1193133	7307920.00
2013/01/28	6.23	6.37	6.15	6.36	1650800	10359508.00
2013/01/29	6.36	6.36	6.23	6.29	831850	5233121.00
2013/01/30	6.25	6.28	6.18	6.23	482330	3005333.00
2013/01/31	6.22	6.23	6.15	6.17	740105	4572943.00
2013/02/01	6.13	6.28	6.00	6.16	891887	5491358.00
2013/02/04	6.15	6.17	6.10	6.17	616929	3779663.00
2013/02/05	6.16	6.27	6.15	6.18	654827	4060846.00
2013/02/06	6.17	6.25	6.16	6.22	669806	4154034.00
2013/02/07	6.27	6.28	6.17	6.20	677291	4208580.00
2013/02/08	6.26	6.34	6.21	6.29	1236102	7765322.00
2013/02/18	6.30	6.51	6.26	6.43	1082619	6939234.00
2013/02/19	6.40	6.46	6.32	6.37	659343	4206136.00
2013/02/20	6.32	6.45	6.32	6.43	627299	4014173.00
2013/02/21	6.43	6.45	6.29	6.34	800821	5099338.00
2013/02/22	6.34	6.48	6.33	6.35	791884	5067952.00
2013/02/25	6.40	6.64	6.39	6.56	1443109	9449375.00
2013/02/26	6.52	6.88	6.52	6.78	1759815	11889422.00
2013/02/27	6.76	6.88	6.68	6.82	998947	6766684.00
2013/02/28	6.80	7.16	6.79	7.10	1464934	10303511.00
2013/03/01	7.08	7.20	7.01	7.16	1141677	8108656.00
2013/03/04	7.13	7.25	7.04	7.13	1145184	8168778.00
2013/03/05	7.12	7.19	7.03	7.15	811729	5777077.00
2013/03/06	7.15	7.28	7.14	7.23	574506	4142677.00
2013/03/07	7.21	7.26	7.12	7.24	610798	4387176.00
2013/03/08	7.22	7.49	7.16	7.34	1385325	10146838.00
2013/03/11	7.36	7.71	7.36	7.58	3101951	23705920.00
2013/03/12	7.56	7.72	7.20	7.32	2167944	16294694.00
2013/03/13	7.31	7.59	7.23	7.46	1096161	8197588.00
2013/03/14	7.50	7.74	7.43	7.59	1657059	12697534.00
2013/03/15	7.45	7.49	7.21	7.21	2941300	21392432.00
2013/03/18	7.05	7.11	6.85	7.03	3224122	22436462.00
2013/03/19	7.02	7.09	6.86	7.00	925301	6494242.00
2013/03/20	7.00	7.07	6.92	7.04	1198549	8417669.00
2013/03/21	7.03	7.27	6.98	7.15	1071902	7599949.00
2013/04/08	7.51	7.51	7.50	7.51	883052	6631589.00
2013/04/09	7.59	7.59	7.13	7.24	1596560	11714816.00
2013/04/10	7.18	7.20	6.98	7.13	744764	5288773.00
2013/04/11	7.07	7.48	7.07	7.23	715066	5211525.00
2013/04/12	7.28	7.34	7.21	7.30	353741	2578568.00
2013/04/15	7.15	7.26	6.99	7.09	356053	2537073.00
2013/04/16	7.14	7.14	6.74	6.95	556200	3818073.00
2013/04/17	6.95	7.00	6.76	7.00	456777	3152093.00
2013/04/18	6.91	7.06	6.91	6.95	330340	2308349.00
2013/04/19	7.01	7.12	7.00	7.02	463944	3266558.00
2013/04/22	7.02	7.11	7.00	7.07	186261	1315037.00
2013/04/23	7.05	7.07	6.90	7.00	352850	2470302.00
2013/04/24	6.90	7.17	6.90	7.15	399405	2831549.00
2013/04/25	7.10	7.17	7.00	7.07	369204	2626566.00
2013/04/26	7.04	7.12	6.90	6.98	360502	2511068.00
2013/05/03	6.90	7.05	6.90	6.98	518372	3612064.00
2013/05/06	6.98	7.24	6.98	7.12	791200	5644194.00
2013/05/07	7.05	7.13	7.05	7.10	600807	4263300.00
2013/05/08	7.15	7.16	7.02	7.10	738968	5227187.00
2013/05/09	7.10	7.14	7.04	7.09	528499	3741545.00
2013/05/10	7.05	7.14	7.03	7.12	669560	4749558.00
2013/05/13	7.12	7.32	7.09	7.28	1399130	10131206.00
2013/05/14	7.23	7.28	7.15	7.20	751719	5425405.00
2013/05/15	7.20	7.27	7.12	7.23	783524	5658046.00
2013/05/16	7.21	7.30	7.20	7.27	1097487	7959357.00
2013/05/17	7.29	7.29	7.22	7.28	606595	4402299.00
2013/05/20	7.27	7.49	7.25	7.28	1247040	9148630.00
2013/05/21	7.30	7.30	7.19	7.26	842240	6097866.00
2013/05/22	7.26	7.40	7.23	7.33	2037632	14936111.00
2013/05/23	7.33	7.66	7.29	7.40	2349226	17433016.00
2013/05/24	7.33	7.67	7.30	7.66	2575162	19369234.00
2013/05/27	7.69	7.77	7.45	7.73	2966164	22766026.00
2013/05/28	7.66	7.84	7.64	7.82	1493748	11550332.00
2013/05/29	7.82	8.16	7.81	7.87	1760171	13978565.00
2013/05/30	7.82	7.91	7.72	7.78	930626	7279909.00
2013/05/31	7.77	7.92	7.67	7.71	988819	7664251.00
2013/06/03	7.70	7.86	7.65	7.72	680542	5271508.00
2013/06/04	7.80	7.81	7.50	7.51	1242564	9477963.00
2013/06/05	7.51	7.65	7.47	7.59	808589	6146407.00
2013/06/06	7.60	7.73	7.56	7.63	506621	3878361.00
2013/06/07	7.70	7.71	7.58	7.64	820245	6267536.00
2013/06/13	7.60	7.60	7.27	7.58	948686	7059251.00
2013/06/14	7.63	7.88	7.45	7.83	1448545	11166111.00
2013/06/17	7.85	8.07	7.67	7.90	1467201	11576267.00
2013/06/18	7.80	7.94	7.80	7.89	542721	4270105.00
2013/06/19	7.85	7.95	7.75	7.88	574836	4513763.00
2013/06/20	7.88	7.92	7.64	7.68	740672	5734236.00
2013/06/21	7.68	7.72	7.42	7.67	859024	6468004.00
2013/06/24	7.60	7.98	7.31	7.46	1135343	8599387.00
2013/06/25	7.38	7.48	7.09	7.19	1339417	9590477.00
2013/06/26	7.19	7.31	7.15	7.24	593648	4279792.00
2013/06/27	7.24	7.31	7.12	7.13	599592	4346261.00
2013/06/28	7.02	7.18	6.82	6.88	1186779	8290766.00
2013/07/01	6.90	7.05	6.85	7.02	372577	2598073.00
2013/07/02	7.05	7.37	7.00	7.37	948204	6901561.00
2013/07/03	7.55	7.74	7.36	7.74	2127862	16189285.00
2013/07/04	7.73	7.83	7.64	7.71	901872	6977949.00
2013/07/05	7.70	7.95	7.70	7.76	858682	6733937.00
2013/07/08	7.63	7.71	7.44	7.46	473574	3585108.00
2013/07/09	7.46	7.75	7.46	7.68	620173	4739963.00
2013/07/10	7.68	7.68	7.36	7.50	1071040	7990713.00
2013/07/11	7.52	7.65	7.43	7.64	837192	6319339.00
2013/07/12	7.63	7.69	7.48	7.58	829186	6318372.00
2013/07/15	7.58	7.67	7.40	7.47	1144269	8556170.00
2013/07/16	7.45	7.62	7.38	7.56	1201793	9031526.00
2013/07/17	7.52	7.77	7.52	7.56	1012364	7726001.00
2013/07/18	7.60	7.80	7.54	7.77	944983	7275987.00
2013/07/19	7.85	7.89	7.43	7.45	1346241	10287906.00
2013/07/22	7.45	7.58	7.38	7.54	474893	3544754.00
2013/07/23	7.54	7.73	7.51	7.69	515783	3959509.00
2013/07/24	7.63	7.77	7.60	7.76	686165	5278094.00
2013/07/25	7.79	7.79	7.63	7.70	510713	3931536.00
2013/07/26	7.72	8.09	7.68	8.08	3965741	31829186.00
2013/07/29	8.05	8.10	7.85	8.02	1407073	11209315.00
2013/07/30	7.93	8.00	7.81	7.93	1091955	8585684.00
2013/07/31	7.93	8.04	7.87	8.02	749874	5961649.00
2013/08/01	8.03	8.42	7.91	8.27	2457810	20298292.00
2013/08/02	8.22	8.52	8.22	8.41	1442832	12076962.00
2013/08/05	8.41	8.83	8.41	8.83	1711402	14878186.00
2013/08/06	8.99	9.25	8.67	9.00	2331998	20894908.00
2013/08/07	8.97	9.15	8.69	8.85	1596039	14148894.00
2013/08/08	8.77	8.95	8.58	8.61	1620767	14174290.00
2013/08/09	8.68	8.69	8.30	8.61	2168125	18404752.00
2013/08/12	8.55	8.68	8.41	8.61	1248230	10674953.00
2013/08/13	8.62	9.04	8.54	9.03	2842705	25373144.00
2013/08/14	8.98	9.10	8.89	9.02	1221473	10969213.00
2013/08/15	8.95	9.09	8.95	9.05	1001668	9041198.00
2013/08/16	9.01	9.50	9.00	9.27	2223888	20942416.00
2013/08/19	9.27	9.73	9.18	9.73	2259906	21633042.00
2013/08/20	9.73	10.22	9.73	10.17	2873143	28904252.00
2013/08/21	9.90	10.48	9.66	9.69	3375914	33398616.00
2013/08/22	9.57	10.05	9.53	9.67	1793695	17456574.00
2013/08/23	9.74	10.04	9.61	9.94	2253761	22168376.00
2013/08/26	10.00	10.04	9.75	10.01	1064828	10481187.00
2013/08/27	9.88	10.16	9.78	9.92	1219930	12144231.00
2013/08/28	9.99	10.04	9.81	9.99	1150929	11428455.00
2013/08/29	9.90	10.00	9.84	9.93	786126	7781869.00
2013/08/30	9.99	10.00	9.78	10.00	848874	8416165.00
2013/09/02	10.00	10.00	9.50	9.60	1846911	17768720.00
2013/09/03	9.58	9.96	9.15	9.83	2447681	23356656.00
2013/09/04	9.89	10.32	9.68	10.24	4138716	41830420.00
2013/09/05	10.28	10.33	9.96	10.17	2962892	30129416.00
2013/09/06	9.66	9.66	9.66	9.66	492500	4757550.00
2013/09/09	9.18	9.45	9.18	9.18	3758135	34638788.00
2013/09/10	9.15	9.25	8.85	9.18	2051856	18585636.00
2013/09/11	8.97	9.62	8.96	9.01	1401932	12970222.00
2013/09/12	9.03	9.08	8.97	9.01	590354	5320401.00
2013/09/13	9.01	9.04	8.68	8.93	1004163	8904100.00
2013/09/16	8.90	9.13	8.88	9.05	984714	8873045.00
2013/09/17	9.05	9.15	9.00	9.09	816941	7413598.00
2013/09/18	9.03	9.13	9.03	9.08	555063	5040329.00
2013/09/23	9.04	9.23	9.03	9.21	861552	7850521.00
2013/09/24	9.16	9.30	9.16	9.23	644009	5942330.00
2013/09/25	9.21	9.26	9.06	9.15	947102	8656613.00
2013/09/26	9.10	9.48	9.01	9.03	1114915	10274765.00
2013/09/27	9.02	9.12	8.69	8.92	827789	7355049.00
2013/09/30	8.85	8.95	8.76	8.94	892735	7896245.00
2013/10/08	8.94	9.05	8.82	8.93	780654	6980055.00
2013/10/09	8.87	8.96	8.87	8.93	740381	6586908.00
2013/10/10	8.95	8.96	8.85	8.93	551548	4907144.00
2013/10/11	8.97	9.09	8.95	9.02	824328	7442961.00
2013/10/14	9.03	9.17	8.90	9.16	1006219	9118274.00
2013/10/15	9.18	9.59	9.10	9.26	2146138	19973916.00
2013/10/16	9.26	9.29	9.03	9.08	1321399	12091301.00
2013/10/17	9.08	9.25	8.98	9.02	731073	6655814.00
2013/10/18	9.02	9.10	8.87	8.97	948776	8489344.00
2013/10/21	8.92	8.94	8.54	8.82	1210737	10595111.00
2013/10/22	8.82	8.93	8.74	8.85	778763	6892016.00
2013/10/23	8.81	8.85	8.50	8.50	773990	6694730.00
2013/10/24	8.45	8.62	8.45	8.50	557967	4758717.00
2013/10/25	8.45	8.50	8.12	8.27	1157862	9634030.00
2013/10/28	8.29	8.49	8.24	8.26	415900	3469610.00
2013/10/29	8.27	8.33	7.87	8.13	467132	3808335.00
2013/10/30	8.07	8.27	8.07	8.25	471438	3868205.00
2013/10/31	8.26	8.50	8.12	8.36	427958	3581158.00
2013/11/01	8.40	8.48	8.32	8.43	301809	2532542.00
2013/11/04	8.39	8.45	8.24	8.26	446600	3716884.00
2013/11/05	8.22	8.39	8.18	8.38	252216	2093401.00
2013/11/06	8.41	8.56	8.39	8.47	467426	3958665.00
2013/11/07	8.47	8.49	8.36	8.37	302832	2548488.00
2013/11/08	8.36	8.40	8.28	8.35	313602	2613799.00
2013/11/11	8.35	8.38	8.18	8.38	322296	2676099.00
2013/11/12	8.37	8.46	8.34	8.44	195701	1644959.00
2013/11/13	8.45	8.45	8.26	8.36	254233	2126301.00
2013/11/14	8.35	8.38	8.26	8.36	338500	2823787.00
2013/11/15	8.38	8.57	8.36	8.57	669452	5680593.00
2013/11/18	8.33	8.54	8.28	8.46	1147286	9647067.00
2013/11/19	8.39	8.52	8.34	8.50	823305	6972248.00
2013/11/20	8.51	8.63	8.47	8.55	597351	5092437.00
2013/11/21	8.52	8.59	8.48	8.55	476432	4062386.00
2013/11/22	8.59	8.64	8.50	8.59	552429	4748149.00
2013/11/25	8.50	8.75	8.50	8.71	596913	5148026.00
2013/11/26	8.73	8.75	8.56	8.59	578410	4999773.00
2013/11/27	8.60	8.70	8.56	8.69	451675	3896263.00
2013/11/28	8.74	8.75	8.63	8.71	321849	2805949.00
2013/11/29	8.72	8.78	8.65	8.73	321126	2797594.00
2013/12/02	8.29	8.44	8.29	8.29	680739	5648359.00
2013/12/03	7.94	7.94	7.88	7.89	1311100	10335793.00
2013/12/04	7.87	7.96	7.82	7.88	992178	7822139.00
2013/12/05	7.81	7.90	7.75	7.77	570437	4468387.00
2013/12/06	7.77	7.93	7.71	7.90	693997	5431170.00
2013/12/09	7.89	7.99	7.81	7.93	424397	3363998.00
2013/12/10	7.94	7.94	7.82	7.88	666982	5259330.00
2013/12/11	7.87	7.87	7.54	7.64	1174748	9006304.00
2013/12/12	7.63	7.85	7.62	7.79	781706	6049116.00
2013/12/13	7.77	7.85	7.70	7.83	634778	4945894.00
2013/12/16	7.82	7.86	7.74	7.74	436144	3397862.00
2013/12/17	7.78	7.78	7.56	7.62	442898	3381494.00
2013/12/18	7.63	7.94	7.57	7.87	798867	6231346.00
2013/12/19	7.91	7.98	7.70	7.78	546100	4287166.00
2013/12/20	7.84	7.84	7.58	7.69	236650	1821807.00
2013/12/23	7.60	7.72	7.60	7.60	226929	1737938.00
2013/12/24	7.55	7.64	7.42	7.51	440016	3303747.00
2013/12/25	7.45	7.61	7.42	7.58	295956	2220716.00
2013/12/26	7.50	7.57	7.47	7.48	242000	1819682.00
2013/12/27	7.55	7.68	7.55	7.66	346944	2646664.00
2013/12/30	7.63	7.99	7.57	7.82	547976	4294808.00
2013/12/31	7.74	7.80	7.62	7.72	395939	3042232.00
2014/01/02	7.72	7.77	7.60	7.77	543772	4182947.00
2014/01/03	7.70	7.77	7.62	7.76	309699	2382637.00
2014/01/06	7.68	7.68	7.37	7.40	630488	4735590.00
2014/01/07	7.18	7.43	7.12	7.28	142500	1044177.00
2014/01/08	7.36	7.36	7.09	7.19	484770	3494794.00
2014/01/09	7.18	7.25	6.95	6.96	473412	3368033.00
2014/01/10	6.91	7.00	6.75	6.86	431005	2958546.00
2014/01/13	6.71	6.88	6.71	6.87	289300	1965238.00
2014/01/14	6.85	7.09	6.78	7.04	356230	2489279.00
2014/01/15	7.06	7.10	7.00	7.07	414320	2925226.00
2014/01/16	7.00	7.08	6.99	7.01	510910	3583749.00
2014/01/17	7.04	7.07	6.90	7.03	281748	1971562.00
2014/01/20	7.00	7.06	6.80	6.94	378400	2645411.00
2014/01/21	6.91	7.05	6.90	6.99	183257	1280450.00
2014/01/22	6.98	7.17	6.98	7.15	271667	1931986.00
2014/01/23	7.16	7.26	7.15	7.25	432164	3114416.00
2014/01/24	7.23	7.40	7.19	7.39	338238	2476575.00
2014/01/27	7.33	7.61	7.22	7.55	437229	3264059.00
2014/01/28	7.49	7.58	7.40	7.45	238320	1779936.00
2014/01/29	7.49	7.77	7.49	7.60	231600	1766814.00
2014/01/30	7.49	7.58	7.31	7.54	331035	2482773.00
2014/02/07	7.53	7.58	7.40	7.57	245260	1841608.00
2014/02/10	7.59	7.75	7.58	7.74	615084	4730771.00
2014/02/11	7.76	8.13	7.67	8.13	1234771	9897207.00
2014/02/12	8.19	8.26	8.03	8.13	688753	5596939.00
2014/02/13	8.13	8.22	8.03	8.11	333491	2707538.00
2014/02/14	8.04	8.46	8.04	8.38	551573	4547543.00
2014/02/17	8.33	8.39	8.20	8.30	895933	7414076.00
2014/02/18	8.31	8.33	8.21	8.24	470149	3893495.00
2014/02/19	8.25	8.31	8.21	8.30	303820	2512120.00
2014/02/20	8.28	8.32	8.15	8.20	435403	3576952.00
2014/02/21	8.22	8.24	8.12	8.16	438249	3573677.00
2014/02/24	8.12	8.16	7.85	7.92	541153	4303951.00
2014/02/25	7.94	8.03	7.72	7.78	649410	5129032.00
2014/02/26	7.62	7.84	7.58	7.81	414911	3216986.00
2014/02/27	7.75	7.95	7.75	7.82	290527	2281015.00
2014/02/28	7.82	7.92	7.75	7.92	188968	1476585.00
2014/03/03	7.95	8.21	7.91	8.18	469100	3815965.00
2014/03/04	8.10	8.21	8.03	8.14	338552	2739588.00
2014/03/05	8.10	8.18	8.08	8.13	152558	1239582.00
2014/03/06	8.18	8.18	8.01	8.10	563476	4547482.00
2014/03/07	8.02	8.43	8.02	8.20	399898	3285952.00
2014/03/10	8.20	8.31	7.90	8.07	897373	7302593.00
2014/03/11	7.93	8.07	7.90	8.00	490208	3898143.00
2014/03/12	8.00	8.15	7.95	8.13	646348	5221206.00
2014/03/13	8.11	8.42	8.07	8.35	679302	5627926.00
2014/03/14	8.35	8.41	8.21	8.29	336164	2795784.00
2014/03/17	8.33	8.40	8.29	8.39	395154	3303625.00
2014/03/18	8.41	8.48	8.31	8.34	552128	4626970.00
2014/03/19	8.38	8.38	8.25	8.33	381614	3163418.00
2014/03/20	8.36	8.58	8.27	8.34	601929	5079354.00
2014/03/21	8.19	8.53	8.19	8.51	626211	5271534.00
2014/03/24	8.51	8.64	8.46	8.52	787697	6743278.00
2014/03/25	8.52	8.62	8.47	8.59	435982	3729339.00
2014/03/26	8.55	8.72	8.47	8.54	358801	3079448.00
2014/03/27	8.56	8.57	8.40	8.49	550132	4668297.00
2014/03/28	8.45	8.48	8.19	8.24	567411	4721366.00
2014/03/31	8.22	8.32	8.08	8.10	272800	2233578.00
2014/04/01	8.05	8.25	8.01	8.23	336388	2743175.00
2014/04/02	8.27	8.28	8.17	8.26	202775	1666624.00
2014/04/03	8.26	8.28	8.12	8.26	258989	2124887.00
2014/04/04	8.20	8.50	8.18	8.48	500759	4195357.00
2014/04/08	8.48	8.80	8.48	8.71	826817	7152884.00
2014/04/09	8.67	8.92	8.65	8.90	989862	8754749.00
2014/04/10	8.88	8.93	8.79	8.88	588950	5212706.00
2014/04/11	8.94	8.94	8.62	8.86	631682	5565292.00
2014/04/14	8.88	8.97	8.75	8.94	658255	5832192.00
2014/04/15	8.94	9.38	8.85	9.29	2213351	20509102.00
2014/04/16	9.30	9.35	9.11	9.29	1466410	13584609.00
2014/04/17	9.25	9.35	9.16	9.22	640611	5932258.00
2014/04/18	9.18	9.28	9.03	9.05	960191	8785442.00
2014/04/29	8.60	8.60	8.60	8.60	43500	374100.00
2014/04/30	8.17	8.40	8.17	8.25	1812733	14884801.00
2014/05/05	8.21	8.36	8.10	8.29	572902	4709854.00
2014/05/06	8.29	8.34	8.19	8.30	461237	3825866.00
2014/05/07	8.28	8.53	8.24	8.44	579635	4846521.00
2014/05/08	8.45	8.45	8.23	8.30	474709	3956879.00
2014/05/09	8.27	8.34	8.08	8.19	498019	4054608.00
2014/05/12	8.19	8.34	8.11	8.32	318734	2629522.00
2014/05/13	8.32	8.43	8.30	8.38	453220	3789865.00
2014/05/14	8.38	8.45	8.25	8.27	447765	3735173.00
2014/05/15	8.39	8.39	7.91	8.00	496550	4029244.00
2014/05/16	8.03	8.09	7.91	7.92	514601	4108559.00
2014/05/19	7.89	7.96	7.76	7.93	375582	2961560.00
2014/05/20	7.88	8.06	7.88	8.04	183076	1468734.00
2014/05/21	7.94	8.13	7.94	8.08	227301	1829841.00
2014/05/22	8.10	8.15	8.02	8.11	381108	3080122.00
2014/05/23	8.04	8.30	8.01	8.20	412912	3348793.00
2014/05/26	8.15	8.30	8.08	8.29	397811	3281782.00
2014/05/27	8.17	8.38	8.17	8.28	355601	2951055.00
2014/05/28	8.30	8.48	8.23	8.39	342303	2867749.00
2014/05/29	8.40	8.64	8.20	8.27	568720	4798267.00
2014/05/30	8.26	8.43	8.25	8.41	485111	4057533.00
2014/06/03	8.41	8.43	8.29	8.37	369987	3101632.00
2014/06/04	8.35	8.40	8.22	8.36	268722	2232602.00
2014/06/05	8.27	8.53	8.22	8.46	356673	2991323.00
2014/06/06	8.50	8.50	8.35	8.44	366692	3088360.00
2014/06/09	8.31	8.52	8.30	8.48	291324	2460905.00
2014/06/10	8.42	8.61	8.42	8.54	326546	2784620.00
2014/06/11	8.55	8.76	8.49	8.70	486992	4216003.00
2014/06/12	8.65	8.85	8.65	8.65	327710	2867462.00
2014/06/13	8.61	8.76	8.61	8.66	403916	3512136.00
2014/06/16	8.71	8.71	8.56	8.65	488115	4216394.00
2014/06/17	8.67	8.92	8.45	8.67	805787	7054874.00
2014/06/18	8.64	8.78	8.55	8.59	397925	3444605.00
2014/06/19	8.55	8.66	8.20	8.36	405646	3433770.00
2014/06/20	8.36	8.50	8.32	8.50	276785	2327277.00
2014/06/23	8.49	8.74	8.46	8.67	349083	2999627.00
2014/06/24	8.72	8.74	8.64	8.71	391618	3398804.00
2014/06/25	8.69	8.79	8.61	8.62	366391	3180202.00
2014/06/26	8.58	8.80	8.50	8.75	826859	7179675.00
2014/06/27	8.75	8.92	8.72	8.80	584092	5138299.00
2014/06/30	8.75	8.83	8.71	8.77	592850	5198538.00
2014/07/01	8.80	8.93	8.76	8.91	720621	6388571.00
2014/07/02	8.87	8.92	8.78	8.82	673634	5951894.00
2014/07/03	8.85	8.95	8.84	8.90	608840	5423826.00
2014/07/04	8.85	8.95	8.85	8.94	796451	7098882.00
2014/07/07	8.93	8.93	8.78	8.83	566405	5013200.00
2014/07/08	8.84	8.92	8.82	8.90	412453	3662585.00
2014/07/09	8.84	8.95	8.80	8.85	426365	3781123.00
2014/07/10	8.78	8.93	8.78	8.83	356505	3158818.00
2014/07/11	8.89	8.97	8.83	8.92	570871	5083584.00
2014/07/14	8.95	9.00	8.88	9.00	583911	5231541.00
2014/07/15	9.03	9.13	8.90	9.12	613759	5529480.00
2014/07/16	9.12	9.16	9.05	9.09	611471	5563312.00
2014/07/17	9.08	9.09	8.95	9.02	389805	3510045.00
2014/07/18	8.96	9.18	8.95	9.08	464559	4197591.00
2014/07/21	9.00	9.05	8.92	8.98	556400	5004007.00
2014/07/22	8.98	9.05	8.95	9.00	369443	3325275.00
2014/07/23	9.05	9.08	8.94	8.95	565290	5095644.00
2014/07/24	8.94	9.05	8.50	8.84	517493	4585777.00
2014/07/25	8.88	8.93	8.76	8.93	365654	3243203.00
2014/07/28	8.98	9.15	8.89	9.09	686015	6163944.00
2014/07/29	9.10	9.15	9.03	9.13	592290	5383405.00
2014/07/30	9.15	9.17	9.09	9.12	480150	4382613.00
2014/07/31	9.15	9.39	9.12	9.31	1014811	9410269.00
2014/08/01	9.20	9.38	9.19	9.22	639011	5918925.00
2014/08/04	9.22	9.30	9.18	9.23	550400	5083069.00
2014/08/05	9.25	9.33	9.21	9.32	464584	4308062.00
2014/08/06	9.37	9.38	9.15	9.29	622178	5782129.00
2014/08/07	9.29	9.40	9.24	9.34	583579	5448457.00
2014/08/08	9.36	9.47	9.31	9.46	680205	6405071.00
2014/08/11	9.46	9.60	9.43	9.46	933884	8883860.00
2014/08/12	9.48	9.65	9.45	9.58	731399	6976139.00
2014/08/13	9.60	9.77	9.51	9.61	447947	4299007.00
2014/08/14	9.56	9.99	9.56	9.87	1192549	11680189.00
2014/08/15	9.81	9.95	9.81	9.88	696379	6872087.00
2014/08/18	9.90	10.00	9.40	9.95	1366051	13363131.00
2014/08/19	9.90	9.94	9.81	9.93	764241	7559978.00
2014/08/20	9.94	10.35	9.91	10.22	1260186	12806252.00
2014/08/21	10.20	10.39	10.12	10.18	1082111	11068476.00
2014/08/22	10.15	10.28	10.09	10.25	929523	9453055.00
2014/08/25	10.25	10.38	10.20	10.24	816235	8392329.00
2014/08/26	10.15	10.35	9.82	9.88	1000020	10058299.00
2014/08/27	9.86	10.14	9.85	9.93	1252392	12471940.00
2014/08/28	9.98	10.30	9.93	10.14	1163378	11820377.00
2014/08/29	10.15	10.29	10.01	10.21	927124	9385406.00
2014/09/01	10.20	10.67	10.16	10.64	1552879	16134888.00
2014/09/02	10.60	11.17	10.54	11.01	3025385	33278932.00
2014/09/03	11.01	11.18	10.81	11.16	2475348	27251968.00
2014/09/04	11.14	11.35	11.08	11.16	1179799	13214660.00
2014/09/05	11.20	11.20	11.06	11.19	935060	10413776.00
2014/09/09	11.19	11.19	11.00	11.13	1053842	11679390.00
2014/09/10	11.13	11.32	11.01	11.18	1318440	14764237.00
2014/09/11	11.18	11.53	11.06	11.24	2395170	27147216.00
2014/09/12	11.24	11.60	11.11	11.60	1276485	14503952.00
2014/09/15	11.63	11.84	11.57	11.75	1651580	19336382.00
2014/09/16	11.79	12.34	11.78	11.85	3097928	37710120.00
2014/09/17	11.98	12.34	11.26	11.60	2958774	34947276.00
2014/09/18	11.81	12.04	11.60	12.04	1259964	14914797.00
2014/09/19	12.00	12.64	12.00	12.64	2778178	34928760.00
2014/09/22	12.64	12.68	12.15	12.26	3166081	39203024.00
2014/09/23	12.24	12.48	12.24	12.43	1116104	13783752.00
2014/09/24	12.47	12.89	12.47	12.71	1605614	20461712.00
2014/09/25	12.71	12.93	12.57	12.75	1267860	16139817.00
2014/09/26	12.71	12.77	12.51	12.71	957071	12108314.00
2014/09/30	13.23	13.35	13.20	13.35	2956067	39410588.00
2014/10/08	13.28	14.02	13.18	14.02	2665793	36295324.00
2014/10/09	14.19	14.72	13.60	14.17	3645745	51950192.00
2014/10/10	13.87	14.14	13.61	13.87	1394024	19399476.00
2014/10/13	13.50	13.60	13.18	13.18	1700703	22495318.00
2014/10/14	12.89	13.70	12.89	13.32	2270878	30379622.00
2014/10/15	13.20	13.42	13.08	13.40	944219	12509924.00
2014/10/16	13.28	13.47	13.13	13.15	814560	10837529.00
2014/10/17	13.10	13.16	12.49	12.50	3080740	38727104.00
2014/10/20	12.15	12.49	11.88	12.33	1914968	23277052.00
2014/10/21	12.25	12.48	12.21	12.28	1005882	12407015.00
2014/10/22	12.29	12.64	12.29	12.31	783030	9765741.00
2014/10/23	12.05	12.25	11.69	11.72	1459150	17282516.00
2014/10/24	11.79	11.89	11.66	11.77	1563749	18478668.00
2014/10/27	11.82	12.36	11.73	12.31	1372801	16651059.00
2014/10/28	12.45	12.89	12.31	12.80	1222697	15397693.00
2014/10/29	12.80	13.17	12.74	12.89	1346526	17475336.00
2014/10/30	12.92	12.99	12.61	12.84	905018	11615785.00
2014/10/31	12.86	12.99	12.78	12.99	937066	12061940.00
2014/11/03	12.93	13.07	12.91	13.03	852522	11070376.00
2014/11/04	13.00	13.15	12.85	12.89	705514	9126127.00
2014/11/05	12.88	13.36	12.73	13.35	1462804	19068188.00
2014/11/06	13.24	13.31	13.03	13.24	782223	10321524.00
2014/11/07	13.18	13.42	12.74	12.80	1580751	20656532.00
2014/11/10	12.78	12.90	12.73	12.87	1464643	18759456.00
2014/11/11	12.88	12.92	12.23	12.23	1511951	18723064.00
2014/11/12	12.23	12.35	12.02	12.30	622236	7588460.00
2014/11/13	12.27	12.50	12.26	12.31	711901	8814586.00
2014/11/14	12.31	12.36	12.05	12.36	543941	6643636.00
2014/11/17	12.37	12.47	12.17	12.37	971311	11983116.00
2014/11/18	12.30	12.57	12.22	12.40	441501	5469866.00
2014/11/19	12.37	12.85	12.37	12.83	1081045	13731106.00
2014/11/20	12.70	12.70	12.33	12.38	1393945	17403548.00
2014/11/21	12.33	12.51	12.30	12.49	713200	8855389.00
2014/11/24	12.50	12.67	12.42	12.58	893555	11178494.00
2014/11/25	12.57	12.65	12.40	12.61	1117100	13987647.00
2014/11/26	12.55	12.67	12.47	12.61	1312248	16462502.00
2014/11/27	12.62	12.99	12.62	12.90	1692989	21724456.00
2014/11/28	12.94	12.94	12.76	12.89	908239	11672343.00
2014/12/01	12.90	12.90	12.38	12.50	1512638	18972600.00
2014/12/02	12.45	12.59	12.40	12.45	795927	9938204.00
2014/12/03	12.45	12.53	12.17	12.33	1169571	14363207.00
2014/12/04	12.30	12.46	12.22	12.36	1417338	17526594.00
2014/12/05	12.31	12.36	11.74	11.74	2627602	31107086.00
2014/12/08	11.64	11.71	11.15	11.21	2689654	30313364.00
2014/12/09	11.03	11.23	10.65	10.65	2491976	26877780.00
2014/12/10	10.36	10.63	10.12	10.49	4441313	45609792.00
2014/12/11	10.44	10.76	10.25	10.69	2860040	30192952.00
2014/12/12	10.67	10.93	10.50	10.85	2403926	25764584.00
2014/12/15	10.82	10.97	10.70	10.86	1117846	12119048.00
2014/12/16	10.85	10.98	10.65	10.97	1794605	19402772.00
2014/12/17	10.87	10.95	10.50	10.51	1563834	16685107.00
2014/12/18	10.54	10.64	10.46	10.51	782218	8258020.00
2014/12/19	10.40	10.50	10.01	10.11	1391294	14192500.00
2014/12/22	10.17	10.17	9.60	9.60	2471130	23924468.00
2014/12/23	9.49	9.71	9.28	9.59	890914	8505937.00
2014/12/24	9.60	9.96	9.60	9.81	1171196	11466969.00
2014/12/25	9.82	10.09	9.82	10.00	795703	7942373.00
2014/12/26	10.03	10.06	9.89	10.05	772033	7714215.00
2014/12/29	10.08	10.08	9.61	9.69	837485	8151067.00
2014/12/30	9.58	9.87	9.57	9.80	960304	9355511.00
2014/12/31	9.79	9.86	9.66	9.86	628437	6136949.00
2015/01/05	9.86	9.86	9.68	9.84	1115483	10894628.00
2015/01/06	9.78	10.07	9.68	10.03	1175745	11627351.00
2015/01/07	10.06	10.09	9.95	10.03	830095	8315628.00
2015/01/08	10.04	10.28	9.95	10.15	1267761	12859093.00
2015/01/09	10.11	10.20	10.04	10.07	781932	7907569.00
2015/01/12	9.85	10.06	9.76	9.77	554642	5477365.00
2015/01/13	9.71	9.91	9.60	9.89	375697	3696318.00
2015/01/14	9.89	9.94	9.80	9.81	440352	4336298.00
2015/01/15	9.81	9.93	9.80	9.90	542921	5349367.00
2015/01/16	9.91	10.10	9.89	10.08	591920	5913931.00
2015/01/19	9.96	10.09	9.61	9.72	792030	7790353.00
2015/01/20	9.70	10.06	9.70	10.06	1008304	10045802.00
2015/01/21	10.08	10.40	10.01	10.26	1824642	18675522.00
2015/01/22	10.32	10.77	10.29	10.77	1419835	14935398.00
2015/01/23	10.86	11.17	10.73	10.80	1486442	16226150.00
2015/01/26	10.75	10.97	10.67	10.84	986867	10697164.00
2015/01/27	10.82	11.07	10.72	10.93	1207828	13163256.00
2015/01/28	10.95	11.20	10.84	11.15	1261009	13903452.00
2015/01/29	11.09	11.19	10.95	11.04	733301	8097942.00
2015/01/30	11.00	11.04	10.73	10.79	889002	9667068.00
2015/02/02	10.70	10.75	10.41	10.61	823906	8719380.00
2015/02/03	10.60	10.76	10.43	10.69	1134018	11975245.00
2015/02/04	10.61	10.73	10.60	10.62	612377	6527295.00
2015/02/05	10.70	10.80	10.61	10.72	1175006	12573009.00
2015/02/06	10.70	10.70	10.28	10.40	1620088	16916364.00
2015/02/09	10.38	10.38	10.17	10.26	606231	6215422.00
2015/02/10	10.13	10.32	10.13	10.28	636546	6532298.00
2015/02/11	10.31	10.42	10.26	10.41	476706	4927626.00
2015/02/12	10.41	10.72	10.41	10.71	983563	10403967.00
2015/02/13	10.68	10.90	10.68	10.83	1042867	11299010.00
2015/02/16	10.85	10.94	10.75	10.90	881338	9590975.00
2015/02/17	10.95	11.08	10.86	10.98	910078	9973230.00
2015/02/25	10.97	11.22	10.94	11.07	1061948	11759835.00
2015/02/26	11.11	11.28	11.09	11.25	857541	9588884.00
2015/02/27	11.20	11.46	11.20	11.33	907262	10281474.00
2015/03/02	11.33	11.90	11.33	11.90	2263702	26643308.00
2015/03/03	11.93	12.28	11.75	11.76	2294400	27587536.00
2015/03/04	11.82	12.27	11.82	12.22	1299584	15756367.00
2015/03/05	12.16	12.27	11.93	12.13	1168814	14080678.00
2015/03/06	12.13	12.42	12.09	12.33	1098476	13469533.00
2015/03/09	12.33	12.64	12.21	12.56	1113401	13931842.00
2015/03/10	12.60	12.75	12.48	12.58	807176	10177970.00
2015/03/11	12.64	12.64	12.14	12.25	1344806	16604396.00
2015/03/12	12.21	12.57	12.10	12.25	1157879	14277650.00
2015/03/13	12.33	12.34	12.15	12.28	778616	9512275.00
2015/03/16	12.25	12.55	12.17	12.48	1617821	20127692.00
2015/03/17	12.45	12.80	12.44	12.65	1563698	19770248.00
2015/03/18	12.98	13.00	12.61	12.79	1598287	20421718.00
2015/03/19	12.73	12.91	12.63	12.83	1796140	23002950.00
2015/03/20	12.77	13.10	12.77	13.06	1711570	22137860.00
2015/03/23	13.06	13.16	12.93	13.14	2053407	26829216.00
2015/03/24	13.08	13.10	12.48	12.76	2429155	31091898.00
2015/03/25	12.75	12.80	12.50	12.71	1832051	23102424.00
2015/03/26	12.71	12.97	12.57	12.75	1698591	21722156.00
2015/03/27	12.77	12.96	12.67	12.90	1024713	13172059.00
2015/03/30	12.70	12.94	12.53	12.88	1713550	21947172.00
2015/03/31	12.86	12.94	12.69	12.88	1643131	21127330.00
2015/04/01	12.95	13.40	12.94	13.30	1986651	26257874.00
2015/04/02	13.30	13.56	13.21	13.51	1626435	21695864.00
2015/04/03	13.40	13.99	13.28	13.82	1864041	25647736.00
2015/04/07	13.80	13.98	13.70	13.85	1862637	25775534.00
2015/04/08	13.85	14.15	13.50	14.01	3006609	41433200.00
2015/04/09	14.01	14.01	13.31	13.70	2143798	29227764.00
2015/04/10	13.73	14.31	13.64	14.30	2286104	32378284.00
2015/04/13	14.33	14.55	14.26	14.40	2061301	29627870.00
2015/04/14	14.42	14.75	14.25	14.55	2095892	30223680.00
2015/04/15	14.55	14.60	13.82	13.88	1920562	27133288.00
2015/04/16	13.80	13.99	13.31	13.73	1455876	19982146.00
2015/04/17	13.78	13.95	13.10	13.69	2366097	32427710.00
2015/04/20	13.31	13.94	13.31	13.58	2368275	32453672.00
2015/04/21	13.50	14.22	13.50	14.18	1905649	26415008.00
2015/04/22	14.28	14.89	14.16	14.89	2647826	39075412.00
2015/04/23	14.90	15.63	14.89	15.63	3885173	59785656.00
2015/04/24	15.15	16.41	15.15	16.18	4425710	71559600.00
2015/04/27	16.08	16.54	15.53	15.72	2714976	43452060.00
2015/04/28	15.72	15.85	15.00	15.15	2014415	31226364.00
2015/04/29	14.98	15.91	14.75	15.91	1287499	20248780.00
2015/04/30	16.58	16.71	16.10	16.50	2490038	41133812.00
2015/05/05	16.41	16.41	16.41	16.41	0	0.00
数据来源:通达信
