600888 新疆众和 日线 前复权
      日期	    开盘	    最高	    最低	    收盘	    成交量	    成交额
2011/10/10	13.67	13.73	12.87	13.05	1355212	28169608.00
2011/10/11	13.42	13.67	12.91	13.04	1096293	22811786.00
2011/10/12	12.91	13.59	12.91	13.56	985326	20857306.00
2011/10/13	13.61	13.94	13.55	13.76	1028310	22352960.00
2011/10/14	13.61	13.84	13.35	13.60	783730	16789588.00
2011/10/17	13.66	13.87	13.47	13.73	647440	14057939.00
2011/10/18	13.57	13.78	13.01	13.10	681433	14390071.00
2011/10/19	13.12	13.27	12.64	12.75	1616558	32875172.00
2011/10/20	12.75	12.82	12.33	12.65	1118112	22089992.00
2011/10/21	12.49	12.64	11.90	11.97	925243	17926586.00
2011/10/24	11.99	12.25	10.98	11.78	2640508	48416440.00
2011/10/25	11.78	12.54	11.69	12.52	2178123	41732892.00
2011/10/26	12.49	12.88	12.14	12.56	1783237	35541680.00
2011/10/27	12.52	12.63	12.33	12.41	1267109	24947176.00
2011/10/28	12.65	13.10	12.60	12.83	2779080	56272868.00
2011/10/31	12.85	12.99	12.76	12.92	1812029	36923828.00
2011/11/01	12.71	12.90	12.55	12.63	1648801	33133236.00
2011/11/03	12.92	13.27	12.92	12.97	2528789	52187740.00
2011/11/04	13.08	13.39	12.98	13.10	1598644	33261730.00
2011/11/07	13.21	13.21	12.87	12.91	1410403	29025224.00
2011/11/08	12.85	13.06	12.85	12.86	730012	14918591.00
2011/11/09	12.88	13.00	12.58	12.91	1821918	36654940.00
2011/11/10	12.60	12.75	12.47	12.68	2155129	42897152.00
2011/11/11	12.67	12.84	12.58	12.73	1388145	27961724.00
2011/11/14	12.84	13.37	12.81	13.35	2468144	51571240.00
2011/11/15	13.35	13.38	13.21	13.37	982091	20639186.00
2011/11/16	13.34	13.34	12.84	12.85	1481967	30618772.00
2011/11/17	12.85	12.97	12.74	12.84	803159	16306785.00
2011/11/18	12.71	12.74	12.32	12.33	965046	19049038.00
2011/11/21	12.33	12.37	12.06	12.24	596579	11530559.00
2011/11/22	12.08	12.18	11.88	12.12	575947	10972684.00
2011/11/23	12.14	12.30	12.12	12.17	679911	13138481.00
2011/11/24	12.02	12.25	11.88	12.04	596458	11342663.00
2011/11/25	12.12	12.35	12.03	12.13	794873	15360894.00
2011/11/28	12.02	12.31	11.94	12.24	703621	13441414.00
2011/11/29	12.26	12.60	12.19	12.55	1042190	20473764.00
2011/11/30	12.64	12.64	11.75	11.85	1200430	22991526.00
2011/12/01	12.24	12.52	12.01	12.01	1574746	30509180.00
2011/12/02	12.01	12.01	11.69	11.72	845915	15757089.00
2011/12/05	11.63	11.65	11.37	11.41	523962	9537678.00
2011/12/06	11.41	11.49	11.17	11.42	1131604	20308136.00
2011/12/07	11.52	11.67	11.18	11.23	920832	16494421.00
2011/12/08	11.24	11.27	10.85	11.11	905042	15850730.00
2011/12/09	10.98	11.11	10.91	10.99	414132	7216352.00
2011/12/12	11.01	11.04	10.74	10.87	322794	5601460.00
2011/12/13	10.78	11.17	10.41	10.41	740720	12476663.00
2011/12/14	10.46	10.47	10.01	10.02	1451711	23435590.00
2011/12/15	9.83	9.89	9.48	9.50	1615032	24989260.00
2011/12/16	9.63	9.87	9.25	9.85	1770022	26636554.00
2011/12/19	9.71	10.07	9.39	10.01	1767385	26863264.00
2011/12/20	9.95	10.10	9.78	9.92	1223133	19330216.00
2011/12/21	10.01	10.07	9.44	9.44	976733	15139037.00
2011/12/22	9.24	9.67	9.14	9.52	1217280	18094148.00
2011/12/23	9.44	9.73	9.32	9.51	1497452	22827768.00
2011/12/26	9.51	9.67	9.32	9.33	886714	13339774.00
2011/12/27	9.30	9.44	9.19	9.23	944342	13937704.00
2011/12/28	9.12	9.14	8.76	8.85	2898783	40803480.00
2011/12/29	8.74	8.95	8.68	8.87	1913713	26910946.00
2011/12/30	8.90	9.04	8.87	8.98	1522720	21651368.00
2012/01/04	9.07	9.17	8.76	8.78	1853444	26449908.00
2012/01/05	8.75	8.75	8.21	8.23	2163885	28859948.00
2012/01/06	8.21	8.40	7.96	8.37	1502486	19545724.00
2012/01/09	8.34	9.22	8.23	9.16	3606220	51029536.00
2012/01/10	9.19	9.94	9.08	9.70	5164143	78057008.00
2012/01/11	9.73	9.80	9.43	9.76	3900159	59463836.00
2012/01/12	9.64	10.15	9.53	9.97	4022404	63021344.00
2012/01/13	9.89	9.99	9.38	9.57	3265745	50119432.00
2012/01/16	9.41	9.42	8.60	8.60	5160593	73210576.00
2012/01/17	8.64	9.48	8.48	9.48	9415013	137893472.00
2012/01/18	9.64	10.13	9.32	9.41	11745139	182497072.00
2012/01/19	9.21	9.76	8.94	9.71	7018928	105634840.00
2012/01/20	9.73	9.82	9.38	9.62	4545570	69070432.00
2012/01/30	9.73	9.88	9.43	9.48	3926839	60331640.00
2012/01/31	9.39	9.54	9.24	9.45	3539159	52837896.00
2012/02/01	9.38	9.52	9.23	9.24	2590979	38510372.00
2012/02/02	9.26	9.62	9.16	9.61	4184024	62407224.00
2012/02/03	9.54	10.21	9.51	9.99	7051090	110429896.00
2012/02/06	10.01	10.52	9.99	10.30	9236146	151118624.00
2012/02/07	10.26	10.27	9.92	10.19	4757394	75992712.00
2012/02/08	10.12	11.23	10.06	10.99	9827407	167637168.00
2012/02/09	10.91	11.16	10.78	10.89	5757491	100032944.00
2012/02/10	10.86	11.01	10.66	10.91	4162461	71522496.00
2012/02/13	10.73	11.11	10.64	10.94	4612625	79798664.00
2012/02/14	10.89	10.92	10.55	10.76	5805388	98407480.00
2012/02/15	10.73	11.24	10.57	11.24	8208506	143383200.00
2012/02/16	11.12	11.32	10.79	11.00	5324094	93725976.00
2012/02/17	11.01	11.12	10.88	10.92	2795499	48623312.00
2012/02/20	11.11	11.15	10.73	10.78	5678401	98090528.00
2012/02/21	10.71	10.97	10.64	10.96	5243286	89691232.00
2012/02/22	11.03	11.17	10.89	11.07	4871521	85089584.00
2012/02/23	11.03	11.42	10.73	11.37	7198454	128300712.00
2012/02/24	11.35	12.19	11.30	11.98	9997085	185501664.00
2012/02/28	11.82	11.99	11.44	11.66	5865579	108292768.00
2012/02/29	11.59	11.87	11.49	11.58	5224919	96848352.00
2012/03/01	11.44	11.68	11.40	11.53	3331357	60759556.00
2012/03/02	11.61	11.80	11.55	11.74	4901202	90804688.00
2012/03/05	11.74	11.91	11.56	11.67	3683944	68345672.00
2012/03/06	11.58	11.60	11.21	11.48	3210303	57920440.00
2012/03/07	11.35	11.46	11.15	11.20	3328833	59544568.00
2012/03/08	11.24	11.59	11.20	11.44	3577864	64495432.00
2012/03/09	11.48	11.78	11.48	11.74	3402956	62565864.00
2012/03/12	12.00	12.17	11.74	11.91	8647352	163851744.00
2012/03/13	11.91	11.91	11.64	11.82	4476188	83168920.00
2012/03/14	11.89	12.09	11.17	11.26	6907763	127968056.00
2012/03/15	11.11	11.26	10.66	10.87	5716553	98798000.00
2012/03/16	10.79	11.12	10.74	11.11	4647327	80693104.00
2012/03/19	11.12	11.49	10.99	11.48	3760498	67152640.00
2012/03/20	11.29	11.30	10.96	10.97	6070478	106609672.00
2012/03/21	11.05	11.53	10.95	11.19	6887079	122560784.00
2012/03/22	11.12	11.18	10.74	10.82	5246087	90454152.00
2012/03/23	10.82	10.82	10.53	10.56	3655348	61552584.00
2012/03/26	10.57	10.73	10.49	10.57	2416811	40551964.00
2012/03/27	10.70	10.78	10.44	10.48	3253202	54658400.00
2012/03/28	10.41	10.44	9.69	9.73	5563550	88436504.00
2012/03/29	9.51	9.69	9.24	9.34	4186938	62910456.00
2012/03/30	9.44	9.57	9.32	9.41	2511780	37659028.00
2012/04/05	9.44	9.83	9.33	9.80	2746958	42157212.00
2012/04/06	9.81	9.94	9.76	9.89	2534983	39641676.00
2012/04/09	9.79	9.79	9.53	9.61	2150662	32974318.00
2012/04/10	9.44	9.71	9.30	9.69	3152772	47471584.00
2012/04/11	9.51	9.75	9.44	9.64	1957911	29870708.00
2012/04/12	9.65	9.98	9.64	9.94	4344606	67862368.00
2012/04/13	9.96	10.16	9.92	10.03	3949247	62985760.00
2012/04/16	9.89	10.21	9.82	10.16	3167659	50433612.00
2012/04/17	10.16	10.21	9.91	10.00	2595057	41410192.00
2012/04/18	10.07	10.39	9.92	10.36	5329544	86188840.00
2012/04/19	10.36	10.46	10.27	10.32	3024163	49539956.00
2012/04/20	10.37	10.52	10.31	10.49	3096525	51125400.00
2012/04/23	10.34	10.34	9.94	10.02	6373130	102041456.00
2012/04/24	9.99	9.99	9.42	9.75	4217715	65036632.00
2012/04/25	9.75	9.89	9.57	9.83	3708464	57422884.00
2012/04/26	9.89	10.32	9.80	10.07	6795749	108740504.00
2012/05/02	10.14	10.45	9.94	10.34	7133488	116360848.00
2012/05/03	10.30	10.54	10.26	10.46	6599847	108839680.00
2012/05/04	10.40	10.51	10.32	10.46	4045480	66846492.00
2012/05/07	10.41	10.68	10.33	10.41	4259905	70751024.00
2012/05/08	10.42	10.46	10.19	10.33	3970711	64838424.00
2012/05/09	10.21	10.21	9.89	9.91	3455981	55118752.00
2012/05/10	9.91	10.03	9.87	9.94	1683743	26618164.00
2012/05/11	9.89	10.07	9.85	9.86	1662386	26211400.00
2012/05/14	9.98	10.02	9.73	9.74	2248958	35302800.00
2012/05/15	9.64	9.64	9.38	9.50	3727342	56024824.00
2012/05/16	9.49	9.50	9.37	9.38	2042786	30557510.00
2012/05/17	9.46	9.59	9.30	9.57	2159643	32545608.00
2012/05/18	9.45	9.58	9.35	9.35	1960915	29431224.00
2012/05/21	9.43	9.65	9.39	9.64	2904376	44068200.00
2012/05/22	9.64	9.85	9.64	9.73	2561039	39647592.00
2012/05/23	9.71	9.73	9.43	9.62	2165198	32929494.00
2012/05/24	9.56	9.66	9.44	9.49	2075159	31427740.00
2012/05/25	9.49	9.70	9.38	9.61	1691847	19631276.00
2012/05/28	9.46	9.66	9.12	9.56	2767376	31784524.00
2012/05/29	9.56	9.95	9.48	9.78	4683610	55629472.00
2012/05/30	9.78	10.24	9.77	10.16	9477011	116420600.00
2012/05/31	10.08	10.28	10.03	10.21	6000294	74385752.00
2012/06/01	10.27	10.28	10.03	10.10	3783757	46788944.00
2012/06/04	9.87	9.99	9.55	9.62	4503502	53468584.00
2012/06/05	9.62	9.71	9.46	9.49	2692857	31234672.00
2012/06/06	9.60	9.64	9.40	9.48	2334540	26997948.00
2012/06/07	9.60	9.68	9.26	9.32	2192184	25197008.00
2012/06/08	9.48	9.52	9.27	9.35	1802310	20569688.00
2012/06/11	9.35	9.58	9.33	9.50	2186798	25121076.00
2012/06/12	9.48	9.48	9.26	9.29	2589662	29345342.00
2012/06/13	9.30	9.43	9.22	9.38	2381345	27029760.00
2012/06/14	9.36	9.37	9.13	9.21	3593668	40480356.00
2012/06/15	9.24	9.32	8.93	9.22	3720586	41434208.00
2012/06/19	9.20	9.21	9.08	9.11	1973388	21946132.00
2012/06/20	9.13	9.21	9.03	9.07	2015959	22331466.00
2012/06/21	9.03	9.08	8.68	8.71	3486416	37499552.00
2012/06/25	8.70	8.70	8.26	8.31	2158317	22401458.00
2012/06/26	8.28	8.28	7.96	8.13	3230027	32120444.00
2012/06/27	8.10	8.23	8.08	8.09	1460521	14533075.00
2012/06/28	8.18	8.19	7.97	7.98	1335742	13188977.00
2012/06/29	7.95	8.53	7.80	8.48	4734563	46844560.00
2012/07/02	8.58	8.58	8.09	8.20	10732114	107858584.00
2012/07/03	8.09	8.24	7.94	8.10	6756503	66372860.00
2012/07/04	8.12	8.18	8.03	8.08	3886568	38377808.00
2012/07/05	8.03	8.03	7.58	7.67	4522351	42771976.00
2012/07/06	7.68	7.85	7.55	7.76	5896974	55397804.00
2012/07/09	7.67	7.73	7.35	7.40	4740911	43394060.00
2012/07/10	7.36	7.41	7.18	7.23	3431572	30435500.00
2012/07/11	7.20	7.43	7.16	7.36	3283450	29217068.00
2012/07/12	7.28	7.74	7.16	7.61	6336209	58236896.00
2012/07/13	7.54	7.65	7.50	7.52	3053962	28206566.00
2012/07/16	7.51	7.56	6.98	7.02	5689732	49938832.00
2012/07/17	6.95	7.17	6.95	7.09	2715785	23456092.00
2012/07/18	7.07	7.26	7.01	7.25	2975282	25871574.00
2012/07/19	7.24	7.53	7.17	7.44	5336461	48164588.00
2012/07/20	7.45	7.49	7.25	7.28	3545519	31789970.00
2012/07/23	7.16	7.49	7.11	7.37	3843266	34361776.00
2012/07/24	7.31	7.48	7.28	7.43	2620375	23678480.00
2012/07/25	7.39	7.41	7.16	7.19	3246967	28834172.00
2012/07/26	7.20	7.40	7.19	7.23	3373136	30048488.00
2012/07/27	7.33	7.37	7.13	7.23	3916298	34622192.00
2012/07/30	7.25	7.41	7.21	7.27	4567155	40778768.00
2012/07/31	7.23	7.27	6.96	6.98	4189142	36179148.00
2012/08/01	6.93	7.20	6.91	7.05	3654337	31647104.00
2012/08/02	7.06	7.08	6.89	6.98	2543752	21709204.00
2012/08/03	6.99	7.16	6.98	7.12	3628880	31362940.00
2012/08/06	7.11	7.62	7.08	7.61	8267123	74450368.00
2012/08/07	7.62	7.75	7.54	7.70	8739827	81770576.00
2012/08/08	7.71	8.03	7.62	7.77	10114207	96567968.00
2012/08/09	7.71	8.00	7.58	7.99	12514151	119454064.00
2012/08/10	8.01	8.01	7.82	7.88	6765952	65124936.00
2012/08/13	7.87	7.87	7.58	7.61	6980946	65562880.00
2012/08/14	7.43	7.77	7.28	7.74	9632710	88240088.00
2012/08/15	7.68	7.72	7.48	7.48	5216522	48391640.00
2012/08/16	7.44	7.58	7.43	7.49	4108367	37597352.00
2012/08/17	7.48	7.58	7.39	7.57	4568966	41723436.00
2012/08/20	7.45	7.58	7.30	7.51	5152982	46847616.00
2012/08/21	7.50	7.69	7.44	7.68	7068053	65601664.00
2012/08/22	7.73	7.76	7.51	7.57	5022995	46719552.00
2012/08/23	7.57	7.86	7.54	7.82	10595388	100184184.00
2012/08/24	7.74	7.81	7.53	7.63	7199526	67342136.00
2012/08/27	7.56	7.56	7.13	7.16	6926550	62168056.00
2012/08/28	7.17	7.35	7.12	7.23	4844282	42731664.00
2012/08/29	7.21	7.28	7.08	7.09	3886450	33926796.00
2012/08/30	7.03	7.22	6.95	7.19	4806955	41791888.00
2012/08/31	7.16	7.26	7.10	7.18	2398793	21039740.00
2012/09/03	7.16	7.34	7.12	7.27	4963768	44129580.00
2012/09/04	7.33	7.53	7.25	7.38	7913920	71344592.00
2012/09/05	7.33	7.58	7.29	7.52	7769912	70942264.00
2012/09/06	7.58	7.66	7.46	7.54	6499085	59819392.00
2012/09/07	7.60	8.14	7.60	7.99	15598972	150360736.00
2012/09/10	8.09	8.49	7.95	8.42	18197927	183194688.00
2012/09/11	8.27	8.34	8.16	8.33	10515281	105781912.00
2012/09/12	8.41	8.75	8.18	8.34	14750104	151861520.00
2012/09/13	8.33	8.33	7.98	8.03	9346943	92947112.00
2012/09/14	8.35	8.45	8.13	8.19	13271476	133707944.00
2012/09/17	8.16	8.36	7.78	7.80	12559668	123264248.00
2012/09/18	7.73	7.88	7.68	7.78	5293123	50234648.00
2012/09/19	7.87	8.05	7.78	8.00	5528986	53300632.00
2012/09/20	7.97	7.98	7.62	7.63	7088505	67251104.00
2012/09/21	7.58	7.85	7.54	7.69	6246960	58911088.00
2012/09/24	7.63	7.84	7.35	7.73	6237572	57542520.00
2012/09/25	7.63	7.76	7.51	7.54	4228689	39301344.00
2012/09/26	7.54	7.64	7.22	7.27	5768545	51769508.00
2012/09/27	7.27	7.60	7.22	7.52	5655888	51391968.00
2012/09/28	7.48	8.01	7.45	7.98	11363737	108098976.00
2012/10/08	7.99	8.03	7.79	7.90	5950663	57193136.00
2012/10/09	7.88	8.18	7.88	8.12	8885443	87341024.00
2012/10/10	8.09	8.15	7.98	8.14	6485914	63774868.00
2012/10/11	8.05	8.28	7.96	7.97	8496041	83750784.00
2012/10/12	8.03	8.14	7.74	7.88	5720660	55265192.00
2012/10/15	7.88	7.89	7.63	7.73	4133259	38948912.00
2012/10/16	7.63	7.88	7.63	7.72	3644646	34602292.00
2012/10/17	7.80	8.03	7.70	7.98	7151649	68880896.00
2012/10/18	7.95	8.13	7.92	8.08	7420523	72682256.00
2012/10/19	8.08	8.13	7.92	7.93	5077106	49371784.00
2012/10/22	7.86	7.94	7.74	7.90	3985454	38119440.00
2012/10/23	7.89	8.02	7.80	7.82	3726766	35880516.00
2012/10/24	7.76	7.83	7.68	7.74	3198745	30228640.00
2012/10/25	7.70	7.89	7.70	7.73	3073307	29191880.00
2012/10/26	7.73	7.78	7.33	7.43	4683842	42884252.00
2012/10/29	7.42	7.47	7.33	7.43	1925300	17403656.00
2012/10/30	7.43	7.57	7.39	7.43	2054757	18733748.00
2012/10/31	7.46	7.51	7.38	7.48	2137704	19415496.00
2012/11/01	7.48	7.69	7.46	7.68	4055564	37721804.00
2012/11/02	7.70	7.71	7.57	7.62	3713724	34542300.00
2012/11/05	7.53	7.65	7.53	7.60	2340050	21686520.00
2012/11/06	7.61	7.62	7.33	7.45	4129291	37420656.00
2012/11/07	7.45	7.58	7.43	7.48	3631731	33247562.00
2012/11/08	7.36	7.37	7.06	7.12	5446159	48246288.00
2012/11/09	6.99	7.18	6.96	7.02	3393038	29265820.00
2012/11/12	7.08	7.15	7.00	7.13	3100781	26816242.00
2012/11/13	7.14	7.14	6.89	6.90	3073636	26250012.00
2012/11/14	6.89	7.16	6.88	7.03	2572247	22057956.00
2012/11/15	6.91	6.98	6.83	6.84	2454664	20730960.00
2012/11/16	6.83	6.85	6.65	6.73	2680249	22029058.00
2012/11/19	6.89	6.89	6.67	6.81	1685237	13909435.00
2012/11/20	6.88	6.88	6.76	6.77	1508641	12571201.00
2012/11/21	6.73	6.88	6.65	6.88	2672323	22201816.00
2012/11/22	6.84	6.88	6.70	6.72	2602106	21605748.00
2012/11/23	6.73	6.84	6.72	6.73	2679695	22236714.00
2012/11/26	6.74	6.78	6.68	6.68	1773371	14601544.00
2012/11/27	6.66	6.66	6.33	6.34	3149472	24866980.00
2012/11/28	6.28	6.33	6.06	6.08	3319254	24960726.00
2012/11/29	6.06	6.18	5.93	5.96	2242227	16684816.00
2012/11/30	5.98	6.10	5.98	6.04	1710849	12679167.00
2012/12/03	6.04	6.10	5.83	5.83	2045933	15027852.00
2012/12/04	5.83	5.98	5.68	5.97	2687910	19272768.00
2012/12/05	5.96	6.40	5.90	6.29	5421852	41449256.00
2012/12/06	6.25	6.32	6.18	6.20	3136444	23963130.00
2012/12/07	6.20	6.44	6.15	6.38	4965059	38601564.00
2012/12/10	6.38	6.58	6.38	6.51	5163257	41081952.00
2012/12/11	6.51	6.73	6.39	6.54	5744692	46089832.00
2012/12/12	6.50	6.76	6.50	6.66	6005963	48830020.00
2012/12/13	6.66	6.77	6.55	6.66	7258222	59289904.00
2012/12/14	6.62	7.06	6.59	7.03	9747955	81503416.00
2012/12/17	6.98	7.30	6.95	7.06	8877302	77172680.00
2012/12/18	7.07	7.18	6.95	6.99	6294847	54202140.00
2012/12/19	6.96	7.05	6.88	6.98	4676259	39800616.00
2012/12/20	6.94	7.13	6.89	7.10	5940815	50946188.00
2012/12/21	7.04	7.38	7.00	7.18	7883914	69074936.00
2012/12/24	7.18	7.20	7.03	7.11	4260600	37025032.00
2012/12/25	7.09	7.58	7.03	7.38	15666407	140222016.00
2012/12/26	7.31	7.73	7.31	7.66	17813185	163683648.00
2012/12/27	7.66	7.68	7.47	7.52	12260488	113429784.00
2012/12/28	7.49	7.69	7.49	7.68	14161548	131861688.00
2012/12/31	7.80	8.02	7.58	7.73	10574585	99938368.00
2013/01/04	7.75	8.31	7.70	8.18	29163555	284023808.00
2013/01/07	8.35	8.35	8.00	8.21	24712820	245685520.00
2013/01/08	8.21	8.27	7.75	7.87	27030060	263737360.00
2013/01/09	7.70	7.79	7.58	7.64	15611027	146476848.00
2013/01/10	7.67	7.77	7.62	7.69	7937930	74589368.00
2013/01/11	7.73	7.77	7.36	7.44	11339915	104209632.00
2013/01/14	7.38	7.70	7.36	7.66	9356206	86402864.00
2013/01/15	7.67	7.85	7.64	7.81	10606696	100265232.00
2013/01/16	7.77	8.02	7.64	7.82	11697253	111927024.00
2013/01/17	7.83	7.86	7.55	7.57	7358430	68577944.00
2013/01/18	7.63	7.70	7.49	7.68	6096315	56765972.00
2013/01/21	7.68	7.73	7.62	7.70	5569722	52179368.00
2013/01/22	7.71	7.81	7.52	7.58	8965593	84351768.00
2013/01/23	7.58	7.58	7.37	7.49	6014539	54817136.00
2013/01/24	7.49	7.58	7.20	7.28	7374890	66790524.00
2013/01/25	7.26	7.32	7.18	7.29	3391208	30109964.00
2013/01/28	7.28	7.49	7.28	7.48	4781098	43240936.00
2013/01/29	7.57	7.60	7.47	7.53	5386697	49475720.00
2013/01/30	7.58	7.74	7.54	7.74	9266691	86703352.00
2013/01/31	7.78	7.93	7.68	7.87	13267137	126994136.00
2013/02/01	7.83	8.18	7.75	8.00	16157245	157366768.00
2013/02/04	8.06	8.49	7.88	8.10	19886013	196286304.00
2013/02/05	7.97	8.03	7.80	7.89	10063763	96929216.00
2013/02/06	7.90	7.98	7.75	7.77	7193368	69002112.00
2013/02/07	7.78	7.95	7.76	7.81	5327139	50992424.00
2013/02/08	7.81	7.94	7.80	7.92	5923001	57021904.00
2013/02/18	7.93	7.95	7.79	7.89	5509743	52938424.00
2013/02/19	7.85	7.88	7.61	7.65	5576026	52657416.00
2013/02/20	7.66	7.72	7.53	7.71	4474373	41659728.00
2013/02/21	7.64	7.64	7.38	7.41	6655156	60703280.00
2013/02/22	7.41	7.52	7.39	7.48	2750360	25046324.00
2013/02/25	7.48	7.53	7.28	7.34	8636165	77410688.00
2013/02/26	7.28	7.29	7.08	7.09	8278983	72971584.00
2013/02/27	7.13	7.21	6.95	7.03	6040520	52205784.00
2013/02/28	7.05	7.25	7.05	7.23	5639674	49455888.00
2013/03/01	7.23	7.26	7.14	7.22	4840004	42562256.00
2013/03/04	7.15	7.15	6.78	6.79	6338050	53715436.00
2013/03/05	6.80	6.94	6.78	6.93	3668446	30845884.00
2013/03/06	6.93	7.13	6.92	7.13	5954445	51334324.00
2013/03/07	7.13	7.26	7.05	7.16	5843352	50996576.00
2013/03/08	7.15	7.23	7.05	7.06	3687682	32157004.00
2013/03/11	6.99	7.22	6.99	7.14	3317676	28894760.00
2013/03/12	7.14	7.23	6.88	6.96	3895980	33468212.00
2013/03/13	6.94	7.11	6.90	7.05	3917131	33560748.00
2013/03/14	6.98	7.33	6.97	7.28	9958024	87556264.00
2013/03/18	7.24	7.24	6.93	6.98	7424482	64340140.00
2013/03/19	6.91	7.05	6.82	6.93	3380731	28620000.00
2013/03/20	6.93	7.13	6.92	7.12	5283317	45495168.00
2013/03/21	7.11	7.26	7.10	7.22	6055171	53218380.00
2013/03/22	7.20	7.25	7.13	7.21	4172747	36684920.00
2013/03/25	7.21	7.33	7.18	7.33	6441189	57197028.00
2013/03/26	7.30	7.30	6.98	7.10	5351010	46452488.00
2013/03/27	7.12	7.21	6.98	7.04	4202797	36454928.00
2013/03/28	6.94	6.94	6.68	6.69	5851555	48645524.00
2013/03/29	6.74	6.76	6.58	6.63	3625618	29528340.00
2013/04/01	6.64	6.71	6.62	6.64	2646948	21566014.00
2013/04/02	6.69	6.74	6.60	6.62	2699185	22013958.00
2013/04/03	6.62	6.69	6.50	6.63	3373273	27316880.00
2013/04/08	6.49	6.59	6.38	6.58	3046884	24195458.00
2013/04/09	6.58	6.73	6.58	6.67	3842879	31339480.00
2013/04/10	6.68	6.93	6.65	6.79	7372432	61395520.00
2013/04/11	6.78	6.81	6.69	6.70	3895312	32076856.00
2013/04/12	6.70	6.74	6.58	6.59	2069101	16873504.00
2013/04/15	6.52	6.53	6.36	6.41	2719170	21423084.00
2013/04/16	6.29	6.48	6.23	6.45	2594207	20153262.00
2013/04/17	6.43	6.50	6.38	6.48	2092132	16517017.00
2013/04/18	6.42	6.48	6.38	6.44	1588474	12522231.00
2013/04/19	6.48	6.63	6.44	6.61	3154071	25394918.00
2013/04/22	6.53	6.58	6.49	6.56	2169356	17373064.00
2013/04/23	6.55	6.58	6.33	6.34	2786121	21889362.00
2013/04/24	6.35	6.51	6.35	6.48	2202433	17365150.00
2013/04/25	6.48	6.74	6.46	6.63	5681367	46040656.00
2013/04/26	6.62	6.66	6.48	6.54	2917008	23384592.00
2013/05/02	6.49	6.54	6.42	6.51	2161412	17165144.00
2013/05/03	6.59	6.72	6.56	6.65	2682647	21909402.00
2013/05/06	6.77	6.83	6.69	6.74	4089883	33764240.00
2013/05/07	6.71	6.89	6.70	6.84	5434603	45433088.00
2013/05/08	6.87	6.89	6.73	6.79	3417152	28359336.00
2013/05/09	6.79	6.83	6.67	6.72	3932838	32394804.00
2013/05/10	6.68	6.87	6.68	6.85	3389354	28141704.00
2013/05/13	6.86	6.89	6.76	6.82	2737822	22784418.00
2013/05/14	6.83	6.85	6.61	6.74	3059686	25133224.00
2013/05/15	6.73	6.81	6.67	6.80	3092785	25464580.00
2013/05/16	6.78	6.86	6.70	6.86	4250090	35391840.00
2013/05/17	6.87	6.96	6.82	6.95	5828508	49189100.00
2013/05/20	6.98	7.03	6.92	6.98	5436400	46391452.00
2013/05/21	7.02	7.18	6.98	7.15	7134083	61849448.00
2013/05/22	7.16	7.21	7.07	7.13	5692897	49629868.00
2013/05/23	7.08	7.13	6.97	6.98	5213689	44895104.00
2013/05/24	7.02	7.12	6.98	7.12	3642116	31385304.00
2013/05/27	7.11	7.23	7.07	7.23	5736115	50218984.00
2013/05/28	7.23	7.30	7.20	7.28	6804180	60384704.00
2013/05/29	7.28	7.33	7.19	7.22	5630082	49862728.00
2013/05/30	7.18	7.19	7.10	7.17	5214236	45510424.00
2013/05/31	7.21	7.28	7.10	7.13	4448539	39140952.00
2013/06/03	7.08	7.18	7.06	7.10	3051983	26498304.00
2013/06/04	7.12	7.17	6.89	6.91	3806545	32609288.00
2013/06/05	6.91	7.04	6.88	7.03	2853083	24206672.00
2013/06/06	6.95	7.12	6.95	6.99	3374509	29011336.00
2013/06/07	7.03	7.10	6.69	6.75	4833591	40513952.00
2013/06/13	6.70	6.70	6.42	6.54	3335795	21956068.00
2013/06/14	6.51	6.64	6.50	6.52	3504013	23128116.00
2013/06/17	6.49	6.58	6.35	6.38	2960150	19127812.00
2013/06/18	6.39	6.46	6.35	6.42	2364903	15267330.00
2013/06/19	6.40	6.40	6.15	6.31	2748784	17359164.00
2013/06/20	6.25	6.33	6.04	6.08	2582428	16124749.00
2013/06/21	6.00	6.12	5.93	6.05	3249583	19690620.00
2013/06/24	6.03	6.03	5.50	5.53	5486189	31590966.00
2013/06/25	5.51	5.65	5.06	5.42	4624002	25093264.00
2013/06/26	5.45	5.52	5.35	5.43	3588232	19667804.00
2013/06/27	5.42	5.54	5.32	5.35	4290509	23553458.00
2013/06/28	5.33	5.49	5.25	5.35	3791653	20481848.00
2013/07/01	5.40	5.45	5.23	5.38	3238152	17478182.00
2013/07/02	5.40	5.41	5.23	5.34	4773756	25526232.00
2013/07/03	5.34	5.34	5.11	5.19	4325263	22628940.00
2013/07/04	5.15	5.45	5.13	5.38	6796153	36405744.00
2013/07/05	5.38	5.50	5.31	5.41	5812318	31776038.00
2013/07/08	5.32	5.32	5.11	5.12	3324599	17410108.00
2013/07/09	5.12	5.27	5.09	5.18	2375167	12448015.00
2013/07/10	5.19	5.49	5.15	5.48	6528262	35379448.00
2013/07/11	5.50	5.78	5.44	5.65	9674170	54906976.00
2013/07/12	5.60	5.68	5.47	5.52	5539034	31305032.00
2013/07/15	5.55	5.71	5.48	5.62	4225693	23866466.00
2013/07/16	5.59	5.69	5.56	5.68	3481115	19789166.00
2013/07/17	5.65	5.75	5.51	5.53	4480334	25468340.00
2013/07/18	5.52	5.63	5.43	5.57	4757681	26496020.00
2013/07/19	5.60	5.73	5.41	5.42	5849948	32877332.00
2013/07/22	5.40	5.48	5.35	5.45	3058639	16714859.00
2013/07/23	5.45	5.65	5.45	5.60	7184981	40472312.00
2013/07/24	5.58	5.60	5.46	5.57	3679408	20505988.00
2013/07/25	5.56	5.65	5.50	5.56	4656948	26253324.00
2013/07/26	5.57	5.62	5.49	5.57	3646152	20468562.00
2013/07/29	5.58	5.58	5.38	5.40	3057053	16892686.00
2013/07/30	5.40	5.47	5.22	5.33	4102481	22030722.00
2013/07/31	5.33	5.39	5.25	5.26	3505871	18734050.00
2013/08/01	5.27	5.37	5.25	5.37	3202543	17199348.00
2013/08/02	5.36	5.49	5.33	5.38	4671273	25506364.00
2013/08/05	5.36	5.44	5.34	5.44	3043553	16562430.00
2013/08/06	5.43	5.57	5.39	5.53	5247172	29092056.00
2013/08/07	5.52	5.62	5.49	5.55	5481295	30723706.00
2013/08/08	5.55	5.59	5.48	5.51	3737517	20869880.00
2013/08/09	5.54	5.71	5.52	5.68	10107376	57514440.00
2013/08/12	5.68	6.01	5.64	5.96	12331324	72697064.00
2013/08/13	5.96	5.96	5.80	5.87	7317968	43334024.00
2013/08/14	5.85	5.93	5.74	5.80	7343553	43125448.00
2013/08/15	5.77	5.86	5.70	5.71	4665064	27218416.00
2013/08/16	5.68	5.90	5.62	5.63	5433048	31485824.00
2013/08/19	5.60	5.75	5.55	5.72	3903004	22331744.00
2013/08/20	5.75	5.79	5.63	5.67	3339021	19264092.00
2013/08/21	5.63	5.73	5.61	5.69	2561051	14646378.00
2013/08/22	5.66	5.71	5.62	5.64	2677116	15274647.00
2013/08/23	5.66	5.70	5.46	5.53	3979234	22403668.00
2013/08/26	5.58	5.67	5.53	5.66	2887547	16372831.00
2013/08/27	5.67	5.75	5.66	5.74	4049354	23314022.00
2013/08/28	5.72	5.88	5.68	5.85	7792095	45786800.00
2013/08/29	5.85	5.85	5.75	5.79	4339764	25323658.00
2013/08/30	5.79	5.83	5.68	5.76	4954585	28734324.00
2013/09/02	5.75	5.81	5.66	5.81	4033576	23397136.00
2013/09/03	5.82	5.93	5.81	5.90	5577962	33079690.00
2013/09/04	5.91	6.50	5.90	6.50	19288644	120773376.00
2013/09/05	6.86	7.15	6.69	6.84	58148175	404898240.00
2013/09/06	6.55	6.80	6.43	6.64	25686178	171038928.00
2013/09/09	6.65	6.70	6.49	6.62	18631065	123732496.00
2013/09/10	6.57	6.94	6.48	6.81	25603244	172962832.00
2013/09/11	6.72	6.86	6.62	6.65	16368332	110853512.00
2013/09/12	6.60	6.64	6.51	6.55	8823007	58394948.00
2013/09/13	6.55	6.81	6.49	6.62	11849795	79538000.00
2013/09/16	6.60	6.66	6.45	6.50	8104397	53572724.00
2013/09/17	6.50	6.93	6.50	6.56	15624119	105427736.00
2013/09/18	6.56	6.56	6.33	6.48	7204152	46777216.00
2013/09/23	6.55	6.62	6.47	6.56	7692739	50811440.00
2013/09/24	6.55	6.56	6.35	6.42	9523520	61606616.00
2013/09/25	6.44	6.53	6.34	6.42	7569626	49185800.00
2013/09/26	6.43	6.44	6.05	6.08	9554744	59487944.00
2013/09/27	6.08	6.20	5.95	6.10	5527595	34012420.00
2013/09/30	6.10	6.17	6.08	6.15	3734721	23063624.00
2013/10/08	6.10	6.21	6.07	6.21	4338402	26903804.00
2013/10/09	6.19	6.30	6.16	6.29	5626326	35495896.00
2013/10/10	6.29	6.44	6.15	6.26	8304770	52506056.00
2013/10/11	6.26	6.41	6.24	6.34	7735255	49387416.00
2013/10/14	6.35	6.36	6.21	6.34	8425189	53269448.00
2013/10/15	6.35	6.48	6.23	6.42	18511156	118585992.00
2013/10/16	6.37	6.37	6.12	6.17	9496158	59640716.00
2013/10/17	6.20	6.27	6.14	6.17	5758296	36001036.00
2013/10/18	6.18	6.22	6.08	6.11	4550282	28171892.00
2013/10/21	6.11	6.19	6.04	6.18	6507000	40131000.00
2013/10/22	6.20	6.20	6.08	6.14	6363710	39385596.00
2013/10/23	6.19	6.20	6.01	6.04	5683885	34897788.00
2013/10/24	6.04	6.05	5.88	5.91	5133146	30837252.00
2013/10/25	5.91	5.93	5.66	5.71	6526787	38027368.00
2013/10/28	5.70	5.78	5.63	5.71	3291427	18942320.00
2013/10/29	5.73	5.75	5.41	5.50	4838232	27279200.00
2013/10/30	5.51	5.70	5.50	5.67	4578974	26042702.00
2013/10/31	5.68	5.70	5.62	5.69	2644628	15117360.00
2013/11/01	5.67	5.69	5.60	5.63	2398852	13650406.00
2013/11/04	5.62	5.67	5.60	5.63	2230532	12675333.00
2013/11/05	5.64	5.64	5.53	5.62	2674470	15080661.00
2013/11/06	5.60	5.82	5.54	5.66	7147129	40788396.00
2013/11/07	5.61	5.64	5.54	5.54	3812383	21512332.00
2013/11/08	5.55	5.56	5.40	5.42	2807530	15487808.00
2013/11/11	5.44	5.50	5.34	5.48	1871336	10252335.00
2013/11/12	5.47	5.53	5.44	5.51	2014443	11171897.00
2013/11/13	5.51	5.51	5.38	5.40	2059129	11286634.00
2013/11/14	5.36	5.48	5.36	5.44	1503681	8239619.00
2013/11/15	5.45	5.60	5.45	5.54	3434728	19218976.00
2013/11/18	5.58	5.69	5.58	5.67	4950471	28200464.00
2013/11/19	5.74	5.79	5.66	5.70	5186017	29967236.00
2013/11/20	5.66	5.70	5.62	5.68	4541845	25894444.00
2013/11/21	5.65	6.09	5.61	6.06	15392232	90375248.00
2013/11/22	6.03	6.24	5.86	5.86	13588791	81759408.00
2013/11/25	5.85	6.01	5.75	5.77	7144521	42202416.00
2013/11/26	5.77	5.84	5.74	5.81	4164940	24317448.00
2013/11/27	5.80	5.88	5.77	5.87	4604860	27083822.00
2013/11/28	5.83	5.99	5.83	5.94	8432563	50534160.00
2013/11/29	5.93	5.95	5.85	5.90	4475903	26624476.00
2013/12/02	5.77	5.82	5.53	5.59	6373925	36564648.00
2013/12/03	5.59	5.72	5.57	5.69	4077546	23204598.00
2013/12/04	5.70	5.82	5.66	5.79	5769185	33551556.00
2013/12/05	5.77	5.81	5.73	5.77	4978966	29003736.00
2013/12/06	5.77	5.85	5.75	5.80	4642386	27142340.00
2013/12/09	5.81	5.88	5.80	5.82	3613129	21277040.00
2013/12/10	5.81	5.87	5.79	5.83	3349082	19691748.00
2013/12/11	5.80	5.81	5.64	5.70	4621085	26666288.00
2013/12/12	5.69	5.71	5.64	5.66	3131954	17938936.00
2013/12/13	5.66	5.70	5.60	5.66	2497580	14247604.00
2013/12/16	5.67	5.69	5.55	5.56	2800993	15842189.00
2013/12/17	5.57	5.59	5.55	5.59	1494910	8404859.00
2013/12/18	5.58	5.63	5.55	5.57	1735220	9778191.00
2013/12/19	5.59	5.63	5.55	5.60	2708704	15282369.00
2013/12/20	5.59	5.61	5.46	5.48	3134693	17430828.00
2013/12/23	5.50	5.53	5.34	5.52	2446288	13461658.00
2013/12/24	5.50	5.63	5.49	5.54	2784600	15645893.00
2013/12/25	5.54	5.60	5.52	5.59	2356743	13225866.00
2013/12/26	5.59	5.64	5.51	5.58	4124988	23206226.00
2013/12/27	5.56	5.97	5.54	5.84	14002970	81375040.00
2013/12/30	5.82	6.04	5.76	5.95	18853938	112244880.00
2013/12/31	5.95	5.99	5.76	5.87	14651536	86779232.00
2014/01/02	5.80	5.90	5.70	5.77	6651334	38657368.00
2014/01/03	5.72	5.74	5.59	5.62	5553494	31592504.00
2014/01/06	5.56	5.59	5.36	5.40	4667581	25719268.00
2014/01/07	5.39	5.46	5.36	5.41	3017463	16473090.00
2014/01/08	5.45	5.46	5.37	5.38	2435835	13265919.00
2014/01/09	5.37	5.41	5.20	5.23	3089147	16593998.00
2014/01/10	5.20	5.25	5.12	5.15	2710866	14133932.00
2014/01/13	5.15	5.37	5.14	5.25	3222680	17112496.00
2014/01/14	5.23	5.28	5.15	5.27	2555834	13465031.00
2014/01/15	5.27	5.27	5.20	5.24	1670137	8820430.00
2014/01/16	5.27	5.36	5.23	5.29	2765607	14805248.00
2014/01/17	5.26	5.28	5.21	5.21	1577006	8338872.00
2014/01/20	5.21	5.23	5.15	5.16	1742909	9108828.00
2014/01/21	5.19	5.27	5.18	5.26	1719144	9085284.00
2014/01/22	5.25	5.37	5.25	5.37	2647915	14256006.00
2014/01/23	5.37	5.37	5.30	5.31	2508403	13500528.00
2014/01/24	5.32	5.41	5.31	5.37	2943243	15955589.00
2014/01/27	5.38	5.38	5.28	5.30	2851698	15305866.00
2014/01/28	5.32	5.34	5.28	5.29	1998620	10691701.00
2014/01/29	5.29	5.33	5.28	5.29	1655883	8869186.00
2014/01/30	5.31	5.37	5.28	5.29	2189090	11749072.00
2014/02/07	5.24	5.29	5.19	5.29	2222075	11769233.00
2014/02/10	5.29	5.47	5.29	5.45	5454438	29818062.00
2014/02/11	5.47	5.52	5.42	5.51	4668127	25770394.00
2014/02/12	5.52	5.54	5.48	5.52	4302008	23903452.00
2014/02/13	5.55	5.72	5.51	5.55	9374789	53188984.00
2014/02/14	5.53	5.62	5.53	5.59	3374047	19006846.00
2014/02/17	5.60	5.67	5.55	5.65	5644937	31987400.00
2014/02/18	5.65	5.66	5.55	5.59	3917166	22085802.00
2014/02/19	5.58	5.64	5.50	5.59	4413351	24798716.00
2014/02/20	5.60	5.73	5.53	5.58	6587249	37424352.00
2014/02/21	5.56	5.57	5.43	5.48	5110753	28289926.00
2014/02/24	5.43	5.44	5.33	5.37	3637995	19762616.00
2014/02/25	5.40	5.40	5.18	5.20	5141132	27471476.00
2014/02/26	5.20	5.30	5.13	5.29	4052768	21304190.00
2014/02/27	5.29	5.33	5.17	5.20	3333990	17676512.00
2014/02/28	5.25	5.28	5.11	5.23	4668167	24443450.00
2014/03/03	5.22	5.32	5.14	5.31	3820399	20285626.00
2014/03/04	5.28	5.35	5.23	5.32	3691228	19751036.00
2014/03/05	5.34	5.35	5.27	5.27	3363430	18005848.00
2014/03/06	5.27	5.31	5.22	5.25	3485633	18527728.00
2014/03/07	5.26	5.34	5.23	5.27	3851966	20528512.00
2014/03/10	5.20	5.23	5.08	5.08	4750799	24635516.00
2014/03/11	5.08	5.12	5.06	5.10	2771480	14248024.00
2014/03/12	5.10	5.14	5.07	5.13	2235349	11528220.00
2014/03/13	5.16	5.21	5.12	5.20	3348361	17476268.00
2014/03/14	5.17	5.33	5.09	5.26	3419763	17853736.00
2014/03/17	5.23	5.28	5.19	5.27	2887892	15311072.00
2014/03/18	5.25	5.30	5.24	5.25	2646859	14070349.00
2014/03/19	5.25	5.25	5.14	5.18	3557416	18600468.00
2014/03/20	5.17	5.21	5.05	5.07	4456512	23054630.00
2014/03/21	5.07	5.21	5.04	5.17	4567621	23617976.00
2014/03/24	5.19	5.27	5.16	5.24	5254720	27746512.00
2014/03/25	5.24	5.40	5.23	5.31	6717113	35958464.00
2014/03/26	5.30	5.32	5.22	5.30	3812594	20286516.00
2014/03/27	5.25	5.32	5.24	5.25	3184877	17004196.00
2014/03/28	5.26	5.34	5.23	5.26	4931621	26257060.00
2014/03/31	5.25	5.39	5.20	5.32	6556938	35123640.00
2014/04/01	5.30	5.35	5.21	5.34	5838655	31126654.00
2014/04/02	5.32	5.44	5.32	5.42	8247782	44932964.00
2014/04/03	5.44	5.51	5.39	5.47	9413894	51607896.00
2014/04/04	5.42	5.53	5.40	5.52	12688186	70213384.00
2014/04/08	5.47	5.55	5.46	5.51	12824972	71229648.00
2014/04/09	5.50	5.50	5.40	5.43	9788944	53726336.00
2014/04/10	5.41	5.44	5.37	5.39	9170851	49996636.00
2014/04/11	5.37	5.43	5.34	5.42	5550920	30152656.00
2014/04/14	5.41	5.60	5.38	5.59	14660395	81168936.00
2014/04/15	5.54	5.62	5.42	5.44	12364826	69108752.00
2014/04/16	5.44	5.74	5.39	5.69	22707447	128985968.00
2014/04/17	5.63	5.67	5.56	5.61	9840797	55614968.00
2014/04/18	5.58	5.58	5.52	5.54	5261343	29428072.00
2014/04/21	5.42	5.47	5.23	5.24	12292054	66594240.00
2014/04/22	5.21	5.25	5.13	5.23	7117949	37177076.00
2014/04/23	5.20	5.22	5.15	5.18	4262902	22292534.00
2014/04/24	5.17	5.20	5.13	5.15	3758018	19577100.00
2014/04/25	5.14	5.18	5.07	5.08	3710080	19205162.00
2014/04/28	5.08	5.09	4.96	4.96	4607149	23322744.00
2014/04/29	4.96	5.12	4.95	5.11	3981424	20237234.00
2014/04/30	5.11	5.11	5.06	5.06	2050808	10516801.00
2014/05/05	5.05	5.09	5.02	5.08	2094674	10702766.00
2014/05/06	5.08	5.19	5.04	5.13	3921392	20257836.00
2014/05/07	5.10	5.11	5.02	5.03	3098261	15803352.00
2014/05/08	5.03	5.10	5.01	5.03	2215875	11332811.00
2014/05/09	5.03	5.12	5.01	5.09	4118147	21125508.00
2014/05/12	5.11	5.30	5.07	5.29	10689300	56466160.00
2014/05/13	5.24	5.29	5.16	5.21	5726346	30152248.00
2014/05/14	5.18	5.22	5.16	5.17	2969886	15532871.00
2014/05/15	5.16	5.17	5.06	5.07	3295116	16991488.00
2014/05/16	5.06	5.08	5.02	5.06	1888020	9625171.00
2014/05/19	5.06	5.07	4.98	5.03	2378083	12048990.00
2014/05/20	5.03	5.07	5.02	5.02	1416365	7212131.00
2014/05/21	5.04	5.09	4.98	5.09	2067850	10581632.00
2014/05/22	5.09	5.14	5.03	5.05	2744604	14113410.00
2014/05/23	5.04	5.08	5.01	5.06	2005705	10208047.00
2014/05/26	5.07	5.12	5.06	5.10	2509878	12894573.00
2014/05/27	5.12	5.34	5.11	5.26	12612756	66599028.00
2014/05/28	5.21	5.27	5.15	5.23	7905620	41629532.00
2014/05/29	5.21	5.49	5.20	5.32	16766346	90591504.00
2014/05/30	5.35	5.60	5.31	5.42	19884706	109632128.00
2014/06/03	5.37	5.41	5.25	5.27	9045052	48422592.00
2014/06/04	5.27	5.27	5.10	5.15	6732029	35037168.00
2014/06/05	5.13	5.21	5.10	5.20	4089872	21343516.00
2014/06/06	5.19	5.19	5.10	5.13	3458987	17961652.00
2014/06/09	5.11	5.15	5.03	5.05	4047786	20832920.00
2014/06/10	5.07	5.23	5.06	5.19	5772781	30045468.00
2014/06/11	5.15	5.54	5.15	5.35	13674097	74304920.00
2014/06/12	5.30	5.89	5.24	5.69	39285565	222530112.00
2014/06/13	5.60	5.85	5.57	5.61	24926940	143171376.00
2014/06/16	5.58	5.58	5.41	5.48	13949868	76494312.00
2014/06/17	5.48	5.54	5.39	5.40	10682799	58541684.00
2014/06/18	5.36	5.62	5.36	5.50	11962606	65612536.00
2014/06/19	5.45	5.54	5.27	5.35	8526203	45979112.00
2014/06/20	5.33	5.43	5.31	5.41	5656079	30456434.00
2014/06/23	5.41	5.54	5.37	5.51	9769001	53533016.00
2014/06/24	5.49	5.64	5.48	5.52	9174545	50921944.00
2014/06/25	5.49	5.50	5.38	5.40	7069065	38243812.00
2014/06/26	5.40	5.48	5.40	5.45	5390841	29354756.00
2014/06/27	5.45	5.54	5.37	5.48	8633555	47068756.00
2014/06/30	5.47	5.48	5.40	5.46	5932193	32299544.00
2014/07/01	5.46	5.63	5.42	5.56	10799378	59974380.00
2014/07/02	5.58	5.60	5.50	5.58	7146560	39601400.00
2014/07/03	5.59	5.66	5.54	5.61	8482651	47426124.00
2014/07/04	5.60	5.60	5.49	5.56	8188786	45307044.00
2014/07/07	5.55	5.64	5.47	5.61	9529342	52983676.00
2014/07/08	5.60	5.66	5.53	5.58	8756070	48998616.00
2014/07/09	5.54	5.57	5.39	5.41	10148834	55661404.00
2014/07/10	5.42	5.45	5.38	5.42	4881125	26451298.00
2014/07/11	5.42	5.55	5.39	5.54	10079900	55215200.00
2014/07/14	5.50	5.59	5.49	5.58	8505281	47208856.00
2014/07/15	5.57	5.64	5.54	5.59	9843472	55112880.00
2014/07/16	5.59	5.63	5.52	5.60	11503450	64118636.00
2014/07/17	5.58	5.64	5.52	5.62	7509174	41888808.00
2014/07/18	5.60	5.85	5.58	5.75	20910932	120330008.00
2014/07/21	5.73	5.74	5.65	5.71	7465493	42436924.00
2014/07/22	5.70	6.20	5.68	6.00	28287136	169434880.00
2014/07/23	5.96	6.12	5.90	5.91	19423451	116336016.00
2014/07/24	5.91	5.95	5.75	5.82	16266777	95169248.00
2014/07/25	5.82	6.04	5.79	5.94	15186589	90278448.00
2014/07/28	5.96	6.23	5.96	6.09	21458102	130740864.00
2014/07/29	6.09	6.14	5.97	6.11	18121104	109946472.00
2014/07/30	6.08	6.16	6.04	6.09	11028682	67257056.00
2014/07/31	6.15	6.25	6.10	6.21	16139569	100028360.00
2014/08/01	6.18	6.18	6.00	6.02	14883330	90571520.00
2014/08/04	6.02	6.15	5.97	6.14	14866150	90035904.00
2014/08/05	6.17	6.17	6.03	6.09	10331842	62789076.00
2014/08/06	6.04	6.24	5.98	6.12	17253935	105262672.00
2014/08/07	6.08	6.10	5.96	5.97	11964005	72123144.00
2014/08/08	5.98	6.03	5.94	5.99	7427543	44427068.00
2014/08/11	5.99	6.07	5.99	6.03	7431231	44870248.00
2014/08/12	6.00	6.07	5.99	6.05	9994837	60188672.00
2014/08/13	6.04	6.09	5.97	6.08	10722561	64716248.00
2014/08/14	6.18	6.25	6.06	6.08	18626717	114818312.00
2014/08/15	6.05	6.07	5.94	6.04	9935165	59752876.00
2014/08/18	6.04	6.35	6.03	6.30	28852835	180041328.00
2014/08/19	6.31	6.40	6.23	6.28	16605973	104774216.00
2014/08/20	6.31	6.39	6.21	6.27	11749845	73934648.00
2014/08/21	6.30	6.39	6.22	6.35	14897222	94187712.00
2014/08/22	6.30	6.37	6.26	6.36	10761609	68063648.00
2014/08/25	6.36	6.44	6.32	6.36	10749222	68635488.00
2014/08/26	6.35	6.35	6.09	6.13	9998447	61922780.00
2014/08/27	6.13	6.23	6.10	6.21	7437073	45970396.00
2014/08/28	6.23	6.67	6.16	6.37	17537561	113080352.00
2014/08/29	6.38	6.55	6.30	6.43	10825160	69490976.00
2014/09/01	6.45	7.04	6.40	6.92	29320131	199432448.00
2014/09/02	6.90	7.26	6.83	7.07	32289948	228677744.00
2014/09/03	7.11	7.58	7.11	7.31	27214908	200166256.00
2014/09/04	7.35	7.45	7.13	7.30	17718980	128390160.00
2014/09/05	7.30	7.44	7.25	7.33	19701763	144395904.00
2014/09/09	7.39	7.39	7.11	7.19	16627811	119456432.00
2014/09/10	7.06	7.12	6.95	7.11	22164817	155664000.00
2014/09/11	7.08	7.15	6.99	7.06	13497206	95397944.00
2014/09/12	7.04	7.15	6.98	7.13	10613301	75074368.00
2014/09/15	7.16	7.32	7.16	7.25	17210339	124464592.00
2014/09/16	7.25	7.26	6.93	6.94	16335660	115556512.00
2014/09/17	6.94	7.05	6.88	7.04	9399903	65785540.00
2014/09/18	6.98	7.24	6.96	7.21	11874771	84673816.00
2014/09/19	7.20	7.30	7.10	7.24	10790222	77960152.00
2014/09/22	7.24	7.24	6.99	7.01	7874294	55665816.00
2014/09/23	7.01	7.07	6.80	6.98	12474683	86333584.00
2014/09/24	6.98	7.06	6.90	7.06	9075412	63495416.00
2014/09/25	7.05	7.12	6.90	6.96	12174255	85318104.00
2014/09/26	6.90	7.04	6.89	6.98	6236241	43514040.00
2014/09/29	7.02	7.17	6.95	7.14	11475959	81111840.00
2014/09/30	7.13	7.24	7.08	7.18	14901233	106906784.00
2014/10/08	7.18	7.31	7.15	7.21	10166102	73480032.00
2014/10/09	7.25	7.27	7.02	7.17	11943855	85416560.00
2014/10/10	7.12	7.16	7.04	7.05	10636340	75408512.00
2014/10/13	7.01	7.06	6.80	7.00	13144529	91181224.00
2014/10/14	6.99	7.08	6.91	6.99	7050020	49425576.00
2014/10/15	6.88	7.06	6.87	7.03	9141857	63999196.00
2014/10/16	7.01	7.01	6.85	6.86	9605590	66523968.00
2014/10/17	6.81	6.87	6.61	6.79	9814140	66040692.00
2014/10/20	6.81	6.87	6.74	6.80	5792405	39392456.00
2014/10/21	6.80	6.83	6.75	6.82	5909617	40186984.00
2014/10/22	6.82	6.87	6.70	6.71	5925740	40345508.00
2014/10/23	6.69	6.75	6.33	6.40	13011393	84370952.00
2014/10/24	6.40	6.43	6.28	6.30	6668668	42459960.00
2014/10/27	6.36	6.71	6.33	6.66	9499866	62013904.00
2014/10/28	6.66	6.79	6.60	6.76	6261237	42104728.00
2014/10/29	6.78	6.85	6.75	6.81	8749685	59604336.00
2014/10/30	6.81	7.12	6.76	7.05	17606214	123587952.00
2014/10/31	7.06	7.12	6.94	7.02	8979310	62846460.00
2014/11/03	7.02	7.27	6.99	7.21	17232153	123615696.00
2014/11/04	7.25	7.28	7.12	7.17	8173687	58843704.00
2014/11/05	7.15	7.20	7.04	7.16	8353681	59682176.00
2014/11/06	7.13	7.14	6.90	7.11	9742284	68527176.00
2014/11/07	7.11	7.15	6.92	7.02	8281992	58491800.00
2014/11/10	7.07	7.48	7.05	7.21	17520247	127115760.00
2014/11/11	7.22	7.22	6.86	6.96	13225343	92733120.00
2014/11/12	6.94	7.04	6.86	7.03	7885885	54791404.00
2014/11/13	7.03	7.06	6.83	7.04	8479349	59036800.00
2014/11/14	7.01	7.01	6.88	6.97	4486407	31171328.00
2014/11/17	7.01	7.14	6.96	7.03	5746608	40476680.00
2014/11/18	7.04	7.04	6.96	7.00	3509312	24551392.00
2014/11/19	7.00	7.07	6.99	7.04	4537008	31853004.00
2014/11/20	7.04	7.20	7.00	7.20	11199374	80071920.00
2014/11/21	7.22	7.25	7.11	7.19	8204349	58837156.00
2014/11/24	7.20	7.40	7.19	7.26	17047250	124104208.00
2014/11/25	7.27	7.45	7.24	7.44	15767419	116259040.00
2014/11/26	7.50	7.75	7.29	7.39	20391489	153466032.00
2014/11/27	7.40	7.49	7.31	7.40	13202398	97572112.00
2014/11/28	7.46	7.49	7.23	7.32	11592419	85114352.00
2014/12/01	7.30	7.42	7.18	7.37	12032910	88130016.00
2014/12/02	7.38	7.44	7.30	7.41	12252357	90513240.00
2014/12/03	7.41	8.15	7.38	8.15	45864271	362157920.00
2014/12/04	8.19	8.60	8.15	8.34	41609328	345778912.00
2014/12/05	8.28	8.28	7.68	7.86	30700706	244113744.00
2014/12/08	7.85	8.22	7.71	8.15	22791415	183089120.00
2014/12/09	8.18	8.60	7.77	7.87	33959580	282226240.00
2014/12/10	7.85	8.23	7.78	8.21	16106967	128745648.00
2014/12/11	8.19	8.44	8.03	8.25	15843508	130255304.00
2014/12/12	8.25	8.45	8.20	8.38	17764195	148250736.00
2014/12/15	8.40	8.44	8.11	8.27	15711256	129338296.00
2014/12/16	8.28	8.28	8.03	8.12	14488987	117532376.00
2014/12/17	8.10	8.10	7.84	7.93	12892288	102292040.00
2014/12/18	7.90	8.08	7.86	7.94	10037685	80141552.00
2014/12/19	7.95	8.18	7.70	7.89	14508028	114990552.00
2014/12/22	7.81	8.08	7.43	7.51	18616383	142855104.00
2014/12/23	7.51	7.60	7.38	7.41	9262456	69242744.00
2014/12/24	7.36	7.50	7.32	7.44	8991005	66379876.00
2014/12/25	7.42	7.59	7.34	7.57	9995946	74867272.00
2014/12/26	7.56	8.32	7.54	8.20	27840834	221583136.00
2014/12/29	8.08	8.34	7.92	8.30	27635741	225738256.00
2014/12/30	8.24	8.25	7.93	8.10	15618682	126267120.00
2014/12/31	8.12	8.17	7.80	7.98	15515477	123289216.00
2015/01/05	7.96	8.33	7.81	8.28	32779065	267500896.00
2015/01/06	8.18	8.25	7.98	8.08	16258089	131426488.00
2015/01/07	8.08	8.32	8.02	8.28	24371171	200510368.00
2015/01/08	8.27	8.27	8.01	8.04	14388303	116519360.00
2015/01/09	7.97	8.00	7.70	7.70	15488228	121650912.00
2015/01/12	7.68	7.68	7.48	7.57	7614246	57603916.00
2015/01/13	7.57	7.69	7.50	7.58	7780466	59130944.00
2015/01/14	7.61	7.62	7.33	7.38	10037621	74500528.00
2015/01/15	7.39	7.47	7.28	7.47	7191004	53138580.00
2015/01/16	7.45	7.59	7.39	7.50	9092359	67992304.00
2015/01/19	6.90	7.07	6.75	6.75	25859430	177441952.00
2015/01/20	6.73	6.85	6.59	6.83	20416587	136709408.00
2015/01/21	6.80	7.07	6.74	7.04	16218506	112593152.00
2015/01/22	7.02	7.25	6.97	7.17	13728440	98368224.00
2015/01/23	7.18	7.23	7.00	7.04	10806008	76595800.00
2015/01/26	7.07	7.18	7.03	7.16	8245733	58884472.00
2015/01/27	7.19	7.46	7.19	7.31	16974861	124641440.00
2015/01/28	7.28	7.39	7.25	7.30	9876878	72256928.00
2015/01/29	7.21	7.29	7.15	7.17	6687494	48156752.00
2015/01/30	7.22	7.24	7.05	7.07	6450527	45866740.00
2015/02/02	7.00	7.00	6.90	6.94	6414191	44495656.00
2015/02/03	6.94	7.04	6.91	7.02	6580965	45984080.00
2015/02/04	7.03	7.04	6.91	6.93	6738440	47025612.00
2015/02/05	7.01	7.04	6.83	6.85	5620681	39067788.00
2015/02/06	6.87	6.88	6.75	6.76	4775311	32474134.00
2015/02/09	6.78	6.94	6.76	6.90	5595779	38377572.00
2015/02/10	6.90	6.95	6.83	6.91	4306813	29715954.00
2015/02/11	6.91	6.95	6.78	6.91	5935019	40674776.00
2015/02/12	6.90	6.93	6.79	6.93	6603696	45260768.00
2015/02/13	6.94	7.09	6.94	7.02	8486179	59642400.00
2015/02/16	7.04	7.15	6.99	7.14	6448450	45828124.00
2015/02/17	7.14	7.19	7.09	7.16	6050936	43215080.00
2015/02/25	7.19	7.35	7.07	7.32	11273153	81248496.00
2015/02/26	7.28	7.42	7.18	7.39	10521893	76984608.00
2015/02/27	7.36	7.84	7.35	7.66	23566602	179374976.00
2015/03/02	7.76	7.86	7.51	7.80	20589794	158673632.00
2015/03/03	7.80	8.13	7.66	7.82	23306905	183828272.00
2015/03/04	7.81	7.93	7.70	7.81	12005250	93900240.00
2015/03/05	7.80	8.08	7.67	7.97	16871799	133162752.00
2015/03/06	7.95	8.10	7.75	7.91	16238514	129117480.00
2015/03/09	8.00	8.11	7.92	8.08	15741257	126592496.00
2015/03/10	8.08	8.08	7.95	8.05	13232946	106193720.00
2015/03/11	8.02	8.02	7.85	7.94	11476590	90946344.00
2015/03/12	7.94	8.30	7.92	8.00	16234292	131575336.00
2015/03/13	7.96	8.08	7.89	7.99	8776166	70069072.00
2015/03/16	8.00	8.17	7.99	8.11	14865925	120620168.00
2015/03/17	8.14	8.48	8.08	8.35	22803717	189286560.00
2015/03/18	8.36	9.19	8.36	9.19	39110059	346832416.00
2015/03/19	9.25	9.84	9.25	9.43	47565090	451743456.00
2015/03/20	9.60	9.66	9.32	9.50	27789060	263991488.00
2015/03/23	9.53	9.72	9.37	9.68	27180691	259786000.00
2015/03/24	9.68	9.96	9.33	9.94	37685076	367765376.00
2015/03/25	9.91	10.80	9.65	10.58	38739620	405187744.00
2015/03/26	10.58	10.68	10.22	10.36	20413620	213354624.00
2015/03/27	10.36	10.58	10.26	10.43	13911256	144392960.00
2015/03/30	10.50	11.37	10.50	10.87	28367991	311663552.00
2015/03/31	10.70	10.70	10.29	10.42	27050448	283178560.00
2015/04/01	10.40	11.15	10.05	10.64	36689108	384746976.00
2015/04/02	10.51	10.88	10.39	10.72	25544142	273055744.00
2015/04/03	10.67	10.81	10.50	10.79	23772205	254413056.00
2015/04/07	10.79	11.60	10.75	11.46	36748546	409896992.00
2015/04/08	11.48	11.59	10.84	11.05	28988896	323102720.00
2015/04/09	11.11	11.19	10.12	10.59	26339596	278498144.00
2015/04/10	10.51	11.20	10.41	10.92	20833477	227915376.00
2015/04/13	11.19	11.32	11.02	11.17	20599588	230147904.00
2015/04/14	11.17	11.27	10.85	10.94	27082843	298615616.00
2015/04/15	10.88	11.19	10.72	10.98	28187436	310641856.00
2015/04/16	10.82	11.21	10.40	10.91	22853287	248446096.00
2015/04/17	11.04	11.76	11.04	11.42	45846186	520836800.00
2015/04/20	11.44	12.56	11.44	12.33	59296383	721314496.00
2015/04/21	12.16	12.60	11.81	12.52	39651359	486366624.00
2015/04/22	12.55	12.99	12.39	12.57	36522535	461890304.00
2015/04/23	12.49	13.20	12.26	12.91	41476727	527832832.00
2015/04/24	12.65	12.78	11.98	12.40	29691924	369191104.00
2015/04/27	12.40	12.59	12.20	12.32	20308981	250467008.00
2015/04/28	12.32	12.35	11.66	11.70	21958353	262448240.00
2015/04/29	11.68	12.36	11.61	12.13	17044453	206720000.00
2015/04/30	12.17	12.32	11.98	12.05	13134126	159515808.00
2015/05/05	12.08	12.08	12.08	12.08	0	0.00
数据来源:通达信
