600073 上海梅林 日线 前复权
      日期	    开盘	    最高	    最低	    收盘	    成交量	    成交额
2011/10/10	5.42	5.47	5.36	5.39	783706	7171345.00
2011/10/11	5.47	5.57	5.26	5.34	927812	8551468.00
2011/10/12	5.36	5.49	5.30	5.49	1178157	10861618.00
2011/10/13	5.48	5.62	5.43	5.56	1827771	17246036.00
2011/10/14	5.56	5.66	5.49	5.65	2425862	22950908.00
2011/10/17	5.66	5.66	5.59	5.63	1426598	13645567.00
2011/10/18	5.63	5.95	5.60	5.75	6369064	62426212.00
2011/10/19	5.82	5.89	5.42	5.49	4091262	38943764.00
2011/10/20	5.49	5.65	5.41	5.55	3861572	36294160.00
2011/10/21	5.54	5.56	5.36	5.37	1335498	12365689.00
2011/10/24	5.45	5.60	5.27	5.53	2449784	22692184.00
2011/10/25	5.53	5.78	5.49	5.70	3222860	30971172.00
2011/10/26	5.68	5.83	5.66	5.80	3270195	31921936.00
2011/10/27	5.80	5.87	5.72	5.72	2556159	25104984.00
2011/10/28	5.79	5.86	5.72	5.83	2470285	24332018.00
2011/10/31	5.77	5.88	5.77	5.83	1715191	16942232.00
2011/11/01	5.79	5.94	5.79	5.86	1438525	14275109.00
2011/11/02	5.80	5.88	5.66	5.87	2458497	23996396.00
2011/11/03	5.91	6.01	5.86	5.88	4924603	49489364.00
2011/11/04	5.89	5.95	5.86	5.91	1849777	18470124.00
2011/11/07	5.91	6.00	5.85	6.00	2802333	28275652.00
2011/11/08	5.99	6.04	5.94	5.94	1747020	17676904.00
2011/11/09	5.95	6.03	5.81	6.02	2488140	25030104.00
2011/11/10	5.99	5.99	5.89	5.92	1523091	15338642.00
2011/11/11	5.89	5.94	5.85	5.89	1181516	11809929.00
2011/11/14	5.93	6.03	5.89	6.02	2191219	22173492.00
2011/11/15	6.01	6.08	5.99	6.05	1528275	15632888.00
2011/11/16	6.03	6.05	5.87	5.90	2510459	25261494.00
2011/11/17	5.89	5.95	5.84	5.86	1047537	10436427.00
2011/11/18	5.86	5.88	5.67	5.72	1813465	17654080.00
2011/11/21	5.72	5.77	5.66	5.72	1272172	12307138.00
2011/11/22	5.66	5.72	5.52	5.71	1988754	18938488.00
2011/11/23	5.70	5.72	5.64	5.65	779356	7494242.00
2011/11/24	5.63	5.74	5.57	5.68	1311030	12629676.00
2011/11/25	5.71	5.77	5.69	5.72	1170832	11376680.00
2011/11/28	5.72	5.83	5.69	5.83	1458532	14308699.00
2011/11/29	5.85	6.00	5.82	5.95	2325223	23339136.00
2011/11/30	5.91	6.02	5.70	5.86	3351133	33418688.00
2011/12/01	5.94	6.16	5.92	6.06	5882382	60178380.00
2011/12/02	6.02	6.06	5.93	6.00	1955916	19808750.00
2011/12/05	6.03	6.06	5.57	5.63	3860586	37933748.00
2011/12/06	5.65	5.85	5.47	5.85	3126470	29936528.00
2011/12/07	5.80	6.02	5.80	5.98	4380127	43720100.00
2011/12/08	5.91	6.02	5.77	5.94	7123428	70976160.00
2011/12/09	5.83	5.85	5.56	5.60	3570354	34494704.00
2011/12/12	5.60	5.62	5.29	5.35	2795837	25903064.00
2011/12/13	5.35	5.37	5.02	5.08	2554515	22372480.00
2011/12/14	5.06	5.14	4.77	4.79	1997054	16827834.00
2011/12/15	4.78	4.84	4.68	4.74	1826445	14775962.00
2011/12/16	4.76	4.92	4.71	4.91	1556509	12733189.00
2011/12/19	4.99	5.18	4.89	5.09	3358868	28873128.00
2011/12/20	5.04	5.17	5.00	5.15	2697833	23466922.00
2011/12/21	5.18	5.29	5.03	5.05	2252372	19886642.00
2011/12/22	5.00	5.01	4.76	4.91	1413475	11744563.00
2011/12/23	4.91	4.99	4.88	4.94	1800453	15136734.00
2011/12/26	4.97	5.01	4.91	4.93	906642	7643214.00
2011/12/27	4.91	4.93	4.71	4.71	1155411	9435119.00
2011/12/28	4.71	4.82	4.69	4.79	1181420	9566221.00
2011/12/29	4.85	4.88	4.80	4.82	802227	6599520.00
2011/12/30	4.82	4.99	4.82	4.97	1109708	9269603.00
2012/01/04	4.99	5.02	4.85	4.85	900474	7558048.00
2012/01/05	4.82	4.88	4.68	4.70	1148056	9381340.00
2012/01/06	4.56	4.70	4.22	4.24	6433388	46801120.00
2012/01/09	4.16	4.31	4.08	4.31	4896270	35505932.00
2012/01/10	4.28	4.53	4.27	4.51	4915519	37067928.00
2012/01/11	4.49	4.58	4.47	4.51	2577264	19866100.00
2012/01/12	4.50	4.57	4.45	4.52	1792604	13821950.00
2012/01/13	4.77	4.99	4.76	4.99	16397021	138385504.00
2012/01/16	4.83	4.90	4.47	4.47	9780784	78403488.00
2012/01/17	4.51	4.79	4.48	4.75	6692034	53014888.00
2012/01/18	4.69	4.77	4.52	4.60	4696930	37333380.00
2012/01/19	4.60	4.67	4.51	4.60	2685990	21121774.00
2012/01/20	4.72	4.83	4.63	4.79	3515413	28442280.00
2012/01/30	4.81	4.89	4.76	4.82	3019516	24778518.00
2012/01/31	4.82	4.82	4.70	4.79	1678880	13583607.00
2012/02/01	4.79	4.82	4.59	4.62	2617522	21000972.00
2012/02/02	4.60	4.74	4.60	4.73	1695538	13473132.00
2012/02/03	4.73	4.90	4.70	4.88	4600705	37800688.00
2012/02/06	4.85	4.89	4.80	4.86	2398179	19789880.00
2012/02/07	4.82	4.83	4.68	4.72	2412546	19454612.00
2012/02/08	4.71	4.85	4.70	4.85	2004557	16373449.00
2012/02/09	4.86	4.94	4.84	4.85	2999077	24921560.00
2012/02/10	4.85	4.94	4.82	4.88	2115870	17577696.00
2012/02/13	4.85	5.04	4.83	4.98	3207590	27075744.00
2012/02/14	4.98	5.00	4.91	4.94	2375801	19959420.00
2012/02/15	4.92	5.08	4.91	5.05	3085681	26359292.00
2012/02/16	5.05	5.11	4.96	5.02	2755262	23604940.00
2012/02/17	5.06	5.06	4.94	4.99	1915311	16272467.00
2012/02/20	5.04	5.12	4.99	5.00	2489986	21373000.00
2012/02/21	4.99	5.05	4.89	5.05	1825806	15487918.00
2012/02/22	5.03	5.15	5.01	5.13	3280191	28440584.00
2012/02/23	5.11	5.28	5.11	5.14	4335172	38162024.00
2012/02/24	5.15	5.34	5.08	5.28	4544334	40313800.00
2012/02/27	5.30	5.40	5.22	5.23	4946149	44469016.00
2012/02/28	5.19	5.26	5.15	5.23	2811555	24842962.00
2012/02/29	5.23	5.23	5.11	5.18	2295226	20130604.00
2012/03/01	5.17	5.22	5.13	5.18	1366926	12050635.00
2012/03/02	5.21	5.28	5.18	5.26	1820073	16212501.00
2012/03/05	5.26	5.36	5.23	5.28	3335796	30037388.00
2012/03/06	5.28	5.32	5.20	5.23	2846824	25423490.00
2012/03/07	5.17	5.29	5.13	5.25	2190105	19445338.00
2012/03/08	5.27	5.43	5.27	5.41	3981460	36342648.00
2012/03/09	5.41	5.44	5.36	5.42	2517666	23075536.00
2012/03/12	5.48	5.58	5.44	5.48	4698551	43827104.00
2012/03/13	5.49	5.69	5.49	5.62	4588567	43556752.00
2012/03/14	5.66	5.66	5.31	5.43	6488397	60571568.00
2012/03/15	5.63	5.99	5.63	5.76	16187382	158894304.00
2012/03/16	5.64	5.93	5.64	5.91	9800305	96054944.00
2012/03/19	5.93	6.02	5.81	5.91	7983123	79961120.00
2012/03/20	5.91	5.92	5.68	5.72	5202919	50903972.00
2012/03/21	5.74	5.78	5.62	5.74	3371382	32545720.00
2012/03/22	5.72	5.75	5.57	5.61	2817194	26917272.00
2012/03/23	5.58	5.63	5.49	5.51	2168394	20392888.00
2012/03/26	5.49	5.59	5.45	5.56	1759483	16475501.00
2012/03/27	5.59	5.65	5.51	5.54	1779099	16816012.00
2012/03/28	5.52	5.52	5.19	5.21	3607328	32700604.00
2012/03/29	5.17	5.27	4.94	4.97	4460581	38612328.00
2012/03/30	4.97	5.03	4.85	4.93	2754429	23057060.00
2012/04/05	4.94	5.17	4.94	5.16	2665283	22959920.00
2012/04/06	5.17	5.56	5.13	5.54	5625998	51011016.00
2012/04/09	5.51	5.63	5.45	5.56	3710084	34818092.00
2012/04/10	5.51	5.57	5.30	5.57	3784080	34944396.00
2012/04/11	5.45	5.59	5.43	5.54	2224477	20823566.00
2012/04/12	5.60	5.65	5.50	5.64	3346206	31658076.00
2012/04/13	5.65	5.76	5.63	5.66	4686899	45263536.00
2012/04/16	5.67	5.76	5.62	5.68	3292735	31828648.00
2012/04/17	5.69	5.72	5.54	5.55	2522144	24080540.00
2012/04/18	5.56	5.78	5.56	5.71	2728389	26331440.00
2012/04/19	5.70	5.76	5.67	5.74	2514241	24392792.00
2012/04/20	5.74	5.92	5.72	5.85	4498191	44518852.00
2012/04/23	5.85	5.89	5.71	5.71	3645273	35907848.00
2012/04/24	5.69	6.00	5.56	6.00	6373994	62781156.00
2012/04/25	5.85	5.99	5.74	5.89	7609061	75430224.00
2012/04/26	5.89	6.02	5.84	6.02	6233212	62699780.00
2012/04/27	6.00	6.08	5.90	6.02	3927474	39721460.00
2012/05/02	6.08	6.11	5.91	6.03	3458400	35113512.00
2012/05/03	6.00	6.02	5.90	5.92	2475558	24883044.00
2012/05/04	5.92	6.00	5.91	5.99	2530464	25483856.00
2012/05/07	5.94	6.03	5.91	6.02	2214103	22423580.00
2012/05/08	6.03	6.03	5.93	5.99	2075304	20949252.00
2012/05/09	5.97	5.97	5.74	5.76	2759523	27408348.00
2012/05/10	5.74	5.86	5.74	5.76	1796638	17622468.00
2012/05/11	5.74	5.81	5.69	5.76	1555946	15199380.00
2012/05/14	5.80	5.82	5.72	5.73	1298374	12678931.00
2012/05/15	5.70	5.94	5.69	5.92	2458939	24196220.00
2012/05/16	5.88	5.99	5.88	5.92	2811685	28285964.00
2012/05/17	5.92	6.00	5.86	5.97	2110880	21252696.00
2012/05/21	5.91	5.94	5.71	5.87	2480988	24412650.00
2012/05/22	5.90	6.02	5.85	6.00	2450518	24668528.00
2012/05/23	6.00	6.11	5.92	6.08	3437699	35008384.00
2012/05/24	6.08	6.09	5.91	5.92	2360558	23926840.00
2012/05/25	5.96	5.96	5.76	5.77	1967204	19469896.00
2012/05/28	5.77	5.87	5.66	5.86	1522985	14894890.00
2012/05/29	5.89	5.89	5.80	5.87	1513925	15001009.00
2012/05/30	5.84	5.89	5.81	5.85	1356244	13431895.00
2012/05/31	5.76	5.87	5.76	5.81	992750	9794521.00
2012/06/01	5.83	5.86	5.76	5.79	1192132	11721124.00
2012/06/04	5.72	5.81	5.53	5.54	1830032	17633652.00
2012/06/05	5.55	5.62	5.51	5.54	1365938	12887953.00
2012/06/06	5.58	5.59	5.48	5.54	945568	8887077.00
2012/06/07	5.63	5.63	5.54	5.62	1026372	9726494.00
2012/06/08	5.66	5.81	5.60	5.80	2190636	21202328.00
2012/06/11	5.77	5.91	5.77	5.88	2594606	25778132.00
2012/06/12	5.88	5.91	5.81	5.81	1305864	12943277.00
2012/06/13	5.83	5.96	5.81	5.91	1493006	14896620.00
2012/06/14	5.91	5.94	5.72	5.84	2498446	24679548.00
2012/06/15	5.86	5.93	5.79	5.92	3402592	33902108.00
2012/06/18	5.97	6.02	5.88	5.95	3576883	35972992.00
2012/06/19	5.95	5.98	5.84	5.84	2952294	29578952.00
2012/06/20	5.83	5.94	5.72	5.76	2844795	28280420.00
2012/06/21	5.79	5.80	5.69	5.71	1712077	16642356.00
2012/06/25	5.64	5.81	5.61	5.68	1020098	6557606.00
2012/06/26	5.70	5.95	5.33	5.93	4509307	28677588.00
2012/06/27	5.88	6.06	5.83	5.99	9441893	63164176.00
2012/06/28	5.96	6.15	5.91	6.14	10799576	73592384.00
2012/06/29	6.24	6.35	6.10	6.34	12087168	84656936.00
2012/07/02	6.41	6.60	6.28	6.59	12313523	89095040.00
2012/07/03	6.54	6.81	6.50	6.70	17206715	128677280.00
2012/07/04	6.70	6.79	6.49	6.62	10778839	80155768.00
2012/07/05	6.53	6.69	6.42	6.61	5741727	41863024.00
2012/07/06	6.57	6.79	6.53	6.69	7198326	53887848.00
2012/07/09	6.72	6.72	6.32	6.49	9508339	68866072.00
2012/07/10	6.40	6.51	6.32	6.40	3819604	27552556.00
2012/07/11	6.37	6.44	6.13	6.32	4446574	31414128.00
2012/07/12	6.31	6.52	6.25	6.41	3836751	27537508.00
2012/07/13	6.40	6.56	6.34	6.46	3156449	22944728.00
2012/07/16	6.49	6.49	6.06	6.09	5026083	35416912.00
2012/07/17	6.10	6.13	5.99	6.12	2554734	17421760.00
2012/07/18	6.11	6.15	5.69	5.96	6744629	44522492.00
2012/07/19	5.91	6.48	5.90	6.38	6804419	47920944.00
2012/07/20	6.33	6.42	6.29	6.35	4471457	31835354.00
2012/07/23	6.30	6.30	6.15	6.19	2543353	17701746.00
2012/07/24	6.20	6.29	6.15	6.22	1860327	13014194.00
2012/07/25	6.26	6.41	6.20	6.29	3821963	27129848.00
2012/07/26	6.29	6.36	6.06	6.11	2729755	19051452.00
2012/07/27	6.15	6.19	5.79	5.81	4996823	33180768.00
2012/07/30	5.88	5.89	5.61	5.73	2589089	16868340.00
2012/07/31	5.72	5.91	5.65	5.87	1655093	10776538.00
2012/08/01	5.82	5.97	5.80	5.91	1514131	10064667.00
2012/08/02	5.89	6.01	5.84	6.00	2080315	13897875.00
2012/08/03	5.99	6.09	5.95	6.07	1266509	8575532.00
2012/08/06	6.07	6.13	6.02	6.11	1978573	13496784.00
2012/08/07	6.11	6.69	6.09	6.52	9315990	67351048.00
2012/08/08	6.60	6.60	6.29	6.39	6958807	49785772.00
2012/08/09	6.34	6.41	6.29	6.39	3156176	22531062.00
2012/08/10	6.42	6.42	6.20	6.27	2937149	20741156.00
2012/08/13	6.27	6.30	6.20	6.23	2353291	16506060.00
2012/08/14	6.22	6.52	6.20	6.42	6774613	48653088.00
2012/08/15	6.35	6.48	6.34	6.40	4107962	29500576.00
2012/08/16	6.37	6.45	6.29	6.31	1772972	12612264.00
2012/08/17	6.35	6.50	6.30	6.34	2193406	15746608.00
2012/08/20	6.26	6.29	6.16	6.26	2169829	15148823.00
2012/08/21	6.25	6.34	6.09	6.13	6805871	47055200.00
2012/08/22	6.09	6.19	6.09	6.09	2338291	16069478.00
2012/08/23	6.08	6.14	5.99	6.09	2437918	16608239.00
2012/08/24	6.09	6.09	5.89	5.98	3060489	20492888.00
2012/08/27	5.92	6.02	5.90	5.93	1832412	12261325.00
2012/08/28	5.91	6.04	5.89	5.99	1307778	8752792.00
2012/08/29	5.98	6.03	5.92	5.94	934821	6267054.00
2012/08/30	5.94	5.99	5.69	5.89	2357445	15498612.00
2012/08/31	5.85	6.15	5.85	6.14	2411819	16302560.00
2012/09/03	6.14	6.29	6.09	6.23	2645981	18429656.00
2012/09/04	6.22	6.26	6.09	6.14	1497134	10351630.00
2012/09/05	6.08	6.21	5.98	6.14	1500936	10297220.00
2012/09/06	6.12	6.20	6.09	6.18	1031564	7116024.00
2012/09/07	6.19	6.37	6.16	6.23	4910592	34560968.00
2012/09/10	6.24	6.42	6.23	6.40	7042177	50166876.00
2012/09/11	6.40	6.40	6.31	6.38	3138396	22371552.00
2012/09/12	6.38	6.42	6.29	6.35	2263068	16126806.00
2012/09/13	6.33	6.37	6.20	6.22	2388900	16893068.00
2012/09/14	6.25	6.30	6.10	6.27	3226254	22481760.00
2012/09/17	6.30	6.30	5.63	5.65	9278820	61528948.00
2012/09/18	5.69	5.91	5.69	5.79	3968713	25769756.00
2012/09/19	5.75	5.83	5.75	5.80	1076066	7001390.00
2012/09/20	5.80	5.83	5.60	5.62	2717169	17331536.00
2012/09/21	5.60	5.67	5.57	5.63	1321783	8364189.00
2012/09/24	5.65	5.73	5.51	5.69	1593237	10042719.00
2012/09/25	5.71	5.72	5.59	5.59	1293549	8218994.00
2012/09/26	5.59	5.59	5.46	5.49	1598676	9923319.00
2012/09/27	5.53	5.69	5.47	5.52	1823119	11439957.00
2012/09/28	5.56	5.74	5.55	5.68	2375169	15131526.00
2012/10/08	5.68	5.74	5.68	5.71	1085547	6954117.00
2012/10/09	5.70	5.86	5.69	5.84	2308719	15033826.00
2012/10/10	5.82	5.89	5.79	5.85	1693657	11106372.00
2012/10/11	5.84	5.85	5.57	5.65	7218535	45878608.00
2012/10/12	5.67	5.67	5.45	5.54	9671212	59886336.00
2012/10/15	5.50	5.55	5.47	5.55	2897475	17966640.00
2012/10/16	5.55	5.59	5.50	5.56	1552920	9694512.00
2012/10/17	5.55	5.59	5.42	5.54	2120713	13111723.00
2012/10/18	5.57	5.67	5.56	5.65	3427496	21612972.00
2012/10/19	5.65	5.65	5.57	5.59	1880088	11845028.00
2012/10/22	5.58	5.67	5.53	5.66	2000645	12668261.00
2012/10/23	5.66	5.73	5.63	5.65	2503619	15954661.00
2012/10/24	5.66	5.71	5.61	5.68	2070696	13208053.00
2012/10/25	5.68	5.68	5.51	5.53	2099218	13200260.00
2012/10/26	5.49	5.55	5.43	5.49	1515305	9362706.00
2012/10/29	5.46	5.55	5.46	5.48	627492	3883932.00
2012/10/30	5.52	5.55	5.42	5.48	1925611	11814613.00
2012/10/31	5.44	5.47	5.39	5.44	1342259	8197397.00
2012/11/01	5.47	5.62	5.40	5.61	3049825	18897042.00
2012/11/02	5.60	5.62	5.54	5.60	2777068	17443440.00
2012/11/05	5.59	5.60	5.53	5.56	1440934	9011650.00
2012/11/06	5.52	5.61	5.49	5.58	1187252	7410230.00
2012/11/07	5.54	5.65	5.53	5.60	1603788	10115208.00
2012/11/08	5.56	5.60	5.45	5.53	1615550	10036822.00
2012/11/09	5.49	5.51	5.42	5.44	1461609	8991486.00
2012/11/12	5.45	5.49	5.42	5.45	865510	5307891.00
2012/11/13	5.44	5.48	5.24	5.30	1257349	7618192.00
2012/11/14	5.24	5.31	5.19	5.31	1230039	7295138.00
2012/11/15	5.31	5.35	5.22	5.32	2066450	12300083.00
2012/11/16	5.29	5.43	5.28	5.39	1870136	11305699.00
2012/11/19	5.41	5.42	5.31	5.38	1047832	6304886.00
2012/11/20	5.38	5.41	5.34	5.36	938435	5663756.00
2012/11/21	5.34	5.39	5.29	5.38	669284	4018690.00
2012/11/22	5.38	5.41	5.33	5.39	901155	5454277.00
2012/11/23	5.37	5.41	5.34	5.35	565319	3416169.00
2012/11/26	5.36	5.38	5.31	5.31	684049	4109826.00
2012/11/27	5.33	5.35	5.22	5.23	1587509	9440284.00
2012/11/28	5.23	5.23	4.89	4.93	2592411	14676345.00
2012/11/29	4.93	5.04	4.88	4.89	690232	3857140.00
2012/11/30	4.89	4.99	4.89	4.97	613528	3427574.00
2012/12/03	4.97	4.97	4.74	4.79	1133553	6268455.00
2012/12/04	4.78	4.84	4.70	4.81	858261	4620565.00
2012/12/05	4.83	5.29	4.83	5.12	2546431	14615288.00
2012/12/06	5.10	5.23	5.07	5.15	1278539	7407003.00
2012/12/07	5.13	5.23	5.09	5.19	1199651	7011631.00
2012/12/10	5.19	5.38	5.18	5.34	2364216	14134967.00
2012/12/11	5.25	5.39	5.24	5.35	1576310	9453054.00
2012/12/12	5.34	5.43	5.29	5.36	1124312	6772377.00
2012/12/13	5.36	5.38	4.88	4.92	9180010	52160152.00
2012/12/14	4.89	5.43	4.89	5.43	8907627	52190884.00
2012/12/17	5.49	5.71	5.49	5.59	8604364	54058444.00
2012/12/18	5.59	5.78	5.44	5.75	7134352	45127100.00
2012/12/19	5.69	5.80	5.58	5.64	4478757	28481760.00
2012/12/20	5.69	5.76	5.52	5.72	3377261	21412178.00
2012/12/21	5.72	5.72	5.55	5.60	2914934	18410500.00
2012/12/24	5.56	5.66	5.55	5.61	2410066	15171317.00
2012/12/25	5.60	5.70	5.55	5.69	3405935	21636658.00
2012/12/26	5.75	5.77	5.62	5.71	4066991	26064154.00
2012/12/27	5.76	5.76	5.59	5.68	4169144	26543098.00
2012/12/28	5.68	5.69	5.60	5.67	2932575	18636940.00
2012/12/31	5.65	5.73	5.60	5.71	3236751	20630364.00
2013/01/04	5.71	5.75	5.63	5.72	3489128	22274840.00
2013/01/07	5.72	6.06	5.72	6.01	8504569	56875024.00
2013/01/08	5.97	6.08	5.86	5.92	5646299	37714572.00
2013/01/09	5.87	6.02	5.82	5.89	4163020	27713780.00
2013/01/10	5.88	5.99	5.79	5.85	3315339	21943324.00
2013/01/11	5.86	5.95	5.71	5.74	3353665	21929254.00
2013/01/14	5.72	5.95	5.70	5.92	5122241	33704528.00
2013/01/15	5.90	6.09	5.89	6.00	5999818	40563072.00
2013/01/16	6.00	6.07	5.89	6.03	4414471	29785356.00
2013/01/17	6.06	6.20	5.94	6.05	5008761	34208404.00
2013/01/18	6.08	6.13	6.01	6.07	3251065	22137976.00
2013/01/21	6.09	6.09	5.97	6.05	3064773	20769036.00
2013/01/22	6.06	6.06	5.90	5.93	3072139	20541932.00
2013/01/23	5.93	6.19	5.83	6.08	5876757	39829516.00
2013/01/24	6.07	6.24	5.94	6.04	7524103	51427700.00
2013/01/25	5.99	6.10	5.89	5.96	2719444	18319848.00
2013/01/28	6.00	6.00	5.89	5.93	5289634	35298744.00
2013/01/29	5.98	5.99	5.90	5.96	5385645	35914200.00
2013/01/30	5.96	6.09	5.93	6.07	5325160	35967200.00
2013/01/31	6.04	6.06	5.83	5.94	4156174	27608708.00
2013/02/01	5.95	5.97	5.83	5.91	2927036	19388400.00
2013/02/04	5.90	5.96	5.88	5.93	2560629	16991370.00
2013/02/05	5.92	5.99	5.86	5.98	2625041	17508236.00
2013/02/06	5.94	6.04	5.94	5.99	2929776	19718878.00
2013/02/07	5.99	6.08	5.98	6.00	2874526	19467670.00
2013/02/08	6.03	6.22	6.03	6.21	6277499	43318708.00
2013/02/18	6.42	6.81	6.42	6.59	15974752	118423920.00
2013/02/19	6.57	7.04	6.47	6.81	27836483	213027904.00
2013/02/20	6.73	6.95	6.64	6.86	13930408	106427592.00
2013/02/21	6.79	6.92	6.63	6.78	9783962	74285528.00
2013/02/22	6.88	7.00	6.62	6.64	8786262	67119592.00
2013/02/25	6.64	7.03	6.58	6.95	9729336	74431856.00
2013/02/26	6.97	7.00	6.73	6.80	5868119	45019112.00
2013/02/27	6.79	6.86	6.51	6.65	6072141	45469016.00
2013/02/28	6.56	6.83	6.56	6.78	5857666	44115332.00
2013/03/01	6.75	6.79	6.62	6.72	5048746	37901904.00
2013/03/04	6.71	6.92	6.50	6.81	10572872	80014256.00
2013/03/05	6.79	7.03	6.75	7.00	13630871	105995640.00
2013/03/06	7.04	7.44	6.97	7.12	21546849	172749536.00
2013/03/07	7.02	7.07	6.69	6.78	11287188	87004880.00
2013/03/08	6.78	6.81	6.68	6.78	7938529	60043944.00
2013/03/11	6.78	6.83	6.32	6.42	14539186	105920512.00
2013/03/12	6.39	6.56	6.35	6.54	11527107	83854560.00
2013/03/13	6.51	6.82	6.43	6.80	9306049	69193016.00
2013/03/14	6.74	6.93	6.69	6.78	9265018	71169264.00
2013/03/15	6.73	7.11	6.52	6.96	15374737	117910784.00
2013/03/18	6.89	7.10	6.79	6.99	9422432	73495128.00
2013/03/19	6.99	7.04	6.85	7.00	7760390	60414660.00
2013/03/20	7.03	7.18	6.88	7.04	11296395	88955712.00
2013/03/21	6.97	7.14	6.93	7.05	8817095	69610168.00
2013/03/22	7.03	7.35	7.01	7.09	24722912	199507696.00
2013/03/25	7.04	7.65	6.99	7.54	27116146	224833264.00
2013/03/26	7.49	8.24	7.37	8.06	34375282	299361728.00
2013/03/27	8.06	8.09	7.69	7.84	20137442	176886896.00
2013/03/28	7.69	8.25	7.64	7.97	30672924	274280352.00
2013/03/29	7.88	7.88	7.46	7.59	16363973	139864928.00
2013/04/01	7.54	7.81	7.44	7.53	11192659	95501856.00
2013/04/02	7.46	7.57	7.17	7.39	11103701	91279104.00
2013/04/03	7.33	7.35	6.64	6.77	28181969	215898128.00
2013/04/08	6.51	6.81	6.38	6.71	10500177	77937088.00
2013/04/09	6.73	7.21	6.69	7.16	11528926	89902936.00
2013/04/10	7.11	7.29	6.98	7.18	8227373	66156896.00
2013/04/11	7.22	7.26	6.99	7.05	5089568	40533392.00
2013/04/12	7.01	7.14	6.97	7.09	2769974	21964488.00
2013/04/15	7.04	7.12	6.69	6.80	5416891	41401920.00
2013/04/16	6.74	6.89	6.62	6.72	4468092	33931504.00
2013/04/17	6.77	7.09	6.77	7.04	7883434	61641984.00
2013/04/18	6.97	7.19	6.88	6.93	8531748	67195040.00
2013/04/19	6.95	7.23	6.95	7.11	9421201	75365592.00
2013/04/22	7.14	7.45	7.12	7.41	12757603	104065056.00
2013/04/23	7.38	7.45	7.21	7.28	6899500	56406600.00
2013/04/24	7.28	7.60	7.19	7.57	8201296	67531712.00
2013/04/25	7.48	7.59	7.29	7.30	5847499	48512000.00
2013/04/26	7.32	7.38	6.95	7.02	6131736	48869960.00
2013/05/02	7.00	7.15	6.80	7.05	3035579	23740420.00
2013/05/03	6.99	7.20	6.99	7.06	4849897	38740860.00
2013/05/06	7.08	7.31	7.01	7.30	6512069	52046312.00
2013/05/07	7.24	7.40	7.22	7.30	6775322	55442584.00
2013/05/08	7.30	7.38	7.25	7.36	4922061	40227948.00
2013/05/09	7.36	7.38	7.05	7.15	5755864	46406516.00
2013/05/10	7.08	7.22	7.07	7.18	3656531	29205066.00
2013/05/13	7.15	7.44	7.15	7.41	7936379	65178140.00
2013/05/14	7.40	7.56	7.21	7.54	8895313	73613032.00
2013/05/15	7.48	7.55	7.36	7.52	6750220	56523352.00
2013/05/16	7.52	8.04	7.47	7.85	18693723	163579520.00
2013/05/17	7.83	7.90	7.65	7.86	13089788	113668848.00
2013/05/20	7.79	7.79	7.49	7.58	23903928	202850288.00
2013/05/21	7.54	7.54	7.34	7.48	19635585	162946976.00
2013/05/22	7.48	8.04	7.46	7.78	27891886	241515232.00
2013/05/23	7.69	7.69	7.50	7.59	22345814	189677248.00
2013/05/24	7.59	7.92	7.45	7.79	25736691	220179616.00
2013/05/27	7.71	8.00	7.71	7.91	19073574	168117712.00
2013/05/28	7.88	7.92	7.73	7.92	16327353	142993536.00
2013/05/29	7.89	7.91	7.73	7.76	13961315	121423720.00
2013/05/30	7.76	7.83	7.51	7.61	29151756	247836544.00
2013/05/31	7.58	7.67	7.49	7.55	16643539	140792016.00
2013/06/03	7.56	7.63	7.29	7.34	16955870	141128528.00
2013/06/04	7.36	7.46	7.24	7.25	15591509	128095664.00
2013/06/05	7.31	7.43	7.19	7.36	10701676	78802424.00
2013/06/06	7.29	7.36	7.04	7.08	13661482	98772752.00
2013/06/07	7.07	7.12	6.59	6.74	20314706	139541296.00
2013/06/13	6.63	6.91	6.52	6.87	15975226	109023160.00
2013/06/14	6.84	7.01	6.71	6.93	11668331	81131160.00
2013/06/17	6.94	7.12	6.82	6.91	9635247	67972168.00
2013/06/18	6.90	7.12	6.90	7.06	7698998	54745816.00
2013/06/19	7.03	7.09	6.94	7.05	8143034	57728052.00
2013/06/20	7.01	7.03	6.82	6.83	5975417	41687068.00
2013/06/21	6.75	6.98	6.65	6.88	5254128	36222628.00
2013/06/24	6.84	6.89	6.27	6.51	8672949	57538200.00
2013/06/25	6.46	6.63	5.94	6.44	13365050	85824752.00
2013/06/26	6.42	6.58	6.34	6.49	6712019	43750008.00
2013/06/27	6.49	6.54	6.26	6.27	6845183	44291412.00
2013/06/28	6.25	6.37	5.99	6.17	7334474	46067596.00
2013/07/01	6.18	6.34	6.18	6.29	4438213	27980252.00
2013/07/02	6.30	6.75	6.25	6.56	8796569	58284440.00
2013/07/03	6.56	6.69	6.34	6.47	8088549	53219084.00
2013/07/04	6.49	6.59	6.38	6.53	4996980	32811008.00
2013/07/05	6.53	6.57	6.37	6.39	5399305	35209808.00
2013/07/08	6.37	6.44	6.13	6.15	6646541	41924224.00
2013/07/09	6.15	6.22	5.87	5.95	11331664	68465248.00
2013/07/10	5.96	6.06	5.84	6.06	8217433	49474028.00
2013/07/11	6.06	6.28	5.99	6.23	13537744	83949712.00
2013/07/12	6.20	6.34	6.14	6.14	8876387	55831068.00
2013/07/15	6.17	6.61	6.17	6.53	16917715	110355000.00
2013/07/16	6.52	6.89	6.45	6.81	13112055	88556832.00
2013/07/17	6.75	6.85	6.61	6.61	5672450	38406296.00
2013/07/18	6.60	6.67	6.44	6.51	5618285	37203332.00
2013/07/19	6.51	6.70	6.45	6.48	5345802	35366620.00
2013/07/22	6.43	6.71	6.36	6.69	4857097	32362792.00
2013/07/23	6.70	6.88	6.64	6.70	6236445	42664060.00
2013/07/24	6.68	6.91	6.68	6.88	9027791	62120752.00
2013/07/25	6.87	7.00	6.81	6.89	8159809	57181000.00
2013/07/26	6.82	7.00	6.78	6.90	5700539	39823948.00
2013/07/29	6.87	6.97	6.75	6.92	6296245	43838588.00
2013/07/30	6.92	7.11	6.84	6.88	12820258	90031520.00
2013/07/31	6.89	6.93	6.78	6.82	5764543	39741812.00
2013/08/01	6.81	6.88	6.59	6.86	9828885	66935516.00
2013/08/02	6.84	6.87	6.74	6.78	6599116	45329664.00
2013/08/05	6.74	7.08	6.74	7.03	7636569	53688252.00
2013/08/06	6.99	7.29	6.98	7.23	11947640	86732512.00
2013/08/07	7.23	7.43	7.13	7.25	8012341	58639512.00
2013/08/08	7.26	7.30	7.17	7.23	4430910	32306510.00
2013/08/09	7.24	7.44	7.21	7.33	12376253	91669728.00
2013/08/12	7.34	7.53	7.32	7.47	14931253	112105888.00
2013/08/13	7.52	7.67	7.38	7.44	13784980	104460496.00
2013/08/14	7.38	7.46	7.32	7.40	9322874	69463440.00
2013/08/15	7.43	7.56	7.27	7.34	12412396	92828080.00
2013/08/16	7.29	7.47	7.24	7.32	7638570	56530496.00
2013/08/19	7.34	7.43	7.26	7.40	6619850	49066500.00
2013/08/20	7.43	7.58	7.37	7.49	8924651	67504688.00
2013/08/21	7.50	7.74	7.50	7.63	14573683	112428864.00
2013/08/22	7.61	7.67	7.51	7.52	5046612	38571080.00
2013/08/23	7.52	7.58	7.22	7.36	9161067	68148256.00
2013/08/26	7.34	7.67	7.27	7.59	10851764	82636856.00
2013/08/27	7.67	7.87	7.59	7.67	19747659	153700880.00
2013/08/28	7.63	8.09	7.50	7.88	30650175	243004128.00
2013/08/29	7.83	7.92	7.59	7.66	17363983	135310960.00
2013/08/30	7.65	7.97	7.63	7.76	18998590	149786864.00
2013/09/02	7.82	7.87	7.34	7.56	13453877	102160688.00
2013/09/03	7.52	7.74	7.49	7.59	8287588	63735140.00
2013/09/04	7.61	7.80	7.46	7.76	12253731	94782536.00
2013/09/05	7.78	8.32	7.70	8.20	29313448	240018048.00
2013/09/06	8.15	8.24	8.02	8.20	15758085	129025728.00
2013/09/09	8.19	8.20	8.02	8.15	11886803	97228296.00
2013/09/10	8.20	8.43	8.09	8.18	17228160	143032688.00
2013/09/11	8.18	8.18	7.84	7.89	15201979	122090168.00
2013/09/12	7.91	8.05	7.80	7.90	10784019	86306136.00
2013/09/13	7.92	8.70	7.92	8.33	40101555	341880768.00
2013/09/16	8.20	8.49	8.19	8.47	15764565	132932896.00
2013/09/17	8.48	9.09	8.42	8.78	26276731	232217504.00
2013/09/18	8.70	9.06	8.62	8.74	20210257	179674112.00
2013/09/23	8.77	9.62	8.77	9.62	49430517	469900928.00
2013/09/24	9.83	9.89	9.52	9.73	29298482	285731456.00
2013/09/25	9.65	10.71	9.57	10.26	44530242	450200928.00
2013/09/26	10.20	10.45	9.64	9.78	31667690	320203008.00
2013/09/27	9.70	10.72	9.70	10.40	33336723	342418048.00
2013/09/30	10.36	11.01	10.25	10.68	16760577	179667504.00
2013/10/08	10.52	11.07	10.52	10.60	17223431	185535376.00
2013/10/09	10.54	10.56	10.07	10.30	23202703	238909344.00
2013/10/10	10.34	11.04	10.32	10.40	23704944	253710960.00
2013/10/11	10.54	11.45	10.51	11.45	30403590	340517120.00
2013/10/14	11.79	12.34	11.42	11.63	36492929	434662528.00
2013/10/15	11.55	11.82	11.24	11.75	21520845	250134544.00
2013/10/16	11.65	11.65	10.59	11.04	31348682	350395584.00
2013/10/17	11.04	11.36	10.44	10.73	23119306	252634784.00
2013/10/18	10.74	10.93	10.55	10.86	10942075	118531536.00
2013/10/21	10.87	11.60	10.74	11.51	20845358	238571536.00
2013/10/22	11.42	11.69	10.83	10.96	18522275	208181600.00
2013/10/23	10.91	11.05	9.91	9.96	20576451	213118192.00
2013/10/24	9.94	10.22	9.44	10.01	19394005	191729872.00
2013/10/25	9.98	10.38	9.72	9.98	16449441	165686160.00
2013/10/28	10.04	10.13	9.65	9.94	9281897	92381240.00
2013/10/29	9.96	10.10	8.94	9.43	20191720	192190624.00
2013/10/30	9.33	10.12	9.24	9.90	12393970	120948024.00
2013/10/31	9.82	10.02	9.34	9.47	10642777	103032344.00
2013/11/01	9.39	9.54	9.11	9.24	7487218	69851152.00
2013/11/04	9.34	9.74	9.22	9.51	7613627	72811336.00
2013/11/05	9.46	9.69	9.24	9.58	9057535	86055648.00
2013/11/06	9.48	9.99	9.48	9.67	10967712	107260032.00
2013/11/07	9.57	9.71	9.39	9.44	5958476	57105892.00
2013/11/08	9.34	9.34	8.49	8.49	30381670	265592224.00
2013/11/11	8.32	8.64	8.27	8.51	10754631	92417600.00
2013/11/12	8.74	8.84	8.50	8.66	10472574	91406400.00
2013/11/13	8.59	8.68	8.34	8.53	6346607	54543640.00
2013/11/14	8.47	9.12	8.42	9.01	18984068	169342752.00
2013/11/15	9.01	9.92	9.01	9.92	17092926	167856256.00
2013/11/18	10.92	10.92	10.09	10.43	54116076	570841472.00
2013/11/19	10.24	11.04	10.19	10.63	48656449	520113152.00
2013/11/20	10.52	10.84	10.32	10.77	25311002	270240608.00
2013/11/21	10.66	11.85	10.52	11.12	67357820	770169856.00
2013/11/22	10.96	11.51	10.79	11.45	42828385	480113568.00
2013/11/25	11.18	11.78	10.96	11.17	38512577	440618400.00
2013/11/26	11.03	11.44	10.85	11.11	24723795	276551104.00
2013/11/27	11.14	11.22	10.79	11.05	23744084	262214912.00
2013/11/28	11.22	11.52	11.04	11.09	25377737	286631424.00
2013/11/29	11.07	11.14	10.82	11.11	21540317	237372976.00
2013/12/02	10.64	10.98	9.99	9.99	31885532	330101408.00
2013/12/03	9.92	10.59	9.75	10.43	20873174	214367584.00
2013/12/04	10.41	11.14	10.41	10.68	28609291	311147168.00
2013/12/05	10.70	10.86	10.59	10.84	15300695	165097344.00
2013/12/06	10.76	10.93	10.69	10.75	7892133	85642696.00
2013/12/09	10.80	11.03	10.77	10.87	10228482	111792336.00
2013/12/10	10.82	11.40	10.82	11.04	25356530	284439104.00
2013/12/11	10.98	10.98	10.52	10.78	12377981	134064056.00
2013/12/12	10.76	11.01	10.47	10.56	18177904	195492000.00
2013/12/16	10.68	10.68	9.50	9.50	59076757	577859456.00
2013/12/17	9.35	9.66	9.14	9.54	27171293	258959840.00
2013/12/18	9.49	9.54	9.19	9.39	11810344	111179304.00
2013/12/19	9.39	9.48	8.82	9.09	24948390	227958512.00
2013/12/20	9.04	9.11	8.85	8.86	9220619	83080184.00
2013/12/23	8.89	8.92	8.22	8.38	16961135	145281296.00
2013/12/24	8.43	8.85	8.43	8.51	19667710	170778992.00
2013/12/25	8.55	8.89	8.54	8.86	15280785	134953936.00
2013/12/26	8.89	8.99	8.76	8.87	10723275	95971112.00
2013/12/27	8.89	9.09	8.76	9.05	8481557	76426480.00
2013/12/30	9.12	9.15	8.84	8.98	10437307	94432816.00
2013/12/31	8.95	8.99	8.63	8.72	12379259	109406504.00
2014/01/02	8.72	8.86	8.61	8.69	10164589	89071024.00
2014/01/03	8.66	8.72	8.44	8.53	10928122	94016976.00
2014/01/06	8.54	8.57	8.08	8.10	13279331	110128984.00
2014/01/07	8.04	8.16	7.95	8.04	10826098	87803968.00
2014/01/08	8.10	8.26	7.85	8.04	15791264	127845384.00
2014/01/09	8.07	8.17	7.94	7.99	10172026	82596672.00
2014/01/10	7.98	8.06	7.70	7.77	8057350	63878220.00
2014/01/13	7.74	7.96	7.72	7.87	7416724	58778856.00
2014/01/14	7.87	8.10	7.75	8.05	9199629	73604528.00
2014/01/15	8.00	8.10	7.98	8.06	7511610	60943040.00
2014/01/16	8.11	8.58	8.06	8.51	21835455	185556656.00
2014/01/17	8.38	8.51	8.24	8.29	8893628	74810136.00
2014/01/24	8.34	8.94	8.24	8.52	35976554	311502752.00
2014/01/27	8.39	8.40	8.12	8.18	20248803	167433536.00
2014/01/28	8.19	8.23	8.13	8.17	6587571	54260948.00
2014/01/29	8.21	8.21	8.00	8.09	7860633	64092056.00
2014/01/30	8.07	8.25	8.04	8.07	6898116	56676192.00
2014/02/07	8.05	8.15	7.88	8.14	6984051	56478736.00
2014/02/10	8.18	8.63	8.18	8.54	17049631	144925440.00
2014/02/11	8.56	8.87	8.53	8.62	21067085	184675184.00
2014/02/12	8.62	8.76	8.58	8.74	14345531	125175256.00
2014/02/13	8.77	9.17	8.67	8.99	28602365	256932784.00
2014/02/14	8.94	9.06	8.84	9.01	16176770	145785424.00
2014/02/17	9.02	9.09	8.93	8.99	17504448	158280976.00
2014/02/18	8.99	9.03	8.64	8.78	21797927	192538800.00
2014/02/19	8.74	8.88	8.69	8.79	19856051	176076896.00
2014/02/20	8.99	9.27	8.87	8.92	33388726	305087264.00
2014/02/21	8.85	8.96	8.61	8.71	12617024	111136920.00
2014/02/24	8.63	8.63	8.32	8.46	11589961	98347936.00
2014/02/25	8.58	8.58	8.09	8.20	12033237	101364352.00
2014/02/26	8.13	8.17	7.91	8.13	9136133	74139528.00
2014/02/27	8.14	8.21	7.96	7.98	12413461	101097040.00
2014/02/28	7.96	8.02	7.72	7.89	16368368	129182576.00
2014/03/03	7.90	8.68	7.85	8.47	35503080	298790144.00
2014/03/04	8.43	8.43	8.25	8.38	13934143	117060752.00
2014/03/05	8.42	8.45	8.19	8.23	10324790	86238840.00
2014/03/06	8.21	8.28	7.96	8.11	10981987	89530960.00
2014/03/07	8.10	8.27	7.98	8.22	12823238	105071920.00
2014/03/10	8.10	8.18	7.84	7.87	11783830	95032664.00
2014/03/11	7.89	8.01	7.74	7.99	7478493	59765992.00
2014/03/12	7.98	8.06	7.88	8.00	7888952	63370712.00
2014/03/13	8.07	8.19	7.96	8.09	8384419	68476128.00
2014/03/14	8.02	8.13	7.90	7.96	8183516	65914772.00
2014/03/17	7.96	8.12	7.91	8.11	8421294	67886864.00
2014/03/18	8.13	8.28	8.07	8.20	11541349	95087512.00
2014/03/19	8.16	8.28	8.08	8.17	12632606	104117840.00
2014/03/20	8.19	8.25	7.95	7.96	8534536	69700728.00
2014/03/21	7.93	8.22	7.86	8.18	11611252	94246576.00
2014/03/24	8.19	8.29	8.03	8.23	14045308	115794672.00
2014/03/25	8.27	8.70	8.20	8.54	36274849	311317888.00
2014/03/26	8.60	8.67	8.36	8.45	16152563	137772448.00
2014/03/27	8.44	8.77	8.42	8.63	24131675	208896176.00
2014/03/28	8.65	8.91	8.49	8.54	25979404	228039040.00
2014/03/31	8.54	8.61	7.95	8.06	18244894	149833136.00
2014/04/01	8.08	8.18	7.99	8.17	7214534	58877800.00
2014/04/02	8.21	8.23	8.01	8.21	9723484	79378400.00
2014/04/03	8.29	8.35	8.09	8.13	9179555	75573448.00
2014/04/04	8.14	8.25	8.04	8.20	6826027	56238248.00
2014/04/08	8.14	8.35	8.14	8.31	8772555	72991840.00
2014/04/09	8.31	8.42	8.26	8.38	11963437	100431896.00
2014/04/10	8.40	8.50	8.35	8.49	13015422	110588960.00
2014/04/11	8.49	8.49	8.30	8.33	13175065	110953440.00
2014/04/14	8.36	8.40	8.29	8.36	8673882	72853440.00
2014/04/15	8.32	8.39	8.29	8.35	7438594	62427856.00
2014/04/16	8.33	8.35	8.15	8.22	8361929	69424984.00
2014/04/17	8.25	8.27	8.15	8.17	5920755	48972504.00
2014/04/18	8.14	8.19	8.12	8.18	4936160	40550576.00
2014/04/21	8.13	8.15	7.92	7.96	12354676	99990256.00
2014/04/22	7.96	8.03	7.78	7.97	10452750	83208640.00
2014/04/23	7.99	7.99	7.77	7.82	10387822	81501192.00
2014/04/24	7.80	7.82	7.55	7.57	9662028	73984072.00
2014/04/25	7.57	7.69	7.42	7.45	7167108	54028624.00
2014/04/28	7.45	7.49	7.09	7.10	7468754	53806876.00
2014/04/29	7.09	7.19	7.05	7.19	8778552	62460588.00
2014/04/30	7.18	7.32	7.15	7.23	6468223	46790072.00
2014/05/05	7.23	7.44	7.14	7.42	8609650	62966404.00
2014/05/06	7.38	7.51	7.36	7.47	7530825	56155816.00
2014/05/07	7.45	7.48	7.34	7.38	5738121	42439532.00
2014/05/08	7.34	7.50	7.32	7.37	4342336	32219772.00
2014/05/09	7.34	7.42	7.17	7.22	4649574	33693396.00
2014/05/12	7.33	7.44	7.24	7.42	7054908	51890228.00
2014/05/13	7.45	7.47	7.33	7.38	4865981	35939592.00
2014/05/14	7.39	7.46	7.35	7.42	3624420	26880548.00
2014/05/15	7.41	7.58	7.36	7.46	11265883	84397536.00
2014/05/16	7.46	7.58	7.41	7.55	6147893	46041320.00
2014/05/19	7.62	7.99	7.61	7.81	20526522	160702240.00
2014/05/20	7.88	7.90	7.65	7.83	11340578	88119632.00
2014/05/21	7.79	7.82	7.68	7.78	4639937	36028024.00
2014/05/22	7.77	7.84	7.62	7.64	7939101	61503008.00
2014/05/23	7.63	7.87	7.62	7.80	8297086	64565184.00
2014/05/26	7.86	7.92	7.77	7.80	6155218	48200280.00
2014/05/27	7.84	7.90	7.77	7.83	6442231	50600384.00
2014/05/28	7.83	7.94	7.81	7.93	8227952	65003832.00
2014/05/29	7.98	8.04	7.79	7.83	9033499	71642400.00
2014/05/30	7.89	8.07	7.84	8.06	13411494	107170576.00
2014/06/03	8.08	8.10	7.87	7.88	9072645	72141392.00
2014/06/04	7.93	7.95	7.71	7.80	8050491	62797464.00
2014/06/05	7.80	7.88	7.71	7.84	6754413	52547064.00
2014/06/06	7.85	7.85	7.71	7.72	4444103	34480300.00
2014/06/09	7.74	7.80	7.60	7.60	5190558	39933320.00
2014/06/10	7.63	7.74	7.58	7.71	4263613	32707874.00
2014/06/11	7.70	7.75	7.63	7.72	3779685	29067746.00
2014/06/12	7.70	7.71	7.44	7.48	8949528	67423928.00
2014/06/13	7.41	7.57	7.41	7.49	8126661	60975680.00
2014/06/16	7.49	7.54	7.45	7.52	6586223	49346028.00
2014/06/17	7.52	7.52	7.38	7.42	5981551	44368436.00
2014/06/18	7.43	7.43	7.25	7.27	6763424	49545144.00
2014/06/19	7.27	7.31	7.01	7.10	8209298	58946636.00
2014/06/20	7.12	7.17	7.10	7.16	3659664	26110642.00
2014/06/23	7.18	7.26	7.15	7.25	3613770	26095192.00
2014/06/24	7.22	7.27	7.20	7.25	3032075	21924148.00
2014/06/25	7.27	7.32	7.23	7.30	4505129	32789372.00
2014/06/26	7.33	7.49	7.32	7.43	9773805	72449528.00
2014/06/27	7.43	7.43	7.33	7.34	8807805	64756496.00
2014/06/30	7.33	7.36	7.25	7.27	8645817	62976080.00
2014/07/01	7.30	7.45	7.27	7.36	9387282	69138640.00
2014/07/02	7.37	7.41	7.34	7.40	7052204	52063972.00
2014/07/03	7.38	7.48	7.37	7.47	8482385	63023040.00
2014/07/04	7.45	7.65	7.45	7.64	20897634	157881920.00
2014/07/07	7.64	7.67	7.51	7.58	8756098	66243116.00
2014/07/08	7.64	7.87	7.64	7.68	20434505	158269216.00
2014/07/09	7.62	7.68	7.38	7.42	13463664	101125376.00
2014/07/10	7.42	7.52	7.39	7.45	7024847	52387656.00
2014/07/11	7.43	7.59	7.43	7.59	7571737	57229740.00
2014/07/14	7.68	7.81	7.62	7.77	13133423	101450496.00
2014/07/15	7.74	7.83	7.64	7.75	8974708	69225448.00
2014/07/16	7.76	7.87	7.71	7.82	14874752	116003816.00
2014/07/17	7.83	7.88	7.66	7.72	6842967	52997140.00
2014/07/18	7.71	7.75	7.65	7.67	5213289	40179348.00
2014/07/21	7.64	7.70	7.56	7.63	4652557	35383316.00
2014/07/22	7.67	7.76	7.65	7.70	7615928	58670356.00
2014/07/23	7.68	7.71	7.53	7.60	7056572	53697664.00
2014/07/24	7.60	7.65	7.54	7.62	6865566	52234920.00
2014/07/25	7.62	7.72	7.58	7.72	7342303	56363280.00
2014/07/28	7.77	7.92	7.73	7.87	15677847	122838720.00
2014/07/29	7.90	8.05	7.80	7.87	16652984	132086112.00
2014/07/30	7.89	7.94	7.80	7.90	10676891	84027464.00
2014/07/31	7.96	8.04	7.88	8.04	13546348	108166728.00
2014/08/01	8.03	8.34	8.00	8.07	31922383	260773856.00
2014/08/04	8.06	8.30	8.03	8.23	15549791	127756656.00
2014/08/05	8.23	8.26	8.12	8.19	9994765	81591424.00
2014/08/06	8.18	8.18	8.04	8.11	10363081	83929088.00
2014/08/07	8.12	8.20	8.04	8.06	10236007	83113680.00
2014/08/08	8.06	8.14	8.05	8.12	7125485	57674616.00
2014/08/11	8.12	8.18	8.03	8.17	12600579	102180248.00
2014/08/12	8.17	8.28	8.11	8.21	12838780	105104872.00
2014/08/13	8.20	8.35	8.17	8.27	13593703	112175208.00
2014/08/14	8.25	8.27	8.05	8.06	15480374	126060176.00
2014/08/15	8.08	8.33	8.05	8.27	18264404	150163440.00
2014/08/18	8.32	8.35	8.23	8.30	11143500	92156232.00
2014/08/19	8.30	8.39	8.26	8.39	14462158	120574296.00
2014/08/20	8.42	8.42	8.25	8.30	10769915	89768272.00
2014/08/21	8.31	8.34	8.12	8.21	12872517	105673896.00
2014/08/22	8.20	8.30	8.16	8.30	11655980	95958304.00
2014/08/25	8.30	8.30	8.16	8.22	8720421	71669448.00
2014/08/26	8.21	8.27	8.01	8.07	11440481	92762000.00
2014/08/27	8.07	8.23	7.99	8.22	11765419	95523776.00
2014/08/28	8.26	8.38	8.11	8.24	11968240	98593168.00
2014/08/29	8.27	8.73	8.08	8.53	30461599	257646448.00
2014/09/01	8.53	8.83	8.45	8.73	37996866	328837664.00
2014/09/02	8.64	8.73	8.58	8.69	25262431	218295072.00
2014/09/03	8.68	8.74	8.59	8.65	20495278	177190448.00
2014/09/04	8.68	8.78	8.61	8.77	18944875	164641952.00
2014/09/05	8.76	8.87	8.70	8.81	25745706	226355152.00
2014/09/09	8.92	9.00	8.75	8.86	26391323	234772560.00
2014/09/10	8.85	8.87	8.67	8.70	15364862	133940976.00
2014/09/11	8.70	9.12	8.70	8.77	28452866	251605760.00
2014/09/12	8.71	8.83	8.61	8.78	15837229	138332640.00
2014/09/15	8.78	8.90	8.70	8.86	17592653	154598928.00
2014/09/16	8.89	9.07	8.60	8.64	27803279	246715760.00
2014/09/17	8.70	8.75	8.51	8.64	12842201	110540448.00
2014/09/18	8.68	8.75	8.60	8.68	10265094	89068384.00
2014/09/19	8.68	8.81	8.65	8.76	10401857	90823232.00
2014/09/22	8.79	8.90	8.68	8.70	13061632	114765208.00
2014/09/23	8.70	8.86	8.66	8.84	13657593	119868272.00
2014/09/24	8.80	8.97	8.79	8.90	17961079	159704704.00
2014/09/25	8.93	8.96	8.80	8.82	16475097	146091440.00
2014/09/26	8.79	8.86	8.73	8.80	10327965	90786544.00
2014/09/29	8.88	8.96	8.80	8.90	16730081	148580928.00
2014/09/30	9.00	9.39	8.99	9.27	48385779	446306112.00
2014/10/08	9.29	9.32	9.11	9.28	21118708	194266336.00
2014/10/09	9.27	9.29	9.08	9.21	21155699	194467968.00
2014/10/10	9.21	9.21	8.98	9.01	20205686	183306288.00
2014/10/13	8.97	8.97	8.78	8.91	16192446	143547184.00
2014/10/14	8.94	8.98	8.74	8.80	16739261	148274624.00
2014/10/15	8.80	8.86	8.70	8.85	12539670	110283272.00
2014/10/16	8.77	8.82	8.65	8.66	15888346	138723952.00
2014/10/17	8.61	8.71	8.00	8.35	23629273	198137264.00
2014/10/20	8.45	8.58	8.41	8.50	10676533	90851128.00
2014/10/21	8.50	8.51	8.30	8.34	9912205	83251720.00
2014/10/22	8.38	8.50	8.32	8.38	9441327	79386272.00
2014/10/23	8.33	8.42	8.24	8.30	8579809	71436752.00
2014/10/24	8.30	8.44	8.27	8.37	6883061	57544348.00
2014/10/27	8.38	8.42	8.27	8.40	8204158	68667568.00
2014/10/28	8.42	8.60	8.40	8.56	11651406	99073136.00
2014/10/29	8.58	8.77	8.54	8.73	18445486	160090128.00
2014/10/30	8.73	8.76	8.58	8.61	12890374	111561616.00
2014/10/31	8.62	8.68	8.52	8.64	10761910	92555800.00
2014/11/03	8.64	8.83	8.64	8.74	13938469	121956272.00
2014/11/04	8.75	8.79	8.66	8.69	10765582	93816872.00
2014/11/05	8.66	8.70	8.55	8.60	13477855	115824808.00
2014/11/06	8.59	8.64	8.46	8.60	13565823	116023712.00
2014/11/07	8.61	8.71	8.46	8.51	18275725	157106224.00
2014/11/10	8.52	8.59	8.46	8.57	9889844	84366816.00
2014/11/11	8.61	8.86	8.53	8.60	30408423	264851200.00
2014/11/12	8.52	8.97	8.51	8.96	42572195	377121312.00
2014/11/13	8.99	9.05	8.73	8.84	29289217	260658672.00
2014/11/14	8.80	8.96	8.73	8.83	15804068	139723616.00
2014/11/17	8.90	9.04	8.75	8.95	20904732	186438096.00
2014/11/18	8.95	8.99	8.78	8.81	14849642	131591576.00
2014/11/19	8.81	8.87	8.75	8.79	9804455	86317872.00
2014/11/20	8.85	9.02	8.81	8.92	22832606	204354224.00
2014/11/21	8.90	8.97	8.84	8.93	13784171	122872104.00
2014/11/24	9.00	9.13	8.87	9.07	29135657	262433472.00
2014/11/25	9.05	9.48	9.02	9.31	47152211	437963232.00
2014/11/26	9.26	9.36	9.15	9.22	27614291	254638448.00
2014/11/27	9.24	9.28	9.15	9.23	26385007	243336432.00
2014/11/28	9.24	9.37	8.99	9.10	27750605	254196064.00
2014/12/01	9.08	9.25	9.03	9.20	25491409	232875296.00
2014/12/02	9.21	9.40	9.18	9.22	21674794	200478656.00
2014/12/03	9.22	9.33	9.12	9.26	29243716	270454272.00
2014/12/04	9.28	9.44	9.21	9.42	31688549	296706752.00
2014/12/05	9.41	9.41	8.88	8.99	37435137	340730880.00
2014/12/08	8.98	9.06	8.88	8.96	23066230	206832416.00
2014/12/09	8.91	9.09	8.69	8.77	29554880	262594432.00
2014/12/10	8.70	8.96	8.70	8.93	15843015	140441152.00
2014/12/11	8.94	9.02	8.84	8.97	14177236	126472880.00
2014/12/12	8.94	9.16	8.94	9.12	17839313	161816416.00
2014/12/15	9.15	9.25	8.95	9.21	19484189	177884720.00
2014/12/16	9.21	9.28	9.13	9.18	15182225	139415456.00
2014/12/17	9.25	9.44	9.09	9.19	26841924	248588400.00
2014/12/18	9.20	9.40	9.18	9.31	29040753	270667008.00
2014/12/19	9.29	9.35	8.97	9.09	22056357	201298144.00
2014/12/22	9.38	9.41	8.95	9.09	19821375	181259648.00
2014/12/23	9.20	9.68	9.10	9.45	59665055	565401920.00
2014/12/24	9.45	9.87	9.37	9.84	56387757	543147904.00
2014/12/25	9.81	9.84	9.59	9.82	35517306	345245568.00
2014/12/26	9.80	10.00	9.69	9.76	31144577	305106464.00
2014/12/29	9.75	9.97	9.47	9.57	36714201	357584800.00
2014/12/30	9.55	9.69	9.24	9.30	23751289	224043760.00
2014/12/31	9.31	9.40	9.15	9.38	18801651	174246896.00
2015/01/05	9.34	9.57	9.19	9.49	21293113	199744384.00
2015/01/06	9.47	9.66	9.29	9.65	18930885	179991200.00
2015/01/07	9.63	9.68	9.46	9.50	14879214	141883424.00
2015/01/08	9.51	9.58	9.34	9.46	13416828	126699184.00
2015/01/09	9.45	9.67	9.35	9.37	17361453	165839696.00
2015/01/12	9.32	9.38	9.05	9.09	14847128	136395840.00
2015/01/13	9.15	9.28	9.13	9.22	8237859	75680720.00
2015/01/14	9.16	9.23	9.03	9.09	9951225	90624720.00
2015/01/15	9.09	9.16	9.03	9.15	10300634	93701608.00
2015/01/16	9.17	9.24	9.10	9.23	14236165	130627320.00
2015/01/19	8.92	9.11	8.72	8.86	19101874	170932544.00
2015/01/20	8.88	9.05	8.88	9.04	13114477	117754416.00
2015/01/21	9.05	9.22	8.99	9.19	16900476	154392224.00
2015/01/22	9.20	9.34	9.14	9.29	16377583	151388848.00
2015/01/23	9.31	9.52	9.21	9.33	18837936	176408528.00
2015/01/26	9.39	9.85	9.33	9.79	37321846	361040224.00
2015/01/27	9.79	9.89	9.51	9.66	24935213	240981104.00
2015/01/28	9.66	9.80	9.56	9.62	17348163	168179120.00
2015/01/29	9.50	10.08	9.42	10.04	35836536	351990592.00
2015/01/30	10.00	10.23	9.76	9.79	29508603	294010368.00
2015/02/02	9.83	10.28	9.65	10.16	36575320	367837696.00
2015/02/03	10.26	10.48	10.09	10.28	40432503	415062016.00
2015/02/04	10.29	10.48	10.02	10.04	33811707	345973280.00
2015/02/05	10.09	10.23	9.92	10.12	27482313	277517728.00
2015/02/06	10.03	10.29	9.66	9.80	25378782	252305328.00
2015/02/09	9.70	10.24	9.70	10.20	29171690	293603328.00
2015/02/10	10.20	10.27	10.02	10.19	20765315	210816304.00
2015/02/11	10.21	10.31	10.04	10.30	19192308	195234976.00
2015/02/12	10.30	10.55	10.19	10.20	25626113	265258512.00
2015/02/13	10.25	10.49	10.21	10.38	24687607	256031344.00
2015/02/16	10.49	11.07	10.45	10.89	37450472	404000096.00
2015/02/17	10.94	11.19	10.79	11.04	28969120	319638272.00
2015/02/25	11.14	11.15	10.72	10.80	19084712	207655520.00
2015/02/26	10.81	10.95	10.64	10.85	14972350	161796944.00
2015/02/27	10.86	10.88	10.70	10.75	13112334	141354400.00
2015/03/02	10.77	10.94	10.71	10.81	20086503	216765040.00
2015/03/03	10.83	11.09	10.81	10.93	24978546	273844224.00
2015/03/04	11.00	11.49	10.98	11.40	29101259	327717728.00
2015/03/05	11.51	11.84	11.30	11.74	35752890	414616256.00
2015/03/06	11.89	12.33	11.40	12.17	46505094	557921088.00
2015/03/09	12.34	13.39	12.17	13.08	55012607	712697920.00
2015/03/10	12.80	13.12	12.71	12.89	28142256	363165760.00
2015/03/11	12.89	13.08	12.55	12.99	23447589	300249504.00
2015/03/27	13.19	14.28	12.45	12.72	102476280	1341668736.00
2015/03/30	12.55	12.56	12.12	12.35	50596417	621455424.00
2015/03/31	12.32	12.33	12.15	12.25	38126707	466039936.00
2015/04/01	12.30	12.55	12.26	12.47	33099398	411746496.00
2015/04/02	12.51	12.58	12.25	12.44	34184260	422615712.00
2015/04/03	12.35	12.54	12.25	12.44	31036703	385057184.00
2015/04/07	12.50	12.93	12.43	12.89	51730383	656704832.00
2015/04/08	12.89	13.36	12.41	13.31	62868163	815400256.00
2015/04/09	13.54	14.50	13.53	13.90	71724207	1000363328.00
2015/04/10	13.60	14.04	13.60	13.89	36608912	506934816.00
2015/04/13	13.92	14.29	13.80	13.91	31727951	442648288.00
2015/04/14	13.99	14.21	13.78	13.90	38172351	532533024.00
2015/04/15	13.88	13.88	13.01	13.05	31606642	423716960.00
2015/04/16	12.89	13.28	12.40	13.00	25145272	322985856.00
2015/04/17	13.05	13.29	13.04	13.14	25739398	338218624.00
2015/04/20	13.10	13.10	12.54	12.58	30942881	396298176.00
2015/04/21	12.50	12.96	12.50	12.92	21951637	280639904.00
2015/04/22	12.94	13.33	12.94	13.28	31149715	410234880.00
2015/04/23	13.25	13.68	13.21	13.39	34045821	458591168.00
2015/04/24	13.15	13.94	13.03	13.84	49957712	680187136.00
2015/04/27	14.05	14.24	13.58	13.74	41444080	576685248.00
2015/04/28	13.78	13.89	13.02	13.17	30004661	402285344.00
2015/04/29	13.04	13.44	13.00	13.27	21520976	285773408.00
2015/04/30	13.40	13.59	13.26	13.37	25234041	339508192.00
2015/05/05	13.17	13.17	13.17	13.17	0	0.00
数据来源:通达信
