600422 昆药集团 日线 前复权
      日期	    开盘	    最高	    最低	    收盘	    成交量	    成交额
2011/10/10	13.00	13.08	12.49	12.68	670737	9209584.00
2011/10/11	12.97	13.28	12.43	12.63	1628204	22661264.00
2011/10/12	12.43	13.37	12.28	13.34	1801043	25519200.00
2011/10/13	13.23	14.18	13.18	13.87	3297210	49120776.00
2011/10/14	13.87	14.04	13.71	13.94	1515852	22612156.00
2011/10/17	13.78	13.81	13.14	13.76	6731963	97127264.00
2011/10/18	13.39	13.61	13.20	13.24	1663268	23944324.00
2011/10/19	13.20	13.45	13.08	13.31	976400	13988022.00
2011/10/20	13.36	13.36	12.83	12.98	865105	12119235.00
2011/10/21	12.95	13.07	12.74	13.00	656742	9168817.00
2011/10/24	13.00	13.36	12.80	13.28	1517176	21557868.00
2011/10/25	13.28	14.21	13.16	14.07	3327096	49187456.00
2011/10/26	13.97	14.61	13.97	14.33	3649054	56034628.00
2011/10/27	14.33	14.53	13.78	14.03	2589667	39191424.00
2011/10/28	14.11	14.53	13.99	14.51	3989109	60787796.00
2011/10/31	14.45	14.67	14.09	14.34	2520802	38650976.00
2011/11/01	14.13	14.40	13.94	14.37	2643403	40167752.00
2011/11/02	14.21	14.49	13.86	14.29	3241692	49128720.00
2011/11/03	14.40	15.00	14.29	14.39	3865788	60754452.00
2011/11/04	14.56	14.77	14.08	14.21	3133602	48100656.00
2011/11/07	14.18	14.36	14.04	14.14	1197659	18260184.00
2011/11/09	13.98	14.26	13.58	14.13	2500849	37303156.00
2011/11/10	13.93	14.23	13.81	13.95	1360836	20492184.00
2011/11/11	13.96	14.11	13.64	13.67	1720139	25528872.00
2011/11/14	13.83	14.30	13.70	14.29	3294908	49687700.00
2011/11/15	14.27	14.31	14.06	14.26	1851436	28177644.00
2011/11/16	14.28	14.58	14.18	14.46	3513447	54068064.00
2011/11/17	14.51	15.18	14.43	15.16	7984463	126616808.00
2011/11/18	15.12	15.52	14.76	14.94	5384855	86589776.00
2011/11/21	15.05	15.16	14.58	14.94	4461747	71050896.00
2011/11/22	14.68	15.37	14.67	15.13	5162423	83011640.00
2011/11/23	15.18	15.18	14.23	14.80	4975151	78050496.00
2011/11/24	14.38	14.81	14.32	14.61	2566765	40107072.00
2011/11/25	14.57	14.63	14.16	14.35	2960673	45565460.00
2011/11/28	14.41	14.98	14.15	14.98	3385088	52887636.00
2011/11/29	14.89	15.28	14.86	15.11	4354826	69913048.00
2011/11/30	15.13	15.13	14.07	14.73	3405626	53392884.00
2011/12/01	15.04	15.77	14.88	15.31	5474279	89702744.00
2011/12/02	15.28	16.03	15.13	15.78	7479186	125166528.00
2011/12/05	15.89	16.56	14.45	14.84	8745728	145905968.00
2011/12/06	14.47	14.66	13.93	14.45	3807194	58377276.00
2011/12/07	14.29	14.67	14.12	14.35	2509996	38677640.00
2011/12/08	14.29	14.85	14.09	14.79	2550605	39779988.00
2011/12/09	14.64	14.77	14.23	14.31	1600220	24736512.00
2011/12/12	14.13	14.44	14.02	14.30	1278054	19500908.00
2011/12/13	14.16	14.30	13.78	14.17	1681367	25465994.00
2011/12/14	13.98	14.27	13.23	13.53	2785369	40827664.00
2011/12/15	13.38	13.77	12.90	13.63	2287886	32599064.00
2011/12/16	13.68	14.33	13.50	14.31	1429877	21250104.00
2011/12/19	14.32	14.58	14.00	14.55	1587289	24385232.00
2011/12/20	14.48	14.83	14.23	14.43	1941511	30320772.00
2011/12/21	14.37	14.64	14.16	14.17	1280502	19673076.00
2011/12/22	13.88	14.43	13.23	14.18	1403941	20723254.00
2011/12/23	14.10	14.82	14.06	14.45	2008633	31453560.00
2011/12/27	14.48	14.48	13.38	13.43	2296781	34109468.00
2011/12/28	13.12	13.56	12.88	13.41	1161902	16593987.00
2011/12/29	13.13	13.87	13.13	13.79	714323	10511532.00
2011/12/30	13.68	14.06	13.68	13.83	652082	9707909.00
2012/01/04	13.85	14.08	12.86	12.86	1206491	17292932.00
2012/01/05	12.86	13.08	11.50	11.87	4284881	55514020.00
2012/01/06	11.86	12.18	11.38	12.03	835811	10810105.00
2012/01/09	12.05	12.83	11.86	12.48	1600150	21566452.00
2012/01/10	12.46	13.08	12.33	12.78	2264836	31078820.00
2012/01/11	12.78	13.35	12.68	13.03	1266334	17873948.00
2012/01/12	12.88	13.10	12.69	12.84	1229254	17086874.00
2012/01/13	12.84	12.98	11.88	11.88	3301770	43385076.00
2012/01/16	11.89	12.21	11.44	11.58	1432706	18501246.00
2012/01/17	11.58	12.09	11.58	12.02	2984130	38497852.00
2012/01/18	12.02	12.03	10.93	11.03	6269880	77241920.00
2012/01/19	10.92	11.23	10.75	11.03	1819704	21959460.00
2012/01/20	11.16	11.87	11.04	11.70	2132230	26726682.00
2012/01/30	11.73	12.00	11.51	11.75	1344299	17278180.00
2012/01/31	11.63	12.07	11.62	11.89	1116924	14382398.00
2012/02/01	11.84	12.20	11.78	11.98	1395131	18248022.00
2012/02/02	11.98	12.20	11.83	12.11	931075	12169411.00
2012/02/03	12.18	12.23	11.96	12.17	1112718	14648953.00
2012/02/06	12.15	13.06	12.15	12.72	2601403	35746688.00
2012/02/07	12.58	12.69	12.29	12.66	1024288	13820318.00
2012/02/08	12.66	12.94	12.39	12.84	1116183	15404816.00
2012/02/09	12.85	12.98	12.68	12.97	1493132	20794854.00
2012/02/10	12.97	13.13	12.71	13.02	1521857	21207758.00
2012/02/13	12.93	13.28	12.83	13.14	1407748	19899074.00
2012/02/14	13.18	13.34	12.89	12.93	1048484	14711325.00
2012/02/15	12.80	13.38	12.80	13.18	2318385	32888016.00
2012/02/16	13.18	13.23	12.78	12.92	1380326	19379294.00
2012/02/17	12.93	12.97	12.58	12.87	1382387	19061356.00
2012/02/20	12.98	13.08	12.57	12.63	2531646	34927188.00
2012/02/21	12.71	13.08	12.71	13.01	2895677	40475620.00
2012/02/22	13.11	13.49	13.11	13.48	3197226	45744368.00
2012/02/23	13.51	13.83	13.24	13.28	3681722	53143536.00
2012/02/24	13.27	13.46	13.07	13.42	3276575	46875676.00
2012/02/27	13.43	13.78	13.23	13.56	4341092	63288864.00
2012/02/28	13.41	13.45	13.18	13.28	1608297	23022314.00
2012/02/29	13.25	13.62	13.16	13.37	2493036	36027868.00
2012/03/01	13.28	13.74	13.28	13.66	2828772	41293836.00
2012/03/02	13.68	13.88	13.48	13.81	2817748	41529816.00
2012/03/05	13.83	13.99	13.65	13.70	1783954	26471148.00
2012/03/06	13.70	13.83	13.38	13.45	1586251	23066036.00
2012/03/07	13.26	13.43	13.18	13.27	2000702	28588572.00
2012/03/08	13.34	13.38	13.24	13.36	1442650	20683412.00
2012/03/09	13.37	14.79	13.37	13.97	5361275	79916136.00
2012/03/12	13.88	14.70	13.79	14.66	3237138	49486344.00
2012/03/14	14.63	14.87	13.78	14.00	5708732	88398816.00
2012/03/15	14.00	14.67	13.66	14.49	3817840	58753912.00
2012/03/16	14.46	15.56	14.38	15.50	7086196	111759272.00
2012/03/19	15.29	15.53	15.16	15.30	6022095	98439872.00
2012/03/20	15.10	15.34	14.26	14.54	4752693	74464528.00
2012/03/21	14.43	14.73	14.13	14.22	3267053	50263448.00
2012/03/22	14.04	14.45	14.04	14.28	2440378	37363348.00
2012/03/23	14.20	14.40	13.61	13.78	2783997	41503948.00
2012/03/26	13.70	14.10	13.64	13.93	1677774	25078594.00
2012/03/27	14.13	14.13	13.58	13.59	1817976	26914230.00
2012/03/28	13.47	13.47	12.41	12.58	4503786	62286208.00
2012/03/29	12.63	13.08	12.48	13.00	4986521	69427904.00
2012/03/30	12.96	13.10	12.53	12.78	3663579	50359008.00
2012/04/05	12.77	13.29	12.70	13.24	5141543	72585136.00
2012/04/06	13.18	13.75	13.07	13.64	2305126	33383570.00
2012/04/09	13.62	13.73	13.40	13.68	1638701	23904114.00
2012/04/10	13.64	14.28	13.16	14.21	2235446	32731484.00
2012/04/11	13.85	14.22	13.73	13.78	2283187	34125800.00
2012/04/12	13.85	14.14	13.73	14.07	1686636	25322712.00
2012/04/13	14.07	14.13	13.98	14.03	1324124	19961988.00
2012/04/16	13.96	14.00	13.81	13.91	1159472	17299920.00
2012/04/17	13.87	13.96	13.33	13.43	2858214	41732796.00
2012/04/18	13.66	13.83	13.48	13.74	1223057	17689636.00
2012/04/19	13.73	13.86	13.64	13.75	1598569	23249776.00
2012/04/20	13.78	14.14	13.68	13.98	2262620	33410122.00
2012/04/23	13.98	14.38	13.90	14.32	3488199	52462184.00
2012/04/24	14.33	14.33	13.68	14.15	1763460	26272638.00
2012/04/25	14.08	14.36	14.04	14.20	2173289	32723684.00
2012/04/26	14.09	14.32	13.74	13.96	1523326	22631888.00
2012/04/27	13.83	13.98	13.58	13.89	1227508	17937852.00
2012/05/02	14.10	14.52	14.01	14.37	3654135	55276624.00
2012/05/03	14.37	15.09	14.34	14.95	5089689	79796048.00
2012/05/04	14.98	15.23	14.83	15.08	3993961	63559900.00
2012/05/07	14.98	15.53	14.78	15.40	4882343	78824944.00
2012/05/08	15.38	15.61	15.08	15.20	3247566	52192724.00
2012/05/09	14.93	15.26	14.88	15.13	2570934	40885328.00
2012/05/10	15.13	15.57	14.95	15.17	2415097	38931412.00
2012/05/11	15.20	15.55	15.08	15.23	3857865	62611824.00
2012/05/14	15.24	15.47	14.92	15.02	3423693	54849200.00
2012/05/15	14.83	14.83	14.54	14.79	1875670	29023460.00
2012/05/16	14.82	15.04	14.64	14.98	1529479	24100758.00
2012/05/17	14.83	15.37	14.83	15.36	1683511	26784300.00
2012/05/18	15.28	15.46	14.95	15.09	2198743	34986368.00
2012/05/21	14.93	15.65	14.93	15.38	2899427	46951056.00
2012/05/22	15.38	15.83	15.23	15.50	2811416	45938160.00
2012/05/23	15.40	17.10	15.37	16.56	10129661	173345472.00
2012/05/24	16.46	17.01	15.96	16.16	8239297	142969552.00
2012/05/25	16.18	16.23	15.22	15.79	7536458	123930824.00
2012/05/28	15.46	15.81	15.34	15.77	3559912	58481108.00
2012/05/29	15.68	16.17	15.66	16.00	3155186	52856912.00
2012/05/30	15.74	16.27	15.74	16.07	2729906	45994084.00
2012/05/31	16.04	16.41	15.89	16.31	2210990	37714032.00
2012/06/01	16.33	16.33	15.68	16.19	3152576	53028528.00
2012/06/04	16.08	16.31	15.69	15.91	3470740	58606248.00
2012/06/05	15.93	16.79	15.78	16.57	4773774	82610520.00
2012/06/06	16.87	16.87	16.30	16.43	2041791	35281208.00
2012/06/07	16.56	16.66	16.18	16.29	1489038	25596996.00
2012/06/08	16.42	16.47	15.84	16.33	2194449	37182188.00
2012/06/11	16.33	16.96	16.06	16.94	3420317	59929884.00
2012/06/12	16.76	17.41	16.76	17.20	3496245	62752164.00
2012/06/13	17.16	18.14	17.03	17.83	3672228	68169352.00
2012/06/14	17.93	18.28	17.41	17.51	2953109	55300580.00
2012/06/15	17.66	18.88	17.48	17.55	7585723	144100912.00
2012/06/18	17.76	18.37	17.23	18.08	4287943	80086896.00
2012/06/19	17.93	18.28	17.46	17.56	5742551	107769448.00
2012/06/20	17.58	17.76	17.21	17.39	3122738	56929752.00
2012/06/21	17.39	18.02	17.28	17.95	3938566	72701784.00
2012/06/25	17.83	18.36	17.51	17.63	3614666	67707800.00
2012/06/26	17.53	17.78	16.96	17.71	3415284	61958904.00
2012/06/27	17.66	18.17	17.48	17.87	4078475	76040824.00
2012/06/28	17.98	18.03	17.68	17.81	2305076	42998920.00
2012/07/02	18.23	18.83	18.08	18.50	4943989	95341968.00
2012/07/03	18.69	19.13	18.23	18.46	4787979	93718192.00
2012/07/04	18.52	18.67	18.18	18.38	2512965	48076568.00
2012/07/05	18.18	18.18	16.46	16.46	11517335	202660928.00
2012/07/06	16.38	17.47	16.37	17.45	6511239	115396608.00
2012/07/09	17.37	17.66	16.80	17.47	4430925	80386064.00
2012/07/10	17.12	17.44	17.06	17.10	2330485	42169252.00
2012/07/11	16.99	17.18	16.08	17.13	2981708	52877620.00
2012/07/12	17.08	18.29	16.93	17.83	3952103	73837992.00
2012/07/13	17.83	17.99	17.43	17.67	1884930	34734872.00
2012/07/16	17.69	17.77	17.25	17.33	1796921	32888612.00
2012/07/17	17.18	17.18	16.28	16.83	2534888	44253768.00
2012/07/18	16.54	16.85	16.28	16.80	1539606	26687836.00
2012/07/19	16.66	17.23	16.49	17.18	2334583	41655168.00
2012/07/20	17.10	17.40	16.98	17.00	1674328	30119750.00
2012/07/23	16.90	16.90	16.28	16.62	3679503	63800064.00
2012/07/24	16.40	16.78	16.26	16.68	1615853	28042272.00
2012/07/25	16.58	17.28	16.54	17.19	2618804	46676748.00
2012/07/26	17.07	17.38	16.70	16.90	1245798	22298704.00
2012/07/27	16.93	16.94	16.16	16.35	2131336	36707896.00
2012/07/30	16.40	16.66	15.81	16.19	2219639	37463840.00
2012/07/31	15.82	16.55	15.82	16.21	1434615	24391212.00
2012/08/01	16.18	16.64	16.18	16.41	812796	14048752.00
2012/08/02	16.39	17.01	16.39	16.97	1443473	25525804.00
2012/08/03	16.93	18.16	16.78	17.96	3305117	61072632.00
2012/08/06	17.96	18.70	17.73	18.48	4723755	91266496.00
2012/08/07	18.48	18.53	18.00	18.13	2097419	39976296.00
2012/08/08	18.16	18.16	17.68	17.89	1002628	18788588.00
2012/08/09	17.90	18.16	17.79	18.07	2928940	55137368.00
2012/08/10	18.09	18.68	17.85	18.38	4137652	79018432.00
2012/08/13	18.38	18.58	18.18	18.21	2629524	50357576.00
2012/08/14	18.10	18.37	17.53	17.94	3500983	64844264.00
2012/08/15	17.88	18.30	17.79	17.94	2094473	39521788.00
2012/08/16	17.86	18.08	17.71	17.80	977055	18270936.00
2012/08/17	17.68	17.93	17.28	17.92	1023973	18797544.00
2012/08/20	17.63	18.18	17.56	18.11	1563025	29539624.00
2012/08/21	18.19	18.98	18.19	18.90	5322969	103731624.00
2012/08/22	18.95	18.98	18.41	18.61	1791341	35016504.00
2012/08/23	18.68	18.68	18.18	18.47	1875259	35916536.00
2012/08/24	18.18	18.39	17.82	18.08	2122698	40063868.00
2012/08/27	17.89	18.16	17.28	17.66	2841502	52288116.00
2012/08/28	17.59	17.66	17.28	17.42	1025580	18731576.00
2012/08/29	17.21	17.63	17.10	17.49	1135942	20694132.00
2012/08/30	17.56	17.56	16.28	16.70	4166295	73282728.00
2012/08/31	16.56	17.36	16.56	17.20	2131149	38198364.00
2012/09/03	17.28	17.77	17.20	17.58	2924286	53863928.00
2012/09/04	17.63	17.77	17.47	17.64	1210892	22354260.00
2012/09/05	17.59	17.67	17.44	17.48	610018	11173337.00
2012/09/06	17.67	17.98	17.58	17.59	748359	13854277.00
2012/09/07	17.87	18.15	17.18	17.87	1604780	29888462.00
2012/09/10	17.78	18.14	17.28	18.13	2215137	41082948.00
2012/09/11	18.16	18.38	17.85	18.13	2300873	43753552.00
2012/09/12	18.13	18.23	17.73	17.93	3030082	56808600.00
2012/09/13	17.93	17.97	17.46	17.57	2959326	54656120.00
2012/09/14	17.56	17.68	17.36	17.43	1797644	32845488.00
2012/09/17	17.26	17.52	16.88	16.96	1109715	20162828.00
2012/09/18	16.97	17.48	16.79	17.44	1235101	22373948.00
2012/09/19	17.47	17.77	17.18	17.38	877961	16128771.00
2012/09/20	17.36	17.36	17.06	17.19	1707210	30733844.00
2012/09/21	17.16	17.36	16.79	17.31	570285	10235100.00
2012/09/24	17.23	17.58	16.88	17.44	1621085	29310564.00
2012/09/25	17.43	17.82	17.23	17.28	314627	5734518.00
2012/09/26	17.44	17.44	16.89	16.96	567004	10158018.00
2012/09/27	16.95	17.26	16.93	17.16	452837	8139570.00
2012/09/28	17.26	17.68	17.13	17.67	738583	13539516.00
2012/10/08	17.68	17.89	17.48	17.88	1299150	24141272.00
2012/10/09	17.93	18.83	17.80	18.58	3284508	62782536.00
2012/10/10	18.58	18.75	18.18	18.48	1556548	30011108.00
2012/10/11	18.38	18.60	18.31	18.43	758996	14602789.00
2012/10/12	18.43	18.73	18.09	18.15	592902	11364993.00
2012/10/15	18.42	18.52	18.10	18.48	1485872	28482100.00
2012/10/16	18.49	20.24	18.49	19.82	4782735	98076616.00
2012/10/17	19.38	19.78	19.08	19.40	3077533	62158628.00
2012/10/18	19.33	19.63	19.23	19.55	2078344	42130240.00
2012/10/19	19.55	20.37	18.54	18.87	6315637	128745144.00
2012/10/22	18.52	19.07	18.26	19.01	3349391	65696432.00
2012/10/23	18.95	19.44	18.25	18.51	2756870	53490004.00
2012/10/24	18.25	18.58	18.19	18.20	737825	14161328.00
2012/10/25	18.35	18.61	17.88	17.98	833658	15883894.00
2012/10/26	17.90	18.18	17.68	18.14	856183	15954223.00
2012/10/29	18.07	18.78	17.78	18.53	1426025	27637312.00
2012/10/30	18.18	18.33	17.96	18.09	2075705	39357356.00
2012/10/31	18.07	18.46	17.89	18.35	2932553	55768324.00
2012/11/01	18.35	18.57	18.24	18.43	1731583	33356436.00
2012/11/02	18.38	18.63	18.17	18.38	1480171	28363948.00
2012/11/05	18.21	18.39	18.21	18.36	833731	15916988.00
2012/11/06	18.36	18.47	18.23	18.37	1211129	23237974.00
2012/11/07	18.38	18.38	18.06	18.16	1191987	22633184.00
2012/11/08	18.04	18.18	17.58	17.70	1064314	19908584.00
2012/11/09	17.63	18.16	17.59	17.98	909245	17003982.00
2012/11/12	18.04	18.08	17.48	17.57	1965516	36382836.00
2012/11/13	17.53	17.58	17.18	17.56	986968	17855674.00
2012/11/14	17.41	17.52	17.06	17.41	834417	15163432.00
2012/11/15	17.41	17.58	17.08	17.23	1101928	19939194.00
2012/11/16	17.20	17.29	17.09	17.20	885202	15943468.00
2012/11/19	17.14	17.14	16.71	16.96	951392	16860760.00
2012/11/20	16.98	17.08	16.69	17.01	451802	8011830.00
2012/11/21	16.72	17.02	16.68	16.88	824690	14534241.00
2012/11/22	16.84	16.98	16.19	16.28	1383072	23926948.00
2012/11/23	16.19	16.70	16.19	16.52	1175361	20399740.00
2012/11/26	16.46	16.67	16.10	16.22	1318871	22747782.00
2012/11/27	16.10	16.26	15.66	16.20	2699240	44914200.00
2012/11/28	16.04	16.24	15.68	16.23	690970	11634173.00
2012/11/29	16.27	16.72	16.23	16.62	923830	16075407.00
2012/11/30	16.88	16.93	16.26	16.43	1966725	33928904.00
2012/12/03	16.23	16.53	16.04	16.07	1063704	18285976.00
2012/12/04	15.78	16.70	15.77	16.56	930264	15698475.00
2012/12/05	16.60	17.41	16.48	17.40	2041596	36587504.00
2012/12/06	17.40	17.40	16.86	17.09	1374965	24482726.00
2012/12/07	17.06	17.06	16.76	16.96	1930565	34291072.00
2012/12/10	16.98	17.04	16.66	16.95	1637420	28861132.00
2012/12/11	16.87	16.87	16.50	16.68	1255811	21938602.00
2012/12/12	16.58	16.77	16.28	16.40	1233275	21399768.00
2012/12/13	16.33	16.72	16.32	16.57	1359245	23682690.00
2012/12/14	16.34	17.17	16.34	16.92	2227159	39386884.00
2012/12/17	16.92	16.93	15.88	16.32	4267137	72736120.00
2012/12/18	16.25	16.38	16.00	16.22	2039547	34668272.00
2012/12/19	16.22	16.38	16.13	16.34	1043070	17818892.00
2012/12/20	16.36	16.36	16.18	16.28	1276076	21748858.00
2012/12/21	16.19	16.78	16.19	16.68	2377688	41176240.00
2012/12/24	16.68	17.49	16.50	17.46	4688603	84262648.00
2012/12/25	17.37	17.82	17.10	17.62	3332484	61272492.00
2012/12/26	17.62	18.16	17.38	18.07	2383866	44048128.00
2012/12/27	18.04	18.38	17.73	18.26	1829692	34669892.00
2012/12/28	18.05	18.80	17.70	18.69	2049596	39166080.00
2012/12/31	18.57	18.92	18.11	18.65	3619317	70031928.00
2013/01/04	18.65	18.65	17.50	17.68	2904128	53975604.00
2013/01/07	17.67	17.89	17.38	17.39	2974751	54926144.00
2013/01/08	17.58	18.62	17.58	18.42	5192672	99550832.00
2013/01/09	18.19	19.26	18.19	19.24	5727287	113119344.00
2013/01/10	19.25	19.29	18.69	19.27	2602904	51473308.00
2013/01/11	19.27	19.27	18.90	18.93	1009110	20097314.00
2013/01/14	18.76	19.58	18.76	19.50	1985363	40017276.00
2013/01/15	19.50	19.81	19.18	19.78	1713888	34904520.00
2013/01/16	19.73	20.18	19.16	20.11	2058699	42175276.00
2013/01/17	19.98	20.53	19.74	19.92	1734415	36475012.00
2013/01/18	20.01	21.18	19.87	20.35	1938632	41572204.00
2013/01/21	20.33	21.20	19.98	20.83	3766429	81478368.00
2013/01/22	20.96	21.43	20.09	20.34	2853074	61829028.00
2013/01/23	20.28	20.76	20.09	20.37	618911	13137663.00
2013/01/24	20.28	20.53	19.81	20.04	1707589	36056176.00
2013/01/25	19.84	21.06	19.84	20.55	1543037	33427816.00
2013/01/28	20.57	21.94	20.57	21.78	2429495	54556324.00
2013/01/29	21.63	22.09	21.63	21.65	1150890	26041732.00
2013/01/30	21.66	21.91	20.68	21.21	1659891	36565836.00
2013/01/31	21.17	21.47	20.69	20.97	929945	20206992.00
2013/02/01	20.83	21.11	20.68	21.00	1212199	26404992.00
2013/02/04	20.79	20.86	19.74	20.50	2308913	48364028.00
2013/02/05	20.37	20.67	20.04	20.51	1817746	38433856.00
2013/02/06	20.52	20.93	20.28	20.74	1813663	38763792.00
2013/02/07	20.74	21.31	20.69	21.26	1659586	36355504.00
2013/02/08	21.18	21.93	21.18	21.61	1182842	26631824.00
2013/02/18	21.61	22.38	21.17	22.18	2488433	56829516.00
2013/02/19	21.95	22.08	21.16	21.70	1448954	32529664.00
2013/02/20	21.68	22.18	21.37	22.16	3210956	72679968.00
2013/02/21	22.01	22.15	20.75	20.77	3137571	69383336.00
2013/02/22	20.74	20.97	20.18	20.39	1859180	39896960.00
2013/02/25	20.39	20.88	19.93	20.54	2251713	47579496.00
2013/02/26	20.47	20.93	20.22	20.61	1756700	37703780.00
2013/02/27	20.52	20.68	20.16	20.20	1984216	41934836.00
2013/02/28	20.23	20.62	19.95	20.56	1057888	22336682.00
2013/03/01	20.56	21.16	20.56	21.12	2089634	45563528.00
2013/03/04	20.87	21.12	20.10	20.32	2912503	61997024.00
2013/03/05	20.23	21.33	20.12	21.28	3023585	65446264.00
2013/03/06	21.33	21.77	21.04	21.58	3709456	82963352.00
2013/03/07	21.57	21.57	20.25	20.96	3002946	64791024.00
2013/03/08	20.51	20.92	19.66	20.12	2208620	46269208.00
2013/03/11	20.11	20.40	19.71	20.27	1237250	25804892.00
2013/03/12	20.48	21.26	20.48	21.08	5967722	130522400.00
2013/03/13	21.00	21.45	20.48	21.36	2361498	51482404.00
2013/03/14	21.36	22.13	21.18	21.83	3216921	72881600.00
2013/03/15	21.88	23.32	21.69	22.65	4502711	106103776.00
2013/03/18	22.65	24.04	22.35	22.62	4451887	107287496.00
2013/03/19	22.40	23.30	22.18	22.96	2475028	58772564.00
2013/03/20	23.03	23.69	22.26	23.42	2607529	62400328.00
2013/03/21	23.44	23.68	22.98	23.68	1704880	41178020.00
2013/03/22	23.39	23.66	23.08	23.20	1469777	35431552.00
2013/03/25	23.10	23.18	22.56	23.08	2259180	53327440.00
2013/03/26	22.89	22.89	22.39	22.76	1721236	40285056.00
2013/03/27	22.76	23.50	22.59	23.43	1927097	46202916.00
2013/03/28	23.33	23.35	22.58	23.32	1676450	39904888.00
2013/03/29	23.15	23.15	22.63	23.13	1522922	36091792.00
2013/04/01	23.04	23.26	22.68	22.85	1159245	27504620.00
2013/04/02	22.83	23.05	21.69	21.84	1828378	42109084.00
2013/04/03	21.88	22.48	21.50	22.08	1487229	33861004.00
2013/04/08	22.09	23.18	21.69	23.07	1776816	41894860.00
2013/04/09	22.98	23.21	22.68	22.70	1434620	33965472.00
2013/04/10	22.68	22.68	21.30	22.38	2138217	48730576.00
2013/04/11	22.18	22.28	21.64	21.97	912902	20688920.00
2013/04/12	22.03	22.63	21.69	22.31	943832	21833068.00
2013/04/15	22.31	22.31	22.00	22.07	395879	9107519.00
2013/04/16	21.68	22.56	21.68	22.43	618363	14195457.00
2013/04/17	22.43	23.20	22.06	23.04	1287646	30297272.00
2013/04/18	22.82	23.78	22.63	23.34	1223622	29632316.00
2013/04/19	23.31	23.68	22.99	23.38	1194181	28945528.00
2013/04/22	23.43	23.88	22.91	23.66	1258977	30474584.00
2013/04/23	23.55	23.87	22.89	23.27	995818	24064544.00
2013/04/24	23.18	24.23	23.03	23.99	2684132	66287836.00
2013/04/25	24.21	25.68	23.99	24.69	3963223	101701784.00
2013/04/26	24.69	25.14	23.83	24.05	1584495	39685320.00
2013/05/02	23.89	24.68	23.44	24.54	2298317	57537656.00
2013/05/03	24.48	25.80	24.40	25.48	2876617	74996968.00
2013/05/06	25.58	25.87	24.87	25.09	2836111	73803624.00
2013/05/07	25.03	25.23	24.21	24.29	2800094	71132160.00
2013/05/08	24.38	25.71	24.29	25.65	2623806	67286104.00
2013/05/09	25.07	25.16	24.46	24.88	4655428	119314944.00
2013/05/10	24.66	24.66	23.49	24.09	4592501	113885416.00
2013/05/13	24.08	24.08	23.05	23.81	3912116	95053464.00
2013/05/14	23.58	23.90	23.36	23.65	1958174	47784592.00
2013/05/15	23.72	24.43	23.72	24.33	1938247	48210612.00
2013/05/16	24.38	25.01	23.93	24.70	2818242	71369856.00
2013/05/17	24.55	24.65	24.08	24.28	1833001	46139480.00
2013/05/20	24.28	24.28	21.77	22.76	7320100	170462304.00
2013/05/21	22.58	22.98	21.88	22.97	5789272	134414704.00
2013/05/22	22.88	23.48	22.66	22.92	3108554	74421832.00
2013/05/23	22.98	23.08	22.69	22.90	1574151	37379528.00
2013/05/24	22.97	23.68	22.90	23.24	3237926	77873792.00
2013/05/27	23.38	23.67	23.01	23.46	3362696	80494480.00
2013/05/28	23.46	24.51	23.46	24.31	7880549	194457760.00
2013/05/29	24.60	26.18	24.35	25.86	7977197	205982336.00
2013/05/30	25.68	26.78	25.48	25.89	4991619	133995152.00
2013/05/31	25.75	26.26	25.03	25.68	4346230	113827568.00
2013/06/03	25.78	26.18	24.88	25.92	4002376	105307720.00
2013/06/04	25.93	25.97	24.73	24.92	2810029	72539216.00
2013/06/05	24.68	25.12	23.88	24.48	3049693	76555472.00
2013/06/06	24.28	24.47	23.81	24.43	3463074	85152840.00
2013/06/07	24.27	24.38	23.28	23.79	2151845	52499224.00
2013/06/13	23.48	24.83	22.50	24.65	4682103	114534776.00
2013/06/14	24.48	25.26	24.44	24.73	2542729	64841908.00
2013/06/17	24.78	25.53	24.46	24.89	2895419	74102352.00
2013/06/18	24.74	25.57	24.74	25.34	4024898	103684584.00
2013/06/19	24.98	25.45	24.90	25.32	2369210	60833520.00
2013/06/20	25.31	25.31	24.12	24.18	1610199	40421848.00
2013/06/21	23.68	25.75	23.23	25.72	3103500	79000672.00
2013/06/24	25.61	25.61	23.79	24.65	2758883	70037472.00
2013/06/25	24.08	26.28	22.18	25.92	5077141	126399024.00
2013/06/26	25.92	26.98	25.63	26.15	3517357	94603992.00
2013/06/27	26.16	26.66	24.96	26.08	5732024	151792400.00
2013/06/28	25.77	26.43	24.56	25.98	4223765	110286016.00
2013/07/01	25.73	28.08	25.68	27.74	5159566	142580896.00
2013/07/02	27.57	29.48	27.57	28.40	5668406	166581056.00
2013/07/03	28.38	28.48	27.40	28.27	6564792	186051776.00
2013/07/04	27.81	28.25	26.44	26.77	9704473	269025696.00
2013/07/11	26.97	27.77	26.49	27.36	6856108	189039104.00
2013/07/12	27.38	28.25	26.99	27.77	4606391	130071968.00
2013/07/15	27.71	27.97	26.99	27.66	4297667	120421928.00
2013/07/16	27.68	28.81	27.51	28.57	4571190	131867832.00
2013/07/17	28.23	28.48	27.30	27.59	8705172	246365488.00
2013/07/18	27.49	27.58	26.51	27.08	5667311	155955712.00
2013/07/19	26.96	27.28	25.30	25.98	6685236	178709152.00
2013/07/22	25.38	26.87	25.09	26.70	4440976	119188888.00
2013/07/23	26.70	27.47	26.13	27.12	4564117	124114232.00
2013/07/24	26.81	27.39	26.70	27.24	2799439	77431968.00
2013/07/25	27.25	27.78	26.42	26.45	2698278	74558480.00
2013/07/26	26.28	26.78	26.08	26.59	1100371	29733840.00
2013/07/29	26.57	26.92	26.07	26.31	2175873	59053972.00
2013/07/30	26.48	26.48	25.46	25.80	2760686	72973832.00
2013/07/31	25.77	26.09	25.57	25.73	2735366	71673800.00
2013/08/01	25.73	26.27	25.48	25.93	3340522	88146992.00
2013/08/02	26.08	26.66	26.08	26.64	3658138	98437824.00
2013/08/05	26.64	27.51	26.15	27.43	4043722	111155512.00
2013/08/06	27.30	27.52	27.01	27.15	2704600	75182504.00
2013/08/07	27.16	27.30	26.08	26.67	3564240	96241776.00
2013/08/08	26.32	26.98	25.96	26.65	3513694	94545888.00
2013/08/09	26.63	26.69	25.98	26.39	2193714	58844936.00
2013/08/12	26.35	26.63	25.80	26.07	3707930	98857768.00
2013/08/13	25.98	26.37	25.71	26.08	3742858	98886440.00
2013/08/14	26.07	26.26	25.48	25.58	4807790	126318920.00
2013/08/15	25.48	25.48	24.36	24.43	7371243	185660672.00
2013/08/16	24.38	24.78	24.06	24.08	4438443	110349760.00
2013/08/19	24.08	24.75	23.88	24.63	3617808	89891160.00
2013/08/20	24.49	24.68	24.10	24.50	2729955	67932352.00
2013/08/21	24.45	25.00	24.29	24.98	2630095	66150524.00
2013/08/22	25.13	25.13	24.58	24.86	1292263	32719664.00
2013/08/23	24.89	25.10	24.49	24.60	2296093	58164696.00
2013/08/26	24.57	25.60	24.57	25.47	3236866	83591976.00
2013/08/27	25.48	25.58	25.13	25.27	1393577	35955548.00
2013/08/28	25.27	25.27	24.48	24.55	2176919	54977972.00
2013/08/29	24.43	24.88	24.08	24.57	1721988	43098968.00
2013/08/30	24.19	24.55	23.78	23.80	1326935	32797320.00
2013/09/02	23.80	23.98	23.08	23.19	5490710	131729576.00
2013/09/03	23.28	24.26	23.28	24.24	4273771	103948424.00
2013/09/04	24.22	24.39	23.58	23.67	3468431	84716456.00
2013/09/05	23.63	24.26	23.25	23.96	1855675	45147580.00
2013/09/06	23.69	25.00	23.69	24.74	3404129	85591568.00
2013/09/09	24.91	24.91	24.25	24.48	1834117	45722560.00
2013/09/10	24.28	24.45	23.31	23.62	5763539	138890688.00
2013/09/11	23.62	23.62	22.67	22.75	4725582	110788864.00
2013/09/12	22.77	23.17	22.68	22.98	2161578	50821752.00
2013/09/13	22.99	23.35	22.69	23.24	1559093	36846024.00
2013/09/16	23.24	23.53	23.08	23.18	2299202	54660352.00
2013/09/17	23.18	23.46	22.85	23.00	2593234	61491308.00
2013/09/18	23.03	23.78	23.03	23.66	4878325	117202536.00
2013/09/23	23.70	25.62	23.70	25.05	6393763	161731424.00
2013/09/24	25.31	26.30	25.31	26.20	7474276	198738800.00
2013/09/25	26.20	26.56	25.36	25.48	4457521	117611784.00
2013/09/26	25.48	26.03	25.18	25.37	7017020	183362336.00
2013/09/27	25.48	26.44	25.18	26.27	6116185	163172816.00
2013/09/30	26.30	26.77	25.88	26.46	3454353	92719904.00
2013/10/08	26.29	26.88	25.40	26.37	3682518	98342640.00
2013/10/09	26.28	26.68	25.79	26.15	2736834	73336112.00
2013/10/10	25.97	26.54	25.36	25.63	2510950	66366216.00
2013/10/11	25.60	25.73	25.08	25.29	3664239	94460032.00
2013/10/14	25.28	25.78	25.14	25.43	2497683	64767356.00
2013/10/15	25.45	25.83	23.69	24.35	9506116	237672960.00
2013/10/16	24.36	24.64	23.78	24.32	4721318	117023488.00
2013/10/17	24.38	24.98	23.66	23.68	3418641	84380176.00
2013/10/18	23.88	23.97	23.08	23.41	6180902	147225968.00
2013/10/21	23.43	24.43	23.21	24.38	6268497	152262832.00
2013/10/22	24.24	24.35	23.68	23.87	3492858	85575376.00
2013/10/23	23.85	24.07	23.48	23.54	2708210	65696332.00
2013/10/24	23.52	23.89	23.18	23.26	2925933	69929576.00
2013/10/25	23.27	23.64	22.83	23.23	3986884	94420384.00
2013/10/28	23.08	23.38	22.29	22.46	4097306	94742008.00
2013/10/29	22.38	22.71	21.62	22.62	2872144	65503788.00
2013/10/30	22.48	22.78	22.13	22.67	2335776	53650912.00
2013/10/31	22.66	22.66	21.98	22.11	2026662	45976488.00
2013/11/01	21.98	22.43	21.89	22.30	1153011	26205028.00
2013/11/04	22.29	22.45	21.43	21.59	2919505	65065520.00
2013/11/05	21.59	21.59	20.68	21.16	6381411	136848080.00
2013/11/06	21.13	21.41	20.98	21.15	2195716	47717604.00
2013/11/07	21.11	21.23	20.49	20.63	2182567	46523592.00
2013/11/08	20.75	20.80	20.54	20.60	1154354	24462128.00
2013/11/11	20.50	21.58	20.13	21.50	3270036	69816704.00
2013/11/12	21.38	22.08	21.28	21.89	4683997	104066048.00
2013/11/13	21.74	21.90	21.41	21.60	1470272	32626084.00
2013/11/14	21.44	21.98	21.44	21.81	969425	21581956.00
2013/11/15	21.69	22.08	21.63	21.73	2345580	52564532.00
2013/11/18	21.58	21.73	20.78	21.42	6113752	132543456.00
2013/11/19	21.38	21.38	20.80	20.96	4692306	100786480.00
2013/11/20	20.99	21.08	20.74	20.93	3016620	64533840.00
2013/11/21	20.94	21.08	20.66	21.07	3986190	85415968.00
2013/11/22	21.18	21.19	20.84	20.87	2560724	54928140.00
2013/11/25	20.83	20.85	20.49	20.69	3011675	63741616.00
2013/11/26	20.68	21.04	20.56	20.95	1874544	40132960.00
2013/11/27	20.96	21.04	20.66	20.91	2243451	48039080.00
2013/11/28	20.91	21.76	20.91	21.69	6086758	133583128.00
2013/11/29	21.59	22.81	21.58	22.59	7457354	170950464.00
2013/12/02	22.18	22.68	21.90	22.43	6219127	141977744.00
2013/12/03	22.38	22.98	21.83	22.71	4355741	100015464.00
2013/12/04	22.69	23.21	22.55	22.57	4863141	114215688.00
2013/12/05	22.54	22.68	22.04	22.21	3039384	69405776.00
2013/12/06	22.28	22.58	22.16	22.42	2735364	62580680.00
2013/12/09	22.48	22.66	22.06	22.26	2527222	57615840.00
2013/12/10	22.37	22.37	21.19	21.54	5752546	127268880.00
2013/12/11	21.29	21.48	20.93	21.11	6423925	138759072.00
2013/12/12	21.51	21.84	21.31	21.71	3302485	72857472.00
2013/12/13	21.48	21.84	21.33	21.48	2699854	59710580.00
2013/12/16	21.38	21.38	20.46	20.48	4578546	97441984.00
2013/12/17	20.49	21.22	20.26	21.18	3767959	80656752.00
2013/12/18	21.19	21.28	20.84	21.12	1234810	26723302.00
2013/12/19	21.13	21.54	20.98	21.15	2001624	43557180.00
2013/12/20	21.14	21.76	21.13	21.37	3306891	72854448.00
2013/12/23	21.37	22.53	21.29	22.17	5847459	132640304.00
2013/12/24	22.58	23.13	22.58	23.10	9043779	212267040.00
2013/12/25	23.20	23.88	22.59	22.91	4081002	96696992.00
2013/12/26	22.97	22.97	22.29	22.72	2574348	59597244.00
2013/12/27	22.84	23.38	22.36	22.97	2564069	60300060.00
2013/12/30	22.98	23.72	22.69	23.35	4822320	115504688.00
2013/12/31	23.37	23.83	22.48	23.07	4177303	99283664.00
2014/01/02	22.86	24.99	22.78	24.85	7904184	197299136.00
2014/01/03	24.69	25.16	24.59	24.74	2764333	70125512.00
2014/01/06	24.75	24.75	23.96	24.04	3589512	88904112.00
2014/01/07	24.17	24.58	23.40	24.50	4265495	104329320.00
2014/01/08	24.48	24.70	23.48	23.96	3659746	89890680.00
2014/01/09	23.97	25.28	23.95	24.38	4940686	124752568.00
2014/01/10	23.18	23.18	21.89	21.90	16878008	388688000.00
2014/01/13	21.84	22.59	21.31	22.38	5685811	129192040.00
2014/01/14	22.42	22.68	21.37	22.43	5380522	120128608.00
2014/01/15	22.27	23.23	21.98	23.15	3308885	76798920.00
2014/01/16	23.13	23.13	22.51	22.80	2721735	63451268.00
2014/01/17	22.59	22.85	21.88	21.89	4252479	96143864.00
2014/01/20	21.89	21.89	20.64	21.27	4155909	90194768.00
2014/01/21	21.18	22.04	20.98	21.80	3242980	71457168.00
2014/01/22	21.75	22.48	21.48	22.11	2950212	66198256.00
2014/01/23	22.11	22.18	21.68	22.00	4057981	91138800.00
2014/01/24	22.01	22.48	21.63	22.29	5099357	114915216.00
2014/01/27	22.08	22.18	21.41	21.63	4498733	99713200.00
2014/01/28	21.47	21.47	20.68	20.97	5663750	121628760.00
2014/01/29	21.07	21.58	20.79	21.21	3366914	73511584.00
2014/01/30	21.21	21.47	21.08	21.35	1188673	25851420.00
2014/02/07	21.38	21.98	21.06	21.85	1915747	42433984.00
2014/02/10	22.06	24.09	21.98	24.09	8559178	205457856.00
2014/02/11	24.43	26.55	24.43	26.55	17278680	458086624.00
2014/02/12	26.55	28.48	25.69	27.65	17992169	494955008.00
2014/02/13	27.28	27.68	26.50	26.98	7199768	198278992.00
2014/02/14	26.88	27.98	26.59	27.68	6936178	193897936.00
2014/02/17	27.47	30.50	27.28	30.50	8295585	247611168.00
2014/02/18	31.20	31.47	29.36	29.87	7406352	225698880.00
2014/02/19	29.44	30.36	27.88	28.08	7328584	214114288.00
2014/02/20	28.27	29.47	27.71	28.08	8232506	238005792.00
2014/02/21	27.73	28.41	26.93	28.15	5504963	153900096.00
2014/02/24	28.36	28.36	26.08	27.32	11600427	318141920.00
2014/02/25	27.21	28.87	27.08	27.48	9041123	259295696.00
2014/02/26	27.49	28.74	25.99	28.28	5516504	155477760.00
2014/02/27	28.58	29.57	27.67	28.03	7166498	209293808.00
2014/02/28	26.98	28.43	26.98	28.38	2749646	77903432.00
2014/03/03	29.08	29.28	27.58	28.33	3813336	109894248.00
2014/03/04	28.38	28.67	27.18	27.46	3513714	99111624.00
2014/03/05	27.13	27.43	25.34	26.36	11560650	307362528.00
2014/03/06	26.05	26.05	25.26	25.64	6654799	172742160.00
2014/03/07	25.65	27.00	24.99	26.67	8735443	232289248.00
2014/03/10	26.08	26.52	25.49	26.10	4431876	117601232.00
2014/03/11	26.38	27.46	26.00	27.38	4161842	113721096.00
2014/03/12	27.50	27.58	26.40	27.00	4473735	122871512.00
2014/03/13	26.98	27.28	24.70	25.43	7792398	205652384.00
2014/03/14	25.73	25.73	23.28	23.84	15077632	371661472.00
2014/03/17	23.74	24.77	23.50	24.34	6468492	160144432.00
2014/03/18	24.26	24.98	24.11	24.87	4914309	123833816.00
2014/03/19	24.88	25.64	24.39	25.17	5250875	134883296.00
2014/03/20	25.18	25.83	23.98	24.00	4904523	123855216.00
2014/03/21	24.08	24.61	23.44	24.54	4821265	118129072.00
2014/03/24	24.48	24.48	23.78	24.24	6089932	149767856.00
2014/03/25	24.10	24.43	23.08	23.40	7193369	173176048.00
2014/03/26	23.48	23.92	23.26	23.64	4171078	100662944.00
2014/03/27	23.68	24.07	23.18	23.81	3857023	93351128.00
2014/03/28	23.95	24.13	23.08	23.63	4264225	102526360.00
2014/03/31	23.51	23.63	22.71	23.39	3884400	91311960.00
2014/04/01	23.26	23.85	22.98	23.56	2964244	71325000.00
2014/04/02	23.48	23.63	23.21	23.52	2143004	51263868.00
2014/04/03	23.58	23.61	23.18	23.53	1960131	46908504.00
2014/04/04	23.44	24.94	23.29	24.92	5748019	143809136.00
2014/04/08	24.56	25.53	24.56	25.32	4207803	108196640.00
2014/04/09	25.38	25.66	24.99	25.49	6570319	169654640.00
2014/04/10	25.42	25.51	25.09	25.24	3070572	79229720.00
2014/04/11	25.25	25.51	24.99	25.31	1710132	44196608.00
2014/04/14	25.28	25.33	24.89	25.08	1880721	48146800.00
2014/04/15	25.06	25.23	24.78	25.09	1882894	47992040.00
2014/04/16	25.07	25.08	24.53	24.55	1721499	43505240.00
2014/04/17	24.50	25.08	24.48	24.68	965752	24349764.00
2014/04/18	24.76	25.34	24.57	25.29	1890748	48389848.00
2014/04/21	24.88	25.98	24.88	25.40	2746596	71533752.00
2014/04/22	25.39	25.66	24.47	24.92	2037588	51776648.00
2014/04/23	24.56	24.56	22.38	22.82	15468983	359141696.00
2014/04/24	22.47	22.70	22.23	22.34	4424410	101867920.00
2014/04/25	22.53	22.66	22.08	22.11	2508869	57311528.00
2014/04/28	21.91	22.06	20.46	20.67	6033975	130310584.00
2014/04/29	20.78	21.06	20.51	21.00	2795879	59336880.00
2014/04/30	21.02	21.75	20.89	21.49	2171645	47638584.00
2014/05/05	21.51	21.86	20.95	21.79	2337804	51212008.00
2014/05/06	21.69	21.97	21.58	21.78	1905312	42502988.00
2014/05/07	21.75	21.75	21.39	21.55	1324743	29199134.00
2014/05/08	21.43	21.48	20.99	21.18	1692482	36783964.00
2014/05/09	21.13	21.27	20.78	20.95	1415338	30460548.00
2014/05/12	21.04	21.52	20.98	21.47	1874403	40826352.00
2014/05/13	21.40	21.74	21.38	21.66	1422792	31436712.00
2014/05/14	22.18	22.18	21.61	21.71	1617293	35949980.00
2014/05/15	21.74	21.87	20.97	21.19	1864098	40746968.00
2014/05/16	20.99	21.03	20.28	20.54	3606405	76027616.00
2014/05/19	20.60	20.60	19.28	19.83	6137578	124121120.00
2014/05/20	19.80	20.13	19.53	19.58	3095612	62948188.00
2014/05/21	19.58	19.93	19.38	19.92	2203094	44718196.00
2014/05/22	19.93	20.33	19.82	20.12	2504603	51858640.00
2014/05/23	20.14	20.50	20.01	20.20	1867164	38648784.00
2014/05/26	20.58	21.58	20.38	21.15	7381713	159808768.00
2014/05/27	21.08	21.53	21.08	21.29	4211981	92145168.00
2014/05/28	21.07	22.14	21.07	22.03	4808097	107221152.00
2014/05/29	22.13	22.49	21.88	22.02	4219579	96057504.00
2014/05/30	21.88	22.26	21.41	21.50	1833763	40812884.00
2014/06/03	21.58	23.17	20.93	22.38	4175266	94593192.00
2014/06/04	22.08	22.56	21.90	22.40	2314704	52729704.00
2014/06/05	22.41	22.83	22.00	22.18	2111428	48541632.00
2014/06/06	22.27	22.27	21.78	22.03	2036820	45693768.00
2014/06/09	21.80	22.48	21.73	22.18	2515332	56565952.00
2014/06/10	22.17	22.48	22.06	22.27	2139406	48832688.00
2014/06/23	21.49	22.01	21.24	21.39	4000362	87148352.00
2014/06/24	21.25	21.25	20.16	20.49	5599466	115989984.00
2014/06/25	20.48	20.89	20.12	20.80	2895470	59748792.00
2014/06/26	20.73	21.07	20.66	21.05	2617558	54974104.00
2014/06/27	21.03	21.03	20.62	20.68	3396712	71126072.00
2014/06/30	20.71	20.93	20.13	20.84	4528004	93858064.00
2014/07/01	20.81	20.82	20.37	20.55	5134870	106347200.00
2014/07/02	20.61	22.62	20.56	22.62	8870839	194449856.00
2014/07/03	22.78	23.11	22.16	22.99	6869900	157239504.00
2014/07/04	23.04	23.12	22.15	22.34	4779542	108076480.00
2014/07/07	22.34	22.61	21.96	22.46	3765874	84343288.00
2014/07/08	22.33	22.53	22.08	22.36	3710955	83479272.00
2014/07/09	22.69	23.15	22.21	22.22	6074832	139019760.00
2014/07/10	22.23	22.49	21.83	22.34	1660169	37233848.00
2014/07/11	22.33	22.91	22.21	22.76	3798806	86909464.00
2014/07/14	22.76	23.24	22.63	23.21	4512269	104284344.00
2014/07/15	23.33	23.77	22.74	23.17	3298833	77302416.00
2014/07/16	22.99	23.15	22.23	22.42	4400362	99798304.00
2014/07/17	22.45	22.71	22.14	22.62	2531112	57242880.00
2014/07/18	22.62	22.72	22.14	22.31	1786985	40325844.00
2014/07/21	22.27	22.49	21.93	22.33	1674244	37543208.00
2014/07/22	22.33	22.83	22.17	22.81	3776740	85798360.00
2014/07/23	22.78	22.84	22.46	22.80	2346382	53532540.00
2014/07/24	22.53	23.21	22.53	23.03	3215584	74422264.00
2014/07/25	23.03	23.50	22.90	23.34	2649524	62283364.00
2014/07/28	23.39	24.08	23.39	23.53	4031225	96186704.00
2014/07/29	23.50	23.79	23.14	23.71	4584050	108021072.00
2014/07/30	23.54	24.03	23.46	23.69	3382669	80566616.00
2014/07/31	23.78	23.80	23.46	23.57	2962111	70391208.00
2014/08/01	23.53	24.48	23.21	23.97	7669753	184605280.00
2014/08/04	24.53	25.03	24.11	24.25	6316679	155382640.00
2014/08/05	24.20	24.82	24.06	24.77	4313489	106860920.00
2014/08/06	24.62	26.49	24.61	25.87	7897835	204697136.00
2014/08/07	25.78	26.03	25.24	25.35	6180951	159066192.00
2014/08/08	25.33	25.80	25.25	25.29	3127517	80319576.00
2014/08/11	25.61	26.15	25.28	25.28	4361535	112142504.00
2014/08/12	25.23	25.56	24.67	24.97	5529636	138685280.00
2014/08/13	24.93	25.05	24.50	24.85	4393175	109224624.00
2014/08/14	24.93	24.98	24.63	24.68	2890278	72150200.00
2014/08/15	24.69	25.11	24.53	24.82	3052246	76349664.00
2014/08/18	24.85	25.09	24.58	24.71	7152285	177842416.00
2014/08/19	24.81	24.91	24.63	24.82	4586233	114478536.00
2014/08/20	24.83	25.23	24.63	25.13	4389884	110342776.00
2014/08/21	25.08	25.63	24.69	25.60	4494484	113634744.00
2014/08/22	25.48	25.70	25.11	25.52	5265175	134586768.00
2014/08/25	25.63	25.69	24.93	25.08	3789736	95979344.00
2014/08/26	25.11	25.30	24.43	24.52	5458687	135526512.00
2014/08/27	24.52	24.70	24.38	24.48	2402951	59307192.00
2014/08/28	24.52	24.62	24.08	24.58	2813062	69038816.00
2014/08/29	24.58	24.71	24.28	24.59	3066697	75625952.00
2014/09/01	24.62	25.05	24.59	24.96	3122726	78451320.00
2014/09/02	25.22	26.31	25.22	25.49	6647329	171746688.00
2014/09/03	25.46	25.70	25.23	25.37	3597229	91962712.00
2014/09/04	25.49	25.63	25.39	25.48	4337732	111342712.00
2014/09/05	25.62	25.64	25.27	25.59	5982591	153328304.00
2014/09/09	25.60	26.07	25.45	25.97	6472585	168173536.00
2014/09/10	25.83	26.23	25.58	26.12	6038368	157045552.00
2014/09/11	26.25	27.73	26.25	27.05	18839184	511492352.00
2014/09/12	26.99	27.30	26.69	27.17	8743275	237219888.00
2014/09/15	27.11	27.56	26.84	27.47	7379676	202775680.00
2014/09/16	27.51	27.93	26.93	27.21	8439128	232296096.00
2014/09/17	27.08	28.22	26.87	27.98	9622904	266087008.00
2014/09/18	28.01	28.72	28.01	28.67	12235809	350209952.00
2014/09/19	28.58	29.01	28.28	28.90	3934860	113268600.00
2014/09/22	29.03	29.03	27.86	28.43	7219129	205571376.00
2014/09/23	28.33	28.48	28.12	28.40	4014958	114136544.00
2014/09/24	28.38	28.48	27.41	28.05	9372296	260763760.00
2014/09/25	27.81	28.23	27.28	27.62	7468188	207409584.00
2014/09/26	27.52	28.00	27.08	27.63	8734527	241891408.00
2014/09/29	27.82	27.97	27.45	27.77	6075024	169213328.00
2014/09/30	27.90	27.90	27.24	27.62	5191634	143966896.00
2014/10/08	27.76	28.68	27.57	28.56	10121996	286646080.00
2014/10/09	28.58	28.88	27.84	28.22	7399436	210205696.00
2014/10/10	28.33	28.60	27.76	28.18	7473724	211928384.00
2014/10/13	28.18	28.31	27.41	27.68	5606602	156524352.00
2014/10/14	27.96	28.13	27.30	27.56	5642476	157169152.00
2014/10/15	27.48	27.86	27.01	27.82	8891054	245867728.00
2014/10/16	27.53	28.18	27.53	27.79	8398946	235657616.00
2014/10/17	27.69	27.69	26.54	26.97	5930246	160939712.00
2014/10/20	26.85	27.31	26.31	26.57	7391645	197770256.00
2014/10/21	26.57	27.33	26.33	26.76	7339868	197910880.00
2014/10/22	26.83	27.12	26.34	26.71	7796326	209748656.00
2014/10/23	26.51	26.65	25.49	25.58	6819104	176980288.00
2014/10/24	25.58	25.83	25.35	25.73	3362385	86810808.00
2014/10/27	25.73	25.73	25.08	25.37	6259053	158825152.00
2014/10/28	25.51	26.54	25.41	26.50	7810073	205626480.00
2014/10/29	26.70	27.00	26.16	26.64	7581010	202347056.00
2014/10/30	26.73	27.17	26.44	26.79	5429824	146013600.00
2014/10/31	26.83	26.93	26.39	26.66	3851759	102910048.00
2014/11/03	26.67	26.80	26.01	26.31	6428515	170603696.00
2014/11/04	26.30	26.30	25.51	25.96	5850201	151855776.00
2014/11/05	25.81	26.10	25.48	26.04	3769404	97946192.00
2014/11/06	26.10	27.18	25.85	27.12	10640461	284335008.00
2014/11/07	27.08	27.70	26.33	26.58	10759597	293539808.00
2014/11/10	26.61	26.68	25.98	26.48	5096641	134823312.00
2014/11/11	26.49	26.82	25.23	25.44	9057792	237030208.00
2014/11/12	24.73	25.23	24.33	25.01	9159311	228998720.00
2014/11/13	25.03	25.95	24.73	25.63	8063790	206133728.00
2014/11/14	25.55	26.41	25.39	26.02	6519923	170644112.00
2014/11/17	26.14	26.82	25.98	26.38	8296944	219527776.00
2014/11/18	26.36	26.36	25.45	25.84	5139966	133365656.00
2014/11/19	26.02	27.16	25.82	27.00	12895825	346072544.00
2014/12/30	25.03	27.03	24.28	24.90	24133837	617909632.00
2014/12/31	24.71	25.28	23.83	24.65	12629401	310777888.00
2015/01/05	24.36	24.47	23.54	24.37	11029725	266819600.00
2015/01/06	24.24	26.82	23.86	25.39	9149914	233307712.00
2015/01/07	25.23	25.93	25.20	25.55	7218942	186343200.00
2015/01/08	25.58	26.48	25.48	25.96	6816173	177216064.00
2015/01/09	26.16	26.16	25.56	25.89	6627495	172345632.00
2015/01/12	25.45	26.28	25.44	25.88	5961909	155919632.00
2015/01/13	25.93	26.14	25.52	25.80	3995924	103947536.00
2015/01/14	25.81	25.83	25.38	25.59	3929783	101152336.00
2015/01/15	25.65	25.76	25.53	25.65	3561175	91831520.00
2015/01/16	25.64	25.72	25.48	25.70	5342398	137650688.00
2015/01/19	25.33	27.09	25.26	26.56	16954319	449695360.00
2015/01/20	26.93	27.51	26.63	27.15	10053099	273770656.00
2015/01/21	27.26	27.93	27.05	27.79	12767686	355978656.00
2015/01/22	28.12	28.32	27.48	28.02	7607788	213063392.00
2015/01/23	28.02	29.01	27.59	28.81	12372799	353230272.00
2015/01/26	29.06	29.18	28.53	28.80	8152615	236285824.00
2015/01/27	29.00	29.00	27.96	28.62	6483776	184998080.00
2015/01/28	28.20	28.73	27.84	28.28	6154538	175525856.00
2015/01/29	28.03	28.83	27.93	28.28	3544014	100841840.00
2015/01/30	28.27	28.37	27.41	27.72	3578714	100311688.00
2015/02/02	27.43	28.58	27.19	28.04	4625191	130153576.00
2015/02/03	28.04	28.73	27.87	28.46	7012731	200441632.00
2015/02/04	28.23	29.03	26.63	27.06	13163721	366633280.00
2015/02/05	27.08	27.32	26.08	26.11	8172321	216669424.00
2015/02/06	26.10	26.32	25.51	25.71	4107674	107044680.00
2015/02/09	25.70	26.06	25.50	25.84	2171542	56349548.00
2015/02/10	25.98	27.09	25.94	26.73	7572722	203317920.00
2015/02/11	26.66	27.27	26.43	26.69	2948053	79156328.00
2015/02/12	26.63	26.79	26.03	26.19	3756595	99129000.00
2015/02/13	26.33	26.80	26.10	26.61	5044419	134444880.00
2015/02/16	26.59	27.01	26.41	26.74	3434562	92100120.00
2015/02/17	26.82	26.92	26.48	26.57	3565500	95489792.00
2015/02/25	26.63	26.82	26.38	26.69	5735750	153567856.00
2015/02/26	26.61	26.72	26.38	26.63	3681625	98285976.00
2015/02/27	26.59	26.74	26.42	26.68	8046976	215499168.00
2015/03/02	26.68	26.71	26.41	26.62	6217076	165968848.00
2015/03/03	26.62	26.62	26.03	26.04	9717602	256613632.00
2015/03/04	26.08	26.81	25.74	26.79	25016518	660025600.00
2015/03/05	26.78	27.40	26.60	27.25	17690738	480265792.00
2015/03/06	27.25	27.69	27.09	27.17	14350065	396662400.00
2015/03/09	27.17	27.66	26.68	27.49	7975841	218294240.00
2015/03/10	27.45	27.82	27.35	27.60	7943873	220654208.00
2015/03/11	27.64	27.64	26.98	27.30	6602127	180955840.00
2015/03/12	26.96	27.00	26.39	26.58	9629756	257468592.00
2015/03/13	26.73	26.82	26.53	26.73	7936616	213027680.00
2015/03/16	26.90	27.30	26.90	27.23	15407948	420723200.00
2015/03/17	27.28	27.81	27.03	27.77	13522009	374508288.00
2015/03/18	27.88	28.13	27.49	27.86	13586375	379519296.00
2015/03/19	27.83	28.35	27.59	28.26	14115894	396294592.00
2015/03/20	28.33	28.40	27.92	28.10	10237654	289148064.00
2015/03/23	28.10	28.47	27.79	28.44	15121259	427905824.00
2015/03/24	28.33	28.51	27.59	28.42	13808407	391044096.00
2015/03/25	28.36	29.41	28.11	29.25	17127283	496935168.00
2015/03/26	29.08	29.66	28.71	28.84	11353492	332895872.00
2015/03/27	28.86	29.17	28.77	28.93	6790663	197805328.00
2015/03/30	28.98	29.79	28.89	29.64	11146245	330701312.00
2015/03/31	29.83	29.99	29.32	29.52	10949579	325812896.00
2015/04/01	29.44	32.28	29.28	31.86	18844584	582262848.00
2015/04/02	31.83	32.33	31.44	31.77	10595719	338483968.00
2015/04/03	31.65	32.41	31.45	31.89	8910298	285775744.00
2015/04/07	32.13	33.07	31.81	32.70	9068909	295179584.00
2015/04/08	32.80	32.80	30.71	31.52	11107346	353369152.00
2015/04/09	31.48	31.53	29.79	31.45	12177750	373918080.00
2015/04/10	31.11	32.12	30.71	31.70	11360466	361145408.00
2015/04/13	31.82	34.87	31.82	34.04	18928465	632343104.00
2015/04/14	33.98	36.58	33.94	35.74	14929102	526241504.00
2015/04/15	35.83	35.93	32.65	33.42	9640306	332774912.00
2015/04/16	32.61	35.11	31.83	34.44	7078915	242877776.00
2015/04/17	34.38	35.43	33.23	34.67	12122103	419966976.00
2015/04/20	34.63	35.93	33.63	34.83	11096560	388972736.00
2015/04/21	34.81	36.33	34.03	36.20	11495220	410099904.00
2015/04/22	36.33	37.05	35.68	35.73	10706547	390106784.00
2015/04/23	35.83	35.97	34.71	35.18	8945742	315804512.00
2015/04/24	34.83	35.30	33.83	35.06	6932979	241706480.00
2015/04/27	35.05	35.37	34.47	34.79	5660510	198459904.00
2015/04/28	35.33	35.63	33.23	34.06	10025763	345252352.00
2015/04/29	33.93	35.43	33.49	34.69	10958736	377390048.00
2015/04/30	34.70	34.90	33.90	34.20	6125772	209935648.00
2015/05/05	33.34	33.34	33.34	33.34	0	0.00
数据来源:通达信
