600307 酒钢宏兴 日线 前复权
      日期	    开盘	    最高	    最低	    收盘	    成交量	    成交额
2011/10/10	4.59	4.67	4.59	4.62	3197159	15240528.00
2011/10/11	4.77	4.80	4.61	4.64	3753135	18129376.00
2011/10/12	4.62	4.79	4.53	4.76	6189502	30022004.00
2011/10/13	4.75	4.93	4.71	4.86	9078690	45090652.00
2011/10/14	4.80	4.84	4.77	4.78	4644579	22960796.00
2011/10/17	4.81	4.82	4.71	4.74	3909668	19179692.00
2011/10/18	4.71	4.71	4.55	4.56	4365586	20854624.00
2011/10/19	4.58	4.65	4.55	4.61	3768231	17905964.00
2011/10/20	4.57	4.62	4.53	4.58	4562858	21483328.00
2011/10/21	4.60	4.60	4.52	4.53	2358609	11093452.00
2011/10/24	4.53	4.64	4.53	4.64	4680258	22153524.00
2011/10/25	4.60	4.76	4.60	4.73	7360421	35617788.00
2011/10/26	4.66	4.79	4.66	4.75	7970246	38951072.00
2011/10/27	4.73	4.89	4.73	4.77	7804051	38675732.00
2011/10/28	4.81	4.92	4.81	4.91	10509108	52884144.00
2011/10/31	4.91	4.91	4.80	4.84	5942857	29649604.00
2011/11/01	4.76	4.87	4.75	4.78	4871436	24138530.00
2011/11/02	4.72	4.86	4.66	4.85	6464962	31592112.00
2011/11/03	4.87	4.98	4.85	4.87	10410952	52688452.00
2011/11/04	4.95	4.96	4.85	4.89	6622776	33373410.00
2011/11/07	4.90	5.07	4.90	5.00	14649171	75548432.00
2011/11/08	5.06	5.10	4.92	4.93	7802697	40114096.00
2011/11/09	4.92	4.97	4.83	4.93	6501991	32806766.00
2011/11/10	4.87	5.05	4.84	4.90	12939009	66138552.00
2011/11/11	4.93	4.97	4.85	4.86	5420641	27224366.00
2011/11/14	4.88	4.91	4.84	4.90	6530144	32852006.00
2011/11/15	4.88	4.90	4.84	4.89	6182513	31021056.00
2011/11/16	4.89	4.91	4.69	4.71	8259680	40737192.00
2011/11/17	4.75	4.77	4.68	4.70	3665852	17851760.00
2011/11/18	4.70	4.70	4.56	4.60	4676536	22273362.00
2011/11/21	4.60	4.65	4.53	4.58	3126404	14745798.00
2011/11/22	4.53	4.56	4.50	4.55	2678789	12543931.00
2011/11/23	4.56	4.58	4.47	4.47	4053457	18926420.00
2011/11/24	4.47	4.47	4.33	4.43	3982567	18113224.00
2011/11/25	4.40	4.45	4.35	4.36	2895607	13100969.00
2011/11/28	4.37	4.40	4.34	4.36	2737121	12338344.00
2011/11/29	4.40	4.42	4.34	4.35	6217756	28080160.00
2011/11/30	4.39	4.39	4.08	4.12	7864869	34441168.00
2011/12/01	4.21	4.28	4.16	4.19	6182973	27056320.00
2011/12/02	4.19	4.19	4.08	4.08	3928221	16703727.00
2011/12/05	4.11	4.12	3.91	3.92	5465186	22487812.00
2011/12/06	3.93	3.99	3.85	3.91	4043483	16444432.00
2011/12/07	3.88	3.94	3.88	3.91	2042532	8295178.00
2011/12/08	3.92	3.99	3.89	3.97	5744111	23521136.00
2011/12/09	3.93	3.94	3.85	3.90	3033107	12236894.00
2011/12/12	3.91	3.93	3.85	3.85	2168661	8725673.00
2011/12/13	3.78	3.81	3.75	3.75	3976212	15569593.00
2011/12/14	3.70	3.75	3.68	3.70	2488925	9621580.00
2011/12/15	3.66	3.69	3.55	3.55	3316805	12451346.00
2011/12/16	3.55	3.65	3.55	3.64	3003716	11254057.00
2011/12/19	3.65	3.65	3.42	3.59	4107228	15151385.00
2011/12/20	3.58	3.63	3.53	3.58	2944504	11056651.00
2011/12/21	3.61	3.64	3.46	3.48	2505141	9308491.00
2011/12/22	3.48	3.48	3.35	3.46	3508639	12491439.00
2011/12/23	3.47	3.58	3.43	3.56	2833160	10417401.00
2011/12/26	3.50	3.78	3.49	3.64	9126326	34883700.00
2011/12/27	3.62	3.64	3.55	3.55	3165163	11806079.00
2011/12/28	3.55	3.61	3.50	3.61	2720499	10066736.00
2011/12/29	3.59	3.70	3.55	3.58	6275582	23734156.00
2011/12/30	3.58	3.65	3.58	3.61	4043733	15233722.00
2012/01/04	3.65	3.69	3.53	3.54	4503668	16763649.00
2012/01/05	3.47	3.52	3.35	3.38	5319143	19096760.00
2012/01/06	3.38	3.50	3.34	3.47	4267884	15273269.00
2012/01/09	3.47	3.62	3.46	3.61	4513783	16725456.00
2012/01/10	3.64	3.80	3.60	3.79	8218309	31749394.00
2012/01/11	3.80	3.98	3.75	3.86	12976538	52407504.00
2012/01/12	3.83	3.89	3.78	3.81	5740432	22806006.00
2012/01/13	3.84	3.84	3.66	3.69	5069582	19678576.00
2012/01/16	3.65	3.82	3.65	3.70	4265320	16574894.00
2012/01/18	4.05	4.08	3.85	3.87	20056191	82055432.00
2012/01/19	3.85	4.02	3.85	3.99	9480018	39088196.00
2012/01/20	4.00	4.12	3.96	4.08	6445490	27025740.00
2012/01/30	4.08	4.13	3.94	3.97	4515924	18735246.00
2012/01/31	3.98	4.00	3.83	3.87	7121173	28654540.00
2012/02/01	3.89	3.92	3.81	3.82	3276512	13140198.00
2012/02/02	3.85	3.90	3.80	3.90	2863938	11489120.00
2012/02/03	3.87	3.93	3.86	3.93	3965190	16061621.00
2012/02/06	3.95	3.97	3.89	3.93	3521968	14346293.00
2012/02/07	3.90	3.92	3.82	3.84	3695113	14831304.00
2012/02/08	3.84	3.98	3.80	3.95	5242774	21267984.00
2012/02/09	3.95	4.01	3.93	3.98	7662199	31610792.00
2012/02/10	3.95	4.10	3.94	4.00	10249972	42792168.00
2012/02/13	3.95	4.01	3.90	3.96	6986213	28655678.00
2012/02/14	3.97	3.98	3.93	3.97	4616437	18944190.00
2012/02/15	3.96	4.10	3.93	4.05	9563741	40132960.00
2012/02/16	4.01	4.07	3.96	4.02	6282783	26167970.00
2012/02/17	4.05	4.06	3.97	4.02	4344076	18066602.00
2012/02/20	4.05	4.09	3.98	4.00	6378886	26629844.00
2012/02/21	3.98	4.03	3.95	4.02	3798570	15722763.00
2012/02/22	4.02	4.07	3.99	4.07	10133208	42400404.00
2012/02/23	4.08	4.20	4.06	4.15	20645367	88375896.00
2012/02/24	4.12	4.22	4.06	4.20	18887297	81054344.00
2012/02/27	4.25	4.33	4.20	4.20	18324311	80921984.00
2012/02/28	4.15	4.60	4.14	4.50	25758179	116255648.00
2012/03/01	4.25	4.39	4.18	4.36	17076983	76353792.00
2012/03/02	4.30	4.40	4.28	4.40	15410263	69189304.00
2012/03/05	4.42	4.42	4.27	4.29	15819462	70721416.00
2012/03/06	4.26	4.29	4.14	4.15	13991316	60560296.00
2012/03/07	4.15	4.30	4.06	4.19	12659746	54709756.00
2012/03/08	4.18	4.23	4.15	4.18	9587506	41639236.00
2012/03/09	4.19	4.22	4.14	4.20	10130045	43801640.00
2012/03/12	4.19	4.21	4.13	4.17	11725720	50565288.00
2012/03/13	4.17	4.21	4.14	4.21	9519138	41199856.00
2012/03/14	4.23	4.45	4.14	4.17	34522274	153353408.00
2012/03/15	4.13	4.15	3.95	3.96	16054257	66789008.00
2012/03/19	4.01	4.08	3.97	4.06	10153441	42388940.00
2012/03/20	4.04	4.16	4.00	4.05	10907460	46192864.00
2012/03/21	4.08	4.10	3.99	4.04	7028865	29386084.00
2012/03/22	4.03	4.06	3.99	4.01	4946551	20589820.00
2012/03/23	4.01	4.02	3.93	3.94	4834616	19912988.00
2012/03/26	3.95	3.99	3.93	3.96	2869525	11766929.00
2012/03/27	4.00	4.00	3.92	3.94	3584043	14732821.00
2012/03/28	3.94	3.95	3.69	3.73	6865240	27158232.00
2012/03/29	3.74	3.75	3.61	3.62	4816466	18438490.00
2012/03/30	3.61	3.68	3.61	3.65	2611833	9902054.00
2012/04/05	3.65	3.74	3.63	3.73	5869025	22504756.00
2012/04/06	3.71	3.78	3.70	3.76	4318776	16797514.00
2012/04/09	3.76	3.88	3.70	3.81	5567080	22031912.00
2012/04/10	3.78	3.83	3.71	3.82	3786143	14861517.00
2012/04/11	3.76	3.85	3.74	3.82	2663661	10513542.00
2012/04/12	3.82	3.87	3.79	3.86	6279529	25021416.00
2012/04/13	3.87	3.95	3.85	3.90	6411884	25960220.00
2012/04/17	3.92	3.93	3.84	3.86	5119450	20591760.00
2012/04/18	3.84	3.91	3.82	3.90	7456307	30003676.00
2012/04/19	3.89	3.89	3.82	3.84	6625777	26532944.00
2012/04/20	3.83	3.88	3.78	3.87	6124925	24511626.00
2012/04/23	3.85	3.95	3.85	3.93	11407213	46269932.00
2012/04/24	3.89	3.93	3.75	3.80	8061141	32088992.00
2012/04/25	3.80	3.87	3.77	3.85	5748915	22832960.00
2012/04/26	3.85	3.95	3.84	3.95	10068396	40857524.00
2012/04/27	3.95	4.08	3.90	3.94	10399841	43058548.00
2012/05/02	4.00	4.09	3.94	4.04	15746746	65928324.00
2012/05/03	4.03	4.06	3.99	4.01	5371359	22390526.00
2012/05/04	4.00	4.13	4.00	4.09	17972342	76093440.00
2012/05/07	4.05	4.09	4.02	4.08	7273926	30597910.00
2012/05/08	4.07	4.09	4.01	4.05	6450669	27083652.00
2012/05/09	4.01	4.04	3.92	3.96	10814288	44702836.00
2012/05/10	3.96	4.10	3.91	4.01	11557679	48103768.00
2012/05/11	3.97	4.01	3.90	3.99	7457926	30580672.00
2012/05/14	4.01	4.02	3.91	3.93	4174207	17116564.00
2012/05/15	3.89	3.90	3.80	3.83	5597011	22322852.00
2012/05/16	3.84	3.86	3.76	3.77	4055103	16001385.00
2012/05/17	3.78	3.82	3.73	3.81	4693721	18416824.00
2012/05/21	3.76	3.87	3.74	3.86	10442103	41254264.00
2012/05/22	3.85	3.93	3.83	3.91	8911221	35978168.00
2012/05/23	3.90	3.91	3.81	3.83	3551890	14252493.00
2012/05/24	3.82	3.87	3.76	3.86	6542447	25963024.00
2012/05/25	3.84	3.94	3.81	3.87	4981230	20123828.00
2012/05/28	3.88	4.05	3.87	4.04	18685208	76722784.00
2012/05/29	4.04	4.07	3.99	4.03	14547243	60847312.00
2012/05/30	4.01	4.06	3.97	4.04	9495724	39517104.00
2012/05/31	4.05	4.08	3.96	4.02	17474450	72933312.00
2012/06/04	3.95	3.95	3.69	3.70	18130852	71950624.00
2012/06/05	3.71	3.74	3.65	3.68	10343295	39664292.00
2012/06/06	3.68	3.72	3.65	3.66	3708180	14188338.00
2012/06/07	3.69	3.72	3.62	3.62	4227638	16146066.00
2012/06/08	3.66	3.70	3.61	3.63	4109875	15603083.00
2012/06/11	3.65	3.71	3.62	3.70	2767419	10570312.00
2012/06/12	3.67	3.69	3.61	3.62	4145130	15685037.00
2012/06/13	3.62	3.66	3.61	3.66	2864281	10853555.00
2012/06/14	3.65	3.68	3.61	3.62	3382766	12848703.00
2012/06/15	3.65	3.65	3.61	3.63	2776816	10492362.00
2012/06/18	3.63	3.66	3.63	3.64	2654499	10074367.00
2012/06/19	3.65	3.65	3.60	3.61	2405276	9062110.00
2012/06/20	3.63	3.65	3.58	3.59	2942383	11085679.00
2012/06/21	3.59	3.59	3.51	3.51	2740592	10077552.00
2012/06/25	3.51	3.52	3.41	3.41	3027899	10925625.00
2012/06/26	3.40	3.40	3.35	3.38	5299324	18654680.00
2012/06/27	3.37	3.40	3.34	3.38	4055337	14281658.00
2012/06/28	3.40	3.40	3.31	3.31	2849216	9960526.00
2012/06/29	3.30	3.32	3.25	3.32	3153356	10838945.00
2012/07/02	3.33	3.35	3.29	3.32	3192111	11070272.00
2012/07/03	3.33	3.41	3.32	3.37	4012853	14171176.00
2012/07/04	3.38	3.40	3.36	3.37	1837882	6472417.00
2012/07/06	3.37	3.41	3.29	3.40	3742131	13101507.00
2012/07/09	3.44	3.44	3.30	3.32	3036571	10332953.00
2012/07/10	3.31	3.36	3.31	3.32	2061346	6917289.00
2012/07/11	3.32	3.38	3.31	3.37	1573823	5332500.00
2012/07/12	3.35	3.38	3.29	3.36	5435941	18239720.00
2012/07/13	3.35	3.36	3.31	3.33	3422797	11513251.00
2012/07/16	3.34	3.34	3.22	3.23	3364904	11124908.00
2012/07/17	3.22	3.27	3.20	3.24	1836238	6005444.00
2012/07/18	3.23	3.32	3.21	3.30	3779238	12458393.00
2012/07/19	3.30	3.32	3.25	3.29	2846570	9447042.00
2012/07/20	3.27	3.31	3.26	3.28	2229320	7386342.00
2012/07/23	3.27	3.28	3.22	3.23	2041838	6664794.00
2012/07/24	3.21	3.34	3.20	3.27	3462370	11484007.00
2012/07/25	3.26	3.26	3.22	3.23	1947641	6359479.00
2012/07/26	3.23	3.28	3.21	3.23	2624414	8622804.00
2012/07/27	3.23	3.27	3.20	3.21	3368238	10922287.00
2012/07/30	3.21	3.25	3.18	3.21	2716370	8813353.00
2012/07/31	3.23	3.25	3.14	3.16	2198344	7067677.00
2012/08/01	3.17	3.23	3.16	3.20	1881004	6082631.00
2012/08/02	3.20	3.30	3.17	3.21	3881136	12719120.00
2012/08/03	3.20	3.24	3.18	3.23	2562781	8301043.00
2012/08/06	3.20	3.28	3.20	3.26	3407101	11181562.00
2012/08/07	3.25	3.39	3.23	3.33	7011110	23457128.00
2012/08/08	3.31	3.32	3.27	3.29	4183580	13891073.00
2012/08/09	3.28	3.31	3.25	3.30	3224384	10681455.00
2012/08/10	3.28	3.35	3.28	3.31	4077608	13644157.00
2012/08/13	3.30	3.31	3.23	3.24	2718152	8965432.00
2012/08/14	3.26	3.27	3.20	3.24	2328669	7586654.00
2012/08/15	3.26	3.26	3.19	3.22	1969158	6392274.00
2012/08/16	3.22	3.22	3.18	3.18	1896795	6110842.00
2012/08/17	3.18	3.20	3.16	3.19	1810661	5802986.00
2012/08/20	3.16	3.17	3.13	3.17	1619384	5151759.00
2012/08/21	3.19	3.21	3.15	3.19	1838450	5908237.00
2012/08/22	3.20	3.20	3.16	3.18	1905431	6101860.00
2012/08/23	3.17	3.20	3.16	3.18	1886247	6042998.00
2012/08/24	3.16	3.17	3.11	3.12	2823200	8957493.00
2012/08/27	3.12	3.12	3.04	3.06	2151589	6678584.00
2012/08/28	3.11	3.17	3.10	3.14	4175871	13224327.00
2012/08/29	3.08	3.11	3.05	3.07	2414252	7504682.00
2012/08/30	3.07	3.13	3.03	3.06	2582873	7994307.00
2012/08/31	3.03	3.07	3.02	3.06	2154685	6611865.00
2012/09/03	3.05	3.06	3.02	3.06	2477034	7615429.00
2012/09/04	3.06	3.06	2.97	2.99	3969161	12072892.00
2012/09/05	2.97	2.97	2.87	2.91	4347957	12814067.00
2012/09/06	2.90	2.93	2.87	2.91	2798136	8193812.00
2012/09/07	2.93	3.20	2.93	3.16	16927736	53253700.00
2012/09/10	3.16	3.24	3.09	3.15	12464248	40018812.00
2012/09/11	3.12	3.14	3.09	3.13	5093258	15993266.00
2012/09/12	3.15	3.18	3.12	3.14	2771899	8794610.00
2012/09/13	3.14	3.24	3.09	3.15	7730158	24790208.00
2012/09/14	3.17	3.21	3.13	3.14	4566676	14570798.00
2012/09/17	3.14	3.14	3.05	3.06	5652422	17675056.00
2012/09/18	3.06	3.06	2.96	2.98	3275439	9904129.00
2012/09/19	3.01	3.01	2.94	2.98	2530582	7588642.00
2012/09/20	2.97	2.97	2.92	2.93	2739880	8145242.00
2012/09/21	2.93	2.98	2.92	2.94	2540625	7568333.00
2012/09/24	2.93	2.97	2.88	2.95	2279487	6717403.00
2012/09/25	2.95	2.97	2.91	2.94	2225566	6612337.00
2012/09/26	2.97	2.97	2.88	2.90	2258026	6627254.00
2012/09/27	2.87	3.01	2.87	2.97	3570203	10663548.00
2012/09/28	2.97	3.06	2.94	3.06	4602766	13988541.00
2012/10/08	3.05	3.06	2.99	3.00	2288386	6973173.00
2012/10/09	3.00	3.08	3.00	3.05	4481198	13811203.00
2012/10/10	3.04	3.22	3.02	3.13	7296778	23056756.00
2012/10/11	3.12	3.15	3.08	3.09	3908574	12274567.00
2012/10/12	3.09	3.13	3.02	3.08	4056088	12550179.00
2012/10/15	3.08	3.08	2.99	3.04	3058257	9361032.00
2012/10/16	3.04	3.07	3.00	3.04	2289936	7026808.00
2012/10/17	3.04	3.06	3.00	3.02	2452036	7491982.00
2012/10/18	3.04	3.11	3.02	3.08	3719463	11520476.00
2012/10/19	3.09	3.21	3.06	3.10	5998359	19026544.00
2012/10/22	3.08	3.14	3.05	3.13	3757779	11759307.00
2012/10/23	3.14	3.15	3.10	3.13	3046755	9618025.00
2012/10/24	3.13	3.23	3.10	3.18	8226769	26486750.00
2012/10/25	3.17	3.45	3.15	3.25	18427854	61497548.00
2012/10/26	3.25	3.26	3.07	3.09	8841280	27939188.00
2012/10/29	3.07	3.09	3.01	3.04	3635421	11145583.00
2012/10/30	3.05	3.05	3.00	3.04	2905805	8890222.00
2012/10/31	3.05	3.06	3.03	3.05	2234297	6874302.00
2012/11/01	3.06	3.14	3.04	3.12	3772996	11836864.00
2012/11/02	3.13	3.21	3.11	3.15	4618859	14737298.00
2012/11/05	3.17	3.19	3.13	3.18	2927553	9339982.00
2012/11/06	3.18	3.19	3.08	3.15	3987851	12537827.00
2012/11/07	3.15	3.15	3.08	3.13	2605215	8182613.00
2012/11/08	3.12	3.12	3.02	3.04	2508327	7779490.00
2012/11/09	3.03	3.07	3.02	3.04	1690703	5197899.00
2012/11/12	3.06	3.07	3.02	3.04	2440407	7505920.00
2012/11/13	3.08	3.09	3.02	3.04	2507616	7696543.00
2012/11/14	3.04	3.10	3.01	3.07	2173181	6711659.00
2012/11/15	3.07	3.09	3.03	3.03	1889726	5826592.00
2012/11/16	3.02	3.05	2.99	3.01	2013900	6121953.00
2012/11/19	3.00	3.04	2.99	3.01	1506104	4571357.00
2012/11/20	3.03	3.03	2.98	2.99	1838109	5561446.00
2012/11/21	2.99	3.02	2.97	3.01	2068821	6257602.00
2012/11/22	2.99	3.01	2.97	2.99	1547816	4668123.00
2012/11/23	3.00	3.02	2.98	2.99	1497897	4531904.00
2012/11/26	2.98	3.04	2.97	2.97	2233257	6773071.00
2012/11/27	2.97	3.04	2.95	2.95	4062990	12258837.00
2012/11/28	2.96	2.97	2.86	2.87	3803912	11093495.00
2012/11/29	2.89	2.96	2.88	2.89	3278078	9648753.00
2012/11/30	2.90	2.95	2.90	2.92	2660218	7847438.00
2012/12/03	2.93	2.93	2.84	2.86	2898365	8399365.00
2012/12/04	2.86	2.88	2.81	2.86	3214712	9229354.00
2012/12/05	2.83	2.99	2.83	2.94	6395066	18955952.00
2012/12/06	2.96	2.97	2.92	2.93	3616392	10757101.00
2012/12/07	2.92	3.05	2.89	3.02	10770470	32767320.00
2012/12/10	3.05	3.12	3.00	3.07	10510022	32458844.00
2012/12/11	3.09	3.17	3.04	3.09	8567645	26793652.00
2012/12/12	3.09	3.15	3.06	3.10	6697294	20910152.00
2012/12/13	3.10	3.10	3.00	3.03	3877903	11896569.00
2012/12/14	3.03	3.17	3.03	3.16	11248981	35548860.00
2012/12/17	3.16	3.39	3.15	3.23	19480725	64643960.00
2012/12/18	3.23	3.28	3.17	3.25	12452039	40429736.00
2012/12/19	3.23	3.25	3.20	3.22	4962371	16138245.00
2012/12/20	3.21	3.37	3.16	3.25	12137688	40081692.00
2012/12/21	3.22	3.30	3.19	3.22	5149239	16857632.00
2012/12/24	3.22	3.25	3.16	3.16	5387021	17356972.00
2012/12/25	3.16	3.27	3.15	3.25	11557585	37595044.00
2012/12/26	3.27	3.32	3.23	3.27	7929009	26130394.00
2012/12/27	3.26	3.38	3.21	3.28	12302553	40815256.00
2012/12/28	3.27	3.28	3.21	3.24	10606586	34580588.00
2012/12/31	3.25	3.27	3.22	3.25	9383421	30767772.00
2013/01/04	3.32	3.47	3.29	3.38	27407940	93250880.00
2013/01/07	3.44	3.52	3.37	3.50	28457644	98987728.00
2013/01/08	3.49	3.56	3.44	3.50	12354322	43446264.00
2013/01/09	3.51	3.62	3.45	3.60	16141253	57665360.00
2013/01/10	3.60	3.65	3.51	3.57	10288515	37175472.00
2013/01/11	3.57	3.57	3.41	3.42	10393221	36358760.00
2013/01/14	3.40	3.52	3.32	3.44	15243044	52767936.00
2013/01/15	3.45	3.54	3.42	3.48	17565679	61412200.00
2013/01/16	3.47	3.47	3.37	3.42	11837599	40758316.00
2013/01/17	3.40	3.44	3.37	3.40	4379727	15017642.00
2013/01/18	3.40	3.44	3.38	3.42	7849679	27009528.00
2013/01/21	3.40	3.45	3.40	3.44	7387739	25551456.00
2013/01/22	3.43	3.43	3.35	3.36	7089863	24181920.00
2013/01/23	3.36	3.43	3.35	3.39	6205000	21247664.00
2013/01/24	3.41	3.48	3.36	3.39	9604826	33174432.00
2013/01/25	3.36	3.41	3.32	3.34	4854617	16413446.00
2013/01/28	3.36	3.42	3.32	3.41	8909584	30407444.00
2013/01/29	3.43	3.45	3.40	3.44	13288812	45902680.00
2013/01/30	3.43	3.51	3.43	3.46	14773132	51674592.00
2013/01/31	3.45	3.47	3.40	3.42	4950321	17107266.00
2013/02/01	3.40	3.42	3.34	3.38	11391048	38788808.00
2013/02/04	3.40	3.44	3.37	3.43	16720080	57502688.00
2013/02/05	3.41	3.49	3.38	3.47	17602997	61383712.00
2013/02/06	3.48	3.51	3.46	3.49	13358267	46886064.00
2013/02/07	3.48	3.49	3.41	3.45	10221623	35518760.00
2013/02/08	3.45	3.50	3.45	3.48	6632731	23277946.00
2013/02/18	3.48	3.50	3.45	3.46	3840740	13455065.00
2013/02/19	3.45	3.48	3.39	3.39	5295529	18266480.00
2013/02/20	3.38	3.41	3.38	3.40	4124003	14138870.00
2013/02/21	3.39	3.40	3.26	3.28	9470027	31639252.00
2013/02/22	3.26	3.30	3.23	3.24	6763709	22230128.00
2013/02/25	3.24	3.26	3.18	3.21	9304666	30093094.00
2013/02/26	3.20	3.23	3.15	3.18	4525468	14564272.00
2013/02/27	3.18	3.21	3.13	3.18	5564598	17774048.00
2013/02/28	3.18	3.24	3.16	3.23	7116186	23023950.00
2013/03/01	3.23	3.23	3.17	3.21	6617042	21305588.00
2013/03/04	3.17	3.17	3.02	3.05	10639155	33067234.00
2013/03/05	3.05	3.10	3.05	3.09	5722660	17765248.00
2013/03/06	3.10	3.12	3.07	3.11	5428709	16995588.00
2013/03/07	3.11	3.17	3.09	3.15	9546336	30118944.00
2013/03/08	3.15	3.23	3.11	3.15	6230142	19904464.00
2013/03/11	3.12	3.14	3.09	3.11	4933204	15489276.00
2013/03/12	3.10	3.12	3.03	3.06	6387338	19805008.00
2013/03/13	3.05	3.08	3.04	3.06	4178601	12908711.00
2013/03/14	3.07	3.09	3.05	3.08	2948318	9145091.00
2013/03/15	3.09	3.15	3.08	3.14	7832050	24765248.00
2013/03/18	3.12	3.18	3.12	3.16	6258979	19913734.00
2013/03/19	3.16	3.18	3.12	3.18	3221810	10257447.00
2013/03/20	3.17	3.26	3.15	3.25	7394746	23978818.00
2013/03/21	3.25	3.40	3.21	3.38	13652667	45427528.00
2013/03/22	3.35	3.51	3.31	3.35	14527303	50038956.00
2013/03/25	3.35	3.41	3.28	3.31	6804076	22846184.00
2013/03/26	3.30	3.30	3.21	3.24	4642999	15189208.00
2013/03/27	3.25	3.39	3.24	3.38	7544368	25337616.00
2013/03/28	3.32	3.36	3.27	3.28	6347732	21122894.00
2013/03/29	3.28	3.31	3.20	3.21	3327174	10895731.00
2013/04/01	3.19	3.25	3.19	3.21	2485587	8065361.00
2013/04/02	3.20	3.24	3.16	3.17	2658103	8580151.00
2013/04/03	3.17	3.20	3.12	3.14	3544076	11228605.00
2013/04/08	3.13	3.14	3.06	3.14	1879398	5890926.00
2013/04/09	3.14	3.18	3.13	3.15	3343249	10658262.00
2013/04/10	3.16	3.22	3.09	3.11	5651296	17900980.00
2013/04/11	3.12	3.15	3.09	3.12	2166155	6826521.00
2013/04/12	3.12	3.12	3.06	3.08	3264480	10194030.00
2013/04/15	3.08	3.08	3.03	3.04	2457601	7562483.00
2013/04/16	3.03	3.07	3.02	3.05	3052967	9386668.00
2013/04/17	3.07	3.07	3.01	3.04	6064717	18570844.00
2013/04/18	3.02	3.04	2.98	2.99	6567458	19896636.00
2013/04/19	2.99	3.05	2.98	3.04	8114172	24782108.00
2013/04/22	3.03	3.06	3.01	3.02	6981896	21355236.00
2013/04/23	3.02	3.02	2.93	2.94	8036630	24088860.00
2013/04/24	2.95	2.99	2.93	2.98	4248530	12721156.00
2013/04/25	2.98	2.98	2.95	2.95	3460845	10339463.00
2013/04/26	2.95	2.99	2.94	2.98	2877858	8612237.00
2013/05/02	2.98	2.98	2.94	2.97	3296350	9879729.00
2013/05/03	2.96	3.02	2.96	3.00	5366736	16242373.00
2013/05/06	3.01	3.07	2.99	3.05	6935081	21291458.00
2013/05/07	3.05	3.06	3.02	3.06	3144753	9653513.00
2013/05/08	3.06	3.06	3.02	3.03	3408492	10440659.00
2013/05/09	3.03	3.04	2.97	2.98	4330570	13080589.00
2013/05/10	2.98	3.00	2.96	2.98	5308609	15951788.00
2013/05/13	2.99	3.01	2.98	3.00	3758761	11372789.00
2013/05/14	3.00	3.01	2.96	2.97	2641387	7938611.00
2013/05/15	2.98	2.99	2.95	2.98	2659867	7984709.00
2013/05/16	2.99	3.02	2.97	3.02	3808549	11535049.00
2013/05/17	3.00	3.16	3.00	3.09	9562248	29752764.00
2013/05/20	3.10	3.13	3.06	3.09	5616934	17493690.00
2013/05/21	3.08	3.09	3.06	3.08	5014451	15559282.00
2013/05/22	3.08	3.14	3.08	3.13	7425205	23284152.00
2013/05/23	3.12	3.15	3.10	3.11	6179517	19496748.00
2013/05/24	3.10	3.12	3.08	3.11	3525692	11035073.00
2013/05/27	3.11	3.13	3.08	3.10	3631780	11372182.00
2013/05/28	3.09	3.13	3.07	3.12	6990821	21897838.00
2013/05/29	3.13	3.20	3.08	3.11	7526181	23800104.00
2013/05/30	3.09	3.11	3.07	3.09	5544851	17272020.00
2013/05/31	3.08	3.10	3.07	3.08	3471102	10810439.00
2013/06/03	3.08	3.11	3.06	3.07	3205370	9963777.00
2013/06/04	3.07	3.07	2.99	3.00	5141265	15668987.00
2013/06/05	2.99	3.02	2.99	3.01	1852670	5623167.00
2013/06/06	3.01	3.01	2.98	2.98	1757214	5307377.00
2013/06/07	2.97	2.99	2.93	2.95	3309609	9890313.00
2013/06/13	2.95	2.95	2.86	2.89	3953747	11522269.00
2013/06/14	2.89	2.91	2.87	2.91	2179222	6365552.00
2013/06/17	2.91	2.93	2.88	2.89	1844384	5407218.00
2013/06/18	2.91	2.91	2.87	2.89	1862738	5430669.00
2013/06/19	2.88	3.03	2.81	2.99	9956813	29573754.00
2013/06/20	2.96	2.96	2.87	2.89	3232726	9496352.00
2013/06/21	2.87	2.96	2.82	2.92	4535656	13359057.00
2013/06/24	2.91	2.91	2.77	2.81	6113600	17498084.00
2013/06/25	2.78	2.78	2.66	2.73	7895787	21636948.00
2013/06/26	2.77	2.77	2.69	2.72	2401354	6604697.00
2013/06/27	2.73	2.79	2.72	2.76	4811975	13432597.00
2013/06/28	2.75	2.85	2.70	2.77	3853393	10821273.00
2013/07/01	2.76	2.77	2.70	2.76	2211551	6111874.00
2013/07/02	2.76	2.78	2.71	2.77	2302911	6390348.00
2013/07/03	2.76	2.83	2.72	2.76	4495217	12613541.00
2013/07/04	2.77	2.80	2.73	2.76	2938625	8210285.00
2013/07/05	2.77	2.81	2.74	2.76	2464191	6892341.00
2013/07/08	2.74	2.75	2.67	2.68	2286070	6238552.00
2013/07/09	2.70	2.70	2.66	2.68	1577779	4273744.00
2013/07/10	2.68	2.74	2.67	2.73	1898385	5195112.00
2013/07/11	2.74	2.85	2.72	2.82	5407191	15314128.00
2013/07/12	2.80	2.86	2.75	2.76	3554818	10056282.00
2013/07/15	2.78	2.80	2.69	2.75	4752136	12998535.00
2013/07/16	2.74	2.79	2.72	2.76	2888697	7951136.00
2013/07/17	2.75	2.78	2.73	2.74	2683557	7391682.00
2013/07/18	2.75	2.75	2.71	2.71	2467310	6713276.00
2013/07/19	2.72	2.73	2.69	2.70	2773492	7508670.00
2013/07/22	2.70	2.72	2.67	2.70	2780004	7480896.00
2013/07/23	2.71	2.75	2.68	2.75	4117691	11241502.00
2013/07/24	2.75	2.75	2.68	2.72	2529990	6857862.00
2013/07/25	2.73	2.83	2.71	2.77	6375976	17669800.00
2013/07/26	2.74	2.76	2.72	2.74	2432991	6659244.00
2013/07/29	2.74	2.74	2.67	2.68	3095906	8319580.00
2013/07/30	2.70	2.72	2.67	2.70	2072095	5577487.00
2013/07/31	2.70	2.73	2.69	2.69	1676467	4532612.00
2013/08/01	2.69	2.73	2.68	2.72	2130734	5772109.00
2013/08/02	2.73	2.74	2.71	2.72	2617363	7132272.00
2013/08/05	2.72	2.75	2.71	2.74	2264852	6183222.00
2013/08/06	2.74	2.77	2.72	2.74	2954954	8098416.00
2013/08/07	2.74	2.76	2.72	2.74	2240786	6140623.00
2013/08/08	2.73	2.74	2.71	2.72	2331634	6359208.00
2013/08/09	2.72	2.77	2.72	2.76	4668444	12827918.00
2013/08/12	2.77	2.86	2.75	2.85	9844994	27691714.00
2013/08/13	2.85	2.95	2.82	2.89	8366857	24209364.00
2013/08/14	2.88	2.91	2.85	2.86	4863493	13978247.00
2013/08/15	2.83	2.90	2.82	2.83	4312159	12308975.00
2013/08/16	2.84	2.88	2.76	2.79	5972508	16733821.00
2013/08/19	2.78	2.81	2.76	2.79	3601148	10008301.00
2013/08/20	2.78	2.80	2.75	2.76	2207611	6121051.00
2013/08/21	2.77	2.77	2.71	2.74	2891531	7903362.00
2013/08/22	2.73	2.76	2.72	2.76	2686850	7372755.00
2013/08/23	2.77	2.77	2.70	2.72	3346745	9119956.00
2013/08/26	2.73	2.76	2.71	2.75	2188709	6005224.00
2013/08/27	2.76	2.78	2.74	2.77	3755189	10371858.00
2013/08/28	2.76	2.80	2.73	2.80	6576886	18158512.00
2013/08/29	2.78	2.80	2.74	2.76	3684468	10194848.00
2013/08/30	2.77	2.81	2.75	2.79	5410523	15053483.00
2013/09/02	2.78	2.81	2.75	2.79	5020925	13960351.00
2013/09/03	2.79	2.84	2.77	2.83	5625379	15842818.00
2013/09/04	2.84	2.93	2.82	2.87	11397626	32690640.00
2013/09/05	2.87	2.87	2.81	2.84	5089581	14382079.00
2013/09/06	2.82	2.85	2.79	2.84	3831979	10785393.00
2013/09/09	2.85	2.89	2.81	2.88	8630937	24738072.00
2013/09/10	2.88	2.92	2.87	2.90	12093004	34957404.00
2013/09/11	2.91	3.08	2.90	2.98	17750151	53188712.00
2013/09/12	2.95	2.96	2.90	2.92	9375692	27437856.00
2013/09/13	2.91	2.94	2.86	2.88	6014177	17419928.00
2013/09/16	2.89	2.91	2.85	2.87	3354219	9625588.00
2013/09/17	2.87	2.87	2.84	2.85	3950557	11274753.00
2013/09/18	2.84	2.87	2.84	2.86	2259356	6448795.00
2013/09/23	2.86	2.88	2.84	2.87	3700527	10576249.00
2013/09/24	2.87	2.87	2.82	2.83	4012352	11383494.00
2013/09/25	2.83	2.86	2.81	2.82	3466467	9818889.00
2013/09/26	2.84	2.84	2.79	2.79	3078336	8644855.00
2013/09/27	2.80	2.81	2.79	2.80	2550596	7133675.00
2013/09/30	2.80	2.81	2.76	2.77	4473872	12463404.00
2013/10/08	2.77	2.80	2.73	2.78	3636181	10077929.00
2013/10/09	2.78	2.81	2.76	2.79	3402591	9469753.00
2013/10/10	2.79	2.81	2.77	2.80	3899751	10863503.00
2013/10/11	2.80	2.86	2.79	2.84	5357524	15179847.00
2013/10/14	2.84	2.86	2.82	2.83	3791526	10759415.00
2013/10/15	2.83	2.85	2.78	2.81	7030157	19700180.00
2013/10/16	2.80	2.82	2.76	2.77	4210151	11732663.00
2013/10/17	2.78	2.80	2.76	2.77	2890551	8032226.00
2013/10/18	2.79	2.80	2.77	2.78	2619123	7296584.00
2013/10/21	2.78	2.80	2.75	2.79	5784308	16105432.00
2013/10/22	2.78	2.80	2.77	2.77	2948094	8190381.00
2013/10/23	2.78	2.80	2.75	2.76	5448786	15112569.00
2013/10/24	2.76	2.77	2.74	2.74	2896410	7976927.00
2013/10/25	2.74	2.76	2.71	2.71	4382544	11944506.00
2013/10/28	2.71	2.73	2.70	2.71	3506303	9525089.00
2013/10/29	2.72	2.74	2.65	2.67	6661276	17957012.00
2013/10/30	2.69	2.73	2.67	2.72	2667953	7204401.00
2013/10/31	2.72	2.72	2.69	2.70	2587029	6980000.00
2013/11/01	2.70	2.71	2.68	2.70	1572598	4230592.00
2013/11/04	2.70	2.71	2.68	2.69	2655413	7140327.00
2013/11/05	2.70	2.71	2.67	2.70	2745800	7385726.00
2013/11/06	2.70	2.74	2.69	2.71	4224632	11486524.00
2013/11/07	2.70	2.71	2.68	2.68	3147100	8465597.00
2013/11/08	2.69	2.69	2.65	2.65	2901341	7723703.00
2013/11/11	2.66	2.67	2.64	2.67	1889419	5018423.00
2013/11/12	2.65	2.68	2.65	2.67	1921211	5126531.00
2013/11/13	2.68	2.68	2.63	2.63	2201500	5818152.00
2013/11/14	2.63	2.65	2.62	2.64	2018458	5323070.00
2013/11/15	2.64	2.70	2.63	2.67	3269485	8730655.00
2013/11/18	2.68	2.72	2.66	2.72	3985351	10730319.00
2013/11/19	2.71	2.72	2.69	2.70	2779395	7521047.00
2013/11/20	2.70	2.72	2.68	2.71	3893265	10487455.00
2013/11/21	2.70	2.71	2.68	2.70	2806744	7564478.00
2013/11/22	2.70	2.71	2.69	2.70	1788055	4819741.00
2013/11/25	2.70	2.70	2.68	2.69	1638800	4413384.00
2013/11/26	2.69	2.70	2.67	2.67	2735412	7333886.00
2013/11/27	2.67	2.69	2.66	2.68	1965884	5262277.00
2013/11/28	2.69	2.74	2.68	2.72	6633141	17989154.00
2013/11/29	2.72	2.74	2.70	2.73	3570937	9703681.00
2013/12/02	2.71	2.73	2.63	2.65	5893211	15722620.00
2013/12/03	2.64	2.69	2.64	2.67	3008620	8027038.00
2013/12/04	2.66	2.74	2.65	2.73	6224698	16862296.00
2013/12/05	2.72	2.74	2.71	2.72	3085462	8397972.00
2013/12/06	2.72	2.75	2.70	2.74	4403215	12015005.00
2013/12/09	2.73	2.77	2.73	2.75	6035499	16636261.00
2013/12/10	2.75	2.80	2.73	2.78	6147697	17033392.00
2013/12/11	2.73	2.78	2.73	2.77	6015327	16565327.00
2013/12/12	2.76	2.77	2.74	2.74	3764101	10351685.00
2013/12/13	2.73	2.75	2.72	2.73	1748530	4781913.00
2013/12/16	2.73	2.74	2.68	2.69	2704152	7301552.00
2013/12/17	2.70	2.71	2.67	2.67	1680879	4501938.00
2013/12/18	2.68	2.68	2.66	2.67	1543497	4124273.00
2013/12/19	2.68	2.70	2.65	2.66	3552869	9494224.00
2013/12/20	2.66	2.68	2.62	2.64	1964046	5199534.00
2013/12/23	2.65	2.65	2.62	2.65	1847903	4872423.00
2013/12/24	2.65	2.68	2.63	2.67	1472548	3909908.00
2013/12/25	2.67	2.67	2.64	2.65	1318210	3493179.00
2013/12/26	2.66	2.66	2.55	2.60	4215670	10965980.00
2013/12/27	2.60	2.62	2.58	2.62	2191126	5709650.00
2013/12/30	2.62	2.62	2.58	2.60	1503884	3907713.00
2013/12/31	2.60	2.64	2.58	2.62	3464294	9010319.00
2014/01/02	2.61	2.61	2.58	2.59	1571708	4078960.00
2014/01/03	2.58	2.59	2.53	2.54	3071154	7849110.00
2014/01/06	2.53	2.54	2.42	2.43	5278721	12928331.00
2014/01/07	2.41	2.43	2.38	2.40	3749980	9001974.00
2014/01/08	2.41	2.42	2.38	2.39	3013392	7235847.00
2014/01/09	2.40	2.44	2.36	2.37	3626474	8716008.00
2014/01/10	2.39	2.39	2.31	2.32	2705140	6327517.00
2014/01/13	2.33	2.33	2.30	2.32	1582098	3664665.00
2014/01/14	2.32	2.33	2.30	2.33	2604448	6058207.00
2014/01/15	2.32	2.34	2.31	2.34	1773601	4123021.00
2014/01/16	2.34	2.36	2.32	2.35	2453981	5757865.00
2014/01/17	2.35	2.35	2.30	2.32	1846720	4294130.00
2014/01/20	2.32	2.34	2.30	2.32	1122178	2598202.00
2014/01/21	2.32	2.34	2.31	2.33	1647361	3829484.00
2014/01/22	2.33	2.56	2.33	2.56	11499431	29111600.00
2014/01/23	2.60	2.82	2.49	2.52	35436829	93574640.00
2014/01/24	2.50	2.58	2.40	2.54	17803083	44080780.00
2014/01/27	2.46	2.51	2.44	2.47	7421795	18340314.00
2014/01/28	2.46	2.48	2.42	2.44	4348078	10649594.00
2014/01/29	2.43	2.46	2.42	2.43	4126628	10072122.00
2014/01/30	2.44	2.44	2.36	2.38	4613575	11063547.00
2014/02/07	2.27	2.34	2.24	2.30	7054410	16189870.00
2014/02/10	2.31	2.35	2.30	2.34	5907298	13749680.00
2014/02/11	2.33	2.37	2.31	2.36	6388699	14909638.00
2014/02/12	2.35	2.39	2.33	2.38	6790130	15969356.00
2014/02/13	2.37	2.42	2.33	2.37	5752804	13715067.00
2014/02/14	2.37	2.41	2.36	2.40	4068975	9712343.00
2014/02/17	2.40	2.48	2.38	2.45	7388406	17982176.00
2014/02/18	2.45	2.45	2.40	2.43	4213027	10211545.00
2014/02/19	2.43	2.43	2.39	2.42	5256491	12652769.00
2014/02/20	2.41	2.44	2.39	2.41	4614678	11141894.00
2014/02/21	2.41	2.41	2.34	2.36	3343321	7951099.00
2014/02/24	2.35	2.35	2.29	2.32	3181204	7358981.00
2014/02/25	2.33	2.33	2.26	2.27	3849516	8800942.00
2014/02/26	2.27	2.30	2.25	2.29	3202986	7302472.00
2014/02/27	2.30	2.35	2.28	2.32	4514072	10420782.00
2014/02/28	2.30	2.34	2.28	2.33	2748385	6330541.00
2014/03/03	2.32	2.35	2.30	2.34	2219296	5168161.00
2014/03/04	2.33	2.33	2.30	2.31	1944092	4491567.00
2014/03/05	2.31	2.31	2.27	2.27	3091400	7062354.00
2014/03/06	2.27	2.29	2.24	2.28	4408957	9934532.00
2014/03/07	2.28	2.29	2.24	2.25	3688236	8346597.00
2014/03/10	2.25	2.25	2.15	2.15	5163877	11323512.00
2014/03/11	2.16	2.18	2.14	2.16	2070820	4465267.00
2014/03/12	2.15	2.18	2.06	2.14	4337856	9240510.00
2014/03/13	2.15	2.16	2.12	2.16	2130085	4569781.00
2014/03/14	2.16	2.16	2.11	2.16	2668422	5701567.00
2014/03/17	2.16	2.17	2.13	2.17	1864308	4008377.00
2014/03/18	2.17	2.17	2.14	2.16	1997377	4302397.00
2014/03/19	2.16	2.16	2.12	2.14	3173171	6777492.00
2014/03/20	2.16	2.22	2.13	2.14	5795464	12643798.00
2014/03/21	2.11	2.19	2.10	2.17	4320822	9316128.00
2014/03/24	2.18	2.25	2.16	2.24	6783772	15023454.00
2014/03/25	2.23	2.24	2.18	2.23	4887508	10814169.00
2014/03/26	2.23	2.23	2.19	2.21	2698932	5944033.00
2014/03/27	2.19	2.21	2.17	2.18	2141930	4688408.00
2014/03/28	2.18	2.20	2.17	2.18	2911410	6351270.00
2014/03/31	2.18	2.19	2.13	2.14	3058837	6616442.00
2014/04/01	2.15	2.21	2.15	2.20	4418042	9642916.00
2014/04/02	2.19	2.31	2.16	2.22	6654254	14839919.00
2014/04/03	2.21	2.21	2.17	2.17	3361359	7336044.00
2014/04/04	2.17	2.19	2.17	2.18	1774700	3871176.00
2014/04/08	2.17	2.21	2.16	2.20	2336864	5133263.00
2014/04/09	2.20	2.21	2.19	2.20	3254048	7154781.00
2014/04/10	2.20	2.23	2.18	2.21	5191552	11452194.00
2014/04/11	2.21	2.23	2.18	2.22	4530151	9993115.00
2014/04/14	2.20	2.21	2.18	2.20	3895569	8528270.00
2014/04/15	2.20	2.20	2.18	2.18	2205934	4825044.00
2014/04/16	2.17	2.19	2.17	2.18	1752417	3813965.00
2014/04/17	2.18	2.19	2.15	2.16	1662641	3601384.00
2014/04/18	2.16	2.17	2.14	2.14	3065219	6590994.00
2014/04/21	2.14	2.15	2.11	2.11	2293694	4892060.00
2014/04/22	2.11	2.12	2.08	2.10	3352118	7038681.00
2014/04/23	2.09	2.14	2.08	2.12	2283820	4826963.00
2014/04/24	2.11	2.13	2.09	2.09	1839577	3862778.00
2014/04/25	2.10	2.10	2.04	2.05	3258802	6747647.00
2014/04/28	2.05	2.07	2.01	2.02	3322923	6748199.00
2014/04/29	2.02	2.02	1.98	2.01	3259939	6521059.00
2014/04/30	2.00	2.00	1.94	1.98	4756581	9413508.00
2014/05/05	1.97	1.99	1.94	1.98	3549924	6959213.00
2014/05/06	1.98	2.01	1.96	2.00	3481549	6931421.00
2014/05/07	1.99	1.99	1.95	1.97	3000390	5899429.00
2014/05/08	1.96	1.99	1.94	1.97	2235708	4394868.00
2014/05/09	1.96	1.98	1.95	1.97	1929039	3790903.00
2014/05/12	1.96	2.16	1.96	2.16	18300418	38402820.00
2014/05/13	2.14	2.22	2.08	2.09	12739551	27287184.00
2014/05/14	2.07	2.13	2.06	2.08	5147100	10751825.00
2014/05/15	2.07	2.10	2.02	2.04	3718651	7653905.00
2014/05/16	2.03	2.05	1.99	2.02	3631117	7327290.00
2014/05/19	2.02	2.03	2.00	2.01	1938538	3889091.00
2014/05/20	2.03	2.03	2.00	2.01	1695250	3416765.00
2014/05/21	2.01	2.03	1.99	2.02	1407410	2834212.00
2014/05/22	2.03	2.04	2.00	2.01	3143300	6344113.00
2014/05/23	2.02	2.02	2.00	2.02	2506984	5038207.00
2014/05/26	2.02	2.03	2.00	2.01	2054310	4136997.00
2014/05/27	2.00	2.06	2.00	2.04	3680434	7519874.00
2014/05/28	2.02	2.05	2.02	2.04	2444846	4978117.00
2014/05/29	2.04	2.05	2.02	2.02	1737582	3529876.00
2014/05/30	2.02	2.05	2.02	2.04	1886800	3844781.00
2014/06/03	2.03	2.04	2.02	2.03	1895993	3845005.00
2014/06/04	2.04	2.04	2.00	2.02	1513377	3048516.00
2014/06/05	2.02	2.03	2.00	2.02	2091135	4206722.00
2014/06/06	2.02	2.02	2.00	2.01	1164846	2337731.00
2014/06/09	2.00	2.03	2.00	2.03	4978481	10036699.00
2014/06/10	2.03	2.04	2.00	2.03	2050255	4147279.00
2014/06/11	2.03	2.05	2.02	2.05	2299466	4685183.00
2014/06/12	2.05	2.05	2.02	2.04	1581811	3212693.00
2014/06/13	2.03	2.06	2.03	2.04	2716300	5550446.00
2014/06/16	2.04	2.05	2.02	2.04	2098806	4262196.00
2014/06/17	2.04	2.04	2.02	2.02	1692198	3422832.00
2014/06/18	2.02	2.03	2.01	2.02	2856038	5771106.00
2014/06/19	2.01	2.02	1.95	1.97	3028855	6018070.00
2014/06/20	1.97	1.99	1.96	1.99	1616422	3185908.00
2014/06/23	1.99	2.00	1.97	1.99	2788767	5548404.00
2014/06/24	1.98	2.00	1.97	1.99	2231090	4427085.00
2014/06/25	1.99	2.05	1.98	2.05	5542782	11221158.00
2014/06/26	2.05	2.08	2.03	2.07	6254547	12909924.00
2014/06/27	2.06	2.28	2.06	2.18	23954634	53017104.00
2014/06/30	2.20	2.38	2.18	2.24	19500127	44256956.00
2014/07/01	2.30	2.36	2.23	2.25	13206814	30004512.00
2014/07/02	2.26	2.26	2.19	2.23	8426830	18673032.00
2014/07/03	2.24	2.35	2.19	2.29	12191724	27530876.00
2014/07/04	2.29	2.29	2.23	2.28	6945937	15739408.00
2014/07/07	2.27	2.30	2.24	2.27	4895189	11080105.00
2014/07/08	2.27	2.27	2.22	2.23	4898680	10957565.00
2014/07/09	2.22	2.23	2.17	2.19	4258566	9381326.00
2014/07/10	2.23	2.40	2.20	2.33	16449713	37936672.00
2014/07/11	2.31	2.46	2.31	2.45	16370678	38930504.00
2014/07/14	2.45	2.45	2.38	2.42	8653492	20879136.00
2014/07/15	2.46	2.53	2.38	2.40	14137551	34490152.00
2014/07/16	2.38	2.43	2.33	2.37	9277798	22049298.00
2014/07/17	2.35	2.43	2.34	2.39	7014582	16779888.00
2014/07/18	2.37	2.41	2.35	2.37	4079171	9696889.00
2014/07/21	2.38	2.38	2.32	2.34	4975416	11651581.00
2014/07/22	2.33	2.36	2.31	2.35	4899080	11436200.00
2014/07/23	2.34	2.39	2.32	2.36	6080577	14322571.00
2014/07/24	2.36	2.40	2.32	2.38	7086067	16697908.00
2014/07/25	2.38	2.44	2.37	2.40	7185812	17306090.00
2014/07/28	2.40	2.45	2.39	2.43	11575907	28014806.00
2014/07/29	2.43	2.45	2.37	2.40	13012738	31256280.00
2014/07/30	2.40	2.48	2.36	2.47	15663717	37979792.00
2014/07/31	2.44	2.72	2.41	2.72	30548390	79905608.00
2014/08/01	2.78	2.99	2.73	2.91	94334284	276045728.00
2014/08/04	2.88	2.96	2.78	2.91	47904970	136962208.00
2014/08/05	2.88	2.88	2.79	2.82	26053883	73730776.00
2014/08/06	2.80	2.86	2.75	2.82	20127575	56659208.00
2014/08/07	2.80	2.91	2.77	2.82	24371352	69038616.00
2014/08/08	2.80	2.80	2.73	2.74	15860915	43857800.00
2014/08/11	2.74	2.77	2.74	2.76	10454762	28773904.00
2014/08/12	2.76	2.76	2.71	2.73	10088797	27521056.00
2014/08/13	2.73	2.73	2.67	2.71	13613551	36717896.00
2014/08/14	2.72	2.78	2.68	2.73	13661892	37438588.00
2014/08/15	2.70	2.77	2.68	2.73	7771660	21229412.00
2014/08/18	2.75	2.75	2.72	2.74	8509036	23284540.00
2014/08/19	2.76	2.95	2.76	2.90	28103308	80713592.00
2014/08/20	2.89	2.89	2.81	2.83	11995586	34038656.00
2014/08/21	2.81	2.83	2.77	2.78	9721956	27121904.00
2014/08/22	2.78	2.83	2.75	2.79	9433565	26306068.00
2014/08/25	2.78	2.87	2.76	2.81	9866689	27721724.00
2014/08/26	2.80	2.81	2.68	2.69	10107012	27657708.00
2014/08/27	2.69	2.71	2.66	2.67	7079646	18968552.00
2014/08/28	2.68	2.68	2.60	2.61	6530452	17200554.00
2014/08/29	2.61	2.62	2.55	2.61	5459838	14096827.00
2014/09/01	2.61	2.70	2.60	2.69	6463358	17273912.00
2014/09/02	2.66	2.71	2.66	2.71	8155965	21951660.00
2014/09/03	2.71	2.78	2.68	2.76	12768906	35018236.00
2014/09/04	2.76	2.77	2.71	2.74	7036828	19262032.00
2014/09/05	2.75	2.79	2.73	2.77	8730202	24135348.00
2014/09/09	2.78	2.82	2.73	2.78	10229879	28467756.00
2014/09/10	2.76	2.85	2.75	2.82	15109409	42473680.00
2014/09/11	2.81	2.82	2.74	2.76	13457001	37357612.00
2014/09/12	2.75	2.77	2.72	2.77	7126074	19539572.00
2014/09/15	2.77	2.82	2.74	2.81	10900055	30364864.00
2014/09/16	2.80	3.00	2.79	2.85	38518555	111701712.00
2014/09/17	2.82	2.83	2.74	2.81	17090309	47569912.00
2014/09/18	2.80	2.94	2.78	2.84	15967733	45649560.00
2014/09/19	2.97	3.12	2.96	3.05	50160451	152779440.00
2014/09/22	2.98	3.02	2.91	2.93	25433654	74988816.00
2014/09/23	2.90	2.95	2.86	2.94	15099788	43911836.00
2014/09/24	2.90	2.98	2.88	2.97	13993355	41130012.00
2014/09/25	2.95	2.99	2.92	2.93	12831212	37916288.00
2014/09/26	2.93	2.93	2.88	2.92	10224867	29706656.00
2014/09/29	2.91	2.93	2.88	2.90	10074110	29224468.00
2014/09/30	2.90	2.92	2.88	2.91	7419296	21535044.00
2014/10/08	2.91	2.93	2.90	2.93	10514991	30647648.00
2014/10/09	2.93	2.98	2.90	2.98	15691358	45937780.00
2014/10/10	2.96	3.09	2.94	3.00	21773978	65663080.00
2014/10/13	3.00	3.00	2.91	2.98	11090233	32790562.00
2014/10/14	2.98	3.07	2.97	3.03	17181821	52020040.00
2014/10/15	3.03	3.33	2.98	3.33	68388382	219608176.00
2014/10/16	3.45	3.53	3.14	3.29	70282368	236763248.00
2014/10/17	3.20	3.27	3.08	3.11	35213219	110576680.00
2014/10/20	3.08	3.14	3.07	3.10	17632153	54612168.00
2014/10/21	3.10	3.16	3.08	3.11	15058522	47017772.00
2014/10/22	3.11	3.11	2.98	2.98	18381168	55850016.00
2014/10/23	2.97	2.97	2.86	2.91	15260505	44406944.00
2014/10/24	2.88	2.93	2.87	2.90	7508789	21802438.00
2014/10/27	2.90	2.96	2.88	2.95	6008896	17617360.00
2014/10/28	2.95	3.05	2.93	3.03	13740133	41237980.00
2014/10/29	3.02	3.21	3.00	3.14	25217153	78621104.00
2014/10/30	3.14	3.20	3.09	3.14	18304803	57703984.00
2014/10/31	3.14	3.39	3.14	3.18	35590615	115437080.00
2014/11/03	3.20	3.28	3.08	3.28	31345063	101244480.00
2014/11/04	3.27	3.32	3.20	3.24	25263497	82293824.00
2014/11/05	3.22	3.55	3.15	3.39	51834796	176132352.00
2014/11/06	3.35	3.37	3.25	3.30	24532700	80906936.00
2014/11/07	3.29	3.30	3.19	3.23	18700700	60768228.00
2014/11/10	3.24	3.35	3.20	3.33	27951786	92387416.00
2014/11/11	3.33	3.45	3.16	3.22	26564382	87311656.00
2014/11/12	3.24	3.24	3.15	3.22	13581210	43491096.00
2014/11/13	3.23	3.32	3.18	3.27	29300030	95730288.00
2014/11/14	3.25	3.28	3.18	3.21	11557132	37145992.00
2014/11/17	3.22	3.27	3.19	3.22	9227954	29782112.00
2014/11/18	3.22	3.28	3.19	3.23	11265949	36423448.00
2014/11/19	3.25	3.34	3.21	3.33	19918949	65447824.00
2014/11/20	3.31	3.42	3.28	3.36	19581840	65781492.00
2014/11/21	3.36	3.39	3.31	3.38	16697081	56298504.00
2014/11/24	3.41	3.48	3.34	3.39	22690489	77180376.00
2014/11/25	3.39	3.42	3.35	3.36	18806740	63431600.00
2014/11/26	3.33	3.37	3.28	3.31	17220781	57124408.00
2014/11/27	3.33	3.39	3.30	3.34	19650554	65608480.00
2014/11/28	3.36	3.39	3.31	3.39	18079275	60667168.00
2014/12/01	3.41	3.46	3.35	3.45	36345658	124093904.00
2014/12/02	3.44	3.45	3.36	3.43	22127961	75428472.00
2014/12/03	3.43	3.55	3.42	3.48	39873204	139274816.00
2014/12/04	3.48	3.64	3.42	3.62	48829096	170990320.00
2014/12/05	3.60	3.67	3.30	3.39	41026416	142976560.00
2014/12/08	3.37	3.55	3.32	3.46	32681037	113001560.00
2014/12/09	3.45	3.64	3.38	3.39	50207001	176251056.00
2014/12/10	3.35	3.45	3.20	3.44	27861521	93582680.00
2014/12/11	3.42	3.78	3.37	3.78	61150916	220181328.00
2014/12/12	3.78	3.78	3.61	3.62	44252015	161973376.00
2014/12/15	3.60	3.65	3.55	3.64	18590492	67058292.00
2014/12/16	3.65	4.00	3.64	4.00	83538341	325375104.00
2014/12/17	3.96	4.39	3.86	4.25	99955377	414726496.00
2014/12/18	4.23	4.34	4.13	4.15	51055021	213767072.00
2014/12/19	4.16	4.55	4.11	4.54	73270744	321227552.00
2014/12/22	4.54	4.92	4.30	4.40	69693918	320876256.00
2014/12/23	4.39	4.46	4.03	4.10	46253065	196377760.00
2014/12/24	4.08	4.14	3.88	4.13	33430268	134335296.00
2014/12/25	4.09	4.30	4.09	4.28	24121120	102015840.00
2014/12/26	4.28	4.43	4.23	4.29	21737018	93507360.00
2014/12/29	4.29	4.38	4.11	4.26	26511117	112795488.00
2014/12/30	4.23	4.25	4.10	4.11	19991506	82738200.00
2014/12/31	4.15	4.33	4.14	4.20	14614216	61567760.00
2015/01/05	4.15	4.41	4.13	4.36	36346604	156869216.00
2015/01/06	4.34	4.37	4.18	4.24	24563106	104431424.00
2015/01/07	4.23	4.30	4.18	4.28	16586138	70588536.00
2015/01/08	4.25	4.28	4.11	4.14	18240097	75998624.00
2015/01/09	4.13	4.18	3.96	4.04	20417613	83271720.00
2015/01/12	4.00	4.02	3.90	3.91	17777684	70311360.00
2015/01/13	3.93	4.02	3.92	3.94	8080163	32069760.00
2015/01/14	3.94	4.00	3.78	3.82	11296287	43705540.00
2015/01/15	3.82	3.89	3.76	3.89	11864137	45440988.00
2015/01/16	3.89	3.92	3.79	3.88	13615102	52507488.00
2015/01/19	3.75	3.75	3.49	3.49	23231564	83728576.00
2015/01/20	3.49	3.58	3.49	3.57	14726405	52076416.00
2015/01/21	3.58	3.73	3.55	3.72	15769867	57683556.00
2015/01/22	3.75	3.90	3.67	3.84	18028285	68831552.00
2015/01/23	3.92	3.97	3.83	3.85	18880757	73546112.00
2015/01/26	3.88	3.92	3.83	3.91	12386819	48216684.00
2015/01/27	3.94	3.97	3.87	3.95	17065355	67041784.00
2015/01/28	3.91	3.94	3.85	3.86	9761995	37990352.00
2015/01/29	3.82	3.97	3.77	3.92	13834054	53939408.00
2015/01/30	3.92	3.97	3.86	3.87	9014024	35106864.00
2015/02/02	3.80	3.80	3.62	3.69	12630393	46633468.00
2015/02/03	3.71	3.76	3.70	3.74	7752492	28869980.00
2015/02/04	3.79	3.95	3.75	3.85	16681062	64492476.00
2015/02/05	3.89	3.92	3.74	3.75	10288644	39397736.00
2015/02/06	3.72	3.85	3.66	3.68	9025250	33549080.00
2015/02/09	3.69	3.73	3.62	3.67	5921699	21768022.00
2015/02/10	3.65	3.72	3.64	3.69	6651319	24441828.00
2015/02/11	3.69	3.75	3.66	3.73	5280624	19583360.00
2015/02/12	3.74	3.83	3.67	3.79	7900836	29695866.00
2015/02/13	3.79	4.02	3.76	3.95	20150985	78911376.00
2015/02/16	3.95	3.96	3.85	3.92	12427370	48500064.00
2015/02/17	3.90	3.96	3.89	3.93	8888460	34992272.00
2015/02/25	3.94	3.98	3.92	3.95	10991319	43400112.00
2015/02/26	3.95	3.98	3.87	3.98	11472173	45148168.00
2015/02/27	3.98	4.01	3.95	3.99	15495425	61745264.00
2015/03/02	4.00	4.16	3.97	4.11	21658005	88313024.00
2015/03/03	4.10	4.31	4.00	4.20	29736531	123466232.00
2015/03/04	4.20	4.23	4.11	4.19	14789274	61608376.00
2015/03/05	4.20	4.23	4.01	4.09	17704275	72746856.00
2015/03/06	4.10	4.11	4.00	4.02	12832027	51906396.00
2015/03/09	4.00	4.05	3.91	4.05	13610619	53969860.00
2015/03/10	4.04	4.09	4.00	4.04	11752633	47435152.00
2015/03/11	4.05	4.07	3.98	4.00	9373035	37627288.00
2015/03/12	4.01	4.02	3.98	4.02	12333630	49316064.00
2015/03/13	4.03	4.06	4.01	4.06	12407257	50129232.00
2015/03/16	4.07	4.16	4.05	4.14	23661505	97473408.00
2015/03/17	4.15	4.29	4.15	4.24	33846435	143349232.00
2015/03/18	4.26	4.51	4.26	4.50	55093611	244452912.00
2015/03/19	4.50	4.50	4.35	4.38	43704800	192378336.00
2015/03/20	4.39	4.45	4.38	4.40	21932660	96564544.00
2015/03/23	4.46	4.65	4.40	4.56	44835095	203063328.00
2015/03/24	4.57	5.00	4.47	4.67	137942011	654569408.00
2015/03/25	4.70	4.76	4.51	4.56	55229856	253571504.00
2015/03/26	4.50	4.61	4.43	4.52	34573719	155951584.00
2015/03/27	4.50	4.65	4.48	4.56	24171655	110622544.00
2015/03/30	4.58	4.75	4.58	4.60	86594103	401774048.00
2015/03/31	4.64	4.85	4.59	4.60	100321635	470159264.00
2015/04/01	4.60	4.76	4.59	4.64	95945619	445253504.00
2015/04/02	4.64	4.71	4.58	4.65	74173649	344317632.00
2015/04/03	4.62	4.91	4.60	4.84	198367558	944971840.00
2015/04/07	4.86	5.07	4.86	4.97	146596131	726507072.00
2015/04/08	4.99	5.03	4.71	4.95	109914869	540230400.00
2015/04/09	5.16	5.37	5.02	5.18	168061439	872670208.00
2015/04/10	5.18	5.26	5.06	5.21	91363053	473961344.00
2015/04/13	5.24	5.30	5.13	5.29	109709601	570459712.00
2015/04/14	5.30	5.68	5.24	5.34	216901135	1166766720.00
2015/04/15	5.32	5.49	5.16	5.19	180310730	952901376.00
2015/04/16	5.18	5.34	5.08	5.19	175992998	921337152.00
2015/04/17	5.19	5.35	5.18	5.24	224827169	1183271040.00
2015/04/20	5.27	5.50	5.20	5.34	253785203	1359640064.00
2015/04/21	5.35	5.80	5.34	5.64	303530928	1683352192.00
2015/04/22	5.68	5.96	5.60	5.68	386504961	2191024128.00
2015/04/23	5.70	5.95	5.62	5.85	602487057	3481524992.00
2015/04/24	5.75	6.20	5.63	6.04	607593824	3582190848.00
2015/04/27	6.19	6.20	5.92	5.98	427821671	2576817408.00
2015/04/28	5.95	5.96	5.57	5.63	297170570	1704905344.00
2015/04/29	5.59	5.85	5.50	5.77	214925649	1218307584.00
2015/04/30	5.78	5.95	5.64	5.84	298074979	1726458368.00
2015/05/05	5.92	5.92	5.92	5.92	0	0.00
数据来源:通达信
