600634 中技控股 日线 前复权
      日期	    开盘	    最高	    最低	    收盘	    成交量	    成交额
2012/07/03	6.40	7.67	6.00	6.75	12215968	126531280.00
2012/07/04	6.44	6.53	6.41	6.41	3981054	38370964.00
2012/07/05	6.11	6.25	6.09	6.09	6194740	56781560.00
2012/07/06	6.04	6.19	5.89	6.11	3568816	32618156.00
2012/07/09	6.11	6.14	5.81	5.81	3349656	29901848.00
2012/07/10	5.80	5.80	5.53	5.53	2369172	19921556.00
2012/07/11	5.50	5.63	5.45	5.57	1285438	10676814.00
2012/07/12	5.57	5.64	5.46	5.61	1690700	14020865.00
2012/07/13	5.57	5.89	5.57	5.77	2200613	19031798.00
2012/07/16	5.80	5.87	5.51	5.54	1371747	11653997.00
2012/07/17	5.51	5.77	5.47	5.71	1070631	8998135.00
2012/07/18	5.72	6.00	5.67	6.00	2619910	23352878.00
2012/07/19	6.00	6.20	5.93	5.99	2720015	24687708.00
2012/07/20	5.99	6.17	5.87	6.07	1861572	16913084.00
2012/07/23	6.00	6.04	5.79	5.80	1388046	12202309.00
2012/07/24	5.75	5.89	5.69	5.85	794039	6911664.00
2012/07/25	5.85	5.86	5.75	5.77	705668	6136830.00
2012/07/26	5.75	5.77	5.62	5.63	871438	7451595.00
2012/07/27	5.66	5.79	5.60	5.74	626334	5335981.00
2012/07/30	5.45	5.45	5.45	5.45	221700	1813506.00
2012/07/31	5.18	5.18	5.18	5.18	37900	294483.00
2012/08/01	4.92	5.07	4.92	4.92	3691039	27296586.00
2012/08/02	4.92	4.98	4.67	4.77	1782137	12890053.00
2012/08/03	4.78	4.95	4.73	4.95	1573099	11436115.00
2012/08/06	4.94	5.16	4.90	5.09	1402997	10645335.00
2012/08/07	5.07	5.17	5.05	5.07	1296995	9904026.00
2012/08/08	5.08	5.17	5.05	5.14	1335327	10240837.00
2012/08/09	5.14	5.24	5.09	5.20	1154767	8963622.00
2012/08/10	5.21	5.24	5.15	5.22	792544	6176066.00
2012/08/13	5.23	5.23	5.03	5.07	724990	5576614.00
2012/08/14	5.03	5.09	4.87	5.05	770537	5729823.00
2012/08/15	5.03	5.16	4.99	5.10	510674	3875155.00
2012/08/16	5.04	5.29	5.04	5.17	948458	7406998.00
2012/08/17	5.15	5.38	5.14	5.36	1480240	11795828.00
2012/08/20	5.35	5.59	5.30	5.59	1737357	14287393.00
2012/08/21	5.57	5.87	5.57	5.87	1167204	10168779.00
2012/08/22	5.79	6.16	5.60	6.09	4536722	41325244.00
2012/08/23	6.08	6.15	5.81	6.12	3845824	34547824.00
2012/08/24	5.93	5.93	5.81	5.81	2861878	25016828.00
2012/08/27	5.61	5.81	5.59	5.67	1519497	12949228.00
2012/08/28	5.63	5.67	5.41	5.57	1131138	9481079.00
2012/08/29	5.56	5.80	5.52	5.66	1094468	9345695.00
2012/08/30	5.66	5.77	5.38	5.51	1554097	13035951.00
2012/08/31	5.45	5.79	5.45	5.75	1805468	15495026.00
2012/09/03	5.75	5.84	5.67	5.77	989466	8558109.00
2012/09/04	5.77	5.89	5.69	5.77	684518	5946662.00
2012/09/05	5.77	5.80	5.67	5.75	492033	4238676.00
2012/09/06	5.75	5.81	5.72	5.77	546669	4716613.00
2012/09/07	5.77	5.94	5.76	5.91	1646682	14459006.00
2012/09/10	5.87	5.93	5.81	5.89	1094552	9627241.00
2012/09/11	5.83	5.88	5.79	5.85	644449	5632838.00
2012/09/12	5.87	5.97	5.84	5.93	1101964	9762905.00
2012/09/13	5.93	5.95	5.84	5.89	891675	7884609.00
2012/09/14	5.85	5.91	5.77	5.84	562522	4926886.00
2012/09/17	5.80	5.80	5.55	5.57	761212	6484326.00
2012/09/18	5.50	5.61	5.50	5.60	271313	2264801.00
2012/09/19	5.63	5.67	5.57	5.66	348233	2937537.00
2012/09/20	5.65	5.65	5.39	5.40	444311	3663084.00
2012/09/21	5.35	5.47	5.35	5.41	246623	2003571.00
2012/09/24	5.34	5.67	5.27	5.59	409851	3332954.00
2012/09/25	5.53	5.63	5.39	5.54	267463	2217766.00
2012/09/26	5.53	5.59	5.33	5.35	285650	2314883.00
2012/09/27	5.37	5.51	5.35	5.42	365385	2974299.00
2012/09/28	5.49	5.52	5.39	5.51	557026	4566250.00
2012/10/08	5.45	5.64	5.45	5.58	496552	4144256.00
2012/10/09	5.54	5.76	5.54	5.74	903717	7675556.00
2012/10/10	5.75	5.97	5.71	5.91	1343570	11853480.00
2012/10/11	5.88	6.03	5.73	5.77	1344532	11802305.00
2012/10/12	5.78	5.90	5.73	5.84	962835	8403190.00
2012/10/15	5.84	6.00	5.82	5.98	1409565	12552924.00
2012/10/16	5.99	6.00	5.87	5.93	673894	6004766.00
2012/10/17	5.92	5.98	5.85	5.87	598453	5315830.00
2012/10/18	5.83	5.99	5.83	5.91	972804	8628101.00
2012/10/19	5.91	6.07	5.88	6.06	1579997	14270196.00
2012/10/22	6.06	6.23	6.03	6.13	2440344	22518940.00
2012/10/23	6.13	6.24	6.03	6.07	1880100	17278004.00
2012/10/24	6.01	6.23	5.97	6.22	1786846	16409357.00
2012/10/25	6.23	6.23	5.94	6.06	1486122	13539370.00
2012/10/26	5.98	6.07	5.83	5.89	1141283	10157606.00
2012/10/29	5.87	5.91	5.81	5.84	794105	6961538.00
2012/10/30	5.89	5.91	5.80	5.81	531600	4656639.00
2012/10/31	5.78	5.90	5.78	5.85	347900	3051645.00
2012/11/01	5.82	5.97	5.82	5.95	504902	4478401.00
2012/11/02	5.95	6.04	5.87	6.03	743750	6652369.00
2012/11/05	6.00	6.17	5.97	6.13	978518	8935116.00
2012/11/06	6.15	6.15	5.93	6.06	689302	6221095.00
2012/11/07	6.07	6.07	5.93	6.01	563350	5042161.00
2012/11/08	5.97	5.97	5.81	5.81	470000	4150132.00
2012/11/09	5.83	5.93	5.81	5.86	366121	3222179.00
2012/11/12	5.84	5.91	5.80	5.86	217619	1905235.00
2012/11/13	5.86	5.86	5.67	5.71	437712	3791452.00
2012/11/14	5.72	5.78	5.57	5.73	475567	4043009.00
2012/11/15	5.70	5.73	5.55	5.60	198600	1682930.00
2012/11/16	5.60	5.60	5.45	5.48	230809	1901251.00
2012/11/19	5.49	5.53	5.41	5.51	499888	4108509.00
2012/11/20	5.53	5.55	5.37	5.41	636204	5193215.00
2012/11/21	5.41	5.52	5.37	5.49	463907	3779257.00
2012/11/22	5.45	5.51	5.43	5.48	361379	2961755.00
2012/11/23	5.48	5.55	5.47	5.53	358395	2960939.00
2012/11/26	5.52	5.59	5.47	5.53	827129	6874887.00
2012/11/27	5.54	5.54	5.27	5.34	728334	5869851.00
2012/11/28	5.21	5.32	5.07	5.09	759820	5835825.00
2012/11/29	5.09	5.18	4.97	5.07	760600	5786095.00
2012/11/30	5.07	5.16	4.93	5.11	603302	4561737.00
2012/12/03	4.95	5.08	4.86	4.86	753573	5552589.00
2012/12/04	4.80	4.87	4.62	4.79	1411818	9949309.00
2012/12/05	4.77	4.96	4.73	4.93	1482473	10819991.00
2012/12/06	4.93	4.99	4.84	4.95	717771	5283903.00
2012/12/07	4.87	5.08	4.86	5.07	785975	5928151.00
2012/12/10	5.12	5.15	5.00	5.13	740397	5634567.00
2012/12/11	5.15	5.15	5.03	5.13	877526	6699927.00
2012/12/12	5.07	5.12	5.05	5.10	551399	4203266.00
2012/12/13	5.07	5.16	5.03	5.07	537529	4113900.00
2012/12/14	5.11	5.32	5.05	5.29	1350232	10627322.00
2012/12/17	5.31	5.37	5.21	5.34	699540	5577953.00
2012/12/18	5.30	5.34	5.25	5.30	656674	5221278.00
2012/12/19	5.27	5.29	5.21	5.26	558300	4389922.00
2012/12/20	5.25	5.31	5.21	5.31	427171	3369938.00
2012/12/21	5.26	5.33	5.23	5.29	490629	3882818.00
2012/12/24	5.27	5.55	5.25	5.47	1903192	15652695.00
2012/12/25	5.47	5.53	5.39	5.49	964721	7919490.00
2012/12/26	5.48	5.67	5.46	5.65	1122550	9359915.00
2012/12/27	5.65	5.83	5.61	5.73	1131429	9715856.00
2012/12/28	5.68	5.83	5.68	5.79	1211154	10466757.00
2012/12/31	5.80	5.91	5.73	5.81	1447781	12614048.00
2013/01/04	5.73	5.76	5.51	5.51	1704691	14115206.00
2013/01/07	5.49	5.69	5.45	5.65	1202308	10090474.00
2013/05/07	5.93	5.93	5.93	5.93	38157	339597.00
2013/05/08	6.23	6.23	6.23	6.23	197501	1846634.00
2013/05/09	6.55	6.55	6.49	6.55	2383834	23405820.00
2013/05/10	6.67	6.67	6.22	6.52	6640790	64057632.00
2013/05/13	6.41	6.53	6.29	6.39	2514776	24100706.00
2013/05/14	6.39	6.55	6.37	6.47	1676816	16227525.00
2013/05/15	6.49	6.49	6.35	6.44	1374310	13219370.00
2013/05/16	6.44	6.44	6.30	6.35	1670490	15932961.00
2013/05/17	6.35	6.42	6.33	6.36	933976	8913558.00
2013/05/20	6.31	6.35	6.20	6.24	2610631	24523360.00
2013/05/21	6.24	6.28	6.18	6.24	947573	8875133.00
2013/05/22	6.25	6.55	6.23	6.55	3068766	29828756.00
2013/05/23	6.48	6.60	6.41	6.49	1901157	18561166.00
2013/05/24	6.46	6.60	6.44	6.55	1101848	10796230.00
2013/05/27	6.56	6.59	6.48	6.51	986389	9645589.00
2013/05/28	6.49	6.61	6.49	6.58	1043770	10278337.00
2013/05/29	6.61	6.61	6.50	6.53	1275142	12530948.00
2013/05/30	6.55	6.86	6.55	6.86	1862176	19016116.00
2013/05/31	6.87	6.99	6.81	6.93	2044577	21171144.00
2013/06/03	6.93	7.27	6.93	7.27	1457140	15771457.00
2013/06/04	7.33	7.37	7.03	7.17	2005438	21603496.00
2013/06/05	7.09	7.39	7.09	7.29	1505672	16426808.00
2013/06/06	7.23	7.23	6.93	7.15	1435337	15296663.00
2013/06/07	7.11	7.37	7.03	7.20	1249339	13507696.00
2013/06/13	7.14	7.24	6.85	7.09	2317465	24581452.00
2013/06/14	7.09	7.43	6.93	7.35	2714685	29571032.00
2013/06/17	7.21	7.37	7.13	7.28	1628585	17774112.00
2013/06/18	7.34	7.34	7.21	7.23	795781	8681337.00
2013/06/19	7.23	7.24	7.02	7.19	1248476	13286610.00
2013/06/20	7.17	7.17	7.00	7.03	775700	8239982.00
2013/06/21	6.95	7.09	6.68	7.03	1203458	12395598.00
2013/06/24	6.99	7.03	6.68	6.69	2087169	21395498.00
2013/06/25	6.67	6.72	6.36	6.41	1158080	11239906.00
2013/06/26	6.51	6.60	6.43	6.58	822606	8024382.00
2013/06/27	6.50	6.59	6.25	6.25	852074	8254337.00
2013/06/28	6.20	6.33	6.01	6.16	445530	4119053.00
2013/07/01	6.16	6.37	6.11	6.33	472723	4455942.00
2013/07/02	6.27	6.39	6.27	6.37	312053	2971696.00
2013/07/03	6.33	6.33	6.20	6.25	677869	6345976.00
2013/07/04	6.25	6.44	6.16	6.31	536531	5057708.00
2013/07/05	6.37	6.47	6.29	6.35	512700	4899630.00
2013/07/08	6.27	6.27	6.03	6.03	650200	5987496.00
2013/07/09	6.00	6.06	5.89	6.03	284614	2559581.00
2013/07/10	5.99	6.14	5.94	6.13	424943	3857511.00
2013/07/11	6.15	6.30	6.10	6.23	391400	3652007.00
2013/07/12	6.23	6.29	6.12	6.19	476311	4440047.00
2013/07/15	6.29	6.29	6.13	6.19	550043	5094194.00
2013/07/16	6.17	6.34	6.16	6.33	793142	7428751.00
2013/07/17	6.29	6.35	6.21	6.22	430903	4069252.00
2013/07/18	6.22	6.29	6.13	6.17	403092	3730823.00
2013/07/19	6.13	6.25	6.07	6.08	457400	4203329.00
2013/07/22	5.78	5.97	5.77	5.87	1032070	9012202.00
2013/07/23	5.81	6.01	5.79	5.99	622230	5530100.00
2013/07/24	6.00	6.03	5.87	5.93	574651	5091498.00
2013/07/25	5.93	5.93	5.70	5.79	754549	6563453.00
2013/07/26	5.69	5.83	5.69	5.80	541950	4686471.00
2013/07/29	5.78	5.97	5.75	5.91	618325	5430228.00
2013/07/30	5.90	6.20	5.80	6.19	1894510	17334420.00
2013/07/31	6.19	6.33	6.14	6.22	566334	5301760.00
2013/08/01	6.21	6.29	6.17	6.23	830336	7766898.00
2013/08/02	6.23	6.54	6.22	6.45	1316464	12788320.00
2013/08/05	6.45	6.51	6.41	6.48	744789	7215753.00
2013/08/06	6.45	6.48	6.35	6.43	756342	7277283.00
2013/08/07	6.40	6.51	6.39	6.47	653929	6336770.00
2013/08/08	6.55	6.79	6.45	6.62	1025443	10277837.00
2013/08/09	6.64	6.77	6.53	6.60	688125	6827524.00
2013/08/12	6.60	6.78	6.60	6.71	563696	5672150.00
2013/08/13	6.71	6.91	6.71	6.90	783994	8043712.00
2013/08/14	6.90	6.97	6.67	6.75	713292	7237323.00
2013/08/15	6.62	6.74	6.54	6.57	1266141	12520309.00
2013/08/16	6.57	6.57	6.25	6.29	1525542	14628440.00
2013/08/19	6.25	6.37	6.17	6.35	821892	7774436.00
2013/08/20	6.35	6.67	6.33	6.67	1833682	18175756.00
2013/08/21	6.69	6.73	6.59	6.67	730347	7294181.00
2013/08/22	6.67	6.73	6.63	6.68	671671	6731451.00
2013/08/23	6.69	6.77	6.55	6.72	1189497	11821727.00
2013/08/26	6.70	6.85	6.70	6.83	879860	8949339.00
2013/08/27	6.73	6.73	6.57	6.63	1531351	15278455.00
2013/08/28	6.64	6.70	6.56	6.65	798859	7946440.00
2013/08/29	6.67	6.70	6.60	6.63	436373	4348255.00
2013/08/30	6.63	6.65	6.41	6.47	977389	9579210.00
2013/09/02	6.46	6.69	6.43	6.60	694958	6822816.00
2013/09/03	6.60	6.73	6.56	6.67	711266	7117373.00
2013/09/04	6.67	6.78	6.62	6.66	611885	6135524.00
2013/09/05	6.70	6.71	6.58	6.60	638140	6341579.00
2013/09/06	6.55	6.70	6.54	6.69	647950	6447359.00
2013/09/09	6.67	7.01	6.65	6.83	1394768	14440270.00
2013/09/10	6.86	6.95	6.79	6.89	703189	7260616.00
2013/09/11	6.84	6.97	6.79	6.83	888237	9148186.00
2013/09/12	6.82	6.89	6.79	6.87	1074733	11044787.00
2013/09/13	6.87	6.92	6.69	6.73	1227807	12431182.00
2013/09/16	6.69	6.79	6.67	6.75	725891	7328370.00
2013/09/17	6.73	6.77	6.54	6.61	539567	5419301.00
2013/09/18	6.60	6.79	6.60	6.77	567849	5716690.00
2013/09/23	6.77	6.86	6.75	6.85	801625	8210599.00
2013/09/24	6.73	6.81	6.67	6.77	1322471	13343187.00
2013/09/25	6.79	6.81	6.70	6.75	720481	7289042.00
2013/09/26	6.73	6.75	6.61	6.66	843480	8419731.00
2013/09/27	6.61	6.73	6.61	6.70	657691	6571323.00
2013/09/30	6.75	6.85	6.68	6.77	617499	6279884.00
2013/10/08	6.73	6.90	6.69	6.84	672736	6899248.00
2013/10/09	6.80	6.84	6.73	6.84	698201	7096534.00
2013/10/10	6.83	6.85	6.75	6.83	606996	6194436.00
2013/10/11	6.83	7.10	6.82	7.05	1645098	17231768.00
2013/10/14	7.03	7.41	7.00	7.41	1494096	16459479.00
2013/10/15	7.60	7.78	7.49	7.50	3128681	36053608.00
2013/10/16	7.47	7.73	7.25	7.67	1573017	17816172.00
2013/10/17	7.77	7.86	7.50	7.52	1490871	17102172.00
2013/10/18	7.45	7.65	7.45	7.52	914327	10367906.00
2013/10/21	7.51	7.89	7.50	7.89	1777604	20867856.00
2013/10/22	7.92	8.29	7.83	8.22	2000165	24517132.00
2013/10/23	8.22	8.53	8.12	8.15	2220360	27737474.00
2013/10/24	7.99	8.25	7.74	8.09	2674509	31650456.00
2013/11/07	8.50	8.50	7.69	7.69	3051140	36295312.00
2013/11/08	7.47	7.60	7.30	7.30	1669800	18376566.00
2013/11/11	7.25	7.25	6.97	7.07	928540	9937014.00
2013/11/12	7.14	7.25	7.09	7.19	598580	6430865.00
2013/11/13	7.19	7.24	6.83	6.83	1195339	12553453.00
2013/11/14	6.74	6.93	6.64	6.91	1013059	10271660.00
2013/11/15	6.85	7.25	6.83	7.24	1778454	18897312.00
2013/11/18	7.24	7.60	7.15	7.60	2114383	23674476.00
2013/11/19	7.57	7.85	7.54	7.72	1756354	20275624.00
2013/11/20	7.74	7.75	7.59	7.69	590639	6797168.00
2013/11/21	7.77	7.85	7.67	7.80	766957	8923315.00
2013/11/22	7.85	8.09	7.80	8.09	1324231	15862132.00
2013/11/25	8.10	8.21	7.91	7.97	806539	9690296.00
2013/11/26	7.92	8.00	7.71	7.79	703945	8315827.00
2013/11/27	7.85	7.86	7.67	7.83	581347	6779331.00
2013/11/28	7.91	8.13	7.73	7.80	1065300	12752728.00
2013/11/29	7.76	7.77	7.63	7.73	697091	8044279.00
2013/12/02	7.37	7.63	7.34	7.34	1427400	15898157.00
2013/12/03	7.15	7.39	7.13	7.31	1158771	12548242.00
2013/12/04	7.32	7.50	7.32	7.43	563242	6295761.00
2013/12/05	7.43	7.77	7.43	7.75	947846	10835691.00
2013/12/06	7.74	7.87	7.66	7.69	412110	4769978.00
2013/12/09	7.73	7.79	7.60	7.70	472516	5429490.00
2013/12/10	7.70	7.73	7.59	7.64	347101	3984541.00
2013/12/11	7.67	7.68	7.59	7.67	282066	3224476.00
2013/12/12	7.82	8.00	7.69	7.70	1184943	13852451.00
2013/12/13	7.66	7.70	7.42	7.53	834725	9417623.00
2013/12/16	7.53	7.53	7.34	7.40	317880	3531852.00
2013/12/17	7.39	7.39	7.27	7.38	265040	2920634.00
2013/12/18	7.37	7.47	7.32	7.35	563001	6230718.00
2013/12/19	7.47	7.47	7.21	7.24	489740	5386941.00
2013/12/20	7.24	7.35	7.21	7.25	431390	4705391.00
2013/12/23	7.31	7.45	7.27	7.43	470970	5225678.00
2013/12/24	7.47	7.47	7.41	7.44	252100	2812695.00
2013/12/25	7.33	7.47	7.33	7.43	279677	3111457.00
2013/12/26	7.37	7.45	7.27	7.27	454300	4997193.00
2013/12/27	7.34	7.40	7.25	7.32	381141	4175818.00
2013/12/30	7.33	7.39	7.23	7.26	333500	3654660.00
2013/12/31	7.24	7.25	7.01	7.15	539531	5783772.00
2014/01/02	7.23	7.37	7.18	7.33	421810	4584237.00
2014/01/03	7.37	7.58	7.37	7.57	829324	9316046.00
2014/01/06	7.59	7.69	7.52	7.53	854500	9749946.00
2014/01/07	7.65	7.65	7.33	7.51	454276	5109224.00
2014/01/08	7.57	7.69	7.43	7.52	505422	5706369.00
2014/01/09	7.43	7.59	7.43	7.43	255400	2863808.00
2014/01/10	7.53	7.57	7.35	7.40	594607	6649841.00
2014/01/13	7.41	7.43	7.20	7.22	309420	3384291.00
2014/01/14	7.29	7.30	7.14	7.30	244520	2651369.00
2014/01/15	7.27	7.41	7.27	7.30	337834	3710154.00
2014/01/16	7.25	7.30	7.07	7.17	452349	4874263.00
2014/01/17	7.19	7.49	7.15	7.40	536338	5920335.00
2014/01/20	7.47	7.47	7.14	7.24	580220	6339949.00
2014/01/21	7.25	7.30	7.18	7.27	314955	3422008.00
2014/01/22	7.29	7.37	7.27	7.35	586406	6457453.00
2014/01/23	7.31	7.38	7.28	7.33	506915	5575199.00
2014/01/24	7.25	7.45	7.23	7.31	511485	5626797.00
2014/01/27	7.31	7.39	7.21	7.37	348473	3817805.00
2014/01/28	7.37	7.39	7.25	7.28	294309	3215757.00
2014/01/29	7.33	7.43	7.30	7.31	395540	4355657.00
2014/01/30	7.27	7.36	7.24	7.25	201540	2205344.00
2014/02/07	6.94	7.30	6.94	7.25	365627	3947702.00
2014/02/10	7.29	7.40	7.21	7.33	783415	8610698.00
2014/02/11	7.27	7.35	7.21	7.23	600202	6540103.00
2014/02/12	7.29	7.29	7.20	7.27	491524	5335712.00
2014/02/13	7.37	7.37	7.22	7.23	630167	6861773.00
2014/02/14	7.24	7.25	7.13	7.22	606019	6550030.00
2014/02/17	7.25	7.27	7.19	7.22	1302886	14108983.00
2014/02/18	7.25	7.43	7.13	7.37	1197343	13053367.00
2014/02/19	7.35	7.39	7.29	7.33	704819	7748664.00
2014/02/20	7.33	7.39	7.25	7.25	507671	5549332.00
2014/02/21	7.21	7.33	7.21	7.22	419529	4566789.00
2014/02/24	7.30	7.30	7.17	7.22	383889	4151151.00
2014/02/25	7.17	7.25	7.08	7.15	508000	5474889.00
2014/02/26	7.11	7.15	7.01	7.03	541790	5751401.00
2014/02/27	7.03	7.13	6.96	6.99	684164	7222701.00
2014/02/28	6.95	7.04	6.82	6.96	569739	5918525.00
2014/03/03	6.97	7.28	6.91	7.25	1013067	10896741.00
2014/03/04	7.25	7.39	7.24	7.37	1504316	16536462.00
2014/08/19	8.11	8.11	8.11	8.11	35570	288473.00
2014/08/20	8.92	8.92	8.92	8.92	69254	617746.00
2014/08/21	9.81	9.81	9.81	9.81	227862	2235326.00
2014/08/22	10.79	10.79	10.79	10.79	194099	2094328.00
2014/08/25	11.87	11.87	11.87	11.87	240213	2851328.00
2014/08/26	13.06	13.06	13.06	13.06	492335	6429895.00
2014/08/27	14.37	14.37	14.37	14.37	458873	6594005.00
2014/08/28	15.81	15.81	15.81	15.81	1236181	19544022.00
2014/08/29	17.00	17.00	15.10	15.49	46502608	744397952.00
2014/09/01	15.20	15.47	14.51	15.41	24229082	364971200.00
2014/09/02	15.31	16.33	15.28	15.61	24498861	386480256.00
2014/09/03	15.44	17.17	15.37	17.17	25606026	429066368.00
2014/09/04	17.60	17.99	16.70	17.22	24193111	417108832.00
2014/09/05	16.98	17.15	16.77	16.82	13374573	225774400.00
2014/09/09	16.50	17.53	16.50	17.11	12197299	208804400.00
2014/09/10	16.86	17.49	16.53	17.43	12184796	208234880.00
2014/09/11	17.35	17.88	16.80	16.82	13822516	237875600.00
2014/09/12	16.66	17.08	16.54	16.79	7759647	130113288.00
2014/09/15	16.70	17.17	16.21	17.08	12026797	201895472.00
2014/09/16	17.01	17.03	16.30	16.33	7919190	132017768.00
2014/09/17	16.25	16.63	15.91	16.30	7562324	122414088.00
2014/09/18	16.30	16.44	16.04	16.22	3239038	52455188.00
2014/09/19	16.20	16.89	16.06	16.57	4505494	74286032.00
2014/09/22	16.40	16.70	16.10	16.46	3741025	61432316.00
2014/09/23	16.50	16.90	16.29	16.79	5795024	96360608.00
2014/09/24	16.80	16.80	16.31	16.60	6110487	101123168.00
2014/09/25	16.66	18.08	15.97	15.99	21880073	364807232.00
2014/09/26	15.36	15.74	15.29	15.49	6924288	107442080.00
2014/09/29	15.88	16.35	15.70	15.72	8057307	129252392.00
2014/09/30	15.60	16.08	15.60	15.82	4232764	67143392.00
2014/10/08	15.87	16.28	15.87	16.05	4239021	68246944.00
2014/10/09	16.18	16.29	15.94	16.15	4380240	70586024.00
2014/10/10	16.00	16.34	15.95	16.17	3491915	56303032.00
2014/10/13	16.11	16.24	15.69	15.79	3654163	58057080.00
2014/10/14	15.72	15.93	15.40	15.69	3140338	49181328.00
2014/10/15	15.52	15.69	15.29	15.51	2694871	41644864.00
2014/10/16	15.51	15.70	15.30	15.56	3491752	54003104.00
2014/10/17	15.56	15.58	14.86	14.88	3052604	46157744.00
2014/10/20	14.87	14.98	14.52	14.74	3987202	58510300.00
2014/10/21	14.82	14.86	14.61	14.72	2036375	30001500.00
2014/10/22	14.72	14.93	14.64	14.74	1666898	24644360.00
2014/10/23	14.78	15.19	14.68	14.73	2428144	36243368.00
2014/10/24	14.53	14.73	14.51	14.57	2229937	32492950.00
2014/10/27	14.58	14.88	14.52	14.64	1844446	27037564.00
2014/10/28	14.69	16.10	14.68	15.16	21559908	321948448.00
2014/10/29	14.91	14.98	14.57	14.85	10376678	153197232.00
2014/10/30	14.86	14.86	14.62	14.71	5207461	76661056.00
2014/10/31	14.67	14.75	14.10	14.25	6294426	90234640.00
2014/11/03	14.28	14.38	14.13	14.36	3345922	47757288.00
2014/11/04	14.29	14.44	13.83	13.85	5651561	79593736.00
2014/11/05	13.87	14.05	13.60	14.00	4894901	67502752.00
2014/11/06	13.93	14.19	13.82	14.13	3494021	49159288.00
2014/11/07	14.18	14.27	13.83	13.86	3436353	48268508.00
2014/11/10	13.80	14.10	13.80	13.86	3108942	43327544.00
2014/11/11	13.87	13.90	12.61	12.82	9154899	120096944.00
2014/11/12	12.86	13.07	12.85	13.06	2868235	37271036.00
2014/11/13	13.10	13.19	12.93	12.96	2409273	31392716.00
2014/11/14	13.00	13.47	12.78	13.29	4811295	63660096.00
2014/11/17	13.24	13.78	13.14	13.50	6348359	86080136.00
2014/11/18	13.40	13.55	13.22	13.38	2302639	30704656.00
2014/11/19	13.43	13.94	13.32	13.69	8248923	113207272.00
2014/11/20	13.64	13.81	13.51	13.70	3039814	41632648.00
2014/11/21	13.67	13.81	13.61	13.74	2310592	31702110.00
2014/11/24	13.66	13.79	13.41	13.49	4203980	56897748.00
2014/11/25	13.49	13.75	13.27	13.74	5366286	72428096.00
2014/11/26	13.70	14.12	13.63	13.87	4811099	66894972.00
2014/11/27	13.85	13.93	13.70	13.81	2979282	41130112.00
2014/11/28	13.76	14.28	13.73	14.21	6462241	90596888.00
2014/12/01	14.19	14.19	13.30	13.34	6985161	94830664.00
2014/12/02	13.30	13.48	13.26	13.41	3133250	41984560.00
2014/12/03	13.40	13.67	12.91	13.46	6883456	91121528.00
2014/12/04	13.43	13.51	13.31	13.39	4286366	57550004.00
2014/12/05	13.41	13.41	12.75	12.97	5170341	67166384.00
2014/12/08	12.89	13.14	12.81	12.93	3806039	49375660.00
2014/12/09	12.93	13.18	12.38	12.76	5073358	65001968.00
2014/12/10	12.61	13.21	12.61	13.04	3343326	43514404.00
2014/12/11	13.01	13.31	12.94	13.30	3669429	48151856.00
2014/12/12	13.29	14.20	13.20	13.90	7584634	103888240.00
2014/12/15	13.65	13.90	13.35	13.79	4756231	65045992.00
2014/12/16	13.78	13.78	13.46	13.54	3295296	44760516.00
2014/12/17	13.54	13.56	13.11	13.15	3310221	43874268.00
2014/12/18	13.10	13.35	13.00	13.16	2335666	30930572.00
2014/12/19	13.13	13.13	12.63	12.66	3240795	41452288.00
2014/12/22	12.59	12.59	11.39	12.00	4416557	52331392.00
2014/12/23	12.07	12.78	12.07	12.24	4741596	58866968.00
2014/12/24	12.20	12.49	12.08	12.28	4151736	51150600.00
2014/12/25	12.29	12.31	11.84	12.13	5858124	70717576.00
2014/12/26	12.01	12.08	11.80	12.01	4988392	59355456.00
2014/12/29	12.02	12.08	11.57	11.95	6613403	78077424.00
2014/12/30	11.80	11.88	11.50	11.69	8194373	95652200.00
2014/12/31	11.73	12.02	11.54	12.01	7084862	84216296.00
2015/01/05	12.01	12.50	12.00	12.16	6009172	73576152.00
2015/01/06	12.13	12.27	11.91	12.24	3790967	45736528.00
2015/01/07	12.21	12.21	11.88	12.02	5328586	63953856.00
2015/01/08	11.90	12.06	11.78	11.91	5185451	61888756.00
2015/01/09	11.96	12.20	11.89	11.94	5488576	66019824.00
2015/01/12	11.90	12.11	11.68	11.89	6380831	75683600.00
2015/01/13	11.85	11.93	11.68	11.84	6330229	74474320.00
2015/01/14	11.88	11.90	11.70	11.81	3641603	42907880.00
2015/01/15	11.82	12.08	11.28	11.67	25621231	294549888.00
2015/01/16	11.51	11.75	11.39	11.67	14287975	165043888.00
2015/01/19	11.40	11.96	11.35	11.58	12238130	143124944.00
2015/01/20	11.58	12.09	11.58	12.07	14328949	170230048.00
2015/01/21	12.20	12.50	11.97	12.39	21858508	268273632.00
2015/01/22	12.40	12.72	12.22	12.71	28675764	358066816.00
2015/01/23	12.78	12.80	12.32	12.37	22921300	286538112.00
2015/01/26	12.38	12.63	12.13	12.48	18611995	232097984.00
2015/01/27	12.48	12.60	12.24	12.36	13537682	167781760.00
2015/01/28	12.31	12.46	12.26	12.38	10767322	133385552.00
2015/01/29	12.32	12.94	12.25	12.81	29644406	376004096.00
2015/01/30	12.80	13.00	12.43	12.44	20197008	256685152.00
2015/02/02	12.43	12.66	12.21	12.32	11968793	148748832.00
2015/02/03	12.37	12.64	12.30	12.45	12989040	162353840.00
2015/02/04	12.44	12.60	12.29	12.36	14395038	178702208.00
2015/02/05	12.47	12.48	12.12	12.31	17389546	213599728.00
2015/02/06	12.19	12.24	11.55	11.58	18385963	216896432.00
2015/02/09	11.57	11.68	11.09	11.29	13684205	154771776.00
2015/02/10	11.29	11.35	11.20	11.29	7441569	83951248.00
2015/02/11	11.38	11.58	11.30	11.48	8702607	99609320.00
2015/02/12	11.48	11.67	11.40	11.66	8219816	95070808.00
2015/02/13	11.68	12.33	11.68	12.28	18435146	222482544.00
2015/02/16	12.42	12.94	12.30	12.50	25241015	317403808.00
2015/02/17	12.55	12.85	12.31	12.78	20849208	263238816.00
2015/02/25	12.80	12.86	12.55	12.62	20898074	263820720.00
2015/02/26	12.69	12.75	12.49	12.69	22599557	284856416.00
2015/02/27	12.73	13.56	12.71	13.28	48013847	634450176.00
2015/03/02	13.32	13.80	13.32	13.43	41236930	557611456.00
2015/03/03	13.36	14.33	13.20	13.89	38895254	535296320.00
2015/03/04	13.89	14.50	13.63	14.45	41522164	581274560.00
2015/03/05	14.40	15.37	14.27	15.03	47364216	702801600.00
2015/03/06	15.02	15.39	14.50	14.51	38453804	568555584.00
2015/03/09	14.35	14.57	13.89	14.35	23119769	329209088.00
2015/03/10	14.30	15.12	14.14	14.88	29614150	435916224.00
2015/03/11	14.30	14.59	13.96	14.36	40288815	575952896.00
2015/03/12	14.27	14.95	14.02	14.61	31565478	457656960.00
2015/03/13	14.62	14.80	14.42	14.56	23958026	349428608.00
2015/03/16	14.70	15.30	14.55	15.03	39794071	597180800.00
2015/03/17	15.29	15.29	14.70	14.91	38159957	567650752.00
2015/03/18	14.86	15.30	14.74	15.30	33535863	506731200.00
2015/03/19	15.32	15.41	15.01	15.33	28781249	437167840.00
2015/03/20	15.31	16.82	15.23	16.36	45637167	739420416.00
2015/03/23	16.42	16.68	16.15	16.49	36420621	597652864.00
2015/03/24	16.49	16.55	15.42	16.33	36159005	582715712.00
2015/03/25	16.20	16.24	15.71	16.02	26033089	413894528.00
2015/03/26	15.89	16.18	15.68	15.88	20763980	329500672.00
2015/03/27	15.81	16.50	15.81	16.20	19845845	322165472.00
2015/03/30	16.20	16.53	16.00	16.24	20606337	334384864.00
2015/03/31	16.25	16.39	15.90	15.97	20964200	336982080.00
2015/04/01	15.98	16.10	15.70	16.09	20197233	321120256.00
2015/04/02	16.13	17.10	16.13	17.06	42096362	701848960.00
2015/04/03	16.90	16.95	16.64	16.81	22340131	375297376.00
2015/04/07	16.80	17.52	16.53	17.24	33206641	562635264.00
2015/04/08	17.24	17.47	16.72	16.91	24253511	413168896.00
2015/04/09	16.96	16.99	15.96	16.33	23200904	379596288.00
2015/04/10	16.33	16.85	16.01	16.63	18187839	300602784.00
2015/04/13	16.75	16.85	16.29	16.46	21584644	355594976.00
2015/04/14	16.42	16.42	15.96	16.06	24306953	392552512.00
2015/04/15	15.98	15.98	15.10	15.30	23312144	361346464.00
2015/04/16	15.20	15.72	14.80	15.36	19906154	304152832.00
2015/04/17	15.46	16.05	15.46	15.69	20868271	329080832.00
2015/04/20	15.31	15.50	14.76	14.81	26056642	394767872.00
2015/04/21	14.80	15.40	14.80	15.37	15802421	240397248.00
2015/04/22	15.45	15.93	15.45	15.78	21456730	336380160.00
2015/04/23	15.85	16.35	15.58	16.29	28717550	459974464.00
2015/04/24	16.28	16.48	16.02	16.32	25056349	407107072.00
2015/04/27	16.35	16.50	15.76	16.11	30358758	488133344.00
2015/04/28	16.05	16.10	15.18	15.55	18422613	288011744.00
2015/04/29	15.38	16.30	15.15	16.24	25813688	412979872.00
2015/04/30	16.10	16.46	15.90	15.91	26907214	435617472.00
2015/05/05	15.74	15.74	15.74	15.74	0	0.00
数据来源:通达信
