600289 亿阳信通 日线 前复权
      日期	    开盘	    最高	    最低	    收盘	    成交量	    成交额
2011/10/10	6.59	6.72	6.59	6.64	3449207	23454908.00
2011/10/11	6.81	6.86	6.66	6.75	6203749	42950912.00
2011/10/12	6.73	7.08	6.66	7.05	9120287	64864480.00
2011/10/13	7.01	7.12	6.94	7.03	8358565	60132888.00
2011/10/17	7.05	7.11	6.95	6.98	5766044	41361112.00
2011/10/18	6.94	7.11	6.75	6.82	9321912	66708536.00
2011/10/19	6.85	6.94	6.75	6.83	4787618	33648996.00
2011/10/20	6.77	6.87	6.47	6.55	6924015	46806840.00
2011/10/21	6.56	6.58	6.40	6.43	3479811	23090486.00
2011/10/24	6.50	6.59	6.34	6.55	6050896	40108608.00
2011/10/25	6.58	6.87	6.49	6.81	8366878	57715696.00
2011/10/26	6.75	7.09	6.72	6.94	11911667	84626552.00
2011/10/27	6.95	7.03	6.90	6.99	7478712	53214320.00
2011/10/28	7.06	7.11	6.96	7.07	10560651	76091704.00
2011/10/31	7.03	7.16	6.98	7.06	8074459	58257024.00
2011/11/01	6.99	7.26	6.96	7.16	14764473	107568952.00
2011/11/02	7.02	7.58	7.00	7.54	24492174	184149088.00
2011/11/03	7.59	7.79	7.40	7.48	25762121	199660640.00
2011/11/04	7.56	7.59	7.43	7.50	10018151	76754992.00
2011/11/07	7.49	7.61	7.43	7.50	7809239	60014148.00
2011/11/08	7.49	7.51	7.24	7.33	8684629	65488292.00
2011/11/09	7.40	7.54	7.18	7.53	10656313	80315544.00
2011/11/10	7.41	7.47	7.30	7.32	9430238	71218480.00
2011/11/11	7.32	7.44	7.24	7.29	5284882	39584868.00
2011/11/14	7.40	7.50	7.33	7.46	8624591	65571008.00
2011/11/15	7.56	8.22	7.49	8.22	37045074	301238848.00
2011/11/16	8.54	9.06	8.48	9.06	53066796	480529312.00
2011/11/17	9.70	9.70	9.03	9.31	110429616	1040688704.00
2011/11/18	9.23	9.52	9.10	9.20	80138616	757962304.00
2011/11/21	9.17	9.33	8.59	8.84	57172760	520255776.00
2011/11/22	8.80	9.02	8.65	8.94	49977884	451391328.00
2011/11/23	8.93	9.00	8.68	8.74	30866517	276651936.00
2011/11/24	8.60	8.89	8.60	8.76	29153843	260342480.00
2011/11/25	8.69	8.70	8.19	8.20	44057208	378451872.00
2011/11/28	8.24	8.30	8.06	8.18	29435566	245829120.00
2011/11/29	8.26	8.51	8.11	8.45	45677361	387081152.00
2011/11/30	8.34	8.34	7.59	7.83	47553182	383895808.00
2011/12/01	8.04	8.52	7.88	8.11	52388157	437262368.00
2011/12/02	7.92	7.99	7.64	7.65	25633779	202958816.00
2011/12/05	7.64	7.64	7.11	7.23	16571553	125537664.00
2011/12/06	7.13	7.39	7.10	7.30	14843267	109865512.00
2011/12/07	7.31	7.40	7.14	7.38	14127002	105351520.00
2011/12/08	7.31	7.76	7.05	7.50	32113415	245325616.00
2011/12/09	7.33	7.51	7.24	7.25	14941393	112265856.00
2011/12/12	7.27	7.66	7.26	7.49	26796934	205197728.00
2011/12/13	7.36	7.52	7.19	7.26	20638914	154815600.00
2011/12/14	7.15	7.20	6.84	7.01	18165573	130774768.00
2011/12/15	6.94	7.31	6.89	7.00	21591390	157450768.00
2011/12/16	7.02	7.60	6.91	7.57	29249104	217628144.00
2011/12/19	7.50	7.72	7.34	7.68	28842875	222201488.00
2011/12/20	7.58	7.68	7.21	7.23	25492018	194081104.00
2011/12/21	7.33	7.53	7.07	7.14	21418033	160473008.00
2011/12/22	6.99	7.10	6.56	6.87	21095701	147163760.00
2011/12/23	6.80	7.14	6.73	7.02	17480500	124674416.00
2011/12/26	7.06	7.21	6.84	6.86	15818769	113972280.00
2011/12/27	6.82	6.84	6.45	6.52	15788814	106971640.00
2011/12/28	6.42	6.69	6.37	6.67	11458835	76527920.00
2011/12/29	6.67	6.70	6.56	6.59	8419655	57178576.00
2011/12/30	6.64	6.76	6.62	6.66	8113561	55599376.00
2012/01/04	6.75	6.75	6.17	6.19	10788668	71731752.00
2012/01/05	6.22	6.28	5.72	5.80	16104642	98464176.00
2012/01/06	5.76	5.90	5.61	5.88	8360478	49464244.00
2012/01/09	5.82	6.17	5.82	6.16	10661703	66145144.00
2012/01/10	6.14	6.48	6.08	6.46	15676204	101645232.00
2012/01/11	6.41	6.91	6.36	6.54	22443346	152848912.00
2012/01/12	6.45	6.59	6.37	6.45	14174411	94155648.00
2012/01/13	6.46	6.51	6.05	6.08	14415741	91675512.00
2012/01/16	5.97	6.08	5.80	5.81	7840296	47888756.00
2012/01/17	5.84	6.34	5.84	6.29	10907148	68041240.00
2012/01/18	6.25	6.40	6.03	6.14	11449787	73214776.00
2012/01/19	6.14	6.32	6.12	6.22	9664178	61727116.00
2012/01/20	6.26	6.35	6.25	6.33	7645325	49491932.00
2012/01/30	6.34	6.38	6.14	6.24	7907869	50892560.00
2012/01/31	6.21	6.38	6.18	6.34	7252838	46652136.00
2012/02/01	6.32	6.44	6.20	6.23	8412810	54563792.00
2012/02/02	6.26	6.42	6.19	6.41	8691929	56364096.00
2012/02/03	6.38	6.63	6.35	6.56	16812523	112250640.00
2012/02/06	6.60	6.70	6.51	6.61	15701640	106365424.00
2012/02/07	6.61	6.62	6.36	6.44	11531582	76475296.00
2012/02/08	6.44	6.71	6.38	6.69	20420701	137462128.00
2012/02/09	6.64	7.02	6.58	6.79	26704111	185437760.00
2012/02/10	6.74	6.81	6.61	6.72	15708873	108177880.00
2012/02/13	6.64	7.11	6.55	6.95	26860485	189899104.00
2012/02/14	6.89	6.94	6.77	6.87	14700410	102939336.00
2012/02/15	6.84	7.16	6.82	7.13	28528793	204914560.00
2012/02/16	7.21	7.30	6.98	7.08	26032013	190094384.00
2012/02/17	7.13	7.16	6.90	7.00	17334448	124018328.00
2012/02/20	7.12	7.42	7.04	7.12	27758123	204430032.00
2012/02/21	7.12	7.29	6.99	7.25	23546565	172548720.00
2012/02/22	7.21	7.55	7.17	7.51	32559761	245543824.00
2012/02/23	7.44	7.50	7.28	7.41	24705756	186591632.00
2012/02/24	7.38	7.46	7.35	7.43	16784301	127110560.00
2012/02/27	7.52	7.61	7.32	7.33	27875660	212438368.00
2012/02/28	7.28	7.34	7.18	7.31	18713156	139044192.00
2012/02/29	7.29	7.42	7.20	7.22	13844024	103331408.00
2012/03/01	7.17	7.64	7.16	7.38	30354557	231450608.00
2012/03/02	7.40	7.51	7.35	7.47	16864859	127987536.00
2012/03/05	7.54	7.69	7.41	7.44	19687599	151942176.00
2012/03/06	7.44	7.66	7.28	7.64	27856363	213341872.00
2012/03/07	7.52	7.67	7.46	7.47	21665844	167209360.00
2012/03/08	7.52	7.62	7.47	7.51	15170264	116712040.00
2012/03/09	7.55	7.84	7.52	7.69	26009975	204398560.00
2012/03/12	7.66	7.78	7.62	7.75	19294134	151588880.00
2012/03/13	7.74	7.80	7.65	7.78	17354522	136783856.00
2012/03/14	7.81	7.89	7.17	7.27	31942658	246839200.00
2012/03/15	7.23	7.30	6.93	7.10	16529791	120232632.00
2012/03/16	7.12	7.29	7.03	7.28	12728351	93478568.00
2012/03/19	7.26	7.46	7.19	7.40	13947132	104465312.00
2012/03/20	7.33	7.38	7.03	7.04	14464444	106149856.00
2012/03/21	7.09	7.19	6.94	7.14	10283587	74447120.00
2012/03/22	7.12	7.17	7.01	7.08	7125723	51733248.00
2012/03/23	7.04	7.04	6.82	6.86	12348805	87382208.00
2012/03/26	6.84	6.93	6.82	6.90	5518071	38801424.00
2012/03/27	6.95	7.05	6.93	6.96	7479541	53460820.00
2012/03/28	6.96	6.96	6.52	6.57	11250394	77126880.00
2012/03/29	6.50	6.62	6.29	6.37	7973906	52815600.00
2012/03/30	6.36	6.44	6.30	6.38	6566637	42913376.00
2012/04/05	6.40	6.61	6.36	6.60	7622834	50874064.00
2012/04/06	6.59	6.73	6.54	6.64	6864953	46609984.00
2012/04/09	6.59	6.66	6.47	6.49	5609898	37695760.00
2012/04/10	6.47	6.62	6.29	6.61	6983767	46193496.00
2012/04/11	6.50	6.69	6.47	6.69	7433884	50357888.00
2012/04/12	6.73	7.06	6.64	7.04	21560306	151602320.00
2012/04/13	7.02	7.17	6.95	7.15	15024644	108742688.00
2012/04/16	7.09	7.43	7.03	7.34	31476468	233127472.00
2012/04/17	7.21	7.48	7.10	7.21	26487378	197470672.00
2012/04/18	7.19	7.72	7.15	7.67	32724885	248432352.00
2012/04/19	7.59	8.34	7.49	8.01	56849610	453196800.00
2012/04/20	7.84	8.00	7.67	7.74	49807513	396919168.00
2012/04/23	7.56	7.60	7.21	7.30	31105298	234353808.00
2012/04/24	7.19	7.42	7.04	7.36	19219837	142270480.00
2012/04/25	7.29	7.43	7.17	7.35	17009157	127114728.00
2012/04/26	7.35	7.35	7.14	7.18	13300590	98197896.00
2012/04/27	7.17	7.31	7.13	7.21	8500076	62728508.00
2012/05/02	7.35	7.36	7.22	7.23	10206459	75978864.00
2012/05/03	7.19	7.42	7.14	7.40	12772641	95485456.00
2012/05/04	7.41	7.56	7.29	7.51	16702481	127061232.00
2012/05/07	7.58	7.68	7.44	7.62	19395117	149772704.00
2012/05/08	7.55	7.58	7.37	7.44	11676523	89049248.00
2012/05/09	7.37	7.37	7.12	7.13	11762895	86774224.00
2012/05/10	7.21	7.23	7.04	7.14	11925936	86863600.00
2012/05/14	7.19	7.20	7.00	7.01	10735714	77622496.00
2012/05/15	6.94	6.94	6.80	6.93	8248031	57922240.00
2012/05/16	6.93	7.01	6.86	6.89	7252578	51567452.00
2012/05/17	6.88	7.06	6.85	7.04	7630547	54555124.00
2012/05/18	6.99	7.04	6.91	6.93	5479728	39110104.00
2012/05/21	6.93	7.15	6.87	7.09	13923616	100593016.00
2012/05/22	7.09	7.16	7.05	7.11	15852801	115209984.00
2012/05/23	7.09	7.09	6.87	6.91	9563932	68063560.00
2012/05/24	6.89	7.11	6.85	7.00	10358632	73968552.00
2012/05/25	7.00	7.04	6.88	6.98	7277356	51822176.00
2012/05/28	6.89	7.53	6.87	7.10	13582216	97960008.00
2012/05/29	7.09	7.16	7.03	7.12	12026997	87480376.00
2012/05/30	7.13	7.16	7.04	7.12	7456817	54055364.00
2012/05/31	7.06	7.25	7.02	7.14	12407202	90461816.00
2012/06/01	7.14	7.22	7.05	7.07	7507191	54794144.00
2012/06/04	6.93	6.95	6.52	6.53	13775539	94938464.00
2012/06/05	6.54	6.61	6.47	6.54	6027346	40339456.00
2012/06/06	6.55	6.61	6.47	6.52	5069242	33988308.00
2012/06/07	6.63	6.66	6.47	6.49	3844787	25765740.00
2012/06/08	6.55	6.57	6.45	6.46	3726096	24860572.00
2012/06/11	6.43	6.57	6.42	6.55	4444914	29597376.00
2012/06/12	6.52	6.53	6.42	6.42	4834558	32016272.00
2012/06/13	6.48	6.52	6.37	6.51	4430891	29371920.00
2012/06/14	6.50	6.59	6.46	6.51	5019989	33555664.00
2012/06/15	6.54	6.58	6.41	6.51	4099147	27343312.00
2012/06/18	6.58	6.60	6.52	6.55	3630548	24396182.00
2012/06/19	6.55	6.57	6.48	6.51	3570488	23864924.00
2012/06/20	6.55	6.63	6.50	6.58	5546023	37376608.00
2012/06/21	6.55	6.62	6.37	6.39	4457034	29481918.00
2012/06/25	6.32	6.34	6.08	6.09	5235594	33226554.00
2012/06/26	6.05	6.13	6.00	6.08	3676479	22891540.00
2012/06/27	6.08	6.13	6.01	6.02	3068907	19120608.00
2012/06/28	6.04	6.07	5.85	5.86	3055459	18723398.00
2012/06/29	5.86	5.97	5.83	5.96	2948830	17918644.00
2012/07/02	6.00	6.06	5.95	5.98	2695250	16591417.00
2012/07/03	5.99	6.02	5.91	5.94	4345707	26628566.00
2012/07/04	5.96	5.99	5.87	5.89	4421911	26954016.00
2012/07/05	5.92	5.92	5.69	5.69	4423222	26177004.00
2012/07/06	5.78	5.90	5.62	5.86	4753667	28152128.00
2012/07/09	5.79	5.86	5.62	5.68	3971993	23420646.00
2012/07/10	5.70	5.70	5.55	5.63	2775761	15851822.00
2012/07/11	5.60	5.69	5.59	5.67	2212649	12721924.00
2012/07/12	5.67	5.83	5.61	5.80	3883819	22690504.00
2012/07/13	5.77	5.85	5.72	5.75	2910949	17137038.00
2012/07/16	5.77	5.78	5.52	5.54	4053667	23135908.00
2012/07/17	5.51	5.66	5.46	5.62	2330306	13274574.00
2012/07/18	5.62	5.74	5.57	5.73	4812477	27786336.00
2012/07/19	5.71	5.85	5.70	5.74	5702543	33531618.00
2012/07/20	5.74	5.83	5.68	5.76	4373264	25653708.00
2012/07/23	5.71	5.71	5.60	5.65	2981160	17127468.00
2012/07/24	5.61	5.76	5.59	5.68	2389346	13815287.00
2012/07/25	5.65	5.71	5.59	5.64	2438766	14055377.00
2012/07/26	5.62	5.72	5.57	5.63	3248578	18688906.00
2012/07/27	5.65	5.68	5.60	5.66	2206879	12660156.00
2012/07/30	5.69	5.69	5.37	5.45	3641396	20423992.00
2012/07/31	5.43	5.45	5.27	5.32	2559834	13892939.00
2012/08/01	5.32	5.46	5.29	5.45	2699145	14880637.00
2012/08/02	5.45	5.57	5.40	5.43	2205695	12252769.00
2012/08/03	5.45	5.53	5.40	5.53	2084613	11662850.00
2012/08/06	5.48	5.65	5.48	5.64	4008745	22784952.00
2012/08/07	5.65	5.72	5.60	5.69	4120403	23777924.00
2012/08/08	5.70	5.74	5.62	5.69	4637890	26791044.00
2012/08/09	5.67	5.85	5.62	5.82	6349761	37086572.00
2012/08/10	5.82	5.91	5.75	5.79	4601263	27213252.00
2012/08/13	5.73	5.77	5.56	5.60	4269011	24653482.00
2012/08/14	5.59	5.68	5.46	5.63	4922194	27992304.00
2012/08/15	5.64	5.75	5.57	5.62	4494995	25920524.00
2012/08/16	5.58	5.60	5.45	5.48	3186388	17928616.00
2012/08/17	5.47	5.53	5.44	5.51	1701820	9509751.00
2012/08/20	5.50	5.64	5.45	5.62	3066456	17301414.00
2012/08/21	5.60	5.78	5.60	5.73	5250978	30508268.00
2012/08/22	5.73	5.73	5.60	5.63	3366754	19409308.00
2012/08/23	5.65	5.74	5.62	5.73	5743589	33315128.00
2012/08/24	5.69	5.74	5.53	5.54	4585896	26330876.00
2012/08/27	5.50	5.53	5.36	5.37	3593659	19836448.00
2012/08/28	5.37	5.51	5.35	5.45	3285023	18196136.00
2012/08/29	5.40	5.62	5.40	5.47	4973857	28015036.00
2012/08/30	5.46	5.76	5.44	5.64	10753020	61805580.00
2012/08/31	5.61	5.66	5.55	5.65	4081912	23282764.00
2012/09/03	5.65	5.73	5.59	5.68	4143159	23927816.00
2012/09/04	5.68	5.85	5.63	5.76	11930207	69967088.00
2012/09/05	5.75	6.04	5.66	5.89	12934913	77391760.00
2012/09/06	5.85	6.02	5.79	5.92	9059297	54083812.00
2012/09/07	6.00	6.14	5.90	6.06	16137745	99046512.00
2012/09/10	6.08	6.18	5.98	6.08	11786385	72816552.00
2012/09/11	6.06	6.08	5.98	6.04	6902769	42321440.00
2012/09/12	6.05	6.14	5.94	6.04	9524432	58347776.00
2012/09/13	6.04	6.06	5.90	5.91	6868563	41721220.00
2012/09/14	5.97	6.00	5.86	5.95	6521063	39354696.00
2012/09/17	5.95	5.95	5.69	5.70	6781056	40003300.00
2012/09/18	5.69	5.74	5.64	5.66	3803331	22004294.00
2012/09/19	5.70	6.24	5.68	6.24	30039611	188611088.00
2012/09/20	6.29	6.34	5.93	5.99	34116094	211640544.00
2012/09/21	5.88	5.94	5.63	5.65	17123762	100644672.00
2012/09/24	5.55	5.62	5.41	5.56	10551350	59319600.00
2012/09/25	5.55	5.66	5.45	5.60	9802072	55595216.00
2012/09/26	5.56	6.17	5.55	6.17	45209145	274119200.00
2012/09/27	6.09	6.55	5.96	6.32	67445574	429602912.00
2012/09/28	6.17	6.46	6.06	6.29	43364714	274959776.00
2012/10/08	6.20	6.37	6.12	6.19	24927853	157526688.00
2012/10/09	6.16	6.36	6.16	6.31	26505151	169006864.00
2012/10/10	6.28	6.60	6.23	6.39	34350904	224742800.00
2012/10/11	6.31	6.32	6.10	6.15	20934306	131650856.00
2012/10/12	6.14	6.30	6.00	6.24	18540241	116130200.00
2012/10/15	6.19	6.25	6.03	6.17	10361182	64592704.00
2012/10/16	6.12	6.29	6.07	6.12	11075710	69722152.00
2012/10/17	6.16	6.43	6.08	6.36	21273119	136067232.00
2012/10/18	6.30	6.43	6.29	6.36	16102906	103959200.00
2012/10/19	6.35	6.41	6.20	6.21	11623402	74173296.00
2012/10/22	6.16	6.20	6.09	6.18	8577522	53570136.00
2012/10/23	6.18	6.23	5.98	6.00	11915899	73768840.00
2012/10/24	5.92	6.06	5.92	6.02	6252425	38237716.00
2012/10/25	6.00	6.09	5.92	5.96	6860021	41826328.00
2012/10/26	5.92	5.98	5.73	5.76	7540769	44821020.00
2012/10/29	5.80	5.90	5.76	5.83	5187264	30740468.00
2012/10/30	5.82	5.94	5.82	5.86	4905024	29256802.00
2012/10/31	5.87	5.87	5.62	5.73	7224786	41999140.00
2012/11/01	5.72	5.88	5.72	5.83	5872083	34690500.00
2012/11/02	5.82	5.88	5.77	5.85	5584707	33175062.00
2012/11/05	5.86	5.87	5.75	5.80	4117931	24274860.00
2012/11/06	5.80	5.83	5.57	5.68	7493105	43132152.00
2012/11/07	5.66	5.73	5.62	5.69	4212565	24324996.00
2012/11/08	5.63	5.65	5.44	5.46	6593779	37287060.00
2012/11/09	5.45	5.53	5.43	5.47	4073360	22726236.00
2012/11/12	5.48	5.60	5.47	5.59	4275247	24125460.00
2012/11/13	5.61	5.61	5.46	5.49	3604157	20203912.00
2012/11/14	5.50	5.54	5.42	5.51	2779717	15507086.00
2012/11/15	5.51	5.57	5.41	5.46	4033451	22603028.00
2012/11/16	5.44	5.93	5.28	5.64	7800754	43642024.00
2012/11/19	5.57	5.63	5.46	5.59	5472620	30953126.00
2012/11/20	5.59	5.63	5.54	5.56	3896470	22163184.00
2012/11/21	5.56	5.64	5.48	5.64	4209593	23890566.00
2012/11/22	5.58	5.61	5.51	5.51	3287065	18604434.00
2012/11/23	5.51	5.57	5.41	5.44	3674405	20561360.00
2012/11/26	5.45	5.47	5.35	5.37	2758738	15205399.00
2012/11/27	5.36	5.38	5.08	5.09	5263154	27852640.00
2012/11/28	4.97	5.07	4.96	5.00	3047545	15560261.00
2012/11/29	5.00	5.05	4.87	4.87	3002203	15228875.00
2012/11/30	4.88	4.96	4.85	4.95	2918024	14626778.00
2012/12/03	4.96	4.98	4.73	4.74	2769678	13742291.00
2012/12/04	4.73	4.89	4.66	4.84	3728632	18101020.00
2012/12/05	4.80	5.05	4.78	4.99	5158010	26207818.00
2012/12/06	5.02	5.14	4.98	4.98	4112001	21163448.00
2012/12/07	4.98	5.14	4.96	5.12	5733323	29709504.00
2012/12/10	5.16	5.24	5.11	5.20	6362824	33573844.00
2012/12/11	5.16	5.23	5.12	5.13	5497471	28936512.00
2012/12/12	5.12	5.19	5.04	5.11	4338647	22550720.00
2012/12/13	5.09	5.12	4.96	4.97	5200736	26657190.00
2012/12/14	4.97	5.23	4.96	5.20	8308431	43557104.00
2012/12/17	5.21	5.48	5.20	5.39	12569884	68240528.00
2012/12/18	5.35	5.46	5.27	5.44	11155628	60946304.00
2012/12/19	5.42	5.97	5.38	5.73	29140197	169375248.00
2012/12/20	5.66	5.92	5.64	5.68	33462272	197298880.00
2012/12/21	5.69	5.74	5.47	5.51	12157416	69097760.00
2012/12/24	5.50	5.78	5.45	5.72	7369605	42027956.00
2012/12/25	5.66	5.91	5.64	5.77	30398314	179056672.00
2012/12/26	5.73	5.74	5.59	5.69	19504513	112235592.00
2012/12/27	5.69	5.72	5.60	5.61	9124815	52478856.00
2012/12/28	5.60	5.69	5.58	5.67	6681482	38383620.00
2012/12/31	5.69	5.77	5.66	5.70	7775172	45133604.00
2013/01/04	5.74	5.75	5.52	5.59	6555947	37514184.00
2013/01/07	5.57	5.67	5.57	5.66	4797073	27427078.00
2013/01/08	5.66	6.05	5.63	5.91	27441928	164486608.00
2013/01/09	5.85	5.97	5.76	5.85	15266186	91042952.00
2013/01/10	5.82	5.95	5.79	5.92	16041623	95593296.00
2013/01/11	5.94	6.05	5.84	5.87	25772849	156592480.00
2013/01/14	5.78	5.99	5.73	5.97	27291903	163955488.00
2013/01/15	5.98	6.16	5.95	6.00	25781541	157767680.00
2013/01/16	5.98	6.03	5.78	5.91	18774416	112489936.00
2013/01/17	5.91	5.93	5.76	5.79	10250622	60614656.00
2013/01/18	5.81	5.90	5.73	5.86	10994956	65028428.00
2013/01/21	5.87	5.88	5.80	5.87	9411980	55981484.00
2013/01/22	5.85	5.95	5.75	5.77	13769278	82127312.00
2013/01/23	5.75	5.90	5.66	5.90	12527904	73638672.00
2013/01/24	5.86	5.93	5.63	5.66	14353695	84728472.00
2013/01/25	5.63	5.70	5.55	5.61	6261050	35890776.00
2013/01/28	5.60	5.77	5.60	5.76	6432150	37334180.00
2013/01/29	5.76	5.87	5.72	5.79	8178570	48234136.00
2013/01/30	5.83	5.83	5.71	5.79	7984829	46833516.00
2013/01/31	5.78	5.80	5.68	5.71	6231841	36300080.00
2013/02/01	5.71	5.78	5.68	5.75	4994317	29201190.00
2013/02/04	5.78	5.85	5.74	5.84	10593540	62553904.00
2013/02/05	5.82	5.82	5.70	5.80	7525459	44184584.00
2013/02/06	5.78	5.89	5.78	5.82	8268852	49077424.00
2013/02/07	5.80	5.86	5.79	5.83	7138164	42261940.00
2013/02/08	5.85	5.97	5.83	5.90	10710923	64383224.00
2013/02/18	5.93	6.00	5.89	5.95	9542239	57675272.00
2013/02/19	5.95	5.98	5.76	5.82	9464725	56299244.00
2013/02/20	5.82	6.41	5.78	6.41	45203805	284963040.00
2013/02/21	6.37	6.55	6.22	6.29	58937938	380473472.00
2013/02/22	6.32	6.32	6.08	6.09	19033236	119495416.00
2013/02/25	6.10	6.38	6.02	6.36	23891024	150480416.00
2013/02/26	6.28	6.52	6.12	6.21	44772799	288905504.00
2013/02/27	6.17	6.33	6.15	6.21	12786704	81217856.00
2013/02/28	6.22	6.46	6.17	6.42	37102944	240364544.00
2013/03/01	6.40	6.44	6.22	6.38	28312735	181133792.00
2013/03/04	6.28	6.31	6.03	6.05	17945198	112071720.00
2013/03/05	6.07	6.29	6.02	6.28	16395105	102979672.00
2013/03/06	6.33	6.72	6.30	6.52	37064721	245325552.00
2013/03/07	6.48	6.58	6.40	6.46	23664619	156017392.00
2013/03/08	6.46	6.57	6.33	6.37	16252721	106977784.00
2013/03/11	6.38	6.48	6.28	6.39	8859201	57504992.00
2013/03/12	6.36	6.41	5.96	6.10	16367341	102381648.00
2013/03/13	6.33	6.52	6.19	6.33	25123195	162815600.00
2013/03/14	6.30	6.76	6.19	6.64	32688036	218155168.00
2013/03/15	6.63	6.86	6.45	6.70	35162598	239887808.00
2013/03/18	6.66	6.97	6.60	6.78	27108629	187465824.00
2013/03/19	6.79	6.85	6.60	6.79	20337681	138779056.00
2013/03/20	6.74	6.90	6.66	6.88	25220309	173263248.00
2013/03/21	6.85	6.89	6.73	6.80	21379486	147728608.00
2013/03/22	6.75	6.93	6.70	6.78	19165846	132549896.00
2013/03/25	6.78	6.83	6.63	6.73	12757258	86956024.00
2013/03/26	6.70	6.70	6.54	6.64	9815857	65866104.00
2013/03/27	6.64	6.94	6.62	6.91	22378271	155164736.00
2013/03/28	6.80	6.81	6.58	6.65	16211430	110031376.00
2013/03/29	6.68	7.12	6.62	6.96	27995388	196727808.00
2013/04/01	6.90	7.08	6.83	6.98	15818278	111178344.00
2013/04/02	6.98	7.03	6.66	6.77	19282786	133214440.00
2013/04/03	6.76	6.78	6.42	6.48	17131443	113770576.00
2013/04/08	6.35	6.72	6.23	6.65	14778978	97405040.00
2013/04/09	6.65	6.88	6.59	6.78	12857110	87927296.00
2013/04/10	6.74	6.85	6.57	6.64	9738727	66117548.00
2013/04/11	6.66	6.83	6.66	6.71	9964609	68286608.00
2013/04/12	6.68	6.81	6.60	6.63	10896533	73948744.00
2013/04/15	6.54	6.61	6.37	6.38	9461012	62077280.00
2013/04/16	6.32	6.55	6.31	6.51	5771917	37770772.00
2013/04/17	6.49	6.54	6.40	6.52	6458805	42456920.00
2013/04/18	6.48	6.79	6.44	6.73	11130430	75330392.00
2013/04/19	6.72	6.84	6.71	6.76	10960992	75376816.00
2013/04/22	6.73	7.05	6.72	6.97	17051074	119926000.00
2013/04/23	6.94	7.00	6.60	6.64	13338090	92145280.00
2013/04/24	6.62	7.22	6.62	7.13	26180802	186741968.00
2013/04/25	7.08	7.36	6.91	6.97	32570959	236239760.00
2013/04/26	6.91	7.04	6.69	6.84	17297297	119889040.00
2013/05/02	6.70	6.94	6.69	6.81	9728328	67374904.00
2013/05/03	6.84	7.15	6.82	7.12	16714614	119149216.00
2013/05/06	7.14	7.32	7.06	7.14	19657420	143347584.00
2013/05/07	7.10	7.35	7.09	7.27	17766708	130271024.00
2013/05/08	7.22	7.50	7.17	7.41	24532997	183130272.00
2013/05/09	7.36	7.47	7.24	7.39	16448289	122449856.00
2013/05/10	7.32	7.49	7.11	7.22	20010601	147101952.00
2013/05/13	7.20	7.35	7.10	7.34	13580391	99746464.00
2013/05/14	7.30	7.34	7.07	7.10	13903497	101247696.00
2013/05/15	7.16	7.31	7.08	7.29	12400958	90952312.00
2013/05/16	7.25	7.54	7.18	7.43	21886542	164753312.00
2013/05/17	7.40	7.63	7.34	7.56	20119798	153120112.00
2013/05/20	7.69	8.28	7.69	7.84	35354706	283259520.00
2013/05/21	7.78	8.13	7.77	8.03	29264723	237122192.00
2013/05/22	7.99	8.09	7.80	7.94	18392281	147238208.00
2013/05/23	7.98	8.36	7.88	7.98	29596627	242807136.00
2013/05/24	7.99	8.34	7.99	8.10	24792773	204050736.00
2013/05/27	8.10	8.15	7.87	8.07	17515104	141838384.00
2013/05/28	8.05	8.06	7.82	7.90	13685105	109424696.00
2013/05/29	7.90	7.93	7.72	7.83	12892254	102142256.00
2013/05/30	7.85	8.12	7.75	8.11	19810402	159932976.00
2013/05/31	8.09	8.17	7.85	7.87	14432691	116872392.00
2013/06/03	7.83	8.08	7.78	7.86	11166866	89807864.00
2013/06/04	7.85	7.89	7.42	7.54	14428508	111302120.00
2013/06/05	7.51	7.57	7.27	7.50	9818025	74166368.00
2013/06/06	7.48	7.48	7.26	7.27	6523082	48504984.00
2013/06/07	7.27	7.34	7.01	7.08	8901906	64471324.00
2013/06/13	6.98	6.98	6.55	6.77	9193008	62863744.00
2013/06/14	6.75	6.99	6.75	6.91	6927012	48464556.00
2013/06/17	6.89	6.97	6.78	6.89	6704035	46964744.00
2013/06/18	6.95	7.26	6.83	7.19	14054021	100732336.00
2013/06/19	7.09	7.14	6.90	7.11	10558776	75012600.00
2013/06/20	7.15	7.45	6.91	6.96	17364995	127013816.00
2013/06/21	6.80	7.12	6.65	7.07	10240960	71936296.00
2013/06/24	7.04	7.05	6.42	6.56	10868852	74295720.00
2013/06/25	6.50	6.71	5.89	6.52	14984207	96278680.00
2013/06/26	6.46	6.75	6.40	6.72	11595289	77647624.00
2013/06/27	6.85	6.98	6.61	6.75	15568766	107669904.00
2013/06/28	6.70	7.02	6.57	6.96	16709342	116110880.00
2013/07/01	6.96	7.28	6.81	7.25	22351036	159684112.00
2013/07/02	7.15	7.70	7.09	7.54	30932544	231534112.00
2013/07/03	7.41	7.83	7.21	7.62	31287479	239137616.00
2013/07/04	7.63	7.65	7.34	7.40	17102809	128466544.00
2013/07/05	7.31	7.54	7.15	7.16	14802117	109634040.00
2013/07/08	6.84	7.01	6.66	6.70	12125039	83210416.00
2013/07/09	6.68	6.85	6.59	6.78	9780152	66352156.00
2013/07/10	6.79	6.91	6.65	6.89	14086998	96123160.00
2013/07/11	6.82	7.11	6.79	7.01	15887965	111227040.00
2013/07/12	6.96	7.32	6.96	7.08	17611331	126807504.00
2013/07/15	7.20	7.37	7.16	7.32	17857415	130914376.00
2013/07/16	7.34	7.44	7.16	7.37	13574678	99832568.00
2013/07/17	7.34	8.11	7.29	7.77	56039829	440815072.00
2013/07/18	7.71	8.00	7.62	7.82	35197710	277404544.00
2013/07/19	7.76	8.01	7.45	7.51	26615020	207303216.00
2013/07/22	7.92	8.27	7.86	8.27	64557175	532344448.00
2013/07/23	8.46	8.69	8.30	8.62	68996670	588472448.00
2013/07/24	8.47	8.78	8.31	8.74	49417102	425454720.00
2013/07/25	8.64	8.70	8.06	8.14	36264279	305000768.00
2013/07/26	8.06	8.41	8.01	8.26	23534935	194724288.00
2013/07/29	8.14	8.39	8.04	8.08	18797323	154754048.00
2013/07/30	8.05	8.13	7.62	7.80	21076717	165662128.00
2013/07/31	7.86	8.04	7.76	7.84	15350387	121893304.00
2013/08/01	7.84	8.25	7.79	8.24	18555142	150527712.00
2013/08/02	8.24	8.33	8.05	8.10	17634318	145312992.00
2013/08/05	8.13	8.35	8.05	8.34	15564329	129354872.00
2013/08/06	8.29	8.55	8.22	8.37	18936804	159577840.00
2013/08/07	8.35	8.46	7.99	8.04	21298170	174423200.00
2013/08/08	7.99	8.11	7.98	8.03	12416358	100278608.00
2013/08/09	8.08	8.10	7.71	7.87	15429928	122269200.00
2013/08/12	7.84	7.94	7.74	7.92	13674262	107774024.00
2013/08/13	7.87	8.09	7.87	8.04	11753447	94648312.00
2013/08/14	8.07	8.21	8.00	8.08	13072444	106398384.00
2013/08/15	8.15	8.29	8.01	8.02	15296723	125625920.00
2013/08/16	7.92	8.24	7.83	7.87	17566341	141393936.00
2013/08/19	7.76	8.15	7.62	8.14	18586840	148508656.00
2013/08/20	8.22	8.37	8.09	8.21	20218265	167214144.00
2013/08/21	8.16	8.40	8.12	8.35	22804414	190414352.00
2013/08/22	8.35	8.50	8.26	8.29	18504538	155375632.00
2013/08/23	8.37	8.37	7.90	8.07	20526059	167469872.00
2013/08/26	8.04	8.16	7.94	8.14	15307724	124156024.00
2013/08/27	8.13	8.20	7.93	8.17	20237878	164027968.00
2013/08/28	8.07	8.10	7.89	7.91	14979925	120485512.00
2013/08/29	7.93	8.00	7.86	7.93	9378941	74828304.00
2013/08/30	7.91	7.95	7.30	7.49	21646928	166191952.00
2013/09/02	7.36	7.61	7.28	7.56	10699974	80313168.00
2013/09/03	7.57	7.68	7.46	7.61	8866798	67485952.00
2013/09/04	7.59	7.74	7.57	7.65	6842117	52772720.00
2013/09/05	7.61	7.78	7.46	7.74	11006133	84904832.00
2013/09/06	7.68	7.74	7.56	7.63	8693050	66886560.00
2013/09/09	7.76	7.79	7.64	7.66	8099861	62619900.00
2013/09/10	7.64	7.70	7.47	7.55	11147478	84571376.00
2013/09/11	7.59	7.59	7.29	7.35	11801130	87490944.00
2013/09/12	7.35	7.84	7.35	7.75	20300622	156346448.00
2013/09/13	7.76	7.81	7.65	7.77	9975498	77558928.00
2013/09/16	7.77	8.03	7.70	7.96	14169064	112909280.00
2013/09/17	7.95	7.96	7.71	7.80	9478212	74561608.00
2013/09/18	7.83	7.95	7.69	7.93	7617850	59693368.00
2013/09/23	7.94	8.15	7.91	8.11	15634422	126670552.00
2013/09/24	8.08	8.24	7.95	8.12	16558123	135195024.00
2013/09/25	8.11	8.48	8.04	8.25	22442606	188163872.00
2013/09/26	8.17	8.56	8.17	8.38	25157955	213272112.00
2013/09/27	8.38	8.48	8.27	8.34	10823237	90737440.00
2013/09/30	8.28	8.71	8.28	8.57	14947309	128408576.00
2013/10/08	8.55	8.81	8.45	8.77	20466207	178103056.00
2013/10/09	8.71	8.80	8.56	8.72	18046136	157214608.00
2013/10/10	8.73	9.60	8.60	9.30	44591542	419401632.00
2013/10/11	9.26	9.35	8.76	9.09	30444385	278448704.00
2013/10/14	9.01	9.28	9.01	9.10	16179076	148191968.00
2013/10/15	9.09	9.53	8.88	9.46	24369325	225382480.00
2013/10/16	10.41	10.41	9.76	10.41	79610824	825545216.00
2013/10/17	10.51	11.00	10.06	10.19	70918727	749351680.00
2013/10/18	10.24	11.21	10.24	11.21	21926755	240444368.00
2013/10/21	12.33	12.34	11.68	11.72	76434393	929455680.00
2013/10/22	12.02	12.56	11.01	11.15	92226988	1099882112.00
2013/10/23	10.96	10.96	10.03	10.03	68113421	706539200.00
2013/10/24	9.96	10.24	9.69	10.12	34827063	349151552.00
2013/10/25	10.00	10.07	9.45	9.64	31690937	308789376.00
2013/10/28	9.66	9.84	9.46	9.65	18746857	181891632.00
2013/10/29	9.66	9.76	8.68	8.80	43841448	396347104.00
2013/10/30	8.76	9.11	8.61	9.01	27036825	240926064.00
2013/10/31	8.86	9.04	8.59	8.66	16938797	149800752.00
2013/11/01	8.61	8.69	8.19	8.56	16069689	136666256.00
2013/11/04	8.50	8.79	8.50	8.64	11971356	104243608.00
2013/11/05	8.61	9.13	8.54	9.06	22670830	203062560.00
2013/11/06	9.00	9.31	8.85	8.92	22570908	205771104.00
2013/11/07	8.82	9.21	8.78	8.99	14413159	130462104.00
2013/11/08	9.01	9.23	8.66	9.18	20172430	181617888.00
2013/11/11	9.16	9.23	8.90	8.91	14525150	131554944.00
2013/11/12	8.83	8.98	8.69	8.91	8984982	80062592.00
2013/11/13	8.84	9.14	8.49	8.52	11800332	104909624.00
2013/11/14	8.48	8.87	8.20	8.76	15289586	129938472.00
2013/11/15	8.71	9.26	8.67	8.99	20481557	185601536.00
2013/11/18	9.01	9.24	8.92	9.21	18363243	168287216.00
2013/11/19	9.16	9.50	9.06	9.43	20705559	193847456.00
2013/11/20	9.40	9.84	9.39	9.69	22231499	214892928.00
2013/11/21	9.66	10.08	9.52	9.95	24448994	242914864.00
2013/11/22	9.91	10.02	9.58	9.66	16762315	164160768.00
2013/11/25	9.57	9.76	9.31	9.37	14375340	137437888.00
2013/11/26	9.37	9.64	9.37	9.41	10824558	103310536.00
2013/11/27	9.49	9.90	9.32	9.87	19548795	189630128.00
2013/11/28	10.24	10.41	9.68	9.76	26345332	264071856.00
2013/11/29	9.69	9.97	9.64	9.96	16294739	160280224.00
2013/12/02	9.58	9.81	8.99	9.09	20480124	193190720.00
2013/12/03	9.11	9.51	9.03	9.45	12499737	117148208.00
2013/12/04	9.40	9.92	9.37	9.85	17079301	166298848.00
2013/12/05	9.91	9.91	9.41	9.49	18178365	174851168.00
2013/12/06	9.44	9.44	9.12	9.36	12338895	114714096.00
2013/12/09	9.36	9.43	9.25	9.38	6466916	60655808.00
2013/12/10	9.39	9.43	9.28	9.40	7421697	69792632.00
2013/12/11	9.37	9.37	9.01	9.08	9858166	90801944.00
2013/12/12	9.04	9.18	9.02	9.06	5357408	49061368.00
2013/12/13	9.00	9.04	8.87	8.92	6723787	60375808.00
2013/12/16	8.86	9.29	8.86	9.04	6968127	63809724.00
2013/12/17	9.05	9.32	9.05	9.20	7129154	65982772.00
2013/12/18	9.28	9.28	9.01	9.09	4820580	44231440.00
2013/12/19	9.11	9.26	8.94	8.98	4195383	38278800.00
2013/12/20	8.96	9.09	8.92	9.04	4058176	36701320.00
2013/12/23	9.07	9.26	8.95	9.10	6383494	58756408.00
2013/12/24	9.21	9.24	9.07	9.15	4698724	43214264.00
2013/12/25	9.15	9.23	9.03	9.22	5184496	47623336.00
2013/12/26	9.24	9.24	8.81	8.84	6618549	59796312.00
2013/12/27	8.79	9.03	8.67	8.85	7656347	68214160.00
2013/12/30	8.86	9.08	8.86	8.93	6167652	55618464.00
2013/12/31	8.91	8.98	8.76	8.92	4171489	37199616.00
2014/01/02	8.87	8.96	8.71	8.75	6174638	54587828.00
2014/01/03	8.71	8.73	8.37	8.41	11643393	99306456.00
2014/01/06	8.37	8.37	7.74	7.82	11539896	92827488.00
2014/01/07	7.82	7.93	7.64	7.86	8137685	63696848.00
2014/01/08	7.86	8.04	7.71	7.93	8225542	65274548.00
2014/01/09	7.89	8.31	7.73	8.02	12653475	103085888.00
2014/01/10	7.92	7.99	7.66	7.76	7072836	55250456.00
2014/01/13	7.72	7.76	7.29	7.37	9481908	71363072.00
2014/01/14	7.37	7.56	7.37	7.53	5812026	43578312.00
2014/01/15	7.52	7.66	7.42	7.65	5291330	40198936.00
2014/01/16	7.65	7.82	7.58	7.72	6368527	49276696.00
2014/01/17	7.66	7.87	7.50	7.64	6448149	49547860.00
2014/01/20	7.69	7.69	7.39	7.44	4539291	34071028.00
2014/01/21	7.42	7.79	7.42	7.72	8094535	62239772.00
2014/01/22	7.71	8.08	7.65	8.03	10285284	82143800.00
2014/01/23	8.04	8.12	7.90	8.00	8215404	66147840.00
2014/01/24	7.99	8.20	7.94	8.13	8630124	70299592.00
2014/01/27	8.08	8.34	8.01	8.23	9115169	74977152.00
2014/01/28	8.19	8.30	8.02	8.13	5651546	46231008.00
2014/01/29	8.15	8.24	8.04	8.20	6549238	53601080.00
2014/01/30	8.16	8.34	8.07	8.19	5618833	46341608.00
2014/02/07	8.24	8.62	8.16	8.59	10637111	90394792.00
2014/02/10	8.60	9.10	8.52	8.91	15194436	134423184.00
2014/02/11	8.98	9.33	8.89	8.97	16426740	149839280.00
2014/02/12	8.95	9.06	8.73	9.03	13980002	124297008.00
2014/02/13	8.96	9.24	8.83	8.87	13976102	126785888.00
2014/02/14	8.86	9.56	8.72	9.37	25316225	234353872.00
2014/02/17	9.47	9.79	9.31	9.59	31601107	303906624.00
2014/02/18	9.56	9.69	9.42	9.64	17873655	171699760.00
2014/02/19	9.59	9.63	9.16	9.30	17713542	167151440.00
2014/02/20	9.36	9.42	9.04	9.05	13380616	123523104.00
2014/02/21	9.06	9.19	8.82	9.02	10737256	97079176.00
2014/02/24	8.97	9.31	8.88	9.26	11457607	105327384.00
2014/02/25	9.26	9.49	8.71	8.96	17924293	165132416.00
2014/02/26	8.96	9.01	8.62	8.89	8584322	75854368.00
2014/02/27	8.90	9.40	8.86	9.09	16985302	156822160.00
2014/02/28	9.31	9.40	8.98	9.38	19614039	182142480.00
2014/03/03	9.29	9.49	9.16	9.31	17380484	162950288.00
2014/03/04	9.20	9.72	9.15	9.55	27018102	258824112.00
2014/03/05	9.61	10.38	9.50	10.14	43506219	438848768.00
2014/03/06	10.06	10.06	9.74	9.87	22029775	218565984.00
2014/03/07	9.79	10.11	9.58	9.83	16922697	166784144.00
2014/03/10	9.81	9.81	9.01	9.04	18184702	168791264.00
2014/03/11	8.93	8.98	8.64	8.81	11658593	103025824.00
2014/03/12	8.80	8.87	8.36	8.53	10209991	88444944.00
2014/03/13	8.53	8.72	8.53	8.65	7454916	64754896.00
2014/03/14	8.66	8.71	8.50	8.59	5354049	46154752.00
2014/03/17	8.56	8.91	8.39	8.88	7521859	65647760.00
2014/03/18	8.86	8.98	8.76	8.78	7656959	68384784.00
2014/03/19	8.76	9.14	8.74	9.00	11037390	99771168.00
2014/03/20	8.99	9.12	8.71	8.75	9776719	88253000.00
2014/03/21	8.77	9.01	8.73	8.94	6191447	55263176.00
2014/03/24	8.94	9.12	8.91	9.07	7172833	65127240.00
2014/03/25	9.09	9.29	8.99	9.11	7065440	64878188.00
2014/03/26	9.12	9.15	8.94	8.95	6073574	55177512.00
2014/03/27	8.95	8.99	8.72	8.75	6319893	55901908.00
2014/03/28	8.70	8.78	8.44	8.45	6994563	60229572.00
2014/03/31	8.64	8.80	8.42	8.62	7105756	61463344.00
2014/04/01	8.58	8.80	8.52	8.76	5352406	46994748.00
2014/04/02	8.77	8.84	8.69	8.79	3519844	30975852.00
2014/04/03	8.82	8.98	8.70	8.91	6168849	55040168.00
2014/04/04	8.91	9.05	8.85	8.98	4743610	42684032.00
2014/04/08	8.93	9.14	8.76	9.07	5247008	47537884.00
2014/04/09	9.09	9.43	9.08	9.42	12553718	116933160.00
2014/04/10	9.54	9.55	9.32	9.34	13100940	124187472.00
2014/04/11	9.26	9.34	9.05	9.23	7151128	66240696.00
2014/04/14	9.26	9.51	9.15	9.42	9356668	88149992.00
2014/04/15	9.42	9.59	9.26	9.26	7511891	70796904.00
2014/04/16	9.26	9.50	9.21	9.37	7854487	74128896.00
2014/04/17	9.39	9.45	9.17	9.35	7505954	70173728.00
2014/04/18	9.31	9.42	9.23	9.31	6476741	60648648.00
2014/04/21	9.14	9.25	8.93	8.94	8193836	75057584.00
2014/04/22	8.91	8.97	8.66	8.87	7286593	64514172.00
2014/04/23	8.87	8.87	8.64	8.71	4952175	43363928.00
2014/04/24	8.70	8.78	8.52	8.54	5511974	47846744.00
2014/04/25	8.51	8.68	8.46	8.54	4813574	41359040.00
2014/04/28	8.46	8.46	7.95	8.13	7585711	61943996.00
2014/04/29	8.13	8.25	8.02	8.20	6736198	54919392.00
2014/04/30	8.17	8.26	8.10	8.13	4423844	36293256.00
2014/05/05	8.13	8.18	7.89	8.18	5089456	41088688.00
2014/05/06	8.18	8.28	8.12	8.23	4376366	36121260.00
2014/05/07	8.20	8.23	8.03	8.04	3215788	26202772.00
2014/05/08	8.04	8.23	7.99	8.03	3786477	30802208.00
2014/05/09	8.09	8.09	7.71	7.84	4729863	37506824.00
2014/05/12	7.91	8.21	7.86	8.19	5777710	46705768.00
2014/05/13	8.19	8.21	8.07	8.11	3026385	24725164.00
2014/05/14	8.11	8.19	8.06	8.11	2968887	24259580.00
2014/05/15	8.11	8.17	7.90	7.90	4001579	32365940.00
2014/05/16	8.16	8.58	8.05	8.23	10949074	91222368.00
2014/05/19	8.14	8.15	7.98	8.12	3689293	29911350.00
2014/05/20	8.23	8.24	8.05	8.18	5309474	43483208.00
2014/05/21	8.18	8.24	8.06	8.23	3960384	32393556.00
2014/05/22	8.21	8.41	8.15	8.16	8336942	69323056.00
2014/05/23	8.17	8.42	8.11	8.37	9102267	75966160.00
2014/05/26	8.37	8.44	8.31	8.41	5998489	50449400.00
2014/05/27	8.41	8.53	8.26	8.28	7646092	64529248.00
2014/05/28	8.33	9.11	8.28	9.05	37128804	331667328.00
2014/05/29	8.86	8.97	8.74	8.89	17724967	157646320.00
2014/05/30	8.87	9.10	8.77	8.93	14939448	134407424.00
2014/06/03	8.93	8.94	8.67	8.69	9203126	81358048.00
2014/06/04	8.73	8.74	8.33	8.42	12566334	106871440.00
2014/06/05	8.41	8.61	8.28	8.59	8626119	73766800.00
2014/06/06	8.56	8.71	8.41	8.48	6756915	58191384.00
2014/06/09	8.48	8.53	8.23	8.25	7253279	60994604.00
2014/06/10	8.26	8.54	8.19	8.50	9028362	75864848.00
2014/06/11	8.49	8.70	8.44	8.57	11586808	99606080.00
2014/06/12	8.52	8.91	8.43	8.88	17534659	153230576.00
2014/06/13	8.77	8.96	8.73	8.83	15563651	138239664.00
2014/06/16	8.81	9.02	8.76	8.88	12112070	108303224.00
2014/06/17	8.86	9.20	8.79	9.06	22660962	206390544.00
2014/06/18	9.01	9.08	8.81	8.89	12299147	110253760.00
2014/06/19	8.82	8.94	8.34	8.45	13190075	114548400.00
2014/06/20	8.46	8.57	8.36	8.55	6188626	52803952.00
2014/06/23	8.55	8.73	8.50	8.53	6020207	52035916.00
2014/06/24	8.54	8.80	8.53	8.79	10176338	88886240.00
2014/06/25	8.80	8.83	8.49	8.64	7855060	68246368.00
2014/06/26	8.61	8.91	8.61	8.87	13245305	117250248.00
2014/06/27	8.91	9.04	8.81	8.87	12896307	115484224.00
2014/06/30	8.87	8.99	8.75	8.91	20851734	186095664.00
2014/07/01	8.92	9.09	8.86	8.94	22323885	200951600.00
2014/07/02	8.97	9.01	8.64	8.81	19075696	168931808.00
2014/07/03	8.76	8.80	8.69	8.78	13425509	117960016.00
2014/07/04	8.76	8.90	8.68	8.83	13105952	115753864.00
2014/07/07	8.84	9.14	8.82	9.11	19873476	178980496.00
2014/07/08	9.09	9.16	8.94	9.11	16660285	151636576.00
2014/07/09	9.09	9.42	9.02	9.11	29329332	271594528.00
2014/07/10	9.18	10.00	9.11	9.61	46541426	446294080.00
2014/07/11	9.56	9.61	9.41	9.54	23169786	220704128.00
2014/07/14	9.48	9.79	9.44	9.60	24631158	237953632.00
2014/07/15	9.58	9.69	9.26	9.45	21388862	202302064.00
2014/07/16	9.45	9.49	9.13	9.19	13088054	121262032.00
2014/07/17	9.11	9.27	9.09	9.20	8841191	81092720.00
2014/07/18	9.16	9.33	9.12	9.14	9309153	85851080.00
2014/07/21	9.14	9.47	9.14	9.42	15522184	145306544.00
2014/07/22	9.38	9.53	9.33	9.47	17998121	169978640.00
2014/07/23	9.48	9.48	9.05	9.16	16866210	156166432.00
2014/07/24	9.16	9.24	8.88	8.97	13231877	119246744.00
2014/07/25	8.95	9.14	8.92	9.12	9382024	84582392.00
2014/07/28	9.14	9.25	9.09	9.23	17000178	156044352.00
2014/07/29	9.24	9.36	9.15	9.25	13340290	123623144.00
2014/07/30	9.29	9.39	9.21	9.37	14777052	137484736.00
2014/07/31	9.35	9.43	9.27	9.42	16103137	150941872.00
2014/08/01	9.40	9.42	9.13	9.16	17239445	159945120.00
2014/08/04	9.18	9.32	9.16	9.31	8908160	82510120.00
2014/08/05	9.33	9.52	9.26	9.49	18323728	172520384.00
2014/08/06	9.47	9.48	9.34	9.43	12642460	119051768.00
2014/08/07	9.45	9.60	9.33	9.34	14161984	133980160.00
2014/08/08	9.34	9.48	9.29	9.40	13320356	124971952.00
2014/08/11	9.40	9.65	9.31	9.63	25219489	239604656.00
2014/08/12	9.61	9.70	9.50	9.58	19040661	182516480.00
2014/08/13	9.52	9.67	9.33	9.49	16981585	161168368.00
2014/08/14	9.53	9.83	9.45	9.70	33562195	323798752.00
2014/08/15	9.74	9.92	9.66	9.87	29738834	292115040.00
2014/08/18	9.88	9.95	9.75	9.93	21776083	214872416.00
2014/08/19	9.92	10.19	9.80	9.91	31298331	312508224.00
2014/08/20	9.87	10.06	9.71	9.73	24183647	238013824.00
2014/08/21	9.73	9.83	9.63	9.82	17312956	168571488.00
2014/08/22	9.79	10.19	9.76	10.10	31476253	315218464.00
2014/08/25	10.27	10.35	9.81	9.87	20624755	206766240.00
2014/08/26	9.87	9.96	9.50	9.59	16940238	164399504.00
2014/08/27	9.65	9.84	9.63	9.78	11973638	116584256.00
2014/08/28	9.77	9.79	9.54	9.68	9711544	93965096.00
2014/08/29	9.67	9.79	9.60	9.76	9231433	89543728.00
2014/09/01	9.80	9.96	9.72	9.92	11567588	114314704.00
2014/09/02	9.91	10.11	9.89	10.05	19996443	200781584.00
2014/09/03	10.15	10.17	9.91	10.05	25982082	260438736.00
2014/09/04	10.06	10.99	10.01	10.60	49933498	523283008.00
2014/09/05	10.50	10.60	10.35	10.52	25721551	269356704.00
2014/09/09	10.55	10.75	10.48	10.72	31250651	331843968.00
2014/09/10	10.63	10.79	10.50	10.63	21804999	231882432.00
2014/09/11	10.62	10.81	10.28	10.32	31488966	331639040.00
2014/09/12	10.36	10.48	10.31	10.46	15837005	164916272.00
2014/09/15	10.43	10.70	10.39	10.66	22310951	236397840.00
2014/09/16	10.65	10.66	9.97	9.99	27067744	279001664.00
2014/09/17	10.00	10.14	9.82	10.11	17227447	172219520.00
2014/09/18	10.01	10.26	10.01	10.25	14132302	142966320.00
2014/09/19	10.25	10.33	10.14	10.20	12033907	123105552.00
2014/09/22	10.20	10.23	9.91	9.97	13363741	133903824.00
2014/09/23	9.98	10.19	9.93	10.12	11959094	120469016.00
2014/09/24	10.09	10.33	10.03	10.30	20188076	206602064.00
2014/09/25	10.26	10.60	10.26	10.55	23026082	239698496.00
2014/09/26	10.50	11.25	10.41	10.83	40547983	436127680.00
2014/09/29	10.80	11.23	10.70	10.85	30197395	327717728.00
2014/09/30	10.86	10.98	10.72	10.80	21562392	233079552.00
2014/10/08	10.93	11.09	10.82	11.00	24027860	264113536.00
2014/10/09	11.01	11.03	10.63	10.76	23473456	253529312.00
2014/10/10	10.76	10.91	10.62	10.77	16503466	177858384.00
2014/10/13	10.76	10.76	10.50	10.64	13032714	138023936.00
2014/10/14	10.59	10.76	10.37	10.48	16537400	174944608.00
2014/10/15	10.50	10.70	10.42	10.69	15051965	159343968.00
2014/10/16	10.61	10.70	10.27	10.27	17482783	183648048.00
2014/10/17	10.25	10.37	9.91	10.07	18690660	188730656.00
2014/10/20	10.13	10.24	10.02	10.22	10018278	101774576.00
2014/10/21	10.23	10.42	10.11	10.16	15502932	159205728.00
2014/10/22	10.12	10.27	9.98	10.00	11656065	117889872.00
2014/10/23	10.05	10.10	9.58	9.66	14051023	137576064.00
2014/10/24	9.73	9.79	9.62	9.75	8250624	80313888.00
2014/10/27	9.74	9.94	9.70	9.92	9460507	92890288.00
2014/10/28	9.98	10.20	9.93	10.15	14992565	150844544.00
2014/10/29	10.19	10.80	10.14	10.67	42819154	449328128.00
2014/10/30	10.58	10.61	10.41	10.47	23747751	249551600.00
2014/10/31	10.47	10.73	10.40	10.58	23832479	251951120.00
2014/11/03	10.58	10.84	10.53	10.78	25657409	274473152.00
2014/11/04	10.83	10.83	10.43	10.45	25691688	271855456.00
2014/11/05	10.40	10.49	10.29	10.33	13817869	143177840.00
2014/11/06	10.34	10.53	10.27	10.48	12567033	130741472.00
2014/11/07	10.45	10.55	10.20	10.21	18325038	190917440.00
2014/11/10	10.29	10.29	10.00	10.15	13960164	141080768.00
2014/11/11	10.20	10.21	9.60	9.79	21240983	208905696.00
2014/11/12	9.85	9.98	9.79	9.94	8920907	88116560.00
2014/11/13	9.90	9.96	9.50	9.69	14799173	143570704.00
2014/11/14	9.71	9.85	9.57	9.83	9255851	89691080.00
2014/11/17	9.84	10.04	9.75	10.02	12621232	125366712.00
2014/11/18	9.99	10.25	9.91	10.23	16868010	170467952.00
2014/11/19	10.19	10.54	10.12	10.41	24666132	255764752.00
2014/11/20	10.30	10.35	10.17	10.27	11201920	114779424.00
2014/11/21	10.29	10.33	10.14	10.20	12613571	128896376.00
2014/11/24	10.32	10.49	10.18	10.43	22328340	230694560.00
2014/11/25	10.44	10.70	10.40	10.53	26820242	282908768.00
2014/11/26	10.71	10.80	10.30	10.40	24643400	258706992.00
2014/11/27	10.38	10.61	10.34	10.56	23528686	246734176.00
2014/11/28	10.86	11.62	10.77	11.62	62477603	712525824.00
2014/12/01	11.80	12.78	11.69	12.40	121984890	1508430336.00
2014/12/02	12.51	12.58	12.04	12.44	83278893	1022870016.00
2014/12/03	12.43	13.08	12.13	12.45	75870233	948995520.00
2014/12/04	12.31	12.46	12.11	12.28	50632438	621687168.00
2014/12/05	12.20	12.28	11.10	11.38	54683106	636336768.00
2014/12/08	11.41	11.78	11.32	11.38	45004158	516270944.00
2014/12/09	11.08	11.27	10.54	10.64	45754670	501570016.00
2014/12/10	10.61	11.00	10.60	10.97	24245014	264012048.00
2014/12/11	10.97	11.30	10.91	11.26	36767838	408690112.00
2014/12/12	11.49	11.56	11.15	11.21	22623025	254739696.00
2014/12/15	11.08	11.43	11.00	11.38	24997547	281756512.00
2014/12/16	11.30	11.40	11.10	11.20	21194898	237200576.00
2014/12/17	11.18	11.18	10.82	10.92	20591646	226136800.00
2014/12/18	10.90	11.12	10.84	10.94	16442260	180651856.00
2014/12/19	10.88	11.56	10.75	11.48	48009024	541890432.00
2014/12/22	11.40	11.58	10.33	10.47	41208404	447340640.00
2014/12/23	10.38	10.52	9.98	9.99	20884619	213364416.00
2014/12/24	10.09	10.25	9.92	10.20	13002683	131456480.00
2014/12/25	10.19	10.32	10.12	10.30	12169649	124416024.00
2014/12/26	10.31	10.47	10.11	10.43	19674184	202689808.00
2014/12/29	10.37	10.38	10.02	10.08	17264385	175020688.00
2014/12/30	10.02	10.15	9.70	9.78	14079554	139300368.00
2014/12/31	9.80	9.95	9.73	9.90	9022414	88925432.00
2015/01/05	9.87	10.08	9.64	10.02	14640378	144593984.00
2015/01/06	9.93	10.27	9.83	10.24	16006859	161435968.00
2015/01/07	10.20	10.41	10.10	10.28	19191873	197245584.00
2015/01/08	10.23	10.86	10.15	10.61	30001641	315746016.00
2015/01/09	10.51	10.64	10.31	10.32	16951683	177656224.00
2015/01/12	10.30	10.43	10.10	10.19	10092518	103219776.00
2015/01/13	10.24	10.66	10.17	10.61	24116639	253628112.00
2015/01/14	10.60	10.60	10.30	10.40	11617045	121388032.00
2015/01/15	10.41	10.65	10.37	10.46	11831285	124136176.00
2015/01/16	10.50	10.99	10.45	10.78	35057496	375807008.00
2015/01/19	10.45	10.95	9.90	10.08	27233067	284801952.00
2015/01/20	10.22	10.80	10.11	10.75	28681207	303015456.00
2015/01/21	10.81	11.07	10.74	10.95	33198485	361388704.00
2015/01/22	11.08	11.26	10.87	11.24	34753452	384615232.00
2015/01/23	11.17	11.17	10.82	11.00	26433580	290421920.00
2015/01/26	11.02	11.27	11.00	11.23	23934746	267686736.00
2015/01/27	11.20	11.36	10.99	11.18	22715944	253720832.00
2015/01/28	11.20	11.28	10.91	11.01	19392522	215637456.00
2015/01/29	10.85	11.00	10.63	10.73	16701921	180440880.00
2015/01/30	10.74	10.85	10.57	10.58	14813659	158694992.00
2015/02/02	10.55	10.85	10.51	10.78	12305850	132031584.00
2015/02/03	10.75	11.29	10.73	11.09	22825986	252102304.00
2015/02/04	11.06	11.26	11.00	11.05	19746117	219496528.00
2015/02/05	11.05	11.55	11.04	11.29	40121057	454608736.00
2015/02/06	11.26	11.37	10.79	10.90	19965031	221288400.00
2015/02/09	10.90	11.19	10.82	11.02	14713833	162660896.00
2015/02/10	10.96	11.12	10.58	10.96	23185137	250301584.00
2015/02/11	10.90	11.56	10.90	11.48	37363236	422858464.00
2015/02/12	11.36	11.69	11.35	11.37	32540337	374090080.00
2015/02/13	11.44	11.64	11.42	11.61	31384653	361609088.00
2015/02/16	11.72	12.06	11.52	12.01	45686225	541244672.00
2015/02/17	12.28	12.41	11.83	11.87	41725875	505154080.00
2015/02/25	11.90	12.24	11.83	12.00	32865241	396456352.00
2015/02/26	11.99	12.06	11.63	11.91	29314721	346340032.00
2015/02/27	11.93	12.55	11.78	12.41	51682471	633096832.00
2015/03/02	12.40	12.55	12.27	12.48	37532067	465386368.00
2015/03/03	12.40	12.65	12.25	12.54	38623678	478798240.00
2015/03/04	12.50	12.68	12.45	12.66	34938302	439894624.00
2015/03/05	12.64	12.64	12.26	12.40	26550398	329150848.00
2015/03/06	12.44	12.79	12.06	12.08	37772032	471310464.00
2015/03/09	11.88	12.30	11.81	12.25	24498214	295995456.00
2015/03/10	12.23	12.57	12.19	12.43	22732343	280944128.00
2015/03/11	12.40	12.44	12.10	12.24	20752461	254074912.00
2015/03/12	12.31	12.54	12.00	12.19	21799257	266987936.00
2015/03/13	12.16	12.68	12.11	12.61	34126573	424609856.00
2015/03/16	12.88	13.38	12.71	13.15	59109340	772924160.00
2015/03/17	13.20	13.49	12.91	13.13	48498410	638450752.00
2015/03/18	13.15	13.63	13.10	13.46	45459170	610581952.00
2015/03/19	13.40	13.55	13.16	13.30	35350480	470365664.00
2015/03/20	13.48	14.63	13.47	14.63	70288310	1008070592.00
2015/03/23	15.22	15.98	14.96	15.49	93060379	1425125248.00
2015/03/24	15.75	16.08	14.71	15.95	85366529	1323654784.00
2015/03/25	15.65	15.95	15.31	15.63	54341783	850792448.00
2015/03/26	15.65	15.65	14.75	14.81	48208378	728330176.00
2015/03/27	14.70	15.28	14.66	15.21	27496310	412714048.00
2015/03/30	15.32	15.50	15.08	15.20	28504017	434563200.00
2015/03/31	15.25	15.57	14.90	15.33	35533427	542267520.00
2015/04/01	15.59	16.50	15.34	16.30	51018281	814841216.00
2015/04/02	16.40	16.46	15.74	16.28	40112246	647387392.00
2015/04/03	16.33	17.14	15.85	17.11	53218346	877658304.00
2015/04/07	17.01	17.45	16.85	16.98	43910155	747629248.00
2015/04/08	16.90	17.00	15.86	16.25	43231777	709251328.00
2015/04/09	16.25	16.38	15.00	15.57	35904165	558763776.00
2015/04/10	15.56	16.09	15.36	15.98	26423292	419772544.00
2015/04/13	16.00	17.35	16.00	17.27	50069990	845875328.00
2015/04/14	17.17	17.17	16.80	16.94	29501337	500945120.00
2015/04/15	18.63	18.63	18.63	18.63	12230814	227860064.00
2015/04/16	19.00	20.49	18.68	20.49	86110867	1724613120.00
2015/04/17	20.98	22.20	20.02	20.52	74745905	1582701952.00
2015/04/20	20.05	21.34	19.58	20.25	52777439	1077723392.00
2015/04/21	20.45	21.92	20.20	21.53	44529342	934694208.00
2015/04/22	22.10	22.78	21.20	21.28	47357142	1030489472.00
2015/04/23	21.25	21.25	20.56	20.71	35324622	736897536.00
2015/04/24	20.20	21.28	20.16	21.17	33121580	689658816.00
2015/04/27	21.45	21.78	20.56	20.75	34124128	715750528.00
2015/04/28	20.73	20.73	19.19	19.41	36348574	718940672.00
2015/04/29	19.45	20.56	19.44	20.49	26546504	531412320.00
2015/04/30	20.50	21.38	20.39	20.62	33113295	693626368.00
2015/05/05	20.83	20.83	20.83	20.83	0	0.00
数据来源:通达信
