600866 星湖科技 日线 前复权
      日期	    开盘	    最高	    最低	    收盘	    成交量	    成交额
2011/10/10	8.39	8.42	8.16	8.31	2662354	21974900.00
2011/10/11	8.45	8.48	8.08	8.22	3778974	31478508.00
2011/10/12	8.12	8.47	8.02	8.45	5268330	43988956.00
2011/10/13	8.30	8.38	8.21	8.35	8887354	73803848.00
2011/10/14	8.27	8.29	8.06	8.18	5671194	46324408.00
2011/10/17	8.14	8.24	8.06	8.11	4213565	34315204.00
2011/10/18	8.11	8.11	7.83	7.87	5304863	42085840.00
2011/10/19	7.84	7.92	7.76	7.84	2519540	19703156.00
2011/10/20	7.83	7.83	7.39	7.53	3919887	29563380.00
2011/10/21	7.55	7.55	7.16	7.24	3956861	28885410.00
2011/10/24	7.24	7.33	7.01	7.27	5550697	40110168.00
2011/10/25	7.27	7.52	7.19	7.41	4773317	35064740.00
2011/10/26	7.37	7.55	7.30	7.43	5475061	40819860.00
2011/10/27	7.42	7.70	7.41	7.57	6218813	47067564.00
2011/10/28	7.61	7.90	7.55	7.83	12058647	93702008.00
2011/10/31	7.76	7.82	7.70	7.78	3842156	29769924.00
2011/11/01	7.72	7.95	7.66	7.88	11306198	88694552.00
2011/11/02	7.75	8.06	7.66	8.05	12372859	97945416.00
2011/11/03	8.06	8.35	7.98	8.25	13200453	108035448.00
2011/11/04	8.28	8.30	8.12	8.23	6097509	50003112.00
2011/11/07	8.23	8.24	8.12	8.15	3961885	32355614.00
2011/11/08	8.15	8.46	8.09	8.27	11696731	97317600.00
2011/11/09	8.25	8.45	8.22	8.39	14484260	121012224.00
2011/11/10	8.29	8.33	8.16	8.17	5864011	48275136.00
2011/11/11	8.19	8.30	8.07	8.25	6144634	50371184.00
2011/11/14	8.27	8.50	8.25	8.33	11274379	94607424.00
2011/11/15	8.39	8.48	8.33	8.46	8556178	72002360.00
2011/11/16	8.46	8.50	8.10	8.17	7922561	65583256.00
2011/11/17	8.20	8.23	8.09	8.10	3949348	32151744.00
2011/11/18	8.07	8.07	7.59	7.69	6357225	49500216.00
2011/11/21	7.70	7.72	7.56	7.64	2781888	21178140.00
2011/11/22	7.60	7.65	7.42	7.57	2307052	17423740.00
2011/11/23	7.60	7.63	7.50	7.51	2030435	15342309.00
2011/11/24	7.40	7.57	7.37	7.47	2676860	19944780.00
2011/11/25	7.47	7.53	7.37	7.40	2093721	15583031.00
2011/11/28	7.46	7.51	7.35	7.46	3257304	24179476.00
2011/11/29	7.52	7.65	7.51	7.62	4008626	30430364.00
2011/11/30	7.62	7.67	7.07	7.34	6222358	46131352.00
2011/12/01	7.53	7.76	7.45	7.59	9896803	75739416.00
2011/12/02	7.53	7.66	7.34	7.41	4693570	35219608.00
2011/12/05	7.33	7.33	7.05	7.08	4522752	32376088.00
2011/12/06	7.10	7.13	6.82	6.92	4008763	27852552.00
2011/12/07	6.96	7.14	6.87	7.09	4627870	32558516.00
2011/12/08	7.08	7.08	6.81	6.92	3678594	25466544.00
2011/12/09	6.81	6.93	6.81	6.91	1904319	13111325.00
2011/12/12	6.95	6.95	6.70	6.71	2351094	15968471.00
2011/12/13	6.70	6.70	6.13	6.22	5317488	33920032.00
2011/12/14	6.26	6.27	5.92	5.96	3861385	23549932.00
2011/12/15	5.95	5.95	5.66	5.78	5313084	30788892.00
2011/12/16	5.78	5.95	5.69	5.91	3226684	18682686.00
2011/12/19	5.80	5.88	5.67	5.83	3327124	19199520.00
2011/12/20	5.79	5.94	5.79	5.86	3964142	23266376.00
2011/12/21	5.91	5.95	5.69	5.75	3573989	20874654.00
2011/12/22	5.69	5.70	5.38	5.58	4134776	22898492.00
2011/12/23	5.56	5.72	5.52	5.65	2674145	15083373.00
2011/12/26	5.65	5.77	5.62	5.63	1953272	11096307.00
2011/12/27	5.63	5.64	5.48	5.49	2032961	11265093.00
2011/12/28	5.46	5.50	5.37	5.48	2322581	12612870.00
2011/12/29	5.48	5.53	5.43	5.50	2239136	12297792.00
2011/12/30	5.55	5.59	5.41	5.58	2226627	12364044.00
2012/01/04	5.65	5.74	5.49	5.69	3989095	22476188.00
2012/01/05	5.60	5.70	5.35	5.40	3454121	19193444.00
2012/01/06	5.40	5.40	5.10	5.28	4481611	23352336.00
2012/01/09	5.30	5.53	5.23	5.52	4018635	21747874.00
2012/01/10	5.65	5.93	5.56	5.92	9720765	56128888.00
2012/01/11	5.92	5.92	5.72	5.85	7198672	41864296.00
2012/01/12	5.85	5.92	5.78	5.83	5569440	32529566.00
2012/01/13	5.78	5.81	5.50	5.51	6291105	35423936.00
2012/01/16	5.42	5.42	5.26	5.27	3642233	19507150.00
2012/01/17	5.25	5.60	5.20	5.58	4462463	24262000.00
2012/01/18	5.57	5.68	5.40	5.43	4001099	22201350.00
2012/01/19	5.36	5.53	5.35	5.46	4321441	23431260.00
2012/01/20	5.49	5.64	5.42	5.60	3976852	22074476.00
2012/01/30	5.61	5.65	5.50	5.54	3122190	17425932.00
2012/01/31	5.53	5.55	5.42	5.50	2907556	15919432.00
2012/02/01	5.46	5.57	5.44	5.50	2201607	12116186.00
2012/02/02	5.51	5.62	5.49	5.61	3192960	17783844.00
2012/02/03	5.61	6.12	5.58	5.95	12044140	71055832.00
2012/02/06	5.90	5.97	5.85	5.93	6466995	38180128.00
2012/02/07	5.87	5.89	5.68	5.74	4826780	27849416.00
2012/02/08	5.74	5.96	5.69	5.94	5960042	34950352.00
2012/02/09	5.92	6.28	5.92	6.12	10960796	67065800.00
2012/02/10	6.08	6.15	6.00	6.08	6307254	38282496.00
2012/02/13	6.01	6.27	5.95	6.19	7192603	44422376.00
2012/02/14	6.20	6.22	6.11	6.15	4201967	25863404.00
2012/02/15	6.15	6.54	6.15	6.43	9809778	62414816.00
2012/02/16	6.40	6.49	6.30	6.37	7272184	46441280.00
2012/02/17	6.44	6.44	6.21	6.26	5105611	32135322.00
2012/02/20	6.37	6.39	6.24	6.25	5287052	33355114.00
2012/02/21	6.23	6.32	6.15	6.31	4862600	30352180.00
2012/02/22	6.30	6.46	6.28	6.44	8962909	56986704.00
2012/02/23	6.41	6.60	6.40	6.60	11419381	74469472.00
2012/02/24	6.60	6.66	6.52	6.62	8217303	54154400.00
2012/02/27	6.63	6.78	6.59	6.59	9799429	65465648.00
2012/02/28	6.53	6.59	6.42	6.51	9109342	59231292.00
2012/02/29	6.46	6.53	6.41	6.43	4528528	29282624.00
2012/03/01	6.41	6.49	6.34	6.47	4323950	27782380.00
2012/03/02	6.48	6.62	6.48	6.61	5350980	35139852.00
2012/03/05	6.66	6.75	6.61	6.68	7526155	50286728.00
2012/03/06	6.66	6.77	6.53	6.75	8594049	56856976.00
2012/03/07	6.67	7.05	6.65	6.80	22300918	153686224.00
2012/03/08	6.88	7.34	6.88	7.24	28332729	202898960.00
2012/03/09	7.25	7.30	7.15	7.28	13043176	94088928.00
2012/03/12	7.25	7.64	7.25	7.56	16498798	123651840.00
2012/03/13	7.50	7.76	7.46	7.57	12292138	93465824.00
2012/03/14	7.59	7.83	7.17	7.33	23148136	175012096.00
2012/03/15	7.33	7.99	7.31	7.85	33837922	261361520.00
2012/03/16	7.85	8.25	7.72	8.23	26115091	207945808.00
2012/03/19	8.20	8.39	7.74	7.90	39734904	316568448.00
2012/03/20	7.80	7.80	7.58	7.65	18461171	142051280.00
2012/03/21	7.67	7.70	7.12	7.36	25002372	184388304.00
2012/03/22	7.33	7.51	7.20	7.34	10175448	75305208.00
2012/03/23	7.27	7.42	7.00	7.05	13689382	97765816.00
2012/03/26	7.07	7.12	6.90	6.98	8457533	59278688.00
2012/03/27	7.00	7.08	6.86	6.90	8082122	56467120.00
2012/03/28	6.92	6.92	6.57	6.58	8506205	57063692.00
2012/03/29	6.61	6.77	6.43	6.67	8662652	57176760.00
2012/03/30	6.66	6.71	6.40	6.53	6197122	40503352.00
2012/04/05	6.55	6.88	6.55	6.86	8155025	55085056.00
2012/04/06	6.83	6.92	6.73	6.83	5064049	34579424.00
2012/04/09	6.80	6.95	6.74	6.75	4955062	33976532.00
2012/04/10	6.75	6.77	6.42	6.74	6624105	43699128.00
2012/04/11	6.68	6.82	6.55	6.74	3850216	25825794.00
2012/04/12	6.78	6.92	6.75	6.89	7191178	49310752.00
2012/04/13	6.92	7.03	6.84	7.00	8564590	59403748.00
2012/04/17	6.88	6.88	6.59	6.62	10965913	73679056.00
2012/04/18	6.63	6.82	6.62	6.73	7190939	48266188.00
2012/04/19	6.75	6.88	6.63	6.87	9621189	65222232.00
2012/04/20	6.84	6.89	6.71	6.79	7717067	52481736.00
2012/04/23	6.76	6.79	6.43	6.48	7962424	52760680.00
2012/04/24	6.44	6.52	6.08	6.45	10457904	66369704.00
2012/04/25	6.45	6.57	6.36	6.46	5984898	38672504.00
2012/04/26	6.46	6.54	6.32	6.37	5113840	32774440.00
2012/04/27	6.33	6.39	6.20	6.22	3959494	24856680.00
2012/05/02	6.30	6.35	6.10	6.19	5009397	31161336.00
2012/05/03	6.21	6.41	6.20	6.35	4381594	27733548.00
2012/05/04	6.33	6.42	6.30	6.40	3617975	23076430.00
2012/05/07	6.39	6.48	6.34	6.46	3884017	24903392.00
2012/05/08	6.46	6.53	6.39	6.50	4702603	30438450.00
2012/05/09	6.48	6.48	6.32	6.33	2833752	18058264.00
2012/05/10	6.34	6.40	6.31	6.37	1784631	11339252.00
2012/05/11	6.36	6.52	6.36	6.45	5143573	33141756.00
2012/05/14	6.46	6.56	6.41	6.50	6886984	44687868.00
2012/05/15	6.48	6.56	6.35	6.45	4624938	29905794.00
2012/05/16	6.44	6.50	6.25	6.26	4414265	27985180.00
2012/05/17	6.26	6.32	6.15	6.28	3366534	21065682.00
2012/05/18	6.27	6.27	6.13	6.13	3623691	22410928.00
2012/05/21	6.15	6.18	5.99	6.07	3244159	19703124.00
2012/05/22	6.12	6.14	6.07	6.11	2599009	15843809.00
2012/05/23	6.12	6.15	6.05	6.09	2413707	14710735.00
2012/05/24	6.07	6.11	5.97	6.01	2339197	14105554.00
2012/05/25	6.00	6.02	5.86	5.90	3486460	20689860.00
2012/05/28	5.90	5.95	5.66	5.90	3456354	20175724.00
2012/05/29	5.91	6.08	5.91	6.07	3834357	23030244.00
2012/05/30	6.07	6.14	6.02	6.03	2190351	13306825.00
2012/05/31	6.03	6.11	5.96	6.07	3163691	19145136.00
2012/06/01	6.08	6.09	6.01	6.06	2000673	12101444.00
2012/06/04	5.95	5.99	5.78	5.79	3069500	18134776.00
2012/06/05	5.80	5.85	5.72	5.77	1995739	11547803.00
2012/06/06	5.80	5.83	5.73	5.75	1417737	8201038.00
2012/06/07	5.75	5.91	5.75	5.90	3790970	22133024.00
2012/06/08	6.00	6.40	5.97	6.03	12829757	78620304.00
2012/06/11	6.50	6.50	6.05	6.15	7985235	48924412.00
2012/06/12	6.10	6.10	5.90	5.92	4613764	27684496.00
2012/06/13	5.92	6.05	5.89	6.01	3640550	21749940.00
2012/06/14	6.00	6.01	5.88	5.89	3344977	19840530.00
2012/06/15	5.90	5.96	5.83	5.92	2795754	16482796.00
2012/06/18	5.94	5.98	5.92	5.94	2374583	14113083.00
2012/06/19	5.94	5.95	5.84	5.86	2067322	12147001.00
2012/06/20	5.87	5.89	5.79	5.80	2243791	13070578.00
2012/06/21	5.79	5.79	5.52	5.59	4068335	22931186.00
2012/06/25	5.57	5.63	5.38	5.39	2722244	15002991.00
2012/06/26	5.38	5.43	5.27	5.41	2856001	15269860.00
2012/06/27	5.40	5.45	5.20	5.26	2008498	10742463.00
2012/06/28	5.30	5.46	5.20	5.26	5602032	29738812.00
2012/06/29	5.28	5.33	5.20	5.30	2535664	13392149.00
2012/07/02	5.34	5.39	5.30	5.36	2426301	12977349.00
2012/07/03	5.35	5.41	5.29	5.32	2738352	14631136.00
2012/07/04	5.36	5.36	5.23	5.26	1797059	9471890.00
2012/07/05	5.25	5.25	5.03	5.06	4389158	22395104.00
2012/07/06	5.10	5.12	4.95	5.11	3417780	17191380.00
2012/07/09	5.07	5.07	4.88	4.90	2731506	13604541.00
2012/07/10	4.90	4.93	4.82	4.91	2118959	10355140.00
2012/07/11	4.88	4.94	4.85	4.92	1663795	8145656.00
2012/07/12	4.91	5.05	4.86	5.01	2709350	13504563.00
2012/07/13	4.99	5.03	4.94	4.95	1631445	8126204.00
2012/07/16	4.91	4.91	4.46	4.46	12274564	56486740.00
2012/07/17	4.44	4.52	4.38	4.49	3181622	14233282.00
2012/07/18	4.47	4.57	4.46	4.56	2355619	10612642.00
2012/07/19	4.56	4.76	4.53	4.66	5076524	23757778.00
2012/07/20	4.64	4.70	4.62	4.65	1990797	9277396.00
2012/07/23	4.60	4.65	4.52	4.58	1768042	8077014.00
2012/07/24	4.55	4.66	4.53	4.63	1911625	8807677.00
2012/07/25	4.63	4.69	4.55	4.61	1739405	8044537.00
2012/07/26	4.59	4.65	4.55	4.59	1619659	7467340.00
2012/07/27	4.65	4.65	4.53	4.56	1369558	6269976.00
2012/07/30	4.55	4.58	4.24	4.28	4618849	20100672.00
2012/07/31	4.28	4.28	4.06	4.13	3610099	14946780.00
2012/08/01	4.12	4.22	4.11	4.17	1716943	7164206.00
2012/08/02	4.20	4.24	4.13	4.16	2081938	8693213.00
2012/08/03	4.20	4.31	4.15	4.31	2935134	12455267.00
2012/08/06	4.30	4.52	4.27	4.46	4599061	20236712.00
2012/08/07	4.48	4.60	4.43	4.57	4384859	19849812.00
2012/08/08	4.58	4.66	4.51	4.57	3098861	14167169.00
2012/08/09	4.53	4.65	4.50	4.65	3809885	17503612.00
2012/08/10	4.67	4.68	4.58	4.62	2331505	10765168.00
2012/08/13	4.61	4.61	4.41	4.42	3106602	14009717.00
2012/08/14	4.42	4.50	4.35	4.49	2361600	10452075.00
2012/08/15	4.55	4.55	4.43	4.47	1919880	8597824.00
2012/08/16	4.47	4.48	4.35	4.40	2007724	8840232.00
2012/08/17	4.40	4.46	4.33	4.41	1385817	6088985.00
2012/08/20	4.37	4.43	4.34	4.41	1212293	5296953.00
2012/08/21	4.43	4.56	4.39	4.50	2237171	10083737.00
2012/08/22	4.52	4.56	4.42	4.44	1914866	8577702.00
2012/08/23	4.46	4.54	4.45	4.52	1820085	8187791.00
2012/08/24	4.52	4.86	4.51	4.65	9907677	46725448.00
2012/08/27	4.55	4.64	4.30	4.41	4687131	20778886.00
2012/08/28	4.37	4.47	4.33	4.43	3161786	13905268.00
2012/08/29	4.43	4.44	4.35	4.36	1765239	7772853.00
2012/08/30	4.36	4.43	4.16	4.28	2236100	9624268.00
2012/08/31	4.25	4.32	4.22	4.29	977134	4170881.00
2012/09/03	4.29	4.37	4.25	4.36	1334121	5793125.00
2012/09/04	4.35	4.39	4.28	4.30	1300695	5653672.00
2012/09/05	4.31	4.36	4.25	4.33	1434761	6182105.00
2012/09/06	4.33	4.42	4.33	4.40	1733231	7579108.00
2012/09/07	4.44	4.63	4.43	4.59	5799196	26512718.00
2012/09/10	4.61	4.65	4.56	4.61	4248789	19586116.00
2012/09/11	4.61	4.64	4.54	4.64	2667008	12260520.00
2012/09/12	4.67	4.69	4.59	4.68	2671001	12387109.00
2012/09/13	4.68	4.75	4.56	4.57	3654188	17128220.00
2012/09/14	4.62	4.66	4.54	4.60	3436920	15809351.00
2012/09/17	4.61	4.61	4.35	4.36	3173053	14207308.00
2012/09/18	4.36	4.38	4.32	4.36	1883015	8182549.00
2012/09/19	4.35	4.42	4.33	4.41	1638017	7150903.00
2012/09/20	4.36	4.39	4.26	4.27	2178974	9408555.00
2012/09/21	4.24	4.32	4.24	4.27	1340443	5729467.00
2012/09/24	4.25	4.32	4.18	4.28	2226456	9414594.00
2012/09/25	4.25	4.31	4.21	4.28	1611394	6863962.00
2012/09/26	4.25	4.56	4.22	4.28	3933304	16951714.00
2012/09/27	4.25	4.38	4.23	4.37	3755847	16199752.00
2012/09/28	4.33	4.46	4.33	4.45	2644291	11621830.00
2012/10/08	4.41	4.52	4.37	4.43	2748090	12146949.00
2012/10/09	4.44	4.58	4.42	4.57	4226540	19118952.00
2012/10/10	4.55	4.65	4.53	4.65	4409634	20303496.00
2012/10/11	4.64	4.78	4.50	4.56	6362109	29649624.00
2012/10/12	4.59	4.65	4.48	4.63	6734007	30747516.00
2012/10/15	4.59	4.64	4.51	4.56	2994037	13641412.00
2012/10/16	4.51	4.58	4.44	4.53	4013163	18096868.00
2012/10/17	4.50	4.65	4.50	4.56	5459224	25076036.00
2012/10/18	4.58	5.02	4.54	5.02	22514914	109760272.00
2012/10/19	5.20	5.52	5.12	5.27	51932331	276271584.00
2012/10/22	5.12	5.22	5.03	5.19	24268847	124839896.00
2012/10/23	5.24	5.25	5.05	5.12	15113689	77154856.00
2012/10/24	5.05	5.08	4.90	5.00	15344091	76581208.00
2012/10/25	4.98	5.02	4.76	4.80	12953845	63283392.00
2012/10/26	4.78	4.89	4.67	4.73	9959390	47602996.00
2012/10/29	4.66	4.85	4.65	4.84	9600944	45826472.00
2012/10/30	4.83	4.85	4.68	4.69	8952845	42655620.00
2012/10/31	4.67	4.73	4.55	4.72	5146577	23929678.00
2012/11/01	4.72	4.83	4.68	4.76	6328497	30194160.00
2012/11/02	4.76	4.82	4.73	4.74	4998831	23824536.00
2012/11/05	4.74	4.74	4.58	4.62	6565442	30391994.00
2012/11/06	4.62	4.67	4.53	4.66	4800995	22076164.00
2012/11/07	4.66	4.66	4.58	4.62	2967385	13709222.00
2012/11/08	4.57	4.57	4.32	4.34	6517701	29003440.00
2012/11/09	4.33	4.38	4.28	4.31	3784605	16401806.00
2012/11/12	4.29	4.45	4.29	4.41	3574809	15708392.00
2012/11/13	4.41	4.41	4.30	4.31	2513810	10913035.00
2012/11/14	4.30	4.35	4.22	4.33	2114241	9071364.00
2012/11/15	4.30	4.35	4.26	4.29	2084518	8964447.00
2012/11/16	4.27	4.29	4.17	4.22	2259653	9520012.00
2012/11/19	4.20	4.27	4.18	4.26	1486713	6278980.00
2012/11/20	4.28	4.30	4.22	4.23	1245801	5306260.00
2012/11/21	4.22	4.28	4.18	4.28	2308052	9773459.00
2012/11/22	4.29	4.41	4.21	4.29	3975018	17228816.00
2012/11/23	4.28	4.36	4.26	4.34	2534085	10935237.00
2012/11/26	4.33	4.35	4.25	4.27	1580218	6784267.00
2012/11/27	4.22	4.25	4.02	4.03	3018299	12423150.00
2012/11/28	4.03	4.03	3.89	3.91	3018064	11840457.00
2012/11/29	3.92	3.94	3.85	3.86	1989735	7744572.00
2012/11/30	3.86	3.93	3.81	3.90	2081156	8109692.00
2012/12/03	3.90	3.93	3.75	3.77	1563651	6020748.00
2012/12/04	3.77	3.84	3.70	3.81	1425930	5375355.00
2012/12/05	3.81	4.01	3.80	3.97	3376782	13298460.00
2012/12/06	3.98	4.02	3.91	3.94	1809572	7162315.00
2012/12/07	3.94	4.08	3.91	4.06	4467180	17996352.00
2012/12/10	4.07	4.16	4.07	4.15	4439245	18288428.00
2012/12/11	4.15	4.15	4.04	4.05	3711588	15173708.00
2012/12/12	4.05	4.09	4.01	4.06	2578102	10444310.00
2012/12/13	4.07	4.11	3.96	3.98	2205482	8884228.00
2012/12/14	4.00	4.38	3.98	4.21	8858235	37291052.00
2012/12/17	4.21	4.30	4.19	4.24	6036090	25717732.00
2012/12/18	4.66	4.66	4.66	4.66	4364931	20340578.00
2012/12/19	5.13	5.13	5.13	5.13	9733924	49935032.00
2012/12/20	5.13	5.13	4.62	4.87	43831425	211918784.00
2012/12/21	4.70	4.95	4.68	4.72	23470469	112534272.00
2012/12/24	4.65	4.75	4.58	4.65	16397359	76193944.00
2012/12/25	4.63	4.71	4.55	4.71	19404342	90529720.00
2012/12/26	4.68	4.72	4.60	4.71	13950293	65026892.00
2012/12/27	4.73	4.74	4.53	4.54	13961565	64669452.00
2012/12/28	4.52	4.58	4.48	4.57	9482629	43084932.00
2012/12/31	4.59	4.69	4.55	4.64	8926841	41268872.00
2013/01/04	4.68	4.71	4.51	4.55	8366749	38366696.00
2013/01/07	4.68	4.78	4.60	4.69	13782838	64406300.00
2013/01/08	4.72	5.02	4.67	4.94	28297037	137274976.00
2013/01/09	4.91	4.91	4.72	4.78	15600768	74857144.00
2013/01/10	4.80	4.81	4.68	4.74	11144516	52771688.00
2013/01/11	4.76	4.77	4.52	4.53	9812747	45387036.00
2013/01/14	4.55	4.69	4.54	4.65	8599466	39772600.00
2013/01/15	4.62	4.77	4.61	4.76	10579694	50027760.00
2013/01/16	4.76	4.78	4.57	4.67	8447793	39531240.00
2013/01/17	4.66	4.68	4.54	4.60	6736956	30985936.00
2013/01/18	4.60	4.70	4.57	4.67	6313795	29289376.00
2013/01/21	4.69	4.74	4.63	4.73	7836912	36751160.00
2013/01/22	4.72	4.72	4.59	4.60	6242900	29055580.00
2013/01/23	4.60	4.74	4.58	4.73	7989444	37235368.00
2013/01/24	4.73	4.76	4.50	4.55	8788574	40922480.00
2013/01/25	4.55	4.69	4.53	4.55	5564442	25694512.00
2013/01/28	4.59	4.67	4.53	4.65	4587917	21229784.00
2013/01/29	4.66	4.83	4.63	4.78	10739566	50858976.00
2013/01/30	4.75	4.76	4.64	4.72	8935319	41977716.00
2013/01/31	4.73	4.73	4.58	4.61	6709397	31009872.00
2013/02/01	4.61	4.66	4.58	4.65	4759651	22075674.00
2013/02/04	4.62	4.83	4.57	4.76	11350351	53433900.00
2013/02/05	4.72	4.82	4.67	4.75	7255408	34467608.00
2013/02/06	4.76	4.89	4.76	4.81	10014253	48510568.00
2013/02/07	4.78	4.87	4.76	4.80	5361181	25805882.00
2013/02/08	4.79	4.88	4.79	4.81	5287385	25505044.00
2013/02/18	4.83	5.01	4.78	4.99	12071102	59048992.00
2013/02/19	4.96	5.00	4.75	4.81	9003369	43940320.00
2013/02/20	4.82	4.88	4.75	4.83	7824394	37655224.00
2013/02/21	4.80	4.96	4.75	4.85	12741695	61974180.00
2013/02/22	4.82	4.84	4.64	4.70	7044950	33312420.00
2013/02/25	4.69	4.77	4.65	4.73	4616905	21715702.00
2013/02/26	4.71	4.77	4.60	4.61	5599366	26209512.00
2013/02/27	4.62	4.65	4.60	4.64	3474515	16056015.00
2013/02/28	4.66	4.77	4.61	4.75	5546796	26052736.00
2013/03/01	4.77	4.77	4.66	4.75	5564871	26265204.00
2013/03/04	4.72	4.72	4.56	4.60	6011425	27754376.00
2013/03/05	4.61	4.69	4.60	4.68	5014761	23300260.00
2013/03/06	4.71	5.15	4.70	4.91	20910164	103231800.00
2013/03/07	4.86	4.92	4.83	4.89	10390205	50645552.00
2013/03/08	4.88	4.98	4.81	4.82	5136344	24978840.00
2013/03/11	4.79	4.89	4.76	4.82	4211530	20396302.00
2013/03/12	4.80	5.11	4.79	4.88	15526888	76375616.00
2013/03/13	4.90	5.25	4.85	5.15	30642482	155535904.00
2013/03/14	5.09	5.12	4.98	5.00	16119013	81064536.00
2013/03/15	5.00	5.25	4.99	5.10	20329423	104249360.00
2013/03/18	5.08	5.14	4.93	4.95	12068121	60528952.00
2013/03/19	4.93	4.98	4.75	4.82	9834519	47565992.00
2013/03/20	4.82	4.93	4.75	4.90	10081814	48893920.00
2013/03/21	4.90	4.93	4.83	4.84	11902206	58012224.00
2013/03/22	4.86	5.01	4.85	4.99	11259848	55756800.00
2013/03/25	4.99	5.10	4.92	4.95	10930226	54867548.00
2013/03/26	4.92	4.96	4.79	4.83	7805032	37752728.00
2013/03/27	4.80	4.86	4.70	4.73	8119880	38783496.00
2013/03/28	4.72	4.72	4.57	4.60	7185109	33185814.00
2013/03/29	4.60	4.69	4.58	4.64	4376536	20246130.00
2013/04/01	4.70	4.75	4.64	4.67	4468305	20950900.00
2013/04/02	4.71	4.73	4.60	4.62	3837041	17882786.00
2013/04/03	4.62	4.85	4.62	4.72	7943285	37590864.00
2013/04/08	4.70	4.83	4.62	4.76	8098548	38484960.00
2013/04/09	4.76	4.82	4.70	4.75	4908313	23358608.00
2013/04/10	4.72	4.78	4.61	4.65	5425353	25400680.00
2013/04/11	4.67	4.70	4.52	4.53	5765052	26463328.00
2013/04/12	4.52	4.55	4.25	4.30	8487042	37002288.00
2013/04/15	4.30	4.36	4.28	4.33	4412704	19066878.00
2013/04/16	4.31	4.36	4.21	4.33	3334561	14302873.00
2013/04/17	4.33	4.36	4.27	4.35	2711358	11687640.00
2013/04/18	4.34	4.37	4.31	4.35	2458190	10677573.00
2013/04/19	4.36	4.43	4.35	4.41	3207948	14113203.00
2013/04/22	4.37	4.43	4.36	4.43	3410623	14977535.00
2013/04/23	4.44	4.44	4.26	4.27	3961341	17193812.00
2013/04/24	4.28	4.34	4.22	4.32	3200667	13714667.00
2013/04/25	4.32	4.37	4.27	4.27	3178412	13726178.00
2013/04/26	4.27	4.29	4.01	4.04	5278709	21752308.00
2013/05/02	4.04	4.11	4.02	4.07	2745197	11162551.00
2013/05/03	4.07	4.17	4.07	4.17	2200618	9129209.00
2013/05/06	4.24	4.35	4.21	4.28	5609891	23966536.00
2013/05/07	4.28	4.32	4.21	4.24	2523892	10726186.00
2013/05/08	4.24	4.30	4.23	4.29	3725816	15894258.00
2013/05/09	4.29	4.32	4.23	4.27	3841801	16390401.00
2013/05/10	4.25	4.33	4.22	4.29	4367598	18680678.00
2013/05/13	4.31	4.31	4.24	4.30	2563524	10933539.00
2013/05/14	4.30	4.30	4.15	4.25	3985793	16720625.00
2013/05/15	4.22	4.30	4.18	4.29	3512839	15027963.00
2013/05/16	4.29	4.38	4.25	4.36	4740323	20588386.00
2013/05/17	4.36	4.41	4.32	4.40	5080068	22152806.00
2013/05/20	4.40	4.42	4.35	4.42	5181065	22791046.00
2013/05/21	4.41	4.47	4.39	4.46	5185300	22995672.00
2013/05/22	4.45	4.50	4.41	4.44	4880506	21705212.00
2013/05/23	4.45	4.45	4.36	4.40	4540608	19993212.00
2013/05/24	4.38	4.42	4.35	4.40	3812015	16736527.00
2013/05/27	4.40	4.43	4.37	4.43	3047698	13445521.00
2013/05/28	4.44	4.53	4.43	4.52	6246313	28029212.00
2013/05/29	4.52	4.54	4.48	4.51	3326744	14991875.00
2013/05/30	4.51	4.51	4.46	4.47	3712558	16606720.00
2013/05/31	4.46	4.53	4.44	4.45	3045912	13663044.00
2013/06/03	4.46	4.62	4.41	4.59	8579537	38934492.00
2013/06/04	4.57	4.58	4.44	4.52	6778493	30511800.00
2013/06/05	4.52	4.74	4.50	4.63	12583764	58192612.00
2013/06/06	4.61	4.73	4.58	4.67	8587845	39956584.00
2013/06/07	4.69	4.73	4.42	4.43	7967341	36246348.00
2013/06/13	4.40	4.40	4.03	4.14	6455813	26841652.00
2013/06/14	4.18	4.22	4.13	4.19	4634451	19325386.00
2013/06/17	4.21	4.25	4.15	4.17	3254307	13646943.00
2013/06/18	4.17	4.35	4.16	4.27	8065771	34274088.00
2013/06/19	4.23	4.25	4.13	4.19	2841946	11881448.00
2013/06/20	4.19	4.23	4.03	4.04	3677858	15109454.00
2013/06/21	4.00	4.02	3.85	4.00	2591953	10245335.00
2013/06/24	4.00	4.01	3.67	3.67	3606990	13804143.00
2013/06/25	3.70	3.77	3.42	3.70	4333340	15698363.00
2013/06/26	3.70	3.75	3.63	3.70	3397534	12493929.00
2013/06/27	3.70	3.74	3.55	3.56	3344278	12210959.00
2013/06/28	3.57	3.68	3.50	3.57	2215571	7897460.00
2013/07/01	3.58	3.60	3.48	3.60	5027327	17737232.00
2013/07/02	3.60	3.61	3.51	3.58	3683849	13095876.00
2013/07/03	3.58	3.58	3.42	3.48	5032052	17503768.00
2013/07/04	3.46	3.56	3.42	3.54	5023057	17603604.00
2013/07/05	3.55	3.71	3.52	3.70	7880472	28549610.00
2013/07/08	3.65	3.76	3.57	3.62	8136881	29927812.00
2013/07/09	3.60	3.64	3.52	3.57	3750558	13317945.00
2013/07/10	3.57	3.74	3.52	3.69	6639443	24229414.00
2013/07/11	3.69	3.82	3.64	3.75	8136818	30437248.00
2013/07/12	3.78	3.79	3.66	3.67	4865003	18112472.00
2013/07/15	3.71	3.75	3.64	3.72	3867926	14305201.00
2013/07/16	3.72	3.75	3.66	3.74	3707863	13758964.00
2013/07/17	3.74	3.75	3.67	3.70	2954320	10965741.00
2013/07/18	3.67	3.69	3.60	3.60	3683163	13361367.00
2013/07/19	3.59	3.65	3.51	3.51	3399630	12191368.00
2013/07/22	3.50	3.59	3.46	3.56	2172948	7669749.00
2013/07/23	3.58	3.67	3.55	3.65	3498259	12674871.00
2013/07/24	3.61	3.65	3.57	3.61	2734645	9851181.00
2013/07/25	3.60	3.66	3.59	3.60	3375236	12244414.00
2013/07/26	3.61	3.63	3.54	3.60	2187107	7818597.00
2013/07/29	3.55	3.59	3.50	3.51	2876340	10161532.00
2013/07/30	3.53	3.56	3.46	3.51	2119342	7437466.00
2013/07/31	3.53	3.62	3.50	3.55	2323032	8265762.00
2013/08/01	3.55	3.64	3.54	3.63	3813229	13726509.00
2013/08/02	3.64	3.69	3.61	3.66	4320460	15765351.00
2013/08/05	3.67	3.73	3.63	3.70	4105806	15084096.00
2013/08/06	3.71	3.80	3.67	3.77	7614387	28567996.00
2013/08/07	4.15	4.15	4.15	4.15	8919192	37014648.00
2013/08/08	4.28	4.28	4.06	4.10	25165176	105166416.00
2013/08/09	4.12	4.14	4.00	4.07	10482398	42712424.00
2013/08/12	4.05	4.11	4.02	4.07	8609194	34967732.00
2013/08/13	4.07	4.32	4.01	4.22	14172988	58902912.00
2013/08/14	4.20	4.22	4.07	4.10	7821127	32285356.00
2013/08/15	4.10	4.11	4.02	4.04	5158164	20980660.00
2013/08/16	4.01	4.14	3.96	3.97	5625212	22751240.00
2013/08/19	3.95	4.01	3.92	3.99	3364830	13346270.00
2013/08/20	4.00	4.14	3.93	4.07	5955210	24056632.00
2013/08/21	4.05	4.08	3.99	4.02	3433869	13831227.00
2013/08/22	4.03	4.10	4.00	4.06	3272206	13276487.00
2013/08/23	4.06	4.08	3.94	3.98	3445455	13808834.00
2013/08/26	3.98	4.07	3.98	4.06	3495938	14171399.00
2013/08/27	4.08	4.09	4.05	4.07	3469852	14120759.00
2013/08/28	4.09	4.10	4.00	4.05	4284699	17295052.00
2013/08/29	4.07	4.11	4.04	4.09	5475269	22320924.00
2013/08/30	4.08	4.29	4.05	4.16	13390988	55898848.00
2013/09/02	4.16	4.27	4.08	4.14	7481352	31020342.00
2013/09/03	4.15	4.19	4.11	4.15	5047115	20942184.00
2013/09/04	4.16	4.20	4.12	4.18	4620747	19209552.00
2013/09/05	4.18	4.18	4.08	4.09	4227524	17433492.00
2013/09/06	4.09	4.12	4.03	4.06	3892362	15792708.00
2013/09/09	4.06	4.14	4.04	4.09	4732928	19360916.00
2013/09/10	4.09	4.15	4.07	4.14	4753975	19568370.00
2013/09/11	4.13	4.30	4.13	4.28	10762503	45635088.00
2013/09/12	4.30	4.31	4.21	4.24	4836459	20490176.00
2013/09/13	4.25	4.26	4.18	4.24	3566829	15046360.00
2013/09/16	4.25	4.29	4.21	4.25	4179095	17769788.00
2013/09/17	4.25	4.35	4.19	4.20	8906572	38181000.00
2013/09/18	4.21	4.33	4.21	4.26	3760677	16063578.00
2013/09/23	4.29	4.29	4.22	4.25	4003833	17008220.00
2013/09/24	4.35	4.58	4.29	4.54	17126230	77086584.00
2013/09/25	4.53	4.53	4.42	4.44	6914775	30868212.00
2013/09/26	4.40	4.48	4.28	4.31	5198590	22808992.00
2013/09/27	4.30	4.38	4.29	4.31	3748517	16225833.00
2013/09/30	4.35	4.37	4.26	4.35	3011450	12978328.00
2013/10/08	4.34	4.47	4.27	4.45	5978808	25922832.00
2013/10/09	4.42	4.73	4.39	4.62	10472089	48283644.00
2013/10/10	4.60	4.70	4.52	4.62	6179864	28635112.00
2013/10/11	4.62	4.73	4.62	4.71	6995459	32817808.00
2013/10/14	4.69	4.76	4.56	4.61	7532058	35063548.00
2013/10/15	4.60	4.68	4.52	4.67	6301805	28891140.00
2013/10/16	4.65	4.65	4.45	4.47	5118661	23126516.00
2013/10/17	4.48	4.68	4.48	4.66	6419730	29375744.00
2013/10/18	4.80	4.99	4.64	4.65	15506012	74480272.00
2013/10/21	4.61	4.67	4.50	4.63	8349937	38237112.00
2013/10/22	4.62	4.62	4.54	4.56	4686701	21424908.00
2013/10/23	4.55	4.63	4.41	4.42	6113528	27533288.00
2013/10/24	4.43	4.45	4.30	4.32	5062207	22073446.00
2013/10/25	4.35	4.35	4.28	4.30	3579170	15417988.00
2013/10/28	4.32	4.39	4.23	4.29	3234863	13903879.00
2013/10/29	4.30	4.33	4.08	4.14	4799377	20050596.00
2013/10/30	4.14	4.25	4.14	4.25	2396281	10068351.00
2013/10/31	4.23	4.37	4.18	4.27	4793503	20683460.00
2013/11/01	4.27	4.36	4.19	4.23	1988322	8481855.00
2013/11/04	4.23	4.32	4.22	4.28	1259904	5385597.00
2013/11/05	4.28	4.38	4.24	4.35	2533207	10941256.00
2013/11/06	4.33	4.38	4.25	4.25	1741034	7521016.00
2013/11/07	4.25	4.25	4.15	4.16	2214186	9282728.00
2013/11/08	4.14	4.17	4.06	4.08	2602523	10642287.00
2013/11/11	4.04	4.12	4.04	4.09	1613074	6581453.00
2013/11/12	4.07	4.15	4.07	4.14	1105571	4559521.00
2013/11/13	4.14	4.14	4.06	4.06	1706818	6966963.00
2013/11/14	4.06	4.11	4.00	4.09	1690235	6853086.00
2013/11/15	4.08	4.20	4.08	4.15	3207586	13313172.00
2013/11/18	4.17	4.24	4.14	4.23	3456575	14530601.00
2013/11/19	4.23	4.24	4.20	4.23	2838672	11978757.00
2013/11/20	4.22	4.29	4.19	4.26	3758751	15907047.00
2013/11/21	4.27	4.27	4.19	4.21	3088950	13012726.00
2013/11/22	4.21	4.27	4.21	4.23	2042999	8649291.00
2013/11/25	4.23	4.26	4.20	4.25	3275990	13854314.00
2013/11/26	4.24	4.27	4.18	4.19	2136167	8987946.00
2013/11/27	4.18	4.20	4.13	4.19	3075026	12812140.00
2013/11/28	4.20	4.28	4.19	4.23	4286663	18182002.00
2013/11/29	4.32	4.65	4.30	4.50	30722608	139298672.00
2013/12/02	4.50	4.95	4.46	4.72	45705835	216106304.00
2013/12/03	4.54	4.71	4.48	4.69	21907450	100878584.00
2013/12/04	4.69	4.72	4.61	4.65	18587720	86601512.00
2013/12/05	4.60	4.62	4.50	4.55	12835458	58320800.00
2013/12/06	4.55	4.65	4.50	4.51	9655419	44052368.00
2013/12/09	4.52	4.63	4.49	4.54	9843518	44815200.00
2013/12/10	4.54	4.71	4.51	4.68	13838383	63665152.00
2013/12/11	4.79	4.95	4.60	4.66	23196759	110484248.00
2013/12/12	4.61	4.98	4.58	4.87	29425010	141446256.00
2013/12/13	4.80	4.86	4.71	4.77	15437129	73643888.00
2013/12/16	4.79	4.93	4.73	4.75	14499770	69772928.00
2013/12/17	4.73	4.80	4.50	4.59	11202336	51801332.00
2013/12/18	4.58	4.69	4.54	4.58	5234307	24156924.00
2013/12/19	4.61	4.64	4.50	4.56	4852769	22121220.00
2013/12/20	4.56	4.59	4.41	4.45	5132438	23019368.00
2013/12/23	4.48	4.53	4.33	4.45	4554983	20218998.00
2013/12/24	4.45	4.53	4.43	4.49	3538213	15878895.00
2013/12/25	4.49	4.50	4.43	4.50	3275913	14615399.00
2013/12/26	4.51	4.52	4.33	4.35	4525941	19995588.00
2013/12/27	4.37	4.52	4.35	4.50	6524032	29128958.00
2013/12/30	4.55	4.61	4.46	4.47	4055027	18284836.00
2013/12/31	4.45	4.55	4.38	4.49	7475129	33274620.00
2014/01/02	4.50	4.52	4.45	4.48	4120668	18441628.00
2014/01/03	4.43	4.45	4.32	4.35	6931791	30238016.00
2014/01/06	4.35	4.35	4.19	4.19	5532745	23479572.00
2014/01/07	4.18	4.27	4.15	4.20	3441131	14470507.00
2014/01/08	4.21	4.27	4.15	4.18	3353997	14075888.00
2014/01/09	4.18	4.22	4.10	4.19	5427856	22551412.00
2014/01/10	4.18	4.18	4.11	4.13	2877461	11897696.00
2014/01/13	4.17	4.17	4.03	4.06	2606265	10662546.00
2014/01/14	4.06	4.19	4.06	4.17	3721766	15382578.00
2014/01/15	4.14	4.18	4.10	4.16	2919808	12074552.00
2014/01/16	4.14	4.22	4.14	4.18	3550698	14886168.00
2014/01/17	4.19	4.19	4.08	4.10	2413724	9936408.00
2014/01/20	4.10	4.11	4.04	4.05	2705160	10988008.00
2014/01/21	4.06	4.10	4.05	4.08	2278871	9281949.00
2014/01/22	4.15	4.22	4.12	4.20	4699137	19674608.00
2014/01/23	4.22	4.38	4.17	4.37	7094767	30304080.00
2014/01/30	4.36	4.68	4.29	4.51	14646943	66727416.00
2014/02/07	4.46	4.68	4.42	4.56	6492249	29684420.00
2014/02/10	4.56	4.65	4.51	4.61	8010189	36797544.00
2014/02/11	4.60	4.60	4.49	4.51	8094253	36762552.00
2014/02/12	4.52	4.62	4.52	4.57	6230409	28466620.00
2014/02/13	4.55	4.63	4.45	4.45	6328521	28817446.00
2014/02/14	4.48	4.83	4.46	4.72	15937347	74410456.00
2014/02/17	4.72	4.81	4.69	4.75	11187416	53092984.00
2014/02/18	4.77	4.96	4.71	4.82	17872000	86669592.00
2014/02/19	4.81	4.86	4.74	4.80	9688155	46374992.00
2014/02/20	4.82	5.28	4.82	5.28	27550030	140358576.00
2014/02/21	5.30	5.47	5.11	5.21	31031538	163069408.00
2014/02/24	5.22	5.72	5.16	5.49	33691679	183431744.00
2014/02/25	5.51	5.70	5.22	5.35	30761489	169159504.00
2014/02/26	5.36	5.67	5.10	5.61	26961522	145708720.00
2014/02/27	5.63	5.67	5.33	5.35	22583828	124410448.00
2014/02/28	5.41	5.85	5.35	5.79	37579033	212912224.00
2014/03/03	5.78	6.25	5.68	6.09	36462275	219011664.00
2014/03/04	6.00	6.13	5.88	6.10	22613773	135597120.00
2014/03/05	6.05	6.12	5.82	5.93	23996222	143327504.00
2014/03/06	5.88	5.90	5.68	5.79	17968651	103734624.00
2014/03/07	5.79	5.87	5.50	5.52	17585662	99436488.00
2014/03/10	5.52	5.69	5.41	5.59	16345376	90820696.00
2014/03/11	5.54	5.60	5.39	5.44	10015513	54962952.00
2014/03/12	5.43	5.58	5.30	5.55	11694972	63724540.00
2014/03/13	5.56	5.62	5.49	5.58	8007814	44466340.00
2014/03/14	5.55	5.67	5.39	5.44	11370541	62694632.00
2014/03/17	5.41	5.50	5.40	5.49	7224078	39342336.00
2014/03/18	5.50	5.77	5.50	5.71	16606420	94013744.00
2014/03/19	5.70	5.70	5.56	5.65	7209276	40532428.00
2014/03/20	5.65	5.88	5.58	5.60	13743873	78776816.00
2014/03/21	5.54	5.79	5.50	5.74	10034588	56946460.00
2014/03/24	5.80	5.82	5.63	5.67	9302557	53056036.00
2014/03/25	5.67	5.90	5.66	5.75	11210912	64964548.00
2014/03/26	5.80	5.97	5.78	5.87	10705587	62934616.00
2014/03/27	5.85	5.86	5.65	5.77	9904206	56748392.00
2014/03/28	5.79	6.10	5.77	5.92	22181995	132190752.00
2014/03/31	6.15	6.24	5.33	5.43	28828408	166238448.00
2014/04/01	5.22	5.36	5.17	5.30	17574507	92029944.00
2014/04/02	5.28	5.34	5.17	5.17	9430407	49394000.00
2014/04/03	5.20	5.21	5.04	5.18	8913541	45706972.00
2014/04/04	5.14	5.33	5.12	5.26	7276526	38135780.00
2014/04/08	5.22	5.27	5.10	5.22	7248972	37817464.00
2014/04/09	5.22	5.31	5.22	5.28	5814557	30688800.00
2014/04/10	5.30	5.41	5.23	5.33	8061135	42917256.00
2014/04/11	5.28	5.35	5.23	5.29	5931381	31372820.00
2014/04/14	5.29	5.35	5.24	5.31	4929209	26021516.00
2014/04/15	5.29	5.30	5.16	5.20	6960236	36404408.00
2014/04/16	5.26	5.27	5.11	5.17	7125857	36780472.00
2014/04/17	5.09	5.35	5.08	5.26	10660267	55954952.00
2014/04/18	5.20	5.28	5.16	5.21	5772085	30101986.00
2014/04/21	5.18	5.25	5.01	5.04	8127465	41707620.00
2014/04/22	5.01	5.08	4.98	5.05	6524510	32818396.00
2014/04/23	5.06	5.06	4.85	4.89	7033734	34772236.00
2014/04/24	4.86	4.89	4.76	4.78	6102453	29363436.00
2014/04/25	4.80	4.86	4.76	4.80	4648496	22348604.00
2014/04/28	4.78	4.78	4.41	4.46	8985247	40762220.00
2014/04/29	4.47	4.60	4.46	4.59	4097355	18506680.00
2014/04/30	4.60	4.65	4.55	4.59	3319305	15293849.00
2014/05/05	4.59	4.68	4.57	4.62	4694810	21715206.00
2014/05/06	4.62	4.69	4.61	4.65	2870235	13341367.00
2014/05/07	4.64	4.64	4.50	4.56	3186167	14560437.00
2014/05/08	4.55	4.65	4.50	4.59	2736458	12602102.00
2014/05/09	4.65	5.05	4.65	4.96	23281574	115839816.00
2014/05/12	4.89	4.98	4.80	4.95	11918081	58332224.00
2014/05/13	4.90	4.97	4.85	4.89	5787397	28296450.00
2014/05/14	4.89	4.99	4.85	4.98	6918771	34183104.00
2014/05/15	4.98	5.08	4.85	4.95	6367503	31520596.00
2014/05/16	4.97	5.00	4.87	4.94	2752270	13568029.00
2014/05/19	4.93	5.05	4.83	4.93	5891844	28899718.00
2014/05/20	4.99	5.01	4.91	4.93	6117609	30429292.00
2014/05/21	4.91	4.96	4.86	4.92	3034236	14874683.00
2014/05/22	4.93	4.97	4.86	4.89	3790696	18660150.00
2014/05/23	4.86	4.89	4.79	4.83	6350622	30607584.00
2014/05/26	4.84	5.08	4.82	4.97	8494131	42010776.00
2014/05/27	4.92	4.97	4.87	4.88	3465524	16975400.00
2014/05/28	4.87	4.93	4.85	4.90	3599082	17629560.00
2014/05/29	4.92	4.99	4.90	4.92	6130370	30276958.00
2014/05/30	4.92	4.96	4.88	4.95	4001689	19725180.00
2014/06/03	4.98	5.15	4.93	5.07	10024469	50508764.00
2014/06/04	5.07	5.11	5.00	5.10	7207002	36455288.00
2014/06/05	5.10	5.15	5.04	5.11	5184872	26526624.00
2014/06/06	5.13	5.28	5.06	5.23	9679047	49876696.00
2014/06/09	5.23	5.24	5.15	5.20	5551039	28853576.00
2014/06/10	5.19	5.23	5.11	5.19	4873293	25113692.00
2014/06/11	5.20	5.20	5.10	5.14	4742588	24361662.00
2014/06/12	5.15	5.24	5.09	5.21	6954362	35891816.00
2014/06/13	5.18	5.24	5.15	5.20	5370069	27889068.00
2014/06/16	5.19	5.20	5.11	5.15	6208927	31913818.00
2014/06/17	5.15	5.15	5.06	5.12	4614689	23509574.00
2014/06/18	5.12	5.13	5.06	5.06	3321984	16875246.00
2014/06/19	5.06	5.07	4.77	4.85	6104002	30168606.00
2014/06/20	4.81	4.92	4.78	4.87	2352091	11422032.00
2014/06/23	4.88	4.92	4.85	4.91	1752560	8572715.00
2014/06/24	4.89	4.95	4.86	4.90	1754223	8598818.00
2014/06/25	4.90	4.91	4.83	4.86	2170942	10545611.00
2014/06/26	4.88	5.28	4.88	5.10	9649942	49363164.00
2014/06/27	5.15	5.39	5.11	5.29	16840276	88864728.00
2014/06/30	5.22	5.36	5.13	5.31	10812447	56586548.00
2014/07/01	5.30	5.32	5.20	5.27	5427404	28533092.00
2014/07/02	5.26	5.29	5.15	5.23	7391162	38551632.00
2014/07/03	5.21	5.59	5.17	5.50	21232132	115025024.00
2014/07/04	5.48	5.90	5.43	5.79	27442438	155781312.00
2014/07/07	5.89	5.89	5.65	5.74	15381913	88276544.00
2014/07/08	5.72	5.87	5.67	5.78	10965590	63230144.00
2014/07/09	5.82	6.18	5.70	5.71	18569480	109614400.00
2014/07/10	5.60	5.83	5.60	5.75	9040245	51781380.00
2014/07/11	5.75	6.05	5.73	5.95	13727689	81496640.00
2014/07/14	6.00	6.15	5.90	6.07	10488116	63207436.00
2014/07/15	6.08	6.08	5.80	5.87	12564309	73816824.00
2014/07/16	5.90	5.97	5.66	5.77	10881945	62897908.00
2014/07/17	5.81	5.95	5.68	5.78	10076865	58479160.00
2014/07/18	5.72	5.85	5.65	5.80	9076214	52257120.00
2014/07/21	5.77	5.81	5.63	5.65	6862326	38989304.00
2014/07/22	5.63	5.79	5.60	5.74	6213238	35548100.00
2014/07/23	5.74	5.77	5.55	5.62	5818364	32927212.00
2014/07/24	5.62	5.67	5.43	5.53	6165852	34067364.00
2014/07/25	5.52	5.61	5.51	5.59	4756224	26528812.00
2014/07/28	5.59	5.80	5.59	5.78	7947758	45251228.00
2014/07/29	5.81	5.87	5.73	5.79	6945680	40279700.00
2014/07/30	5.65	5.79	5.57	5.75	15153527	85958952.00
2014/07/31	5.72	5.89	5.70	5.83	9394712	54611488.00
2014/08/01	5.78	6.38	5.78	6.16	31416042	192152784.00
2014/08/04	6.19	6.22	6.00	6.19	18163371	111115496.00
2014/08/05	6.16	6.18	6.07	6.17	9510220	58183796.00
2014/08/06	6.19	6.35	6.13	6.23	17768296	111075504.00
2014/08/07	6.21	6.47	6.15	6.40	16304883	102798872.00
2014/08/08	6.37	6.45	6.30	6.32	11962713	76280440.00
2014/08/11	6.38	6.39	6.16	6.28	12182739	76266008.00
2014/08/12	6.27	6.79	6.23	6.73	24488421	159586752.00
2014/08/13	6.66	6.98	6.62	6.79	26273055	178915904.00
2014/08/14	6.88	6.90	6.51	6.56	17190947	115274816.00
2014/08/15	6.56	6.69	6.43	6.57	10633125	69930608.00
2014/08/18	6.66	7.23	6.66	7.03	28323041	198634880.00
2014/08/19	7.09	7.22	6.91	7.08	19528526	137879792.00
2014/08/20	7.15	7.17	6.92	7.00	11371101	79965848.00
2014/08/21	7.00	7.17	6.80	7.01	11981574	83581424.00
2014/08/22	7.01	7.01	6.83	6.98	9723867	67297808.00
2014/08/25	6.98	6.99	6.66	6.78	11166761	76039456.00
2014/08/26	6.77	6.92	6.63	6.68	12229699	82300288.00
2014/08/27	6.68	6.80	6.60	6.73	7028409	47123020.00
2014/08/28	6.70	6.75	6.56	6.70	8502727	56546744.00
2014/08/29	6.66	6.97	6.63	6.92	9969585	68398720.00
2014/09/01	6.85	7.04	6.85	7.01	9941516	69158440.00
2014/09/02	6.99	7.08	6.95	7.04	10080454	70574008.00
2014/09/03	7.05	7.06	6.94	6.99	10326504	72279976.00
2014/09/04	7.00	7.13	6.91	7.04	15250663	107098624.00
2014/09/05	7.00	7.07	6.86	6.93	11440729	79551456.00
2014/09/09	6.90	6.95	6.79	6.85	10590235	72570616.00
2014/09/10	6.85	6.94	6.75	6.89	10565405	72777656.00
2014/09/11	6.88	7.07	6.84	6.97	11346492	79262480.00
2014/09/12	6.98	7.05	6.92	7.00	8938511	62503432.00
2014/09/15	6.96	6.99	6.86	6.98	7723594	53440504.00
2014/09/16	6.95	7.50	6.95	7.11	26381133	189650144.00
2014/09/17	7.13	7.39	6.95	7.33	18807993	135607344.00
2014/09/18	7.38	7.44	7.23	7.27	15533822	113707576.00
2014/09/19	7.27	7.46	7.27	7.38	11773777	86957544.00
2014/09/22	7.38	7.40	7.10	7.19	10057896	72502408.00
2014/09/23	7.19	7.25	7.11	7.22	6368450	45716312.00
2014/09/24	7.22	7.27	7.11	7.26	8140035	58458360.00
2014/09/25	7.27	7.53	7.27	7.36	16454431	122082088.00
2014/09/26	7.36	7.65	7.35	7.58	17006071	128004712.00
2014/09/29	7.65	7.98	7.53	7.60	20042833	155182192.00
2014/09/30	7.60	7.61	7.40	7.46	12856090	96112960.00
2014/10/08	7.41	7.74	7.41	7.73	12217059	92615640.00
2014/10/09	7.73	7.82	7.58	7.81	13587205	104666336.00
2014/10/10	7.81	7.86	7.66	7.68	10449017	80902064.00
2014/10/13	7.62	7.80	7.58	7.73	10637135	81825840.00
2014/10/14	7.70	7.83	7.59	7.68	8264394	63663900.00
2014/10/15	7.63	7.72	7.45	7.51	10304859	78020672.00
2014/10/16	7.48	7.56	7.12	7.14	12350129	91425416.00
2014/10/17	7.15	7.21	6.58	6.94	19374922	133358088.00
2014/10/20	6.96	7.12	6.90	7.09	8072221	56780984.00
2014/10/21	7.07	7.09	6.92	6.94	6376341	44570736.00
2014/10/22	6.93	6.98	6.68	6.70	7792170	53195040.00
2014/10/23	6.66	6.75	6.50	6.52	8444623	55667744.00
2014/10/24	6.52	6.66	6.51	6.62	5406485	35640504.00
2014/10/27	6.61	6.69	6.51	6.65	6438960	42613296.00
2014/10/28	6.62	6.97	6.61	6.94	10062640	69294272.00
2014/10/29	6.93	7.12	6.91	7.01	9535683	66991056.00
2014/10/30	7.00	7.09	6.93	6.96	6631201	46320704.00
2014/10/31	6.93	7.03	6.82	6.86	5909007	40690568.00
2014/11/03	6.86	7.07	6.86	7.00	7209552	50169356.00
2014/11/04	7.02	7.39	7.01	7.35	18241250	131772184.00
2014/11/05	7.35	7.36	7.17	7.34	10077747	73162440.00
2014/11/06	7.27	7.34	7.17	7.27	8605205	62112172.00
2014/11/07	7.28	7.29	7.01	7.04	13702532	97622672.00
2014/11/10	7.00	7.06	6.88	7.00	8735852	60748532.00
2014/11/11	6.99	6.99	6.66	6.70	10560096	71631096.00
2014/11/12	6.74	7.28	6.72	6.98	13854568	97374704.00
2014/11/13	7.01	7.03	6.88	6.99	6696477	46355580.00
2014/11/14	6.95	7.01	6.87	6.99	4042488	28095456.00
2014/11/17	6.99	7.69	6.91	7.57	35451113	265193088.00
2014/11/18	7.68	7.77	7.40	7.44	19330862	145188656.00
2014/11/19	7.41	7.96	7.28	7.85	33480824	258269904.00
2014/11/20	7.80	8.34	7.74	8.02	46377827	376812288.00
2014/11/21	7.98	8.27	7.91	8.23	23260254	188332720.00
2014/11/24	8.25	8.36	8.01	8.13	20468930	167120928.00
2014/11/25	8.16	8.28	7.94	8.05	19463158	156801856.00
2014/11/26	8.02	8.06	7.88	7.96	15209401	120920200.00
2014/11/27	7.96	8.17	7.83	8.00	15881984	126693096.00
2014/11/28	8.00	8.00	7.63	7.77	17502022	135964944.00
2014/12/01	7.77	7.88	7.55	7.69	15045703	115602656.00
2014/12/02	7.71	8.28	7.68	8.13	30587077	247238032.00
2014/12/03	8.15	8.15	7.90	8.13	16804088	134805728.00
2014/12/04	8.14	8.18	7.83	8.00	19683445	156976416.00
2014/12/05	7.90	7.98	7.47	7.66	21457613	164734512.00
2014/12/08	7.65	7.65	7.00	7.39	25646581	185754176.00
2014/12/09	7.28	7.85	7.15	7.39	25859676	193786208.00
2014/12/10	7.50	7.85	7.49	7.74	18249689	141105248.00
2014/12/11	7.69	7.84	7.57	7.73	9734465	74672584.00
2014/12/12	7.89	7.89	7.62	7.75	7103485	54779112.00
2014/12/15	7.75	7.83	7.60	7.73	11246545	86745168.00
2014/12/16	7.72	7.72	7.51	7.58	10241761	77488568.00
2014/12/17	7.57	7.57	7.40	7.45	8095856	60214208.00
2014/12/18	7.43	7.68	7.38	7.53	7633022	57625232.00
2014/12/19	7.50	7.56	7.21	7.31	7591332	55691736.00
2014/12/22	7.31	7.31	6.68	6.70	13194917	90643664.00
2014/12/23	6.69	6.99	6.65	6.69	6147609	41617652.00
2014/12/24	6.71	6.86	6.71	6.85	4076724	27730972.00
2014/12/25	6.85	6.95	6.80	6.91	3592834	24721176.00
2014/12/26	6.91	6.93	6.77	6.86	5118782	34920428.00
2014/12/29	6.90	7.15	6.72	7.14	11385069	78732816.00
2014/12/30	7.13	7.21	6.80	6.88	6196269	43676876.00
2014/12/31	6.88	6.98	6.69	6.89	6764407	46055176.00
2015/01/05	6.91	6.95	6.81	6.94	9214157	63513300.00
2015/01/06	6.95	6.95	6.76	6.94	6126725	42117432.00
2015/01/07	6.88	6.95	6.86	6.95	4590286	31666884.00
2015/01/08	6.97	7.24	6.97	7.16	12485483	89099808.00
2015/01/09	7.18	7.18	7.01	7.02	6184236	43825068.00
2015/01/12	6.90	6.97	6.81	6.82	4910638	33743120.00
2015/01/13	6.82	6.98	6.80	6.89	3925146	26947996.00
2015/01/14	6.82	6.95	6.82	6.89	3410523	23423916.00
2015/01/15	6.82	6.92	6.82	6.90	3171008	21797062.00
2015/01/16	6.90	6.91	6.75	6.82	7235681	49174620.00
2015/01/19	6.66	6.74	6.21	6.55	9180536	60091972.00
2015/01/20	6.50	6.65	6.50	6.61	6678601	44011484.00
2015/01/21	6.71	6.76	6.61	6.75	5963731	40050552.00
2015/01/22	6.75	6.94	6.70	6.94	10900072	74793216.00
2015/01/23	6.98	6.99	6.88	6.96	8430719	58471864.00
2015/01/26	6.87	7.23	6.85	7.17	14240423	101163760.00
2015/01/27	7.25	7.70	7.25	7.50	26740688	200231024.00
2015/01/28	7.40	7.51	7.30	7.33	10133606	74819960.00
2015/01/29	7.27	7.50	7.24	7.35	6880617	50657412.00
2015/01/30	7.25	7.39	7.06	7.13	9980510	71647272.00
2015/02/02	7.00	7.11	6.92	7.05	4285877	30201790.00
2015/02/03	7.05	7.15	7.05	7.08	5490223	38933872.00
2015/02/04	7.10	7.12	6.89	6.90	7831718	54836088.00
2015/02/05	6.96	7.03	6.75	6.79	6854769	47122040.00
2015/02/06	6.80	6.92	6.64	6.70	6827459	46234728.00
2015/02/09	6.70	6.95	6.70	6.87	6013483	41253384.00
2015/02/10	6.80	6.96	6.78	6.93	3125188	21467800.00
2015/02/11	6.87	6.96	6.81	6.83	4358581	29910800.00
2015/02/12	6.83	6.91	6.82	6.84	6315299	43266536.00
2015/02/13	6.86	7.00	6.83	6.86	13391285	92583512.00
2015/02/16	6.86	6.98	6.86	6.98	9752515	67517984.00
2015/02/17	6.97	7.22	6.93	7.21	12600269	89688320.00
2015/02/25	7.30	7.30	7.05	7.09	9165764	65605728.00
2015/02/26	7.08	7.28	7.06	7.26	8388582	60457752.00
2015/02/27	7.28	7.31	7.20	7.27	9296909	67456112.00
2015/03/02	7.29	7.47	7.20	7.38	13464625	98871800.00
2015/03/03	7.38	7.38	7.26	7.28	11021402	80476312.00
2015/03/04	7.28	7.49	7.28	7.49	13802191	102252384.00
2015/03/05	7.50	7.59	7.38	7.49	9868316	73553392.00
2015/03/06	7.54	7.80	7.46	7.53	23154015	176876528.00
2015/03/09	7.48	7.73	7.28	7.63	14685149	109883984.00
2015/03/10	7.59	7.78	7.53	7.75	13807941	106300096.00
2015/03/11	7.75	7.76	7.58	7.63	9136950	70006120.00
2015/03/12	7.63	7.87	7.63	7.69	16431553	127124624.00
2015/03/13	7.72	7.84	7.68	7.80	10945644	84869768.00
2015/03/16	7.85	8.13	7.75	8.04	21517350	171776192.00
2015/03/17	8.00	8.36	7.98	8.22	24821595	204555728.00
2015/03/18	8.23	8.37	8.10	8.32	20632051	169754144.00
2015/05/05	8.32	8.32	8.32	8.32	0	0.00
数据来源:通达信
