600741 华域汽车 日线 前复权
      日期	    开盘	    最高	    最低	    收盘	    成交量	    成交额
2011/10/10	9.16	9.24	8.96	8.99	3761839	38386176.00
2011/10/11	9.26	9.31	8.26	8.35	20930737	204431456.00
2011/10/12	8.31	8.77	8.25	8.72	10584227	103140544.00
2011/10/13	8.76	8.89	8.66	8.77	7976825	78910640.00
2011/10/14	8.74	8.85	8.69	8.78	4326814	42862676.00
2011/10/17	8.82	8.95	8.76	8.91	5054825	50544544.00
2011/10/18	8.84	8.85	8.60	8.63	3699716	36589720.00
2011/10/19	8.66	8.75	8.36	8.42	6391435	61437448.00
2011/10/20	8.31	8.57	8.19	8.43	6628023	62998448.00
2011/10/21	8.44	8.55	8.35	8.46	5920064	56723932.00
2011/10/24	8.46	8.79	8.38	8.69	4360378	42501308.00
2011/10/25	8.64	8.89	8.61	8.80	4926945	48839040.00
2011/10/26	8.75	9.26	8.75	9.02	11487605	117374544.00
2011/10/27	9.15	9.15	9.01	9.03	3824672	38994288.00
2011/10/28	9.12	9.30	9.02	9.11	6739003	69268224.00
2011/10/31	9.09	9.19	9.05	9.07	3716825	38090064.00
2011/11/01	9.01	9.23	8.96	9.09	8499302	87070984.00
2011/11/02	8.95	9.24	8.86	9.23	9368983	95418984.00
2011/11/03	9.28	9.45	9.20	9.27	9465274	99227416.00
2011/11/04	9.31	9.38	9.19	9.26	5452513	56878660.00
2011/11/07	9.30	9.30	8.86	8.93	14182386	143491056.00
2011/11/08	8.96	9.00	8.83	8.88	6203734	62278968.00
2011/11/09	8.92	9.01	8.79	8.94	5427624	54397036.00
2011/11/10	8.86	8.89	8.74	8.75	5649076	56159156.00
2011/11/11	8.81	8.86	8.72	8.72	3674893	36465784.00
2011/11/14	8.82	8.94	8.79	8.91	6163725	61745896.00
2011/11/15	8.89	8.96	8.74	8.77	8230472	81879760.00
2011/11/16	8.77	8.78	8.42	8.54	9380180	91198128.00
2011/11/17	8.55	8.58	8.43	8.48	6698806	64569516.00
2011/11/18	8.44	8.56	8.41	8.55	8975836	86477320.00
2011/11/21	8.56	8.70	8.49	8.62	6192908	60378140.00
2011/11/22	8.56	8.61	8.34	8.44	6377647	61176800.00
2011/11/23	8.46	8.49	8.12	8.24	11016052	103221296.00
2011/11/24	8.17	8.17	8.01	8.13	5343498	49273696.00
2011/11/25	8.08	8.17	8.04	8.06	2512101	23224220.00
2011/11/28	8.12	8.17	7.96	8.02	2611671	23996744.00
2011/11/29	8.10	8.10	7.90	8.06	10691898	97780976.00
2011/11/30	8.01	8.03	7.47	7.80	11693131	103857976.00
2011/12/01	7.94	8.21	7.90	8.15	21086313	194102336.00
2011/12/02	8.16	8.16	7.91	8.03	4654221	42560784.00
2011/12/05	7.92	8.02	7.68	7.79	6348739	57030888.00
2011/12/06	7.78	7.85	7.61	7.78	3273969	29120168.00
2011/12/07	7.78	8.16	7.76	7.98	6047861	55199112.00
2011/12/08	7.97	7.99	7.63	7.91	7308369	65466420.00
2011/12/09	7.80	7.95	7.70	7.72	5628817	50139712.00
2011/12/12	7.69	7.76	7.59	7.66	2062064	18151404.00
2011/12/13	7.63	7.64	7.18	7.21	8414866	71738544.00
2011/12/14	7.21	7.38	7.04	7.16	6491097	54203852.00
2011/12/15	7.14	7.18	6.99	7.11	4606289	37978912.00
2011/12/16	7.12	7.50	7.08	7.46	7867722	66323608.00
2011/12/19	7.37	7.58	7.30	7.52	5563325	47774248.00
2011/12/20	7.53	7.86	7.52	7.66	6889508	61138456.00
2011/12/21	7.76	7.91	7.66	7.70	7674847	68676848.00
2011/12/22	7.65	7.87	7.52	7.84	6806091	60281448.00
2011/12/23	7.81	8.05	7.79	7.94	5530605	50408060.00
2011/12/26	7.86	8.06	7.80	7.84	6582410	59686592.00
2011/12/27	7.91	7.91	7.61	7.64	5522303	49192636.00
2011/12/28	7.64	7.73	7.46	7.64	2431653	21320900.00
2011/12/29	7.56	8.00	7.56	7.95	5097566	46242020.00
2011/12/30	7.95	8.23	7.95	8.12	13094308	121831392.00
2012/01/04	8.21	8.30	8.00	8.10	10874518	101310464.00
2012/01/05	8.06	8.61	8.01	8.23	17099530	162266880.00
2012/01/06	8.23	8.40	8.01	8.05	11610827	107704840.00
2012/01/09	8.10	8.46	7.92	8.33	17190098	161822240.00
2012/01/10	8.33	8.76	8.31	8.70	18849987	183790720.00
2012/01/11	8.61	8.85	8.58	8.62	9515793	93661448.00
2012/01/12	8.66	8.95	8.60	8.82	10007415	98949520.00
2012/01/13	8.82	8.82	8.43	8.53	7114841	69432976.00
2012/01/16	8.46	8.66	8.41	8.60	6028611	58610852.00
2012/01/17	8.56	9.17	8.56	9.10	15260701	153517744.00
2012/01/18	9.11	9.22	9.07	9.14	9134199	93937104.00
2012/01/19	9.16	9.38	9.09	9.22	9124138	94828192.00
2012/01/20	9.26	9.34	9.13	9.24	6961086	72274128.00
2012/01/30	9.24	9.26	8.86	8.94	9984953	101586224.00
2012/01/31	9.01	9.08	8.71	8.74	12051138	120697088.00
2012/02/01	8.77	8.97	8.66	8.93	11912253	119258656.00
2012/02/02	8.90	9.16	8.89	9.10	8509652	86662752.00
2012/02/03	9.06	9.36	9.06	9.17	10224979	106510152.00
2012/02/06	9.21	9.51	9.17	9.25	9225810	96766952.00
2012/02/07	9.11	9.37	8.99	9.33	11112660	114107072.00
2012/02/08	9.26	9.46	9.05	9.37	11934535	124692752.00
2012/02/09	9.33	9.39	9.18	9.24	7695734	80324608.00
2012/02/10	9.16	9.40	9.16	9.39	6497519	67791264.00
2012/02/13	9.29	9.58	9.27	9.40	8446756	89347920.00
2012/02/14	9.42	9.42	9.28	9.39	3536770	37077400.00
2012/02/15	9.39	9.53	9.24	9.30	6038769	63356772.00
2012/02/16	9.26	9.28	9.11	9.16	7769907	80234200.00
2012/02/17	9.24	9.26	8.98	9.04	6433988	65699160.00
2012/02/20	9.18	9.26	9.06	9.10	5586048	57514268.00
2012/02/21	9.14	9.30	9.05	9.26	5221603	53707688.00
2012/02/22	9.25	9.61	9.25	9.54	15365402	163333008.00
2012/02/23	9.54	9.72	9.50	9.66	12222097	132023280.00
2012/02/24	9.61	9.81	9.55	9.68	6177455	66687696.00
2012/02/27	9.77	10.11	9.56	9.59	12408379	135893872.00
2012/02/28	9.67	9.72	9.52	9.55	6160678	66262568.00
2012/02/29	9.52	9.54	9.36	9.38	5306023	55974292.00
2012/03/01	9.39	9.60	9.36	9.50	6444654	68317968.00
2012/03/02	9.54	9.86	9.50	9.82	9170461	99834176.00
2012/03/05	9.82	9.94	9.64	9.68	8811435	96679488.00
2012/03/06	9.68	9.76	9.53	9.66	6581744	70868160.00
2012/03/07	9.60	9.86	9.54	9.58	8411835	90867928.00
2012/03/08	9.60	9.74	9.59	9.70	3490159	37757892.00
2012/03/09	9.69	9.83	9.58	9.76	7108063	76992880.00
2012/03/12	9.68	9.73	9.24	9.48	11376041	120833856.00
2012/03/13	9.44	9.49	9.38	9.46	6624105	70096272.00
2012/03/14	9.52	9.56	9.04	9.08	15021304	157605744.00
2012/03/15	9.07	9.21	8.94	8.99	7177841	73240536.00
2012/03/16	8.98	9.20	8.98	9.16	4141278	42322720.00
2012/03/19	9.13	9.26	8.97	9.15	7272879	74879000.00
2012/03/20	9.13	9.14	8.76	8.88	7999130	80184096.00
2012/03/21	8.96	8.98	8.81	8.89	4617703	46234448.00
2012/03/22	9.01	9.01	8.70	8.83	3590281	35801036.00
2012/03/23	8.78	8.81	8.71	8.71	2566845	25387488.00
2012/03/26	8.72	8.74	8.55	8.65	4639250	45215008.00
2012/03/27	8.70	8.77	8.62	8.66	2830545	27882974.00
2012/03/28	8.66	8.73	8.31	8.41	5690683	55199720.00
2012/03/29	8.42	8.68	8.40	8.60	9557189	92995216.00
2012/03/30	8.61	8.96	8.56	8.86	9975093	99538160.00
2012/04/05	8.76	9.18	8.75	9.14	9722112	98667600.00
2012/04/06	9.11	9.13	8.93	8.95	4689526	47557432.00
2012/04/09	8.89	8.94	8.73	8.75	3662432	36550848.00
2012/04/10	8.74	9.03	8.64	8.99	3692294	36806404.00
2012/04/11	8.86	9.24	8.83	9.06	7622362	78178880.00
2012/04/12	9.04	9.19	8.96	9.16	5281427	54081400.00
2012/04/13	9.14	9.26	9.14	9.19	3936383	40714832.00
2012/04/16	9.07	9.43	9.05	9.32	9571454	100250472.00
2012/04/17	9.31	9.36	9.14	9.18	3681758	38122772.00
2012/04/18	9.28	9.39	9.19	9.31	6372465	66573124.00
2012/04/19	9.37	9.40	9.16	9.18	3876740	40238056.00
2012/04/20	9.11	9.38	9.11	9.31	6364092	66423200.00
2012/04/23	9.28	9.43	9.26	9.26	4496869	47084476.00
2012/04/24	9.26	9.41	8.99	9.29	5277372	54769296.00
2012/04/25	9.22	9.36	9.21	9.35	3811904	39762004.00
2012/04/26	9.29	9.37	9.21	9.25	2119465	22100688.00
2012/04/27	9.25	9.32	9.21	9.22	4638818	48293952.00
2012/05/02	9.26	9.49	9.26	9.46	15275454	161377840.00
2012/05/03	9.51	9.69	9.47	9.60	14664791	157197024.00
2012/05/04	9.59	9.69	9.51	9.64	6972971	75059120.00
2012/05/07	9.56	9.68	9.47	9.59	8484800	90671768.00
2012/05/08	9.57	9.64	9.40	9.45	8015242	85353480.00
2012/05/09	9.36	9.44	9.15	9.15	7877890	81722976.00
2012/05/10	9.23	9.23	9.02	9.09	5362520	54998844.00
2012/05/11	9.09	9.21	9.01	9.02	4670652	47749992.00
2012/05/14	9.07	9.11	8.89	9.01	5072508	51557472.00
2012/05/15	8.95	9.25	8.82	8.94	8348821	83976472.00
2012/05/16	8.94	8.99	8.81	8.81	6466703	64660416.00
2012/05/17	8.88	9.15	8.85	9.14	8857360	89985184.00
2012/05/18	9.02	9.08	8.81	8.90	5805920	58400020.00
2012/05/21	8.89	9.04	8.82	8.98	4340456	43708144.00
2012/05/22	9.04	9.15	8.97	9.04	6222716	63337168.00
2012/05/23	9.03	9.06	8.84	8.86	9030520	90861376.00
2012/05/24	8.85	8.91	8.71	8.77	9217864	91653904.00
2012/05/28	8.65	9.11	8.54	8.97	16322559	162177632.00
2012/05/29	9.01	9.19	8.98	9.03	14356917	146883632.00
2012/05/30	9.01	9.06	8.90	8.92	8801838	89107800.00
2012/05/31	8.86	9.10	8.79	8.94	7997563	80359680.00
2012/06/01	8.96	9.03	8.91	8.94	2457963	24816312.00
2012/06/04	8.80	8.92	8.67	8.68	6574393	65320832.00
2012/06/05	8.78	8.78	8.54	8.57	5045221	49182608.00
2012/06/06	8.59	8.67	8.47	8.51	3739001	36315068.00
2012/06/07	8.61	8.65	8.31	8.35	7327700	70043840.00
2012/06/08	8.44	8.44	8.30	8.34	5951923	56701488.00
2012/06/11	8.42	8.60	8.36	8.56	2821347	27207936.00
2012/06/12	8.46	8.57	8.34	8.39	4770534	45613460.00
2012/06/13	8.40	8.56	8.35	8.50	5666579	54420760.00
2012/06/14	8.51	8.61	8.43	8.44	4734288	45801696.00
2012/06/15	8.50	8.68	8.49	8.62	8571053	83506624.00
2012/06/18	8.72	8.78	8.66	8.70	6869851	67739704.00
2012/06/19	8.71	8.81	8.65	8.71	5691626	56183896.00
2012/06/20	8.75	8.76	8.60	8.64	2175044	21340310.00
2012/06/21	8.64	8.65	8.26	8.35	9199198	87294528.00
2012/06/25	8.35	8.36	8.10	8.11	5666583	51510700.00
2012/06/26	8.06	8.14	7.91	8.11	7080266	62647428.00
2012/06/27	8.11	8.25	8.06	8.16	3818479	34321372.00
2012/06/28	8.13	8.21	7.94	8.03	4007110	35745916.00
2012/06/29	8.01	8.17	7.90	8.13	4624360	41211264.00
2012/07/02	8.16	8.16	7.27	7.50	29697800	250739456.00
2012/07/03	7.47	7.56	7.36	7.53	14570228	121255392.00
2012/07/04	7.52	7.67	7.49	7.57	12130092	102157640.00
2012/07/05	7.52	7.61	7.37	7.58	4595747	38342556.00
2012/07/06	7.63	7.91	7.58	7.77	10217068	87709056.00
2012/07/09	7.73	7.81	7.32	7.53	12183878	101299096.00
2012/07/10	7.48	7.63	7.46	7.55	9768660	81664248.00
2012/07/11	7.52	7.58	7.43	7.46	7739816	64546560.00
2012/07/12	7.47	7.50	7.23	7.46	12299736	100723304.00
2012/07/13	7.41	7.48	7.29	7.31	13488701	110812904.00
2012/07/16	7.34	7.49	7.15	7.32	9884150	79898928.00
2012/07/17	7.31	7.45	7.28	7.44	6003894	49443928.00
2012/07/18	7.42	7.70	7.40	7.69	11919362	100786352.00
2012/07/19	7.73	8.18	7.67	8.10	24788267	221103712.00
2012/07/20	8.06	8.16	7.86	7.88	10786640	95425368.00
2012/07/23	7.87	8.01	7.66	7.73	7135724	61893032.00
2012/07/24	7.66	8.06	7.64	7.92	6811989	59769440.00
2012/07/25	7.87	8.06	7.86	7.93	2483436	21871160.00
2012/07/26	7.93	8.04	7.87	7.93	6866457	60094856.00
2012/07/27	7.94	8.15	7.89	8.08	9455573	84325568.00
2012/07/30	8.04	8.18	8.02	8.07	5949883	53199996.00
2012/07/31	8.06	8.11	7.97	8.04	5740273	51122968.00
2012/08/01	8.05	8.12	7.88	7.95	4629589	41045992.00
2012/08/02	7.89	8.01	7.86	7.91	4170409	36603136.00
2012/08/03	7.92	7.92	7.44	7.51	25897214	217164752.00
2012/08/06	7.47	7.69	7.45	7.63	10633713	89197056.00
2012/08/07	7.58	7.67	7.58	7.62	6704556	56682912.00
2012/08/08	7.62	7.72	7.59	7.66	6081041	51683960.00
2012/08/09	7.67	7.91	7.67	7.90	6287205	54477160.00
2012/08/10	7.90	7.97	7.82	7.88	3829089	33426044.00
2012/08/13	7.86	7.94	7.81	7.85	6006830	52433392.00
2012/08/14	7.85	7.91	7.64	7.79	3279030	28211842.00
2012/08/15	7.75	7.82	7.67	7.75	4101378	35255816.00
2012/08/16	7.71	7.79	7.63	7.68	2426717	20727804.00
2012/08/17	7.70	7.72	7.54	7.61	2534878	21448752.00
2012/08/20	7.52	7.64	7.48	7.56	2442796	20476614.00
2012/08/21	7.56	7.68	7.54	7.58	2710188	22864802.00
2012/08/22	7.59	7.66	7.53	7.62	8164576	68645072.00
2012/08/23	7.62	7.83	7.62	7.76	5738075	49318432.00
2012/08/24	7.77	7.87	7.76	7.78	4063064	35126392.00
2012/08/27	7.69	7.75	7.46	7.54	6789462	56955752.00
2012/08/28	7.52	7.59	7.48	7.54	3601769	30203316.00
2012/08/29	7.50	7.57	7.50	7.55	1315189	11026432.00
2012/08/30	7.55	7.56	7.48	7.51	3919724	32743492.00
2012/08/31	7.49	7.53	7.44	7.51	2095701	17439680.00
2012/09/03	7.46	7.72	7.44	7.61	4671868	39373400.00
2012/09/04	7.56	7.69	7.55	7.61	4565286	38640952.00
2012/09/05	7.62	7.62	7.36	7.38	3249272	26968608.00
2012/09/06	7.42	7.50	7.37	7.45	5227776	43233080.00
2012/09/07	7.50	7.90	7.50	7.69	19306122	165578848.00
2012/09/10	7.69	8.11	7.67	7.95	13784791	121058264.00
2012/09/11	7.89	8.03	7.84	7.98	5728123	50301032.00
2012/09/12	8.01	8.14	7.80	7.89	8428210	74286040.00
2012/09/13	7.91	8.01	7.86	7.91	4230435	37218492.00
2012/09/14	8.01	8.23	7.92	8.15	13434280	120197488.00
2012/09/17	8.15	8.40	8.04	8.04	11362586	103186360.00
2012/09/18	7.96	8.06	7.86	7.91	4891902	42911616.00
2012/09/19	7.91	8.24	7.91	8.24	7849866	70174072.00
2012/09/20	8.15	8.21	7.86	7.90	8044233	71274600.00
2012/09/21	7.94	8.06	7.79	8.02	3889729	34158556.00
2012/09/24	7.98	8.02	7.74	7.90	3965925	34551864.00
2012/09/25	7.93	8.16	7.93	8.11	7019855	62489584.00
2012/09/26	8.08	8.29	8.04	8.06	8763708	79296696.00
2012/09/27	8.01	8.31	7.95	8.26	7922891	71618952.00
2012/09/28	8.24	8.73	8.24	8.64	13583702	127657120.00
2012/10/08	8.61	8.80	8.41	8.56	6183961	58562852.00
2012/10/09	8.66	8.89	8.63	8.77	5167543	49821476.00
2012/10/10	8.74	8.89	8.57	8.62	7769237	74086272.00
2012/10/11	8.65	8.65	8.33	8.38	9100855	84374352.00
2012/10/12	8.46	8.62	8.33	8.49	6642794	61801148.00
2012/10/15	8.53	8.53	8.33	8.45	5187717	47947292.00
2012/10/16	8.45	8.54	8.24	8.31	6987183	64225184.00
2012/10/17	8.34	8.46	8.27	8.43	5556473	51127356.00
2012/10/18	8.42	8.61	8.41	8.56	5308223	49784408.00
2012/10/19	8.56	8.65	8.46	8.52	3234653	30313432.00
2012/10/22	8.47	8.53	8.34	8.49	2152457	19958138.00
2012/10/23	8.49	8.53	8.36	8.43	3597029	33320288.00
2012/10/24	8.41	8.55	8.38	8.43	4352773	40479104.00
2012/10/25	8.43	8.50	8.09	8.12	8125458	73736000.00
2012/10/26	8.10	8.11	7.77	7.96	5415774	47441292.00
2012/10/29	7.91	8.03	7.78	8.00	4120093	36087224.00
2012/10/30	8.03	8.08	7.89	7.92	4495853	39619828.00
2012/10/31	7.93	8.09	7.83	8.02	9133579	80315152.00
2012/11/01	8.00	8.26	8.00	8.18	6696778	60322432.00
2012/11/02	8.22	8.22	8.09	8.17	5545194	49845464.00
2012/11/05	8.15	8.19	7.82	7.92	13427750	117820040.00
2012/11/06	7.89	7.99	7.82	7.99	5119530	44786252.00
2012/11/07	7.93	8.49	7.93	8.44	16922944	154210848.00
2012/11/08	8.39	8.49	8.28	8.29	8051229	74063304.00
2012/11/09	8.29	8.31	8.11	8.14	8043092	72562368.00
2012/11/12	8.14	8.33	8.14	8.26	5417124	49357280.00
2012/11/13	8.26	8.38	8.07	8.13	5762283	52345256.00
2012/11/14	8.12	8.20	8.04	8.18	2497182	22423884.00
2012/11/15	8.07	8.17	7.96	8.03	2243976	20056884.00
2012/11/16	8.03	8.14	7.98	8.08	3173947	28235292.00
2012/11/19	8.06	8.14	7.92	8.04	2837357	25183570.00
2012/11/20	8.06	8.11	7.96	7.99	2085598	18493368.00
2012/11/21	8.05	8.12	7.92	8.11	2822558	25040176.00
2012/11/22	8.04	8.18	8.00	8.17	4897845	43928088.00
2012/11/23	8.21	8.41	8.19	8.34	5966581	54757644.00
2012/11/26	8.28	8.51	8.23	8.26	9899540	91314800.00
2012/11/27	8.19	8.26	8.11	8.15	3260554	29387710.00
2012/11/28	8.15	8.20	8.04	8.09	2666333	23847000.00
2012/11/29	8.11	8.34	8.09	8.20	4532200	41135648.00
2012/11/30	8.19	8.46	8.17	8.44	8790525	81219888.00
2012/12/03	8.37	8.56	8.31	8.34	12770637	118782512.00
2012/12/04	8.37	8.60	8.33	8.55	10207191	94798920.00
2012/12/05	8.51	8.80	8.50	8.71	18420058	175422000.00
2012/12/06	8.64	8.84	8.64	8.71	8423260	80826064.00
2012/12/07	8.66	8.87	8.61	8.74	10367907	99491808.00
2012/12/10	8.85	8.98	8.74	8.96	10615433	103374952.00
2012/12/11	8.95	9.02	8.85	8.92	6629485	64803304.00
2012/12/12	8.92	8.97	8.74	8.91	4736733	45857344.00
2012/12/13	8.89	8.90	8.74	8.82	4050542	39061216.00
2012/12/14	8.85	9.31	8.82	9.24	13994140	138605104.00
2012/12/17	9.24	9.33	9.17	9.22	7397589	74601552.00
2012/12/18	9.21	9.52	9.15	9.16	17087752	173756624.00
2012/12/19	9.16	9.47	9.10	9.26	12810158	129378512.00
2012/12/20	9.16	9.37	9.14	9.33	12270325	124190784.00
2012/12/21	9.35	9.76	9.33	9.50	12232447	127642680.00
2012/12/24	9.50	9.77	9.49	9.66	11952411	125669968.00
2012/12/25	9.63	9.86	9.55	9.75	13193537	139751104.00
2012/12/26	9.75	9.80	9.46	9.58	10709368	111611592.00
2012/12/27	9.60	9.89	9.46	9.77	20569953	217273120.00
2012/12/28	9.81	10.09	9.72	10.05	12371896	133330800.00
2012/12/31	10.12	10.36	9.99	10.34	18872632	207963776.00
2013/01/04	10.34	10.35	9.91	10.06	16511291	179922272.00
2013/01/07	10.01	10.05	9.83	9.93	12218077	131564944.00
2013/01/08	9.91	10.01	9.76	9.86	8271592	88484496.00
2013/01/09	9.86	9.89	9.72	9.77	11613252	123619168.00
2013/01/10	9.75	9.90	9.60	9.76	12614355	133715136.00
2013/01/11	9.75	9.86	9.57	9.67	10937967	115547936.00
2013/01/14	9.60	10.05	9.56	9.97	20074276	214208208.00
2013/01/15	9.95	10.01	9.81	9.86	13013088	139973088.00
2013/01/16	9.87	9.87	9.27	9.35	42824336	440009664.00
2013/01/17	9.31	9.42	9.15	9.25	19334958	195004288.00
2013/01/18	9.31	9.71	9.28	9.64	25652297	266025008.00
2013/01/21	9.65	9.66	9.37	9.45	26763889	276230848.00
2013/01/22	9.43	9.50	9.16	9.27	22195156	224218720.00
2013/01/23	9.25	9.39	9.18	9.33	12988195	131270880.00
2013/01/24	9.31	9.50	9.13	9.19	20703921	210637568.00
2013/01/25	9.25	9.41	9.19	9.30	14554833	147473200.00
2013/01/28	9.33	9.60	9.30	9.59	19639983	202987488.00
2013/01/29	9.62	9.67	9.39	9.55	27654667	286065856.00
2013/01/30	9.50	9.55	9.26	9.42	22120941	225685056.00
2013/01/31	9.39	9.42	9.23	9.29	15448565	156495824.00
2013/02/01	9.25	9.37	9.13	9.34	20929912	210731920.00
2013/02/04	9.41	9.48	9.25	9.37	19694495	200682496.00
2013/02/05	9.34	9.68	9.29	9.62	36551242	377575232.00
2013/02/06	9.65	9.75	9.50	9.63	18867245	196632544.00
2013/02/07	9.57	9.62	9.42	9.51	16450483	170393280.00
2013/02/08	9.57	10.06	9.57	9.95	47121878	505092960.00
2013/02/18	10.00	10.13	9.87	10.00	31327329	339764704.00
2013/02/19	9.95	9.96	9.58	9.63	19482033	205074192.00
2013/02/20	9.61	9.79	9.46	9.60	21631315	226561584.00
2013/02/21	9.59	9.59	9.13	9.27	27179475	274671808.00
2013/02/22	9.23	9.29	8.85	8.91	28877031	285417696.00
2013/02/25	8.92	9.03	8.87	8.93	15243810	148698656.00
2013/02/26	8.91	9.06	8.82	8.86	11615920	113432496.00
2013/02/27	8.85	8.97	8.82	8.93	8076328	78532976.00
2013/02/28	8.96	9.16	8.89	9.16	15344720	152112944.00
2013/03/01	9.14	9.22	8.94	9.03	13545142	134006368.00
2013/03/04	8.96	9.02	8.50	8.57	19406949	184237728.00
2013/03/05	8.56	8.68	8.46	8.65	10867854	102469408.00
2013/03/06	8.66	8.83	8.55	8.79	13380355	127720320.00
2013/03/07	8.72	8.82	8.62	8.68	10062585	96037776.00
2013/03/08	8.71	8.81	8.66	8.73	7088225	67986088.00
2013/03/11	8.70	8.71	8.55	8.56	7647038	72147352.00
2013/03/12	8.56	8.65	8.45	8.46	11143506	104317040.00
2013/03/13	8.47	8.52	8.30	8.33	9012246	82799624.00
2013/03/14	8.33	8.47	8.31	8.44	8424185	77866744.00
2013/03/15	8.44	8.63	8.36	8.42	8014290	74907240.00
2013/03/18	8.17	8.38	8.10	8.34	11315914	102975496.00
2013/03/19	8.37	8.44	8.26	8.44	5408193	49715376.00
2013/03/20	8.48	8.71	8.44	8.70	12867566	121983536.00
2013/03/21	8.70	8.73	8.61	8.71	7086627	67481264.00
2013/03/22	8.69	8.82	8.67	8.81	7948101	76236712.00
2013/03/25	8.78	8.78	8.37	8.46	20594001	192841328.00
2013/03/26	8.47	8.51	8.33	8.36	10437829	96298952.00
2013/03/27	8.41	8.47	8.30	8.39	8367985	77125584.00
2013/03/28	8.33	8.34	8.18	8.28	11101911	100875888.00
2013/03/29	8.30	8.35	8.24	8.30	3895074	35551836.00
2013/04/01	8.31	8.32	8.19	8.22	8061299	73027440.00
2013/04/02	8.24	8.31	8.19	8.26	6119402	55536196.00
2013/04/03	8.26	8.31	8.15	8.19	6417960	58181376.00
2013/04/08	8.11	8.24	8.06	8.20	8675104	78189368.00
2013/04/09	8.24	8.46	8.22	8.41	16299457	149763440.00
2013/04/10	8.37	8.54	8.34	8.39	9556941	88589904.00
2013/04/11	8.43	8.49	8.24	8.25	11328311	104212088.00
2013/04/12	8.25	8.37	8.22	8.28	7057386	64396080.00
2013/04/15	8.31	8.36	8.22	8.23	5214192	47583992.00
2013/04/16	8.18	8.38	8.18	8.36	7628478	69600712.00
2013/04/17	8.41	8.45	8.31	8.43	9624682	88854840.00
2013/04/18	8.34	8.52	8.34	8.45	6744192	62633100.00
2013/04/19	8.49	8.61	8.43	8.52	16909734	158561776.00
2013/04/22	8.50	8.53	8.45	8.51	7362949	68662528.00
2013/04/23	8.51	8.51	8.25	8.27	9713306	89032320.00
2013/04/24	8.27	8.34	8.16	8.25	16186554	147080416.00
2013/04/25	8.30	8.30	8.18	8.22	12202732	110679872.00
2013/04/26	8.30	8.30	8.19	8.22	5813953	52689888.00
2013/05/02	8.17	8.24	8.13	8.23	8049763	72571832.00
2013/05/03	8.23	8.39	8.21	8.28	18853274	172274096.00
2013/05/06	8.31	8.46	8.26	8.41	15597314	143389632.00
2013/05/07	8.37	8.46	8.34	8.45	11251447	104020048.00
2013/05/08	8.46	8.65	8.45	8.54	25163506	236093088.00
2013/05/09	8.53	8.55	8.25	8.34	16645473	153209664.00
2013/05/10	8.31	8.39	8.26	8.39	9090156	83346448.00
2013/05/13	8.41	8.48	8.31	8.35	11188356	103368824.00
2013/05/14	8.31	8.34	8.16	8.22	11547565	104763248.00
2013/05/15	8.22	8.27	8.20	8.26	6194553	56178672.00
2013/05/16	8.27	8.34	8.15	8.33	15886472	144205600.00
2013/05/17	8.32	8.46	8.27	8.46	19546364	180067600.00
2013/05/20	8.47	8.51	8.40	8.46	22266791	206995328.00
2013/05/21	8.46	8.63	8.44	8.52	27659214	259060368.00
2013/05/22	8.55	8.69	8.51	8.57	24434857	230724688.00
2013/05/23	8.55	8.59	8.39	8.39	20767001	193469872.00
2013/05/24	8.44	8.46	8.35	8.41	11603976	107245696.00
2013/05/27	8.43	8.53	8.40	8.52	23487161	218496832.00
2013/05/28	8.52	8.60	8.42	8.60	23354978	218387392.00
2013/05/29	8.62	9.02	8.61	8.92	63700101	618381824.00
2013/05/30	8.86	8.96	8.76	8.87	24228693	234556736.00
2013/05/31	8.91	9.11	8.81	8.82	28256668	277384992.00
2013/06/03	8.86	8.90	8.68	8.71	20413475	195886032.00
2013/06/04	8.68	8.75	8.49	8.55	17926600	169517312.00
2013/06/05	8.55	8.58	8.46	8.58	12818461	120095512.00
2013/06/06	8.54	8.68	8.48	8.49	14055836	132600520.00
2013/06/07	8.53	8.55	8.26	8.30	14132241	130115064.00
2013/06/13	8.19	8.19	7.86	7.93	25211952	221869664.00
2013/06/14	7.98	8.00	7.87	7.96	15169689	133199120.00
2013/06/17	7.96	7.99	7.82	7.83	13517932	118078784.00
2013/06/18	7.86	7.92	7.76	7.83	14760241	127932152.00
2013/06/19	7.83	7.83	7.56	7.66	15656498	133201656.00
2013/06/20	7.62	7.65	7.53	7.56	9398619	79250960.00
2013/06/21	7.51	7.63	7.37	7.58	10837829	90639112.00
2013/06/24	7.56	7.63	7.11	7.16	14463567	117441600.00
2013/06/25	7.11	7.24	6.66	7.17	19918175	156302992.00
2013/06/26	7.17	7.21	6.98	7.02	15441071	122258008.00
2013/06/27	7.06	7.14	6.86	6.95	24533165	192176256.00
2013/06/28	6.92	7.10	6.77	6.96	21061742	164592352.00
2013/07/01	6.95	7.03	6.76	6.90	17448744	134553088.00
2013/07/02	6.93	7.09	6.88	7.08	16377480	128206056.00
2013/07/03	7.01	7.14	6.99	7.09	13243095	104617560.00
2013/07/04	7.08	7.23	7.02	7.17	12203613	97529600.00
2013/07/05	7.20	7.23	7.09	7.15	11273215	90169008.00
2013/07/08	7.11	7.14	6.82	6.83	10379148	77036568.00
2013/07/09	6.83	6.90	6.73	6.81	8822025	64100108.00
2013/07/10	6.81	7.03	6.78	7.02	8252002	60949352.00
2013/07/11	7.02	7.36	6.99	7.28	15064322	116032720.00
2013/07/12	7.32	7.34	7.09	7.10	14677281	112651304.00
2013/07/15	7.17	7.30	7.15	7.21	7727567	59529544.00
2013/07/16	7.19	7.32	7.14	7.31	10781472	83285552.00
2013/07/17	7.28	7.34	7.15	7.16	9523551	73440448.00
2013/07/18	7.15	7.19	7.02	7.04	9498127	71695760.00
2013/07/19	7.04	7.08	6.84	6.86	9016028	67125816.00
2013/07/22	6.87	7.07	6.78	7.02	5938134	43906340.00
2013/07/23	7.03	7.18	6.97	7.14	11960512	90482280.00
2013/07/24	7.11	7.13	6.94	7.10	8044186	60507796.00
2013/07/25	7.11	7.15	6.96	6.97	9129788	68333760.00
2013/07/26	6.94	7.04	6.89	7.00	4701256	34917864.00
2013/07/29	6.94	6.97	6.85	6.86	5610239	41294288.00
2013/07/30	6.86	7.00	6.85	6.87	7101556	52370104.00
2013/07/31	6.89	6.97	6.85	6.88	6901289	50821200.00
2013/08/01	6.90	7.00	6.86	6.99	10348519	76565104.00
2013/08/02	7.01	7.06	6.95	6.99	10313047	77163336.00
2013/08/05	6.99	7.30	6.97	7.25	15340511	116668176.00
2013/08/06	7.23	7.61	7.18	7.50	28323085	223370960.00
2013/08/07	7.44	7.55	7.33	7.35	12698406	100474056.00
2013/08/08	7.34	7.48	7.32	7.39	10123667	79776224.00
2013/08/09	7.42	7.52	7.32	7.45	10165075	80386544.00
2013/08/12	7.52	7.60	7.45	7.55	11619706	92873408.00
2013/08/13	7.57	7.60	7.49	7.59	8191389	65598468.00
2013/08/14	8.40	8.40	8.40	8.40	12312361	109210640.00
2013/08/15	8.68	9.13	8.43	8.75	112154911	1041450048.00
2013/08/16	8.75	9.40	8.65	8.69	65609264	617104896.00
2013/08/19	8.57	9.05	8.46	8.94	35483731	329583904.00
2013/08/20	8.88	8.92	8.62	8.70	25763664	238065312.00
2013/08/21	8.67	8.91	8.64	8.73	21016085	193741088.00
2013/08/22	8.74	8.78	8.60	8.62	11313715	103314544.00
2013/08/23	8.65	8.68	8.40	8.60	13022399	117778224.00
2013/08/26	8.54	8.94	8.50	8.92	26284105	245044464.00
2013/08/27	8.92	9.17	8.88	8.98	22361660	213109024.00
2013/08/28	8.90	8.97	8.76	8.87	13657616	127456936.00
2013/08/29	8.86	8.86	8.59	8.62	14475656	132168400.00
2013/08/30	8.65	8.77	8.55	8.61	11902752	108381304.00
2013/09/02	8.63	8.69	8.43	8.63	13377521	120625336.00
2013/09/03	8.63	8.83	8.59	8.78	14256159	131251600.00
2013/09/04	8.75	8.84	8.64	8.69	8934748	82042000.00
2013/09/05	8.66	8.75	8.55	8.60	11117232	101513920.00
2013/09/06	8.58	8.72	8.54	8.68	14197827	129267848.00
2013/09/09	8.70	8.91	8.63	8.78	20050746	185930848.00
2013/09/10	8.81	8.98	8.68	8.92	15066063	140343264.00
2013/09/11	8.94	9.08	8.87	8.92	19283640	182202912.00
2013/09/12	8.96	8.96	8.80	8.92	12332021	115199288.00
2013/09/13	8.98	9.02	8.76	8.80	9546205	89275568.00
2013/09/16	8.82	8.88	8.62	8.64	10987306	100709656.00
2013/09/17	8.65	8.96	8.65	8.78	33396515	309906496.00
2013/09/18	8.82	8.82	8.63	8.72	7538955	69180144.00
2013/09/23	8.73	9.03	8.72	9.00	16095304	151458320.00
2013/09/24	8.95	9.02	8.76	8.99	10311554	96636160.00
2013/09/25	8.95	9.14	8.79	8.83	11696817	110543400.00
2013/09/26	8.81	9.03	8.66	8.89	17174988	160007072.00
2013/09/27	8.84	8.89	8.75	8.77	5918671	54827408.00
2013/09/30	8.83	8.92	8.77	8.83	4444954	41283132.00
2013/10/08	8.83	8.95	8.72	8.95	8289883	77576208.00
2013/10/09	8.97	9.12	8.93	9.07	14315242	136136496.00
2013/10/10	9.09	9.63	9.04	9.55	32188766	319193856.00
2013/10/11	9.56	10.03	9.55	9.94	36793088	380041696.00
2013/10/14	9.93	10.47	9.89	10.26	50046859	540855808.00
2013/10/15	10.23	10.25	9.85	10.08	18315650	192304032.00
2013/10/16	10.02	10.06	9.65	9.73	18918779	194303024.00
2013/10/17	9.78	9.90	9.56	9.74	17397197	176702464.00
2013/10/18	9.78	9.78	9.53	9.65	11867788	120006912.00
2013/10/21	9.67	9.98	9.48	9.91	11614321	119031536.00
2013/10/22	9.86	9.98	9.50	9.54	15844770	160513904.00
2013/10/23	9.54	9.82	9.41	9.58	13599067	137571744.00
2013/10/24	9.58	10.17	9.51	10.15	28405661	296984352.00
2013/10/25	10.13	10.22	9.85	9.94	23666109	247899312.00
2013/10/28	9.94	10.00	9.65	9.72	10765515	109987848.00
2013/10/29	9.71	10.10	9.35	9.65	27610504	282155648.00
2013/10/30	9.69	10.13	9.60	10.02	20776692	216691952.00
2013/10/31	10.03	10.04	9.73	9.81	8775771	90735576.00
2013/11/01	9.88	10.15	9.82	9.92	12264794	128257520.00
2013/11/04	10.02	10.21	9.89	9.99	17263633	182362784.00
2013/11/05	9.95	9.96	9.76	9.83	23106196	238080736.00
2013/11/06	9.82	9.86	9.39	9.55	23046259	231494496.00
2013/11/07	9.59	9.61	9.43	9.48	6001435	59873348.00
2013/11/08	9.48	9.61	9.23	9.29	12712774	125103232.00
2013/11/11	9.29	9.47	9.25	9.41	4035939	39722588.00
2013/11/12	9.51	9.53	9.34	9.36	7660518	75717984.00
2013/11/13	9.29	9.34	8.91	9.07	17590288	169009264.00
2013/11/14	9.16	9.67	8.98	9.65	15639501	154128000.00
2013/11/15	9.63	10.25	9.61	9.88	30739262	322644288.00
2013/11/18	9.89	10.15	9.88	10.10	17947268	189202000.00
2013/11/19	10.10	10.15	9.91	10.01	13391271	140867952.00
2013/11/20	10.03	10.18	9.96	10.14	10325213	108790856.00
2013/11/21	10.14	10.14	9.94	9.99	9532862	99718088.00
2013/11/22	10.01	10.03	9.78	9.89	7262012	75186528.00
2013/11/25	9.82	9.95	9.67	9.68	9929108	101642128.00
2013/11/26	9.64	9.81	9.61	9.68	6989501	71035376.00
2013/11/27	9.73	9.80	9.57	9.75	8205570	83614776.00
2013/11/28	9.73	10.13	9.73	10.00	13845047	144237088.00
2013/11/29	10.00	10.07	9.83	9.90	7836936	81261920.00
2013/12/02	9.73	10.01	9.72	9.87	14417114	149416496.00
2013/12/03	9.86	10.18	9.86	10.14	19537890	206411696.00
2013/12/04	10.14	10.68	10.13	10.59	33810116	372197280.00
2013/12/05	10.57	10.85	10.54	10.68	26562147	296613184.00
2013/12/06	10.76	10.81	10.60	10.66	11026439	122782720.00
2013/12/09	10.73	10.82	10.63	10.73	8197935	91890136.00
2013/12/10	10.72	11.00	10.63	10.82	11121614	125585976.00
2013/12/11	10.83	10.87	10.50	10.65	11210555	124639568.00
2013/12/12	10.65	10.71	10.59	10.64	6187895	68947840.00
2013/12/13	10.62	10.80	10.60	10.69	7934251	88589376.00
2013/12/16	10.69	10.76	10.31	10.40	26471316	288845632.00
2013/12/17	10.36	10.40	10.13	10.30	8811887	94503672.00
2013/12/18	10.32	10.35	10.14	10.30	5489612	59002780.00
2013/12/19	10.38	10.52	10.13	10.27	9796972	105586768.00
2013/12/20	10.31	10.32	10.10	10.18	9919752	105755280.00
2013/12/23	10.25	10.25	9.92	10.10	6551118	69053512.00
2013/12/24	10.11	10.31	10.01	10.13	5661100	60181472.00
2013/12/25	10.13	10.20	9.88	9.92	9093233	94982192.00
2013/12/26	9.93	9.96	9.43	9.56	17719141	179074992.00
2013/12/27	9.63	9.73	9.48	9.61	13856750	139546688.00
2013/12/30	9.66	9.72	9.51	9.59	5363386	53920968.00
2013/12/31	9.54	9.69	9.49	9.67	4187886	42271136.00
2014/01/02	9.65	9.66	9.38	9.45	8252422	82172056.00
2014/01/03	9.40	9.45	8.88	8.92	24164527	229972352.00
2014/01/06	8.92	8.99	8.64	8.90	10520273	97791144.00
2014/01/07	8.83	9.02	8.82	8.87	4873860	45744536.00
2014/01/08	8.93	9.01	8.64	8.68	11621899	107420672.00
2014/01/09	8.67	8.79	8.38	8.49	18335836	165538512.00
2014/01/10	8.45	8.56	8.43	8.52	4743364	42547396.00
2014/01/13	8.55	8.60	8.45	8.53	4160287	37449124.00
2014/01/14	8.55	8.67	8.51	8.62	5918722	53654948.00
2014/01/15	8.63	8.63	8.44	8.47	5491646	49316968.00
2014/01/16	8.49	8.52	8.26	8.27	9937245	88085392.00
2014/01/17	8.24	8.38	8.11	8.13	8285436	71977832.00
2014/01/20	8.14	8.18	7.86	8.01	8663693	73530304.00
2014/01/21	8.04	8.13	8.01	8.04	8086753	68899488.00
2014/01/22	8.06	8.52	8.06	8.50	13999492	123374672.00
2014/01/23	8.51	8.62	8.48	8.51	8283622	74592704.00
2014/01/24	8.50	8.72	8.44	8.59	11111326	100786968.00
2014/01/27	8.56	8.56	8.45	8.48	4650763	41683968.00
2014/01/28	8.51	8.61	8.39	8.45	7452805	66466944.00
2014/01/29	8.52	8.53	8.38	8.44	4945856	44130044.00
2014/01/30	8.46	8.48	8.32	8.38	3909297	34680072.00
2014/02/07	8.33	8.51	8.29	8.48	3814980	33920980.00
2014/02/10	8.54	8.79	8.51	8.77	21701854	198685792.00
2014/02/11	8.77	8.79	8.66	8.73	12106020	111298976.00
2014/02/12	8.68	8.81	8.68	8.79	9711248	89506360.00
2014/02/13	8.78	8.82	8.62	8.65	13048551	120182280.00
2014/02/14	8.64	8.70	8.53	8.65	10725279	97418496.00
2014/02/17	8.65	8.90	8.58	8.83	16921418	155924304.00
2014/02/18	8.83	9.41	8.76	9.39	39237528	378039456.00
2014/02/19	9.53	9.93	9.29	9.57	55185476	557766848.00
2014/02/20	9.71	10.28	9.71	9.77	42808832	446258464.00
2014/02/21	9.77	9.77	9.35	9.47	25295413	251784416.00
2014/02/24	9.37	9.37	8.94	9.12	20401991	195285920.00
2014/02/25	9.11	9.16	8.55	8.69	23903173	223505232.00
2014/02/26	8.63	8.91	8.60	8.79	17426636	161478064.00
2014/02/27	8.82	9.07	8.70	8.77	19905737	185447168.00
2014/02/28	8.70	8.72	8.43	8.62	25148481	226802640.00
2014/03/03	8.69	9.03	8.61	8.90	23671254	221432448.00
2014/03/04	8.83	9.03	8.75	8.95	16178048	151001424.00
2014/03/05	9.01	9.04	8.71	8.78	14610139	136428368.00
2014/03/06	8.75	8.75	8.57	8.70	12014181	109698496.00
2014/03/07	8.71	8.76	8.43	8.57	17612271	159532544.00
2014/03/10	8.45	8.51	8.12	8.17	14495099	127405400.00
2014/03/11	8.19	8.32	8.13	8.25	9688695	84198608.00
2014/03/12	8.19	8.29	8.13	8.23	7536782	65417656.00
2014/03/13	8.25	8.50	8.25	8.43	19982304	177302416.00
2014/03/14	8.37	9.19	8.33	9.06	50546506	471001088.00
2014/03/17	8.98	9.39	8.98	9.29	31999636	311912832.00
2014/03/18	9.26	9.67	9.21	9.32	27215544	270057728.00
2014/03/19	9.31	9.46	9.11	9.14	23180191	225605328.00
2014/03/20	9.18	9.38	8.92	8.94	16836778	161694000.00
2014/03/21	8.97	9.26	8.77	9.24	27457199	261437280.00
2014/03/24	9.18	9.21	8.89	9.10	27318196	258861216.00
2014/03/25	9.08	9.50	8.97	9.46	30491515	299913280.00
2014/03/26	9.39	9.83	9.37	9.63	37186035	373997344.00
2014/03/27	9.62	9.62	9.20	9.21	30957161	303864320.00
2014/03/28	9.28	9.58	9.12	9.15	19832061	194714160.00
2014/03/31	9.18	9.32	9.03	9.13	12639507	121636544.00
2014/04/01	9.16	9.38	9.13	9.31	10257787	99950056.00
2014/04/02	9.33	9.47	9.29	9.43	14899823	146940272.00
2014/04/03	9.44	9.48	9.13	9.15	13371792	130268976.00
2014/04/04	9.15	9.29	9.15	9.24	6379586	61828728.00
2014/04/08	9.19	9.71	9.17	9.59	25147701	250918576.00
2014/04/09	9.58	9.64	9.42	9.49	16614926	165927984.00
2014/04/10	9.53	9.68	9.43	9.63	14713676	147731552.00
2014/04/11	9.62	9.72	9.51	9.59	13307945	134176448.00
2014/04/14	9.63	9.69	9.40	9.49	15335800	153212880.00
2014/04/15	9.44	9.50	9.13	9.21	16406315	159998592.00
2014/04/16	9.23	9.27	9.14	9.23	7580561	73387544.00
2014/04/17	9.27	9.52	9.16	9.45	15624323	153632800.00
2014/04/18	9.46	9.46	9.28	9.37	11120695	109380544.00
2014/04/21	9.23	9.28	9.01	9.03	17111000	164371920.00
2014/04/22	8.99	9.18	8.96	9.10	9587582	91533112.00
2014/04/23	9.04	9.13	8.94	9.02	8821817	83802872.00
2014/04/24	8.96	9.00	8.79	8.80	11741147	109554664.00
2014/04/25	8.81	8.85	8.54	8.57	11871858	108766960.00
2014/04/28	8.57	8.70	8.38	8.41	9890310	88523664.00
2014/04/29	8.47	8.75	8.45	8.72	11517394	104491592.00
2014/04/30	8.85	8.95	8.79	8.84	13860779	129117800.00
2014/05/05	8.85	8.95	8.77	8.94	8671167	80956032.00
2014/05/06	8.91	9.03	8.88	8.98	7890278	74512496.00
2014/05/07	8.95	8.96	8.74	8.77	10615390	98609312.00
2014/05/08	8.81	8.89	8.72	8.76	9172847	84910432.00
2014/05/09	8.76	8.80	8.55	8.63	9795951	89406320.00
2014/05/12	8.72	8.97	8.67	8.92	13838039	128710208.00
2014/05/13	8.92	8.95	8.78	8.83	7428951	69221176.00
2014/05/14	8.83	8.91	8.81	8.84	6580812	61314892.00
2014/05/15	8.83	8.87	8.75	8.76	8297066	76953864.00
2014/05/16	8.79	8.98	8.75	8.97	17648725	164923808.00
2014/05/19	9.10	9.11	8.85	8.95	12481875	117727640.00
2014/05/20	9.03	9.08	8.86	8.97	9296895	87637168.00
2014/05/21	8.89	9.25	8.87	9.23	15787804	151199808.00
2014/05/22	9.23	9.27	9.08	9.10	9384058	90528608.00
2014/05/23	9.11	9.21	9.09	9.21	6969202	67117208.00
2014/05/26	9.37	9.39	9.20	9.26	15649085	152360240.00
2014/05/27	9.25	9.25	9.09	9.12	8608558	82889232.00
2014/05/28	9.12	9.28	9.07	9.22	8592989	82920096.00
2014/05/29	9.20	9.28	9.07	9.07	6964870	67205440.00
2014/05/30	9.07	9.20	8.96	9.12	9571613	91491008.00
2014/06/03	9.10	9.15	8.99	9.00	7055517	67351200.00
2014/06/04	9.01	9.07	8.89	9.02	7410289	70012296.00
2014/06/05	9.00	9.12	8.92	9.11	6825828	64676496.00
2014/06/06	9.08	9.16	8.96	9.02	5523792	52618152.00
2014/06/09	8.98	9.16	8.96	9.13	9226295	88097952.00
2014/06/10	9.13	9.23	9.06	9.20	10960707	105480536.00
2014/06/11	9.17	9.23	9.14	9.19	6814294	65770480.00
2014/06/12	9.19	9.21	9.11	9.12	7197762	69272944.00
2014/06/13	9.10	9.34	9.09	9.24	11488713	111589888.00
2014/06/16	9.22	9.42	9.22	9.38	18012303	177191216.00
2014/06/17	9.38	9.42	9.25	9.27	9457502	92429368.00
2014/06/18	9.26	9.29	9.12	9.16	12440389	120049304.00
2014/06/19	9.15	9.18	8.82	8.93	15142414	143223440.00
2014/06/20	8.92	8.98	8.84	8.95	11009135	103154736.00
2014/06/23	8.97	9.03	8.93	8.98	7765994	73401728.00
2014/06/24	8.99	9.08	8.96	9.05	6552627	62286656.00
2014/06/25	9.07	9.07	8.95	8.96	7274859	68749216.00
2014/06/26	9.00	9.07	8.96	9.04	6890372	65439992.00
2014/06/27	9.07	9.37	9.02	9.31	22841711	222483600.00
2014/06/30	9.42	9.42	9.20	9.31	14186481	139163248.00
2014/07/01	9.31	9.36	9.24	9.31	7557210	73837264.00
2014/07/02	9.28	9.36	9.22	9.32	8213919	80188912.00
2014/07/03	9.33	9.42	9.26	9.35	10954235	107563640.00
2014/07/04	9.35	9.39	9.27	9.32	8208556	80342632.00
2014/07/07	9.34	9.45	9.28	9.38	11179996	110172472.00
2014/07/08	9.36	9.48	9.32	9.45	13357707	131958064.00
2014/07/09	9.43	9.51	9.23	9.24	12441666	122328688.00
2014/07/10	9.28	9.35	9.25	9.26	9215647	89972024.00
2014/07/11	9.25	9.76	9.23	9.55	29781954	298400096.00
2014/07/14	9.57	10.37	9.53	10.21	51041942	535601248.00
2014/07/15	10.14	10.28	9.89	9.98	30527601	321338336.00
2014/07/16	9.94	10.51	9.93	10.27	37036076	398412832.00
2014/07/17	10.16	10.28	9.94	10.07	15058825	158678400.00
2014/07/18	10.03	10.23	9.98	10.03	21913505	230459456.00
2014/07/21	10.03	10.52	9.99	10.22	23278545	251398560.00
2014/07/22	10.23	10.62	10.18	10.35	28012390	306545664.00
2014/07/23	10.41	10.72	10.41	10.61	27076083	300065728.00
2014/07/24	10.76	10.98	10.64	10.88	34614919	390575040.00
2014/07/25	10.88	11.01	10.73	10.95	17769822	202175456.00
2014/07/28	10.95	11.17	10.78	11.01	23284371	266202464.00
2014/07/29	10.98	11.01	10.74	10.77	28475936	321262976.00
2014/07/30	10.73	10.82	10.62	10.68	15474395	172979744.00
2014/07/31	10.72	10.97	10.62	10.90	17089696	192298848.00
2014/08/01	10.83	11.09	10.80	10.90	18986431	216781424.00
2014/08/04	10.86	11.76	10.86	11.71	31507973	374597600.00
2014/08/05	11.69	11.78	11.55	11.73	17539084	212681312.00
2014/08/06	11.69	11.89	11.49	11.60	20345981	246791792.00
2014/08/07	11.55	11.70	11.19	11.27	21497261	255737520.00
2014/08/08	11.39	11.54	11.24	11.51	20253395	230451936.00
2014/08/11	11.64	12.08	11.41	11.96	30182586	355975136.00
2014/08/12	11.90	12.08	11.86	11.94	14497938	173574160.00
2014/08/13	11.90	12.42	11.87	12.38	25161016	306679456.00
2014/08/14	12.36	12.48	12.11	12.13	20035132	246838240.00
2014/08/15	12.10	12.45	12.03	12.41	17183370	211167312.00
2014/08/18	12.47	12.63	12.25	12.34	15260236	189210368.00
2014/08/19	12.33	12.35	11.97	12.08	23519107	284418912.00
2014/08/20	12.07	12.08	11.91	11.99	13715003	164319520.00
2014/08/21	11.99	12.04	11.78	11.97	13508224	160515440.00
2014/08/22	11.95	12.07	11.91	11.93	11255328	134862784.00
2014/08/25	11.91	11.97	11.47	11.52	29924562	347812352.00
2014/08/26	11.49	11.76	11.46	11.55	15250901	176934592.00
2014/08/27	11.53	11.68	11.50	11.56	7522608	87168832.00
2014/08/28	11.56	11.67	11.47	11.64	11621632	134664800.00
2014/08/29	11.62	11.74	11.55	11.60	12663373	147321264.00
2014/09/01	11.67	11.88	11.63	11.74	14655283	172248912.00
2014/09/02	11.81	11.83	11.40	11.75	28271508	329096544.00
2014/09/03	11.76	12.03	11.65	11.79	27020805	319896800.00
2014/09/04	11.79	11.89	11.61	11.84	23123966	271742112.00
2014/09/05	12.03	12.62	11.91	12.49	45037040	555123648.00
2014/09/09	12.50	13.03	12.49	12.86	26867642	344683488.00
2014/09/10	12.84	12.84	12.50	12.61	16749910	211037440.00
2014/09/11	12.60	12.80	12.36	12.42	17069333	214421808.00
2014/09/12	12.43	12.62	12.37	12.55	8784697	110078944.00
2014/09/15	12.50	12.50	12.27	12.43	16277567	201551616.00
2014/09/16	12.43	12.49	11.86	11.91	22900252	278245280.00
2014/09/17	11.92	12.02	11.68	11.96	17054934	202672352.00
2014/09/18	11.88	12.18	11.83	12.06	12509435	151147632.00
2014/09/19	12.13	12.25	12.06	12.18	7482989	91003232.00
2014/09/22	12.15	12.15	11.83	11.94	9753535	116418368.00
2014/09/23	11.94	12.17	11.86	12.07	11928698	143711120.00
2014/09/24	12.04	12.36	11.97	12.32	10420259	127585920.00
2014/09/25	12.45	12.55	12.24	12.33	9721165	120585232.00
2014/09/26	12.25	12.51	12.21	12.50	9586433	119194344.00
2014/09/29	12.59	12.83	12.51	12.78	17364355	220521552.00
2014/09/30	12.78	12.96	12.74	12.86	12465215	160410848.00
2014/10/08	12.87	12.94	12.68	12.84	13177695	168436144.00
2014/10/09	12.84	12.96	12.66	12.78	11306087	144854176.00
2014/10/10	12.77	12.77	12.46	12.51	14768866	185646496.00
2014/10/13	12.43	12.43	12.20	12.43	12229006	150389088.00
2014/10/14	12.35	12.50	12.19	12.29	9103567	112259904.00
2014/10/15	12.19	12.48	12.19	12.39	9783424	120920712.00
2014/10/16	12.29	12.53	12.25	12.32	8631830	107149112.00
2014/10/17	12.34	12.60	12.10	12.58	15625233	193799200.00
2014/10/20	12.56	12.78	12.38	12.70	15350771	193176800.00
2014/10/21	12.60	12.77	12.54	12.66	12043968	152406832.00
2014/10/22	12.70	13.07	12.65	12.79	21035806	270756992.00
2014/10/23	12.75	12.82	12.45	12.49	13489132	170711056.00
2014/10/24	12.49	12.60	12.35	12.39	8057345	100322528.00
2014/10/27	12.39	12.39	12.20	12.35	11874956	145925920.00
2014/10/28	12.35	12.84	12.35	12.80	10711739	135151808.00
2014/10/29	12.81	13.29	12.81	13.22	34438319	453080544.00
2014/10/30	13.25	13.29	13.00	13.24	24152059	317589440.00
2014/10/31	13.29	13.63	13.21	13.52	29582368	397847552.00
2014/11/03	13.59	13.88	13.35	13.54	21688819	295674912.00
2014/11/04	13.42	13.64	13.33	13.46	14660702	197153008.00
2014/11/05	13.42	13.58	13.26	13.28	9246219	123794056.00
2014/11/06	13.45	13.49	13.22	13.47	9450353	126146016.00
2014/11/07	13.46	13.81	13.35	13.62	16088215	218754944.00
2014/11/10	13.77	14.65	13.60	14.59	38696420	552161728.00
2014/11/11	14.60	14.66	14.02	14.18	23150785	332259712.00
2014/11/12	14.15	14.94	14.10	14.90	23807683	347932672.00
2014/11/13	14.86	14.93	14.58	14.85	13557811	200039744.00
2014/11/14	14.64	14.74	14.20	14.58	17576812	253441600.00
2014/11/17	15.00	15.47	14.63	14.79	34377489	517647456.00
2014/11/18	14.85	14.91	14.42	14.51	17108531	249325440.00
2014/11/19	14.42	14.71	13.99	14.19	14553143	209045584.00
2014/11/20	14.11	14.44	14.04	14.36	8198229	117454648.00
2014/11/21	14.30	14.76	14.00	14.70	18925524	271564832.00
2014/11/24	14.86	15.19	14.64	15.18	28726900	427837088.00
2014/11/25	15.01	15.45	14.90	15.36	23614640	359286208.00
2014/11/26	15.36	15.58	14.96	15.14	21260531	323511328.00
2014/11/27	15.16	15.44	15.01	15.19	21465760	326886528.00
2014/11/28	15.26	15.26	14.85	15.10	21371625	320910592.00
2014/12/01	15.03	15.47	14.82	14.85	18925184	286123776.00
2014/12/02	14.84	15.25	14.68	15.09	18400873	276329472.00
2014/12/03	15.34	15.97	15.20	15.79	33111146	518559456.00
2014/12/04	15.84	16.13	15.57	15.99	24390056	388142912.00
2014/12/05	16.00	16.23	15.38	15.60	25130774	395812832.00
2014/12/08	15.66	16.30	15.55	16.16	35000693	557557888.00
2014/12/09	16.08	16.75	15.35	15.44	54966901	877881600.00
2014/12/10	15.37	16.04	15.27	15.94	28630681	449849120.00
2014/12/11	15.81	16.50	15.61	15.77	26949692	430378560.00
2014/12/12	15.83	16.26	15.75	16.01	18124046	290217408.00
2014/12/15	16.00	16.17	15.81	16.13	18675269	299065472.00
2014/12/16	16.18	16.26	15.96	16.25	21625610	348087456.00
2014/12/17	16.21	16.33	15.80	16.04	24596415	395410048.00
2014/12/18	16.00	16.16	15.72	15.74	14618441	233428864.00
2014/12/19	15.71	15.96	15.37	15.70	19282073	301722208.00
2014/12/22	15.68	15.99	15.35	15.54	23913456	375960960.00
2014/12/23	15.45	15.80	15.45	15.57	13949786	218873616.00
2014/12/24	15.58	15.69	14.65	14.76	26847663	402950464.00
2014/12/25	14.83	15.11	14.65	15.09	14649286	218774832.00
2014/12/26	15.09	15.57	15.01	15.54	15655677	240225376.00
2014/12/29	15.54	15.73	15.20	15.38	17791314	276730560.00
2014/12/30	15.05	15.58	15.05	15.45	16155622	247923664.00
2014/12/31	15.40	15.58	15.27	15.48	18907637	291277248.00
2015/01/05	15.60	16.95	15.55	16.82	40486315	665682176.00
2015/01/06	16.59	18.35	16.51	17.92	56097454	999300288.00
2015/01/07	17.60	18.11	17.55	17.95	23873891	423184608.00
2015/01/08	17.85	18.22	17.45	17.95	22281878	399290304.00
2015/01/09	17.90	18.23	17.05	17.39	27993062	500961952.00
2015/01/12	17.50	18.22	17.26	18.13	23130003	411100672.00
2015/01/13	17.99	18.80	17.95	18.59	23062616	427041344.00
2015/01/14	18.56	18.77	18.13	18.31	11607225	213054528.00
2015/01/15	18.31	18.36	18.02	18.35	9510035	172774656.00
2015/01/16	18.35	18.65	18.10	18.12	11276980	206568800.00
2015/01/19	17.10	17.80	16.57	16.83	20037380	341720096.00
2015/01/20	17.03	17.50	16.80	17.31	13781808	237229536.00
2015/01/21	17.51	17.78	17.11	17.76	12694689	222226016.00
2015/01/22	17.77	17.97	17.51	17.63	12073840	213471264.00
2015/01/23	17.64	17.82	17.39	17.48	10998368	192948528.00
2015/01/26	17.49	17.69	17.31	17.50	10587780	185526704.00
2015/01/27	17.50	18.25	17.50	18.04	17211945	307518816.00
2015/01/28	18.04	18.20	17.61	17.71	13646465	244330016.00
2015/01/29	17.62	17.77	17.41	17.54	11467092	201489120.00
2015/01/30	17.56	17.72	17.01	17.01	10834571	188418272.00
2015/02/02	16.93	17.20	16.66	16.96	10778516	182557712.00
2015/02/03	17.10	17.27	16.95	17.19	6511589	111326848.00
2015/02/04	17.25	17.31	16.69	16.70	10617319	181064704.00
2015/02/05	16.82	17.05	16.49	16.51	12681628	213082800.00
2015/02/06	16.53	16.77	16.10	16.13	13574808	222870048.00
2015/02/09	16.19	16.48	16.02	16.44	11748462	190845376.00
2015/02/10	16.49	17.03	16.32	16.87	10152538	170503200.00
2015/02/11	17.03	17.29	16.90	17.03	8639162	147939424.00
2015/02/12	17.06	17.20	16.81	17.15	4721747	80200576.00
2015/02/13	17.17	17.30	17.06	17.17	10007718	171987296.00
2015/02/16	17.23	17.23	16.90	17.03	9042025	153750784.00
2015/02/17	17.08	17.75	17.00	17.61	15148604	265574768.00
2015/02/25	17.65	18.29	17.53	17.85	19560210	351707744.00
2015/02/26	17.80	18.63	17.70	18.56	15737305	289187168.00
2015/02/27	18.52	18.74	18.28	18.40	8335363	153495664.00
2015/03/02	18.43	18.58	17.98	18.24	14285214	260233936.00
2015/03/03	18.10	18.11	17.33	17.43	17457180	308673568.00
2015/03/04	17.59	17.85	17.45	17.80	14886576	262561200.00
2015/03/05	17.77	17.96	17.52	17.76	10667925	188979568.00
2015/03/06	17.70	17.88	17.40	17.70	8278815	146448928.00
2015/03/09	17.61	18.15	17.50	18.12	11460920	204524848.00
2015/03/10	18.00	18.68	17.99	18.58	18019760	332630240.00
2015/03/11	18.65	19.09	18.44	18.73	18788628	352856352.00
2015/03/12	18.88	20.42	18.70	19.99	35786620	708844736.00
2015/04/23	21.99	21.99	21.99	21.99	2650534	58285244.00
2015/04/24	23.80	24.09	22.30	23.55	113150304	2659410944.00
2015/04/27	23.50	23.50	22.10	22.37	89806633	2021014016.00
2015/04/28	22.30	22.48	20.90	21.13	68261522	1470586496.00
2015/04/29	21.12	22.08	21.01	21.75	37879870	822045056.00
2015/04/30	21.75	22.05	21.28	21.30	25291489	544615424.00
2015/05/05	21.44	21.44	21.44	21.44	0	0.00
数据来源:通达信
