600827 百联股份 日线 前复权
      日期	    开盘	    最高	    最低	    收盘	    成交量	    成交额
2011/10/10	14.83	14.92	14.57	14.64	963450	14916526.00
2011/10/11	14.93	15.02	14.40	14.61	1945804	30246274.00
2011/10/12	14.57	14.90	14.42	14.88	3911888	60691240.00
2011/10/13	14.83	15.03	14.75	15.02	3259736	51165960.00
2011/10/14	14.92	15.07	14.80	14.89	1419217	22329632.00
2011/10/17	14.96	15.27	14.90	15.21	2905014	46176288.00
2011/10/18	15.16	15.16	14.80	14.89	1646510	25951140.00
2011/10/19	14.96	15.09	14.74	14.79	1250399	19627488.00
2011/10/20	14.68	14.93	13.82	14.50	1684736	25767516.00
2011/10/24	14.32	14.67	14.32	14.58	4722932	72314264.00
2011/10/25	14.52	14.73	14.17	14.65	6992177	106543584.00
2011/10/26	14.61	15.06	14.47	14.93	3966892	61887568.00
2011/10/27	15.02	15.84	15.02	15.62	10567048	173354176.00
2011/10/28	15.70	15.73	15.43	15.61	3371168	55214144.00
2011/10/31	15.55	15.84	15.43	15.66	3001061	49274180.00
2011/11/01	15.52	15.70	15.23	15.47	3880038	63176524.00
2011/11/02	15.22	15.79	15.21	15.77	2470872	40286000.00
2011/11/03	15.81	16.24	15.81	15.96	4418822	74615392.00
2011/11/04	16.20	16.24	15.73	15.99	2391495	39961692.00
2011/11/07	15.83	16.11	15.61	15.68	3138361	52121424.00
2011/11/08	15.65	15.85	15.52	15.59	1142754	18776638.00
2011/11/09	15.71	15.82	15.49	15.73	1975268	32520296.00
2011/11/10	15.59	15.59	15.23	15.33	4273385	68841216.00
2011/11/11	15.40	15.42	15.18	15.33	2339073	37652568.00
2011/11/14	15.42	15.72	15.36	15.66	4230626	68950672.00
2011/11/15	15.63	15.90	15.59	15.88	4886059	80841248.00
2011/11/16	15.89	15.91	15.44	15.58	3878892	63635028.00
2011/11/17	15.63	15.68	15.38	15.52	3152953	51287336.00
2011/11/18	15.32	15.39	15.04	15.13	8474048	134906400.00
2011/11/21	15.18	15.24	14.71	14.85	3303681	51903072.00
2011/11/22	14.74	15.20	14.51	15.13	3719681	58151136.00
2011/11/23	15.05	15.10	14.63	14.74	2007078	31263804.00
2011/11/24	14.71	14.83	14.47	14.81	3058661	47142064.00
2011/11/25	14.57	14.67	14.45	14.59	1905722	29241124.00
2011/11/28	14.71	14.71	14.22	14.40	3806939	57711728.00
2011/11/29	14.48	14.58	14.32	14.49	3021530	46135276.00
2011/11/30	14.38	14.49	13.91	14.10	4815182	71737272.00
2011/12/01	14.38	14.42	14.13	14.22	7512347	112962176.00
2011/12/02	14.05	14.15	13.53	13.67	7876914	114746776.00
2011/12/05	13.65	13.74	12.86	13.00	3955762	55152216.00
2011/12/06	12.86	13.11	12.82	12.85	1442931	19839484.00
2011/12/07	12.88	12.92	12.62	12.67	2806990	37974176.00
2011/12/08	12.63	12.82	12.49	12.76	4953071	66677480.00
2011/12/09	12.57	12.75	12.30	12.41	2140020	28378970.00
2011/12/12	12.44	12.54	12.22	12.47	4529843	59684904.00
2011/12/13	12.42	12.61	12.02	12.09	7497293	98543648.00
2011/12/14	12.08	12.11	11.82	11.98	2689603	34224616.00
2011/12/15	11.99	12.10	11.62	11.91	4937343	62362424.00
2011/12/16	12.00	12.19	11.72	12.08	4226123	53930168.00
2011/12/19	11.88	12.07	11.53	12.00	4146821	51874560.00
2011/12/20	11.96	12.09	11.74	11.76	4150311	52625636.00
2011/12/21	11.88	12.00	11.43	11.44	3935464	49026396.00
2011/12/22	11.37	11.46	10.99	11.43	4204274	50267224.00
2011/12/23	11.24	11.48	11.17	11.22	7416506	89836064.00
2011/12/26	11.16	11.25	11.07	11.22	2565360	30651872.00
2011/12/27	11.19	11.32	10.68	10.72	5078334	60071840.00
2011/12/28	10.75	10.75	10.16	10.47	5095856	56807056.00
2011/12/29	10.37	10.53	10.27	10.38	6854762	76599176.00
2011/12/30	10.52	10.77	10.34	10.59	15285614	172619168.00
2012/01/04	10.73	10.96	10.57	10.58	14440314	166600016.00
2012/01/05	10.41	10.69	10.32	10.33	16044062	180246304.00
2012/01/06	10.33	10.61	10.10	10.59	9484585	105143552.00
2012/01/09	10.52	10.96	10.43	10.95	7181583	82823264.00
2012/01/10	10.96	11.56	10.87	11.55	12459038	150456080.00
2012/01/11	11.46	11.64	11.38	11.58	5825741	71605592.00
2012/01/12	11.51	11.64	11.31	11.36	3980719	48607560.00
2012/01/13	11.30	11.36	10.82	10.83	7290419	85849752.00
2012/01/16	10.72	10.86	10.21	10.22	5591540	63552076.00
2012/01/17	10.26	11.21	10.26	11.12	13175798	151241712.00
2012/01/18	11.13	11.25	10.74	10.83	3740392	44087868.00
2012/01/19	10.80	11.65	10.80	11.47	11927497	144476496.00
2012/01/20	11.45	11.62	11.34	11.48	7693852	94018056.00
2012/01/30	11.48	11.56	11.05	11.14	4088203	49149916.00
2012/01/31	11.12	11.27	11.02	11.23	3652823	43506408.00
2012/02/01	11.14	11.39	11.02	11.07	3664429	43982740.00
2012/02/02	11.08	11.18	10.90	11.15	5146321	60769072.00
2012/02/03	11.15	11.53	11.08	11.49	7840800	95111616.00
2012/02/06	11.52	11.78	11.32	11.75	6474916	79883432.00
2012/02/07	11.66	11.72	11.32	11.55	5443441	67091632.00
2012/02/08	11.52	11.92	11.40	11.89	4578416	57120628.00
2012/02/09	11.83	12.20	11.77	12.14	6490686	83288768.00
2012/02/10	12.09	12.15	11.81	11.91	5196379	66130028.00
2012/02/13	11.83	12.06	11.67	12.01	5091081	64350716.00
2012/02/14	12.01	12.02	11.72	11.94	3119406	39526168.00
2012/02/15	11.92	12.05	11.79	11.99	4320426	55025232.00
2012/02/16	11.94	12.12	11.85	12.02	3177334	40628408.00
2012/02/17	12.07	12.09	11.75	11.94	3300826	41854872.00
2012/02/20	12.00	12.24	11.99	12.13	7187304	92779544.00
2012/02/21	12.10	12.32	11.83	12.29	3688963	47323252.00
2012/02/22	12.21	12.43	12.15	12.38	5828427	76340072.00
2012/02/23	12.38	12.48	12.22	12.27	7843456	102933104.00
2012/02/24	12.30	12.54	12.25	12.45	6776178	89564560.00
2012/02/27	12.45	12.76	12.45	12.53	5819100	78081184.00
2012/02/28	12.47	12.52	12.18	12.30	7510551	98120944.00
2012/02/29	12.22	12.55	12.10	12.14	4735704	62024968.00
2012/03/01	12.09	12.22	12.01	12.09	2318410	29896460.00
2012/03/02	12.13	12.29	12.07	12.27	5991045	77570912.00
2012/03/05	12.27	12.48	12.12	12.20	11322786	148378208.00
2012/03/06	12.12	12.14	11.76	11.90	12624632	159846064.00
2012/03/07	11.76	12.11	11.71	11.86	11487316	145888784.00
2012/03/08	11.93	12.01	11.78	11.86	8506558	107944104.00
2012/03/09	11.86	12.37	11.86	12.35	13109365	169487520.00
2012/03/12	12.31	12.64	12.28	12.46	13445609	178565152.00
2012/03/13	12.46	12.72	12.34	12.56	11644045	155255424.00
2012/03/14	12.66	13.18	12.07	12.43	24815644	336254400.00
2012/03/15	12.52	13.08	12.52	12.82	19419231	263056784.00
2012/03/16	12.82	13.07	12.57	12.94	12897061	175169904.00
2012/03/19	12.94	13.22	12.87	12.94	9296046	128368064.00
2012/03/20	12.96	12.97	12.52	12.68	8441690	113120880.00
2012/03/21	12.73	12.74	12.08	12.31	8398775	110253984.00
2012/03/22	12.24	12.43	12.12	12.29	6159697	80280520.00
2012/03/23	12.22	12.27	11.98	12.04	4401361	56672660.00
2012/03/26	11.99	12.10	11.88	12.06	2737287	34943048.00
2012/03/27	12.12	12.28	12.03	12.15	3570638	46187704.00
2012/03/28	12.08	12.08	11.46	11.50	5738451	71832456.00
2012/03/29	11.50	11.55	10.94	11.07	7157372	85624312.00
2012/03/30	11.07	11.27	10.74	11.20	6172751	73223696.00
2012/04/05	11.19	11.50	11.08	11.46	4501175	54342208.00
2012/04/06	11.42	11.54	11.27	11.42	2583023	31483156.00
2012/04/09	11.38	11.60	11.20	11.35	4033440	49220168.00
2012/04/10	11.26	11.40	10.86	11.18	7977457	94539552.00
2012/04/11	11.02	11.27	10.96	11.06	5039471	59839460.00
2012/04/12	11.07	11.38	11.07	11.36	4229064	50923628.00
2012/04/13	11.41	11.84	11.31	11.57	6669218	82177984.00
2012/04/16	11.22	11.57	11.22	11.44	4969993	60757972.00
2012/04/17	11.44	11.86	11.43	11.66	8645964	107333984.00
2012/04/18	11.70	11.95	11.63	11.92	5897941	74216744.00
2012/04/19	11.92	12.00	11.71	11.77	7626688	96300752.00
2012/04/20	11.78	11.96	11.68	11.85	8590255	108404464.00
2012/04/23	11.85	12.09	11.73	11.96	12762749	162243888.00
2012/04/24	11.88	11.94	11.47	11.67	9184143	114530280.00
2012/04/25	11.67	11.87	11.52	11.86	15587945	194702736.00
2012/04/26	11.84	11.90	11.61	11.65	6566280	82215472.00
2012/04/27	11.64	11.70	11.02	11.39	5583412	68162896.00
2012/05/02	11.56	11.79	11.40	11.72	12313695	151930928.00
2012/05/03	11.67	11.79	11.54	11.70	7961127	99191176.00
2012/05/04	11.68	11.92	11.63	11.91	9788241	123206064.00
2012/05/07	11.84	12.27	11.82	12.17	12975649	166622784.00
2012/05/08	12.16	12.21	11.93	12.14	8695534	111651312.00
2012/05/09	12.02	12.05	11.83	11.86	6344550	80839144.00
2012/05/10	11.83	11.98	11.77	11.93	5018550	63688900.00
2012/05/11	11.89	11.95	11.61	11.66	5007148	62908552.00
2012/05/14	11.77	11.87	11.54	11.64	5232394	65409124.00
2012/05/15	11.57	12.21	11.46	11.85	8753943	109736320.00
2012/05/16	11.80	11.97	11.62	11.64	4452180	55846680.00
2012/05/17	11.64	11.87	11.62	11.76	4930218	61801224.00
2012/05/18	11.68	11.77	11.28	11.35	4402458	54112984.00
2012/05/21	11.37	11.49	11.08	11.14	5041837	60732012.00
2012/05/22	11.23	11.35	11.17	11.34	3149052	37912772.00
2012/05/23	11.31	11.36	11.11	11.20	3339026	40131416.00
2012/05/24	11.20	11.23	10.77	10.88	7342270	86603320.00
2012/05/25	10.90	10.90	10.54	10.56	5918722	67978224.00
2012/05/28	10.58	10.84	10.43	10.76	4998165	56828728.00
2012/05/29	10.75	10.94	10.68	10.90	5562119	64558540.00
2012/05/31	10.78	10.87	10.61	10.85	5558321	63930772.00
2012/06/01	10.81	10.87	10.72	10.76	3455964	40024232.00
2012/06/04	10.58	10.63	10.43	10.44	2967711	33584532.00
2012/06/05	10.45	10.55	10.32	10.38	3007364	33683328.00
2012/06/06	10.46	10.46	10.20	10.24	4839103	53600928.00
2012/06/07	10.34	10.37	10.07	10.12	3159223	34740152.00
2012/06/08	10.21	10.29	10.08	10.13	2755418	30156532.00
2012/06/11	10.15	10.43	10.09	10.41	4213569	46597392.00
2012/06/12	10.32	10.36	10.21	10.26	3297987	36485696.00
2012/06/13	10.26	10.65	10.23	10.55	8102407	91157432.00
2012/06/14	10.52	10.81	10.49	10.61	5711313	65399272.00
2012/06/15	10.63	10.72	10.52	10.68	3959089	45168172.00
2012/06/18	10.73	10.87	10.71	10.80	4241969	49088748.00
2012/06/19	10.79	10.91	10.63	10.75	3409774	39452508.00
2012/06/20	10.78	10.98	10.63	10.69	3440985	39958120.00
2012/06/21	10.68	10.69	10.40	10.63	3842944	43685320.00
2012/06/25	10.61	10.61	10.44	10.47	2930555	33062148.00
2012/06/26	10.40	10.71	10.37	10.62	2642456	29944892.00
2012/06/27	10.64	10.89	10.58	10.79	4567149	52898620.00
2012/06/28	10.81	11.03	10.75	10.92	6463384	75697920.00
2012/06/29	10.89	11.09	10.37	10.53	13935269	159062480.00
2012/07/02	10.66	10.70	10.42	10.47	4203239	46603500.00
2012/07/03	10.49	10.62	10.40	10.44	3802620	42017560.00
2012/07/04	10.44	10.56	10.12	10.28	6168755	66939580.00
2012/07/05	10.23	10.23	9.91	10.02	3839246	40650528.00
2012/07/06	10.05	10.24	9.77	10.17	6071733	63621036.00
2012/07/09	10.06	10.27	9.93	10.05	4580435	48720876.00
2012/07/10	9.98	10.14	9.89	9.99	3995639	42061868.00
2012/07/11	9.89	10.13	9.89	9.95	3989336	41809216.00
2012/07/12	9.93	10.04	9.74	9.96	5112872	53354128.00
2012/07/13	9.92	10.03	9.75	9.76	4837881	50364848.00
2012/07/16	9.75	9.77	9.41	9.52	4018430	40385880.00
2012/07/17	9.50	9.60	9.43	9.53	2494640	25104852.00
2012/07/18	9.53	9.54	9.33	9.51	3569201	35658704.00
2012/07/19	9.51	9.88	9.45	9.72	5941572	60963184.00
2012/07/20	9.65	9.72	9.42	9.46	5781721	58122860.00
2012/07/23	9.35	9.35	9.08	9.10	5372701	52168548.00
2012/07/24	9.07	9.18	8.99	9.04	5000410	48096760.00
2012/07/25	9.02	9.12	8.89	8.93	4417367	42105204.00
2012/07/26	8.93	9.07	8.83	8.92	3899143	36960976.00
2012/07/27	8.89	9.04	8.89	9.00	2855544	27143434.00
2012/07/30	9.06	9.10	8.95	9.00	2620428	25071080.00
2012/07/31	8.94	9.07	8.94	9.00	4580812	43654780.00
2012/08/01	9.04	9.09	8.96	9.01	3797224	36289576.00
2012/08/02	8.99	9.00	8.76	8.94	3724261	35090748.00
2012/08/03	8.94	9.04	8.89	9.03	2923053	27787700.00
2012/08/06	9.03	9.22	8.98	9.16	3383203	32534818.00
2012/08/07	9.16	9.23	9.09	9.18	3424534	33217426.00
2012/08/08	9.20	9.25	9.07	9.11	2971783	28742074.00
2012/08/09	9.09	9.26	9.09	9.22	3265506	31737372.00
2012/08/10	9.22	9.25	9.11	9.16	2656160	25770406.00
2012/08/13	9.14	9.16	9.00	9.01	3457040	33212260.00
2012/08/14	9.01	9.09	8.92	9.08	2314719	22078956.00
2012/08/15	9.04	9.04	8.88	8.96	1585508	15060412.00
2012/08/16	8.97	8.97	8.87	8.89	1378453	13019590.00
2012/08/17	8.92	8.94	8.82	8.89	1360488	12798028.00
2012/08/20	8.80	8.83	8.68	8.76	1473489	13686673.00
2012/08/21	8.77	8.89	8.74	8.83	2429312	22711588.00
2012/08/22	8.84	8.86	8.69	8.73	2565548	23854536.00
2012/08/23	8.74	8.79	8.63	8.69	2746410	25286430.00
2012/08/24	8.65	8.68	8.55	8.57	2364080	21622120.00
2012/08/27	8.59	8.59	8.35	8.38	2216237	19826548.00
2012/08/28	8.39	8.41	8.27	8.31	4175723	36889656.00
2012/08/29	8.28	8.28	8.11	8.12	3673897	32006512.00
2012/08/30	8.10	8.30	8.09	8.26	4033382	35304936.00
2012/08/31	8.32	8.40	8.26	8.37	4028435	35680684.00
2012/09/03	8.32	8.49	8.27	8.39	3069182	27373902.00
2012/09/04	8.38	8.50	8.25	8.26	3263758	29120732.00
2012/09/05	8.27	8.65	8.26	8.55	4995838	45065200.00
2012/09/06	8.57	8.60	8.46	8.59	4514301	40831184.00
2012/09/07	8.74	8.99	8.60	8.77	14955920	139345968.00
2012/09/10	8.79	8.94	8.72	8.85	5553482	51981292.00
2012/09/11	8.81	8.93	8.72	8.86	7960260	74570528.00
2012/09/12	8.91	8.93	8.72	8.82	3160440	29542284.00
2012/09/13	8.81	8.85	8.69	8.70	4160598	38635720.00
2012/09/14	8.79	8.79	8.60	8.62	6591721	60678748.00
2012/09/17	8.62	8.66	8.28	8.30	4817777	43315588.00
2012/09/18	8.31	8.31	8.07	8.14	3814323	33222540.00
2012/09/19	8.15	8.19	8.04	8.18	4143886	35835284.00
2012/09/20	8.14	8.18	7.87	7.89	4838937	41443744.00
2012/09/21	7.85	7.94	7.83	7.88	3630189	30562626.00
2012/09/24	7.84	8.05	7.77	7.99	4254016	35926952.00
2012/09/25	7.99	8.04	7.90	7.92	1540042	13083028.00
2012/09/26	7.92	7.96	7.81	7.87	1917205	16083505.00
2012/09/27	7.87	8.17	7.82	8.05	3950986	33758248.00
2012/09/28	7.99	8.34	7.98	8.31	5034106	43759220.00
2012/10/08	8.28	8.34	8.17	8.27	3567684	31344962.00
2012/10/09	8.29	8.52	8.29	8.51	5119822	45956808.00
2012/10/10	8.47	8.52	8.41	8.48	7001112	63000360.00
2012/10/11	8.42	8.51	8.39	8.47	6067209	54616744.00
2012/10/12	8.51	8.57	8.30	8.40	6007331	53714080.00
2012/10/15	8.37	8.40	8.06	8.13	5133263	44798192.00
2012/10/16	8.14	8.22	8.08	8.14	2898398	25154758.00
2012/10/17	8.13	8.65	8.11	8.55	12993605	115970256.00
2012/10/18	8.52	8.73	8.48	8.69	9079952	82765816.00
2012/10/19	8.70	8.75	8.55	8.65	6665288	61209724.00
2012/10/22	8.62	8.95	8.53	8.86	14324385	132869560.00
2012/10/23	8.86	8.87	8.72	8.82	8428569	78621456.00
2012/10/24	8.74	8.86	8.58	8.66	17922708	166106224.00
2012/10/25	8.69	8.69	8.50	8.57	7250108	66114956.00
2012/10/26	8.50	8.61	8.31	8.40	5280511	47273472.00
2012/10/29	8.34	8.41	8.23	8.41	4916270	43449272.00
2012/10/30	8.39	8.50	8.34	8.46	5382353	48283396.00
2012/10/31	8.37	8.38	8.01	8.05	12473549	108031656.00
2012/11/01	8.06	8.19	8.05	8.13	5881071	50843020.00
2012/11/02	8.14	8.18	8.10	8.13	4289264	37175368.00
2012/11/05	8.15	8.19	7.86	7.90	10700994	90730504.00
2012/11/06	7.90	7.92	7.76	7.90	4872343	40810368.00
2012/11/07	7.90	7.95	7.77	7.88	4055926	34144848.00
2012/11/08	7.78	7.88	7.74	7.75	4053235	33749920.00
2012/11/09	7.74	7.80	7.69	7.73	2321506	19222392.00
2012/11/12	7.77	7.79	7.67	7.75	3049998	25203756.00
2012/11/13	7.74	7.74	7.63	7.67	2491342	20462946.00
2012/11/14	7.67	7.73	7.65	7.72	3089845	25367794.00
2012/11/15	7.67	7.68	7.39	7.42	4171253	33642344.00
2012/11/16	7.43	7.43	7.13	7.22	4703475	36475836.00
2012/11/19	7.22	7.22	7.11	7.19	3169949	24391404.00
2012/11/20	7.22	7.24	7.07	7.10	2405990	18494006.00
2012/11/21	7.12	7.25	7.03	7.24	3872227	29674736.00
2012/11/22	7.20	7.20	7.08	7.13	2054413	15778300.00
2012/11/23	7.17	7.27	7.13	7.20	3952454	30490874.00
2012/11/26	7.21	7.21	7.08	7.08	2714388	20803430.00
2012/11/27	7.08	7.09	6.81	6.82	3432192	25573702.00
2012/11/28	6.79	6.86	6.63	6.68	5055726	36698800.00
2012/11/29	6.71	6.77	6.62	6.65	3208056	23169428.00
2012/11/30	6.65	6.79	6.63	6.75	3431254	24851796.00
2012/12/03	6.76	6.78	6.59	6.59	3032045	21871892.00
2012/12/04	6.61	6.67	6.50	6.65	4230232	30096260.00
2012/12/05	6.65	6.95	6.61	6.86	9383947	68995240.00
2012/12/06	6.87	6.90	6.78	6.86	6479876	47789788.00
2012/12/07	6.86	7.10	6.80	7.07	9292897	69887936.00
2012/12/10	7.10	7.29	7.07	7.17	12698061	97868264.00
2012/12/11	7.16	7.22	7.09	7.16	5237719	40235556.00
2012/12/12	7.16	7.21	7.06	7.11	5450691	41744360.00
2012/12/13	7.11	7.17	6.97	7.02	7288872	55395544.00
2012/12/14	7.05	7.38	7.02	7.36	12982819	100794120.00
2012/12/17	7.36	7.58	7.29	7.53	10124487	81170640.00
2012/12/18	7.50	7.60	7.38	7.41	6675716	53565208.00
2012/12/19	7.43	7.54	7.38	7.50	6174667	49373012.00
2012/12/20	7.47	7.66	7.42	7.57	5823746	46915576.00
2012/12/21	7.52	7.63	7.36	7.48	7822225	62606812.00
2012/12/24	7.47	7.55	7.41	7.48	6732728	54007120.00
2012/12/25	7.48	7.86	7.43	7.78	15264257	124357168.00
2012/12/26	7.76	7.96	7.72	7.92	10492314	87888832.00
2012/12/27	7.95	8.02	7.73	7.77	8239904	68857320.00
2012/12/28	7.72	8.09	7.72	8.06	10170812	85725928.00
2012/12/31	8.07	8.16	7.97	8.05	9401226	80532376.00
2013/01/04	8.13	8.17	7.86	8.07	8897674	76245328.00
2013/01/07	8.07	8.45	7.99	8.38	17426568	154025168.00
2013/01/08	8.42	8.50	8.27	8.45	9211599	82236344.00
2013/01/09	8.43	8.46	8.23	8.30	9503632	84150832.00
2013/01/10	8.28	8.37	8.17	8.26	6762192	59474408.00
2013/01/11	8.23	8.29	7.87	7.95	11563917	98902288.00
2013/01/14	7.90	8.19	7.85	8.14	10886612	93331896.00
2013/01/15	8.15	8.40	8.10	8.37	16750860	147281312.00
2013/01/16	8.35	8.35	8.05	8.14	10537176	91919320.00
2013/01/17	8.13	8.17	7.99	8.01	7393160	63487068.00
2013/01/18	8.03	8.17	8.00	8.15	10508471	90459808.00
2013/01/21	8.14	8.32	8.11	8.28	9523185	83196296.00
2013/01/22	8.31	8.46	8.09	8.19	15948643	140391616.00
2013/01/23	8.17	8.36	8.08	8.27	10888491	95249848.00
2013/01/24	8.27	8.43	7.99	8.06	12597028	110453200.00
2013/01/25	8.10	8.16	7.87	7.90	6779585	57675268.00
2013/01/28	7.96	8.09	7.90	8.08	7697043	65799128.00
2013/01/29	8.09	8.23	8.08	8.14	10816836	93874064.00
2013/01/30	8.14	8.37	8.10	8.34	13165147	115375656.00
2013/01/31	8.37	8.56	8.22	8.35	18476079	164850912.00
2013/02/01	8.33	8.63	8.27	8.62	17367327	155937856.00
2013/02/04	8.63	8.83	8.55	8.65	17235596	158557312.00
2013/02/05	8.62	8.74	8.48	8.70	9464754	86722872.00
2013/02/06	8.71	8.92	8.71	8.82	10658597	99914400.00
2013/02/07	8.85	8.90	8.47	8.68	10368030	95255376.00
2013/02/08	8.64	8.76	8.60	8.68	10259347	94729000.00
2013/02/18	8.65	8.74	8.40	8.51	13660279	123630200.00
2013/02/19	8.52	8.53	8.27	8.29	11587561	103006632.00
2013/02/20	8.29	8.44	8.22	8.42	8007282	71234952.00
2013/02/21	8.37	8.37	8.13	8.16	10857918	95484976.00
2013/02/22	8.13	8.26	8.06	8.09	5862410	51038904.00
2013/02/25	8.13	8.21	8.06	8.11	6829177	59012344.00
2013/02/26	8.06	8.16	7.99	8.00	6884679	59174484.00
2013/02/27	8.05	8.10	7.94	8.01	4434440	37921828.00
2013/02/28	8.03	8.20	8.02	8.14	6542186	56511664.00
2013/03/01	8.15	8.24	7.96	8.04	15463373	133043424.00
2013/03/04	7.98	8.05	7.47	7.55	15324115	126786512.00
2013/03/05	7.58	7.62	7.42	7.59	13556973	109248568.00
2013/03/06	7.64	7.69	7.55	7.67	8760127	71510912.00
2013/03/07	7.68	7.69	7.55	7.60	7632889	62267660.00
2013/03/08	7.61	7.81	7.59	7.64	9012351	74303528.00
2013/03/11	7.64	7.68	7.54	7.57	5490697	44642924.00
2013/03/12	7.57	7.62	7.29	7.38	7643939	60971164.00
2013/03/13	7.35	7.38	7.18	7.32	4425738	34619444.00
2013/03/14	7.24	7.40	7.24	7.32	3186026	25079164.00
2013/03/15	7.34	7.44	7.26	7.37	4759842	37607384.00
2013/03/18	7.35	7.40	7.21	7.22	3941282	30801214.00
2013/03/19	7.27	7.29	7.21	7.26	3228154	25086876.00
2013/03/20	7.29	7.54	7.27	7.52	6906644	54957968.00
2013/03/21	7.50	7.57	7.44	7.50	5400818	43393624.00
2013/03/22	7.51	7.59	7.45	7.56	5390566	43366828.00
2013/03/25	7.60	7.62	7.51	7.58	3467894	28062004.00
2013/03/26	7.56	7.59	7.31	7.44	5574009	44339032.00
2013/03/27	7.42	7.52	7.28	7.31	5932932	47022756.00
2013/03/28	7.30	7.30	7.12	7.15	6426328	49550936.00
2013/03/29	7.21	7.27	7.14	7.15	4850063	37430932.00
2013/04/01	7.12	7.23	7.12	7.18	3431156	26448922.00
2013/04/02	7.15	7.26	7.14	7.20	3875120	29931338.00
2013/04/03	7.20	7.26	7.10	7.17	3225604	24825422.00
2013/04/08	7.08	7.10	6.94	7.02	6073155	45662228.00
2013/04/09	7.04	7.10	7.02	7.07	4468081	33902436.00
2013/04/10	7.05	7.11	7.04	7.11	3127769	23790206.00
2013/04/11	7.13	7.18	7.07	7.10	3928331	30093428.00
2013/04/12	7.09	7.12	6.97	7.02	5140577	38992304.00
2013/04/15	7.02	7.07	6.97	7.02	5593763	42213096.00
2013/04/16	7.01	7.17	6.99	7.17	7259591	55395008.00
2013/04/17	7.14	7.27	7.14	7.24	6242081	48337944.00
2013/04/18	7.23	7.27	7.16	7.22	5981248	46303880.00
2013/04/19	7.25	7.43	7.22	7.37	8046984	63452880.00
2013/04/22	7.36	7.43	7.34	7.38	5858737	46412268.00
2013/04/23	7.34	7.37	7.10	7.11	4041309	31258474.00
2013/04/24	7.11	7.27	7.07	7.19	5100351	39241380.00
2013/04/25	7.17	7.19	7.06	7.07	4215849	32183020.00
2013/04/26	7.09	7.15	6.95	6.98	5341748	40351128.00
2013/05/02	6.98	7.03	6.97	7.01	2696710	20302478.00
2013/05/03	7.05	7.19	7.02	7.16	9206161	70558784.00
2013/05/06	7.18	7.39	7.18	7.33	10524687	82626184.00
2013/05/07	7.29	7.40	7.25	7.36	5441250	42819744.00
2013/05/08	7.39	7.40	7.28	7.33	4894072	38533232.00
2013/05/09	7.31	7.37	7.21	7.27	5829932	45601872.00
2013/05/10	7.26	7.32	7.20	7.28	5309727	41349784.00
2013/05/13	7.36	7.39	7.27	7.34	5383401	42346132.00
2013/05/14	7.31	7.34	7.17	7.18	4533924	35213116.00
2013/05/15	7.17	7.27	7.17	7.27	4988006	38633896.00
2013/05/16	7.28	7.42	7.21	7.39	10520143	82928720.00
2013/05/17	7.40	7.55	7.34	7.52	13258666	105861992.00
2013/05/20	7.53	7.64	7.48	7.56	16119557	130362408.00
2013/05/21	7.57	8.15	7.55	8.09	32912271	276269472.00
2013/05/22	8.02	8.11	7.92	7.96	30583709	261149136.00
2013/05/23	7.91	8.06	7.83	7.84	28549955	243026576.00
2013/05/24	7.89	8.06	7.85	8.00	14443007	122711640.00
2013/05/27	7.98	8.04	7.92	7.97	9880982	84002928.00
2013/05/28	7.96	8.06	7.82	8.01	17048458	145062160.00
2013/05/29	8.05	8.16	7.92	7.94	13527955	115848608.00
2013/05/30	7.90	8.11	7.73	8.10	24059790	204055936.00
2013/05/31	8.14	8.41	8.07	8.26	33331226	291816928.00
2013/06/03	8.27	8.44	8.08	8.12	25629105	225133920.00
2013/06/04	8.07	8.16	7.75	7.80	17958444	151250576.00
2013/06/05	7.80	7.88	7.74	7.85	10102498	84298928.00
2013/06/06	7.80	7.93	7.65	7.68	10557113	88120648.00
2013/06/07	7.71	7.75	7.39	7.46	12758224	103114632.00
2013/06/13	7.35	7.36	7.02	7.20	9266117	71589776.00
2013/06/14	7.23	7.27	7.11	7.24	9254339	71492800.00
2013/06/17	7.27	7.29	7.12	7.14	8120541	62783632.00
2013/06/18	7.20	7.31	7.17	7.24	7065324	54861120.00
2013/06/19	7.21	7.23	7.10	7.21	7403492	56967740.00
2013/06/20	7.21	7.25	7.03	7.04	6004881	46213040.00
2013/06/21	6.98	7.10	6.91	7.06	6521039	49160520.00
2013/06/24	6.99	7.08	6.62	6.77	9105216	66982108.00
2013/06/25	6.72	6.74	6.12	6.47	16026126	112216240.00
2013/06/26	6.48	6.59	6.35	6.46	8147013	56859072.00
2013/06/27	6.46	6.55	6.29	6.31	6822246	47420500.00
2013/06/28	6.28	6.48	6.26	6.34	7263532	50022816.00
2013/07/01	6.35	6.50	6.27	6.47	6461622	44676500.00
2013/07/02	6.47	6.53	6.35	6.51	6063667	42260344.00
2013/07/03	6.48	6.48	6.31	6.39	4646657	32119456.00
2013/07/04	6.43	6.57	6.35	6.47	6923890	48467864.00
2013/07/05	6.49	6.56	6.45	6.45	4652251	32702990.00
2013/07/08	6.37	6.38	6.06	6.18	13351945	89760768.00
2013/07/09	6.22	6.46	6.20	6.37	13875057	94722632.00
2013/07/10	6.37	6.55	6.32	6.54	14017978	97320968.00
2013/07/11	6.55	6.87	6.49	6.75	17109289	123435456.00
2013/07/12	6.71	6.73	6.45	6.48	13496805	96081880.00
2013/07/15	6.47	6.64	6.47	6.55	6458595	45740364.00
2013/07/16	6.52	6.61	6.46	6.60	9444174	66495456.00
2013/07/17	6.57	6.59	6.39	6.41	10120530	71098680.00
2013/07/18	6.38	6.43	6.26	6.30	8378666	57406348.00
2013/07/19	6.29	6.87	6.28	6.71	28796798	202543216.00
2013/07/22	6.57	6.74	6.52	6.69	29654305	212122048.00
2013/07/23	6.74	6.83	6.62	6.71	21894088	158086336.00
2013/07/24	6.66	6.71	6.54	6.62	11194836	79944480.00
2013/07/25	6.63	6.67	6.53	6.57	7694453	54766656.00
2013/07/26	6.54	6.61	6.45	6.48	8869102	62462268.00
2013/07/29	6.47	6.47	6.28	6.30	6513937	42823456.00
2013/07/30	6.33	6.41	6.25	6.34	5183231	34042488.00
2013/07/31	6.37	6.44	6.33	6.34	3492577	23068616.00
2013/08/01	6.36	6.46	6.34	6.44	6584859	43748324.00
2013/08/02	6.48	6.51	6.39	6.41	6099191	40689428.00
2013/08/05	6.41	6.74	6.38	6.73	14196251	96127296.00
2013/08/06	6.67	6.77	6.61	6.72	12372859	85579328.00
2013/08/07	6.71	6.74	6.51	6.56	11342682	77866384.00
2013/08/08	6.55	6.63	6.55	6.58	5344480	36434316.00
2013/08/09	6.62	6.71	6.56	6.67	6949717	47823072.00
2013/08/12	6.70	6.83	6.67	6.82	11118870	77757288.00
2013/08/13	6.81	6.84	6.76	6.82	6466875	45465348.00
2013/08/14	6.84	6.92	6.75	6.83	11324828	80108824.00
2013/08/15	6.82	7.09	6.78	6.87	17456028	125057456.00
2013/08/16	6.83	7.01	6.66	6.69	15949845	112709488.00
2013/08/19	6.66	6.84	6.64	6.79	7483725	52325304.00
2013/08/20	6.75	6.91	6.75	6.83	7592689	53722176.00
2013/08/21	6.86	6.97	6.80	6.96	9283392	66427900.00
2013/08/22	6.95	7.01	6.91	7.00	10320129	74132624.00
2013/08/23	7.11	7.19	6.96	7.05	22530969	165243040.00
2013/08/26	7.09	7.69	7.03	7.53	39210515	300715616.00
2013/08/27	7.47	7.89	7.43	7.53	43806938	346809312.00
2013/08/28	7.46	8.04	7.42	7.88	57162876	461022432.00
2013/08/29	7.86	7.99	7.67	7.82	30744430	246843984.00
2013/08/30	7.85	8.27	7.79	7.98	56836903	473147552.00
2013/09/02	8.02	8.15	7.53	7.65	30897589	246327264.00
2013/09/03	7.64	7.81	7.55	7.76	18407797	146362688.00
2013/09/04	7.77	7.90	7.68	7.78	14066739	112757896.00
2013/09/05	7.75	7.76	7.46	7.54	17378053	135302880.00
2013/09/06	7.54	7.91	7.52	7.82	22229640	177294048.00
2013/09/09	7.82	8.22	7.76	8.13	39855836	329868192.00
2013/09/10	8.18	8.79	8.17	8.49	49199189	430146976.00
2013/09/11	8.55	8.66	8.19	8.40	31239402	270020768.00
2013/09/12	8.40	9.00	8.32	8.77	43101366	384766496.00
2013/09/13	8.77	9.17	8.62	8.68	45459574	415226624.00
2013/09/16	8.74	8.81	8.56	8.75	19626914	175419872.00
2013/09/17	8.67	8.70	8.28	8.29	23191927	200943328.00
2013/09/18	8.27	9.14	8.18	9.14	44977449	407545856.00
2013/09/23	9.38	10.08	9.30	10.08	76641123	765939328.00
2013/09/24	10.62	10.86	10.18	10.31	81034219	867652544.00
2013/09/25	10.37	10.67	9.81	10.24	71234821	748816128.00
2013/09/26	10.08	10.15	9.38	9.40	57567970	575510336.00
2013/09/27	9.67	10.36	9.57	10.36	86261397	903185536.00
2013/09/30	10.36	10.56	9.97	10.51	64248352	679352448.00
2013/10/08	10.30	10.60	9.98	10.26	47899322	503677152.00
2013/10/09	10.11	10.75	10.03	10.64	44123531	469038528.00
2013/10/10	10.83	11.73	10.57	11.12	65329692	757629568.00
2013/10/11	11.14	11.97	11.12	11.61	60062293	707567104.00
2013/10/14	11.52	12.18	11.49	11.59	39343972	474064832.00
2013/10/15	11.66	12.03	11.20	11.32	31105770	367375136.00
2013/10/16	11.13	11.20	10.18	10.63	42673630	465348992.00
2013/10/17	10.66	11.51	10.46	10.72	22225385	248408096.00
2013/10/18	10.78	10.87	10.28	10.69	15656747	168579216.00
2013/10/21	10.75	11.74	10.75	11.50	32074728	369904672.00
2013/10/22	11.37	11.66	10.88	11.02	18165404	207891392.00
2013/10/23	11.07	11.26	9.90	9.97	32863506	344454048.00
2013/10/24	9.89	10.07	9.53	9.75	16072228	160970048.00
2013/10/25	9.76	9.85	9.27	9.48	15190032	147271248.00
2013/10/28	9.44	9.85	9.43	9.70	19368387	191157024.00
2013/10/29	9.70	9.74	9.03	9.35	17072337	163473104.00
2013/10/30	9.29	9.62	9.22	9.53	9255962	89207936.00
2013/10/31	9.53	9.53	9.05	9.06	10115607	95606136.00
2013/11/01	9.16	9.27	8.91	9.16	9516464	88889224.00
2013/11/04	9.13	9.25	9.02	9.12	7384344	68929664.00
2013/11/05	9.05	9.46	8.98	9.43	10494901	99875704.00
2013/11/06	9.36	9.44	9.14	9.20	8886519	84611312.00
2013/11/07	9.13	9.18	8.96	9.03	5219080	48475964.00
2013/11/08	8.95	9.10	8.67	8.73	10752983	97420952.00
2013/11/11	8.60	8.72	8.34	8.56	12038746	105163184.00
2013/11/12	8.56	8.76	8.48	8.70	7421153	65922296.00
2013/11/13	8.62	8.62	8.34	8.43	9454992	82322960.00
2013/11/14	8.35	8.88	8.32	8.75	15869118	140162400.00
2013/11/15	8.72	9.65	8.68	9.65	23488959	228172080.00
2013/11/18	10.18	10.37	9.91	9.98	38004402	392197216.00
2013/11/19	9.82	10.12	9.70	9.78	28945839	292802464.00
2013/11/20	9.84	10.10	9.73	10.08	18546944	189305360.00
2013/11/21	9.97	10.61	9.91	10.11	26744559	279431552.00
2013/11/22	9.98	10.17	9.82	10.05	11599304	118550624.00
2013/11/25	9.97	10.62	9.93	10.23	22410621	236372480.00
2013/11/26	10.18	10.81	10.17	10.57	29469771	316666304.00
2013/11/27	10.57	10.74	10.43	10.60	13152271	142187680.00
2013/11/28	10.63	10.98	10.44	10.46	20349938	222632096.00
2013/11/29	10.52	10.52	10.21	10.47	17122256	181094064.00
2013/12/02	10.27	10.27	9.71	9.85	21929325	223941936.00
2013/12/03	9.82	10.13	9.65	9.99	24020913	241628144.00
2013/12/04	10.02	10.64	9.88	10.42	28300903	300037792.00
2013/12/05	10.44	10.90	10.22	10.78	35520680	383101728.00
2013/12/06	10.75	11.06	10.66	10.86	32584230	361443296.00
2013/12/09	10.86	11.01	10.68	10.89	16724044	184788464.00
2013/12/10	10.94	11.62	10.94	11.28	31115842	358886720.00
2013/12/11	11.12	11.28	10.77	10.87	21046598	235415168.00
2013/12/12	10.90	11.36	10.85	10.89	17334876	195567072.00
2013/12/13	10.78	11.04	10.65	10.88	11084715	123195696.00
2013/12/16	10.97	11.11	10.11	10.40	27328032	292413856.00
2013/12/17	10.37	10.45	9.87	9.97	15994753	165118640.00
2013/12/18	10.06	10.12	9.54	9.65	19938357	198921376.00
2013/12/19	9.68	9.73	9.27	9.44	13709345	133567968.00
2013/12/20	9.40	9.71	9.29	9.43	10809788	104650112.00
2013/12/23	9.62	9.62	9.18	9.46	9978240	96413488.00
2013/12/24	9.48	9.66	9.36	9.54	11051267	108282504.00
2013/12/25	9.54	9.64	9.47	9.59	7163546	70150456.00
2013/12/26	9.60	9.62	9.28	9.32	10774208	103484808.00
2013/12/27	9.29	9.42	9.20	9.37	8926122	85261312.00
2013/12/30	9.43	9.58	9.37	9.51	9847964	95547992.00
2013/12/31	9.41	9.65	9.39	9.64	8727086	85420256.00
2014/01/02	9.63	9.63	9.29	9.37	11173882	107647656.00
2014/01/03	9.28	9.34	8.86	8.87	18672929	171927184.00
2014/01/06	8.86	8.86	8.40	8.44	16803070	147242816.00
2014/01/07	8.37	8.63	8.32	8.57	8485550	73880448.00
2014/01/08	8.52	8.59	8.37	8.40	8807955	76752992.00
2014/01/09	8.38	8.64	8.32	8.34	9822101	85814072.00
2014/01/10	8.32	8.50	8.02	8.08	10158458	86068648.00
2014/01/13	8.13	8.29	8.07	8.21	9746982	82234720.00
2014/01/14	8.23	8.42	8.21	8.41	6467739	55453924.00
2014/01/15	8.40	8.41	8.17	8.27	8130134	68993920.00
2014/01/16	8.28	8.40	8.23	8.32	5761768	49318952.00
2014/01/17	8.30	8.30	8.02	8.08	10217674	85411368.00
2014/01/20	8.11	8.11	7.88	7.96	9193164	75226560.00
2014/01/21	8.00	8.19	7.95	8.17	7611871	63472828.00
2014/01/22	8.17	8.57	8.15	8.47	14480639	125733408.00
2014/01/23	8.55	8.58	8.42	8.44	8907570	77723536.00
2014/01/24	8.47	8.63	8.41	8.58	10895412	95612232.00
2014/01/27	8.51	8.69	8.46	8.56	12752932	112445352.00
2014/01/28	8.62	8.72	8.49	8.59	8620264	76173480.00
2014/01/29	8.65	8.69	8.53	8.60	8860717	78429776.00
2014/01/30	8.56	8.64	8.40	8.56	9751646	85350448.00
2014/02/07	8.48	8.53	8.32	8.52	7010754	60793308.00
2014/02/10	8.53	8.87	8.51	8.85	15328894	137520736.00
2014/02/11	8.80	9.01	8.73	8.94	17238012	157029712.00
2014/02/12	8.98	9.12	8.87	9.07	12519897	115647024.00
2014/02/13	9.07	9.54	9.00	9.31	27544446	263577536.00
2014/02/14	9.36	9.66	9.21	9.60	23116419	224415680.00
2014/02/17	9.64	9.91	9.47	9.84	23738321	234743008.00
2014/02/18	9.73	9.73	9.55	9.59	18441975	181842400.00
2014/02/19	9.52	9.76	9.42	9.50	14423551	141586608.00
2014/02/20	9.73	10.27	9.57	9.68	30048384	303196832.00
2014/02/21	9.64	9.72	8.99	9.18	21277637	203011136.00
2014/02/24	9.17	9.17	8.72	8.85	17518001	160528208.00
2014/02/25	8.94	9.06	8.37	8.47	18853268	169418128.00
2014/02/26	8.52	8.65	8.42	8.62	12914872	113344008.00
2014/02/27	8.67	8.74	8.29	8.31	15119873	132485320.00
2014/02/28	8.37	8.52	8.19	8.48	9901386	84856432.00
2014/03/03	8.42	9.35	8.42	9.26	41941297	393928608.00
2014/03/04	9.07	9.19	8.80	8.97	23502880	216442416.00
2014/03/05	8.98	9.05	8.76	8.82	15801409	143762624.00
2014/03/06	8.81	8.89	8.50	8.77	15692562	140521232.00
2014/03/07	8.77	8.81	8.51	8.56	14331317	126991352.00
2014/03/10	8.50	8.51	8.14	8.18	13418336	114905648.00
2014/03/11	8.18	8.33	8.08	8.30	9037301	76605160.00
2014/03/12	8.35	8.85	8.32	8.60	22466125	197652480.00
2014/03/13	8.57	8.71	8.47	8.63	9253249	81562480.00
2014/03/14	8.53	8.59	8.29	8.41	7960416	68878488.00
2014/03/17	8.47	8.49	8.35	8.49	10300125	89082328.00
2014/03/18	8.53	8.56	8.42	8.51	13060228	113850152.00
2014/03/19	8.48	8.64	8.33	8.63	16039096	140079792.00
2014/03/20	8.60	8.89	8.56	8.65	24832500	223090512.00
2014/03/21	8.72	9.43	8.71	9.17	44521325	414960288.00
2014/03/24	9.32	9.72	9.26	9.63	50523939	491983872.00
2014/03/25	9.83	10.62	9.69	10.62	102503598	1089748992.00
2014/03/26	10.55	10.62	10.22	10.39	57533304	611589952.00
2014/03/27	10.60	11.27	10.42	10.74	75944343	834101824.00
2014/03/28	10.67	11.36	10.35	10.38	64933423	719632512.00
2014/03/31	10.53	10.87	9.77	9.99	50721274	534090432.00
2014/04/01	10.07	10.29	9.99	10.24	21851735	226905984.00
2014/04/02	10.23	10.38	10.00	10.37	23341137	243400544.00
2014/04/03	10.39	10.45	9.99	10.04	18756647	194562208.00
2014/04/04	10.13	10.50	10.01	10.37	21106208	222937792.00
2014/04/08	10.37	10.82	10.35	10.69	26597866	289122016.00
2014/04/09	10.72	10.96	10.59	10.66	17942164	196344768.00
2014/04/10	10.67	10.86	10.63	10.76	21440345	235067024.00
2014/04/11	10.92	11.24	10.84	11.18	37496174	422597504.00
2014/04/14	11.36	11.50	11.12	11.21	30349647	350121152.00
2014/04/15	11.13	11.31	10.77	10.88	25510118	287527488.00
2014/04/16	10.85	11.42	10.82	11.36	27134842	307978816.00
2014/04/17	11.42	11.60	11.27	11.44	23762441	277080224.00
2014/04/18	11.43	11.91	11.22	11.82	48598972	579760128.00
2014/04/21	11.77	12.87	11.65	11.95	76446186	950926656.00
2014/04/22	11.94	12.75	11.69	12.68	53216759	658733696.00
2014/04/23	12.60	13.03	12.27	12.34	44977314	578047744.00
2014/04/24	12.42	12.52	11.89	12.43	36440612	453083840.00
2014/04/25	12.37	12.89	12.33	12.48	43891892	564138816.00
2014/04/28	12.08	12.34	11.27	11.34	42593693	512610784.00
2014/04/29	11.45	12.50	11.45	12.50	34635408	423554848.00
2014/04/30	12.73	13.41	12.45	13.10	44684734	587733952.00
2014/05/05	13.15	13.44	12.88	13.30	32173843	431024544.00
2014/05/06	13.27	13.35	12.90	13.00	26081577	347633536.00
2014/05/07	12.95	13.34	12.69	12.79	34065286	450767840.00
2014/05/08	12.70	13.14	12.48	12.81	27148810	355604096.00
2014/05/09	12.83	12.90	12.22	12.47	27851839	354317664.00
2014/05/12	12.68	13.10	12.59	12.96	27482948	361144704.00
2014/05/13	12.86	13.11	12.64	12.79	19579240	255932176.00
2014/05/14	12.81	13.07	12.57	12.99	22574441	294420960.00
2014/05/15	12.93	13.03	12.59	12.66	14153420	184241056.00
2014/05/16	12.68	12.97	12.52	12.89	15950831	207142512.00
2014/05/19	12.92	12.93	12.65	12.75	9775254	127044040.00
2014/05/20	12.86	12.93	11.45	11.84	43261253	532060960.00
2014/05/21	11.77	12.00	11.38	11.66	21555785	256622176.00
2014/05/22	11.68	11.94	11.48	11.69	16762756	200049856.00
2014/05/23	11.62	11.78	11.45	11.69	11995758	142261520.00
2014/05/26	11.71	12.08	11.70	11.95	11541019	140433648.00
2014/05/27	12.02	12.02	11.79	11.82	7323481	88729848.00
2014/05/28	11.87	11.99	11.45	11.73	14455524	172202592.00
2014/05/29	11.79	12.27	11.60	12.08	24249793	295827776.00
2014/05/30	12.07	12.75	11.88	12.68	29206200	367259424.00
2014/06/03	12.57	12.74	12.41	12.49	12949119	165322336.00
2014/06/04	12.45	12.59	12.03	12.16	14292753	177809088.00
2014/06/05	12.08	12.16	11.82	12.01	12061629	147432656.00
2014/06/06	12.06	12.16	11.85	12.02	9446872	115702144.00
2014/06/09	11.89	11.91	11.45	11.53	18479108	219268816.00
2014/06/10	11.50	11.72	11.48	11.66	8744630	103740256.00
2014/06/11	11.52	11.89	11.47	11.62	15183246	180197296.00
2014/06/12	11.55	11.56	10.71	10.91	40578623	454360320.00
2014/06/13	10.87	10.97	10.57	10.78	26028516	287347200.00
2014/06/16	10.77	10.80	10.61	10.71	15886825	173758448.00
2014/06/17	10.74	10.94	10.70	10.88	15997280	177443616.00
2014/06/18	10.99	11.25	10.71	10.77	35870802	403397248.00
2014/06/19	10.75	11.08	10.63	10.80	18219736	202291536.00
2014/06/20	10.88	11.00	10.79	10.98	10166030	113237648.00
2014/06/23	11.03	11.09	10.77	10.87	9308747	103783168.00
2014/06/24	10.87	10.96	10.82	10.88	7262950	80654024.00
2014/06/25	10.91	10.91	10.27	10.34	18906824	203089568.00
2014/06/26	10.42	10.53	10.35	10.47	12056374	128935376.00
2014/06/27	10.48	10.74	10.37	10.53	14196109	153482416.00
2014/06/30	10.56	10.83	10.53	10.75	12922827	141608368.00
2014/07/01	10.79	10.84	10.58	10.65	13047275	142054192.00
2014/07/02	10.67	11.14	10.53	11.07	26605248	295867616.00
2014/07/03	11.09	11.24	10.94	11.10	17124444	194060448.00
2014/07/04	11.21	11.43	11.14	11.28	18462059	212586192.00
2014/07/07	11.29	11.35	10.99	11.18	14045532	159976224.00
2014/07/08	11.20	11.29	10.92	10.97	15925041	179412192.00
2014/07/09	10.95	10.96	10.48	10.51	21747052	237398672.00
2014/07/10	10.52	10.70	10.42	10.45	11532635	124545608.00
2014/07/11	10.46	10.71	10.40	10.58	12043004	130646128.00
2014/07/14	10.62	10.74	10.53	10.74	10491339	114088544.00
2014/07/15	10.76	10.79	10.57	10.76	13225170	144206768.00
2014/07/16	10.79	10.92	10.65	10.72	11880754	130565216.00
2014/07/17	10.72	10.76	10.59	10.74	8183583	89237400.00
2014/07/18	10.72	10.78	10.62	10.64	8137200	88943624.00
2014/07/21	10.64	10.71	10.41	10.45	10497561	112632112.00
2014/07/22	10.44	10.72	10.35	10.68	10047498	108789536.00
2014/07/23	10.70	10.75	10.52	10.55	9923362	105162112.00
2014/07/24	10.56	10.85	10.48	10.78	17058266	181829632.00
2014/07/25	10.78	11.20	10.73	11.16	21730872	239293840.00
2014/07/28	11.29	11.48	11.16	11.33	25853499	292399264.00
2014/07/29	11.33	11.57	11.22	11.35	23181231	264393056.00
2014/07/30	11.30	11.42	11.18	11.25	15260582	172149936.00
2014/07/31	11.25	11.49	11.20	11.49	15990856	182370464.00
2014/08/01	11.49	11.65	11.38	11.42	19243945	221615456.00
2014/08/04	11.40	11.55	11.38	11.49	12247871	140258320.00
2014/08/05	11.62	11.88	11.52	11.61	16940790	198149440.00
2014/08/06	11.63	12.30	11.55	12.29	31398416	376001184.00
2014/08/07	12.20	12.37	11.98	12.03	21786466	264436320.00
2014/08/08	12.10	12.22	11.86	11.93	15389495	183988128.00
2014/08/11	11.84	12.38	11.65	12.35	35198528	424327904.00
2014/08/12	12.35	12.90	12.33	12.66	36130983	456774912.00
2014/08/13	12.60	12.75	12.44	12.60	16847146	211695872.00
2014/08/14	12.60	12.85	12.45	12.52	15694506	198767520.00
2014/08/15	12.56	12.89	12.56	12.77	15289611	194854144.00
2014/08/18	12.87	12.91	12.66	12.84	16231524	207292816.00
2014/08/19	12.79	12.79	12.62	12.69	14876212	188724368.00
2014/08/20	12.63	12.77	12.38	12.40	18227638	229088976.00
2014/08/21	12.40	12.74	12.37	12.61	19333243	243210912.00
2014/08/22	12.55	12.75	12.50	12.63	12321244	155500224.00
2014/08/25	12.63	12.63	12.19	12.20	16842809	207955184.00
2014/08/26	12.19	12.31	12.00	12.04	14332807	173728384.00
2014/08/27	12.04	12.09	11.88	11.93	10496475	125663512.00
2014/08/28	11.96	12.17	11.91	12.09	11202215	135069984.00
2014/08/29	12.11	12.48	12.05	12.43	13386682	164632128.00
2014/09/01	12.45	12.51	12.29	12.48	12410495	154176480.00
2014/09/02	12.46	12.57	12.32	12.51	14533711	180938208.00
2014/09/03	12.51	12.68	12.43	12.52	13977443	175294832.00
2014/09/04	12.52	12.85	12.48	12.74	20917849	266470368.00
2014/09/05	12.78	12.85	12.46	12.56	30717091	386750560.00
2014/09/10	12.60	12.70	12.36	12.44	21562884	268870880.00
2014/09/11	12.43	12.47	12.17	12.20	30037976	369823200.00
2014/09/12	12.21	12.37	12.18	12.33	15263266	187017904.00
2014/09/15	12.35	12.54	12.29	12.38	18945239	234820848.00
2014/09/16	12.43	12.88	12.40	12.49	44126972	558938624.00
2014/09/17	12.49	12.56	12.05	12.34	18761804	230923600.00
2014/09/18	12.29	12.39	12.14	12.26	12742101	155892928.00
2014/09/19	12.27	12.65	12.23	12.62	25560420	319790496.00
2014/09/22	12.79	12.88	12.53	12.64	26932760	342418560.00
2014/09/23	12.68	12.77	12.54	12.69	17675539	223982112.00
2014/09/24	12.68	12.93	12.60	12.88	25905094	331624832.00
2014/09/25	12.95	12.99	12.65	12.70	22559624	288373184.00
2014/09/26	12.68	12.87	12.60	12.76	14044573	178272288.00
2014/09/29	12.81	12.88	12.68	12.73	17967361	229086528.00
2014/09/30	12.77	13.18	12.70	13.16	36906306	479184000.00
2014/10/08	13.20	13.24	12.96	13.12	23558880	308079744.00
2014/10/09	13.12	13.16	12.75	12.84	30993978	400143680.00
2014/10/10	12.76	12.78	12.55	12.65	25468494	321899712.00
2014/10/13	12.62	12.62	12.38	12.52	15936753	198807984.00
2014/10/14	12.52	12.59	12.41	12.55	14783760	184846768.00
2014/10/15	12.54	12.58	12.41	12.53	12012924	150125824.00
2014/10/16	12.50	12.52	12.20	12.24	18163257	225291984.00
2014/10/17	12.27	12.38	11.88	12.03	19420910	234637072.00
2014/10/20	12.05	12.19	11.98	12.14	9710534	117558488.00
2014/10/21	12.13	12.20	11.97	11.98	10552036	127322888.00
2014/10/22	11.98	12.04	11.86	11.88	10927506	130418664.00
2014/10/23	11.90	11.96	11.47	11.49	16677569	194570144.00
2014/10/24	11.47	11.71	11.40	11.52	10770313	124014368.00
2014/10/27	11.55	11.77	11.53	11.66	8597304	100287960.00
2014/10/28	11.60	11.93	11.60	11.84	14889957	175595344.00
2014/10/29	11.86	12.41	11.84	12.38	33382087	407981152.00
2014/10/30	12.52	12.96	12.52	12.63	52211540	665715328.00
2014/10/31	12.57	12.82	12.42	12.70	30467829	385150496.00
2014/11/03	12.75	12.85	12.62	12.70	23156367	295047136.00
2014/11/04	12.66	12.67	12.42	12.45	19726596	247007824.00
2014/11/05	12.42	12.55	12.37	12.45	10998242	137234688.00
2014/11/06	12.40	12.51	12.35	12.46	12859843	159782464.00
2014/11/07	12.46	12.78	12.35	12.42	27614185	346782240.00
2014/11/10	12.40	12.72	12.30	12.69	20713283	259857712.00
2014/11/11	12.77	12.97	12.57	12.91	55814050	714688896.00
2014/11/12	13.15	14.20	13.06	14.20	128757561	1785812480.00
2014/11/13	14.20	14.77	13.98	14.13	107825305	1546923776.00
2014/11/14	14.36	15.12	14.16	14.55	90720070	1327271296.00
2014/11/17	14.80	14.96	14.00	14.29	65556955	946569664.00
2014/11/18	14.00	14.43	13.99	14.11	34485002	489806880.00
2014/11/19	14.15	14.82	14.11	14.36	48579157	701808704.00
2014/11/20	14.38	14.76	14.22	14.74	43812043	638390656.00
2014/11/21	14.74	14.90	14.56	14.73	47684749	701507200.00
2014/11/24	15.08	15.18	14.65	14.99	58230351	868886400.00
2014/11/25	15.23	16.49	15.14	16.49	44755523	720543424.00
2014/11/26	17.08	17.08	16.04	16.72	95043559	1574430976.00
2014/11/27	16.55	16.71	16.18	16.44	51394804	842567232.00
2014/11/28	16.31	16.88	16.13	16.28	63431435	1048990848.00
2014/12/01	16.16	16.18	15.55	15.70	49289145	779070144.00
2014/12/02	15.70	16.26	15.69	16.03	39585234	634313600.00
2014/12/03	16.12	16.42	15.83	16.23	44955031	726260800.00
2014/12/04	16.25	16.70	16.00	16.65	58908192	959428608.00
2014/12/05	16.80	16.92	15.68	15.96	56852370	924389184.00
2014/12/08	15.87	16.61	15.84	16.09	44058396	712993216.00
2014/12/09	15.98	17.70	15.90	16.48	108929247	1846899584.00
2014/12/10	16.90	18.10	16.69	17.97	87163384	1527146496.00
2014/12/11	17.88	18.35	17.50	17.78	60635156	1084107904.00
2014/12/12	17.84	18.18	17.60	17.84	32111002	573148864.00
2014/12/15	17.71	18.29	17.68	18.10	39664235	714879232.00
2014/12/16	18.02	18.18	17.70	17.90	31892577	570000576.00
2014/12/17	17.86	18.18	17.31	17.61	39709152	705112384.00
2014/12/18	17.65	18.09	17.56	17.78	32759644	585516992.00
2014/12/19	17.69	18.83	17.62	18.28	55653096	1016184960.00
2014/12/22	18.20	18.20	17.01	17.27	45031929	791473600.00
2014/12/23	17.62	18.13	17.20	17.24	32048778	563982912.00
2014/12/24	17.40	17.59	17.00	17.52	31088370	536714464.00
2014/12/25	17.64	17.67	17.28	17.54	25419163	443923712.00
2014/12/26	17.52	18.30	17.41	18.18	48849128	876034176.00
2014/12/29	18.12	18.48	17.70	18.01	41266160	746449984.00
2014/12/30	18.00	18.00	17.40	17.62	29182812	513636576.00
2014/12/31	17.55	17.99	17.50	17.89	23477853	416426432.00
2015/01/05	17.80	18.38	17.73	18.16	34860608	630470464.00
2015/01/06	17.90	18.78	17.74	18.21	32706348	598178432.00
2015/01/07	18.01	18.88	17.95	18.68	54724480	1012845504.00
2015/01/08	18.60	18.86	17.96	17.99	38795481	712403072.00
2015/01/09	17.85	17.92	17.25	17.29	44291627	778894016.00
2015/01/12	17.01	17.03	16.10	16.30	42557466	703108416.00
2015/01/13	16.38	16.50	16.21	16.47	18000489	294584736.00
2015/01/14	16.44	16.58	16.18	16.30	15047941	246323664.00
2015/01/15	16.35	16.58	16.31	16.51	15305398	252164752.00
2015/01/16	16.65	16.74	16.40	16.56	25401548	420336864.00
2015/01/19	15.86	16.40	15.28	15.46	28915405	460751168.00
2015/01/20	15.65	16.05	15.58	15.83	24855804	393449024.00
2015/01/21	15.85	16.45	15.72	16.27	31083734	504832608.00
2015/01/22	16.49	17.08	16.49	16.75	36008533	604191168.00
2015/01/23	16.90	17.34	16.70	17.03	37698654	642102656.00
2015/01/26	17.03	18.17	16.89	18.01	51317623	905062784.00
2015/01/27	18.03	18.16	17.30	17.65	37619109	663962304.00
2015/01/28	17.67	18.00	17.39	17.49	30753278	543599168.00
2015/01/29	17.18	17.45	17.06	17.10	23461703	403816512.00
2015/01/30	17.12	17.33	16.58	16.62	23644181	398833344.00
2015/02/02	16.35	17.08	16.22	16.88	19966822	336165248.00
2015/02/03	16.89	17.18	16.70	16.83	21608734	363802016.00
2015/02/04	16.83	16.87	16.64	16.82	17599540	294732992.00
2015/02/05	17.00	17.09	16.30	16.34	20254765	337530784.00
2015/02/06	16.33	16.50	15.80	15.99	16669719	269313920.00
2015/02/09	15.90	16.19	15.90	15.97	10143996	162709584.00
2015/02/10	16.16	16.29	15.99	16.23	11954633	192251648.00
2015/02/11	16.30	16.43	16.14	16.23	11276749	183532992.00
2015/02/12	16.26	16.65	16.21	16.63	17017261	280137216.00
2015/02/13	16.70	16.84	16.58	16.61	16099175	269280800.00
2015/02/16	16.61	16.83	16.43	16.75	16634922	276797792.00
2015/02/17	16.77	17.35	16.77	17.17	25471994	435978560.00
2015/02/25	17.18	17.24	16.75	16.78	15722535	266397536.00
2015/02/26	16.78	16.96	16.67	16.95	13768612	231383744.00
2015/02/27	16.99	17.10	16.87	16.96	15062872	255615904.00
2015/03/02	17.05	17.06	16.76	17.00	21236917	359123040.00
2015/03/03	16.93	16.95	16.50	16.70	29432846	491962432.00
2015/03/04	16.70	18.37	16.68	18.37	96917556	1725300096.00
2015/04/24	20.21	20.21	20.21	20.21	760043	15360469.00
2015/04/27	22.23	22.23	22.23	22.23	1144373	25439412.00
2015/04/28	22.00	22.05	20.30	20.74	112718844	2385942016.00
2015/04/29	20.88	21.35	20.58	21.01	42441261	893742208.00
2015/04/30	21.40	21.75	20.48	20.55	40177849	843898752.00
2015/05/05	20.78	20.78	20.78	20.78	0	0.00
数据来源:通达信
