601958 金钼股份 日线 前复权
      日期	    开盘	    最高	    最低	    收盘	    成交量	    成交额
2011/10/10	14.70	14.78	14.45	14.46	3925452	58833548.00
2011/10/11	14.96	15.00	14.30	14.47	5241309	78905648.00
2011/10/12	14.30	15.20	14.20	15.07	12339266	188338848.00
2011/10/13	15.05	15.50	14.95	15.26	12780952	199852928.00
2011/10/14	15.14	15.26	14.96	15.02	6145034	95106808.00
2011/10/17	15.19	15.31	14.94	15.06	4901538	75995160.00
2011/10/18	14.95	14.95	14.47	14.59	9687958	146437872.00
2011/10/19	14.62	14.80	14.51	14.54	3842156	57714264.00
2011/10/20	14.48	14.59	14.15	14.28	8967045	132460336.00
2011/10/21	14.25	14.47	14.10	14.17	5854500	85947496.00
2011/10/24	14.22	14.45	13.61	14.37	8333319	121191104.00
2011/10/25	14.47	15.17	14.10	14.89	13646104	206908864.00
2011/10/26	14.75	15.35	14.65	15.04	18906382	292419552.00
2011/10/27	15.04	15.26	14.86	15.02	14206542	219672496.00
2011/10/28	15.36	15.51	15.13	15.22	14518053	227945440.00
2011/10/31	15.23	15.27	14.88	15.08	12344653	191738656.00
2011/11/01	14.89	15.45	14.86	15.10	14451902	225336464.00
2011/11/02	14.75	15.22	14.65	15.17	11236546	171586160.00
2011/11/03	15.33	15.75	15.23	15.31	18818033	298761760.00
2011/11/04	15.49	15.97	15.41	15.61	15535529	249693088.00
2011/11/07	15.59	15.68	15.36	15.40	8341708	132596752.00
2011/11/08	15.40	15.63	15.20	15.23	8768913	138660912.00
2011/11/09	15.36	15.55	15.06	15.46	7014309	110296800.00
2011/11/10	15.18	15.31	15.02	15.04	8462999	131380600.00
2011/11/11	15.15	15.28	14.99	15.08	6060599	93852816.00
2011/11/14	15.25	15.47	15.20	15.40	9345345	147179840.00
2011/11/15	15.39	15.57	15.28	15.45	7232318	114455328.00
2011/11/16	15.48	15.57	14.80	14.82	11101958	171623904.00
2011/11/17	14.83	14.94	14.60	14.68	6851697	103702464.00
2011/11/18	14.56	14.56	14.15	14.17	7070990	104214504.00
2011/11/21	14.25	14.39	14.06	14.38	4355768	63769432.00
2011/11/22	14.20	14.35	14.05	14.21	3877201	56583328.00
2011/11/23	14.26	14.32	14.03	14.04	3645281	53068480.00
2011/11/24	13.90	14.13	13.80	14.00	3584352	51443708.00
2011/11/25	13.98	14.45	13.98	14.07	6677100	97847064.00
2011/11/28	14.10	14.35	13.90	14.19	4693236	68317712.00
2011/11/29	14.40	14.44	14.12	14.33	7068181	103611352.00
2011/11/30	14.28	14.29	13.40	13.49	8744196	124215536.00
2011/12/01	14.00	14.33	13.93	14.02	11435683	166001440.00
2011/12/02	14.00	14.00	13.61	13.71	4703527	66568036.00
2011/12/05	13.84	13.84	13.48	13.55	4051403	56884976.00
2011/12/06	13.52	13.60	13.23	13.44	4191352	57912948.00
2011/12/07	13.45	13.54	13.25	13.35	3260472	44910324.00
2011/12/08	13.42	13.42	12.73	12.89	9827455	131734456.00
2011/12/09	12.84	12.90	12.51	12.60	6693094	87434360.00
2011/12/12	12.53	12.75	12.48	12.50	3148195	40890072.00
2011/12/13	12.43	12.43	11.90	11.91	7659690	95500048.00
2011/12/14	11.90	12.04	11.61	11.62	4687314	57228968.00
2011/12/15	11.46	11.46	10.92	10.93	7812478	89983368.00
2011/12/16	10.91	11.23	10.85	11.21	5615601	64117136.00
2011/12/19	11.16	11.22	10.88	11.20	5510882	62957312.00
2011/12/20	11.18	11.46	11.10	11.24	4909881	57458840.00
2011/12/21	11.39	11.48	10.84	10.85	4994899	57948128.00
2011/12/22	10.70	11.15	10.40	10.89	7145143	79071192.00
2011/12/23	10.82	11.23	10.76	10.99	5812433	66434020.00
2011/12/26	10.85	11.15	10.80	10.80	4205499	47694016.00
2011/12/27	10.79	10.93	10.45	10.51	3638327	40418352.00
2011/12/28	10.50	10.80	10.41	10.76	4572710	50387724.00
2011/12/29	10.70	10.89	10.63	10.71	4440228	49535216.00
2011/12/30	10.75	11.10	10.72	10.98	5770401	65613080.00
2012/01/04	11.16	11.16	10.57	10.59	5248150	59343440.00
2012/01/05	10.55	10.69	10.20	10.22	4820180	52357348.00
2012/01/06	10.17	10.35	10.04	10.34	4390921	46430456.00
2012/01/09	10.34	10.96	10.16	10.92	9144073	101220048.00
2012/01/10	10.92	12.05	10.84	12.05	24417545	292536608.00
2012/01/11	12.04	12.09	11.73	11.82	15579288	191264000.00
2012/01/12	11.80	12.20	11.70	11.93	13801709	170554608.00
2012/01/13	11.93	12.18	11.40	11.69	13655500	166232864.00
2012/01/16	11.50	11.67	11.10	11.13	8001330	94340768.00
2012/01/17	11.18	12.28	11.18	12.28	20753065	256581760.00
2012/01/18	12.60	13.10	12.05	12.20	26315444	342174752.00
2012/01/19	12.20	12.88	12.01	12.57	16355428	210636144.00
2012/01/20	12.60	12.78	12.30	12.65	12322025	159530784.00
2012/01/30	12.67	12.77	12.34	12.38	10619814	137619488.00
2012/01/31	12.42	12.53	12.25	12.39	6665703	85263864.00
2012/02/01	12.33	12.44	11.82	11.88	8474139	105911048.00
2012/02/02	11.91	12.23	11.91	12.21	8763871	109442768.00
2012/02/03	12.17	12.37	12.03	12.25	8361636	105457648.00
2012/02/06	12.35	12.51	12.12	12.23	7550281	95940064.00
2012/02/07	12.17	12.17	11.88	12.06	6500557	80629320.00
2012/02/08	12.05	13.10	12.01	12.83	19962196	259705792.00
2012/02/09	12.76	12.90	12.61	12.71	15186192	199602752.00
2012/02/10	12.72	13.02	12.67	12.80	13536106	179212480.00
2012/02/13	12.65	13.00	12.55	12.80	10614497	140236928.00
2012/02/14	12.80	12.83	12.61	12.69	8575089	112367976.00
2012/02/15	12.60	13.26	12.60	13.07	17820490	239502784.00
2012/02/16	12.99	13.56	12.95	13.23	18271305	249214416.00
2012/02/17	13.33	13.44	13.06	13.18	9176364	125098144.00
2012/02/20	13.47	13.63	13.16	13.24	14931308	206408992.00
2012/02/21	13.22	13.47	13.04	13.43	10398467	142397024.00
2012/02/22	13.42	13.59	13.36	13.53	10716460	148717264.00
2012/02/23	13.53	13.71	13.35	13.50	12750229	177851280.00
2012/02/24	13.46	13.63	13.40	13.56	12346821	171708672.00
2012/02/27	13.69	13.97	13.58	13.60	18825738	266536160.00
2012/02/28	13.58	13.58	13.34	13.40	11214844	155314992.00
2012/02/29	13.38	13.75	13.25	13.39	10532314	146394176.00
2012/03/01	13.29	13.43	13.20	13.29	7203262	98726968.00
2012/03/02	13.40	13.70	13.38	13.51	11685615	162583600.00
2012/03/05	13.52	13.89	13.41	13.63	13478087	189638784.00
2012/03/06	13.55	13.60	13.15	13.22	11984568	164544784.00
2012/03/07	13.02	13.09	12.71	12.78	13552307	180600080.00
2012/03/08	12.83	13.20	12.80	13.04	12157839	162481536.00
2012/03/09	13.14	13.25	13.02	13.24	8510692	115319768.00
2012/03/12	13.27	13.63	13.18	13.43	13666329	188830672.00
2012/03/13	13.43	13.54	13.25	13.49	10275132	141739264.00
2012/03/14	13.70	13.95	12.85	12.99	28582734	400038656.00
2012/03/15	12.96	13.10	12.56	12.63	14530754	191542528.00
2012/03/16	12.72	13.10	12.60	13.09	11018176	146395728.00
2012/03/19	13.05	14.13	13.00	14.10	31001360	435014752.00
2012/03/20	13.90	14.38	13.68	14.06	35573068	512454272.00
2012/03/21	13.95	15.51	13.95	15.08	77854438	1209686784.00
2012/03/22	14.84	14.86	14.35	14.53	38847856	581620992.00
2012/03/23	14.41	15.00	14.23	14.55	30867639	463922240.00
2012/03/26	14.42	14.75	14.12	14.35	17069840	251566480.00
2012/03/27	14.52	14.73	14.23	14.33	14870853	221488128.00
2012/03/28	14.16	14.16	13.02	13.15	23151932	324804448.00
2012/03/29	12.93	12.97	12.45	12.61	16826799	220556464.00
2012/03/30	12.75	12.80	12.12	12.34	12572067	160695088.00
2012/04/05	12.32	12.98	12.28	12.89	13291549	173909696.00
2012/04/06	12.94	13.25	12.82	13.03	13489633	180927232.00
2012/04/09	12.98	13.08	12.69	12.80	7920620	105194136.00
2012/04/10	12.65	13.06	12.20	13.02	13975371	181628416.00
2012/04/11	12.68	13.09	12.62	12.86	9024915	119384032.00
2012/04/12	12.82	13.31	12.82	13.21	15506916	209234848.00
2012/04/16	13.08	13.28	13.01	13.09	9358373	126723240.00
2012/04/17	13.09	13.19	12.84	12.85	10237103	137178384.00
2012/04/18	12.96	13.79	12.95	13.66	19240857	265474304.00
2012/04/19	13.64	13.85	13.50	13.78	13596175	191726304.00
2012/04/20	13.69	13.95	13.61	13.84	11831162	168080112.00
2012/04/23	13.83	14.15	13.43	13.57	14468395	205159824.00
2012/04/24	13.34	13.81	13.18	13.68	15536066	216084256.00
2012/04/25	13.62	13.95	13.60	13.85	17186030	243840704.00
2012/04/26	13.87	14.24	13.87	14.07	20510461	297133344.00
2012/04/27	14.18	14.27	13.78	13.83	12362168	177839360.00
2012/05/02	14.08	14.78	13.86	14.49	25240549	373551488.00
2012/05/03	14.42	14.67	14.35	14.43	15789379	235720112.00
2012/05/04	14.45	14.68	14.30	14.58	14064227	209299328.00
2012/05/07	14.43	14.65	14.30	14.62	14275328	212767792.00
2012/05/08	14.61	14.64	14.30	14.53	12140453	180308624.00
2012/05/09	14.37	14.37	13.82	13.84	15034512	217285840.00
2012/05/10	13.84	14.07	13.84	13.95	9097431	130699560.00
2012/05/11	13.92	14.15	13.80	13.83	8708854	125199280.00
2012/05/14	14.02	14.06	13.60	13.70	9422120	134743440.00
2012/05/15	13.50	13.58	13.23	13.52	8314955	114753976.00
2012/05/16	13.45	13.51	13.15	13.19	7188069	98858656.00
2012/05/17	13.18	13.54	13.18	13.50	7489839	103315776.00
2012/05/18	13.34	13.48	13.19	13.22	6422935	88136120.00
2012/05/21	13.15	13.64	13.15	13.43	6861501	94856832.00
2012/05/22	13.55	13.75	13.48	13.73	7842805	110173968.00
2012/05/23	13.68	13.79	13.43	13.59	7028765	98560976.00
2012/05/24	13.50	13.67	13.37	13.42	4846038	67305688.00
2012/05/25	13.45	13.52	13.08	13.25	6016596	82372424.00
2012/05/28	13.30	13.55	12.95	13.48	6220041	83441048.00
2012/05/29	13.47	14.09	13.41	13.98	13113376	184593072.00
2012/05/30	13.97	14.03	13.80	13.84	6473086	91302528.00
2012/05/31	13.71	14.03	13.66	13.89	7699025	108488368.00
2012/06/01	13.89	14.24	13.82	13.90	7986372	113583576.00
2012/06/04	13.65	13.75	13.26	13.28	8544068	117064704.00
2012/06/05	13.33	13.45	13.15	13.21	4587197	61890384.00
2012/06/06	13.38	13.56	13.22	13.31	6079022	82562272.00
2012/06/07	13.53	13.59	13.12	13.17	5808478	78742416.00
2012/06/08	13.33	13.42	13.16	13.20	5831880	78544896.00
2012/06/11	13.32	13.55	13.26	13.52	4946655	67455616.00
2012/06/12	13.46	13.55	13.24	13.34	5544334	75291696.00
2012/06/13	13.38	13.55	13.30	13.51	5180719	70805264.00
2012/06/14	13.44	13.63	13.36	13.37	5764513	78831864.00
2012/06/15	13.39	13.55	12.96	13.34	7525460	101426952.00
2012/06/18	13.45	13.63	13.41	13.46	5759554	79089320.00
2012/06/19	13.48	13.57	13.30	13.38	3780811	51616692.00
2012/06/20	13.39	13.52	13.28	13.33	3250689	44131220.00
2012/06/21	13.30	13.32	12.80	12.93	6766250	89293496.00
2012/06/25	12.93	13.00	12.38	12.40	6009096	77503040.00
2012/06/26	12.33	12.53	12.30	12.47	3294920	41636692.00
2012/06/27	12.47	12.57	12.35	12.36	3334434	42290188.00
2012/06/28	12.47	12.49	12.25	12.26	4035329	50585972.00
2012/06/29	12.23	12.58	12.12	12.47	3893249	49040680.00
2012/07/02	12.62	12.78	12.50	12.64	4635851	59480308.00
2012/07/03	12.64	12.83	12.50	12.61	3874914	49984156.00
2012/07/04	12.78	12.85	12.60	12.68	3248917	41860460.00
2012/07/05	12.55	12.66	12.35	12.54	3896983	49385224.00
2012/07/06	12.60	12.77	12.38	12.70	5574112	71255128.00
2012/07/09	12.58	12.73	12.40	12.46	5258494	67180088.00
2012/07/10	12.46	12.67	12.35	12.57	3263873	41504860.00
2012/07/11	12.51	12.71	12.46	12.63	3710292	47615456.00
2012/07/12	12.57	12.95	12.39	12.80	7121768	92064952.00
2012/07/13	12.73	12.96	12.65	12.74	3635072	47228060.00
2012/07/16	12.75	12.80	12.41	12.41	4094581	52171332.00
2012/07/17	12.39	12.60	12.38	12.49	2333147	29624026.00
2012/07/18	12.47	12.51	12.14	12.49	3942826	49496416.00
2012/07/19	12.40	12.65	12.32	12.49	4648098	59107192.00
2012/07/20	12.43	12.50	12.23	12.25	3226730	40584512.00
2012/07/23	12.15	12.15	11.85	11.88	3826314	46431044.00
2012/07/24	11.77	12.00	11.73	11.89	3329889	40180728.00
2012/07/25	11.80	12.57	11.80	12.27	8638828	107956840.00
2012/07/26	12.24	12.35	12.10	12.11	5423695	67351496.00
2012/07/27	12.13	12.37	12.13	12.29	3996943	49742192.00
2012/07/30	12.22	12.38	11.88	11.89	3926376	48390980.00
2012/07/31	11.93	12.05	11.66	11.70	4466531	53541096.00
2012/08/01	11.78	12.04	11.71	11.92	3456802	41902736.00
2012/08/02	11.84	11.93	11.71	11.77	2723805	32730588.00
2012/08/03	11.80	12.01	11.74	12.01	3441807	41728416.00
2012/08/06	11.96	12.45	11.93	12.34	6327450	78776184.00
2012/08/07	12.37	12.50	12.31	12.40	5169189	65144032.00
2012/08/08	12.40	13.13	12.40	12.59	9792523	126778008.00
2012/08/09	12.65	12.67	12.31	12.56	6320472	80239360.00
2012/08/10	12.56	12.68	12.42	12.48	3102835	39515720.00
2012/08/13	12.45	12.55	12.26	12.27	4398202	55448804.00
2012/08/14	12.21	12.40	12.13	12.36	3782551	47174784.00
2012/08/15	12.34	12.34	12.06	12.10	2986963	37016492.00
2012/08/16	12.10	12.17	12.00	12.01	2188153	26875644.00
2012/08/17	11.98	12.13	11.95	12.08	2355348	28852444.00
2012/08/20	11.90	12.15	11.90	12.12	2206412	26935216.00
2012/08/21	12.13	12.28	12.06	12.18	3067448	37966440.00
2012/08/22	12.23	12.25	11.96	12.00	2618522	32223230.00
2012/08/23	11.98	12.30	11.98	12.21	3986623	49393744.00
2012/08/24	12.15	12.22	11.95	11.95	3259987	39982144.00
2012/08/27	11.90	11.90	11.60	11.63	4448560	52803916.00
2012/08/28	11.62	11.75	11.51	11.68	2846489	33674640.00
2012/08/29	11.58	11.68	11.20	11.23	4375631	50971600.00
2012/08/30	11.36	11.38	10.99	11.11	3535986	40337472.00
2012/08/31	11.11	11.13	10.87	10.92	3045559	34096128.00
2012/09/03	10.92	11.12	10.92	11.01	4614532	51831704.00
2012/09/04	11.11	11.12	10.75	10.78	5188327	57760956.00
2012/09/05	10.80	10.92	10.75	10.81	3198137	35252376.00
2012/09/06	10.82	10.94	10.82	10.93	3960826	43851308.00
2012/09/07	11.06	11.84	11.02	11.75	13581844	159726912.00
2012/09/10	11.76	12.15	11.70	11.91	10770890	130958320.00
2012/09/11	11.87	11.87	11.67	11.81	5553185	66349776.00
2012/09/12	11.95	12.28	11.82	11.98	8211548	100506904.00
2012/09/13	12.13	12.13	11.74	11.75	5952531	72061456.00
2012/09/14	12.30	12.44	11.97	12.02	12448999	153611712.00
2012/09/17	11.92	12.22	11.74	11.75	8098796	98888336.00
2012/09/18	11.60	11.66	11.40	11.55	5541581	65082760.00
2012/09/19	11.60	12.03	11.53	11.94	6598684	78888880.00
2012/09/20	11.84	11.87	11.31	11.35	5913308	69666824.00
2012/09/21	11.32	11.72	11.28	11.38	5740518	67190240.00
2012/09/24	11.20	11.57	10.87	11.37	8920847	101437456.00
2012/09/25	11.27	11.30	11.02	11.08	5225953	59266248.00
2012/09/26	11.14	11.22	10.92	10.96	3222833	36152872.00
2012/09/27	10.98	11.47	10.95	11.26	6241309	71445776.00
2012/09/28	11.19	11.61	11.15	11.52	8271052	96147872.00
2012/10/08	11.52	11.65	11.19	11.35	6562635	76014168.00
2012/10/09	11.56	11.77	11.40	11.69	9533125	112841400.00
2012/10/10	11.60	12.28	11.51	12.14	12205626	147833232.00
2012/10/11	11.90	11.99	11.49	11.59	12126399	144768064.00
2012/10/12	11.55	11.77	11.38	11.47	5809142	68213240.00
2012/10/15	11.53	11.53	11.30	11.40	3245833	37531084.00
2012/10/16	11.38	11.54	11.30	11.34	3654383	42423900.00
2012/10/17	11.50	11.51	11.30	11.38	3203005	37157072.00
2012/10/18	11.45	11.65	11.45	11.59	4900442	57636276.00
2012/10/19	11.63	11.66	11.43	11.46	3886163	45638544.00
2012/10/22	11.34	11.50	11.30	11.41	3094590	35865328.00
2012/10/23	11.38	11.72	11.38	11.44	4655995	54709440.00
2012/10/24	11.33	11.43	11.30	11.33	3461363	39941012.00
2012/10/25	11.33	11.45	11.22	11.24	3807113	43845228.00
2012/10/26	11.24	11.33	11.00	11.04	4034759	45603936.00
2012/10/29	11.00	11.08	10.85	10.89	3524322	39297152.00
2012/10/30	10.89	11.26	10.88	10.94	2915366	32633230.00
2012/10/31	10.94	11.07	10.93	11.02	2019723	22588204.00
2012/11/01	11.05	11.30	11.04	11.23	4939832	56445512.00
2012/11/02	11.19	11.35	11.18	11.24	3282764	37585796.00
2012/11/05	11.23	11.26	11.10	11.20	3217232	36593512.00
2012/11/06	11.20	11.26	10.98	11.12	2545602	28723064.00
2012/11/07	11.09	11.30	11.09	11.20	3604570	41124928.00
2012/11/08	11.05	11.68	10.96	11.14	9818179	113293512.00
2012/11/09	11.01	11.18	10.86	10.93	6013013	67076104.00
2012/11/12	10.94	11.05	10.85	11.00	2582666	28836104.00
2012/11/13	11.00	11.04	10.83	10.85	3033242	33585392.00
2012/11/14	10.94	11.06	10.82	10.99	3188359	35564996.00
2012/11/15	10.95	10.95	10.80	10.80	2557234	28318724.00
2012/11/16	10.80	10.90	10.62	10.67	2801525	30579900.00
2012/11/19	10.68	10.91	10.63	10.83	2905502	31829620.00
2012/11/20	10.85	10.91	10.74	10.76	1800356	19813904.00
2012/11/21	10.77	10.94	10.71	10.93	3167674	34972404.00
2012/11/22	10.88	10.90	10.76	10.78	1961361	21612876.00
2012/11/23	10.83	10.90	10.75	10.84	1828941	20213828.00
2012/11/26	10.84	10.92	10.75	10.76	1672514	18423668.00
2012/11/27	10.74	10.74	10.32	10.32	3302748	35176040.00
2012/11/28	10.34	10.37	10.06	10.10	3242053	33815568.00
2012/11/29	10.10	10.19	9.91	9.95	2280248	23379026.00
2012/11/30	9.95	10.15	9.95	9.99	2069607	21189600.00
2012/12/03	9.99	10.08	9.73	9.75	2716890	27389416.00
2012/12/04	9.75	9.87	9.59	9.83	3057362	30414576.00
2012/12/05	9.83	10.48	9.73	10.38	7425113	77570544.00
2012/12/06	10.37	10.46	10.27	10.38	3721825	39373972.00
2012/12/07	10.31	10.72	10.31	10.66	6093203	65775904.00
2012/12/10	10.67	10.90	10.60	10.75	5900358	64580676.00
2012/12/11	10.61	10.83	10.58	10.63	3604101	39234104.00
2012/12/12	10.63	10.75	10.58	10.72	3294040	35766620.00
2012/12/13	10.65	10.79	10.51	10.52	3104310	33543180.00
2012/12/14	10.53	11.15	10.52	11.03	8739118	97157088.00
2012/12/17	11.01	11.30	10.97	11.09	8620503	97901392.00
2012/12/18	11.02	11.27	10.95	11.10	7145209	80946528.00
2012/12/19	11.10	11.13	10.92	10.97	6923979	77530760.00
2012/12/20	10.95	11.28	10.80	11.21	9126213	102440432.00
2012/12/21	11.11	11.42	10.96	11.00	9221391	104687960.00
2012/12/24	11.04	11.05	10.83	10.92	6906430	76790816.00
2012/12/25	10.85	11.20	10.84	11.11	11441020	129086344.00
2012/12/26	11.12	11.30	11.12	11.18	9437858	107549824.00
2012/12/27	11.28	11.30	10.96	10.97	7256740	82018176.00
2012/12/28	11.08	11.23	10.95	11.20	10835027	122524264.00
2012/12/31	11.25	11.64	11.12	11.51	19895849	231801072.00
2013/01/04	11.62	11.77	11.34	11.48	14192320	167288688.00
2013/01/07	11.50	11.68	11.18	11.33	13170437	152602224.00
2013/01/08	11.36	11.38	11.14	11.36	11141061	127860168.00
2013/01/09	11.28	11.37	11.17	11.34	9928699	113911416.00
2013/01/10	11.33	11.44	11.15	11.29	12642159	145472208.00
2013/01/11	11.36	11.39	10.92	10.95	12253810	138641904.00
2013/01/14	10.95	11.37	10.94	11.30	13642055	154995552.00
2013/01/15	11.42	11.77	11.41	11.68	28020571	331644096.00
2013/01/16	12.00	12.87	12.00	12.87	70088577	895550208.00
2013/01/17	13.05	13.67	12.55	12.61	71010634	942435904.00
2013/01/18	12.56	12.81	12.31	12.60	28469554	363384640.00
2013/01/21	12.60	12.63	12.19	12.41	25255080	317171424.00
2013/01/22	12.39	12.58	12.01	12.13	20218745	252792176.00
2013/01/23	12.08	12.27	12.00	12.22	12864731	158679136.00
2013/01/24	12.22	12.46	11.88	12.07	17327485	214701152.00
2013/01/25	12.11	12.45	12.01	12.22	14904321	186106224.00
2013/01/28	12.11	12.44	12.11	12.43	12867033	160884944.00
2013/01/29	12.43	12.77	12.31	12.70	27090583	346308544.00
2013/01/30	12.68	12.68	12.36	12.46	16686114	211447184.00
2013/01/31	12.46	13.14	12.45	12.88	33725109	439096512.00
2013/02/01	12.75	12.80	12.55	12.67	16662943	214217952.00
2013/02/04	12.79	12.98	12.55	12.66	18460011	239116752.00
2013/02/05	12.59	12.85	12.50	12.67	12192159	157219024.00
2013/02/06	12.72	12.98	12.66	12.70	13025721	169719344.00
2013/02/07	12.68	12.80	12.60	12.65	8515600	109567224.00
2013/02/08	12.58	12.87	12.58	12.75	8723181	113254760.00
2013/02/18	12.88	12.93	12.51	12.59	11167350	143316048.00
2013/02/19	12.55	12.63	12.20	12.21	9741328	122067232.00
2013/02/20	12.20	12.35	12.20	12.30	7007139	87423984.00
2013/02/21	12.10	12.18	11.60	11.76	14003921	168241680.00
2013/02/22	11.75	11.93	11.60	11.79	7217804	86472048.00
2013/02/25	11.79	11.90	11.65	11.73	5922697	70853800.00
2013/02/26	11.65	11.78	11.48	11.51	7093010	83877936.00
2013/02/27	11.56	11.75	11.55	11.63	5627986	66589984.00
2013/02/28	11.65	12.11	11.60	12.01	11795088	142552048.00
2013/03/01	12.00	12.00	11.71	11.88	8228621	99108840.00
2013/03/04	11.78	11.78	11.00	11.06	13733563	159400592.00
2013/03/05	11.10	11.29	11.10	11.25	7542388	86012552.00
2013/03/06	11.39	11.58	11.30	11.49	9006596	104876056.00
2013/03/07	11.45	11.63	11.31	11.42	8710159	101527856.00
2013/03/08	11.42	11.50	11.37	11.48	4335390	50445544.00
2013/03/11	11.60	12.45	11.52	12.37	34091983	420321504.00
2013/03/12	12.29	12.67	11.94	12.11	31426525	392005984.00
2013/03/13	12.07	12.68	11.95	12.27	41117211	519068480.00
2013/03/14	12.05	12.20	11.81	11.94	16157472	196697088.00
2013/03/15	11.90	12.19	11.74	11.89	13888130	169128848.00
2013/03/18	11.79	11.86	11.35	11.37	12566171	147674112.00
2013/03/19	11.32	11.76	11.18	11.71	11328087	132293824.00
2013/03/20	11.68	12.29	11.61	12.06	19521292	238427264.00
2013/03/21	12.09	12.30	11.93	12.03	12633408	155488816.00
2013/03/22	12.10	12.30	11.98	12.17	16520278	204629120.00
2013/03/25	12.10	12.22	11.88	11.90	10551970	128768008.00
2013/03/26	11.86	11.89	11.38	11.50	12781586	149738512.00
2013/03/27	11.51	11.65	11.40	11.56	8038548	94560696.00
2013/03/28	11.46	11.46	11.06	11.08	10402263	118952368.00
2013/03/29	11.16	11.24	11.05	11.07	4364486	49489000.00
2013/04/01	10.97	11.18	10.96	11.05	4776339	53731784.00
2013/04/02	11.08	11.19	10.99	11.11	4585883	51691064.00
2013/04/03	11.14	11.26	11.08	11.13	4857197	55108300.00
2013/04/08	10.90	10.99	10.65	10.94	6383856	70199488.00
2013/04/09	10.99	11.19	10.93	10.94	6635194	74711816.00
2013/04/10	11.00	11.11	10.94	11.01	4606321	51724264.00
2013/04/11	11.09	11.09	10.84	10.89	4476373	50022812.00
2013/04/12	10.84	10.90	10.67	10.69	4217418	46299320.00
2013/04/15	10.62	10.62	10.19	10.21	6647720	69894192.00
2013/04/16	9.96	10.23	9.85	10.14	7309460	74927488.00
2013/04/17	10.16	10.24	9.95	10.06	4620631	47511424.00
2013/04/18	9.99	10.19	9.92	10.04	4638030	47449428.00
2013/04/19	10.08	10.36	10.08	10.31	7397390	77412152.00
2013/04/22	10.29	10.29	10.13	10.23	6403341	66624288.00
2013/04/23	10.24	10.36	9.90	9.96	11593860	119333776.00
2013/04/24	9.97	10.31	9.93	10.18	7628216	78612200.00
2013/04/25	10.31	10.58	10.29	10.38	16334466	173999168.00
2013/04/26	10.39	10.53	10.10	10.12	5964602	62531516.00
2013/05/02	10.12	10.12	9.80	9.88	5984139	60334560.00
2013/05/03	9.87	10.18	9.87	9.97	5871831	60155264.00
2013/05/06	10.15	10.27	10.13	10.20	6682658	69420000.00
2013/05/07	10.20	10.45	10.15	10.36	8323202	87692512.00
2013/05/08	10.35	10.51	10.25	10.29	6603485	69555632.00
2013/05/09	10.31	10.45	10.22	10.39	7595810	80129456.00
2013/05/10	10.33	10.44	10.29	10.39	6019328	63646808.00
2013/05/13	10.41	10.45	10.22	10.28	5314697	55809260.00
2013/05/14	10.26	10.26	9.90	10.00	6482468	66240628.00
2013/05/15	10.02	10.06	9.95	9.99	4370621	44501636.00
2013/05/16	9.97	10.12	9.85	10.11	6391158	65263408.00
2013/05/17	10.10	10.35	10.00	10.31	10120755	105201464.00
2013/05/20	10.33	10.45	10.27	10.40	8978784	94988064.00
2013/05/21	10.40	10.57	10.32	10.56	10995527	117022272.00
2013/05/22	10.53	10.65	10.42	10.50	8912585	95577424.00
2013/05/23	10.45	10.50	10.25	10.30	7875377	83416720.00
2013/05/24	10.32	10.59	10.28	10.55	10538794	112203448.00
2013/05/27	10.79	10.86	10.63	10.71	15904819	174142864.00
2013/05/28	10.83	10.92	10.64	10.88	10290454	111539560.00
2013/05/29	10.91	10.96	10.79	10.87	7659880	83566160.00
2013/05/30	10.77	10.88	10.66	10.73	6076170	65552084.00
2013/05/31	10.79	10.94	10.68	10.69	7512132	81650072.00
2013/06/03	10.66	10.71	10.52	10.66	5850913	62413112.00
2013/06/04	10.66	10.67	10.31	10.37	6860247	72032864.00
2013/06/05	10.36	10.44	10.31	10.40	3789947	39459268.00
2013/06/06	10.36	10.36	10.17	10.19	4870683	50161712.00
2013/06/07	10.19	10.28	9.97	9.98	6281240	63530112.00
2013/06/13	9.94	9.94	9.54	9.58	6466599	62645956.00
2013/06/14	9.66	9.74	9.56	9.64	4582707	44339912.00
2013/06/17	9.64	9.74	9.52	9.53	4956024	47690504.00
2013/06/18	9.55	9.61	9.39	9.51	4220449	40241236.00
2013/06/19	9.53	9.53	9.33	9.46	4925923	46587228.00
2013/06/20	9.37	9.37	9.08	9.10	5469323	50617548.00
2013/06/21	8.90	9.05	8.78	8.90	5429109	48604240.00
2013/06/24	8.89	8.90	8.02	8.16	8361225	70731648.00
2013/06/25	8.01	8.14	7.34	8.05	10556312	83007856.00
2013/06/26	8.05	8.10	7.79	7.98	8039747	64032904.00
2013/06/27	8.01	8.09	7.81	7.86	5938442	47351984.00
2013/06/28	7.81	8.06	7.71	7.89	5852487	46368488.00
2013/07/01	7.89	8.03	7.77	8.00	4723278	37599356.00
2013/07/02	8.01	8.16	7.81	8.10	6942127	56129920.00
2013/07/03	8.04	8.04	7.77	7.93	6391039	50625592.00
2013/07/04	7.91	8.44	7.80	8.27	16295673	134243520.00
2013/07/05	8.34	8.44	8.14	8.22	10542739	87607160.00
2013/07/08	8.06	8.08	7.75	7.77	8559655	67998952.00
2013/07/09	7.77	7.92	7.76	7.87	3249786	25627902.00
2013/07/10	7.84	8.24	7.84	8.21	9784446	79681328.00
2013/07/11	8.22	8.72	8.22	8.54	13787975	117562592.00
2013/07/12	8.47	8.76	8.21	8.42	16306484	139465552.00
2013/07/15	8.41	8.56	8.22	8.40	8888314	74903120.00
2013/07/16	8.36	8.46	8.30	8.38	5452091	45883016.00
2013/07/17	8.38	8.53	8.26	8.26	7097212	59812924.00
2013/07/18	8.23	8.31	7.99	8.01	7353170	59796012.00
2013/07/19	7.95	8.08	7.81	7.81	7630939	60893980.00
2013/07/22	7.82	7.92	7.81	7.91	4468196	35284644.00
2013/07/23	7.97	8.21	7.97	8.15	9304005	76032944.00
2013/07/24	8.16	8.23	7.98	8.05	5568829	45150544.00
2013/07/25	8.13	8.18	7.99	8.01	5536591	44864564.00
2013/07/26	7.96	8.10	7.87	7.95	5389445	43042304.00
2013/07/29	7.87	7.89	7.73	7.74	5446010	42728224.00
2013/07/30	7.80	7.95	7.75	7.88	5148998	40670116.00
2013/07/31	8.00	8.06	7.81	7.84	4786954	38117624.00
2013/08/01	7.83	8.01	7.80	7.98	6520986	51903872.00
2013/08/02	8.01	8.05	7.93	7.98	5747344	46130016.00
2013/08/05	7.94	8.01	7.89	8.01	5550694	44484696.00
2013/08/06	8.00	8.08	7.90	8.04	7679686	61712336.00
2013/08/07	7.97	8.14	7.97	8.04	8304296	67175520.00
2013/08/08	8.02	8.12	8.01	8.09	8384658	67977328.00
2013/08/09	8.15	8.36	8.08	8.27	16664235	138144960.00
2013/08/12	8.26	8.75	8.23	8.64	21643348	184914048.00
2013/08/13	8.57	8.64	8.44	8.52	11229815	95972952.00
2013/08/14	8.50	8.58	8.33	8.37	10291126	87431360.00
2013/08/15	8.39	8.46	8.27	8.29	6357482	53453064.00
2013/08/16	8.28	9.12	8.18	8.22	14089014	119469568.00
2013/08/19	8.17	8.40	8.17	8.33	6912319	57480840.00
2013/08/20	8.29	8.35	8.18	8.21	5849261	48513400.00
2013/08/21	8.28	8.28	8.17	8.24	4388294	36250064.00
2013/08/22	8.23	8.28	8.14	8.16	5015920	41311336.00
2013/08/23	8.22	8.26	7.94	8.03	6958322	56761484.00
2013/08/26	8.07	8.22	8.03	8.19	5736463	47035720.00
2013/08/27	8.19	8.32	8.16	8.25	5674340	47027992.00
2013/08/28	8.19	8.50	8.16	8.45	16599328	140271520.00
2013/08/29	8.45	8.46	8.23	8.32	7314872	61084136.00
2013/08/30	8.34	8.41	8.24	8.27	7445211	62256928.00
2013/09/02	8.34	8.46	8.24	8.45	9061953	76293848.00
2013/09/03	8.46	8.50	8.38	8.46	8178108	69286400.00
2013/09/04	8.48	8.48	8.37	8.44	7266271	61548280.00
2013/09/05	8.41	8.64	8.33	8.43	13572609	115953744.00
2013/09/06	8.35	8.45	8.31	8.39	7079030	59480004.00
2013/09/09	8.40	8.64	8.36	8.55	13504418	115598528.00
2013/09/10	8.54	8.74	8.53	8.73	16964508	147386944.00
2013/09/11	8.76	9.12	8.71	8.88	24869613	223767712.00
2013/09/12	8.90	8.90	8.71	8.76	12107577	106755576.00
2013/09/13	8.67	8.82	8.67	8.71	8849932	77655664.00
2013/09/16	8.71	8.76	8.57	8.60	7187446	62458876.00
2013/09/17	8.60	8.60	8.41	8.42	7179199	61156980.00
2013/09/18	8.50	8.50	8.36	8.43	4228715	35825724.00
2013/09/23	8.45	8.59	8.45	8.57	5682360	48779188.00
2013/09/24	8.55	8.59	8.35	8.36	7213669	61262128.00
2013/09/25	8.35	8.48	8.31	8.37	5416304	45777088.00
2013/09/26	8.37	8.44	8.19	8.20	5648678	47132200.00
2013/09/27	8.20	8.40	8.18	8.27	4197325	35112052.00
2013/09/30	8.36	8.40	8.17	8.23	5029624	41654504.00
2013/10/08	8.19	8.36	8.15	8.31	5406744	44901472.00
2013/10/09	8.31	8.37	8.26	8.33	4408318	36814088.00
2013/10/10	8.33	8.33	8.15	8.21	7869407	65109896.00
2013/10/11	8.23	8.33	8.21	8.27	7156820	59525184.00
2013/10/14	8.26	8.31	8.20	8.27	6854817	56899964.00
2013/10/15	8.27	8.34	8.23	8.33	5974003	49750544.00
2013/10/16	8.31	8.31	8.04	8.07	8125167	66446772.00
2013/10/17	8.11	8.20	8.06	8.08	5575959	45398368.00
2013/10/18	8.08	8.12	8.02	8.05	4510771	36582264.00
2013/10/21	8.05	8.10	7.97	8.10	7441968	60104760.00
2013/10/22	8.08	8.13	8.02	8.06	5073731	41084812.00
2013/10/23	8.10	8.13	7.97	8.01	6189348	50072400.00
2013/10/24	7.98	7.99	7.87	7.89	5549067	44112652.00
2013/10/25	7.89	7.91	7.56	7.64	8463592	65717764.00
2013/10/28	7.64	7.64	7.47	7.49	5658203	42821064.00
2013/10/29	7.49	7.62	7.35	7.47	6511576	48877668.00
2013/10/30	7.48	7.55	7.43	7.53	4289546	32304670.00
2013/10/31	7.53	7.54	7.47	7.51	4511608	33974224.00
2013/11/01	7.54	7.59	7.50	7.58	3797024	28842974.00
2013/11/04	7.61	7.66	7.52	7.53	2703708	20604076.00
2013/11/05	7.51	7.54	7.42	7.52	3916448	29397952.00
2013/11/06	7.49	7.59	7.46	7.49	3568273	26969076.00
2013/11/07	7.54	7.54	7.44	7.45	2779859	20907376.00
2013/11/08	7.42	7.47	7.36	7.38	3922186	29196332.00
2013/11/11	7.38	7.41	7.26	7.32	3610713	26510188.00
2013/11/12	7.32	7.41	7.32	7.39	3009304	22293962.00
2013/11/13	7.32	7.43	7.28	7.34	3258969	24025680.00
2013/11/14	7.38	7.41	7.32	7.36	2429778	17990304.00
2013/11/15	7.35	7.59	7.35	7.49	6153625	46430248.00
2013/11/18	7.51	7.63	7.50	7.62	6341793	48380888.00
2013/11/19	7.57	7.64	7.54	7.56	5418086	41312932.00
2013/11/20	7.66	7.69	7.56	7.64	5987574	45869604.00
2013/11/21	7.61	7.64	7.54	7.55	5740739	43703664.00
2013/11/22	7.55	7.59	7.51	7.55	3624214	27544240.00
2013/11/25	7.53	7.60	7.50	7.52	3602527	27313856.00
2013/11/26	7.47	7.52	7.43	7.46	3861390	29031632.00
2013/11/27	7.46	7.54	7.42	7.49	4047005	30423610.00
2013/11/28	7.48	7.94	7.47	7.80	19938763	156058752.00
2013/11/29	7.76	7.79	7.64	7.66	8965958	69358624.00
2013/12/02	7.57	7.80	7.51	7.63	9043880	69510128.00
2013/12/03	7.60	7.80	7.54	7.78	7826057	60874904.00
2013/12/04	7.74	7.85	7.70	7.80	9325605	73177288.00
2013/12/05	7.81	7.84	7.72	7.75	5026304	39211992.00
2013/12/06	7.73	7.79	7.69	7.76	3970779	30926576.00
2013/12/09	7.76	7.83	7.74	7.75	3487053	27236744.00
2013/12/10	7.75	7.81	7.67	7.71	3967209	30791248.00
2013/12/11	7.68	7.72	7.53	7.59	6007342	45925604.00
2013/12/12	7.56	7.62	7.52	7.54	3909808	29691116.00
2013/12/13	7.46	7.58	7.46	7.53	2798803	21179216.00
2013/12/16	7.56	7.56	7.39	7.40	4516692	33885024.00
2013/12/17	7.42	7.45	7.36	7.40	2955443	21953104.00
2013/12/18	7.42	7.48	7.37	7.41	2685533	20035688.00
2013/12/19	7.47	7.48	7.35	7.35	3423309	25503730.00
2013/12/20	7.42	7.42	7.16	7.18	6230477	45489648.00
2013/12/23	7.19	7.22	7.11	7.20	3217256	23137904.00
2013/12/24	7.21	7.24	7.12	7.16	2780936	20074560.00
2013/12/25	7.19	7.23	7.13	7.19	2437362	17557884.00
2013/12/26	7.20	7.21	6.99	7.14	5894228	42006144.00
2013/12/27	7.14	7.21	7.09	7.12	4353283	31310896.00
2013/12/30	7.19	7.19	7.09	7.12	2485562	17824472.00
2013/12/31	7.24	7.26	7.12	7.21	4243665	30706124.00
2014/01/02	7.20	7.22	7.06	7.09	5880976	42011248.00
2014/01/03	7.04	7.09	6.99	7.01	4243591	29956190.00
2014/01/06	6.99	6.99	6.64	6.66	7490636	51163612.00
2014/01/07	6.64	6.73	6.64	6.70	3256471	21854024.00
2014/01/08	6.71	6.73	6.54	6.55	5000923	33314052.00
2014/01/09	6.53	6.56	6.31	6.31	6447734	41591804.00
2014/01/10	6.30	6.37	6.26	6.33	3807912	24243870.00
2014/01/13	6.34	6.60	6.34	6.47	5147072	33566972.00
2014/01/14	6.48	6.49	6.40	6.46	2615269	16948776.00
2014/01/15	6.46	6.51	6.32	6.38	2864430	18411702.00
2014/01/16	6.40	6.59	6.32	6.50	4880107	31838628.00
2014/01/17	6.46	6.46	6.35	6.38	3076842	19802200.00
2014/01/20	6.36	6.41	6.34	6.36	1866429	11971560.00
2014/01/21	6.36	6.44	6.36	6.39	1988152	12799640.00
2014/01/22	6.44	6.55	6.39	6.55	3767866	24645980.00
2014/01/23	6.54	6.55	6.45	6.47	2995824	19541888.00
2014/01/24	6.46	6.60	6.43	6.54	5627521	37056372.00
2014/01/27	6.47	6.49	6.37	6.40	5007997	32330800.00
2014/01/28	6.43	6.56	6.41	6.56	5715373	37462116.00
2014/01/29	6.52	6.60	6.51	6.53	3605153	23715968.00
2014/01/30	6.55	6.55	6.41	6.42	2947493	19139516.00
2014/02/07	6.36	6.44	6.32	6.41	3054958	19639348.00
2014/02/10	6.43	6.62	6.42	6.60	7227021	47756840.00
2014/02/11	6.64	6.73	6.54	6.67	8842699	58996952.00
2014/02/12	6.73	6.73	6.60	6.68	6241686	41829328.00
2014/02/13	6.61	6.82	6.61	6.63	7621937	51538264.00
2014/02/14	6.65	6.73	6.62	6.72	5650120	37949744.00
2014/02/17	6.75	6.83	6.69	6.80	8201696	55799424.00
2014/02/18	6.82	6.92	6.78	6.83	11482138	79227048.00
2014/02/19	6.81	6.86	6.76	6.80	7470019	51118128.00
2014/02/20	6.80	6.89	6.74	6.75	7788945	53470584.00
2014/02/21	6.74	6.81	6.65	6.68	6015056	40617296.00
2014/02/24	6.68	6.70	6.43	6.45	6641598	43389520.00
2014/02/25	6.47	6.51	6.26	6.27	6248491	40218112.00
2014/02/26	6.25	6.39	6.25	6.36	6260502	39894136.00
2014/02/27	6.36	6.36	6.25	6.26	7702595	48680592.00
2014/02/28	6.26	6.30	6.18	6.29	5453080	34258384.00
2014/03/03	6.27	6.51	6.25	6.41	8712087	55883632.00
2014/03/04	6.36	6.53	6.32	6.52	9978832	64608524.00
2014/03/05	6.53	6.57	6.37	6.38	6456399	41865956.00
2014/03/06	6.35	6.37	6.26	6.35	3649039	23186588.00
2014/03/07	6.34	6.47	6.34	6.37	5562838	35834100.00
2014/03/10	6.22	6.26	6.03	6.04	6699836	41348184.00
2014/03/11	6.01	6.09	6.01	6.07	4105196	24937492.00
2014/03/12	6.02	6.10	6.00	6.09	4749539	28929736.00
2014/03/13	6.10	6.19	6.05	6.11	4477316	27578188.00
2014/03/14	6.07	6.30	6.04	6.14	5799164	35914828.00
2014/03/17	6.20	6.20	6.08	6.15	3991092	24650312.00
2014/03/18	6.15	6.18	6.10	6.14	4220780	26060580.00
2014/03/19	6.11	6.13	6.04	6.11	4107932	25118972.00
2014/03/20	6.12	6.14	5.99	6.01	4488036	27446308.00
2014/03/21	6.01	6.24	5.98	6.20	7560383	46639392.00
2014/03/24	6.26	6.29	6.16	6.25	6260071	39242512.00
2014/03/25	6.24	6.34	6.20	6.27	7481326	47165992.00
2014/03/26	6.26	6.30	6.15	6.20	7141458	44496956.00
2014/03/27	6.23	6.25	6.14	6.14	5136991	31993956.00
2014/03/28	6.13	6.22	6.10	6.13	5021332	31052650.00
2014/03/31	6.10	6.17	6.08	6.09	3543658	21841236.00
2014/04/01	6.09	6.16	6.09	6.14	2527129	15592916.00
2014/04/02	6.16	6.21	6.13	6.20	4937566	30705180.00
2014/04/03	6.23	6.25	6.13	6.15	4497283	28005208.00
2014/04/04	6.13	6.32	6.11	6.28	10900857	68358528.00
2014/04/08	6.26	6.37	6.24	6.33	8134538	51692672.00
2014/04/09	6.34	6.38	6.29	6.32	4801522	30578880.00
2014/04/10	6.31	6.39	6.26	6.36	10501074	66832396.00
2014/04/11	6.34	6.35	6.27	6.32	6351816	40281184.00
2014/04/14	6.32	6.34	6.25	6.32	5289377	33563304.00
2014/04/15	6.33	6.34	6.21	6.23	4737896	29851348.00
2014/04/16	6.25	6.27	6.22	6.23	4153374	26091348.00
2014/04/17	6.25	6.26	6.19	6.20	3769052	23586506.00
2014/04/18	6.16	6.22	6.14	6.19	3639981	22645962.00
2014/04/21	6.14	6.21	6.11	6.12	3632168	22498084.00
2014/04/22	6.10	6.14	6.03	6.07	4533794	27672472.00
2014/04/23	6.05	6.12	6.04	6.08	2578114	15763751.00
2014/04/24	6.08	6.08	6.02	6.03	3287355	20009744.00
2014/04/25	6.05	6.09	5.99	6.00	3714375	22554488.00
2014/04/28	5.99	6.03	5.72	5.75	7740124	45531656.00
2014/04/29	5.74	5.81	5.71	5.78	3267349	18923314.00
2014/04/30	5.76	5.80	5.74	5.79	2521371	14649451.00
2014/05/05	5.79	5.79	5.68	5.77	4614624	26646078.00
2014/05/06	5.75	5.80	5.69	5.74	4830699	27959932.00
2014/05/07	5.73	5.79	5.70	5.75	3665947	21193676.00
2014/05/08	5.74	5.89	5.72	5.81	5604062	32876548.00
2014/05/09	5.81	6.40	5.81	6.40	44695512	285589568.00
2014/05/12	6.64	7.04	6.47	7.04	47040321	322830720.00
2014/05/13	7.75	7.75	7.29	7.53	110106040	842004096.00
2014/05/14	7.51	7.61	7.10	7.20	73864371	541357568.00
2014/05/15	6.71	6.89	6.69	6.76	59816560	407533376.00
2014/05/16	6.77	6.82	6.60	6.74	34398972	232695712.00
2014/05/19	6.78	6.82	6.51	6.64	33032823	219954432.00
2014/05/20	6.79	6.79	6.41	6.49	33654501	220633824.00
2014/05/21	6.43	6.68	6.35	6.66	28823942	189321952.00
2014/05/22	6.59	6.70	6.52	6.54	20547824	135468944.00
2014/05/23	6.51	6.54	6.40	6.51	14659953	94894664.00
2014/05/26	6.52	6.64	6.48	6.60	20167093	132541344.00
2014/05/27	6.57	6.57	6.40	6.48	13754554	89287008.00
2014/05/28	6.47	6.56	6.44	6.55	14596491	95113824.00
2014/05/29	6.51	6.63	6.42	6.43	21662929	141166160.00
2014/05/30	6.42	6.80	6.41	6.69	43817307	291773888.00
2014/06/03	6.61	7.15	6.61	6.78	50878758	349839040.00
2014/06/04	6.68	6.68	6.41	6.48	26213371	170881728.00
2014/06/05	6.42	6.55	6.41	6.52	11136415	72153104.00
2014/06/06	6.50	6.54	6.40	6.46	9977522	64548896.00
2014/06/09	6.45	6.56	6.41	6.44	8017315	51971600.00
2014/06/10	6.45	6.49	6.28	6.42	16009479	101882256.00
2014/06/11	6.38	6.52	6.34	6.49	13289804	85707384.00
2014/06/12	6.41	6.73	6.39	6.55	17205338	112833352.00
2014/06/13	6.55	7.00	6.49	6.79	37240523	253379472.00
2014/06/16	7.00	7.14	6.80	6.90	34392296	238670768.00
2014/06/17	6.91	7.02	6.76	6.77	16455630	113005824.00
2014/06/18	6.78	7.45	6.73	7.45	52732057	381227552.00
2014/06/19	7.49	7.58	7.09	7.16	61687279	453314464.00
2014/06/20	7.12	7.19	6.88	7.07	23541029	165843584.00
2014/06/23	7.05	7.46	6.97	7.34	29754691	215060736.00
2014/06/24	7.28	7.45	7.15	7.25	25036925	182344784.00
2014/06/25	7.26	7.28	7.01	7.10	17303203	123393128.00
2014/06/26	7.10	7.25	7.06	7.10	19129044	136815904.00
2014/06/27	7.03	7.18	7.02	7.07	15061275	106827984.00
2014/06/30	7.08	7.16	6.98	7.06	16111762	113674504.00
2014/07/01	7.06	7.32	7.01	7.12	20663494	148480272.00
2014/07/02	7.08	7.25	7.03	7.21	18092503	129386248.00
2014/07/03	7.26	7.40	7.20	7.25	20990502	152555040.00
2014/07/04	7.25	7.25	7.10	7.11	12055215	86367144.00
2014/07/07	7.05	7.15	7.04	7.10	7716724	54744468.00
2014/07/08	7.11	7.24	7.03	7.21	12231772	87362080.00
2014/07/09	7.17	7.36	7.13	7.19	22125140	160399392.00
2014/07/10	7.14	7.30	7.10	7.15	12415052	89461856.00
2014/07/11	7.14	7.39	7.13	7.29	16177549	117659552.00
2014/07/14	7.30	7.49	7.22	7.45	25632277	188988928.00
2014/07/15	7.39	7.47	7.26	7.29	15335724	112622208.00
2014/07/16	7.30	7.42	7.10	7.18	20772537	150452080.00
2014/07/17	7.14	7.90	7.11	7.78	81765202	630968832.00
2014/07/18	7.63	7.82	7.49	7.64	47325145	361708192.00
2014/07/21	7.72	7.82	7.50	7.57	31708956	242864944.00
2014/07/22	7.53	7.85	7.52	7.79	33371192	258135472.00
2014/07/23	7.75	7.98	7.63	7.69	29690902	231060944.00
2014/07/24	7.69	7.79	7.50	7.73	22174822	169781104.00
2014/07/25	8.00	8.50	7.92	8.50	92477094	774151360.00
2014/07/28	8.40	8.94	8.25	8.72	100533929	870538752.00
2014/07/29	8.86	8.90	8.50	8.76	69503154	605991424.00
2014/07/30	8.56	8.68	8.50	8.59	34584011	297262848.00
2014/07/31	8.62	8.92	8.61	8.76	38948858	341932640.00
2014/08/01	8.69	8.78	8.43	8.46	33126392	284847744.00
2014/08/04	8.42	8.69	8.41	8.69	24544257	210720976.00
2014/08/05	8.60	8.78	8.55	8.77	24112272	209201024.00
2014/08/06	8.69	9.24	8.60	9.00	44449190	395880896.00
2014/08/07	8.90	9.08	8.75	8.80	29556488	263442832.00
2014/08/08	8.78	8.89	8.65	8.69	18544920	162414912.00
2014/08/11	8.73	8.92	8.60	8.84	20951104	184531696.00
2014/08/12	8.84	8.92	8.75	8.81	13341095	117428808.00
2014/08/13	8.81	8.98	8.63	8.96	25798636	228800544.00
2014/08/14	8.90	8.90	8.68	8.69	18734388	164488448.00
2014/08/15	8.68	8.78	8.61	8.67	13043471	113198880.00
2014/08/18	8.67	8.81	8.61	8.72	16986260	147807504.00
2014/08/19	8.69	8.72	8.55	8.69	14985112	129353872.00
2014/08/20	8.66	8.72	8.56	8.59	12135013	104616808.00
2014/08/21	8.59	8.68	8.32	8.48	17556171	149487568.00
2014/08/22	8.44	8.57	8.40	8.49	9907120	83915768.00
2014/08/25	8.51	8.53	8.23	8.24	14094958	117509456.00
2014/08/26	8.24	8.30	8.06	8.10	11628689	94879312.00
2014/08/27	8.10	8.19	8.03	8.14	7789442	63149008.00
2014/08/28	8.17	8.20	8.06	8.08	7965832	64677092.00
2014/08/29	8.10	8.58	8.08	8.45	22476985	189125312.00
2014/09/01	8.40	8.46	8.31	8.46	10007766	83928728.00
2014/09/02	8.46	8.55	8.35	8.55	13348621	112873528.00
2014/09/03	8.57	8.72	8.50	8.58	17758600	153043104.00
2014/09/04	8.58	8.64	8.51	8.60	12225767	104877360.00
2014/09/05	8.68	8.81	8.60	8.68	18113311	157359984.00
2014/09/09	8.69	8.74	8.48	8.54	16006026	137021120.00
2014/09/10	8.42	8.56	8.39	8.50	12320946	104337568.00
2014/09/11	8.49	8.56	8.35	8.37	15274137	129052024.00
2014/09/12	8.35	8.46	8.21	8.43	12773870	106466992.00
2014/09/15	8.42	8.48	8.35	8.48	13712348	115364856.00
2014/09/16	8.47	8.56	8.18	8.19	17210669	145219344.00
2014/09/17	8.21	8.36	8.20	8.30	10425373	86254976.00
2014/09/18	8.33	8.39	8.21	8.38	9783529	81135968.00
2014/09/19	8.39	8.48	8.30	8.40	10296405	86352448.00
2014/09/22	8.40	8.41	8.20	8.23	8201413	67831312.00
2014/09/23	8.23	8.30	8.20	8.27	5803897	47894500.00
2014/09/24	8.26	8.47	8.22	8.45	15523762	129956824.00
2014/09/25	8.54	8.59	8.33	8.39	13723331	116366744.00
2014/09/26	8.65	8.78	8.50	8.56	24320955	209610064.00
2014/09/29	8.55	8.62	8.46	8.54	14696999	125341904.00
2014/09/30	8.53	8.71	8.52	8.60	16330492	141018240.00
2014/10/08	8.62	8.66	8.50	8.60	11358654	97319872.00
2014/10/09	8.62	8.66	8.50	8.61	16412105	140877040.00
2014/10/10	8.55	8.65	8.48	8.51	12502550	106785528.00
2014/10/13	8.50	8.53	8.41	8.46	12558463	106050296.00
2014/10/14	8.44	8.49	8.16	8.20	22539545	187603088.00
2014/10/15	8.20	8.28	8.09	8.20	14680367	120019472.00
2014/10/16	8.17	8.20	8.10	8.10	11198110	91195112.00
2014/10/17	8.06	8.14	7.82	8.00	15306877	122150096.00
2014/10/20	8.01	8.25	7.93	8.15	13939174	112737424.00
2014/10/21	8.10	8.14	7.95	7.97	8797506	70760528.00
2014/10/22	7.97	8.01	7.83	7.85	6906081	54703336.00
2014/10/23	7.86	7.94	7.69	7.74	8770824	68109040.00
2014/10/24	7.75	7.79	7.69	7.72	6628405	51309144.00
2014/10/27	7.71	7.77	7.66	7.70	5447158	42023100.00
2014/10/28	7.71	7.94	7.71	7.92	8276758	64978904.00
2014/10/29	7.93	8.05	7.93	7.98	10502837	83794648.00
2014/10/30	8.00	8.09	7.96	8.00	11587884	93028888.00
2014/10/31	7.99	8.19	7.94	8.17	17069320	138177280.00
2014/11/03	8.17	8.24	8.10	8.17	12232423	99895488.00
2014/11/04	8.17	8.38	8.12	8.32	21515237	178171520.00
2014/11/05	8.34	8.36	8.12	8.14	16265435	133564696.00
2014/11/06	8.13	8.25	8.07	8.17	11045597	90058624.00
2014/11/07	8.15	8.27	7.98	7.99	13717611	111708600.00
2014/11/10	7.95	8.16	7.95	8.14	11490629	92772016.00
2014/11/11	8.15	8.26	7.95	8.09	21917316	178468032.00
2014/11/12	7.97	8.13	7.97	8.13	11830426	95390360.00
2014/11/13	8.14	8.50	7.98	8.43	42258410	350378496.00
2014/11/14	8.35	8.41	8.22	8.27	18319949	152173808.00
2014/11/17	8.34	8.46	8.25	8.37	17211839	143658720.00
2014/11/18	8.35	8.70	8.32	8.59	33327565	284207872.00
2014/11/19	8.60	8.63	8.45	8.52	16962861	144516176.00
2014/11/20	8.44	8.63	8.34	8.48	18497722	155861424.00
2014/11/21	8.50	8.63	8.38	8.50	18884406	160251776.00
2014/11/24	8.55	8.88	8.51	8.84	47751640	417445568.00
2014/11/25	8.82	9.72	8.73	9.51	65273608	599911680.00
2014/11/26	9.39	10.15	9.29	9.66	76170593	735164992.00
2014/11/27	9.60	9.61	9.38	9.56	34864527	331470912.00
2014/11/28	9.55	9.56	9.05	9.33	40128658	373379712.00
2014/12/01	9.26	9.77	9.25	9.60	47739933	457012192.00
2014/12/02	9.61	9.84	9.56	9.66	34282070	330008800.00
2014/12/03	9.67	10.50	9.51	10.30	71486928	723897408.00
2014/12/04	10.35	10.59	10.15	10.43	49796495	516170176.00
2014/12/05	10.50	10.55	9.58	9.84	48675708	487511456.00
2014/12/08	9.85	10.14	9.66	9.95	34125237	337803776.00
2014/12/09	9.90	10.44	9.29	9.50	47558943	477960576.00
2014/12/10	9.55	9.78	9.35	9.69	29940757	286553824.00
2014/12/11	9.58	9.91	9.51	9.73	20566452	199643024.00
2014/12/12	9.78	10.17	9.75	9.90	26537999	265136912.00
2014/12/15	9.83	9.84	9.56	9.76	20388580	197592864.00
2014/12/16	9.76	9.97	9.64	9.95	24697640	242018592.00
2014/12/17	9.93	10.08	9.50	9.68	22777670	222188528.00
2014/12/18	9.63	9.99	9.54	9.70	22387467	219884976.00
2014/12/19	9.66	9.98	9.55	9.95	29293450	287719616.00
2014/12/22	9.99	10.40	9.90	10.38	59980084	611272000.00
2014/12/23	10.18	10.33	9.50	9.60	33193617	330376352.00
2014/12/24	9.60	9.68	9.00	9.22	34137621	316682272.00
2014/12/25	9.27	9.38	9.18	9.35	22845874	211810688.00
2014/12/26	9.34	9.54	9.32	9.50	18814364	177532032.00
2014/12/29	9.54	9.72	9.18	9.33	24171716	230244784.00
2014/12/30	9.37	9.58	9.15	9.29	18676143	174678416.00
2014/12/31	9.26	9.43	9.19	9.37	13779603	128477120.00
2015/01/05	9.39	10.31	9.37	10.31	61787375	620734336.00
2015/01/06	10.27	10.49	9.91	10.05	47666221	484433056.00
2015/01/07	9.91	10.56	9.90	10.19	38595200	395904672.00
2015/01/08	10.20	10.23	9.82	9.96	23460674	234281232.00
2015/01/09	9.90	10.16	9.80	9.81	27055118	271422528.00
2015/01/12	9.70	9.70	9.38	9.52	19721669	187558224.00
2015/01/13	9.50	9.67	9.35	9.43	12143048	115482656.00
2015/01/14	9.43	9.48	9.16	9.28	14536028	135195472.00
2015/01/15	9.38	9.48	9.17	9.47	12091772	112882552.00
2015/01/16	9.57	9.69	9.49	9.60	15405185	147555632.00
2015/01/19	9.30	9.44	8.64	8.76	25730736	234208064.00
2015/01/20	8.78	9.06	8.78	8.94	16089580	143547872.00
2015/01/21	8.97	9.43	8.94	9.30	20643730	189874432.00
2015/01/22	9.30	10.00	9.24	9.78	37799099	365914656.00
2015/01/23	9.90	10.11	9.49	9.62	33164119	325980192.00
2015/01/26	9.59	9.93	9.50	9.90	21039208	205925904.00
2015/01/27	9.90	10.39	9.79	10.02	39373760	395630048.00
2015/01/28	9.95	9.95	9.66	9.71	21506967	210159920.00
2015/01/29	9.60	9.79	9.55	9.66	15307753	148365232.00
2015/01/30	9.69	9.89	9.57	9.68	14131452	137553088.00
2015/02/02	9.51	9.65	9.35	9.45	10566328	100302600.00
2015/02/03	9.63	9.66	9.49	9.64	10680402	102246040.00
2015/02/04	9.66	9.87	9.64	9.67	17682091	172737584.00
2015/02/05	9.90	10.00	9.45	9.48	22931449	225008992.00
2015/02/06	9.37	9.40	9.08	9.18	15771989	145464624.00
2015/02/09	9.18	9.29	9.12	9.18	6683315	61556616.00
2015/02/10	9.29	9.35	9.20	9.29	6712066	62360296.00
2015/02/11	9.31	9.38	9.25	9.30	6540636	60968888.00
2015/02/12	9.31	9.34	9.18	9.29	6862467	63355240.00
2015/02/13	9.28	9.55	9.20	9.38	17617051	165936112.00
2015/02/16	9.39	9.45	9.35	9.42	10433874	98216248.00
2015/02/17	9.42	9.66	9.40	9.63	15283800	146151600.00
2015/02/25	9.63	9.64	9.45	9.51	10781443	102876720.00
2015/02/26	9.52	10.38	9.50	10.09	33548289	331381824.00
2015/02/27	10.00	10.28	9.79	10.03	40955001	410616064.00
2015/03/02	10.23	10.59	10.06	10.43	56850958	588137280.00
2015/03/03	10.44	11.11	10.20	10.54	72954065	778189888.00
2015/03/04	10.52	10.76	10.43	10.66	34496160	365936864.00
2015/03/05	10.58	10.92	10.48	10.80	38438264	412985760.00
2015/03/06	10.70	11.10	10.53	10.77	45568630	494632160.00
2015/03/09	10.62	10.63	10.35	10.60	32779551	343781088.00
2015/03/10	10.58	10.72	10.45	10.50	25571597	270606432.00
2015/03/11	10.44	10.59	10.19	10.31	24796719	256836080.00
2015/03/12	10.36	10.45	10.24	10.37	19989384	206736656.00
2015/03/13	10.45	10.68	10.30	10.48	26504246	278448224.00
2015/03/16	10.58	10.74	10.40	10.66	28792448	305290976.00
2015/03/17	10.67	10.97	10.61	10.79	35187298	379260576.00
2015/03/18	10.79	11.15	10.75	11.13	43828076	481305088.00
2015/03/19	11.25	11.51	10.96	11.09	49002805	551285248.00
2015/03/20	11.06	11.08	10.88	10.97	32755630	359458048.00
2015/03/23	11.06	11.40	11.05	11.30	48487764	546113536.00
2015/03/24	11.30	11.39	10.86	11.12	49016691	544786176.00
2015/03/25	11.03	11.08	10.76	10.82	41455891	450677120.00
2015/03/26	10.76	11.19	10.69	11.04	52117107	570716352.00
2015/03/27	11.04	11.27	11.01	11.13	44827945	499612992.00
2015/03/30	11.07	11.40	11.04	11.28	45602321	511933280.00
2015/03/31	11.35	11.76	11.25	11.48	74811887	858485632.00
2015/04/01	11.40	11.57	11.31	11.52	44720122	512110592.00
2015/04/02	11.56	11.80	11.32	11.70	59351736	684871168.00
2015/04/03	11.55	12.18	11.50	11.95	65262648	775523648.00
2015/04/07	12.00	12.25	11.88	12.13	52825338	639077056.00
2015/04/08	12.17	12.19	11.48	11.73	56653744	668514560.00
2015/04/09	11.73	11.83	11.21	11.38	46302612	530857696.00
2015/04/10	11.38	11.68	11.30	11.65	37646140	434134144.00
2015/04/13	11.65	11.89	11.48	11.85	43727685	511973536.00
2015/04/14	11.83	11.83	11.48	11.60	45272901	526944480.00
2015/04/15	11.55	11.58	11.12	11.13	43535854	493170304.00
2015/04/16	11.10	11.45	10.82	11.36	33669468	378038368.00
2015/04/17	11.39	11.82	11.38	11.69	66686499	775785920.00
2015/04/20	11.79	12.18	11.49	11.51	88745776	1047350464.00
2015/04/21	11.73	11.98	11.60	11.95	57375201	677869120.00
2015/04/22	11.95	12.68	11.93	12.47	92605576	1144523008.00
2015/04/23	12.50	13.72	12.23	13.72	141993177	1880679040.00
2015/04/24	13.87	15.09	13.72	14.70	185982451	2674862336.00
2015/04/27	14.60	14.83	14.21	14.44	100210057	1448513408.00
2015/04/28	14.40	14.43	13.20	13.53	101495254	1401955584.00
2015/04/29	14.25	14.88	14.00	14.88	78849276	1147297792.00
2015/04/30	16.37	16.37	15.35	15.59	221335750	3561102080.00
2015/05/05	14.85	14.85	14.85	14.85	0	0.00
数据来源:通达信
