600425 青松建化 日线 前复权
      日期	    开盘	    最高	    最低	    收盘	    成交量	    成交额
2011/10/10	6.79	6.80	6.59	6.63	2796043	39002088.00
2011/10/11	6.89	6.98	6.63	6.71	5288757	75051072.00
2011/10/12	6.73	7.08	6.60	7.07	7406805	106858752.00
2011/10/13	7.06	7.44	7.01	7.34	11100950	168426608.00
2011/10/14	7.35	7.56	7.27	7.49	9310264	142531568.00
2011/10/17	7.49	7.67	7.33	7.40	8662974	134127896.00
2011/10/18	7.33	7.33	7.08	7.08	5670306	84259944.00
2011/10/19	7.15	7.19	6.76	7.05	3122215	45942288.00
2011/10/20	6.99	6.99	6.68	6.77	5264310	74046920.00
2011/10/21	6.77	6.87	6.58	6.72	3412246	47762384.00
2011/10/24	6.73	6.92	6.53	6.89	4721516	66178992.00
2011/10/25	6.93	7.11	6.77	7.10	5267364	76270688.00
2011/10/26	7.07	7.46	7.00	7.21	9216810	139328912.00
2011/10/27	7.24	7.38	7.19	7.25	7492515	113298096.00
2011/10/28	7.37	7.49	7.31	7.41	8473300	129993328.00
2011/10/31	7.55	7.61	7.36	7.44	7552939	116870984.00
2011/11/01	7.37	7.43	7.28	7.36	5639434	85954064.00
2011/11/02	7.25	7.38	7.15	7.35	6058089	91260768.00
2011/11/03	7.41	7.55	7.38	7.46	11634230	180210080.00
2011/11/04	7.55	7.55	7.37	7.46	5046145	77948328.00
2011/11/07	7.45	7.47	7.23	7.28	7652291	116553024.00
2011/11/08	7.33	7.37	7.05	7.09	5277823	78992344.00
2011/11/09	7.11	7.25	7.08	7.25	5768716	85812544.00
2011/11/10	7.17	7.18	7.05	7.06	5064920	74805488.00
2011/11/11	7.03	7.27	7.03	7.25	8133880	120894040.00
2011/11/14	7.24	7.28	7.13	7.27	17818939	266109712.00
2011/11/15	7.23	7.36	7.19	7.30	10814307	163506928.00
2011/11/16	7.30	7.34	6.93	7.04	10511950	155303392.00
2011/11/17	7.00	7.05	6.81	6.92	8258275	118299512.00
2011/11/18	6.83	6.88	6.62	6.73	9313631	130278376.00
2011/11/21	6.66	6.74	6.56	6.66	5626169	77908112.00
2011/11/22	6.62	6.73	6.53	6.66	7161902	98754456.00
2011/11/23	6.67	6.70	6.47	6.53	6940500	94614264.00
2011/11/24	6.47	6.55	6.31	6.54	5348178	71684760.00
2011/11/25	6.44	6.64	6.44	6.48	3920353	53501280.00
2011/11/28	6.57	6.60	6.37	6.49	5905307	79553280.00
2011/11/30	6.54	6.66	6.05	6.24	11769141	157720192.00
2011/12/01	6.42	6.69	6.32	6.60	13479692	183169664.00
2011/12/02	6.53	6.67	6.47	6.63	14014071	192608592.00
2011/12/05	6.65	6.73	6.48	6.58	11513199	158585856.00
2011/12/06	6.58	6.61	6.46	6.55	7410595	101190856.00
2011/12/07	6.54	6.63	6.43	6.62	13386516	182819936.00
2011/12/08	6.64	6.73	6.55	6.68	15359462	212673600.00
2011/12/09	6.88	6.88	6.44	6.58	11663447	160033888.00
2011/12/12	6.51	6.57	6.21	6.22	6368066	84337672.00
2011/12/13	6.11	6.13	5.73	5.73	7343442	90304288.00
2011/12/14	5.73	5.77	5.43	5.54	5639652	66108120.00
2011/12/15	5.48	5.48	5.07	5.30	8622935	96141888.00
2011/12/19	5.33	5.39	5.19	5.36	7086852	78998256.00
2011/12/20	5.36	5.88	5.36	5.62	14169152	167984336.00
2011/12/21	5.68	5.70	5.49	5.51	6044991	71158744.00
2011/12/22	5.44	5.57	5.16	5.53	7359628	82773536.00
2011/12/23	5.52	5.97	5.42	5.75	13881483	167863024.00
2011/12/26	5.71	5.87	5.63	5.63	7673476	92258248.00
2011/12/27	5.60	5.63	5.46	5.48	3867000	44917616.00
2011/12/28	5.42	5.61	5.34	5.58	4854536	56284992.00
2011/12/29	5.58	5.66	5.48	5.52	3031331	35383768.00
2011/12/30	5.58	5.70	5.57	5.65	3125040	36924784.00
2012/01/04	5.72	5.77	5.33	5.36	4291116	50071544.00
2012/01/05	5.30	5.33	5.03	5.09	4468072	48841976.00
2012/01/06	4.98	5.20	4.98	5.15	2257708	24230228.00
2012/01/09	5.22	5.41	5.06	5.41	4710482	52614976.00
2012/01/10	5.44	5.82	5.44	5.82	12704350	151770192.00
2012/01/11	5.82	5.94	5.72	5.85	11133182	136140624.00
2012/01/12	5.79	6.12	5.77	5.97	10936926	136997712.00
2012/01/13	5.99	6.05	5.66	5.73	7611739	92224408.00
2012/01/16	5.60	5.81	5.55	5.55	4383569	52132276.00
2012/01/17	5.59	6.06	5.59	6.04	8832586	108860632.00
2012/01/18	6.08	6.35	5.98	6.06	15400275	199073632.00
2012/01/19	6.06	6.16	5.95	6.13	6410526	81685048.00
2012/01/20	6.13	6.34	6.01	6.17	8928488	115181400.00
2012/01/30	6.18	6.20	5.94	5.94	5787935	73128576.00
2012/01/31	5.94	5.98	5.81	5.91	2640528	32544352.00
2012/02/01	5.88	5.95	5.72	5.74	4388126	53313804.00
2012/02/02	5.79	5.86	5.73	5.86	3609160	43860112.00
2012/02/03	5.86	5.86	5.74	5.84	8804851	107178208.00
2012/02/06	5.86	6.02	5.84	5.94	8431743	104670088.00
2012/02/07	5.86	5.92	5.73	5.78	4524038	54873456.00
2012/02/08	5.77	5.99	5.76	5.99	6153164	76066000.00
2012/02/09	6.00	6.13	5.97	6.02	9713193	123052408.00
2012/02/10	6.00	6.20	5.98	6.05	10639006	135821872.00
2012/02/13	5.97	6.07	5.92	6.06	6152312	77168160.00
2012/02/14	6.07	6.30	5.99	6.26	11498769	147328240.00
2012/02/15	6.20	6.33	6.10	6.28	11318992	147362480.00
2012/02/16	6.27	6.35	6.13	6.20	8438635	109925040.00
2012/02/17	6.20	6.26	6.09	6.15	4492460	57819228.00
2012/02/20	6.26	6.35	6.19	6.27	9260162	121218352.00
2012/02/21	6.35	6.55	6.32	6.52	16159537	217321760.00
2012/02/22	6.53	6.72	6.47	6.60	16200567	223320112.00
2012/02/23	6.61	6.66	6.51	6.56	9819376	134687856.00
2012/02/24	6.55	6.95	6.48	6.80	20275767	284563168.00
2012/02/27	6.83	6.98	6.72	6.73	16714192	239387552.00
2012/02/28	6.69	6.80	6.63	6.76	9882911	138281264.00
2012/02/29	6.76	6.76	6.51	6.52	9262686	127446904.00
2012/03/01	6.52	6.64	6.49	6.53	8983897	122508392.00
2012/03/02	6.55	6.71	6.55	6.70	7690399	106206512.00
2012/03/05	6.75	6.85	6.65	6.67	9130228	128168944.00
2012/03/06	6.63	6.64	6.43	6.47	9484973	128523792.00
2012/03/07	6.41	6.80	6.34	6.66	15888802	218418032.00
2012/03/08	6.71	6.82	6.70	6.81	10514611	148114368.00
2012/03/09	6.82	6.85	6.78	6.80	7907114	112020056.00
2012/03/12	6.73	6.88	6.69	6.86	17754985	250712048.00
2012/03/13	6.86	7.03	6.80	7.02	17579000	252896736.00
2012/03/14	7.13	7.13	6.61	6.72	16702493	238221536.00
2012/03/15	6.74	6.77	6.35	6.56	9530019	129893152.00
2012/03/16	6.59	6.78	6.53	6.75	7644547	105766384.00
2012/03/19	6.88	6.88	6.62	6.81	5958065	83507288.00
2012/03/20	6.86	6.86	6.50	6.53	6917042	95556112.00
2012/03/21	6.53	6.61	6.39	6.52	5715716	77501608.00
2012/03/22	6.52	6.66	6.48	6.54	3904856	53497904.00
2012/03/23	6.50	6.55	6.29	6.31	4786180	63716964.00
2012/03/26	6.32	6.40	6.22	6.28	3999620	52517488.00
2012/03/27	6.47	6.47	6.22	6.29	4102226	53974888.00
2012/03/28	6.27	6.27	5.94	5.95	3903925	49601944.00
2012/03/29	5.93	5.93	5.68	5.72	4879470	58856552.00
2012/03/30	5.71	5.86	5.53	5.85	6297596	75157064.00
2012/04/06	6.03	6.22	5.97	6.10	10051518	127975584.00
2012/04/09	6.12	6.30	5.98	6.07	5240222	67219352.00
2012/04/10	6.08	6.21	5.88	6.20	4367455	54996112.00
2012/04/11	6.07	6.25	6.00	6.19	3739071	48010812.00
2012/04/12	6.17	6.30	6.10	6.25	5139145	66700880.00
2012/04/13	6.35	6.45	6.26	6.39	8888333	118198408.00
2012/04/16	6.40	6.52	6.26	6.47	7932084	105885744.00
2012/04/17	6.53	6.53	6.13	6.13	11780738	154678848.00
2012/04/18	6.10	6.29	5.99	6.26	8785471	113154352.00
2012/04/19	6.26	6.37	6.21	6.31	5654670	74452584.00
2012/04/20	6.25	6.38	6.22	6.38	5893605	77766208.00
2012/04/23	6.37	6.70	6.34	6.58	14397261	196767120.00
2012/04/24	6.49	6.78	6.42	6.76	17244855	238172736.00
2012/04/25	6.78	6.85	6.65	6.77	12167511	171327792.00
2012/04/26	6.81	6.83	6.58	6.58	8088123	112294984.00
2012/04/27	6.48	6.48	6.34	6.41	8067647	107668080.00
2012/05/02	6.50	6.65	6.46	6.56	8476746	115895048.00
2012/05/03	6.56	6.58	6.41	6.45	4272085	57623564.00
2012/05/04	6.43	6.47	6.33	6.38	5889468	78247848.00
2012/05/07	6.35	6.43	6.34	6.39	3935681	52363052.00
2012/05/08	6.43	6.47	6.34	6.40	5249542	69962208.00
2012/05/09	6.35	6.35	6.17	6.18	5970891	77671696.00
2012/05/10	6.17	6.28	6.08	6.12	4912919	63210788.00
2012/05/11	6.12	6.20	6.08	6.12	2758698	35445240.00
2012/05/14	6.21	6.26	6.11	6.12	3342206	43149556.00
2012/05/15	6.07	6.15	5.97	6.13	3855500	48601224.00
2012/05/16	6.08	6.12	5.93	5.93	3047830	38342384.00
2012/05/17	5.97	6.11	5.92	6.09	3102129	39232104.00
2012/05/18	6.07	6.08	5.98	6.06	2550377	32169432.00
2012/05/21	6.07	6.36	6.06	6.32	9451776	123405368.00
2012/05/22	6.36	6.65	6.36	6.45	11905723	161300000.00
2012/05/23	6.43	6.67	6.38	6.65	14083984	193073728.00
2012/05/24	6.69	6.78	6.42	6.51	13034224	179457216.00
2012/05/25	6.47	6.72	6.45	6.59	11953575	164926144.00
2012/05/28	6.63	7.26	6.58	7.18	32476467	470424576.00
2012/05/29	7.18	7.29	7.01	7.14	21452560	318915904.00
2012/05/30	7.14	7.42	7.07	7.33	18100415	272781632.00
2012/05/31	7.17	7.30	6.96	7.01	18895804	278329024.00
2012/06/01	7.23	7.32	6.87	7.02	22165008	328650592.00
2012/06/04	6.83	6.96	6.69	6.74	11965159	169235680.00
2012/06/05	6.73	6.86	6.64	6.80	6676115	94011696.00
2012/06/06	6.81	6.87	6.55	6.67	8850333	123769496.00
2012/06/07	6.74	6.75	6.58	6.66	10190570	141103104.00
2012/06/08	6.74	6.90	6.61	6.63	14836804	208518208.00
2012/06/11	6.59	6.67	6.27	6.43	16484453	220533856.00
2012/06/12	6.36	6.45	6.31	6.37	5779354	76741600.00
2012/06/13	6.42	6.56	6.32	6.53	6080855	81867312.00
2012/06/14	6.49	6.51	6.22	6.22	11521431	152259152.00
2012/06/15	6.24	6.29	6.08	6.19	8884199	114277632.00
2012/06/18	6.25	6.46	6.23	6.38	8204001	109140232.00
2012/06/19	6.33	6.48	6.28	6.37	6266591	83769928.00
2012/06/20	6.41	6.45	6.31	6.36	3170089	42093604.00
2012/06/21	6.35	6.37	6.26	6.29	3754061	49428188.00
2012/06/25	6.27	6.27	5.80	5.83	9036419	113253728.00
2012/06/26	5.83	5.83	5.53	5.73	8034420	95560064.00
2012/06/27	5.68	5.77	5.66	5.71	3424996	41038408.00
2012/06/28	5.77	5.80	5.59	5.60	4307251	51484784.00
2012/06/29	5.57	5.69	5.48	5.64	3035762	35573508.00
2012/07/02	5.78	5.84	5.69	5.75	3973808	48103920.00
2012/07/03	5.76	5.89	5.71	5.85	4760051	58136556.00
2012/07/04	5.85	5.90	5.75	5.78	2409498	29224588.00
2012/07/05	5.78	5.80	5.51	5.55	3672956	43181044.00
2012/07/06	5.60	5.70	5.42	5.70	4632266	54288580.00
2012/07/09	5.62	5.62	5.40	5.42	4399603	50647888.00
2012/07/10	5.42	5.42	4.97	5.06	10625363	114009120.00
2012/07/11	5.01	5.37	4.98	5.22	6897266	75618200.00
2012/07/12	5.17	5.32	5.05	5.23	4817621	52511680.00
2012/07/13	5.23	5.39	5.17	5.29	4255520	47524544.00
2012/07/16	5.28	5.30	5.06	5.07	3683895	40041508.00
2012/07/17	5.02	5.17	5.02	5.15	3975885	42620848.00
2012/07/18	5.13	5.18	5.04	5.15	2360861	25298420.00
2012/07/19	5.15	5.38	5.13	5.28	4724975	52765408.00
2012/07/20	5.25	5.34	5.23	5.31	2438616	27114996.00
2012/07/23	5.28	5.28	5.08	5.16	1897198	20627792.00
2012/07/24	5.13	5.24	5.12	5.19	1720073	18779088.00
2012/07/25	5.14	5.20	5.05	5.12	1923659	20720046.00
2012/07/26	5.12	5.19	5.05	5.08	1898253	20485364.00
2012/07/27	5.12	5.13	5.01	5.03	2067865	22026386.00
2012/07/30	5.02	5.15	5.00	5.02	2029047	21731232.00
2012/07/31	5.02	5.05	4.81	4.82	3511110	36122072.00
2012/08/01	4.78	5.15	4.78	4.97	5058696	53475020.00
2012/08/02	4.98	5.03	4.88	4.93	2599364	27147312.00
2012/08/03	4.98	5.06	4.91	5.03	2184035	23028900.00
2012/08/06	5.02	5.20	4.98	5.16	2768880	29770048.00
2012/08/07	5.20	5.20	5.11	5.15	2357051	25538832.00
2012/08/08	5.15	5.21	5.12	5.15	2295949	24953484.00
2012/08/09	5.13	5.19	5.10	5.16	3233254	35067468.00
2012/08/10	5.17	5.19	5.07	5.16	3426843	37004128.00
2012/08/13	5.12	5.14	4.90	4.91	3788464	39933048.00
2012/08/14	4.88	4.97	4.83	4.96	2788496	28888570.00
2012/08/15	4.96	4.98	4.86	4.92	3676546	38041088.00
2012/08/16	4.92	4.94	4.85	4.87	1960790	20275186.00
2012/08/17	4.88	4.90	4.81	4.85	1984846	20279392.00
2012/08/20	4.82	4.87	4.78	4.81	2582609	26248208.00
2012/08/21	4.85	4.91	4.81	4.87	2652198	27307154.00
2012/08/22	4.87	4.89	4.77	4.79	2661577	27085196.00
2012/08/23	4.76	4.85	4.75	4.83	2726374	27684568.00
2012/08/24	4.83	4.83	4.64	4.65	4297644	42980736.00
2012/08/27	4.63	4.64	4.36	4.43	4252494	40548488.00
2012/08/28	4.41	4.53	4.38	4.48	3128017	29604572.00
2012/08/29	4.51	4.53	4.38	4.38	2070041	19505128.00
2012/08/30	4.38	4.41	4.24	4.29	3445586	31511886.00
2012/08/31	4.35	4.35	4.27	4.30	1520872	13936517.00
2012/09/03	4.29	4.49	4.29	4.47	4032642	37846632.00
2012/09/04	4.50	4.67	4.47	4.51	8097867	78267064.00
2012/09/05	4.44	4.50	4.41	4.46	3314606	31318940.00
2012/09/06	4.55	4.61	4.47	4.53	4329760	41549068.00
2012/09/07	4.72	5.01	4.72	5.01	18371401	190567680.00
2012/09/10	5.22	5.42	5.12	5.14	28956421	320135264.00
2012/09/11	5.02	5.03	4.90	4.96	9187432	96124096.00
2012/09/12	5.04	5.25	4.95	5.20	10360159	110959952.00
2012/09/13	5.18	5.18	4.93	4.95	6952803	74331912.00
2012/09/14	5.03	5.22	4.96	5.06	11942866	128248752.00
2012/09/17	5.03	5.12	4.88	4.90	7111924	74711928.00
2012/09/18	4.93	4.93	4.73	4.76	4060218	39937600.00
2012/09/19	4.78	4.86	4.75	4.85	3166708	31089796.00
2012/09/20	4.88	4.88	4.62	4.63	4135438	40168676.00
2012/09/21	4.65	4.75	4.60	4.63	3323140	31719652.00
2012/09/24	4.61	4.86	4.55	4.78	7716379	74904432.00
2012/09/25	4.75	4.89	4.73	4.75	5099971	50144560.00
2012/09/26	4.71	4.75	4.61	4.66	3318565	31721956.00
2012/09/27	4.65	4.87	4.64	4.82	4909413	47781372.00
2012/09/28	4.78	5.01	4.75	5.00	6638141	66564208.00
2012/10/08	4.95	5.10	4.90	4.95	4234679	43031900.00
2012/10/09	4.96	5.15	4.96	5.12	5197829	53763128.00
2012/10/10	5.03	5.03	4.90	5.00	9297593	94020896.00
2012/10/11	4.95	5.07	4.90	4.92	4555087	46242088.00
2012/10/12	4.90	5.01	4.74	4.88	8378054	83490656.00
2012/10/15	4.88	4.89	4.77	4.82	3065223	30157360.00
2012/10/16	4.83	4.89	4.77	4.80	2838135	27906616.00
2012/10/17	4.83	4.85	4.74	4.80	2211630	21625914.00
2012/10/18	4.81	4.92	4.78	4.90	6039231	59939496.00
2012/10/19	4.90	5.00	4.89	4.93	4477773	45129880.00
2012/10/22	4.89	4.99	4.83	4.96	2945706	29430476.00
2012/10/23	4.96	4.99	4.83	4.85	2791984	27897388.00
2012/10/24	4.83	4.95	4.80	4.84	2458553	24389696.00
2012/10/25	4.81	4.91	4.74	4.75	3029698	29769208.00
2012/10/26	4.75	4.75	4.54	4.54	4772100	44922344.00
2012/10/29	4.51	4.55	4.46	4.49	2000045	18430026.00
2012/10/30	4.49	4.57	4.48	4.50	1902954	17560500.00
2012/10/31	4.49	4.53	4.45	4.52	1695586	15574599.00
2012/11/01	4.51	4.69	4.49	4.62	3641091	34294956.00
2012/11/02	4.63	4.68	4.60	4.66	3210404	30442408.00
2012/11/05	4.66	4.72	4.63	4.70	2303052	21972144.00
2012/11/06	4.69	4.72	4.53	4.63	2659586	24947408.00
2012/11/07	4.64	4.66	4.55	4.58	2569134	24006612.00
2012/11/08	4.55	4.55	4.42	4.43	3707029	33905788.00
2012/11/09	4.43	4.47	4.40	4.41	3356059	30417380.00
2012/11/12	4.40	4.45	4.27	4.33	4909602	43598620.00
2012/11/13	4.34	4.35	4.12	4.17	4491329	38738228.00
2012/11/14	4.16	4.20	4.08	4.18	2320670	19675884.00
2012/11/15	4.13	4.25	4.08	4.10	3657526	31121564.00
2012/11/16	4.08	4.10	4.02	4.07	2117158	17590086.00
2012/11/19	4.07	4.12	4.01	4.11	2020071	16858384.00
2012/11/20	4.15	4.17	4.09	4.09	2040318	17233222.00
2012/11/21	4.06	4.15	4.05	4.15	2291333	19313188.00
2012/11/22	4.15	4.18	4.10	4.14	2937615	24944888.00
2012/11/23	4.14	4.20	4.11	4.17	1553303	13247087.00
2012/11/26	4.18	4.18	4.06	4.07	1183851	9940939.00
2012/11/27	4.04	4.08	3.76	3.78	3466848	27652112.00
2012/11/28	3.76	3.79	3.69	3.70	2943902	22537418.00
2012/11/29	3.70	3.76	3.67	3.69	2527321	19280572.00
2012/11/30	3.74	3.87	3.74	3.83	3911261	30530366.00
2012/12/03	3.79	3.91	3.78	3.79	4335894	34241196.00
2012/12/04	3.80	4.04	3.76	4.04	6126225	49096672.00
2012/12/05	3.99	4.45	3.96	4.39	15929446	141274864.00
2012/12/06	4.34	4.45	4.32	4.38	9877083	88510320.00
2012/12/07	4.37	4.65	4.32	4.50	11288979	104154992.00
2012/12/10	4.49	4.53	4.41	4.43	16237757	147509280.00
2012/12/11	4.34	4.41	4.26	4.29	12051337	106469216.00
2012/12/12	4.31	4.45	4.31	4.37	9408053	84291992.00
2012/12/13	4.31	4.44	4.25	4.33	6773091	59967176.00
2012/12/14	4.29	4.65	4.29	4.59	17875867	165526240.00
2012/12/17	4.62	4.98	4.56	4.90	25563133	248348384.00
2012/12/20	4.82	5.15	4.75	4.98	22536841	229404816.00
2012/12/21	4.97	4.98	4.70	4.76	21425637	210468000.00
2012/12/24	4.67	4.80	4.64	4.75	11539141	110882152.00
2012/12/25	4.68	5.02	4.62	4.89	17822951	175850864.00
2012/12/26	4.85	4.91	4.77	4.83	12967235	127963488.00
2012/12/27	4.81	4.87	4.63	4.65	13574725	131027648.00
2012/12/28	4.65	4.72	4.58	4.70	9505859	90290096.00
2012/12/31	4.69	4.94	4.66	4.85	13657715	134221920.00
2013/01/04	4.90	4.94	4.73	4.82	10709149	105921760.00
2013/01/07	4.82	5.05	4.77	4.93	11263744	113766912.00
2013/01/08	4.98	4.98	4.83	4.92	8538173	85435096.00
2013/01/09	4.91	4.97	4.85	4.93	9498741	95020424.00
2013/01/10	4.91	5.01	4.86	4.95	12862043	129534568.00
2013/01/11	4.95	4.95	4.73	4.75	8627459	85079616.00
2013/01/14	4.68	4.89	4.64	4.87	9494364	92759952.00
2013/01/15	4.86	5.01	4.84	4.98	12562124	126022480.00
2013/01/16	4.95	4.97	4.82	4.89	8637342	86005400.00
2013/01/17	4.88	4.89	4.78	4.79	4942945	48768876.00
2013/01/18	4.80	4.90	4.76	4.89	5947925	58830364.00
2013/01/21	4.89	5.00	4.89	4.97	10408116	105097304.00
2013/01/22	4.95	5.09	4.91	4.92	15845184	161810544.00
2013/01/23	4.83	4.84	4.70	4.76	10829188	105034168.00
2013/01/24	4.76	5.24	4.71	5.24	51598909	532849504.00
2013/01/25	5.12	5.26	4.97	5.05	35422980	369591584.00
2013/01/28	5.02	5.41	5.02	5.32	39185359	415315840.00
2013/01/29	5.30	5.50	5.25	5.34	20666330	225701712.00
2013/01/30	5.31	5.44	5.23	5.36	11892454	129272840.00
2013/01/31	5.37	5.39	5.15	5.18	9887073	105038640.00
2013/02/01	5.18	5.36	5.16	5.31	9890917	106497664.00
2013/02/04	5.35	5.60	5.29	5.31	14167390	156354048.00
2013/02/05	5.27	5.37	5.21	5.34	10483222	113136040.00
2013/02/06	5.34	5.37	5.27	5.34	6497315	70464240.00
2013/02/07	5.33	5.35	5.18	5.25	8486470	90708944.00
2013/02/08	5.24	5.47	5.22	5.43	12590915	138058848.00
2013/02/18	5.43	5.69	5.42	5.50	15740926	178458992.00
2013/02/19	5.50	5.52	5.18	5.25	16455267	176579520.00
2013/02/20	5.23	5.36	5.20	5.33	11983931	128684752.00
2013/02/21	5.26	5.26	4.91	5.06	13330076	138441104.00
2013/02/22	5.05	5.05	4.88	4.89	11659798	117186920.00
2013/02/25	4.90	4.98	4.85	4.94	8006754	80287568.00
2013/02/26	4.90	4.93	4.79	4.80	7298917	72477664.00
2013/02/27	4.80	4.87	4.74	4.83	9497190	92830264.00
2013/02/28	4.84	5.05	4.83	5.00	11195811	113246520.00
2013/03/01	5.00	5.03	4.89	4.99	7722713	77870000.00
2013/03/04	4.65	4.86	4.48	4.52	13995359	130836944.00
2013/03/05	4.51	4.57	4.44	4.56	7888015	72548984.00
2013/03/06	4.51	4.59	4.50	4.58	7325508	68157536.00
2013/03/07	4.57	4.64	4.52	4.59	6075317	56886636.00
2013/03/08	4.59	4.63	4.55	4.56	4790186	44854772.00
2013/03/11	4.54	4.57	4.44	4.51	3450643	31703576.00
2013/03/12	4.51	4.61	4.39	4.45	6080784	55726056.00
2013/03/13	4.47	4.47	4.30	4.32	5324891	47342724.00
2013/03/14	4.35	4.38	4.28	4.34	3687709	32714392.00
2013/03/15	4.34	4.43	4.25	4.33	4955440	44083016.00
2013/03/18	4.33	4.42	4.30	4.30	3301359	29341304.00
2013/03/19	4.32	4.45	4.31	4.44	5550220	49922512.00
2013/03/20	4.45	4.61	4.44	4.57	7622277	70690032.00
2013/03/21	4.60	4.60	4.54	4.56	4802550	44765772.00
2013/03/22	4.59	4.64	4.55	4.59	4549509	42730496.00
2013/03/25	4.58	4.63	4.55	4.59	3799166	35614504.00
2013/03/26	4.59	4.62	4.46	4.53	4003136	37012192.00
2013/03/27	4.50	4.62	4.50	4.61	5757192	53636864.00
2013/03/28	4.60	4.60	4.38	4.39	4962775	45222040.00
2013/03/29	4.41	4.46	4.37	4.42	2797930	25286474.00
2013/04/01	4.40	4.48	4.35	4.41	2626781	23800792.00
2013/04/02	4.40	4.54	4.36	4.48	4954958	45305528.00
2013/04/03	4.50	4.53	4.42	4.48	2509678	22871368.00
2013/04/08	4.44	4.48	4.35	4.48	5288344	47709244.00
2013/04/09	4.50	4.71	4.48	4.70	12572207	119038832.00
2013/04/10	4.70	4.98	4.70	4.94	23715529	233797360.00
2013/04/11	4.89	5.02	4.75	4.96	31300960	311512096.00
2013/04/12	4.89	4.95	4.83	4.86	11583639	115466720.00
2013/04/15	4.88	4.96	4.75	4.91	17912575	178155280.00
2013/04/16	4.80	5.05	4.78	4.86	17426131	174818064.00
2013/04/17	4.81	4.84	4.64	4.72	15396492	149016384.00
2013/04/18	4.67	4.77	4.64	4.74	7354932	70663304.00
2013/04/19	4.74	4.94	4.71	4.93	14813363	146359296.00
2013/04/22	5.04	5.09	4.84	4.85	15600137	156942288.00
2013/04/23	4.85	4.85	4.60	4.63	12935092	124181704.00
2013/04/24	4.62	4.70	4.54	4.70	8730434	82444816.00
2013/04/25	4.68	4.70	4.54	4.55	8545267	80395000.00
2013/04/26	4.56	4.62	4.46	4.48	5382576	49670576.00
2013/05/02	4.40	4.50	4.35	4.46	4295427	38884764.00
2013/05/03	4.48	4.57	4.44	4.45	6436394	59273652.00
2013/05/06	4.45	4.54	4.44	4.52	4403094	40474076.00
2013/05/07	4.50	4.59	4.48	4.59	5063778	47031320.00
2013/05/08	4.60	4.63	4.55	4.55	7271598	67997648.00
2013/05/09	4.55	4.62	4.45	4.60	9923373	91489224.00
2013/05/10	4.60	4.60	4.49	4.54	5378578	49899100.00
2013/05/13	4.55	4.57	4.43	4.46	5577142	51087080.00
2013/05/14	4.47	4.49	4.40	4.42	4518562	40858364.00
2013/05/15	4.39	4.45	4.35	4.44	4857766	43628308.00
2013/05/16	4.42	4.53	4.39	4.53	6365981	58205164.00
2013/05/17	4.54	4.59	4.50	4.58	8597249	80076592.00
2013/05/20	4.60	4.62	4.53	4.60	7432716	69543128.00
2013/05/21	4.60	4.74	4.59	4.71	11793128	112754376.00
2013/05/22	4.69	4.89	4.68	4.76	13530350	132103264.00
2013/05/23	4.73	4.79	4.66	4.66	7819140	75452032.00
2013/05/24	4.66	4.75	4.62	4.74	6376516	60821092.00
2013/05/27	4.73	4.92	4.71	4.92	15490231	153504896.00
2013/05/28	4.94	4.96	4.82	4.91	11878475	118336392.00
2013/05/29	4.91	4.98	4.85	4.92	10432440	104299960.00
2013/05/30	4.89	4.98	4.86	4.87	8007439	80311408.00
2013/05/31	4.87	4.92	4.80	4.82	7652657	76026016.00
2013/06/03	4.82	4.91	4.78	4.83	7918006	78227544.00
2013/06/04	4.84	5.02	4.65	4.72	16083244	79042120.00
2013/06/05	4.64	4.73	4.53	4.60	13689752	63688016.00
2013/06/06	4.60	4.60	4.39	4.40	12983328	58791616.00
2013/06/07	4.43	4.50	4.30	4.34	10011173	44505356.00
2013/06/13	4.32	4.32	3.99	4.04	12482519	51542688.00
2013/06/14	4.10	4.17	4.05	4.13	8920380	37150192.00
2013/06/17	4.14	4.16	4.03	4.05	8995712	36955732.00
2013/06/18	4.04	4.11	4.02	4.10	6393376	26260532.00
2013/06/19	4.06	4.12	4.00	4.12	7229284	29598152.00
2013/06/20	4.09	4.10	4.00	4.01	6178782	25321068.00
2013/06/21	3.95	3.98	3.81	3.96	9108598	36045764.00
2013/06/24	3.93	3.96	3.61	3.66	12119070	46235348.00
2013/06/25	3.63	3.66	3.29	3.56	13164245	46311752.00
2013/06/26	3.57	3.66	3.50	3.60	7871329	28518056.00
2013/06/27	3.65	3.84	3.60	3.64	13238337	49674248.00
2013/06/28	3.65	3.78	3.55	3.75	9536665	35833260.00
2013/07/01	3.73	3.80	3.68	3.80	5064217	19241008.00
2013/07/02	3.80	3.83	3.71	3.82	8183400	31201248.00
2013/07/03	3.78	3.80	3.67	3.71	8018271	30227360.00
2013/07/04	3.67	3.77	3.63	3.75	9547369	35983904.00
2013/07/05	3.75	3.82	3.73	3.81	6806238	26139288.00
2013/07/08	3.78	3.78	3.67	3.68	6433183	24165744.00
2013/07/09	3.69	3.75	3.66	3.70	5073944	19000616.00
2013/07/10	3.73	3.75	3.62	3.74	8888386	33258684.00
2013/07/11	3.75	4.00	3.65	3.92	16873370	66012724.00
2013/07/12	3.85	3.98	3.83	3.86	10370090	40919548.00
2013/07/15	3.77	3.85	3.75	3.80	13118797	50617616.00
2013/07/16	3.80	3.80	3.65	3.75	11389941	42795748.00
2013/07/17	3.75	3.84	3.70	3.79	9470457	36346572.00
2013/07/18	3.78	3.78	3.68	3.71	6774022	25443506.00
2013/07/19	3.71	3.73	3.57	3.57	7148766	26473704.00
2013/07/22	3.60	3.60	3.45	3.56	7045205	25049484.00
2013/07/23	3.52	3.62	3.52	3.60	5661379	20595914.00
2013/07/24	3.60	3.60	3.47	3.51	6359139	22673800.00
2013/07/25	3.53	3.61	3.52	3.55	8185406	29623550.00
2013/07/26	3.53	3.58	3.47	3.53	5060248	18074752.00
2013/07/29	3.49	3.50	3.37	3.38	6509666	22600144.00
2013/07/30	3.36	3.43	3.30	3.38	5305119	18167572.00
2013/07/31	3.41	3.43	3.33	3.37	5912559	20326556.00
2013/08/01	3.38	3.42	3.38	3.42	5494680	18990286.00
2013/08/02	3.43	3.46	3.40	3.43	6218938	21677576.00
2013/08/05	3.43	3.45	3.38	3.45	5123172	17765414.00
2013/08/06	3.43	3.56	3.40	3.51	8635753	30512984.00
2013/08/07	3.51	3.59	3.48	3.53	8481555	30475960.00
2013/08/08	3.53	3.54	3.48	3.50	4889316	17381536.00
2013/08/09	3.50	3.58	3.46	3.55	6443718	22967632.00
2013/08/12	3.55	3.65	3.54	3.64	10493931	38430384.00
2013/08/13	3.67	4.01	3.67	4.01	45742501	183760912.00
2013/08/14	4.00	4.07	3.91	3.98	34936209	141120208.00
2013/08/15	3.93	4.12	3.90	3.97	19968888	81137296.00
2013/08/16	3.95	4.05	3.85	3.88	17455312	69924624.00
2013/08/19	3.85	3.97	3.82	3.93	13045551	51627612.00
2013/08/20	3.95	4.00	3.85	3.91	12463995	49635808.00
2013/08/21	3.88	3.93	3.84	3.93	7471679	29414954.00
2013/08/22	3.89	3.99	3.88	3.94	9453037	37881752.00
2013/08/23	3.95	3.98	3.79	3.88	10233921	40235392.00
2013/08/26	3.85	3.95	3.79	3.91	9443940	36944920.00
2013/08/27	3.93	3.93	3.83	3.88	9124219	35763376.00
2013/08/28	3.87	3.90	3.79	3.84	10080116	39305132.00
2013/08/29	3.88	3.90	3.82	3.89	9161372	35896728.00
2013/08/30	3.90	4.15	3.89	4.10	29882454	122870120.00
2013/09/02	4.13	4.16	4.01	4.04	14106436	58006896.00
2013/09/03	4.04	4.08	3.99	4.07	11418912	46685648.00
2013/09/04	4.10	4.48	4.06	4.48	35356560	154516960.00
2013/09/05	4.65	4.85	4.40	4.44	66032911	307990016.00
2013/09/06	4.31	4.42	4.16	4.32	26657829	115255312.00
2013/09/09	4.35	4.41	4.26	4.29	18191513	79291800.00
2013/09/10	4.23	4.54	4.23	4.42	25498483	112254744.00
2013/09/11	4.33	4.69	4.33	4.57	37109457	169668848.00
2013/09/12	4.51	4.57	4.40	4.48	16245042	73502792.00
2013/09/13	4.48	4.63	4.42	4.52	19009083	86963880.00
2013/09/16	4.52	4.62	4.35	4.39	13672895	61661392.00
2013/09/17	4.36	4.75	4.36	4.52	29258006	135701248.00
2013/09/18	4.52	4.60	4.44	4.57	14038128	64192544.00
2013/09/23	4.57	4.75	4.55	4.63	18050738	84717584.00
2013/09/24	4.63	4.63	4.47	4.60	11958969	54867456.00
2013/09/25	4.61	4.62	4.40	4.42	18081330	81872784.00
2013/09/26	4.42	4.44	4.13	4.14	13745295	58946824.00
2013/09/27	4.15	4.20	4.06	4.16	8711034	36294680.00
2013/09/30	4.15	4.20	4.13	4.14	5399614	22706294.00
2013/10/08	4.12	4.23	4.09	4.20	6175577	26115084.00
2013/10/09	4.20	4.27	4.16	4.23	6994365	29894924.00
2013/10/10	4.20	4.23	4.14	4.15	7172712	30368942.00
2013/10/11	4.16	4.26	4.15	4.17	8668038	36696328.00
2013/10/14	4.18	4.19	4.12	4.16	8673728	36518252.00
2013/10/15	4.16	4.16	4.09	4.13	8722566	36351172.00
2013/10/16	4.13	4.27	4.09	4.18	13839853	58803036.00
2013/10/17	4.18	4.22	4.11	4.13	8301805	34972108.00
2013/10/18	4.13	4.16	4.08	4.10	5845114	24299044.00
2013/10/21	4.09	4.15	4.07	4.13	7459611	31000264.00
2013/10/22	4.13	4.16	4.10	4.14	7407461	30969640.00
2013/10/23	4.15	4.17	4.04	4.05	7265877	30128072.00
2013/10/24	4.03	4.07	3.96	3.97	6102890	24759746.00
2013/10/25	3.96	3.96	3.74	3.78	11684311	45293140.00
2013/10/28	3.79	3.81	3.69	3.72	4634887	17509994.00
2013/10/29	3.72	3.78	3.48	3.63	7580121	27860814.00
2013/10/30	3.62	3.77	3.57	3.75	5377479	20061508.00
2013/10/31	3.75	3.88	3.75	3.78	6324783	24441338.00
2013/11/01	3.76	3.78	3.70	3.72	3507242	13268896.00
2013/11/04	3.71	3.79	3.71	3.77	3274977	12466050.00
2013/11/05	3.77	3.80	3.70	3.75	4175402	15881678.00
2013/11/06	3.77	3.94	3.71	3.82	11413668	44052304.00
2013/11/07	3.76	3.84	3.72	3.75	5655375	21547696.00
2013/11/08	3.75	3.76	3.67	3.68	3923567	14793761.00
2013/11/11	3.68	3.72	3.64	3.70	2552109	9538975.00
2013/11/12	3.70	3.72	3.66	3.69	3302963	12348119.00
2013/11/13	3.69	3.69	3.60	3.60	4045781	14921193.00
2013/11/14	3.64	3.67	3.58	3.64	3053145	11236490.00
2013/11/15	3.64	3.77	3.63	3.72	5147791	19417782.00
2013/11/18	3.80	3.87	3.76	3.82	12255803	47394480.00
2013/11/19	4.03	4.21	4.02	4.21	29497035	124845088.00
2013/11/20	4.33	4.34	4.11	4.23	35603786	152237904.00
2013/11/21	4.15	4.31	4.10	4.27	25517854	108893640.00
2013/11/22	4.26	4.28	4.11	4.14	15287887	64697184.00
2013/11/25	4.10	4.18	4.07	4.08	10946840	45683756.00
2013/11/26	4.09	4.17	4.08	4.14	8831553	36901032.00
2013/11/27	4.13	4.16	4.08	4.15	7419344	30965940.00
2013/11/28	4.16	4.28	4.11	4.20	18983978	80802192.00
2013/11/29	4.20	4.20	4.13	4.15	9830697	41349296.00
2013/12/02	4.07	4.14	3.92	3.93	13072616	53037396.00
2013/12/03	3.93	4.10	3.91	4.08	10366734	42580740.00
2013/12/04	4.09	4.18	4.06	4.09	12419537	51767360.00
2013/12/05	4.07	4.15	4.05	4.14	7183332	29849728.00
2013/12/06	4.14	4.15	4.08	4.12	6005579	24967552.00
2013/12/09	4.15	4.18	4.10	4.12	5919010	24721744.00
2013/12/10	4.12	4.14	4.07	4.08	6187045	25684458.00
2013/12/11	4.09	4.09	3.95	3.98	8195803	33242560.00
2013/12/12	3.96	4.00	3.95	3.98	5707222	22953676.00
2013/12/13	3.98	3.98	3.91	3.94	5746950	22940296.00
2013/12/16	4.00	4.01	3.90	3.91	6523574	26113376.00
2013/12/17	3.91	3.94	3.83	3.88	3890845	15276277.00
2013/12/18	3.88	3.94	3.86	3.91	2580263	10195250.00
2013/12/19	3.94	3.96	3.84	3.85	3354775	13321065.00
2013/12/20	3.85	3.88	3.77	3.78	3455001	13305426.00
2013/12/23	3.81	3.82	3.71	3.74	2584012	9802238.00
2013/12/24	3.76	3.79	3.66	3.71	2679576	10151314.00
2013/12/25	3.70	3.76	3.66	3.75	2808197	10612580.00
2013/12/26	3.75	3.75	3.67	3.69	3297518	12349194.00
2013/12/27	3.68	3.76	3.66	3.71	2484614	9384416.00
2013/12/30	3.73	3.77	3.71	3.71	2047759	7748106.00
2013/12/31	3.71	3.81	3.71	3.79	2863843	10947294.00
2014/01/02	3.81	3.81	3.75	3.76	3470815	13260887.00
2014/01/03	3.75	3.75	3.64	3.66	4647496	17314258.00
2014/01/06	3.66	3.67	3.56	3.57	3033847	11018100.00
2014/01/07	3.56	3.61	3.54	3.58	2057079	7453991.00
2014/01/08	3.57	3.61	3.50	3.52	3808685	13682278.00
2014/01/09	3.53	3.55	3.45	3.45	2912762	10365314.00
2014/01/10	3.45	3.47	3.38	3.40	3070570	10649522.00
2014/01/13	3.44	3.44	3.34	3.37	2257338	7726710.00
2014/01/14	3.37	3.46	3.35	3.46	3413000	11856045.00
2014/01/15	3.48	3.53	3.46	3.51	2541164	9023532.00
2014/01/16	3.51	3.55	3.48	3.53	2252636	8061141.00
2014/01/17	3.50	3.57	3.48	3.57	3312455	11864549.00
2014/01/20	3.62	3.62	3.50	3.52	3707870	13401150.00
2014/01/21	3.50	3.66	3.50	3.65	3225055	11751701.00
2014/01/22	3.67	3.74	3.63	3.70	4809322	18054888.00
2014/01/23	3.70	3.73	3.68	3.69	3836791	14400801.00
2014/01/24	3.69	3.75	3.67	3.71	3588340	13539741.00
2014/01/27	3.69	3.72	3.66	3.69	5211442	19507360.00
2014/01/28	3.69	3.71	3.66	3.66	3144673	11721585.00
2014/01/29	3.67	3.72	3.67	3.71	2660135	9985850.00
2014/01/30	3.71	3.71	3.66	3.68	2725024	10152181.00
2014/02/07	3.68	3.74	3.63	3.72	2988546	11251350.00
2014/02/10	3.73	3.81	3.72	3.81	4421132	16954066.00
2014/02/11	3.79	3.84	3.78	3.82	5369346	20745202.00
2014/02/12	3.83	4.10	3.83	3.96	11747170	47236000.00
2014/02/13	4.15	4.20	3.97	4.01	17920653	73824224.00
2014/02/14	3.96	4.00	3.86	3.94	12082661	47901988.00
2014/02/17	3.94	3.97	3.90	3.93	7710838	30691162.00
2014/02/18	3.94	3.95	3.87	3.88	6562095	25898712.00
2014/02/19	3.88	3.94	3.86	3.93	7394372	29285866.00
2014/02/20	3.94	3.95	3.85	3.86	6016661	23693756.00
2014/02/21	3.84	3.87	3.75	3.76	5693829	21866136.00
2014/02/24	3.75	3.75	3.68	3.70	5258550	19716046.00
2014/02/25	3.71	3.73	3.55	3.58	6476502	24022878.00
2014/02/26	3.53	3.66	3.53	3.64	3913440	14367765.00
2014/02/27	3.64	3.68	3.58	3.62	4739770	17482022.00
2014/02/28	3.61	3.67	3.57	3.66	3846081	14102114.00
2014/03/03	3.69	3.72	3.63	3.71	3811524	14275035.00
2014/03/04	3.71	3.71	3.66	3.67	3299872	12303188.00
2014/03/05	3.67	3.73	3.66	3.69	3940898	14774276.00
2014/03/06	3.69	3.78	3.69	3.75	6638105	25154228.00
2014/03/07	3.74	3.78	3.68	3.69	2942272	11105919.00
2014/03/10	3.66	3.69	3.56	3.57	3863325	14159747.00
2014/03/11	3.56	3.64	3.55	3.58	2729375	9931335.00
2014/03/12	3.58	3.61	3.57	3.61	2453436	8938167.00
2014/03/13	3.61	3.66	3.58	3.65	3429554	12621306.00
2014/03/14	3.66	3.66	3.59	3.62	2883676	10598119.00
2014/03/17	3.65	3.72	3.65	3.70	3924902	14699067.00
2014/03/18	3.69	3.72	3.68	3.70	2813844	10554686.00
2014/03/19	3.70	3.76	3.66	3.75	4411917	16633863.00
2014/03/20	3.72	3.77	3.67	3.68	3679398	13909908.00
2014/03/21	3.66	3.83	3.66	3.79	7085306	26795598.00
2014/03/24	3.79	3.85	3.76	3.84	6188675	23927128.00
2014/03/25	3.84	3.90	3.79	3.80	5881585	22900148.00
2014/03/26	3.80	3.83	3.78	3.78	2792807	10750029.00
2014/03/27	3.78	3.83	3.77	3.80	4393313	16895540.00
2014/03/28	3.82	3.87	3.80	3.81	5910608	22965778.00
2014/03/31	3.81	4.09	3.80	3.98	16234497	65056248.00
2014/04/01	3.91	4.01	3.91	3.96	8776762	35151484.00
2014/04/02	3.93	4.06	3.93	3.99	12286315	49704320.00
2014/04/03	3.99	4.05	3.87	3.88	8999722	35930660.00
2014/04/04	3.87	3.90	3.83	3.85	4998399	19483924.00
2014/04/08	3.85	3.98	3.82	3.95	6509199	25722444.00
2014/04/09	3.93	3.99	3.93	3.96	4960796	19865190.00
2014/04/10	3.96	4.04	3.95	4.01	10637319	43114268.00
2014/04/11	3.99	4.02	3.93	3.94	6799779	27367330.00
2014/04/14	3.92	4.34	3.92	4.34	39329189	167375920.00
2014/04/15	4.35	4.49	4.17	4.22	55234246	244143088.00
2014/04/16	4.15	4.65	4.09	4.65	78268858	355339744.00
2014/04/17	4.75	4.75	4.52	4.53	51895454	242939968.00
2014/04/18	4.48	4.65	4.46	4.54	29139695	134376096.00
2014/04/21	4.55	4.70	4.47	4.52	36757274	170754144.00
2014/04/22	4.42	4.49	4.22	4.48	28568924	126225888.00
2014/04/23	4.41	4.47	4.27	4.34	17851675	78535128.00
2014/04/24	4.30	4.40	4.24	4.27	16577881	72230616.00
2014/04/25	4.31	4.33	4.04	4.06	17495808	74187640.00
2014/04/28	4.05	4.18	3.95	4.12	17096289	70344272.00
2014/04/29	4.12	4.54	4.08	4.54	39065975	172016288.00
2014/04/30	4.49	4.63	4.38	4.49	41147570	187920752.00
2014/05/05	4.47	4.60	4.42	4.48	28340231	129267664.00
2014/05/06	4.50	4.93	4.45	4.93	63881705	305731392.00
2014/05/07	4.95	5.03	4.81	4.92	68402499	340393472.00
2014/05/08	4.96	5.33	4.72	4.76	73381073	375146400.00
2014/05/09	4.71	5.24	4.64	5.24	91643426	466726752.00
2014/05/12	5.15	5.59	5.10	5.38	105071057	563801664.00
2014/05/13	5.31	5.64	5.25	5.56	86955288	477869760.00
2014/05/14	5.46	5.57	5.35	5.38	49979736	274128800.00
2014/05/15	5.34	5.63	5.19	5.40	61279646	334791040.00
2014/05/16	5.30	5.36	4.95	5.19	47390112	246146032.00
2014/05/19	5.15	5.15	4.87	4.97	34558738	173900400.00
2014/05/20	5.03	5.15	4.92	5.07	34436517	175566896.00
2014/05/21	5.03	5.33	4.99	5.22	39937149	208896672.00
2014/05/22	5.18	5.27	4.92	4.97	37739330	194082432.00
2014/05/23	5.00	5.22	4.91	5.05	37444408	192290496.00
2014/05/26	5.13	5.45	5.06	5.38	56182952	301288832.00
2014/05/27	5.45	5.92	5.32	5.88	111926151	642164544.00
2014/05/28	5.70	5.99	5.59	5.72	92767433	537020160.00
2014/05/29	5.71	6.01	5.63	5.76	81555356	481746528.00
2014/05/30	5.73	6.05	5.30	5.52	90526046	519427744.00
2014/06/03	5.53	5.69	5.32	5.48	44353282	245510752.00
2014/06/04	5.48	5.48	5.31	5.42	27148128	147640208.00
2014/06/05	5.35	5.65	5.35	5.58	38620611	215862464.00
2014/06/06	5.55	5.59	5.38	5.45	30141061	166020288.00
2014/06/09	5.42	5.54	5.15	5.23	33159545	178098112.00
2014/06/10	5.23	5.41	5.13	5.34	30388899	162153200.00
2014/06/11	5.37	5.38	5.21	5.33	22129131	118391808.00
2014/06/12	5.30	5.74	5.17	5.53	52950153	291764608.00
2014/06/13	5.48	5.56	5.38	5.44	31614539	174248640.00
2014/06/16	5.43	5.46	5.33	5.39	22609941	122818032.00
2014/06/17	5.40	5.40	5.25	5.25	21655090	116002672.00
2014/06/18	5.25	5.35	5.17	5.21	17299478	91802448.00
2014/06/19	5.25	5.25	4.72	4.79	32431730	160092976.00
2014/06/20	4.77	4.88	4.69	4.86	17119449	82061424.00
2014/06/23	4.90	4.92	4.78	4.81	15008826	72838208.00
2014/06/24	4.81	4.92	4.68	4.85	16419778	79331136.00
2014/06/25	4.85	4.90	4.72	4.81	13690697	65689936.00
2014/06/26	4.79	4.89	4.75	4.81	18515167	89268536.00
2014/06/27	4.85	4.86	4.75	4.77	18222235	87370320.00
2014/06/30	4.75	4.78	4.65	4.71	21150094	99246224.00
2014/07/01	4.71	4.77	4.67	4.77	16311155	77077440.00
2014/07/02	4.82	5.07	4.79	4.97	41708724	206330352.00
2014/07/03	4.91	5.02	4.87	4.94	17931427	88872752.00
2014/07/04	4.94	4.99	4.85	4.88	16548187	80986712.00
2014/07/07	4.86	4.87	4.76	4.78	12921237	62045272.00
2014/07/08	4.76	4.79	4.67	4.78	11720020	55460408.00
2014/07/09	4.77	4.82	4.53	4.59	17785480	83493584.00
2014/07/10	4.58	4.66	4.52	4.55	11935147	54671832.00
2014/07/11	4.40	4.58	4.32	4.50	23937344	105917712.00
2014/07/14	4.46	4.55	4.42	4.53	14342360	64506216.00
2014/07/15	4.51	4.54	4.46	4.50	9840889	44289712.00
2014/07/16	4.50	4.95	4.49	4.95	46278306	220529424.00
2014/07/17	5.00	5.25	4.81	5.11	57708772	290101536.00
2014/07/18	5.09	5.50	4.98	5.17	58629288	307549632.00
2014/07/21	5.10	5.17	5.00	5.13	28724119	145605872.00
2014/07/22	5.08	5.29	5.02	5.20	29980389	155169312.00
2014/07/23	5.23	5.39	5.05	5.19	33880635	174882672.00
2014/07/24	5.17	5.20	5.05	5.12	20640918	105563240.00
2014/07/25	5.12	5.29	5.06	5.28	35109417	182812976.00
2014/07/28	5.28	5.43	5.20	5.36	43861328	232792864.00
2014/07/29	5.30	5.37	5.21	5.27	32732812	173029424.00
2014/07/30	5.24	5.42	5.18	5.25	36562430	193552224.00
2014/07/31	5.20	5.29	5.15	5.24	19904907	103951232.00
2014/08/01	5.23	5.25	5.08	5.11	23065949	119040656.00
2014/08/04	5.08	5.20	5.07	5.19	17002913	87516840.00
2014/08/05	5.20	5.65	5.13	5.50	67735489	367427616.00
2014/08/06	5.45	5.47	5.35	5.44	29223795	158244992.00
2014/08/07	5.44	5.57	5.34	5.42	23568344	128361096.00
2014/08/08	5.43	5.54	5.34	5.51	27659673	151156736.00
2014/08/11	5.50	5.57	5.48	5.51	19791277	109110584.00
2014/08/12	5.52	5.52	5.38	5.44	18751835	101773320.00
2014/08/13	5.43	5.47	5.34	5.37	14503270	78162544.00
2014/08/14	5.36	5.48	5.27	5.37	21687977	116587648.00
2014/08/15	5.32	5.40	5.30	5.34	15055974	80566992.00
2014/08/18	5.34	5.42	5.33	5.38	13116451	70330752.00
2014/08/19	5.39	5.52	5.37	5.49	25108535	136870672.00
2014/08/20	5.49	5.58	5.45	5.51	21625417	119329752.00
2014/08/21	5.53	5.54	5.31	5.34	24424212	131373048.00
2014/08/22	5.34	5.53	5.30	5.50	23322090	126015520.00
2014/08/25	5.53	5.53	5.34	5.35	18995003	102645552.00
2014/08/26	5.33	5.35	5.11	5.11	16446429	85700656.00
2014/08/27	5.10	5.18	5.07	5.12	7105565	36511544.00
2014/08/28	5.11	5.19	5.07	5.14	6749167	34682672.00
2014/08/29	5.14	5.30	5.10	5.25	9955224	51955544.00
2014/09/01	5.24	5.34	5.17	5.31	12669970	66723116.00
2014/09/02	5.30	5.38	5.26	5.35	15264498	81393000.00
2014/09/03	5.37	5.40	5.30	5.34	15497525	82844816.00
2014/09/04	5.34	5.47	5.31	5.41	21944660	118711024.00
2014/09/05	5.41	5.47	5.36	5.44	21635836	117144480.00
2014/09/09	5.49	5.52	5.42	5.47	26168816	143161296.00
2014/09/10	5.43	5.49	5.40	5.45	16121258	87855512.00
2014/09/11	5.47	5.71	5.45	5.66	55647175	311845824.00
2014/09/12	5.56	5.62	5.45	5.60	30394694	168895280.00
2014/09/15	5.62	5.68	5.55	5.56	20846375	116694488.00
2014/09/16	5.58	5.59	5.26	5.30	26830244	146278512.00
2014/09/17	5.30	5.37	5.22	5.34	13014349	68900064.00
2014/09/18	5.33	5.39	5.28	5.33	9692252	51718528.00
2014/09/19	5.33	5.61	5.26	5.46	22963643	124627456.00
2014/09/22	5.42	5.59	5.31	5.56	27755160	151875232.00
2014/09/23	5.67	5.88	5.61	5.76	55280364	318293248.00
2014/09/24	5.66	5.81	5.59	5.75	29953542	170831872.00
2014/09/25	5.75	5.94	5.69	5.77	39494441	229442704.00
2014/09/26	5.72	5.96	5.72	5.86	29655379	174015312.00
2014/09/29	5.91	5.99	5.78	5.86	29298304	171546336.00
2014/09/30	5.81	5.88	5.73	5.75	25387491	146956912.00
2014/10/08	5.79	5.85	5.71	5.81	17739890	102877464.00
2014/10/09	5.82	6.26	5.81	6.15	53820065	324375552.00
2014/10/10	6.05	6.36	6.01	6.20	53509209	332428288.00
2014/10/13	6.17	6.40	6.11	6.23	31028273	194343488.00
2014/10/14	6.24	6.30	6.00	6.07	24233691	148518976.00
2014/10/15	6.09	6.19	5.97	6.11	17991998	109461536.00
2014/10/16	6.06	6.19	5.93	5.96	18792596	114591264.00
2014/10/17	5.96	5.96	5.69	5.80	20529885	119232720.00
2014/10/20	5.80	5.87	5.75	5.85	10690980	62312032.00
2014/10/21	5.82	5.84	5.68	5.69	11384280	65680332.00
2014/10/22	5.69	5.82	5.60	5.65	11096270	63500952.00
2014/10/23	5.68	5.78	5.64	5.67	10020067	57099712.00
2014/10/24	5.68	5.74	5.59	5.64	9646794	54517340.00
2014/10/27	5.64	5.75	5.51	5.74	8675078	49227084.00
2014/10/28	5.73	5.86	5.72	5.83	14389631	83406608.00
2014/10/29	5.83	6.20	5.81	6.08	28888762	173352608.00
2014/10/30	6.12	6.47	6.12	6.31	55072272	347500000.00
2014/10/31	6.21	6.39	6.15	6.30	33509905	209910592.00
2014/11/03	6.33	6.79	6.29	6.65	71374924	471120288.00
2014/11/04	6.67	6.75	6.36	6.37	41359568	269545344.00
2014/11/05	6.34	6.51	6.26	6.46	30248017	194153168.00
2014/11/06	6.40	6.64	6.19	6.59	36125006	230097600.00
2014/11/07	6.60	6.65	6.26	6.32	35350217	229172560.00
2014/11/10	6.51	6.95	6.38	6.82	89102144	605174976.00
2014/11/11	6.70	6.84	6.38	6.57	50750500	335292192.00
2014/11/12	6.55	6.57	6.29	6.55	24521241	157769488.00
2014/11/13	6.52	6.66	6.34	6.36	28149437	182366688.00
2014/11/14	6.30	6.30	6.18	6.25	17556123	109320280.00
2014/11/17	6.26	6.33	6.19	6.30	15775274	98823056.00
2014/11/18	6.37	6.47	6.30	6.35	22106388	141163376.00
2014/11/19	6.33	6.39	6.25	6.35	12338205	78043344.00
2014/11/20	6.33	6.45	6.26	6.40	17073724	109033992.00
2014/11/21	6.37	6.41	6.28	6.33	17742519	112164968.00
2014/11/24	6.41	6.56	6.36	6.46	29851096	193236272.00
2014/11/25	6.46	6.62	6.39	6.59	30966556	201549872.00
2014/11/26	6.58	6.74	6.52	6.63	24496324	162027712.00
2014/11/27	6.67	6.69	6.39	6.47	28098804	182803904.00
2014/11/28	6.49	6.49	6.29	6.33	23197228	147029168.00
2014/12/01	6.33	6.46	6.33	6.35	16159003	103115208.00
2014/12/02	6.36	6.39	6.31	6.37	20865090	132424192.00
2014/12/03	6.36	6.48	6.28	6.45	35773296	228179584.00
2014/12/04	6.40	6.47	6.36	6.46	29407402	188737680.00
2014/12/05	6.45	6.45	6.02	6.09	37457874	231753920.00
2014/12/08	6.10	6.48	6.08	6.42	36591075	232350864.00
2014/12/09	6.56	6.90	6.25	6.29	73119822	481598304.00
2014/12/10	6.19	6.57	6.14	6.51	41562737	264458304.00
2014/12/11	6.51	6.76	6.41	6.65	47252137	311502272.00
2014/12/12	6.68	6.78	6.55	6.78	41935565	279760672.00
2014/12/15	6.80	6.93	6.70	6.86	49874731	339907040.00
2014/12/16	6.83	6.89	6.60	6.66	37247675	249403920.00
2014/12/17	6.66	6.80	6.45	6.59	28839853	191415680.00
2014/12/18	6.60	6.70	6.51	6.68	27613031	182089984.00
2014/12/19	6.61	6.69	6.49	6.65	29252911	192748896.00
2014/12/22	6.66	6.95	6.46	6.58	49554934	335410880.00
2014/12/23	6.63	6.74	6.28	6.31	28271161	184149376.00
2014/12/24	6.32	6.41	6.11	6.28	20295573	127369192.00
2014/12/25	6.27	6.49	6.26	6.44	18345439	117395560.00
2014/12/26	6.40	6.70	6.38	6.65	33392271	219532784.00
2014/12/29	6.66	7.15	6.54	6.87	69700671	479331328.00
2014/12/30	6.86	7.20	6.59	6.92	66276532	459798208.00
2014/12/31	7.00	7.17	6.81	6.89	41317867	287187808.00
2015/01/05	6.89	7.09	6.80	6.90	42418734	294515392.00
2015/01/06	6.81	6.87	6.65	6.72	36321330	244519728.00
2015/01/07	6.85	7.06	6.74	6.85	37447907	257929040.00
2015/01/08	6.77	6.85	6.55	6.59	28203930	187510320.00
2015/01/09	6.59	6.70	6.51	6.55	18242165	120829696.00
2015/01/12	6.47	6.66	6.34	6.65	21690967	140814208.00
2015/01/13	6.72	6.94	6.63	6.68	25588962	173160544.00
2015/01/14	6.60	6.67	6.49	6.55	14018675	91982400.00
2015/01/15	6.53	6.71	6.47	6.69	12162798	80501296.00
2015/01/16	6.68	6.78	6.62	6.71	15518373	104042288.00
2015/01/19	6.36	6.46	6.04	6.04	30188524	188310800.00
2015/01/20	6.15	6.29	6.04	6.23	18979679	116576504.00
2015/01/21	6.20	6.35	6.13	6.31	17595059	110025488.00
2015/01/22	6.26	6.41	6.26	6.34	15849203	100309440.00
2015/01/23	6.27	6.35	6.20	6.23	16044514	100501824.00
2015/01/26	6.23	6.38	6.22	6.36	14039869	88421168.00
2015/01/27	6.36	6.38	6.22	6.33	13619550	85967560.00
2015/01/28	6.28	6.47	6.24	6.40	19107871	121633640.00
2015/01/29	6.28	6.39	6.25	6.27	12733666	80429264.00
2015/01/30	6.30	6.34	6.18	6.19	9605024	59930276.00
2015/02/02	6.10	6.25	6.07	6.18	7945051	49237328.00
2015/02/03	6.20	6.25	6.14	6.21	8778947	54267316.00
2015/02/04	6.19	6.23	6.06	6.07	12073131	74074456.00
2015/02/05	6.15	6.18	5.91	5.93	16044671	96654200.00
2015/02/06	5.95	5.97	5.66	5.71	12809019	74347432.00
2015/02/09	5.73	5.84	5.72	5.79	8648160	50023584.00
2015/02/10	5.80	5.88	5.73	5.85	10770264	62626388.00
2015/02/11	5.93	5.93	5.81	5.85	10663756	62574472.00
2015/02/12	5.88	5.88	5.75	5.85	10870900	63194168.00
2015/02/13	5.85	5.95	5.83	5.91	12143998	71689608.00
2015/02/16	5.92	5.99	5.88	5.97	12116544	71914896.00
2015/02/17	5.97	6.05	5.96	6.01	10915474	65558032.00
2015/02/25	6.01	6.09	6.00	6.05	11218446	67811520.00
2015/02/26	6.04	6.21	6.01	6.21	16205586	99644032.00
2015/02/27	6.24	6.24	6.15	6.21	12736247	78825376.00
2015/03/02	6.23	6.31	6.20	6.28	18162566	113592472.00
2015/03/03	6.27	6.27	6.12	6.13	20265562	125122552.00
2015/03/04	6.15	6.19	6.10	6.17	12072288	74243392.00
2015/03/05	6.17	6.18	6.03	6.10	14712076	89645256.00
2015/03/06	6.07	6.22	6.05	6.18	18699403	114784416.00
2015/03/09	6.12	6.24	6.06	6.22	17830374	109993776.00
2015/03/10	6.23	6.29	6.21	6.25	17359600	108523920.00
2015/03/11	6.25	6.35	6.19	6.33	26478430	166338368.00
2015/03/12	6.31	6.35	6.25	6.28	15940759	100360560.00
2015/03/13	6.28	6.32	6.23	6.30	15005383	94167624.00
2015/03/16	6.32	6.54	6.31	6.48	31166269	199957264.00
2015/03/17	6.48	6.87	6.45	6.68	52908120	353483488.00
2015/03/18	6.68	6.85	6.61	6.77	40495106	273116992.00
2015/03/19	6.79	6.93	6.72	6.90	45864199	314207360.00
2015/03/20	6.92	7.21	6.83	7.10	53815593	376903872.00
2015/03/23	7.05	7.27	7.05	7.21	42864625	306539616.00
2015/03/24	7.18	7.59	7.08	7.52	67086472	486285088.00
2015/03/25	7.48	7.60	7.27	7.41	50647358	377653408.00
2015/03/26	7.30	7.53	7.20	7.28	31803344	233886352.00
2015/03/27	7.31	7.48	7.24	7.35	31752967	233592800.00
2015/03/30	7.70	8.09	7.70	8.09	76981097	617660224.00
2015/03/31	8.60	8.90	8.45	8.90	181265196	1591360512.00
2015/04/01	8.80	9.77	8.33	9.33	163775222	1477821440.00
2015/04/02	9.20	9.80	9.02	9.39	118247128	1112131328.00
2015/04/03	9.20	9.33	9.05	9.16	87491601	800755904.00
2015/04/07	9.16	9.40	9.06	9.23	75820364	698359936.00
2015/04/08	9.16	9.18	8.88	8.98	63251600	570900352.00
2015/04/09	8.91	9.09	8.51	9.00	59189067	523554400.00
2015/04/10	8.93	9.06	8.79	9.04	50222990	451586208.00
2015/04/13	9.18	9.35	9.01	9.19	65301532	599790464.00
2015/04/14	9.20	9.76	9.00	9.54	102188191	969337920.00
2015/04/15	9.50	9.50	8.87	8.92	69696952	637855040.00
2015/04/16	8.60	8.95	8.45	8.82	42005570	368227168.00
2015/04/17	8.86	9.36	8.83	9.26	66348372	603552640.00
2015/04/20	9.81	10.19	9.80	10.19	125300489	1270196096.00
2015/04/21	10.19	10.65	9.80	10.30	162218005	1654010368.00
2015/04/22	10.21	10.88	10.08	10.65	128326443	1343469696.00
2015/04/23	10.45	10.72	10.20	10.31	87947806	910300352.00
2015/04/24	10.00	10.20	9.82	10.06	60268841	603571072.00
2015/04/27	10.10	10.23	9.90	10.08	57027699	572195840.00
2015/04/28	10.03	10.03	9.52	9.58	55623142	539851904.00
2015/04/29	9.52	9.70	9.30	9.67	35546182	340279552.00
2015/04/30	9.64	9.89	9.50	9.63	42093142	408659168.00
2015/05/05	9.84	9.84	9.84	9.84	0	0.00
数据来源:通达信
