600778 友好集团 日线 前复权
      日期	    开盘	    最高	    最低	    收盘	    成交量	    成交额
2011/10/10	11.29	11.63	11.22	11.60	2504897	30161776.00
2011/10/11	11.82	11.92	11.11	11.28	2591703	31382844.00
2011/10/12	11.14	12.04	11.03	11.95	2343630	28864414.00
2011/10/13	12.04	12.34	11.76	12.33	2060323	26489452.00
2011/10/14	12.29	12.64	12.10	12.56	2473298	32555096.00
2011/10/17	12.54	12.63	12.42	12.45	1216288	16010189.00
2011/10/18	12.27	12.47	12.04	12.05	1798561	23359798.00
2011/10/19	11.97	12.21	11.90	11.99	771106	9794853.00
2011/10/20	11.94	12.04	11.54	11.88	1959549	24137838.00
2011/10/21	11.76	12.02	11.74	11.99	1187412	14867705.00
2011/10/24	12.08	12.08	11.47	11.95	2489763	30819854.00
2011/10/25	11.93	12.29	11.80	12.24	1387886	17725170.00
2011/10/26	12.24	12.84	12.11	12.60	2089578	27676196.00
2011/10/27	12.55	13.02	12.52	12.67	1600190	21431388.00
2011/10/28	12.70	13.02	12.62	12.83	1453972	19547256.00
2011/10/31	12.83	13.14	12.60	13.10	2544690	34816756.00
2011/11/01	13.02	13.26	12.74	13.07	2260592	30848480.00
2011/11/02	12.86	13.14	12.64	13.06	1769176	23955342.00
2011/11/03	13.04	13.43	12.99	13.00	1835925	25407912.00
2011/11/04	13.02	13.19	12.61	13.01	2520957	33921128.00
2011/11/07	12.91	13.01	12.53	12.62	4064190	54271424.00
2011/11/08	12.63	12.72	12.43	12.54	1161018	15360260.00
2011/11/09	12.62	12.82	12.43	12.64	1888258	25088196.00
2011/11/10	12.54	12.80	12.47	12.63	1522821	20341808.00
2011/11/11	12.73	12.82	12.45	12.46	1690880	22382392.00
2011/11/14	12.46	12.69	12.46	12.55	2254599	29830260.00
2011/11/15	12.60	12.73	12.07	12.41	5564861	72135192.00
2011/11/16	12.35	12.36	12.05	12.15	2957526	37918816.00
2011/11/17	12.15	12.23	11.98	12.00	2499970	31828078.00
2011/11/18	11.94	11.94	11.39	11.77	2990706	36577852.00
2011/11/21	11.65	11.76	11.59	11.69	936156	11555237.00
2011/11/22	11.63	11.75	11.31	11.49	1681739	20427880.00
2011/11/23	11.53	11.56	11.18	11.40	4107558	49145312.00
2011/11/25	11.30	11.59	11.28	11.54	2216926	26846512.00
2011/11/28	11.56	11.62	11.34	11.53	1112461	13533063.00
2011/11/29	11.62	11.72	11.43	11.69	1736537	21209342.00
2011/11/30	11.64	11.64	10.76	10.85	1884677	22340348.00
2011/12/01	11.19	11.53	10.94	10.97	3890716	45862992.00
2011/12/02	10.96	10.96	10.48	10.64	1396412	15797909.00
2011/12/05	10.64	10.64	9.64	10.13	4982059	52899244.00
2011/12/06	9.99	10.33	9.72	10.18	1924496	20477268.00
2011/12/07	10.17	10.34	10.09	10.18	2288149	24906272.00
2011/12/08	10.19	10.19	9.84	9.87	3760584	39975076.00
2011/12/09	9.84	9.94	9.70	9.80	1720112	18040004.00
2011/12/12	9.80	9.83	9.64	9.65	1033325	10717391.00
2011/12/13	9.56	9.61	9.36	9.38	2400091	24293584.00
2011/12/14	9.35	9.55	9.32	9.48	1118509	11319821.00
2011/12/15	9.37	9.44	8.96	8.97	1776621	17567448.00
2011/12/16	9.00	9.41	9.00	9.35	1214735	12015803.00
2011/12/19	9.44	9.44	9.14	9.38	837062	8339639.00
2011/12/20	9.26	9.54	9.26	9.46	859634	8722442.00
2011/12/21	9.54	9.64	9.14	9.14	1938938	19535860.00
2011/12/22	9.12	9.16	8.84	9.13	2127492	20689560.00
2011/12/23	9.14	9.29	9.07	9.27	1090984	10777372.00
2011/12/26	9.19	9.37	9.12	9.35	823363	8207510.00
2011/12/27	9.35	9.35	8.48	8.51	4562612	43411164.00
2011/12/28	8.38	8.74	8.37	8.73	1145260	10558803.00
2011/12/29	8.73	8.79	8.53	8.76	2352700	21877404.00
2011/12/30	8.78	9.07	8.76	9.02	2187345	21023148.00
2012/01/04	9.08	9.12	8.74	8.79	978957	9332325.00
2012/01/05	8.59	8.67	8.15	8.20	1322155	11932492.00
2012/01/06	8.36	8.36	7.79	8.04	1606706	13855360.00
2012/01/09	8.04	8.59	7.78	8.39	3047197	27351304.00
2012/01/10	8.39	8.89	8.39	8.84	3008143	28013912.00
2012/01/11	8.86	9.09	8.79	8.93	3206745	30813638.00
2012/01/12	8.89	9.04	8.84	8.89	2023337	19463016.00
2012/01/13	8.82	8.98	8.22	8.24	3155932	28564708.00
2012/01/16	8.13	8.22	7.96	8.00	1688351	14708746.00
2012/01/17	7.99	8.46	7.95	8.44	5014521	44641560.00
2012/01/18	8.51	8.51	7.93	8.06	3332139	29635644.00
2012/01/19	8.06	8.34	7.85	8.27	2774643	24622634.00
2012/01/20	8.31	8.51	8.19	8.44	3456387	30968606.00
2012/01/30	8.47	8.52	8.13	8.14	2513025	22533272.00
2012/01/31	8.24	8.80	8.19	8.75	6852016	63027696.00
2012/02/02	8.65	9.34	8.60	9.20	8006549	77942880.00
2012/02/03	9.13	9.36	9.10	9.26	4704760	46634104.00
2012/02/06	9.24	9.58	9.16	9.50	5975836	59745104.00
2012/02/07	9.44	9.50	9.23	9.49	4193720	41895960.00
2012/02/08	9.34	9.76	9.25	9.59	5083719	51661612.00
2012/02/09	9.60	9.71	9.42	9.45	3400835	34732784.00
2012/02/10	9.44	9.56	9.29	9.40	2733199	27510660.00
2012/02/13	9.39	9.61	9.16	9.57	4735427	47398876.00
2012/02/14	9.52	9.52	9.26	9.38	2844420	28510632.00
2012/02/15	9.36	9.51	9.26	9.47	3271271	33015120.00
2012/02/16	9.42	9.68	9.41	9.63	5182806	53027040.00
2012/02/17	9.60	10.18	9.60	9.99	7699210	81365904.00
2012/03/02	10.44	10.49	9.72	10.01	19442824	205151504.00
2012/03/05	9.95	10.13	9.84	10.03	9957479	105835720.00
2012/03/06	10.00	10.06	9.82	9.97	7445670	78924088.00
2012/03/07	9.82	10.69	9.79	10.51	9597717	105131936.00
2012/03/08	10.54	11.03	10.41	10.54	6661037	76040752.00
2012/03/09	10.52	10.93	10.39	10.84	4458421	50449568.00
2012/03/12	10.92	11.05	10.77	10.92	2877909	33304684.00
2012/03/13	11.02	11.02	10.82	10.93	2046386	23612622.00
2012/03/14	10.93	11.44	10.77	10.96	9817252	115506736.00
2012/03/15	10.83	11.16	10.52	11.11	4414778	50736148.00
2012/03/16	11.09	11.22	10.90	11.11	3679187	43184488.00
2012/03/19	11.12	11.53	10.87	10.90	5479619	64769028.00
2012/03/20	10.89	10.89	10.32	10.54	4472999	49976088.00
2012/03/21	10.56	10.62	9.94	10.33	6895857	74734384.00
2012/03/22	10.33	10.54	10.15	10.37	2617050	28856696.00
2012/03/23	10.29	10.58	10.14	10.32	2461092	27157696.00
2012/03/26	10.32	10.34	10.08	10.22	1915919	20761808.00
2012/03/27	10.22	10.33	10.00	10.08	1133229	12295645.00
2012/03/28	10.03	10.04	9.75	9.84	1880829	19816058.00
2012/03/29	9.77	9.99	9.60	9.61	1191752	12437068.00
2012/03/30	9.55	9.72	9.15	9.21	3507759	35028128.00
2012/04/05	9.24	9.64	9.07	9.56	3693630	36915696.00
2012/04/06	9.60	10.19	9.49	9.94	3526062	37300792.00
2012/04/09	9.75	10.10	9.69	9.83	1508086	15963725.00
2012/04/10	9.74	10.03	9.47	9.81	2473977	25763172.00
2012/04/11	9.69	9.96	9.52	9.90	2665736	27810216.00
2012/04/12	9.90	10.04	9.75	10.02	1739947	18419024.00
2012/04/13	9.99	10.37	9.99	10.25	2162796	23538446.00
2012/04/16	10.15	10.44	10.15	10.32	2450514	26950544.00
2012/04/17	10.24	10.37	10.01	10.13	1115275	12081293.00
2012/04/18	10.17	11.21	10.17	10.56	3798775	42563524.00
2012/04/19	10.42	10.71	10.30	10.34	2787299	31009836.00
2012/04/20	10.43	10.51	10.32	10.48	2345033	25962648.00
2012/04/23	10.52	10.61	10.39	10.40	2321570	25906296.00
2012/04/24	10.34	10.42	9.56	10.04	3036991	32244524.00
2012/04/25	9.90	10.26	9.89	10.24	1929273	20811184.00
2012/04/26	10.25	10.36	10.14	10.23	1341775	14619629.00
2012/04/27	10.23	10.30	10.04	10.10	903303	9756244.00
2012/05/02	10.21	10.32	9.94	10.06	3597211	38517600.00
2012/05/03	10.05	10.19	9.88	10.14	3945328	41941392.00
2012/05/04	10.14	10.20	9.93	10.13	3045382	32678104.00
2012/05/07	9.91	10.41	9.91	10.40	4037305	44033868.00
2012/05/08	10.40	10.50	10.20	10.41	3218454	35463424.00
2012/05/09	10.35	10.35	10.04	10.05	2173728	23495460.00
2012/05/11	10.09	10.13	9.62	9.83	4152740	43491764.00
2012/05/14	9.94	9.94	9.65	9.65	3026186	31520610.00
2012/05/15	9.55	9.72	9.52	9.60	2136071	21920662.00
2012/05/16	9.62	9.69	9.35	9.38	1736087	17745842.00
2012/05/17	9.44	9.52	9.38	9.52	1764173	17865556.00
2012/05/18	9.54	9.54	9.40	9.46	1032405	10440581.00
2012/05/21	9.58	9.90	9.43	9.81	4037850	41770216.00
2012/05/22	9.83	9.91	9.66	9.82	3028836	31534472.00
2012/05/23	9.77	9.82	9.46	9.61	2548908	26230074.00
2012/05/24	9.63	9.64	9.24	9.35	3275737	32989152.00
2012/05/25	9.39	9.39	8.84	8.85	4839949	46781496.00
2012/05/28	8.84	9.05	8.59	8.94	3113419	29665048.00
2012/05/29	9.03	9.11	8.94	9.09	2369585	22971972.00
2012/05/30	9.08	9.23	9.02	9.13	3943197	38611024.00
2012/05/31	9.16	9.39	9.04	9.26	2982260	29567268.00
2012/06/01	9.34	9.50	9.04	9.07	3506464	34715804.00
2012/06/04	8.94	8.94	8.66	8.70	4642986	43770592.00
2012/06/06	8.70	8.78	8.44	8.52	3049781	28193010.00
2012/06/07	8.59	8.69	8.51	8.54	2070037	19197972.00
2012/06/08	8.64	8.67	8.46	8.56	2536519	23327230.00
2012/06/11	8.58	8.88	8.51	8.85	2817813	26532608.00
2012/06/12	8.74	8.87	8.69	8.87	1727127	16327804.00
2012/06/13	8.88	9.30	8.79	9.29	6958684	67881776.00
2012/06/14	9.28	9.57	9.24	9.51	6608263	66820464.00
2012/06/15	9.53	9.59	9.36	9.52	4347308	43965596.00
2012/06/18	9.51	9.98	9.46	9.93	8358043	87503664.00
2012/06/19	9.93	9.99	9.76	9.86	2738887	28883426.00
2012/06/20	10.34	10.68	10.22	10.32	13289409	147005408.00
2012/06/21	10.24	10.79	9.98	10.57	8291576	92455600.00
2012/06/25	10.45	10.73	10.24	10.36	6255068	69534488.00
2012/06/26	10.30	10.35	9.84	10.11	6599898	70179560.00
2012/06/27	9.99	10.57	9.99	10.41	3718686	40684072.00
2012/06/28	10.48	10.56	10.24	10.30	2980438	32779460.00
2012/06/29	10.06	10.70	10.05	10.63	2786220	30896368.00
2012/07/02	10.70	11.19	10.55	10.97	6786482	77910048.00
2012/07/03	10.98	11.39	10.82	11.07	8004374	93570464.00
2012/07/04	11.04	11.35	11.01	11.22	6971490	82227824.00
2012/07/05	11.22	11.82	11.07	11.77	11652086	140882592.00
2012/07/06	11.68	12.59	11.53	12.28	9286746	118590520.00
2012/07/09	12.06	12.19	11.68	11.97	6737168	84181784.00
2012/07/10	11.76	11.93	11.40	11.57	7697332	94128088.00
2012/07/11	11.59	11.86	11.17	11.67	6364846	77272992.00
2012/07/12	11.64	11.84	11.50	11.73	5765399	70904864.00
2012/07/13	11.65	11.86	11.49	11.70	4015171	49268212.00
2012/07/16	11.70	11.78	11.30	11.36	4695529	56817076.00
2012/07/17	11.21	11.24	10.45	10.69	7249833	82098720.00
2012/07/18	10.60	10.78	10.37	10.76	3379504	37806660.00
2012/07/19	10.70	11.34	10.64	11.26	5818414	68070368.00
2012/07/20	11.18	11.22	10.57	10.77	4751199	55035004.00
2012/07/23	10.51	10.77	10.43	10.51	1614759	18160636.00
2012/07/24	10.49	10.88	10.41	10.65	1744266	19584216.00
2012/07/25	10.54	10.80	10.54	10.67	2340967	26442862.00
2012/07/26	10.76	10.98	10.58	10.75	2442765	27907542.00
2012/07/27	10.69	10.97	10.57	10.68	2159732	24615836.00
2012/07/30	10.68	10.87	10.38	10.40	1809675	20289808.00
2012/07/31	10.40	10.50	9.84	10.03	6206527	66036064.00
2012/08/01	10.04	10.52	9.89	10.38	2844644	31038504.00
2012/08/02	10.44	10.74	10.31	10.42	2028565	22616172.00
2012/08/03	10.29	10.75	10.21	10.72	1870229	20989878.00
2012/08/06	10.65	11.03	10.64	10.91	3192781	36525632.00
2012/08/07	10.89	11.00	10.77	10.99	2223362	25599472.00
2012/08/08	10.99	11.30	10.80	11.25	3033743	35388152.00
2012/08/09	11.14	11.59	11.07	11.47	4104084	49360672.00
2012/08/10	11.38	11.50	11.11	11.36	2204064	26236020.00
2012/08/13	11.29	11.94	11.29	11.35	4234152	51426804.00
2012/08/14	11.34	11.64	10.91	11.44	3002163	35609488.00
2012/08/15	11.37	11.48	11.13	11.19	1150193	13708283.00
2012/08/16	11.05	11.37	10.84	11.03	1913642	22460284.00
2012/08/17	10.96	11.06	10.64	10.77	1209607	13820799.00
2012/08/20	10.74	10.85	10.59	10.83	975807	11037121.00
2012/08/21	10.81	11.52	10.74	11.43	3984185	47399320.00
2012/08/22	11.43	11.47	11.17	11.29	2481215	29640096.00
2012/08/23	11.25	11.45	11.10	11.43	1353407	16115675.00
2012/08/24	11.67	11.72	11.03	11.07	3905094	46435068.00
2012/08/27	10.74	10.85	10.17	10.33	3527815	39001592.00
2012/08/28	10.32	10.55	10.27	10.42	1013825	11166794.00
2012/08/29	10.41	10.49	10.17	10.19	897182	9785638.00
2012/08/30	10.19	10.33	9.90	10.21	2008650	21588904.00
2012/08/31	10.12	10.35	9.91	10.11	1701448	18121848.00
2012/09/03	10.00	10.43	10.00	10.40	2169954	23642652.00
2012/09/04	10.47	10.74	10.39	10.62	3257598	36369836.00
2012/09/05	10.52	10.60	10.41	10.50	1835962	20435964.00
2012/09/06	10.54	10.57	10.29	10.41	1862818	20521458.00
2012/09/07	10.48	10.88	10.46	10.64	4470071	50482316.00
2012/09/10	10.62	11.01	10.56	10.97	3046725	34674476.00
2012/09/11	10.97	11.16	10.73	11.12	2882220	33269926.00
2012/09/12	11.11	11.19	11.02	11.13	2075414	24338126.00
2012/09/13	11.13	11.19	10.77	10.81	1637882	19064130.00
2012/09/14	10.88	10.99	10.73	10.87	1847772	21150214.00
2012/09/17	10.87	10.92	10.39	10.52	1523837	17160822.00
2012/09/18	10.50	10.59	10.26	10.46	1163256	12815741.00
2012/09/19	10.45	10.55	10.42	10.54	796178	8829419.00
2012/09/20	10.54	10.55	10.20	10.49	998591	10962546.00
2012/09/21	10.39	10.59	10.24	10.57	801723	8823138.00
2012/09/24	10.41	10.71	10.30	10.67	1268770	14113965.00
2012/09/25	10.59	10.81	10.43	10.68	1820372	20344768.00
2012/09/26	10.59	10.87	10.27	10.77	2134689	23870822.00
2012/09/27	10.53	10.85	10.51	10.76	2721387	30864640.00
2012/09/28	10.74	10.83	10.49	10.77	2569137	29100736.00
2012/10/08	10.78	10.83	10.66	10.74	1084784	12305277.00
2012/10/09	10.82	11.05	10.77	10.98	4246353	48865764.00
2012/10/10	10.99	11.04	10.74	10.95	2968410	34065248.00
2012/10/11	10.90	10.92	10.60	10.74	2263556	25744596.00
2012/10/12	10.72	10.82	10.51	10.74	1690179	19071300.00
2012/10/15	10.69	10.73	10.51	10.67	1009260	11337283.00
2012/10/16	10.65	10.83	10.65	10.75	1145194	13001527.00
2012/10/17	10.76	10.81	10.60	10.73	914890	10372203.00
2012/10/18	10.74	11.19	10.74	11.13	5001168	58394332.00
2012/10/19	11.15	11.26	10.99	11.24	3199239	37514560.00
2012/10/22	11.24	11.24	10.97	11.16	5738356	67303552.00
2012/10/23	11.17	11.34	10.99	11.13	3818376	44902720.00
2012/10/24	11.04	11.08	10.56	10.60	5603275	64245684.00
2012/10/25	10.57	10.69	10.54	10.65	4041188	45396652.00
2012/10/26	10.59	10.64	10.05	10.22	2731009	29788612.00
2012/10/29	10.07	10.27	9.97	10.26	1570973	16926152.00
2012/10/30	10.24	10.41	10.20	10.35	3186165	34866300.00
2012/10/31	10.28	10.40	10.15	10.39	1284915	14004506.00
2012/11/01	10.39	10.64	10.34	10.55	2758762	30685640.00
2012/11/02	10.58	10.59	10.45	10.55	1736482	19347092.00
2012/11/05	10.54	10.62	10.45	10.57	1878450	20977168.00
2012/11/06	10.57	10.57	10.33	10.45	1846894	20379856.00
2012/11/07	10.48	10.50	10.37	10.49	1321481	14618744.00
2012/11/08	10.48	10.48	10.15	10.18	1064547	11602335.00
2012/11/09	10.22	10.22	9.87	10.01	1783830	18925000.00
2012/11/12	9.97	10.04	9.59	9.71	2698923	28021652.00
2012/11/13	9.65	9.74	9.48	9.68	1719182	17570406.00
2012/11/14	9.67	9.68	9.47	9.62	1949567	19772508.00
2012/11/15	9.53	9.64	9.46	9.60	1503758	15277646.00
2012/11/16	9.58	9.58	9.35	9.38	1764477	17740760.00
2012/11/19	9.30	9.35	9.00	9.21	1477841	14445350.00
2012/11/20	9.22	9.28	9.09	9.19	1262230	12403728.00
2012/11/21	9.20	9.31	8.91	9.29	1886064	18358240.00
2012/11/22	9.32	9.32	8.80	8.88	3559272	34045204.00
2012/11/23	8.89	8.98	8.81	8.88	3493838	33244596.00
2012/11/26	8.88	8.94	8.77	8.84	2437617	23065200.00
2012/11/27	8.80	8.83	8.57	8.58	2144248	19921374.00
2012/11/28	8.49	8.58	8.48	8.52	1151737	10518730.00
2012/11/29	8.51	8.57	8.39	8.39	1393594	12691971.00
2012/11/30	8.45	8.61	8.34	8.60	1659103	15165301.00
2012/12/03	8.60	8.67	8.44	8.45	1272944	11680225.00
2012/12/04	8.46	8.82	8.43	8.80	2264876	20977744.00
2012/12/05	8.73	9.14	8.73	9.04	3059787	29440548.00
2012/12/06	9.04	9.22	8.84	8.95	3784688	36264336.00
2012/12/07	8.87	9.14	8.85	9.13	2661612	25620420.00
2012/12/10	9.10	9.31	9.05	9.26	2357687	23192964.00
2012/12/11	9.16	9.25	9.08	9.14	1481649	14504802.00
2012/12/12	9.20	9.32	9.09	9.28	2495073	24506520.00
2012/12/13	9.25	9.25	9.04	9.07	2259813	21995860.00
2012/12/14	8.99	9.54	8.99	9.44	3825499	38156400.00
2012/12/17	9.49	9.80	9.41	9.52	4095077	41778648.00
2012/12/18	9.66	9.71	9.41	9.46	2512210	25661634.00
2012/12/19	9.50	9.63	9.41	9.51	1911362	19292748.00
2012/12/20	9.51	9.51	9.30	9.45	2030120	20323402.00
2012/12/21	9.55	9.64	9.39	9.48	2080487	21020254.00
2012/12/24	9.53	9.62	9.44	9.60	1847720	18801292.00
2012/12/25	9.58	9.84	9.54	9.80	3807444	39507368.00
2012/12/26	9.88	9.94	9.74	9.89	2839590	29644678.00
2012/12/27	9.92	9.92	9.70	9.72	2342901	24348248.00
2012/12/28	9.70	9.98	9.64	9.91	4502528	46890960.00
2012/12/31	9.94	10.22	9.91	10.13	6041892	64449184.00
2013/01/04	10.20	10.47	10.10	10.39	4741823	51769460.00
2013/01/07	10.35	10.95	10.25	10.60	8796775	99249880.00
2013/01/08	10.60	10.74	10.52	10.63	4485891	50275888.00
2013/01/09	10.63	10.66	10.35	10.39	6282044	69708912.00
2013/01/10	10.36	10.48	10.32	10.42	4059750	44667404.00
2013/01/11	10.40	10.46	10.07	10.13	3379125	36838284.00
2013/01/14	10.11	10.55	10.09	10.51	5504849	60259120.00
2013/01/15	10.49	10.61	10.34	10.54	9343432	103478680.00
2013/01/16	10.39	10.53	10.21	10.39	4350048	47922136.00
2013/01/17	10.61	10.67	9.80	9.97	30569475	329843200.00
2013/01/18	9.83	9.97	9.61	9.91	16675781	173211600.00
2013/01/21	9.89	10.01	9.74	9.82	11826366	123709000.00
2013/01/22	9.82	9.97	9.67	9.76	9091693	95068264.00
2013/01/23	9.74	9.90	9.60	9.89	9090877	94001744.00
2013/01/24	9.87	9.91	9.52	9.54	8256413	85707888.00
2013/01/25	9.49	9.63	9.35	9.61	5281677	53234772.00
2013/01/28	9.60	9.74	9.54	9.72	6351451	65255188.00
2013/01/29	9.77	9.83	9.67	9.77	5471716	56754960.00
2013/01/30	9.89	9.91	9.63	9.81	8482397	88167440.00
2013/01/31	9.81	9.87	9.64	9.81	5178770	53769392.00
2013/02/01	9.76	9.84	9.67	9.72	5721843	59079380.00
2013/02/04	9.71	9.76	9.39	9.50	6013292	61268944.00
2013/02/05	9.49	9.58	9.38	9.57	5088768	51299944.00
2013/02/06	9.57	9.66	9.53	9.62	4355835	44482864.00
2013/02/07	9.59	9.61	9.46	9.56	3946132	39984504.00
2013/02/08	9.58	9.76	9.54	9.74	5494684	56554640.00
2013/02/18	9.78	9.90	9.74	9.82	5917177	61707424.00
2013/02/19	9.81	9.82	9.55	9.59	4578631	46999232.00
2013/02/20	9.59	9.74	9.52	9.72	4442961	45416832.00
2013/02/21	9.65	9.66	9.37	9.45	5838892	59043248.00
2013/02/22	9.42	9.52	9.41	9.43	2484830	25020996.00
2013/02/25	9.43	9.49	9.23	9.30	5478709	54390684.00
2013/02/26	9.25	9.37	9.17	9.20	3009252	29764192.00
2013/02/27	9.20	9.28	9.03	9.08	4057599	39523756.00
2013/02/28	9.15	9.28	9.07	9.23	4587039	44983696.00
2013/03/01	9.25	9.28	9.19	9.27	4970888	48981864.00
2013/03/04	9.23	9.23	8.79	8.79	5422572	51940568.00
2013/03/05	8.81	9.04	8.80	8.98	3000410	28565810.00
2013/03/06	8.97	9.16	8.91	8.95	6069281	58451172.00
2013/03/07	9.01	9.51	8.86	9.43	21169567	206298608.00
2013/03/08	9.24	9.42	9.15	9.27	11349549	112216744.00
2013/03/11	9.20	9.34	9.15	9.19	5039199	49551800.00
2013/03/12	9.20	9.22	8.83	8.92	5208336	50177900.00
2013/03/13	8.90	8.91	8.65	8.76	3181963	29748528.00
2013/03/14	8.70	8.81	8.70	8.73	1949170	18252114.00
2013/03/15	8.71	8.84	8.62	8.71	2644921	24739158.00
2013/03/18	8.72	8.82	8.65	8.77	2322003	21723540.00
2013/03/19	8.77	8.79	8.56	8.64	5207458	48098764.00
2013/03/20	8.63	8.86	8.60	8.84	5112710	47872128.00
2013/03/21	8.81	8.90	8.78	8.86	4280246	40442660.00
2013/03/22	8.82	8.94	8.79	8.87	2838387	26899868.00
2013/03/25	9.01	9.11	8.89	9.00	4969801	47716728.00
2013/03/26	9.00	9.02	8.81	8.85	3026137	28681820.00
2013/03/27	8.86	8.97	8.82	8.87	2159924	20488018.00
2013/03/28	8.82	8.82	8.58	8.60	3077441	28477496.00
2013/03/29	8.63	8.68	8.53	8.56	1789664	16492917.00
2013/04/01	8.57	8.68	8.57	8.64	1828933	16922722.00
2013/04/02	8.63	8.73	8.62	8.67	1992754	18484868.00
2013/04/03	8.64	8.72	8.61	8.67	1550088	14363492.00
2013/04/08	8.59	8.59	8.41	8.56	2504492	22803370.00
2013/04/09	8.56	8.74	8.55	8.72	2649463	24499960.00
2013/04/10	8.72	8.85	8.66	8.80	2930689	27496102.00
2013/04/11	8.84	8.88	8.77	8.80	2068491	19481568.00
2013/04/12	8.80	8.80	8.58	8.60	1726970	16040949.00
2013/04/15	8.52	8.57	8.47	8.51	1384531	12625231.00
2013/04/16	8.44	8.63	8.40	8.59	2508356	22833740.00
2013/04/17	8.60	8.84	8.57	8.83	4315821	40381936.00
2013/04/18	8.84	8.87	8.54	8.60	7514005	69496672.00
2013/04/19	8.59	8.76	8.56	8.74	7188961	66681408.00
2013/04/22	8.68	8.70	8.55	8.66	4713542	43485204.00
2013/04/23	8.64	8.67	8.44	8.47	3291479	30047452.00
2013/04/24	8.47	8.58	8.43	8.55	3021877	27542246.00
2013/04/25	8.55	8.55	8.30	8.31	3536265	31919926.00
2013/04/26	8.31	8.36	8.29	8.31	2463315	21998224.00
2013/05/02	8.27	8.29	7.97	8.04	2763322	24056964.00
2013/05/03	8.09	8.19	8.08	8.13	2832141	24718088.00
2013/05/06	8.13	8.26	8.13	8.22	2486083	21903574.00
2013/05/07	8.23	8.25	8.14	8.18	2034866	17875910.00
2013/05/08	8.19	8.41	8.19	8.40	3968791	35277860.00
2013/05/09	8.64	8.76	8.45	8.53	7977452	73417568.00
2013/05/10	8.42	8.74	8.38	8.66	5049904	46359704.00
2013/05/13	8.64	8.65	8.52	8.58	3231822	29714192.00
2013/05/14	8.59	8.59	8.31	8.40	3288493	29656692.00
2013/05/15	8.40	8.44	8.34	8.41	1877447	16875156.00
2013/05/16	8.41	8.48	8.31	8.45	2568176	23169360.00
2013/05/17	8.52	8.67	8.51	8.56	4240453	38906052.00
2013/05/20	8.54	8.66	8.52	8.60	4981624	45873184.00
2013/05/21	8.64	8.72	8.52	8.71	5802603	53556172.00
2013/05/22	8.71	8.75	8.61	8.67	5271087	48996760.00
2013/05/23	8.64	8.67	8.51	8.53	3531234	32495452.00
2013/05/24	8.57	8.62	8.51	8.59	1942424	17810844.00
2013/05/27	8.61	8.64	8.58	8.64	2104612	19414992.00
2013/05/28	8.68	8.72	8.54	8.71	3869617	35774864.00
2013/05/29	8.72	8.98	8.70	8.92	10452622	99223536.00
2013/05/30	8.89	9.01	8.82	8.94	6823660	64997992.00
2013/05/31	8.92	9.17	8.91	8.98	8897813	86185088.00
2013/06/03	8.99	9.03	8.78	8.86	4053893	38701928.00
2013/06/04	8.86	8.86	8.57	8.64	3184028	29562796.00
2013/06/05	8.60	8.80	8.51	8.78	4913514	45558404.00
2013/06/06	8.69	8.85	8.56	8.77	3395945	31644334.00
2013/06/07	8.74	8.77	8.28	8.31	4652895	42196240.00
2013/06/13	8.27	8.27	7.89	7.97	2341142	20133492.00
2013/06/14	8.05	8.07	7.98	8.03	1999973	17269748.00
2013/06/17	8.03	8.03	7.86	7.87	2479487	21131164.00
2013/06/18	7.88	7.96	7.78	7.82	2593654	21931428.00
2013/06/19	7.79	7.81	7.50	7.64	2852703	23419978.00
2013/06/20	7.63	7.77	7.52	7.54	2954442	24400582.00
2013/06/21	7.51	7.57	7.37	7.52	2168641	17445726.00
2013/06/24	7.53	7.53	6.71	6.93	2648373	20629964.00
2013/06/25	6.90	7.00	6.32	6.78	4029541	29136480.00
2013/06/26	6.78	6.83	6.62	6.73	2858287	19949508.00
2013/06/27	6.75	6.85	6.70	6.71	2811483	19841984.00
2013/06/28	6.71	6.78	6.48	6.69	1883650	13144753.00
2013/07/01	6.72	6.92	6.62	6.90	2343684	16542258.00
2013/07/02	6.89	6.94	6.79	6.88	2020283	14417427.00
2013/07/03	6.87	6.95	6.78	6.87	2531190	18118132.00
2013/07/04	6.87	7.22	6.80	7.04	3423031	25040292.00
2013/07/05	7.07	7.43	7.07	7.33	5490286	41548656.00
2013/07/08	7.23	7.49	7.10	7.20	4296778	32550220.00
2013/07/09	7.19	7.28	6.95	7.27	4153455	30752030.00
2013/07/10	7.72	8.03	7.60	8.03	17008826	138042816.00
2013/07/11	7.92	8.24	7.89	8.15	13435717	112459216.00
2013/07/12	8.07	8.34	8.00	8.01	6913399	58218440.00
2013/07/15	8.06	8.25	7.99	8.09	6317809	53154980.00
2013/07/16	8.05	8.27	8.03	8.25	5444320	46071428.00
2013/07/17	8.25	8.25	7.98	8.03	5552185	46561156.00
2013/07/18	8.01	8.08	7.95	8.00	3191362	26474496.00
2013/07/19	7.97	8.04	7.49	7.52	5317719	43004260.00
2013/07/22	7.42	7.67	7.39	7.65	2672053	20930268.00
2013/07/23	7.61	7.93	7.61	7.89	3021483	24495906.00
2013/07/24	7.88	7.99	7.79	7.89	2997149	24506930.00
2013/07/25	7.86	8.15	7.86	8.12	4955786	41356268.00
2013/07/26	8.07	8.25	7.98	8.24	3990743	33546632.00
2013/07/29	8.17	8.33	8.10	8.17	4121447	35054576.00
2013/07/30	8.14	8.39	7.92	8.29	4385337	37204456.00
2013/07/31	8.38	8.55	8.25	8.31	5020909	43634600.00
2013/08/01	8.30	8.60	8.26	8.59	6492743	56786656.00
2013/08/02	8.70	8.93	8.50	8.87	10007596	90267496.00
2013/08/05	8.99	9.29	7.97	9.04	13269190	124103912.00
2013/08/06	8.90	9.08	8.77	8.84	11560669	105358640.00
2013/08/07	8.83	8.96	8.68	8.80	7346463	66665752.00
2013/08/08	8.77	8.88	8.64	8.67	5352144	48348328.00
2013/08/09	8.72	8.77	8.50	8.60	4509727	40185292.00
2013/08/12	8.62	8.85	8.61	8.80	6035107	54672960.00
2013/08/13	8.81	8.85	8.72	8.82	4848154	43961432.00
2013/08/14	8.87	8.87	8.65	8.68	4350831	39329640.00
2013/08/15	8.70	8.70	8.46	8.47	3808242	33695284.00
2013/08/16	8.48	8.71	8.28	8.30	4546031	39884664.00
2013/08/19	8.27	8.41	8.03	8.41	3334431	28498642.00
2013/08/20	8.41	8.46	8.28	8.30	2835445	24482028.00
2013/08/21	8.29	8.60	8.27	8.57	4434686	39025028.00
2013/08/22	8.60	8.61	8.42	8.45	3382533	29669116.00
2013/08/23	8.49	8.56	8.27	8.37	3432255	29913876.00
2013/08/26	8.34	8.58	8.34	8.58	3273626	28816492.00
2013/08/27	8.58	8.77	8.53	8.77	4820959	43018384.00
2013/08/28	8.72	8.75	8.58	8.67	4156112	37206192.00
2013/08/29	8.65	8.80	8.62	8.77	4995372	44996556.00
2013/08/30	8.77	9.21	8.73	9.05	14052893	130897568.00
2013/09/02	8.98	9.07	8.80	9.02	6458655	59668548.00
2013/09/03	9.01	9.10	8.92	9.07	6958495	64873936.00
2013/09/04	9.10	10.01	8.90	10.00	24199615	239030416.00
2013/09/05	10.22	10.58	9.74	9.78	39021069	407975168.00
2013/09/06	9.56	9.78	9.34	9.62	16196008	158880976.00
2013/09/09	9.70	10.09	9.70	9.78	13897573	140943520.00
2013/09/10	9.72	9.93	9.55	9.82	17389189	174025632.00
2013/09/11	9.72	9.78	9.55	9.58	10966286	108900480.00
2013/09/12	9.62	9.79	9.57	9.72	8313954	82934456.00
2013/09/13	9.73	10.05	9.73	9.89	13231051	135131760.00
2013/09/16	9.92	10.07	9.84	9.92	8755920	89477640.00
2013/09/17	9.92	10.70	9.92	10.27	27069877	290637568.00
2013/09/18	10.10	10.46	9.97	10.31	12785851	134164768.00
2013/09/23	10.40	10.77	10.30	10.54	15251387	165307680.00
2013/09/24	10.52	10.52	10.12	10.28	12880819	135853136.00
2013/09/25	10.30	10.79	10.30	10.39	14732524	159432416.00
2013/09/26	10.34	10.34	9.90	9.92	10045592	103862272.00
2013/09/27	9.90	10.05	9.82	9.90	4860089	49522996.00
2013/09/30	9.90	10.07	9.85	10.01	4450306	45677136.00
2013/10/08	10.02	10.24	9.92	10.20	6020501	62537448.00
2013/10/09	10.12	10.16	9.97	10.12	8488442	87775568.00
2013/10/10	10.04	10.25	9.97	10.13	7783650	80749232.00
2013/10/11	10.15	10.56	10.15	10.43	12488997	133557600.00
2013/10/14	10.48	10.63	10.39	10.44	10531298	113220096.00
2013/10/15	10.45	10.49	10.09	10.19	10395854	109407488.00
2013/10/16	10.18	10.21	9.82	9.89	7700567	78717248.00
2013/10/17	9.94	10.01	9.83	9.86	4519787	46066424.00
2013/10/18	9.87	9.88	9.59	9.69	6000188	59844772.00
2013/10/21	9.70	9.94	9.70	9.93	5813664	58822976.00
2013/10/22	9.93	10.07	9.87	9.91	5631358	57735836.00
2013/10/23	9.94	9.99	9.57	9.58	6311867	63242832.00
2013/10/24	9.59	9.75	9.53	9.69	3157066	31315128.00
2013/10/25	9.72	9.82	9.48	9.57	3652411	36318568.00
2013/10/28	9.60	9.69	9.54	9.64	2452966	24290712.00
2013/10/29	9.70	9.78	8.97	9.21	5771900	55810908.00
2013/10/30	9.30	9.65	9.29	9.46	5501559	53571948.00
2013/10/31	9.45	9.58	9.33	9.46	3241240	31588136.00
2013/11/01	9.42	9.45	9.23	9.27	2289245	21964770.00
2013/11/04	9.29	9.34	9.22	9.32	1909292	18280294.00
2013/11/05	9.29	9.39	9.12	9.35	3052885	29106370.00
2013/11/06	9.33	9.50	9.24	9.36	3354891	32423516.00
2013/11/07	9.31	9.32	9.06	9.07	3008092	28435786.00
2013/11/08	8.97	9.08	8.82	8.85	2760047	25395460.00
2013/11/11	8.84	8.91	8.64	8.85	2984714	26965808.00
2013/11/12	8.85	8.89	8.74	8.83	2466984	22412408.00
2013/11/13	8.82	8.82	8.53	8.53	2439927	21794204.00
2013/11/14	8.52	8.59	8.47	8.57	2165386	19081528.00
2013/11/15	8.55	8.89	8.54	8.80	3802812	34436044.00
2013/11/18	9.03	9.14	8.90	9.09	4304990	40065872.00
2013/11/19	9.20	9.45	9.20	9.36	7555042	72906224.00
2013/11/20	9.35	9.35	9.18	9.31	4127841	39338592.00
2013/11/21	9.23	9.42	9.21	9.38	4285114	41207128.00
2013/11/22	9.44	9.52	9.25	9.27	3888924	37498376.00
2013/11/25	9.38	9.71	9.38	9.58	8939624	88388912.00
2013/11/26	9.53	9.66	9.44	9.58	4750761	46793200.00
2013/11/27	9.62	9.88	9.53	9.84	8660135	86792960.00
2013/11/28	9.86	9.88	9.69	9.72	8105743	81453080.00
2013/11/29	9.75	9.83	9.70	9.75	4060172	40667120.00
2013/12/02	9.54	9.70	9.20	9.22	6843690	66219176.00
2013/12/03	9.20	9.44	9.15	9.41	3464094	33316284.00
2013/12/04	9.42	9.66	9.37	9.56	5130042	50456324.00
2013/12/05	9.53	9.81	9.51	9.74	5628955	56169056.00
2013/12/06	9.72	9.80	9.63	9.66	4314976	42996108.00
2013/12/09	9.69	9.77	9.66	9.72	3477120	34764680.00
2013/12/10	9.71	9.81	9.69	9.76	4909161	49253136.00
2013/12/11	9.76	9.76	9.47	9.54	4843253	47828624.00
2013/12/12	9.51	9.63	9.50	9.54	2419629	23798812.00
2013/12/13	9.45	9.55	9.44	9.50	2251231	21989276.00
2013/12/16	9.58	9.60	9.22	9.23	3424865	33022688.00
2013/12/17	9.23	9.25	9.11	9.16	1546007	14602243.00
2013/12/18	9.15	9.28	9.14	9.22	1754414	16670464.00
2013/12/19	9.22	9.33	9.08	9.10	1745323	16563384.00
2013/12/20	9.15	9.21	8.89	8.97	1859591	17278380.00
2013/12/23	9.07	9.08	8.77	8.89	1430370	13130600.00
2013/12/24	8.91	9.11	8.90	9.00	1473224	13681034.00
2013/12/25	9.00	9.11	8.95	9.10	1242212	11575160.00
2013/12/26	9.11	9.13	8.80	8.80	2517300	23143056.00
2013/12/27	8.78	9.02	8.78	8.95	1478682	13583186.00
2013/12/30	8.95	9.08	8.90	9.01	2738967	25345272.00
2013/12/31	8.98	9.03	8.86	8.99	1858075	17177414.00
2014/01/02	8.96	9.01	8.90	9.00	1917256	17718996.00
2014/01/03	8.97	8.97	8.80	8.87	2655431	24240560.00
2014/01/06	8.82	8.82	8.45	8.47	2398469	21263624.00
2014/01/07	8.47	8.49	8.35	8.40	1536030	13367090.00
2014/01/08	8.40	8.52	8.36	8.40	1729212	15039606.00
2014/01/09	8.39	8.45	8.08	8.15	2274861	19494296.00
2014/01/10	8.11	8.11	7.90	7.97	1615870	13347142.00
2014/01/13	7.97	8.02	7.79	7.88	2042904	16639100.00
2014/01/14	7.88	8.06	7.82	8.05	2131388	17607690.00
2014/01/15	8.09	8.11	7.97	8.08	1792637	14933763.00
2014/01/16	8.11	8.15	8.00	8.11	2709510	22646220.00
2014/01/17	8.07	8.07	7.90	8.03	1882939	15546417.00
2014/01/20	7.96	8.03	7.91	7.98	1297143	10688964.00
2014/01/21	8.00	8.20	7.98	8.19	2606372	21917092.00
2014/01/22	8.22	8.46	8.14	8.45	3602414	31064164.00
2014/01/23	8.41	8.49	8.36	8.42	3370752	29350368.00
2014/01/24	8.40	8.57	8.34	8.49	2534767	22254886.00
2014/01/27	8.45	8.47	8.33	8.40	2942307	25535920.00
2014/01/28	8.32	8.45	8.25	8.38	1887204	16274826.00
2014/01/29	8.32	8.45	8.32	8.44	2262782	19634364.00
2014/01/30	8.37	8.42	8.29	8.32	1997120	17184444.00
2014/02/07	8.30	8.35	8.14	8.33	2245805	19150080.00
2014/02/10	8.51	8.75	8.38	8.68	6049487	53945428.00
2014/02/11	8.67	8.71	8.57	8.67	4783985	42724632.00
2014/02/12	8.69	8.75	8.60	8.75	3517192	31488976.00
2014/02/13	8.72	8.82	8.64	8.66	3757980	33857936.00
2014/02/14	8.65	8.76	8.61	8.75	3612157	32476512.00
2014/02/17	8.78	8.99	8.74	8.97	6081494	55692972.00
2014/02/18	8.90	8.97	8.79	8.84	5184987	47324032.00
2014/02/19	8.81	8.89	8.69	8.80	4765134	43129268.00
2014/02/20	8.82	8.91	8.76	8.80	4575512	41711980.00
2014/02/21	8.75	8.79	8.56	8.62	3423898	30589736.00
2014/02/24	8.60	8.61	8.37	8.42	2785788	24280582.00
2014/02/25	8.39	8.46	7.93	8.02	4854454	41436636.00
2014/02/26	8.06	8.10	7.92	8.09	2708223	22446872.00
2014/02/27	8.09	8.11	7.90	7.93	3758446	31123918.00
2014/02/28	7.93	8.03	7.85	8.01	2316422	19067442.00
2014/03/03	8.00	8.20	7.98	8.13	3230234	27182388.00
2014/03/04	8.11	8.18	8.07	8.18	2821250	23732002.00
2014/03/05	8.20	8.29	8.14	8.19	3078088	26127874.00
2014/03/06	8.16	8.77	8.13	8.72	9422185	82743200.00
2014/03/07	8.60	8.68	8.46	8.52	8155324	72048608.00
2014/03/10	8.43	8.44	8.07	8.09	3616576	30677986.00
2014/03/11	8.07	8.23	8.02	8.15	1923009	16202262.00
2014/03/12	8.15	8.25	8.05	8.21	2103093	17785304.00
2014/03/13	8.25	8.26	8.13	8.23	2665132	22621980.00
2014/03/14	8.17	8.17	8.08	8.12	1522031	12788161.00
2014/03/17	8.11	8.23	8.11	8.22	1928839	16309743.00
2014/03/18	8.22	8.29	8.18	8.24	2516258	21428180.00
2014/03/19	8.22	8.22	8.09	8.18	1735274	14619266.00
2014/03/20	8.18	8.25	8.03	8.05	2362822	20008994.00
2014/03/21	8.05	8.26	8.00	8.24	2730067	23074930.00
2014/03/24	8.22	8.39	8.22	8.32	3627606	31200976.00
2014/03/25	8.37	8.39	8.27	8.36	2611360	22491708.00
2014/03/26	8.41	8.42	8.30	8.35	1704960	14705288.00
2014/03/27	8.37	8.37	8.24	8.26	2743440	23524434.00
2014/03/28	8.29	8.29	8.12	8.14	2857757	24172472.00
2014/03/31	8.13	8.51	8.10	8.33	4856058	41935064.00
2014/04/01	8.33	8.46	8.28	8.45	4900932	42531176.00
2014/04/02	8.47	8.54	8.43	8.49	5144201	45112992.00
2014/04/03	8.50	8.56	8.42	8.45	3943498	34619448.00
2014/04/04	8.42	8.65	8.40	8.64	5925639	52458364.00
2014/04/08	8.60	8.76	8.57	8.67	6090450	54600264.00
2014/04/09	8.63	8.73	8.61	8.70	4055726	36334108.00
2014/04/10	8.72	8.74	8.65	8.69	3762660	33748096.00
2014/04/11	8.65	8.66	8.55	8.60	3459702	30700756.00
2014/04/14	8.57	9.04	8.57	9.01	13094631	119477632.00
2014/04/15	8.99	9.02	8.70	8.80	9919682	90679168.00
2014/04/16	8.74	9.49	8.74	9.30	18356948	173780080.00
2014/04/17	9.00	9.04	8.84	8.87	17784100	163942320.00
2014/04/18	8.80	8.80	8.58	8.64	10453645	93513952.00
2014/04/21	8.59	8.70	8.46	8.53	5763330	51021200.00
2014/04/22	8.50	8.54	8.14	8.29	7694696	66125072.00
2014/04/23	8.28	8.32	8.13	8.24	3969182	33744692.00
2014/04/24	8.19	8.27	8.17	8.21	2583285	21932664.00
2014/04/25	8.17	8.25	8.02	8.04	3188426	26896896.00
2014/04/28	8.07	8.07	7.80	7.82	3343665	27276332.00
2014/04/29	7.81	8.15	7.81	8.12	3314546	27346220.00
2014/04/30	8.03	8.03	7.82	7.94	5347115	43818816.00
2014/05/05	7.90	7.91	7.72	7.84	4185832	33871384.00
2014/05/06	7.82	8.00	7.82	7.96	3411750	27934656.00
2014/05/07	7.92	7.92	7.75	7.79	3120721	25202442.00
2014/05/08	7.75	7.89	7.74	7.80	1904510	15431641.00
2014/05/09	7.78	7.79	7.65	7.70	2606700	20865076.00
2014/05/12	7.77	7.88	7.73	7.87	3010092	24371924.00
2014/05/13	7.87	7.96	7.81	7.89	3219502	26286420.00
2014/05/14	7.89	7.91	7.81	7.83	2760076	22386654.00
2014/05/15	7.85	7.87	7.72	7.72	2112565	17047706.00
2014/05/16	7.73	7.75	7.46	7.54	2686204	21084932.00
2014/05/19	7.54	7.54	7.38	7.44	2134310	16436129.00
2014/05/20	7.48	7.51	7.43	7.44	1474039	11406757.00
2014/05/21	7.43	7.47	7.35	7.45	1591280	12273801.00
2014/05/22	7.48	7.52	7.45	7.45	2562504	19900254.00
2014/05/23	7.45	7.55	7.43	7.55	2201298	17105442.00
2014/05/26	7.55	7.77	7.52	7.76	5059009	40270940.00
2014/05/27	7.75	8.01	7.63	7.86	8115938	65836704.00
2014/05/28	7.77	7.89	7.72	7.80	4224215	34010576.00
2014/05/29	7.77	8.02	7.75	7.83	6309549	51543584.00
2014/05/30	7.88	8.12	7.85	7.95	8174622	67672848.00
2014/06/03	7.90	7.90	7.71	7.75	4772031	38474760.00
2014/06/04	7.74	7.79	7.55	7.70	3186516	25342162.00
2014/06/05	7.66	7.75	7.58	7.72	1932374	15377965.00
2014/06/06	7.72	7.76	7.53	7.55	1637367	12928193.00
2014/06/09	7.51	7.72	7.51	7.59	1669219	13219658.00
2014/06/10	7.60	7.72	7.56	7.68	1765032	14000332.00
2014/06/11	7.68	7.71	7.62	7.68	1520890	12086676.00
2014/06/12	7.63	7.77	7.59	7.73	2614982	20870532.00
2014/06/13	7.69	7.79	7.64	7.76	2869719	22988164.00
2014/06/16	7.73	7.77	7.71	7.73	1886686	15126042.00
2014/06/17	7.75	7.75	7.55	7.56	2182208	17254012.00
2014/06/18	7.56	7.60	7.39	7.40	2787826	21625866.00
2014/06/19	7.40	7.45	7.14	7.16	2426219	18417388.00
2014/06/20	7.18	7.24	7.17	7.23	1106600	8287694.00
2014/06/23	7.27	7.35	7.22	7.29	1492086	11274927.00
2014/06/24	7.31	7.33	7.25	7.32	1099864	8339879.00
2014/06/25	7.31	7.31	7.24	7.25	1134003	8544115.00
2014/06/26	7.26	7.34	7.25	7.30	1318651	10007108.00
2014/06/27	7.31	7.38	7.26	7.36	2352593	17922750.00
2014/06/30	7.38	7.44	7.35	7.39	3000989	23029488.00
2014/07/01	7.40	7.46	7.36	7.44	2817971	21699784.00
2014/07/02	7.45	7.49	7.42	7.46	2461451	19047702.00
2014/07/03	7.46	7.70	7.44	7.68	8458799	66776092.00
2014/07/04	7.73	7.73	7.48	7.51	5200218	39251792.00
2014/07/07	7.51	7.60	7.51	7.53	2103258	15868380.00
2014/07/08	7.53	7.57	7.49	7.54	2543414	19146988.00
2014/07/09	7.54	7.54	7.40	7.40	3115185	23238548.00
2014/07/10	7.40	7.47	7.35	7.44	1958923	14543707.00
2014/07/11	7.43	7.51	7.41	7.48	3094648	23120934.00
2014/07/14	7.48	7.60	7.47	7.59	4898987	36973192.00
2014/07/15	7.60	7.70	7.57	7.70	6460365	49474864.00
2014/07/16	7.70	7.83	7.67	7.78	11459086	89039208.00
2014/07/17	7.77	7.89	7.66	7.84	12333499	96265936.00
2014/07/18	7.78	7.87	7.74	7.80	9276809	72640992.00
2014/07/21	7.78	7.81	7.60	7.64	5933511	45931416.00
2014/07/22	7.60	7.84	7.58	7.80	7438862	57635860.00
2014/07/23	7.76	7.79	7.65	7.67	3507792	27051022.00
2014/07/24	7.62	7.74	7.58	7.64	4882035	37417676.00
2014/07/25	7.64	7.75	7.62	7.73	3174472	24429648.00
2014/07/28	7.75	7.88	7.75	7.86	6232319	48784844.00
2014/07/29	7.87	7.93	7.84	7.87	5684665	44779812.00
2014/07/30	7.86	7.91	7.80	7.90	4930371	38769916.00
2014/07/31	7.87	8.02	7.87	8.00	6619622	52553844.00
2014/08/01	7.98	8.61	7.92	8.14	12657407	103407896.00
2014/08/04	8.21	8.35	8.15	8.29	12849035	105953232.00
2014/08/05	8.26	8.26	8.17	8.23	6109155	50119864.00
2014/08/06	8.20	8.21	8.11	8.18	5409640	44167748.00
2014/08/07	8.16	8.20	8.05	8.07	4756544	38604612.00
2014/08/08	8.07	8.12	8.00	8.09	3558424	28703346.00
2014/08/11	8.09	8.18	8.07	8.17	4608575	37547948.00
2014/08/12	8.18	8.23	8.14	8.20	4439224	36338912.00
2014/08/13	8.22	8.22	8.07	8.15	4416264	35909188.00
2014/08/14	8.13	8.13	8.00	8.02	6030447	48585588.00
2014/08/15	8.04	8.15	7.99	8.12	4366495	35309952.00
2014/08/18	8.15	8.25	8.10	8.25	7870564	64460128.00
2014/08/19	8.25	8.27	8.17	8.24	5924179	48626860.00
2014/08/20	8.24	8.27	8.19	8.25	5828193	48018336.00
2014/08/21	8.24	8.31	8.19	8.28	5690822	46953052.00
2014/08/22	8.30	8.38	8.22	8.34	7136547	59289448.00
2014/08/25	8.36	8.36	8.21	8.23	4113056	33991620.00
2014/08/26	8.23	8.26	8.02	8.06	4236272	34479504.00
2014/08/27	8.08	8.17	8.02	8.11	2646510	21372576.00
2014/08/28	8.10	8.14	8.02	8.03	2575597	20782602.00
2014/08/29	8.05	8.11	8.01	8.10	2101784	16941720.00
2014/09/01	8.11	8.19	8.08	8.18	2871625	23395920.00
2014/09/02	8.20	8.31	8.18	8.28	5885572	48558620.00
2014/09/03	8.28	8.37	8.26	8.33	7944863	66209440.00
2014/09/04	8.33	8.41	8.30	8.40	6073334	50847100.00
2014/09/05	8.40	8.43	8.32	8.37	6015432	50301604.00
2014/09/09	8.38	8.57	8.33	8.50	7382583	62416740.00
2014/09/10	8.53	8.96	8.49	8.87	25076502	220315104.00
2014/09/11	8.82	8.97	8.74	8.85	11877408	105159848.00
2014/09/12	8.83	8.91	8.77	8.89	7260307	64327440.00
2014/09/15	8.90	9.64	8.86	9.38	35975993	335218656.00
2014/09/16	9.35	9.43	9.11	9.21	29015742	269306624.00
2014/09/17	9.18	9.18	9.07	9.11	24277802	221473312.00
2014/09/18	9.15	9.45	9.12	9.25	30269844	281543488.00
2014/09/19	9.23	9.30	8.91	8.93	31678449	288119808.00
2014/09/22	8.88	8.88	8.66	8.68	11406410	99695464.00
2014/09/23	8.69	8.79	8.64	8.76	8041915	70115696.00
2014/09/24	8.76	8.84	8.68	8.83	14419964	126379808.00
2014/09/25	8.83	8.89	8.77	8.80	10943851	96651000.00
2014/09/26	8.82	8.88	8.75	8.84	8365296	73764256.00
2014/09/29	8.99	9.07	8.87	8.93	10756549	96136952.00
2014/09/30	8.93	9.02	8.86	8.99	8645171	77452952.00
2014/10/08	8.99	9.06	8.95	9.04	7583125	68380768.00
2014/10/09	9.08	9.08	8.90	9.03	8159166	73424544.00
2014/10/10	9.00	9.09	8.92	8.94	5849028	52666720.00
2014/10/13	8.88	8.88	8.72	8.82	7229074	63554064.00
2014/10/14	8.80	8.88	8.73	8.80	5587765	49207420.00
2014/10/15	8.80	8.82	8.69	8.82	5094722	44683812.00
2014/10/16	8.76	8.84	8.63	8.64	6416880	56226888.00
2014/10/17	8.62	8.66	8.39	8.55	7423486	63284212.00
2014/10/20	8.53	8.61	8.50	8.57	5021101	42938192.00
2014/10/21	8.58	8.64	8.45	8.51	4853835	41525696.00
2014/10/22	8.49	8.54	8.37	8.38	3983870	33714264.00
2014/10/23	8.35	8.40	8.19	8.22	4342368	35927080.00
2014/10/24	8.25	8.30	8.21	8.25	2766605	22834676.00
2014/10/27	8.23	8.33	8.15	8.30	2799757	23121958.00
2014/10/28	8.30	8.47	8.28	8.46	3564531	29931228.00
2014/10/29	8.44	8.60	8.44	8.58	5088280	43428964.00
2014/10/30	8.58	8.71	8.55	8.63	7076514	61105128.00
2014/10/31	8.60	8.66	8.53	8.64	5543544	47678284.00
2014/11/03	8.61	8.81	8.60	8.77	6807685	59419224.00
2014/11/04	8.76	8.77	8.65	8.68	4282898	37257560.00
2014/11/05	8.70	8.88	8.70	8.73	6720230	59122572.00
2014/11/06	8.72	8.78	8.54	8.74	6275052	54323652.00
2014/11/07	8.89	9.08	8.77	8.82	20710603	185403456.00
2014/11/10	9.00	9.29	8.86	9.15	24025247	219295968.00
2014/11/11	9.15	9.15	8.65	8.71	13527854	120577920.00
2014/11/12	8.71	8.82	8.64	8.79	6674037	58327804.00
2014/11/13	8.80	8.82	8.54	8.64	8081598	69957560.00
2014/11/14	8.64	8.64	8.50	8.56	3985259	34105124.00
2014/11/17	8.56	8.70	8.52	8.69	4595876	39673676.00
2014/11/18	8.81	8.90	8.71	8.83	10248754	90218184.00
2014/11/19	8.74	8.86	8.71	8.82	7352299	64491012.00
2014/11/20	8.79	8.91	8.73	8.86	7592949	67326232.00
2014/11/21	8.86	8.90	8.77	8.89	7002305	61912416.00
2014/11/24	9.00	9.05	8.86	8.95	9890563	88488296.00
2014/11/25	8.94	9.06	8.88	9.02	10061670	90537504.00
2014/11/26	9.05	9.07	8.95	9.07	8994616	80957472.00
2014/11/27	9.05	9.08	8.92	9.02	9341102	84037368.00
2014/11/28	9.00	9.01	8.90	8.97	8779206	78559152.00
2014/12/01	8.96	8.99	8.82	8.85	6517138	58037348.00
2014/12/02	8.85	8.99	8.81	8.96	7522161	67281976.00
2014/12/03	8.96	9.15	8.93	9.15	13846326	124894720.00
2014/12/04	9.12	9.18	9.07	9.14	12545714	114619736.00
2014/12/05	9.15	9.17	8.62	8.80	12602565	112231488.00
2014/12/08	8.75	8.93	8.70	8.85	8880343	78630120.00
2014/12/09	8.84	9.19	8.71	8.76	14490255	129900568.00
2014/12/10	8.77	9.07	8.72	9.05	9523830	84936800.00
2014/12/11	9.05	9.38	8.97	9.34	19902459	183211232.00
2014/12/12	9.35	9.35	9.18	9.31	10815052	100063232.00
2014/12/15	9.28	9.42	9.18	9.40	10452617	97428528.00
2014/12/16	9.40	9.49	9.21	9.27	8174582	75963320.00
2014/12/17	9.24	9.27	9.00	9.09	8761906	79772504.00
2014/12/18	9.08	9.11	8.98	8.99	5890692	53266200.00
2014/12/19	9.00	9.05	8.76	8.90	7311039	64951396.00
2014/12/22	8.89	8.89	8.56	8.63	7853389	68447040.00
2014/12/23	8.64	8.84	8.63	8.65	4568098	39905720.00
2014/12/24	8.67	9.00	8.67	8.97	6918607	61441956.00
2014/12/25	8.98	9.02	8.87	8.95	4639204	41559752.00
2014/12/26	8.92	9.21	8.92	9.12	9387138	85502952.00
2014/12/29	9.14	9.30	8.98	9.22	12871853	117600768.00
2014/12/30	9.16	9.39	9.09	9.12	12605567	116643352.00
2014/12/31	9.18	9.19	8.96	9.14	6870612	62481832.00
2015/01/05	9.14	9.36	9.13	9.28	11726243	108558784.00
2015/01/06	9.20	9.38	9.12	9.37	12599743	116680160.00
2015/01/07	9.82	10.31	9.70	10.19	45312231	455460192.00
2015/01/08	9.98	10.33	9.91	10.27	22279221	226231248.00
2015/01/09	10.50	10.74	9.95	9.96	19951303	204772320.00
2015/01/12	9.82	9.91	9.58	9.80	10422228	101458888.00
2015/01/13	9.93	10.66	9.93	10.48	26278852	271578016.00
2015/01/14	10.48	10.48	10.05	10.08	13149794	134428208.00
2015/01/15	10.01	10.27	9.90	10.17	8410602	85253984.00
2015/01/16	10.16	10.25	9.99	10.15	8073875	81605832.00
2015/01/19	9.88	10.04	9.40	9.54	10899487	106640096.00
2015/01/20	9.55	9.88	9.55	9.86	8620725	83694968.00
2015/01/21	9.81	10.05	9.81	10.00	8446854	84052296.00
2015/01/22	10.02	10.12	9.86	10.04	9024287	90305824.00
2015/01/23	10.05	10.10	9.75	9.91	7657872	75852264.00
2015/01/26	9.91	10.16	9.78	10.15	8312763	83464464.00
2015/01/27	10.15	10.25	9.94	10.16	9982485	100877568.00
2015/01/28	10.11	10.35	10.04	10.23	11271258	115243648.00
2015/01/29	10.03	10.06	9.81	9.90	8881908	88234576.00
2015/01/30	9.93	9.94	9.61	9.61	7395946	71932880.00
2015/02/02	9.60	9.60	9.41	9.44	5561125	52776476.00
2015/02/03	9.46	9.60	9.40	9.57	6282386	59698680.00
2015/02/04	9.59	9.60	9.38	9.38	5629189	53391812.00
2015/02/05	9.49	9.51	9.35	9.36	4226212	39813376.00
2015/02/06	9.35	9.36	8.92	8.99	9630332	87467752.00
2015/02/09	8.93	9.06	8.93	9.01	3047756	27450052.00
2015/02/10	9.00	9.09	9.00	9.07	3339927	30180380.00
2015/02/11	9.09	9.21	9.01	9.19	4248903	38679376.00
2015/02/12	9.19	9.22	9.10	9.20	2667344	24434028.00
2015/02/13	9.23	9.36	9.23	9.26	4138178	38472008.00
2015/02/16	9.27	9.37	9.26	9.34	4564744	42508396.00
2015/02/17	9.37	9.56	9.34	9.46	4840127	45571084.00
2015/02/25	9.48	9.48	9.32	9.34	3983820	37399888.00
2015/02/26	9.34	9.65	9.31	9.64	8843636	84141472.00
2015/02/27	9.66	9.84	9.66	9.73	10024183	97852376.00
2015/03/02	9.82	9.88	9.66	9.81	9101128	88761112.00
2015/03/03	9.80	9.80	9.68	9.73	7356856	71576896.00
2015/03/04	9.78	10.03	9.74	10.01	10110796	99955696.00
2015/03/05	9.88	9.97	9.82	9.90	9058656	89546344.00
2015/03/06	9.92	9.99	9.67	9.87	6859486	67302880.00
2015/03/09	9.78	10.12	9.73	10.04	9013050	89636976.00
2015/03/10	10.02	10.10	9.95	10.06	7738010	77640704.00
2015/03/11	10.04	10.08	9.79	9.93	10590646	104782776.00
2015/03/12	9.90	10.09	9.85	9.98	12702123	126612536.00
2015/03/13	9.98	10.13	9.97	10.00	8694289	87234224.00
2015/03/16	10.05	10.20	10.03	10.10	24271779	245455424.00
2015/03/17	10.13	10.32	10.05	10.25	21019715	214499120.00
2015/03/18	10.20	10.39	10.15	10.34	17541430	179985136.00
2015/03/19	10.33	10.63	10.26	10.58	28304405	295223424.00
2015/03/20	10.46	10.66	10.31	10.44	19933983	207717248.00
2015/03/23	10.43	10.60	10.40	10.56	18501279	194824672.00
2015/03/24	10.56	10.56	10.09	10.40	20854992	215576256.00
2015/03/25	10.35	10.88	10.27	10.82	33136811	350499808.00
2015/03/26	10.72	10.85	10.60	10.77	21458643	230194448.00
2015/03/27	10.80	11.32	10.65	10.95	35321822	387272832.00
2015/03/30	11.06	11.79	11.00	11.47	36710034	419426880.00
2015/03/31	11.64	11.70	11.22	11.28	22149057	251700432.00
2015/04/01	11.20	11.78	11.20	11.63	21539535	247905792.00
2015/04/02	11.63	11.70	11.40	11.68	18733099	216460944.00
2015/04/03	11.59	11.98	11.53	11.74	18367271	215488976.00
2015/04/07	11.74	11.94	11.65	11.91	18940573	223936688.00
2015/04/08	11.90	11.97	11.40	11.59	19782159	230837440.00
2015/04/09	11.52	11.53	10.85	11.23	19260223	215563568.00
2015/04/10	11.10	11.50	11.07	11.46	12534439	142652176.00
2015/04/13	11.50	11.76	11.46	11.69	16202976	188848336.00
2015/04/14	11.79	12.04	11.60	11.85	19740916	233811984.00
2015/04/15	11.80	11.80	11.14	11.19	16007726	182694880.00
2015/04/16	11.02	11.38	10.87	11.28	13341480	148952160.00
2015/04/17	11.35	11.64	11.18	11.55	21625431	246975168.00
2015/04/20	11.55	12.10	11.30	11.74	29945827	353912736.00
2015/04/21	11.89	12.66	11.76	12.46	29667213	361800544.00
2015/04/22	12.51	12.87	12.32	12.45	26489162	331780064.00
2015/04/23	12.46	12.70	12.26	12.51	20547284	256604784.00
2015/04/24	12.20	12.29	11.96	12.18	19254937	233768752.00
2015/04/27	12.23	12.45	12.10	12.27	16679847	204664736.00
2015/04/28	12.27	12.27	11.59	11.69	15511761	184085392.00
2015/04/29	11.71	12.40	11.40	12.28	14760731	176858560.00
2015/04/30	12.30	12.40	12.01	12.03	12937929	157389328.00
2015/05/05	11.95	11.95	11.95	11.95	0	0.00
数据来源:通达信
