600236 桂冠电力 日线 前复权
      日期	    开盘	    最高	    最低	    收盘	    成交量	    成交额
2011/10/10	4.20	4.22	4.15	4.17	1389874	5972301.00
2011/10/11	4.24	4.30	4.14	4.17	1625286	7035079.00
2011/10/12	4.18	4.32	4.15	4.31	2628450	11523972.00
2011/10/13	4.28	4.34	4.23	4.31	7030222	30933464.00
2011/10/14	4.27	4.28	4.23	4.27	2185793	9564863.00
2011/10/17	4.27	4.31	4.25	4.31	2953069	13000618.00
2011/10/18	4.28	4.30	4.20	4.20	2703304	11779660.00
2011/10/19	4.20	4.25	4.16	4.21	1770602	7655777.00
2011/10/20	4.25	4.26	4.15	4.21	3852008	16613127.00
2011/10/21	4.16	4.23	4.12	4.15	1333057	5687581.00
2011/10/24	4.13	4.23	4.07	4.21	2328246	9933510.00
2011/10/25	4.18	4.29	4.16	4.27	2781576	12126999.00
2011/10/26	4.27	4.34	4.22	4.29	3311183	14619276.00
2011/10/27	4.28	4.39	4.25	4.34	4058752	18090160.00
2011/10/28	4.38	4.40	4.33	4.36	3788271	16954672.00
2011/10/31	4.34	4.36	4.28	4.35	5294537	23458268.00
2011/11/01	4.31	4.47	4.29	4.43	6375776	28950058.00
2011/11/02	4.28	4.46	4.28	4.46	3901552	17577216.00
2011/11/03	4.46	4.49	4.43	4.44	4704318	21550500.00
2011/11/04	4.48	4.48	4.38	4.43	3786239	17214664.00
2011/11/07	4.43	4.47	4.39	4.42	1977358	8991577.00
2011/11/08	4.42	4.46	4.40	4.43	3197886	14565709.00
2011/11/09	4.43	4.43	4.35	4.41	4086469	18402052.00
2011/11/10	4.38	4.38	4.32	4.32	2905061	12950444.00
2011/11/11	4.31	4.34	4.25	4.27	2856623	12597706.00
2011/11/14	4.33	4.47	4.32	4.44	7487970	33839208.00
2011/11/15	4.43	4.68	4.41	4.60	14193521	66680480.00
2011/11/16	4.57	4.57	4.44	4.50	5726552	26371052.00
2011/11/17	4.48	4.91	4.46	4.73	24273594	118095672.00
2011/11/18	4.71	4.72	4.60	4.69	6829323	32596676.00
2011/11/21	4.68	4.73	4.50	4.64	5347726	25181504.00
2011/11/22	4.58	4.85	4.53	4.83	13813891	67254224.00
2011/11/23	4.84	4.87	4.73	4.75	6083811	29939422.00
2011/11/24	4.74	4.75	4.62	4.69	5339679	25614964.00
2011/11/25	4.67	4.80	4.57	4.63	4094504	19664300.00
2011/11/28	4.63	4.80	4.63	4.76	7682505	37326868.00
2011/11/29	4.77	4.82	4.73	4.79	8521362	41712284.00
2011/11/30	4.81	4.81	4.56	4.61	5767122	27648518.00
2011/12/01	4.75	4.76	4.46	4.49	17274486	80942432.00
2011/12/02	4.42	4.46	4.18	4.26	10281530	44862000.00
2011/12/05	4.21	4.24	4.10	4.11	3625001	15448804.00
2011/12/06	4.07	4.18	4.07	4.14	2246984	9573227.00
2011/12/07	4.12	4.17	4.08	4.11	2939164	12443990.00
2011/12/08	4.11	4.11	3.96	4.01	5223705	21600342.00
2011/12/09	3.98	4.06	3.97	4.01	1705165	7048061.00
2011/12/12	4.02	4.06	3.97	4.00	1316681	5413191.00
2011/12/13	4.01	4.01	3.79	3.81	4139233	16507244.00
2011/12/14	3.81	3.89	3.76	3.83	2417604	9592850.00
2011/12/15	3.84	3.87	3.75	3.83	2983065	11749147.00
2011/12/16	3.83	3.89	3.80	3.87	3396748	13466536.00
2011/12/19	3.88	3.91	3.82	3.88	2540664	10099748.00
2011/12/20	3.87	3.91	3.85	3.87	2234832	8940163.00
2011/12/21	3.91	3.92	3.78	3.79	1802102	7158976.00
2011/12/22	3.79	3.79	3.54	3.58	9649019	36049048.00
2011/12/23	3.58	3.66	3.51	3.61	3422951	12752151.00
2011/12/26	3.63	3.66	3.57	3.62	1677897	6292345.00
2011/12/27	3.65	3.65	3.55	3.56	1582971	5845755.00
2011/12/28	3.56	3.56	3.45	3.51	2200983	7942477.00
2011/12/29	3.51	3.55	3.47	3.52	1229153	4473669.00
2011/12/30	3.52	3.72	3.52	3.67	2786321	10444765.00
2012/01/04	3.69	3.75	3.60	3.60	2285905	8697029.00
2012/01/05	3.55	3.63	3.52	3.57	1874401	6904683.00
2012/01/06	3.53	3.66	3.48	3.62	3128482	11504388.00
2012/01/09	3.62	3.72	3.59	3.70	2449888	9284241.00
2012/01/11	3.85	3.90	3.75	3.80	9338593	36779260.00
2012/01/12	3.76	3.85	3.74	3.75	4507591	17623372.00
2012/01/13	3.74	3.77	3.59	3.62	3631699	13708161.00
2012/01/16	3.61	3.63	3.47	3.49	4758989	17371034.00
2012/01/17	3.48	3.69	3.46	3.66	6773668	25005700.00
2012/01/18	3.66	3.71	3.57	3.59	5734104	21433566.00
2012/01/19	3.59	3.63	3.55	3.62	2544497	9470977.00
2012/01/20	3.62	3.66	3.60	3.66	3560298	13376473.00
2012/01/30	3.66	3.73	3.65	3.68	3489873	13328852.00
2012/01/31	3.68	3.73	3.66	3.71	1748488	6669841.00
2012/02/01	3.73	3.74	3.66	3.67	2061900	7873586.00
2012/02/02	3.66	3.69	3.57	3.68	5417052	20307780.00
2012/02/03	3.68	3.73	3.66	3.73	3987201	15253146.00
2012/02/06	3.73	3.77	3.71	3.72	2626240	10112976.00
2012/02/07	3.71	3.71	3.64	3.66	2042427	7733627.00
2012/02/08	3.65	3.71	3.62	3.71	4845634	18393100.00
2012/02/09	3.70	3.74	3.69	3.74	6733203	25884224.00
2012/02/10	3.72	3.80	3.70	3.75	4545055	17589080.00
2012/02/13	3.75	3.78	3.67	3.77	6085405	23408524.00
2012/02/14	3.76	3.76	3.69	3.73	4571338	17558180.00
2012/02/15	3.71	3.82	3.70	3.81	7846975	30610328.00
2012/02/16	3.81	3.93	3.80	3.92	14439012	57648188.00
2012/02/17	3.94	3.96	3.83	3.88	5469250	21796192.00
2012/02/20	3.91	3.91	3.84	3.87	5586308	22299146.00
2012/02/21	3.87	3.88	3.80	3.87	3375246	13367163.00
2012/02/22	3.88	3.90	3.80	3.90	6893294	27467724.00
2012/02/23	3.89	3.95	3.86	3.95	7399994	29736020.00
2012/02/24	3.95	3.97	3.92	3.95	5859295	23869384.00
2012/02/27	3.96	4.08	3.95	3.99	8445079	34941904.00
2012/02/28	3.99	4.03	3.92	3.98	6579454	26930088.00
2012/02/29	3.99	4.04	3.87	3.90	9292925	37793088.00
2012/03/01	3.90	3.92	3.87	3.90	5471985	21974444.00
2012/03/02	3.91	3.97	3.89	3.97	5569684	22572808.00
2012/03/05	3.96	4.00	3.92	3.93	4759123	19390052.00
2012/03/06	3.92	3.94	3.83	3.84	5604362	22390894.00
2012/03/07	3.81	3.87	3.81	3.83	3177307	12573276.00
2012/03/08	3.86	3.90	3.83	3.88	7916797	31495220.00
2012/03/09	3.88	3.95	3.84	3.94	8887663	35620208.00
2012/03/12	3.94	3.95	3.88	3.91	4798480	19305266.00
2012/03/13	3.92	3.99	3.90	3.99	8206969	33362496.00
2012/03/14	3.98	4.08	3.85	3.87	19730138	81405416.00
2012/03/15	3.88	3.93	3.80	3.83	5228031	20717700.00
2012/03/16	3.83	4.00	3.83	3.97	9661256	39176152.00
2012/03/19	3.96	4.03	3.93	4.01	7775831	31878358.00
2012/03/20	4.00	4.11	3.94	3.97	11050060	45808188.00
2012/03/21	3.98	4.00	3.88	3.94	5777871	23355872.00
2012/03/22	3.94	3.94	3.89	3.90	3197885	12890991.00
2012/03/23	3.93	3.93	3.81	3.83	4271318	16974252.00
2012/03/26	3.82	3.86	3.81	3.83	2059486	8149173.00
2012/03/27	3.83	3.85	3.79	3.80	2410005	9493518.00
2012/03/28	3.79	3.80	3.58	3.60	5175220	19666456.00
2012/03/29	3.59	3.62	3.57	3.61	3734993	13885317.00
2012/03/30	3.62	3.69	3.59	3.69	4580791	17301892.00
2012/04/05	3.69	3.74	3.66	3.74	3107021	11903913.00
2012/04/06	3.74	3.74	3.68	3.71	2372859	9077649.00
2012/04/09	3.71	3.71	3.61	3.62	4743195	17888294.00
2012/04/10	3.62	3.71	3.58	3.70	3871882	14483161.00
2012/04/11	3.66	3.70	3.64	3.69	2860591	10827784.00
2012/04/12	3.70	3.74	3.66	3.74	5883580	22531988.00
2012/04/13	3.73	3.75	3.70	3.74	6451194	24807072.00
2012/04/16	3.71	3.81	3.70	3.76	6593509	25581010.00
2012/04/17	3.76	3.80	3.70	3.75	5689913	21973536.00
2012/04/18	3.75	3.83	3.72	3.81	6826930	26683380.00
2012/04/19	3.81	3.82	3.75	3.76	5805581	22611124.00
2012/04/20	3.77	3.83	3.72	3.79	5840970	22715332.00
2012/04/23	3.76	3.76	3.68	3.70	8039203	30833364.00
2012/04/24	3.69	3.71	3.58	3.67	7191609	27080022.00
2012/04/25	3.67	3.68	3.59	3.68	6731508	25187944.00
2012/04/26	3.72	3.74	3.68	3.69	5934160	22676126.00
2012/04/27	3.70	3.71	3.61	3.66	5196343	19509280.00
2012/05/02	3.67	3.71	3.66	3.68	6062653	23036446.00
2012/05/03	3.68	3.69	3.64	3.66	4756076	17987244.00
2012/05/04	3.66	3.68	3.59	3.67	4190164	15740203.00
2012/05/07	3.66	3.70	3.62	3.69	5296406	20076710.00
2012/05/08	3.70	3.71	3.66	3.68	3186230	12103556.00
2012/05/09	3.68	3.68	3.59	3.63	5712617	21338308.00
2012/05/10	3.62	3.63	3.59	3.62	2650540	9887275.00
2012/05/11	3.62	3.63	3.60	3.63	2604575	9732931.00
2012/05/15	3.62	3.65	3.58	3.62	2790081	10393465.00
2012/05/16	3.62	3.63	3.60	3.61	1743367	6500555.00
2012/05/17	3.62	3.64	3.59	3.63	2230838	8330781.00
2012/05/18	3.62	3.69	3.62	3.66	5751629	21740642.00
2012/05/21	3.66	3.68	3.63	3.66	2588668	9762535.00
2012/05/22	3.67	3.68	3.63	3.66	3426515	12927421.00
2012/05/23	3.66	3.67	3.62	3.63	3063245	11543554.00
2012/05/24	3.64	3.65	3.59	3.62	3719303	13881552.00
2012/05/25	3.63	3.63	3.57	3.59	3015234	11175479.00
2012/05/28	3.59	3.70	3.51	3.68	8366512	30978324.00
2012/05/29	3.64	3.72	3.62	3.69	7557575	28662108.00
2012/05/30	3.69	3.69	3.66	3.67	4184337	15881971.00
2012/05/31	3.66	3.69	3.64	3.67	3121721	11810937.00
2012/06/01	3.67	3.68	3.64	3.67	2295233	8679205.00
2012/06/04	3.64	3.65	3.59	3.60	3053079	11399806.00
2012/06/05	3.60	3.72	3.60	3.70	11615766	44273424.00
2012/06/06	3.69	3.82	3.68	3.78	15212202	59063384.00
2012/06/07	3.81	3.82	3.73	3.76	6977205	27087976.00
2012/06/08	3.79	3.80	3.74	3.77	5361153	20728572.00
2012/06/11	3.77	3.94	3.76	3.90	12471237	49401960.00
2012/06/12	3.88	3.89	3.81	3.85	4530174	17816484.00
2012/06/13	3.85	4.12	3.84	4.03	21511787	88359600.00
2012/06/14	4.02	4.11	3.98	3.99	9111436	37559464.00
2012/06/15	3.99	4.06	3.89	3.91	8422112	34074888.00
2012/06/18	3.93	4.14	3.93	3.96	10637579	43657580.00
2012/06/19	3.98	4.06	3.88	3.91	9830078	39843108.00
2012/06/20	3.91	3.99	3.86	3.91	4975835	20021668.00
2012/06/21	3.91	3.95	3.87	3.95	3121874	12492317.00
2012/06/25	3.95	4.03	3.91	3.96	6096459	24843956.00
2012/06/26	3.97	4.06	3.95	3.97	9766950	40066888.00
2012/06/27	3.97	4.03	3.89	3.90	4770551	19358296.00
2012/06/28	3.94	3.94	3.81	3.82	5244389	20703596.00
2012/06/29	3.82	3.93	3.81	3.87	4664205	18482334.00
2012/07/02	3.88	3.93	3.81	3.90	3914674	15473481.00
2012/07/03	3.90	3.94	3.84	3.86	4347469	17286816.00
2012/07/04	3.94	3.94	3.79	3.81	6367171	24965948.00
2012/07/05	3.81	3.82	3.76	3.78	2957822	11469820.00
2012/07/06	3.81	3.85	3.78	3.84	3553245	13860588.00
2012/07/09	3.81	3.81	3.66	3.68	12695910	48343460.00
2012/07/10	3.67	3.70	3.59	3.63	5142614	19093896.00
2012/07/11	3.61	3.67	3.60	3.63	2639298	9820086.00
2012/07/12	3.62	3.67	3.60	3.64	2607683	9733734.00
2012/07/13	3.64	3.72	3.62	3.69	3321681	12574914.00
2012/07/16	3.68	3.74	3.63	3.64	3052720	11509740.00
2012/07/17	3.66	3.70	3.63	3.66	1750624	6561778.00
2012/07/18	3.71	3.72	3.63	3.68	2182458	8188204.00
2012/07/19	3.67	3.70	3.61	3.67	2618494	9852923.00
2012/07/20	3.66	3.74	3.64	3.69	2939948	11106058.00
2012/07/23	3.69	3.69	3.58	3.60	2930544	10857899.00
2012/07/24	3.58	3.63	3.58	3.61	1642259	6063622.00
2012/07/25	3.63	3.63	3.56	3.58	2785641	10220280.00
2012/07/26	3.59	3.59	3.54	3.56	1324014	4834976.00
2012/07/27	3.56	3.58	3.52	3.53	1347609	4896788.00
2012/07/30	3.53	3.57	3.53	3.54	1406559	5119621.00
2012/07/31	3.55	3.56	3.42	3.44	3862577	13741454.00
2012/08/01	3.44	3.50	3.43	3.45	1305878	4637515.00
2012/08/02	3.45	3.48	3.31	3.34	4291135	14917817.00
2012/08/03	3.36	3.41	3.34	3.39	2009134	6942271.00
2012/08/06	3.37	3.44	3.37	3.44	1770594	6196590.00
2012/08/07	3.42	3.44	3.38	3.43	4618642	16121780.00
2012/08/08	3.42	3.45	3.40	3.41	2035081	7141444.00
2012/08/09	3.41	3.43	3.37	3.41	2741880	9581899.00
2012/08/10	3.40	3.49	3.40	3.48	3271540	11607892.00
2012/08/13	3.48	3.48	3.43	3.45	1763799	6234880.00
2012/08/14	3.45	3.46	3.38	3.43	4779045	16740090.00
2012/08/15	3.43	3.43	3.36	3.38	1666600	5794868.00
2012/08/16	3.40	3.40	3.34	3.35	2876640	9924896.00
2012/08/17	3.36	3.37	3.24	3.32	5417220	18330026.00
2012/08/20	3.29	3.30	3.23	3.29	3136099	10524576.00
2012/08/21	3.29	3.33	3.26	3.29	3902711	13199643.00
2012/08/22	3.30	3.30	3.25	3.27	1657709	5569798.00
2012/08/23	3.28	3.28	3.25	3.27	4092500	13708625.00
2012/08/24	3.27	3.30	3.22	3.24	3731966	12507978.00
2012/08/27	3.24	3.26	3.21	3.24	2422814	8058413.00
2012/08/28	3.26	3.28	3.22	3.26	1886907	6303008.00
2012/08/29	3.26	3.27	3.24	3.25	1670593	5580038.00
2012/08/30	3.25	3.27	3.20	3.22	2026465	6738834.00
2012/08/31	3.22	3.23	3.19	3.21	1711760	5646236.00
2012/09/03	3.22	3.25	3.20	3.24	1688603	5600294.00
2012/09/04	3.26	3.27	3.20	3.23	1303197	4324660.00
2012/09/05	3.22	3.27	3.20	3.25	1969288	6552828.00
2012/09/06	3.26	3.26	3.21	3.24	1331194	4416475.00
2012/09/07	3.25	3.37	3.24	3.32	6398375	21747592.00
2012/09/10	3.32	3.34	3.30	3.34	2545843	8678197.00
2012/09/11	3.34	3.34	3.27	3.30	2963799	10019669.00
2012/09/12	3.30	3.32	3.28	3.31	2080862	7058224.00
2012/09/13	3.32	3.32	3.27	3.27	1323580	4477289.00
2012/09/14	3.29	3.30	3.26	3.27	2074501	6982999.00
2012/09/17	3.29	3.29	3.20	3.20	1616194	5373267.00
2012/09/18	3.20	3.22	3.15	3.20	1382015	4534943.00
2012/09/19	3.20	3.21	3.19	3.21	988704	3251903.00
2012/09/20	3.20	3.20	3.08	3.09	1864404	6008059.00
2012/09/21	3.11	3.13	3.07	3.11	945992	3019939.00
2012/09/24	3.10	3.10	3.01	3.05	2442917	7659747.00
2012/09/25	3.05	3.05	2.97	3.00	2120552	6570642.00
2012/09/26	3.02	3.02	2.91	2.93	2380789	7277211.00
2012/09/27	2.94	3.01	2.93	2.99	1630158	4997401.00
2012/09/28	2.99	3.20	2.97	3.14	5194222	16617543.00
2012/10/08	3.14	3.17	3.03	3.05	6987811	22078520.00
2012/10/09	3.06	3.12	3.05	3.09	4731353	15026697.00
2012/10/10	3.09	3.15	3.08	3.15	3884824	12482250.00
2012/10/11	3.15	3.17	3.12	3.13	2772875	8955335.00
2012/10/12	3.12	3.17	3.12	3.15	2800393	9066430.00
2012/10/15	3.15	3.18	3.09	3.13	1978072	6362208.00
2012/10/16	3.09	3.15	3.09	3.12	1736790	5573307.00
2012/10/17	3.12	3.14	3.08	3.11	1067310	3409468.00
2012/10/18	3.14	3.17	3.12	3.17	2711102	8804962.00
2012/10/19	3.16	3.17	3.13	3.15	2329166	7524071.00
2012/10/22	3.13	3.27	3.13	3.20	4860332	16071004.00
2012/10/23	3.20	3.25	3.19	3.23	2701697	8961303.00
2012/10/24	3.22	3.36	3.22	3.33	5083047	17283078.00
2012/10/25	3.34	3.34	3.22	3.25	5980387	20270520.00
2012/10/26	3.23	3.25	3.08	3.12	5836520	18862720.00
2012/10/29	3.11	3.13	3.07	3.10	2136002	6799748.00
2012/10/30	3.09	3.15	3.08	3.14	2003016	6434083.00
2012/10/31	3.14	3.20	3.11	3.18	2508373	8146606.00
2012/11/01	3.18	3.25	3.18	3.22	2885262	9536421.00
2012/11/02	3.22	3.23	3.16	3.22	2045925	6730858.00
2012/11/05	3.21	3.26	3.20	3.25	2285188	7600903.00
2012/11/06	3.25	3.31	3.20	3.30	4803778	16074811.00
2012/11/07	3.30	3.33	3.25	3.30	3124399	10554621.00
2012/11/08	3.28	3.32	3.23	3.24	3848390	12949441.00
2012/11/09	3.23	3.26	3.21	3.25	1565205	5201750.00
2012/11/12	3.26	3.28	3.21	3.24	2088364	6949789.00
2012/11/13	3.22	3.26	3.17	3.26	2187284	7219966.00
2012/11/14	3.24	3.31	3.18	3.30	4278502	14325544.00
2012/11/15	3.28	3.30	3.23	3.29	3385100	11354902.00
2012/11/16	3.26	3.35	3.24	3.34	5260734	17868128.00
2012/11/19	3.32	3.40	3.29	3.39	6638336	22886756.00
2012/11/20	3.40	3.48	3.36	3.46	8986502	31615720.00
2012/11/21	3.47	3.49	3.41	3.49	4643096	16441587.00
2012/11/22	3.47	3.48	3.37	3.44	5059166	17731584.00
2012/11/23	3.39	3.48	3.38	3.48	3368186	11870448.00
2012/11/26	3.46	3.50	3.44	3.45	2453069	8749130.00
2012/11/27	3.45	3.46	3.29	3.35	4412163	15271111.00
2012/11/28	3.35	3.37	3.29	3.36	2090747	7154994.00
2012/11/29	3.34	3.38	3.32	3.36	2199119	7563696.00
2012/11/30	3.36	3.46	3.34	3.45	3595314	12600197.00
2012/12/03	3.45	3.46	3.37	3.39	2080805	7279248.00
2012/12/04	3.39	3.40	3.25	3.38	3013504	10266892.00
2012/12/05	3.35	3.49	3.32	3.43	6386032	22519432.00
2012/12/06	3.40	3.48	3.33	3.34	4237306	14697038.00
2012/12/07	3.33	3.42	3.29	3.40	4163029	14341627.00
2012/12/10	3.40	3.45	3.38	3.44	3796262	13335857.00
2012/12/11	3.43	3.43	3.35	3.39	3697850	12872656.00
2012/12/12	3.37	3.40	3.31	3.37	2472789	8509604.00
2012/12/13	3.32	3.35	3.31	3.33	1223101	4180936.00
2012/12/14	3.32	3.46	3.29	3.44	5491298	19180008.00
2012/12/17	3.44	3.62	3.43	3.61	13616863	49496628.00
2012/12/18	3.62	3.64	3.51	3.57	8630651	31721220.00
2012/12/19	3.53	3.65	3.53	3.64	5839555	21613370.00
2012/12/20	3.60	3.93	3.60	3.89	16981153	65552992.00
2013/02/05	4.27	4.29	3.80	3.97	75997093	316065344.00
2013/02/06	3.82	3.91	3.77	3.83	27005410	105772808.00
2013/02/07	3.79	3.82	3.69	3.71	14114782	53972084.00
2013/02/08	3.70	3.75	3.67	3.71	8553775	32599600.00
2013/02/18	3.74	3.75	3.68	3.69	9250578	35124552.00
2013/02/19	3.70	3.71	3.61	3.62	8264432	30820890.00
2013/02/20	3.62	3.64	3.60	3.63	9266437	34363168.00
2013/02/21	3.62	3.62	3.54	3.56	7839514	28706928.00
2013/02/22	3.56	3.59	3.53	3.58	4012681	14707245.00
2013/02/25	3.60	3.67	3.57	3.65	7711705	28630602.00
2013/02/26	3.65	3.67	3.56	3.57	6447306	23990800.00
2013/02/27	3.57	3.61	3.55	3.58	3247625	11905493.00
2013/02/28	3.59	3.68	3.56	3.66	7869602	29105936.00
2013/03/01	3.65	3.67	3.58	3.62	6052029	22486040.00
2013/03/04	3.62	3.63	3.49	3.51	7890510	28665572.00
2013/03/05	3.50	3.53	3.49	3.52	6178253	22248484.00
2013/03/06	3.53	3.63	3.51	3.62	7461134	27349286.00
2013/03/07	3.61	3.71	3.58	3.66	11771485	44172028.00
2013/03/08	3.66	3.71	3.61	3.62	4647098	17411826.00
2013/03/11	3.63	3.64	3.56	3.58	3289099	12132355.00
2013/03/12	3.56	3.64	3.49	3.52	5935067	21624178.00
2013/03/13	3.52	3.54	3.45	3.47	3439080	12258522.00
2013/03/14	3.46	3.49	3.44	3.45	2818520	9993752.00
2013/03/15	3.44	3.50	3.42	3.46	3155596	11187361.00
2013/03/18	3.46	3.47	3.41	3.42	2507062	8829141.00
2013/03/19	3.42	3.46	3.42	3.46	2141162	7565889.00
2013/03/20	3.47	3.51	3.44	3.51	4769944	17007216.00
2013/03/21	3.49	3.52	3.47	3.49	4434115	15885708.00
2013/03/22	3.49	3.49	3.45	3.47	4681637	16648730.00
2013/03/25	3.47	3.56	3.46	3.55	6165077	22255526.00
2013/03/26	3.54	3.57	3.49	3.52	3916210	14171362.00
2013/03/27	3.53	3.54	3.48	3.50	2657937	9549719.00
2013/03/28	3.49	3.49	3.38	3.39	4567490	15998379.00
2013/03/29	3.39	3.43	3.38	3.43	2218746	7762806.00
2013/04/01	3.42	3.52	3.41	3.44	4141329	14778479.00
2013/04/02	3.43	3.46	3.38	3.40	2319900	8126985.00
2013/04/03	3.39	3.41	3.36	3.39	1827965	6345517.00
2013/04/08	3.33	3.37	3.31	3.34	4875351	16672659.00
2013/04/09	3.35	3.49	3.34	3.48	7052658	24728556.00
2013/04/10	3.46	3.48	3.36	3.42	3429243	12059184.00
2013/04/11	3.42	3.46	3.41	3.41	1404492	4948040.00
2013/04/12	3.41	3.52	3.41	3.52	7604367	27156048.00
2013/04/15	3.51	3.51	3.42	3.46	2830707	10056765.00
2013/04/16	3.46	3.49	3.40	3.48	2622213	9259017.00
2013/04/17	3.47	3.49	3.43	3.47	1351292	4798744.00
2013/04/18	3.44	3.47	3.43	3.45	2311695	8165724.00
2013/04/19	3.45	3.50	3.44	3.50	4922027	17553574.00
2013/04/22	3.46	3.47	3.43	3.47	2497070	8841817.00
2013/04/23	3.46	3.47	3.41	3.47	3479516	12284237.00
2013/04/24	3.47	3.47	3.40	3.44	4856036	17112564.00
2013/04/25	3.41	3.45	3.41	3.44	3046506	10720003.00
2013/04/26	3.44	3.45	3.39	3.40	2387815	8363725.00
2013/05/02	3.37	3.43	3.36	3.39	3234884	11285283.00
2013/05/03	3.39	3.45	3.39	3.42	3382043	11885917.00
2013/05/06	3.41	3.45	3.40	3.44	2642449	9298789.00
2013/05/07	3.45	3.51	3.43	3.50	5327279	19028122.00
2013/05/08	3.52	3.55	3.46	3.54	7111294	25671404.00
2013/05/09	3.55	3.57	3.49	3.51	4325863	15637240.00
2013/05/10	3.51	3.59	3.51	3.56	4832224	17649284.00
2013/05/13	3.56	3.63	3.56	3.62	4538960	16762280.00
2013/05/14	3.62	3.68	3.58	3.66	7452739	27828572.00
2013/05/15	3.68	3.68	3.61	3.63	3831283	14236424.00
2013/05/16	3.63	3.63	3.57	3.59	5025299	18500132.00
2013/05/17	3.59	3.65	3.57	3.62	3716108	13775956.00
2013/05/20	3.62	3.66	3.61	3.65	4212924	15695544.00
2013/05/21	3.65	3.66	3.61	3.63	4736758	17610166.00
2013/05/22	3.64	3.65	3.61	3.62	3740648	13897448.00
2013/05/23	3.62	3.63	3.58	3.60	4149973	15296795.00
2013/05/24	3.65	3.89	3.65	3.84	23323057	90276864.00
2013/05/27	3.77	3.84	3.72	3.78	10740634	41612544.00
2013/05/28	3.78	3.84	3.72	3.81	9026741	34981776.00
2013/05/29	3.81	3.96	3.81	3.93	13457408	53610556.00
2013/05/30	3.91	3.93	3.84	3.91	7305169	29025030.00
2013/05/31	3.91	3.91	3.84	3.89	6705046	26593592.00
2013/06/03	3.87	3.94	3.84	3.85	4216336	16734930.00
2013/06/04	3.83	3.93	3.82	3.91	8009893	31699704.00
2013/06/05	3.89	3.98	3.88	3.98	9369670	37811800.00
2013/06/06	3.97	4.12	3.95	4.07	13625056	56573500.00
2013/06/07	4.05	4.25	4.04	4.20	20608651	88381608.00
2013/06/13	4.17	4.31	3.94	4.23	22659598	96043000.00
2013/06/14	4.23	4.29	4.13	4.16	13879555	59890380.00
2013/06/17	4.06	4.16	3.88	3.92	13676424	56427124.00
2013/06/18	3.86	3.86	3.63	3.71	21838172	82810096.00
2013/06/19	3.65	3.76	3.56	3.74	13989985	52719704.00
2013/06/21	3.52	3.58	3.42	3.48	13224930	47313248.00
2013/06/24	3.47	3.47	3.13	3.18	14277297	48385468.00
2013/06/25	3.18	3.26	2.91	3.21	10692331	34473072.00
2013/06/26	3.22	3.24	3.15	3.20	5277086	17286876.00
2013/06/27	3.20	3.26	3.18	3.21	6519623	21594324.00
2013/06/28	3.21	3.23	3.13	3.14	4085895	13392394.00
2013/07/01	3.15	3.23	3.12	3.21	2899715	9507645.00
2013/07/02	3.22	3.26	3.19	3.23	2778273	9240308.00
2013/07/03	3.23	3.23	3.15	3.20	3715039	12175101.00
2013/07/04	3.19	3.32	3.15	3.26	3537941	11827396.00
2013/07/05	3.27	3.31	3.23	3.27	2659060	8928844.00
2013/07/08	3.27	3.27	3.13	3.16	5323706	17388286.00
2013/07/09	3.18	3.24	3.14	3.23	3028261	9954146.00
2013/07/10	3.22	3.29	3.22	3.28	4430989	14833133.00
2013/07/11	3.28	3.38	3.26	3.36	6571952	22583252.00
2013/07/12	3.36	3.46	3.36	3.42	9514173	33374304.00
2013/07/15	3.42	3.45	3.29	3.44	7393070	25718072.00
2013/07/16	3.42	3.46	3.40	3.46	3896049	13709698.00
2013/07/17	3.47	3.48	3.41	3.44	3168249	11063389.00
2013/07/18	3.43	3.43	3.37	3.39	1882269	6499636.00
2013/07/19	3.40	3.43	3.35	3.35	2773976	9502130.00
2013/07/22	3.35	3.40	3.30	3.40	1783728	6115970.00
2013/07/23	3.43	3.46	3.38	3.45	3351486	11664547.00
2013/07/24	3.46	3.46	3.35	3.39	2625674	9027331.00
2013/07/25	3.39	3.40	3.34	3.37	2135372	7282527.00
2013/07/26	3.37	3.37	3.32	3.36	1569859	5316161.00
2013/07/29	3.32	3.35	3.29	3.31	2470266	8295008.00
2013/07/30	3.32	3.33	3.26	3.29	1695345	5660239.00
2013/07/31	3.31	3.33	3.27	3.29	1620549	5424315.00
2013/08/01	3.31	3.35	3.28	3.34	3773334	12696408.00
2013/08/02	3.34	3.36	3.29	3.34	4144129	13983759.00
2013/08/05	3.33	3.36	3.30	3.35	2250729	7606770.00
2013/08/06	3.33	3.41	3.30	3.38	4204064	14317424.00
2013/08/07	3.37	3.39	3.33	3.35	3069172	10436960.00
2013/08/08	3.32	3.35	3.31	3.33	1776979	5999513.00
2013/08/09	3.33	3.35	3.30	3.34	2261622	7626935.00
2013/08/12	3.35	3.38	3.31	3.38	6226427	21195012.00
2013/08/13	3.38	3.41	3.35	3.40	5680673	19553538.00
2013/08/14	3.39	3.41	3.37	3.38	4995953	17204580.00
2013/08/15	3.36	3.40	3.36	3.37	2503529	8583311.00
2013/08/16	3.37	3.42	3.30	3.30	5524356	18774596.00
2013/08/19	3.29	3.31	3.27	3.30	3440445	11503649.00
2013/08/20	3.31	3.31	3.25	3.25	5080195	16924628.00
2013/08/21	3.26	3.27	3.21	3.24	2891185	9486666.00
2013/08/22	3.23	3.25	3.22	3.23	1666041	5477082.00
2013/08/23	3.23	3.25	3.19	3.24	4024541	13161367.00
2013/08/26	3.24	3.29	3.23	3.28	2916683	9664679.00
2013/08/27	3.28	3.30	3.25	3.30	3008604	10015574.00
2013/08/28	3.28	3.30	3.25	3.26	3774687	12541610.00
2013/08/29	3.28	3.35	3.27	3.34	8213564	27658736.00
2013/08/30	3.34	3.35	3.29	3.33	3634517	12240447.00
2013/09/02	3.33	3.38	3.28	3.37	4577719	15486830.00
2013/09/03	3.37	3.60	3.33	3.49	18993002	66653080.00
2013/09/04	3.49	3.49	3.40	3.43	11099648	38585244.00
2013/09/05	3.42	3.42	3.35	3.36	6026237	20609568.00
2013/09/06	3.35	3.38	3.32	3.36	5132376	17419216.00
2013/09/09	3.35	3.40	3.33	3.40	7070431	24244872.00
2013/09/10	3.40	3.45	3.37	3.44	8356824	28997168.00
2013/09/11	3.45	3.50	3.42	3.50	17604439	61831884.00
2013/09/12	3.50	3.51	3.45	3.47	8453866	29769384.00
2013/09/13	3.47	3.47	3.39	3.40	7223313	25049950.00
2013/09/16	3.40	3.43	3.38	3.40	4634248	15993596.00
2013/09/17	3.42	3.42	3.32	3.33	4647808	15902535.00
2013/09/18	3.34	3.37	3.33	3.37	2184355	7421095.00
2013/09/23	3.39	3.40	3.34	3.39	4526377	15510933.00
2013/09/24	3.40	3.40	3.32	3.34	4685887	15904437.00
2013/09/25	3.34	3.35	3.30	3.31	3724868	12565200.00
2013/09/26	3.30	3.30	3.22	3.23	5503220	18186276.00
2013/09/27	3.24	3.27	3.22	3.25	3032080	9988816.00
2013/09/30	3.25	3.27	3.23	3.26	2012465	6636399.00
2013/10/08	3.26	3.29	3.24	3.29	2785303	9233408.00
2013/10/09	3.29	3.30	3.25	3.28	4165734	13850847.00
2013/10/10	3.34	3.37	3.30	3.31	9654921	32703872.00
2013/10/11	3.31	3.33	3.29	3.32	8063335	27101310.00
2013/10/14	3.31	3.33	3.30	3.32	5808264	19508688.00
2013/10/15	3.32	3.36	3.30	3.35	10820378	36673976.00
2013/10/16	3.34	3.35	3.28	3.29	6293899	21144220.00
2013/10/17	3.30	3.31	3.26	3.28	5538967	18479972.00
2013/10/18	3.26	3.28	3.25	3.27	3482048	11546185.00
2013/10/21	3.27	3.30	3.25	3.29	4807565	15993359.00
2013/10/22	3.28	3.29	3.25	3.27	6857516	22712474.00
2013/10/23	3.27	3.29	3.23	3.24	7295935	24138094.00
2013/10/24	3.24	3.26	3.21	3.22	3498566	11479327.00
2013/10/25	3.22	3.24	3.18	3.19	7389993	24059956.00
2013/10/28	3.18	3.18	3.10	3.13	8206809	26174474.00
2013/10/29	3.14	3.18	3.09	3.12	10984456	34940312.00
2013/10/30	3.12	3.31	3.09	3.25	13105635	42937656.00
2013/10/31	3.22	3.25	3.18	3.20	5968007	19426070.00
2013/11/01	3.20	3.22	3.18	3.20	3363267	10948928.00
2013/11/04	3.22	3.23	3.16	3.19	2981925	9653299.00
2013/11/05	3.18	3.19	3.13	3.17	3733942	11985730.00
2013/11/06	3.18	3.19	3.14	3.16	3478877	11200203.00
2013/11/07	3.16	3.20	3.14	3.15	2985190	9619647.00
2013/11/08	3.15	3.16	3.12	3.14	3004461	9557142.00
2013/11/11	3.15	3.15	3.10	3.12	2240372	7109735.00
2013/11/12	3.13	3.15	3.10	3.15	2071157	6585019.00
2013/11/13	3.16	3.16	3.10	3.10	2083415	6598319.00
2013/11/14	3.10	3.12	3.08	3.10	1922206	6065413.00
2013/11/15	3.10	3.16	3.09	3.15	3214716	10257162.00
2013/11/18	3.17	3.20	3.14	3.20	5563069	17955548.00
2013/11/19	3.20	3.20	3.17	3.18	3606128	11661763.00
2013/11/20	3.20	3.20	3.16	3.19	3236310	10442316.00
2013/11/21	3.18	3.18	3.15	3.16	3524282	11324327.00
2013/11/22	3.17	3.18	3.14	3.15	2841905	9116176.00
2013/11/25	3.16	3.17	3.13	3.14	3507780	11230746.00
2013/11/26	3.17	3.20	3.16	3.19	4833061	15612890.00
2013/11/27	3.22	3.25	3.19	3.22	6976633	22790674.00
2013/11/28	3.21	3.37	3.20	3.33	17957543	59794628.00
2013/11/29	3.31	3.34	3.26	3.34	15640644	52538808.00
2013/12/02	3.35	3.35	3.24	3.30	8828235	29637760.00
2013/12/03	3.28	3.33	3.28	3.31	6598139	22156068.00
2013/12/04	3.33	3.49	3.29	3.36	24061174	82135664.00
2013/12/05	3.33	3.34	3.30	3.31	7891561	26561114.00
2013/12/06	3.30	3.32	3.26	3.28	7613334	25415076.00
2013/12/09	3.30	3.32	3.29	3.31	4325921	14513345.00
2013/12/10	3.32	3.38	3.31	3.32	8231707	27968148.00
2013/12/11	3.32	3.42	3.32	3.34	21340275	72800320.00
2013/12/12	3.34	3.38	3.33	3.35	7231287	24603858.00
2013/12/13	3.34	3.34	3.29	3.30	3866910	12998823.00
2013/12/16	3.28	3.31	3.22	3.22	4352927	14380533.00
2013/12/17	3.23	3.23	3.18	3.18	3323852	10780586.00
2013/12/18	3.18	3.22	3.17	3.20	2629622	8544874.00
2013/12/19	3.20	3.22	3.15	3.16	2980507	9640015.00
2013/12/20	3.16	3.18	3.09	3.09	4954955	15706419.00
2013/12/23	3.09	3.11	3.04	3.05	4791265	14953437.00
2013/12/24	3.06	3.10	3.05	3.07	4529132	14140917.00
2013/12/25	3.08	3.10	3.06	3.10	1657646	5195363.00
2013/12/26	3.10	3.10	3.03	3.05	3358501	10453277.00
2013/12/27	3.05	3.09	3.04	3.08	2958345	9212346.00
2013/12/30	3.09	3.10	3.03	3.06	4410511	13738279.00
2013/12/31	3.06	3.09	3.03	3.08	2817275	8790862.00
2014/01/02	3.08	3.08	3.05	3.06	2090958	6515814.00
2014/01/03	3.05	3.07	3.03	3.04	4101825	12679023.00
2014/01/06	3.04	3.04	2.94	2.96	5553238	16729218.00
2014/01/07	2.96	2.98	2.94	2.95	3504577	10509473.00
2014/01/08	2.95	2.96	2.91	2.92	2646931	7909956.00
2014/01/09	2.90	2.92	2.87	2.88	3311142	9765713.00
2014/01/10	2.87	2.88	2.77	2.82	6008216	17290656.00
2014/01/13	2.82	2.84	2.77	2.79	3144032	8970700.00
2014/01/14	2.79	2.82	2.76	2.81	3514064	9991313.00
2014/01/15	2.81	2.81	2.77	2.80	2056748	5836965.00
2014/01/16	2.80	2.85	2.79	2.82	3964163	11400037.00
2014/01/17	2.81	2.81	2.77	2.77	2798281	7957104.00
2014/01/20	2.78	2.78	2.73	2.74	2557673	7159070.00
2014/01/21	2.75	2.78	2.74	2.75	2451439	6879377.00
2014/01/22	2.76	2.83	2.76	2.83	3495448	9994596.00
2014/01/23	2.85	2.92	2.85	2.88	5123985	15021626.00
2014/01/24	2.88	2.97	2.88	2.93	7256766	21744980.00
2014/01/27	2.93	2.93	2.85	2.86	3969252	11651882.00
2014/01/28	2.85	2.91	2.85	2.91	2121592	6201362.00
2014/01/29	2.89	2.95	2.88	2.94	2122498	6313729.00
2014/01/30	2.95	2.95	2.90	2.90	1692780	5011930.00
2014/02/07	2.87	2.91	2.86	2.90	1351589	3974318.00
2014/02/10	2.89	2.96	2.89	2.96	3855248	11489499.00
2014/02/11	2.95	2.95	2.89	2.93	8967111	26581648.00
2014/02/12	2.93	2.93	2.89	2.92	5904570	17469184.00
2014/02/13	2.91	2.92	2.89	2.89	4527470	13388087.00
2014/02/14	2.90	2.94	2.89	2.93	3776282	11202936.00
2014/02/17	2.93	2.97	2.92	2.96	5216242	15623976.00
2014/02/18	2.95	2.95	2.90	2.91	4030903	12001196.00
2014/02/19	2.91	2.96	2.89	2.96	5738824	17136596.00
2014/02/20	2.96	3.02	2.95	3.00	10993392	33492042.00
2014/02/21	2.99	3.00	2.91	2.94	6191419	18566894.00
2014/02/24	2.92	2.93	2.85	2.86	4477991	13097754.00
2014/02/25	2.87	2.88	2.77	2.78	4850638	14002768.00
2014/02/26	2.78	2.81	2.77	2.81	3326055	9446684.00
2014/02/27	2.81	2.92	2.79	2.85	6456783	18652810.00
2014/02/28	2.85	2.94	2.84	2.89	8510396	25115696.00
2014/03/03	2.90	2.94	2.88	2.90	5992691	17752414.00
2014/03/04	2.90	2.93	2.88	2.92	4804370	14209856.00
2014/03/05	2.91	2.97	2.90	2.94	5611230	16733900.00
2014/03/06	2.93	2.95	2.89	2.91	3964457	11750628.00
2014/03/07	2.92	2.96	2.91	2.94	4720865	14126653.00
2014/03/10	2.93	2.93	2.81	2.83	4302475	12550719.00
2014/03/11	2.82	2.84	2.80	2.82	2640515	7575521.00
2014/03/12	2.82	2.87	2.81	2.87	3353295	9711357.00
2014/03/13	2.92	3.10	2.92	2.96	15129254	46359372.00
2014/03/14	2.93	2.93	2.86	2.88	7802065	22908686.00
2014/03/17	2.87	2.91	2.86	2.89	3266022	9579023.00
2014/03/18	2.89	3.02	2.88	2.97	7975346	23881496.00
2014/03/19	2.97	3.02	2.93	3.00	9667746	29413228.00
2014/03/20	2.99	2.99	2.91	2.92	5154696	15489922.00
2014/03/21	2.91	2.99	2.90	2.99	5434974	16318884.00
2014/03/24	3.00	3.03	2.99	3.02	6116120	18729648.00
2014/03/25	3.01	3.09	2.98	3.04	10120671	31468888.00
2014/03/26	3.02	3.05	3.01	3.02	5074084	15610220.00
2014/03/27	3.01	3.02	2.98	2.98	3881647	11846184.00
2014/03/28	2.97	2.99	2.95	2.95	3783609	11418047.00
2014/03/31	2.95	3.01	2.95	2.98	4398940	13310299.00
2014/04/01	2.91	2.94	2.87	2.92	5712484	16894468.00
2014/04/02	2.92	2.93	2.90	2.92	4629312	13727198.00
2014/04/03	2.92	2.92	2.85	2.91	7967551	23395740.00
2014/04/04	2.90	3.05	2.88	3.02	12928297	39281340.00
2014/04/08	3.00	3.01	2.93	2.99	9448996	28609976.00
2014/04/09	2.99	3.00	2.96	2.99	4465603	13544801.00
2014/04/10	2.98	3.01	2.97	2.99	5138304	15623417.00
2014/04/11	2.96	3.00	2.94	2.96	5297248	15948089.00
2014/04/14	2.96	2.96	2.92	2.94	4296809	12819432.00
2014/04/15	2.94	2.94	2.91	2.93	3514231	10454573.00
2014/04/16	2.91	2.94	2.91	2.94	3395393	10111711.00
2014/04/17	2.94	2.95	2.92	2.92	2050549	6114034.00
2014/04/18	2.92	2.95	2.91	2.94	2597015	7740337.00
2014/04/21	2.92	2.95	2.89	2.90	2932866	8708516.00
2014/04/22	2.89	2.91	2.86	2.88	2835050	8305307.00
2014/04/23	2.88	2.91	2.86	2.89	3426270	10031364.00
2014/04/24	2.86	2.87	2.80	2.81	7923996	22800278.00
2014/04/25	2.80	2.82	2.78	2.78	3539586	10061905.00
2014/04/28	2.78	2.78	2.71	2.72	3996813	11113290.00
2014/04/29	2.72	2.75	2.70	2.74	2722065	7545338.00
2014/04/30	2.75	2.76	2.73	2.76	1676469	4689307.00
2014/05/05	2.76	2.76	2.70	2.74	2420748	6717331.00
2014/05/06	2.73	2.76	2.71	2.75	2861393	7966975.00
2014/05/07	2.75	2.75	2.72	2.72	1264009	3505844.00
2014/05/08	2.72	2.75	2.70	2.71	2195220	6085009.00
2014/05/09	2.71	2.72	2.68	2.71	3016267	8301381.00
2014/05/12	2.71	2.77	2.71	2.77	4121665	11539095.00
2014/05/13	2.76	2.77	2.74	2.76	2284185	6405316.00
2014/05/14	2.76	2.77	2.75	2.76	1374390	3859083.00
2014/05/15	2.77	2.77	2.71	2.72	2249720	6285177.00
2014/05/16	2.71	2.73	2.69	2.73	1395990	3848883.00
2014/05/19	2.72	2.72	2.68	2.70	1495106	4103819.00
2014/05/20	2.71	2.72	2.69	2.71	1332603	3673007.00
2014/05/21	2.71	2.72	2.69	2.72	2377560	6548032.00
2014/05/22	2.71	2.74	2.71	2.71	2433496	6754293.00
2014/05/23	2.72	2.73	2.70	2.73	940573	2599859.00
2014/05/26	2.74	2.75	2.72	2.73	1606450	4473928.00
2014/05/27	2.73	2.75	2.73	2.74	2025583	5649321.00
2014/05/28	2.75	2.75	2.72	2.75	2576662	7172368.00
2014/05/29	2.75	2.75	2.72	2.72	1590979	4425880.00
2014/05/30	2.72	2.73	2.71	2.72	912834	2528342.00
2014/06/03	2.71	2.76	2.71	2.75	2621032	7330407.00
2014/06/04	2.75	2.76	2.73	2.75	3856848	10767158.00
2014/06/05	2.75	2.76	2.73	2.75	2209029	6168886.00
2014/06/06	2.76	2.76	2.74	2.76	1965615	5504924.00
2014/06/09	2.76	2.76	2.74	2.74	1750100	4893640.00
2014/06/10	2.74	2.75	2.72	2.74	2075237	5784402.00
2014/06/11	2.74	2.75	2.73	2.74	2980764	8300819.00
2014/06/12	2.74	2.74	2.71	2.73	2393768	6640924.00
2014/06/13	2.73	2.74	2.71	2.74	4620632	12825304.00
2014/06/16	2.74	2.74	2.73	2.73	3651798	10165298.00
2014/06/17	2.73	2.75	2.72	2.73	1990795	5539693.00
2014/06/18	2.73	2.75	2.72	2.73	2440702	6782756.00
2014/06/19	2.74	2.74	2.67	2.68	3202208	8801164.00
2014/06/20	2.68	2.69	2.66	2.69	1778296	4845006.00
2014/06/23	2.70	2.71	2.69	2.70	1504231	4060557.00
2014/06/24	2.70	2.71	2.69	2.71	1623995	4386104.00
2014/06/25	2.71	2.72	2.70	2.71	1408263	3814582.00
2014/06/26	2.71	2.73	2.71	2.72	2150800	5857972.00
2014/06/27	2.73	2.74	2.71	2.73	2791640	7611499.00
2014/06/30	2.73	2.76	2.72	2.75	2910275	7999709.00
2014/07/01	2.74	2.76	2.73	2.75	2489841	6832710.00
2014/07/02	2.75	2.78	2.73	2.77	3071535	8475396.00
2014/07/03	2.77	2.80	2.76	2.80	3453736	9624527.00
2014/07/04	2.80	2.80	2.77	2.78	2041845	5679186.00
2014/07/07	2.83	2.92	2.83	2.84	14678575	42105852.00
2014/07/08	2.82	2.86	2.80	2.85	5776710	16334891.00
2014/07/09	2.85	2.85	2.80	2.80	5417343	15300609.00
2014/07/10	2.81	2.97	2.81	2.89	9564451	27573518.00
2014/07/11	2.87	2.92	2.87	2.89	7369422	21415416.00
2014/07/14	2.89	2.92	2.89	2.90	4031942	11706740.00
2014/07/15	2.89	2.92	2.88	2.91	4047116	11747666.00
2014/07/16	2.92	2.96	2.90	2.96	9247045	27145468.00
2014/07/17	2.97	2.97	2.90	2.92	5112744	14954998.00
2014/07/18	2.91	2.94	2.90	2.93	3991765	11665600.00
2014/07/21	2.92	2.93	2.90	2.91	1954375	5690393.00
2014/07/22	2.90	2.91	2.89	2.90	4587913	13307828.00
2014/07/23	2.90	2.94	2.89	2.91	5029905	14640772.00
2014/07/24	2.91	2.92	2.89	2.91	4941777	14338749.00
2014/07/25	2.91	2.93	2.90	2.93	3695589	10772057.00
2014/07/28	2.94	3.00	2.93	2.98	9004225	26749856.00
2014/07/29	2.99	3.00	2.96	2.99	7698789	22946112.00
2014/07/30	2.98	2.99	2.97	2.98	4304310	12826164.00
2014/07/31	2.98	2.99	2.97	2.99	3218001	9589112.00
2014/08/01	2.98	3.04	2.98	3.00	7769699	23432564.00
2014/08/04	2.99	3.05	2.99	3.03	6647681	20069688.00
2014/08/05	3.04	3.05	3.01	3.03	5889854	17821350.00
2014/08/06	3.03	3.03	2.99	3.03	6797159	20486516.00
2014/08/07	3.03	3.03	3.00	3.02	5770223	17399178.00
2014/08/08	3.01	3.03	3.01	3.03	3780171	11421551.00
2014/08/11	3.03	3.15	3.03	3.12	11051530	34200880.00
2014/08/12	3.14	3.17	3.11	3.15	9052526	28488084.00
2014/08/13	3.14	3.47	3.14	3.35	45747081	153836192.00
2014/08/14	3.32	3.46	3.28	3.34	22900205	77447096.00
2014/08/15	3.34	3.35	3.26	3.32	10742370	35586832.00
2014/08/18	3.31	3.55	3.31	3.46	22737876	78518024.00
2014/08/19	3.48	3.51	3.40	3.43	9840426	33799900.00
2014/08/20	3.42	3.54	3.42	3.50	10982461	38125404.00
2014/08/21	3.49	3.52	3.35	3.48	9935777	34202352.00
2014/08/22	3.45	3.50	3.43	3.50	8493078	29390540.00
2014/08/25	3.51	3.61	3.45	3.54	11912186	42131172.00
2014/08/26	3.54	3.58	3.40	3.47	11227783	39120484.00
2014/08/27	3.43	3.46	3.35	3.37	8322873	28203676.00
2014/08/28	3.36	3.41	3.30	3.30	6603086	22136576.00
2014/08/29	3.30	3.38	3.30	3.38	3069820	10277728.00
2014/09/01	3.37	3.46	3.35	3.45	5245768	18008548.00
2014/09/02	3.47	3.48	3.38	3.43	15089896	51515096.00
2014/09/03	3.43	3.43	3.38	3.40	12188793	41431904.00
2014/09/04	3.41	3.45	3.37	3.44	11781478	40103044.00
2014/09/05	3.41	3.44	3.39	3.44	8019107	27394102.00
2014/09/09	3.43	3.53	3.40	3.51	14253495	49706484.00
2014/09/10	3.51	3.59	3.43	3.57	14861807	52405052.00
2014/09/11	3.54	3.63	3.50	3.55	11340080	40626816.00
2014/09/12	3.51	3.91	3.51	3.91	36958832	142894752.00
2014/09/15	4.06	4.19	3.92	4.11	63339381	255455968.00
2014/09/16	4.05	4.39	3.97	4.08	65209219	273571104.00
2014/09/17	4.01	4.05	3.84	3.92	46179546	181595584.00
2014/09/18	3.94	4.02	3.89	3.98	20634515	81573152.00
2014/09/19	3.98	4.00	3.92	3.98	14416951	57181884.00
2014/09/22	3.98	3.99	3.86	3.89	12547182	49013564.00
2014/09/23	3.88	3.92	3.82	3.89	10804974	41747700.00
2014/09/24	3.86	3.94	3.85	3.91	11741067	45734656.00
2014/09/25	3.93	4.07	3.90	4.03	26021754	104000360.00
2014/09/26	4.03	4.04	3.98	4.03	10010869	40111356.00
2014/09/29	4.03	4.13	4.01	4.08	13525920	54972988.00
2014/09/30	4.10	4.18	4.08	4.12	12787638	52858096.00
2014/10/08	4.15	4.16	4.02	4.13	10722808	43837164.00
2014/10/09	4.13	4.15	4.06	4.10	14050575	57567212.00
2014/10/10	4.07	4.08	3.97	4.01	14486057	58278972.00
2014/10/13	3.98	3.99	3.92	3.96	10339221	40826800.00
2014/10/14	3.96	4.02	3.95	4.00	8743057	34883088.00
2014/10/15	3.99	4.02	3.94	3.99	7129953	28292520.00
2014/10/16	3.99	3.99	3.92	3.92	9436676	37249488.00
2014/10/17	3.91	3.93	3.81	3.87	10991218	42499980.00
2014/10/20	3.86	3.91	3.86	3.91	3256770	12667685.00
2014/10/21	3.92	4.02	3.91	4.01	16628010	66331760.00
2014/10/22	4.02	4.03	3.91	3.92	7263690	28784292.00
2014/10/23	3.90	3.90	3.72	3.73	9786664	37191268.00
2014/10/24	3.73	3.78	3.72	3.74	4031121	15122346.00
2014/10/27	3.70	3.76	3.68	3.69	4964429	18381028.00
2014/10/28	3.69	3.81	3.68	3.81	5591118	21013728.00
2014/10/29	3.82	3.94	3.82	3.93	10059211	39161488.00
2014/10/30	3.93	4.19	3.91	4.13	35379254	143971296.00
2014/10/31	4.13	4.14	4.02	4.06	23629015	96033168.00
2014/11/03	4.06	4.16	4.06	4.11	19689140	80975600.00
2014/11/04	4.11	4.36	4.07	4.25	33425948	140450000.00
2014/11/05	4.40	4.65	4.32	4.33	56488984	251781824.00
2014/11/06	4.21	4.33	4.16	4.30	24697288	104001584.00
2014/11/07	4.35	4.73	4.35	4.73	125352384	586296448.00
2014/11/10	4.55	4.76	4.49	4.75	69178183	321804992.00
2014/11/11	4.75	4.85	4.46	4.51	40511991	187354416.00
2014/11/12	4.51	4.60	4.40	4.54	24489479	109974656.00
2014/11/13	4.55	4.57	4.36	4.46	25749898	114409808.00
2014/11/14	4.43	4.44	4.33	4.38	12795875	56083028.00
2014/11/17	4.45	4.48	4.36	4.38	11166893	49125040.00
2014/11/18	4.38	4.38	4.29	4.31	12840476	55486696.00
2014/11/19	4.31	4.38	4.27	4.35	12228318	52925872.00
2014/11/20	4.31	4.60	4.31	4.47	21090638	94113032.00
2014/11/21	4.46	4.47	4.39	4.46	11230857	49705528.00
2014/11/24	4.55	4.55	4.46	4.50	16723087	75317584.00
2014/11/25	4.48	4.75	4.47	4.67	31334999	144270784.00
2014/11/26	4.67	4.84	4.61	4.75	46615479	221093136.00
2014/11/27	4.76	4.78	4.61	4.66	29112767	135623616.00
2014/11/28	4.63	4.66	4.51	4.59	20964771	96150048.00
2014/12/01	4.59	4.73	4.55	4.62	22698967	105490608.00
2014/12/02	4.60	4.75	4.58	4.69	23834165	111645128.00
2014/12/03	4.70	4.75	4.65	4.70	34360721	161294768.00
2015/01/30	5.17	5.17	5.17	5.17	3572711	18470916.00
2015/02/02	5.55	5.69	5.17	5.29	101517689	553044160.00
2015/02/03	5.29	5.50	5.01	5.31	56383725	294843808.00
2015/02/04	5.27	5.48	5.18	5.21	39701911	210941056.00
2015/02/05	5.30	5.32	5.00	5.03	36492539	186035184.00
2015/02/06	4.99	4.99	4.76	4.79	26154373	126142648.00
2015/02/09	4.75	4.79	4.60	4.70	15291920	71478704.00
2015/02/10	4.70	4.86	4.65	4.84	14564226	68993872.00
2015/02/11	4.88	4.88	4.76	4.78	13433508	64547604.00
2015/02/12	4.76	4.82	4.71	4.74	11617417	55201248.00
2015/02/13	4.77	4.88	4.76	4.85	15297839	74045184.00
2015/02/16	4.87	5.08	4.84	5.02	16840090	83738384.00
2015/02/17	5.03	5.07	4.93	4.99	11278572	56166144.00
2015/02/25	4.99	5.05	4.91	4.96	13318483	66324152.00
2015/02/26	4.96	5.02	4.90	5.01	15094994	74981080.00
2015/02/27	5.02	5.15	4.98	5.13	20666019	104079024.00
2015/03/02	5.09	5.28	5.06	5.24	26494806	136763632.00
2015/03/03	5.23	5.25	5.14	5.15	17675034	91838920.00
2015/03/04	5.21	5.44	5.21	5.24	24580197	130132600.00
2015/03/05	5.25	5.30	5.14	5.21	18958745	98138112.00
2015/03/06	5.21	5.28	5.15	5.17	14434633	75255120.00
2015/03/09	5.17	5.22	5.13	5.22	15587013	80780144.00
2015/03/10	5.24	5.25	5.19	5.21	15222628	79453608.00
2015/03/11	5.21	5.24	5.14	5.15	14082437	72926912.00
2015/03/12	5.16	5.19	5.12	5.15	12077746	62132524.00
2015/03/13	5.16	5.21	5.13	5.20	18016164	93051872.00
2015/03/16	5.23	5.40	5.22	5.39	35008412	186279776.00
2015/03/17	5.41	5.51	5.35	5.45	30660943	166456976.00
2015/03/18	5.48	5.60	5.40	5.57	28670058	158982272.00
2015/03/19	5.57	5.96	5.51	5.80	44654716	255799360.00
2015/03/20	5.80	5.97	5.70	5.92	38925574	226557552.00
2015/03/23	6.11	6.51	6.11	6.51	88173986	566039488.00
2015/03/24	6.66	7.15	6.51	6.91	100740628	690183488.00
2015/03/25	6.80	6.82	6.60	6.66	46260043	309252960.00
2015/03/26	6.63	6.89	6.53	6.65	36994583	247140752.00
2015/03/27	6.60	6.65	6.45	6.58	27500215	179905584.00
2015/03/30	6.59	6.78	6.59	6.67	29789416	199333232.00
2015/03/31	6.68	6.75	6.54	6.59	28881623	191108960.00
2015/04/01	6.58	6.80	6.54	6.79	34578993	231426064.00
2015/04/02	6.80	6.88	6.69	6.78	28756234	194580368.00
2015/04/03	6.74	6.93	6.68	6.91	36757204	249765184.00
2015/04/07	6.91	7.02	6.91	7.01	37022087	258406720.00
2015/04/08	7.07	7.70	7.07	7.40	58140719	430428096.00
2015/04/09	7.40	7.40	6.88	7.13	38407724	272835424.00
2015/04/10	7.12	7.20	7.00	7.15	25351696	180828480.00
2015/04/13	7.17	7.36	7.08	7.27	35651701	256420864.00
2015/04/14	7.30	7.64	7.15	7.55	50035193	373729088.00
2015/04/15	7.50	7.50	7.08	7.11	34575549	251287616.00
2015/04/16	7.03	7.20	6.86	7.15	28525724	202089680.00
2015/04/17	7.16	7.38	7.14	7.20	38058225	275236192.00
2015/04/20	7.18	7.25	7.04	7.08	39712324	282362880.00
2015/04/21	7.00	7.22	7.00	7.21	22882685	163350480.00
2015/04/22	7.30	7.58	7.30	7.53	54061668	403792352.00
2015/04/23	7.59	7.64	7.44	7.51	41690856	313832448.00
2015/04/24	7.45	7.55	7.30	7.42	32208221	238432352.00
2015/04/27	7.43	7.80	7.35	7.75	65330065	495464384.00
2015/04/28	7.75	7.75	7.35	7.39	45956269	346450624.00
2015/04/29	7.45	7.66	7.30	7.50	31063439	232025120.00
2015/04/30	7.58	8.25	7.57	8.12	84407615	677089984.00
2015/05/05	8.93	8.93	8.93	8.93	0	0.00
数据来源:通达信
