600988 赤峰黄金 日线 前复权
      日期	    开盘	    最高	    最低	    收盘	    成交量	    成交额
2011/10/10	4.65	4.65	4.56	4.58	245331	2252686.00
2011/10/11	4.65	4.68	4.57	4.65	386987	3578884.00
2011/10/12	4.60	4.79	4.60	4.76	824208	7716397.00
2011/10/13	4.71	4.80	4.70	4.78	634389	6018969.00
2011/10/14	4.74	4.85	4.71	4.83	463215	4415657.00
2011/10/17	4.87	4.93	4.85	4.91	490587	4799082.00
2011/10/18	4.87	5.16	4.85	4.95	1232665	12377832.00
2011/10/19	4.95	5.00	4.89	4.96	950287	9409384.00
2011/10/20	4.92	5.09	4.71	4.71	1138556	11028994.00
2011/10/21	4.71	4.77	4.47	4.55	1015017	9189075.00
2011/10/24	4.50	4.63	4.45	4.59	403439	3670221.00
2011/10/25	4.61	4.74	4.58	4.73	557494	5197329.00
2011/10/26	4.68	4.83	4.67	4.76	519120	4924138.00
2011/10/27	4.75	4.82	4.73	4.77	314612	3002986.00
2011/10/28	4.77	4.94	4.75	4.88	699556	6795161.00
2011/10/31	4.83	4.98	4.83	4.94	787927	7728102.00
2011/11/01	4.90	4.95	4.85	4.86	530927	5191006.00
2011/11/02	4.84	5.02	4.79	5.02	902807	8933538.00
2011/11/03	5.00	5.03	4.90	4.96	1374352	13599224.00
2011/11/04	4.98	4.98	4.87	4.93	737779	7242419.00
2011/11/07	4.90	4.98	4.88	4.94	330822	3263646.00
2011/11/08	4.93	4.96	4.89	4.92	424206	4179075.00
2011/11/09	4.91	4.96	4.87	4.94	391423	3845666.00
2011/11/10	4.93	5.04	4.89	4.97	810478	8073253.00
2011/11/11	5.00	5.08	4.93	5.06	781797	7881939.00
2011/11/14	5.04	5.30	5.04	5.18	1295233	13440299.00
2011/11/15	5.17	5.20	5.08	5.13	796844	8184352.00
2011/11/16	5.13	5.18	4.96	4.99	947138	9514156.00
2011/11/17	4.96	5.19	4.96	5.16	972587	9954747.00
2011/11/18	5.23	5.23	5.03	5.04	735292	7537963.00
2011/11/21	5.04	5.05	4.86	4.96	489372	4816349.00
2011/11/22	4.90	4.97	4.88	4.94	361970	3561450.00
2011/11/23	4.94	5.08	4.89	5.01	490018	4902802.00
2011/11/24	5.00	5.02	4.94	4.99	395743	3948911.00
2011/11/25	4.94	5.08	4.94	5.02	300175	3006468.00
2011/11/28	5.05	5.15	5.02	5.14	386286	3920782.00
2011/11/29	5.17	5.19	5.00	5.13	513831	5206530.00
2011/11/30	5.09	5.15	4.89	4.93	875349	8728107.00
2011/12/01	5.06	5.09	4.98	5.07	627588	6330827.00
2011/12/02	5.07	5.09	4.98	5.03	599120	6010735.00
2011/12/05	5.08	5.08	4.85	4.94	467295	4604148.00
2011/12/06	4.89	4.93	4.69	4.69	981800	9267590.00
2011/12/07	4.46	4.69	4.46	4.65	307066	2823821.00
2011/12/08	4.62	4.65	4.53	4.59	265311	2432344.00
2011/12/09	4.59	4.67	4.55	4.67	193505	1782986.00
2011/12/12	4.68	4.68	4.61	4.63	285572	2654294.00
2011/12/13	4.63	4.65	4.50	4.56	543214	4931647.00
2011/12/14	4.58	4.60	4.41	4.52	175143	1579896.00
2011/12/15	4.50	4.50	4.29	4.29	684301	5887613.00
2011/12/16	4.10	4.23	4.08	4.12	869379	7112027.00
2011/12/19	4.08	4.09	3.92	3.94	658997	5171608.00
2011/12/20	3.99	4.13	3.95	4.12	390593	3154627.00
2011/12/21	4.12	4.33	4.11	4.25	760166	6476383.00
2011/12/22	4.25	4.30	4.06	4.26	370202	3119465.00
2011/12/23	4.25	4.40	4.15	4.39	392371	3380502.00
2011/12/26	4.34	4.58	4.29	4.51	395862	3532488.00
2011/12/27	4.50	4.50	4.39	4.40	211751	1884694.00
2011/12/28	4.28	4.36	4.18	4.23	218099	1857022.00
2011/12/29	4.23	4.37	4.16	4.20	210551	1795798.00
2011/12/30	4.28	4.30	4.16	4.21	480035	4056026.00
2012/01/04	4.27	4.32	4.20	4.22	280487	2369141.00
2012/03/20	4.43	4.43	4.43	4.43	700	6202.00
2012/03/21	4.65	4.65	4.65	4.65	900	8370.00
2012/03/22	4.89	4.89	4.89	4.89	58840	574867.00
2012/03/23	5.13	5.13	5.13	5.13	9100	93366.00
2012/03/26	5.39	5.39	5.39	5.39	28897	311221.00
2012/03/27	5.66	5.66	5.66	5.66	22000	248820.00
2012/03/28	5.94	5.94	5.94	5.94	130914	1555258.00
2012/03/29	6.24	6.24	6.24	6.24	72268	901182.00
2012/03/30	6.55	6.55	6.55	6.55	697261	9127146.00
2012/04/09	6.87	6.87	6.87	6.87	1304186	17919516.00
2012/04/10	7.22	7.22	7.22	7.22	209625	3024889.00
2012/04/11	7.58	7.58	7.58	7.58	251692	3813134.00
2012/04/12	7.96	7.96	7.96	7.96	347891	5534946.00
2012/04/13	8.36	8.36	8.36	8.36	20429095	341370176.00
2012/04/16	8.74	8.78	8.70	8.78	6212074	108881688.00
2012/04/17	9.22	9.22	8.34	8.34	5191843	89652616.00
2012/04/18	8.30	8.75	8.25	8.41	13334584	228301184.00
2012/04/19	8.28	8.59	8.12	8.40	7645665	127573416.00
2012/04/20	8.35	8.82	8.35	8.53	9574838	166252000.00
2012/04/23	8.41	8.78	8.30	8.41	6486956	110326848.00
2012/04/24	8.31	8.39	7.99	7.99	3345638	53945428.00
2012/04/25	7.64	7.79	7.59	7.64	6765311	103181848.00
2012/04/26	7.59	7.83	7.45	7.59	3228387	49276924.00
2012/04/27	7.49	7.89	7.49	7.60	3894465	60146260.00
2012/05/02	7.22	7.31	7.22	7.22	6390900	92285736.00
2012/05/03	6.87	7.05	6.86	6.86	4962600	68255472.00
2012/05/04	6.71	7.17	6.71	7.10	4952121	69573064.00
2012/05/07	7.13	7.35	7.00	7.20	3725957	53671936.00
2012/05/08	7.10	7.56	7.10	7.47	4115231	60937884.00
2012/05/09	7.43	7.64	7.29	7.50	2425087	36285108.00
2012/05/10	7.46	7.68	7.46	7.58	1933424	29337244.00
2012/05/11	7.58	7.71	7.47	7.51	1590719	24147196.00
2012/05/14	7.53	7.53	7.35	7.39	1832701	27260540.00
2012/05/15	7.36	7.76	7.36	7.76	2154391	32924108.00
2012/05/16	8.03	8.15	7.81	7.85	4915511	79297216.00
2012/05/17	7.78	8.04	7.76	7.88	2321860	36530976.00
2012/05/18	7.83	8.25	7.83	8.09	2862885	46472424.00
2012/05/21	8.07	8.14	7.99	8.09	1666363	26850720.00
2012/05/22	8.08	8.39	7.69	7.69	3943917	61703928.00
2012/05/23	7.69	7.85	7.56	7.74	1459817	22513998.00
2012/05/24	7.64	7.77	7.59	7.64	1034639	15833183.00
2012/05/25	7.60	7.90	7.31	7.43	2297035	35179992.00
2012/05/28	7.36	7.43	7.20	7.30	2008870	29414944.00
2012/05/29	7.30	7.39	7.30	7.33	2178909	32033528.00
2012/05/30	7.37	7.48	7.29	7.47	1655788	24369368.00
2012/05/31	7.47	7.70	7.46	7.58	1273353	19305900.00
2012/06/01	7.57	7.78	7.50	7.57	1064634	16252428.00
2012/06/04	7.61	7.70	7.41	7.43	968610	14604349.00
2012/06/05	7.44	7.48	7.16	7.43	1470922	21606744.00
2012/06/06	7.43	7.80	7.40	7.67	2439200	37357976.00
2012/06/07	7.76	7.80	7.56	7.58	1015421	15523423.00
2012/06/08	7.59	7.59	7.40	7.52	1122790	16830816.00
2012/06/11	7.52	7.60	7.50	7.59	596754	9021145.00
2012/06/12	7.59	7.97	7.55	7.94	2274517	35863368.00
2012/06/13	7.95	8.18	7.95	8.10	1950512	31551046.00
2012/06/14	8.03	8.51	8.02	8.43	3901782	65589432.00
2012/06/15	8.35	8.54	8.25	8.37	2679995	44880464.00
2012/06/18	8.38	8.79	8.38	8.79	2014505	34867716.00
2012/06/19	9.07	9.14	8.81	8.86	3423719	61458712.00
2012/06/20	8.89	9.31	8.73	9.31	3221947	58928172.00
2012/06/21	9.40	9.53	9.18	9.36	3173226	59196052.00
2012/06/25	9.23	9.23	8.89	8.89	548054	9809646.00
2012/06/26	8.44	8.59	8.44	8.44	2940834	49747112.00
2012/06/27	8.44	8.86	8.44	8.86	3604864	63327120.00
2012/06/28	8.87	8.99	8.73	8.74	1754074	31020012.00
2012/06/29	8.31	8.83	8.31	8.55	2861915	47953608.00
2012/07/02	8.58	8.98	8.51	8.98	1976130	35110256.00
2012/07/03	9.00	9.35	8.96	9.23	2095174	38333048.00
2012/07/11	9.65	9.65	8.77	8.77	6282297	113640136.00
2012/07/12	8.76	9.20	8.73	8.99	2481446	44292004.00
2012/07/13	9.00	9.44	8.91	9.44	2640161	48678700.00
2012/07/16	9.68	9.91	9.56	9.80	4755214	93614880.00
2012/07/17	9.65	10.29	9.65	10.29	4800321	97138592.00
2012/07/18	10.44	10.80	9.78	10.10	4395491	88909008.00
2012/07/19	10.04	10.48	9.79	9.95	4594543	93076152.00
2012/07/20	9.92	10.19	9.84	9.93	2468945	49419448.00
2012/07/23	9.82	10.08	9.78	9.81	1792871	35529304.00
2012/07/24	9.81	9.90	9.44	9.74	2864868	55419044.00
2012/07/25	9.68	9.97	9.68	9.79	1669745	32887530.00
2012/07/26	9.83	10.00	9.59	9.61	1687903	33137712.00
2012/07/27	9.58	9.74	9.25	9.42	2489491	46928764.00
2012/07/30	8.95	8.95	8.95	8.95	342300	6123747.00
2012/07/31	8.50	8.83	8.50	8.71	5703656	97934296.00
2012/08/01	8.72	8.94	8.62	8.79	1674722	29464544.00
2012/08/02	8.82	8.88	8.62	8.71	859906	15024420.00
2012/08/03	8.65	9.07	8.65	9.03	1248806	22142968.00
2012/08/06	8.99	9.17	8.91	9.14	1252720	22675166.00
2012/08/07	9.10	9.53	9.10	9.34	1840066	34525096.00
2012/08/08	9.33	9.59	9.26	9.33	934272	17583344.00
2012/08/09	9.30	9.48	9.26	9.45	1044303	19564784.00
2012/08/10	9.45	9.54	9.11	9.21	1218259	22495742.00
2012/08/13	9.16	9.23	9.01	9.13	841401	15345457.00
2012/08/14	9.09	9.35	9.09	9.30	708506	13062287.00
2012/08/15	9.29	9.45	9.17	9.31	833932	15544923.00
2012/08/16	9.28	9.34	8.90	9.05	1313375	23863068.00
2012/08/17	9.03	9.20	8.91	9.13	868909	15721950.00
2012/08/20	9.01	9.21	9.01	9.20	568314	10366770.00
2012/08/21	9.15	9.66	9.15	9.54	2076183	39766328.00
2012/08/22	9.59	10.02	9.51	9.92	2452616	48256800.00
2012/08/23	9.94	10.00	9.77	9.93	1306395	25837790.00
2012/08/24	9.97	10.00	9.43	9.43	1992680	38255452.00
2012/08/27	9.40	9.47	9.16	9.36	1013190	18889032.00
2012/08/28	9.33	9.53	9.18	9.28	933649	17445220.00
2012/08/29	9.37	9.59	9.30	9.50	1019362	19342486.00
2012/08/30	9.41	9.50	9.06	9.38	1047232	19540372.00
2012/08/31	9.35	9.44	9.21	9.40	565751	10599976.00
2012/09/03	9.49	9.62	9.46	9.53	853852	16300016.00
2012/09/04	9.59	9.90	9.48	9.70	1148000	22335804.00
2012/09/05	9.69	9.83	9.60	9.62	869493	16860704.00
2012/09/06	9.58	9.75	9.50	9.69	734626	14105479.00
2012/09/07	9.75	9.94	9.65	9.77	1384830	27144276.00
2012/09/10	9.94	10.05	9.82	9.86	1149134	22759310.00
2012/09/11	9.85	9.99	9.75	9.86	860998	16996346.00
2012/09/12	9.97	9.97	9.78	9.91	776098	15340602.00
2012/09/13	9.92	9.92	9.61	9.75	526325	10308007.00
2012/09/14	9.99	10.15	9.86	9.97	1314757	26237108.00
2012/09/17	10.03	10.23	9.91	9.95	1406452	28278776.00
2012/09/18	9.92	9.92	9.59	9.76	1194473	23238314.00
2012/09/19	9.68	10.06	9.68	10.01	1176245	23288544.00
2012/09/20	9.94	10.35	9.90	9.92	2342384	47611596.00
2012/09/21	10.10	10.41	9.95	10.41	3891900	80702688.00
2012/09/24	10.33	10.58	10.26	10.38	1842509	38364920.00
2012/09/25	10.33	10.45	10.11	10.37	1143518	23461428.00
2012/09/26	10.33	10.33	9.85	9.85	1857917	37254808.00
2012/09/27	9.73	10.21	9.70	10.01	1298343	25735840.00
2012/09/28	10.10	10.28	10.03	10.20	1343536	27296782.00
2012/10/08	10.15	10.15	9.96	10.07	1156348	23173076.00
2012/10/09	10.00	10.18	10.00	10.17	933298	18884764.00
2012/10/10	10.05	10.39	10.01	10.31	869603	17757836.00
2012/10/11	10.34	10.48	10.21	10.33	713896	14760065.00
2012/10/12	10.30	10.44	10.09	10.33	736017	15058489.00
2012/10/15	10.18	10.18	9.94	10.10	847124	17000332.00
2012/10/16	10.09	10.30	10.00	10.19	642380	13046606.00
2012/10/17	10.19	10.29	9.95	10.01	622645	12537411.00
2012/10/18	10.10	10.10	9.81	9.96	1217030	24145928.00
2012/10/19	9.94	9.94	9.67	9.75	1270296	24818588.00
2012/10/22	9.53	10.03	9.51	9.95	1346684	26359384.00
2012/10/23	9.95	10.00	9.75	9.75	703239	13868843.00
2012/10/24	9.76	9.87	9.65	9.73	587129	11461872.00
2012/10/25	9.79	9.79	9.65	9.68	469719	9103352.00
2012/10/26	9.63	9.72	9.20	9.20	1267027	23570484.00
2012/10/29	9.39	9.39	8.81	9.00	1383096	25098392.00
2012/10/30	9.01	9.15	8.87	8.95	718420	12935549.00
2012/10/31	8.95	9.05	8.75	8.81	836507	14824229.00
2012/11/01	8.90	9.13	8.85	9.08	1288395	23312820.00
2012/11/02	9.03	9.54	9.03	9.54	1495640	27973400.00
2012/11/05	9.44	9.85	9.37	9.73	1020326	19768324.00
2012/11/06	9.76	9.76	9.48	9.64	683154	13106689.00
2012/11/07	9.50	9.76	9.50	9.62	436240	8405950.00
2012/11/08	9.50	9.72	9.40	9.50	722806	13783532.00
2012/11/09	9.51	9.58	9.43	9.51	376103	7139326.00
2012/11/12	9.50	9.58	9.28	9.57	377315	7149033.00
2012/11/13	9.56	9.60	9.36	9.50	448054	8454486.00
2012/11/14	9.50	9.60	9.34	9.57	527175	9995549.00
2012/11/15	9.51	9.57	9.30	9.33	395034	7462156.00
2012/11/16	9.33	9.38	8.97	9.07	536079	9734444.00
2012/11/19	9.06	9.21	8.97	9.15	357742	6517127.00
2012/11/20	9.20	9.60	9.20	9.60	983055	18712598.00
2012/11/21	9.63	9.64	9.34	9.60	769824	14572751.00
2012/11/22	9.51	9.55	9.45	9.52	217901	4130547.00
2012/11/23	9.59	9.79	9.55	9.62	664891	12860042.00
2012/11/26	9.63	9.89	9.60	9.83	674769	13204677.00
2012/11/27	10.00	10.11	9.34	9.46	2676827	52069216.00
2012/11/28	9.49	9.65	8.98	8.98	1477630	27026332.00
2012/11/29	8.79	8.89	8.53	8.58	1931257	33475084.00
2012/11/30	8.64	8.88	8.47	8.86	762964	13236171.00
2012/12/03	8.81	8.93	8.42	8.46	1040099	17924194.00
2012/12/04	8.32	8.41	8.11	8.36	1044642	17238152.00
2012/12/05	8.36	8.78	8.34	8.78	570511	9889128.00
2012/12/06	8.79	9.08	8.79	8.91	986023	17694338.00
2012/12/07	8.81	9.28	8.81	9.18	886821	16159599.00
2012/12/10	9.12	9.48	9.12	9.35	568372	10661598.00
2012/12/11	9.34	9.45	9.29	9.36	506151	9459840.00
2012/12/12	9.40	9.63	9.32	9.57	1282912	24371012.00
2012/12/13	9.61	9.61	9.40	9.43	544751	10323844.00
2012/12/14	9.43	9.88	9.40	9.84	1122572	21679742.00
2012/12/17	9.84	9.99	9.68	9.72	903036	17647252.00
2012/12/18	9.70	9.89	9.40	9.44	1432263	27366800.00
2012/12/19	9.28	9.60	9.28	9.53	651340	12337712.00
2012/12/20	9.48	9.50	9.21	9.45	816388	15266759.00
2012/12/21	9.31	9.50	9.30	9.47	601405	11290632.00
2012/12/24	9.40	9.52	9.35	9.46	837559	15827971.00
2012/12/25	9.55	9.94	9.55	9.67	1985349	38886180.00
2012/12/26	9.60	9.83	9.59	9.67	1338573	25958410.00
2012/12/27	9.67	10.15	9.56	10.11	2492665	49572968.00
2012/12/28	10.04	10.20	9.91	10.14	1125568	22733288.00
2012/12/31	10.13	10.65	10.10	10.65	1701624	35877104.00
2013/01/04	10.90	10.94	10.25	10.69	1705108	36474952.00
2013/01/07	10.53	11.05	10.48	11.00	1603023	34259840.00
2013/01/08	11.05	11.55	10.91	11.51	2007221	45916280.00
2013/01/09	11.46	11.80	11.27	11.41	1818819	41840568.00
2013/01/10	11.30	11.50	11.16	11.28	1398435	31660604.00
2013/01/11	11.40	11.60	11.21	11.29	1474166	33631376.00
2013/01/14	11.25	11.60	11.22	11.51	1844146	42078488.00
2013/01/15	11.45	11.98	11.44	11.85	1608666	37815728.00
2013/01/16	11.93	12.14	11.69	11.94	2038817	48584404.00
2013/01/17	11.84	11.99	11.35	11.35	2949652	67547824.00
2013/01/18	11.12	11.44	11.12	11.35	1540748	34756092.00
2013/01/21	11.44	11.91	11.43	11.91	2364983	56021088.00
2013/01/22	11.98	12.40	11.86	11.96	3236943	78360536.00
2013/01/23	12.00	12.33	11.36	11.51	4768647	111591600.00
2013/01/24	11.45	11.70	11.21	11.48	2348028	53732568.00
2013/01/25	11.45	11.55	11.32	11.49	1131641	25904112.00
2013/01/28	11.49	11.94	11.43	11.70	1421826	33200708.00
2013/01/29	11.70	11.83	11.54	11.75	1915841	44772120.00
2013/01/30	11.77	11.85	11.53	11.64	2301743	53615408.00
2013/01/31	11.68	12.22	11.68	12.22	4691660	113611832.00
2013/02/07	12.13	12.14	11.33	11.50	8161245	191059200.00
2013/02/08	11.30	11.66	11.25	11.29	5255489	119666824.00
2013/02/18	10.85	10.85	10.44	10.58	6955193	147847376.00
2013/02/19	10.55	10.68	10.48	10.54	4229743	89492624.00
2013/02/20	10.62	10.62	10.43	10.57	2971038	62365564.00
2013/02/21	10.25	10.36	10.05	10.12	5092611	103798576.00
2013/02/22	10.14	10.34	10.11	10.23	3343520	68401744.00
2013/02/25	10.24	10.30	10.09	10.17	2587662	52622564.00
2013/02/26	10.17	10.35	10.04	10.06	3349744	68378312.00
2013/02/27	10.19	10.29	10.08	10.16	3216647	65559804.00
2013/02/28	10.06	10.15	9.81	10.15	5737837	114555992.00
2013/03/01	10.00	10.12	9.90	10.01	3854366	77074168.00
2013/03/04	9.98	10.00	9.24	9.31	5141538	98335824.00
2013/03/05	9.33	9.49	9.31	9.48	2558437	48123384.00
2013/03/06	9.50	9.64	9.34	9.59	3065278	58137204.00
2013/03/07	9.55	9.87	9.40	9.76	4209675	81323760.00
2013/03/08	9.69	9.73	9.55	9.56	2674981	51413320.00
2013/04/26	8.63	8.84	8.60	8.60	3239122	56016396.00
2013/05/02	7.99	8.29	7.87	7.94	5200977	83323008.00
2013/05/03	7.97	8.08	7.93	7.94	2789121	44642068.00
2013/05/06	7.95	8.08	7.95	8.04	2359213	37859476.00
2013/05/07	8.04	8.40	7.94	8.38	4027423	66182364.00
2013/05/08	8.25	8.35	8.20	8.24	2569065	42432048.00
2013/05/09	8.24	8.34	8.13	8.22	2418271	39790832.00
2013/05/10	8.21	8.54	8.04	8.32	3798585	63142528.00
2013/05/13	8.16	8.18	8.03	8.11	2298448	37183436.00
2013/05/14	8.11	8.15	7.92	7.93	2110371	33719660.00
2013/05/15	7.89	8.04	7.88	7.91	1642063	26063028.00
2013/05/16	7.75	7.85	7.65	7.84	2734098	42226592.00
2013/05/17	7.75	7.92	7.70	7.91	2505439	39173312.00
2013/05/20	7.80	8.07	7.73	8.01	3918392	61736452.00
2013/05/21	8.04	8.08	7.94	8.00	2951540	47170836.00
2013/05/22	7.98	8.16	7.88	8.09	3435187	55108976.00
2013/05/23	8.06	8.06	7.91	7.96	2341887	37304776.00
2013/05/24	8.00	8.08	7.90	7.92	2006280	31903792.00
2013/05/27	7.89	7.89	7.78	7.84	2220143	34709436.00
2013/05/28	7.84	8.14	7.78	8.13	4792216	76897432.00
2013/05/29	8.09	8.09	7.98	8.00	2879535	46170444.00
2013/05/30	8.03	8.22	8.00	8.16	3860195	62821260.00
2013/05/31	8.23	8.33	8.06	8.07	2769490	45103928.00
2013/06/03	8.00	8.01	7.86	7.88	2758133	43564232.00
2013/06/04	7.95	7.97	7.76	7.82	1750022	27439174.00
2013/06/05	7.81	7.84	7.74	7.83	1265830	19676756.00
2013/06/06	7.80	7.87	7.55	7.55	2213722	34048884.00
2013/06/07	7.59	7.67	7.31	7.32	1999048	29873888.00
2013/06/13	6.96	7.13	6.92	6.93	2018974	28231202.00
2013/06/14	6.96	7.05	6.93	7.02	2254962	31511276.00
2013/06/17	7.02	7.08	6.96	7.02	1444635	20254404.00
2013/06/18	6.99	7.04	6.94	6.95	1021516	14259271.00
2013/06/19	6.92	6.92	6.50	6.71	3299809	43690356.00
2013/06/20	6.58	6.62	6.31	6.33	1742086	22657264.00
2013/06/21	6.13	6.96	6.02	6.96	5503800	71877504.00
2013/06/24	7.00	7.27	6.86	7.13	10540917	150071520.00
2013/06/25	7.08	7.08	6.42	6.90	6386348	85394136.00
2013/06/26	6.70	6.87	6.47	6.75	5932687	78855512.00
2013/06/27	6.59	6.77	6.53	6.56	4332715	57491560.00
2013/06/28	6.30	6.54	6.20	6.45	4097386	52273744.00
2013/07/01	6.54	6.81	6.46	6.70	4402555	58431416.00
2013/07/02	6.75	6.78	6.45	6.57	3828750	50194824.00
2013/07/03	6.88	7.23	6.75	7.23	7865610	110901048.00
2013/07/04	7.40	7.84	7.32	7.63	11437891	173510736.00
2013/07/05	7.52	7.70	7.40	7.43	8757416	131933568.00
2013/07/08	7.10	7.18	6.86	6.87	6035558	84961280.00
2013/07/09	6.90	7.56	6.86	7.56	6885803	100981312.00
2013/07/10	7.80	7.90	7.56	7.83	11272502	174032240.00
2013/07/11	7.99	8.29	7.85	7.97	12262866	197979824.00
2013/07/12	8.00	8.00	7.61	7.79	8264174	128653624.00
2013/07/15	7.83	8.10	7.69	7.90	6433689	101884920.00
2013/07/16	7.75	7.79	7.60	7.73	6196773	95256944.00
2013/07/17	7.75	8.09	7.66	7.80	6286794	98982656.00
2013/07/18	7.65	7.65	7.42	7.54	4643547	69856136.00
2013/07/19	7.53	7.60	7.28	7.29	4123418	61066608.00
2013/07/22	7.43	8.02	7.33	7.95	7797339	120979424.00
2013/07/23	8.10	8.36	7.96	8.01	11664842	189868576.00
2013/07/24	7.88	7.99	7.70	7.90	6382561	99747944.00
2013/07/25	7.83	7.83	7.60	7.65	4360457	67301120.00
2013/07/26	7.73	7.98	7.73	7.82	4117112	64542304.00
2013/07/29	7.70	7.70	7.41	7.49	3400868	51030024.00
2013/07/30	7.41	7.83	7.38	7.57	3405375	51717020.00
2013/07/31	7.60	7.68	7.46	7.50	2469667	37295064.00
2013/08/01	7.48	7.63	7.44	7.59	3158255	47698568.00
2013/08/02	7.48	7.63	7.43	7.46	3798668	56963696.00
2013/08/05	7.50	7.71	7.50	7.65	3491875	53226768.00
2013/08/06	7.55	7.78	7.41	7.69	4479082	68155720.00
2013/08/07	7.52	7.61	7.48	7.52	3765082	56777096.00
2013/08/08	7.54	7.63	7.52	7.56	2489432	37674720.00
2013/08/09	7.73	8.07	7.63	7.95	8732286	136962784.00
2013/08/12	8.01	8.33	7.81	8.15	8588394	138362208.00
2013/08/13	8.15	8.21	7.98	8.13	4916511	79390432.00
2013/08/14	8.02	8.11	7.88	7.92	4286086	68391944.00
2013/08/15	7.99	8.35	7.99	8.05	6802568	111119016.00
2013/08/16	8.20	8.38	7.80	7.82	5955739	96944504.00
2013/08/19	7.93	7.97	7.77	7.88	4694817	73868168.00
2013/08/20	7.79	7.80	7.55	7.60	6099943	93064048.00
2013/08/21	7.60	7.65	7.54	7.62	3162342	48020780.00
2013/08/22	7.52	7.56	7.41	7.44	3445229	51440612.00
2013/08/23	7.49	7.57	7.25	7.32	3251342	48101332.00
2013/08/26	7.56	7.62	7.51	7.60	3234343	48951432.00
2013/08/27	7.57	7.83	7.53	7.75	4328951	66531416.00
2013/08/28	8.00	8.52	8.00	8.52	16217119	270191264.00
2013/08/29	8.60	8.60	8.25	8.34	12405589	207016256.00
2013/08/30	8.17	8.19	7.94	8.13	7316342	117918216.00
2013/09/02	8.05	8.75	7.90	8.61	14781547	247601712.00
2013/09/03	8.25	8.41	8.19	8.26	12719559	210705136.00
2013/09/04	8.40	8.70	8.21	8.43	15955014	270665056.00
2013/09/05	8.21	8.32	8.09	8.24	10130612	166335408.00
2013/09/06	8.02	8.47	7.98	8.44	10024068	166173856.00
2013/09/09	8.54	8.60	8.33	8.49	9794544	165866480.00
2013/09/10	8.36	8.36	8.20	8.29	7998243	132165216.00
2013/09/11	8.10	8.19	8.04	8.16	6598927	106990392.00
2013/09/12	8.13	8.13	7.74	7.81	8780146	138844288.00
2013/09/13	7.67	7.78	7.61	7.76	4747344	73081520.00
2013/09/16	7.70	7.90	7.70	7.78	3820102	59471304.00
2013/09/17	7.75	7.75	7.51	7.60	4210710	64024568.00
2013/09/18	7.59	7.61	7.41	7.59	3589015	53768240.00
2013/09/23	7.63	7.75	7.63	7.74	3931965	60478888.00
2013/09/24	7.71	7.71	7.55	7.58	4026764	61149704.00
2013/09/25	7.57	7.69	7.46	7.68	4109248	62227972.00
2013/09/26	7.74	7.79	7.56	7.57	3170973	48668184.00
2013/09/27	7.55	7.55	7.33	7.36	3838982	56866676.00
2013/09/30	7.42	7.44	7.34	7.35	2795757	41225208.00
2013/10/08	7.35	7.45	7.30	7.44	3696868	54382200.00
2013/10/09	7.38	7.42	7.34	7.40	3559204	52460776.00
2013/10/10	7.33	7.33	7.15	7.22	4834474	69849104.00
2013/10/11	7.19	7.24	7.10	7.21	3622406	52068088.00
2013/10/14	7.11	7.11	6.96	7.10	4330414	60859636.00
2013/10/15	7.06	7.22	7.03	7.15	3944753	56380424.00
2013/10/16	7.13	7.83	7.00	7.56	11353193	169457440.00
2013/10/17	7.37	7.48	7.20	7.22	6836212	100294048.00
2013/10/18	7.56	7.72	7.33	7.40	5883444	88105896.00
2013/10/21	7.25	7.43	7.16	7.41	4336498	63328120.00
2013/10/22	7.33	7.37	7.21	7.29	3643953	53042968.00
2013/10/23	7.49	7.58	7.27	7.29	4676064	69095888.00
2013/10/24	7.21	7.25	7.11	7.20	2855852	40965520.00
2013/10/25	7.24	7.27	6.99	7.01	3282323	46496776.00
2013/10/28	7.04	7.08	6.76	6.83	2427440	33424766.00
2013/10/29	6.83	6.89	6.53	6.63	3329832	44629328.00
2013/10/30	6.58	6.82	6.53	6.79	2501790	33510468.00
2013/10/31	6.65	6.75	6.57	6.63	2070141	27560572.00
2013/11/01	6.62	6.64	6.51	6.62	1256256	16527622.00
2013/11/04	6.60	6.69	6.56	6.66	1630615	21598936.00
2013/11/05	6.66	6.67	6.57	6.65	2083410	27568400.00
2013/11/06	6.61	6.72	6.56	6.71	2740639	36391160.00
2013/11/07	6.66	6.79	6.62	6.69	2257983	30219558.00
2013/11/08	6.62	6.71	6.53	6.61	1839314	24269342.00
2013/11/11	6.43	6.50	6.38	6.45	1825085	23463734.00
2013/11/12	6.44	6.55	6.41	6.51	1772985	22888048.00
2013/11/13	6.45	6.49	6.41	6.47	1564603	20166096.00
2013/11/14	6.47	6.56	6.41	6.54	1827998	23751942.00
2013/11/15	6.57	6.76	6.57	6.68	3432558	45850196.00
2013/11/18	6.66	6.78	6.60	6.77	3454461	46265900.00
2013/11/19	6.71	6.72	6.64	6.67	2698302	36011320.00
2013/11/20	6.69	6.82	6.67	6.75	2646781	35652596.00
2013/11/21	6.62	6.67	6.54	6.60	2860697	37744064.00
2013/11/22	6.60	7.16	6.56	6.97	7920617	109068664.00
2013/11/25	6.80	6.91	6.75	6.76	4506263	61356224.00
2013/11/26	6.84	6.91	6.79	6.83	2641447	36086936.00
2013/11/27	6.80	6.83	6.66	6.80	2596232	35035072.00
2013/11/28	6.75	7.03	6.74	6.92	4436440	61287064.00
2013/11/29	6.88	6.92	6.79	6.84	3015642	41203352.00
2013/12/02	6.73	6.85	6.61	6.66	3228492	43324392.00
2013/12/03	6.53	6.63	6.38	6.62	2338010	30495456.00
2013/12/04	6.58	6.71	6.53	6.68	2572062	34129224.00
2013/12/05	6.80	6.90	6.68	6.69	3030808	40981020.00
2013/12/06	6.63	6.69	6.58	6.64	1830818	24229388.00
2013/12/09	6.62	6.88	6.62	6.79	3484343	47252204.00
2013/12/10	6.80	6.88	6.73	6.87	2750870	37413472.00
2013/12/11	6.98	7.05	6.79	6.84	4255587	58857900.00
2013/12/12	6.75	6.78	6.65	6.68	3234457	43322340.00
2013/12/13	6.55	6.64	6.50	6.61	1938038	25496270.00
2013/12/16	6.61	6.64	6.49	6.51	1736883	22725588.00
2013/12/17	6.52	6.57	6.49	6.54	1366212	17826376.00
2013/12/18	6.54	6.54	6.43	6.45	1356080	17548472.00
2013/12/19	6.49	6.49	6.35	6.36	1860168	23880616.00
2013/12/20	6.27	6.27	6.09	6.12	2672323	32908332.00
2013/12/23	6.10	6.15	5.91	6.00	1352460	16264655.00
2013/12/24	5.99	6.08	5.97	6.05	1134728	13685991.00
2013/12/25	6.05	6.17	6.01	6.16	1363094	16602378.00
2013/12/26	6.12	6.58	5.95	6.35	4889534	61768872.00
2013/12/27	6.24	6.32	6.17	6.25	2683255	33579628.00
2013/12/30	6.25	6.41	6.14	6.29	2528904	31684324.00
2013/12/31	6.20	6.40	6.19	6.31	2378732	30014952.00
2014/01/02	6.31	6.47	6.30	6.39	2770629	35412888.00
2014/01/03	6.44	6.45	6.31	6.34	1824145	23168448.00
2014/01/06	6.35	6.35	6.08	6.09	1588097	19779904.00
2014/01/07	6.04	6.18	6.02	6.16	1189109	14581918.00
2014/01/08	6.13	6.13	5.95	6.03	1928664	23271252.00
2014/01/09	6.06	6.12	5.97	5.98	1277041	15423896.00
2014/01/10	5.95	6.14	5.95	6.03	1303219	15758141.00
2014/01/13	6.15	6.22	6.06	6.15	1966971	24158020.00
2014/01/14	6.13	6.18	6.01	6.10	2093468	25378430.00
2014/01/15	6.05	6.05	5.85	5.90	4846421	57400212.00
2014/01/16	5.88	6.03	5.81	5.94	2924926	34597220.00
2014/01/17	5.89	5.92	5.71	5.75	2907256	33748976.00
2014/01/20	5.80	5.82	5.65	5.74	2038407	23400516.00
2014/01/21	5.70	5.76	5.65	5.69	3600217	41067604.00
2014/01/22	5.66	5.85	5.66	5.78	3637216	42013320.00
2014/01/23	5.75	5.81	5.71	5.77	4010007	46235144.00
2014/01/24	5.87	6.02	5.83	5.92	6481524	76809824.00
2014/01/27	5.90	6.02	5.82	5.89	5965886	70693192.00
2014/01/28	5.83	5.85	5.76	5.79	3026619	35113172.00
2014/01/29	5.79	5.83	5.76	5.82	2083834	24141518.00
2014/01/30	5.84	5.95	5.83	5.93	3460847	40785592.00
2014/02/07	5.89	5.89	5.78	5.86	3155292	36752732.00
2014/02/10	5.87	6.09	5.84	6.07	6023444	72207944.00
2014/02/11	6.12	6.68	6.07	6.68	15700887	201297232.00
2014/02/12	6.65	7.14	6.52	7.03	20664452	284177056.00
2014/02/13	6.99	7.18	6.81	6.82	12247275	171729808.00
2014/02/14	6.98	7.11	6.88	7.01	6917365	96600912.00
2014/02/17	7.23	7.23	6.96	7.06	8673652	122886072.00
2014/02/18	7.09	7.13	6.80	6.84	7375239	101717760.00
2014/02/19	6.86	7.00	6.83	6.92	4737270	65430596.00
2014/02/20	6.88	7.14	6.81	7.04	8156694	114233240.00
2014/02/21	6.98	6.99	6.82	6.93	3768985	52072424.00
2014/02/24	6.93	7.06	6.75	6.85	3952756	54322704.00
2014/02/25	6.81	6.93	6.42	6.49	6519095	87592272.00
2014/02/26	6.45	7.06	6.45	7.00	9342928	127539184.00
2014/02/27	6.85	6.92	6.61	6.67	6565687	88487968.00
2014/02/28	6.61	6.94	6.60	6.76	5299590	71829408.00
2014/03/03	6.99	7.09	6.83	7.07	8574190	119438520.00
2014/03/04	7.17	7.55	7.05	7.08	15214968	222480096.00
2014/03/05	6.86	6.90	6.76	6.79	7790759	106229792.00
2014/03/06	6.77	6.79	6.57	6.65	4926120	65432936.00
2014/03/07	6.79	6.82	6.66	6.77	4238411	57135912.00
2014/03/10	6.53	6.60	6.29	6.39	4274533	55108704.00
2014/03/11	6.34	6.45	6.13	6.45	2533389	32303140.00
2014/03/12	6.49	6.76	6.45	6.73	5353754	70962456.00
2014/03/13	6.77	6.90	6.62	6.67	4830925	65415696.00
2014/03/14	6.77	6.88	6.66	6.86	4429964	60147800.00
2014/03/17	6.94	6.98	6.82	6.95	4507496	62182464.00
2014/03/18	6.71	6.73	6.56	6.60	5803489	76999632.00
2014/03/19	6.50	6.55	6.41	6.51	2818507	36422396.00
2014/03/20	6.35	6.44	6.29	6.30	2675981	33960800.00
2014/03/21	6.28	6.47	6.20	6.41	2921366	37025888.00
2014/03/24	6.39	6.48	6.33	6.45	2643939	33919832.00
2014/03/25	6.34	6.48	6.28	6.46	1934768	24835974.00
2014/03/26	6.47	6.50	6.41	6.48	1847589	23823484.00
2014/03/27	6.43	6.44	6.30	6.35	1945309	24829080.00
2014/03/28	6.35	6.43	6.30	6.37	2364898	30076796.00
2014/03/31	6.80	6.99	6.65	6.75	8819935	120036560.00
2014/04/01	6.76	6.95	6.69	6.89	6926547	95020616.00
2014/04/02	6.86	6.94	6.81	6.93	4081414	56141328.00
2014/04/03	6.96	7.35	6.94	7.26	9761457	140389872.00
2014/04/04	7.18	7.53	7.14	7.31	9069003	133903184.00
2014/04/08	7.33	7.40	7.23	7.35	5268903	76967992.00
2014/04/09	7.35	7.40	7.26	7.29	4357315	63669320.00
2014/04/10	7.29	7.50	7.28	7.29	4608165	67866840.00
2014/04/11	7.37	7.47	7.32	7.37	3619897	53532664.00
2014/04/14	7.40	7.49	7.30	7.48	3552531	52583424.00
2014/04/15	7.46	7.46	7.16	7.20	4825873	70456184.00
2014/04/16	7.15	7.27	7.04	7.22	2288878	32973312.00
2014/04/17	7.21	7.28	7.16	7.23	1457311	21042880.00
2014/04/18	7.19	7.28	7.17	7.24	1660626	23988648.00
2014/04/21	7.20	7.21	6.96	7.00	2247033	31894680.00
2014/04/22	6.96	7.08	6.96	7.08	1659028	23243778.00
2014/04/23	7.05	7.28	7.03	7.18	2114775	30323340.00
2014/04/24	7.15	7.20	7.02	7.07	1605165	22749420.00
2014/04/25	7.06	7.34	7.06	7.14	3009317	43466332.00
2014/04/28	7.14	7.31	7.05	7.13	3105643	44780660.00
2014/04/29	7.00	7.00	6.55	6.75	4358526	58755320.00
2014/04/30	6.71	6.81	6.67	6.76	1704404	22964308.00
2014/05/05	6.84	7.00	6.78	6.98	2640328	36435816.00
2014/05/06	6.94	6.99	6.90	6.94	1897441	26286244.00
2014/05/07	6.93	6.93	6.75	6.77	1495874	20396276.00
2014/05/08	6.68	6.83	6.63	6.71	1350572	18180632.00
2014/08/11	7.38	7.38	7.38	7.38	95466	704539.00
2014/08/12	8.12	8.12	8.12	8.12	376725	3059007.00
2014/08/13	8.93	8.93	8.93	8.93	1044399	9326483.00
2014/08/14	9.59	9.82	9.38	9.82	28441547	275755104.00
2014/08/15	10.48	10.66	9.88	10.10	51321539	523406912.00
2014/08/18	10.15	11.11	10.11	11.11	50428490	550652544.00
2014/08/19	11.18	12.22	10.80	12.22	50141559	585072320.00
2014/08/20	12.13	13.39	11.80	12.85	56766302	730983744.00
2014/08/21	12.60	13.17	12.47	12.64	35577224	451321760.00
2014/08/22	12.50	12.51	11.81	12.06	31826470	382999296.00
2014/08/25	12.06	12.24	11.68	12.04	23766715	284174464.00
2014/08/26	11.90	12.65	11.70	12.34	31966512	391488800.00
2014/08/27	12.17	12.30	11.60	11.63	23953563	284580960.00
2014/08/28	11.46	11.46	10.84	11.04	23377197	260583360.00
2014/08/29	11.09	11.18	10.96	11.10	11588873	128115728.00
2014/09/01	11.11	11.53	11.06	11.32	15955417	180804800.00
2014/09/02	11.38	11.68	11.21	11.66	17737223	203325072.00
2014/09/03	11.53	11.68	11.33	11.59	18672945	214682640.00
2014/09/04	11.56	11.65	11.40	11.59	14429902	166215424.00
2014/09/05	11.66	11.92	11.37	11.75	24106243	281257024.00
2014/09/09	11.57	11.69	11.35	11.48	14493307	165982544.00
2014/09/10	11.42	11.70	11.24	11.67	16177247	186216576.00
2014/09/11	11.63	11.88	11.46	11.83	20498059	239610800.00
2014/09/12	11.73	11.77	11.50	11.69	11658864	135987648.00
2014/09/15	11.68	11.68	11.43	11.55	12124520	139425328.00
2014/09/16	11.63	11.95	11.33	11.34	20476054	239243152.00
2014/09/17	11.31	11.42	10.91	11.29	10030725	112293816.00
2014/09/18	11.20	11.23	11.01	11.08	8263180	91667512.00
2014/09/19	11.05	11.18	11.02	11.15	6249332	69518136.00
2014/09/22	11.07	11.08	10.75	10.81	9055214	98486968.00
2014/09/23	10.86	10.93	10.78	10.91	5727890	62261384.00
2014/09/24	10.90	11.17	10.82	11.13	7773915	85871056.00
2014/09/25	11.05	11.18	10.97	11.00	8642556	95627088.00
2014/09/26	11.02	11.14	10.96	11.06	5513264	60954096.00
2014/09/29	11.10	11.25	11.04	11.17	7622580	84887024.00
2014/09/30	11.17	11.22	11.11	11.19	5968940	66724564.00
2014/10/08	11.30	11.30	11.02	11.16	8853335	98152416.00
2014/10/09	11.16	11.41	11.05	11.33	13970191	157418848.00
2014/10/10	11.33	11.34	11.11	11.18	7591317	84890424.00
2014/10/13	11.19	11.25	11.00	11.21	6497721	72324720.00
2014/10/14	11.26	11.28	11.10	11.14	5904708	66086356.00
2014/10/15	11.12	11.17	10.88	11.05	6134012	67578720.00
2014/10/16	11.04	11.24	11.01	11.02	7003903	77969416.00
2014/10/17	10.92	10.93	10.40	10.63	7916856	84291704.00
2014/10/20	10.54	10.68	10.54	10.65	3178983	33764380.00
2014/10/21	10.63	10.77	10.62	10.65	4040026	43234536.00
2014/10/22	10.72	10.72	10.31	10.38	4944566	51848960.00
2014/10/23	10.42	10.42	10.18	10.32	3954493	40649968.00
2014/10/24	10.30	10.45	10.23	10.37	2914879	30184174.00
2014/10/27	10.37	10.37	10.14	10.31	2316940	23798698.00
2014/10/28	10.31	10.80	10.31	10.69	4829282	50838144.00
2014/10/29	10.70	11.15	10.54	10.98	12168647	132380680.00
2014/10/30	10.70	11.16	10.67	10.96	11414404	124983760.00
2014/10/31	10.79	11.09	10.44	10.66	12769570	135941056.00
2014/11/03	10.52	10.52	10.23	10.39	13013029	134655104.00
2014/11/04	10.40	10.41	10.28	10.33	5125634	52897792.00
2014/11/05	10.33	10.35	10.07	10.10	8562696	87324992.00
2014/11/06	10.00	10.22	9.96	10.21	5750283	58274128.00
2014/11/07	10.28	10.31	10.10	10.28	8456590	86385064.00
2014/11/10	10.40	10.48	10.13	10.21	11477759	117621472.00
2014/11/11	10.16	10.20	9.80	9.94	10672811	106921192.00
2014/11/12	10.08	10.16	9.90	10.11	7292559	73231872.00
2014/11/13	10.04	10.34	9.98	10.25	11038970	112482688.00
2014/11/14	10.10	10.10	9.88	10.02	10204802	101894168.00
2014/11/17	10.18	10.38	9.98	10.34	18566053	190324768.00
2014/11/18	10.25	10.26	10.06	10.14	7674903	77904896.00
2014/11/19	10.19	10.28	10.09	10.24	12149279	123712424.00
2014/11/20	10.13	10.14	9.96	10.00	11278592	113360960.00
2014/11/21	10.00	10.07	9.94	10.03	6138769	61383168.00
2014/11/24	10.10	10.35	10.05	10.21	13470193	137437552.00
2014/11/25	10.14	11.08	10.10	10.98	39034259	417847712.00
2014/11/26	10.98	10.98	10.56	10.68	25622533	274303296.00
2014/11/27	10.68	10.75	10.45	10.67	16864188	179021440.00
2014/11/28	10.76	11.15	10.76	10.97	36754798	403934048.00
2014/12/01	10.70	10.85	10.45	10.59	17775349	188960800.00
2014/12/02	10.90	11.10	10.77	10.81	18202463	198637104.00
2014/12/03	10.66	11.70	10.60	11.38	36008079	404804224.00
2014/12/04	11.40	11.58	11.20	11.45	24218160	275496288.00
2014/12/05	11.43	11.43	10.50	10.82	21588330	237348224.00
2014/12/08	10.69	11.19	10.54	10.84	19263812	207393200.00
2014/12/09	10.82	11.15	10.43	10.47	20400349	222304480.00
2014/12/10	10.80	11.06	10.65	10.91	15049591	163254368.00
2014/12/11	10.91	10.91	10.56	10.82	11264984	121193136.00
2014/12/12	10.79	10.97	10.72	10.88	10365642	112437824.00
2014/12/15	10.84	11.00	10.70	10.99	10398840	112438776.00
2014/12/16	10.89	10.96	10.78	10.90	9679668	105110248.00
2014/12/17	10.89	11.09	10.71	10.76	14826430	161612368.00
2014/12/18	10.69	10.93	10.60	10.71	10937737	117595632.00
2014/12/19	10.61	10.81	10.23	10.44	12301540	129387208.00
2014/12/22	10.26	10.60	9.95	10.09	13500588	137757920.00
2014/12/23	9.90	10.00	9.62	9.68	8653314	85279304.00
2014/12/24	9.75	9.80	9.42	9.70	8271683	79322688.00
2014/12/25	9.67	9.79	9.65	9.78	5237313	50869344.00
2014/12/26	9.78	9.97	9.76	9.93	6337607	62728816.00
2014/12/29	9.95	10.04	9.64	9.75	7318737	71776640.00
2014/12/30	9.73	9.73	9.40	9.43	6436665	61092340.00
2014/12/31	9.48	9.72	9.48	9.62	5253933	50566832.00
2015/01/05	9.63	10.20	9.43	10.15	14126219	140644384.00
2015/01/06	10.16	10.40	9.90	10.16	11076564	112307176.00
2015/01/07	10.16	11.15	10.13	10.88	29937889	323665632.00
2015/01/16	11.97	11.97	11.17	11.25	43437266	501749696.00
2015/01/19	10.95	11.72	10.71	10.83	31947780	360298592.00
2015/01/20	10.60	10.98	10.50	10.94	17661411	189994080.00
2015/01/21	11.29	11.36	10.98	11.26	24560856	274925056.00
2015/01/22	11.11	12.19	10.98	11.70	48768323	566725056.00
2015/01/23	11.84	12.11	11.39	11.46	30524825	358185088.00
2015/01/26	11.43	11.59	11.25	11.43	16679849	190100416.00
2015/01/27	11.27	11.28	10.96	11.17	18985436	210930672.00
2015/01/28	11.17	11.28	11.00	11.05	9873418	109836640.00
2015/01/29	10.88	10.89	10.69	10.81	10053687	108581696.00
2015/01/30	10.67	10.86	10.62	10.76	7565105	81251952.00
2015/02/02	10.75	10.98	10.75	10.84	8389793	91354984.00
2015/02/03	10.87	10.94	10.75	10.90	6800346	73756248.00
2015/02/04	10.81	10.81	10.64	10.67	8109117	86846896.00
2015/02/05	10.80	10.87	10.58	10.59	6434336	68978840.00
2015/02/06	10.50	10.50	10.15	10.22	8270397	84795904.00
2015/02/09	10.00	10.16	9.97	10.07	5902056	59371964.00
2015/02/10	10.06	10.19	10.06	10.13	4234788	42875296.00
2015/02/11	10.13	10.50	10.10	10.48	7552705	78343024.00
2015/02/12	10.36	10.45	10.30	10.36	3845262	39855640.00
2015/02/13	10.42	10.65	10.42	10.55	5235590	55205092.00
2015/02/16	10.55	10.60	10.45	10.58	5416983	56936048.00
2015/02/17	10.57	10.73	10.52	10.67	5103478	54303864.00
2015/02/25	10.58	10.58	10.31	10.36	6402799	66500088.00
2015/02/26	10.37	10.60	10.36	10.60	5919459	62040584.00
2015/02/27	10.63	10.75	10.50	10.71	7964781	84740064.00
2015/03/02	10.76	11.09	10.76	11.00	13049177	143153088.00
2015/03/03	10.90	11.21	10.79	11.11	16238960	179543328.00
2015/03/04	11.13	11.19	11.01	11.18	11220691	124504848.00
2015/03/05	11.13	11.20	10.92	11.17	10656205	117706968.00
2015/03/06	11.18	11.69	11.12	11.42	19750522	225479600.00
2015/03/09	11.21	11.25	10.94	11.25	11411590	126873368.00
2015/03/10	11.17	11.35	11.10	11.17	8963144	100386800.00
2015/03/11	11.15	11.23	11.05	11.09	8387225	93180344.00
2015/03/12	11.07	11.12	10.80	11.04	9638029	105802960.00
2015/03/13	11.03	11.14	10.92	11.07	7046007	77829560.00
2015/03/16	11.11	11.38	11.11	11.37	12492181	140590336.00
2015/03/17	11.39	11.57	11.25	11.54	17486961	199720896.00
2015/03/18	11.53	11.72	11.45	11.66	17782641	206687696.00
2015/03/19	11.93	12.83	11.93	12.83	23367241	293712160.00
2015/03/20	13.48	13.48	12.84	12.85	53297318	696200576.00
2015/03/23	13.12	13.27	12.75	13.01	31431798	409007680.00
2015/03/24	12.92	13.96	12.78	13.47	52809112	709976640.00
2015/03/25	13.15	13.65	13.06	13.23	30222798	400629920.00
2015/03/26	13.19	13.39	12.79	13.35	27157436	353934336.00
2015/03/27	13.39	14.14	13.04	13.25	41118695	551035456.00
2015/03/30	13.02	13.14	12.88	13.00	24014453	311354912.00
2015/03/31	13.00	13.00	12.80	12.86	20191235	260352800.00
2015/04/01	12.87	13.03	12.84	12.98	17728018	229314496.00
2015/04/02	13.29	13.45	13.10	13.37	32025584	425236352.00
2015/04/03	13.30	13.36	13.11	13.26	23867867	315415360.00
2015/04/07	13.50	13.90	13.38	13.79	37477761	511857408.00
2015/04/08	13.73	13.73	13.09	13.37	30276565	405734720.00
2015/04/09	13.25	13.26	12.56	12.76	26584370	341283648.00
2015/04/10	12.62	13.00	12.61	12.96	16978382	218409312.00
2015/04/13	13.13	13.50	13.13	13.36	26658681	355326112.00
2015/04/14	13.26	14.15	13.04	14.00	47490410	649479040.00
2015/04/15	14.27	15.40	14.27	15.40	65335245	995292800.00
2015/04/16	15.60	16.94	15.00	16.37	63306382	1005582528.00
2015/04/17	16.20	16.99	15.73	15.96	51980233	848214784.00
2015/04/20	15.40	16.25	15.01	15.25	38876924	607332224.00
2015/04/21	15.18	15.94	14.96	15.91	28832226	446079520.00
2015/04/22	15.90	16.20	15.70	15.98	26965742	431543040.00
2015/04/23	15.75	16.53	15.40	16.15	29627517	471158560.00
2015/04/24	15.85	16.08	15.53	15.68	17591910	277251008.00
2015/04/27	15.91	16.47	15.50	16.11	25426494	405690528.00
2015/04/28	16.50	17.72	16.17	17.72	52138841	884120192.00
2015/04/29	17.90	19.49	17.88	19.49	34378249	648060928.00
2015/04/30	20.28	20.48	18.22	18.50	58016744	1106941568.00
2015/05/05	17.91	17.91	17.91	17.91	0	0.00
数据来源:通达信
