600868 梅雁吉祥 日线 前复权
      日期	    开盘	    最高	    最低	    收盘	    成交量	    成交额
2011/10/10	2.80	2.81	2.75	2.76	10958675	30408624.00
2011/10/11	2.81	2.85	2.72	2.77	16749570	46552128.00
2011/10/12	2.76	2.91	2.73	2.91	44535396	129103856.00
2011/10/13	2.90	2.99	2.88	2.95	40027674	117758616.00
2011/10/14	2.92	2.94	2.86	2.89	21883648	63331804.00
2011/10/17	2.89	2.94	2.88	2.90	16662693	48430544.00
2011/10/18	2.90	2.90	2.81	2.82	20314283	57842504.00
2011/10/19	2.82	2.84	2.76	2.79	14477398	40474672.00
2011/10/20	2.78	2.82	2.65	2.69	20835996	56677108.00
2011/10/21	2.69	2.70	2.60	2.62	16120470	42490484.00
2011/10/24	2.64	2.74	2.59	2.70	20380165	54350436.00
2011/10/26	2.73	2.83	2.71	2.77	28887915	80430944.00
2011/10/27	2.76	2.82	2.76	2.78	15356102	42708232.00
2011/10/28	2.79	2.88	2.78	2.84	24527708	69096240.00
2011/10/31	2.83	2.91	2.78	2.86	25234981	71319344.00
2011/11/01	2.81	2.86	2.80	2.84	16511050	46836804.00
2011/11/02	2.78	2.89	2.76	2.86	25011582	70512800.00
2011/11/03	2.87	2.91	2.85	2.87	34697819	99945432.00
2011/11/04	2.87	2.91	2.86	2.89	21612477	62264784.00
2011/11/07	2.88	2.92	2.87	2.90	19756086	57273032.00
2011/11/08	2.90	2.91	2.83	2.84	19365899	55637128.00
2011/11/09	2.84	2.87	2.79	2.85	16209228	45884352.00
2011/11/10	2.82	2.82	2.77	2.78	18457282	51650644.00
2011/11/11	2.78	2.81	2.75	2.79	12667738	35192512.00
2011/11/14	2.80	2.85	2.79	2.84	17535278	49649772.00
2011/11/15	2.84	2.90	2.83	2.89	24555466	70778408.00
2011/11/16	2.89	2.89	2.77	2.79	20060082	56685324.00
2011/11/17	2.79	2.89	2.77	2.83	20399754	57738932.00
2011/11/18	2.80	2.81	2.75	2.76	16567420	45933316.00
2011/11/21	2.75	2.77	2.68	2.72	12579576	34208780.00
2011/11/22	2.68	2.72	2.65	2.70	12114821	32486312.00
2011/11/23	2.70	2.73	2.68	2.69	11744140	31791256.00
2011/11/24	2.69	2.72	2.65	2.69	10363396	27841694.00
2011/11/25	2.69	2.71	2.65	2.68	7781403	20872836.00
2011/11/28	2.68	2.71	2.65	2.66	8294696	22160392.00
2011/11/29	2.67	2.71	2.66	2.70	10998729	29555652.00
2011/11/30	2.71	2.72	2.57	2.57	21055550	54816176.00
2011/12/01	2.62	2.65	2.57	2.58	21009746	54907640.00
2011/12/02	2.59	2.59	2.45	2.47	23801880	59154564.00
2011/12/05	2.47	2.48	2.35	2.35	22454099	53159552.00
2011/12/06	2.32	2.33	2.25	2.30	22958751	52345344.00
2011/12/07	2.29	2.32	2.26	2.29	13049928	29831546.00
2011/12/08	2.28	2.32	2.18	2.29	26016648	58237400.00
2011/12/09	2.24	2.28	2.22	2.26	13650245	30729372.00
2011/12/12	2.26	2.30	2.24	2.26	12845557	29115546.00
2011/12/13	2.24	2.25	2.15	2.15	19782511	42966524.00
2011/12/14	2.12	2.15	2.04	2.05	15782721	33102038.00
2011/12/15	2.01	2.02	1.96	1.97	20925714	41570000.00
2011/12/16	1.97	2.07	1.94	2.07	26053703	52630328.00
2011/12/19	2.08	2.16	2.03	2.13	27032644	56850160.00
2011/12/20	2.10	2.16	2.10	2.11	13351305	28410344.00
2011/12/21	2.12	2.14	2.01	2.04	13528781	28188932.00
2011/12/22	2.01	2.08	1.95	2.05	15093856	30241016.00
2011/12/23	2.05	2.10	2.02	2.06	14270781	29430082.00
2011/12/26	2.06	2.09	2.03	2.04	9706094	19993110.00
2011/12/27	2.04	2.04	1.96	1.96	11997641	23961344.00
2011/12/28	1.96	2.00	1.94	1.99	12493574	24626000.00
2011/12/29	1.99	2.01	1.97	2.00	7949454	15858357.00
2011/12/30	2.00	2.04	2.00	2.02	8249962	16675411.00
2012/01/04	2.04	2.05	1.98	1.99	7657079	15433312.00
2012/01/05	1.98	2.00	1.96	1.97	8726129	17301360.00
2012/01/06	1.97	2.01	1.95	2.01	8179731	16145705.00
2012/01/09	2.01	2.07	1.99	2.06	16357889	33392658.00
2012/01/10	2.05	2.15	2.04	2.14	25193416	53460144.00
2012/01/11	2.13	2.15	2.10	2.11	18919799	40134908.00
2012/01/12	2.10	2.18	2.09	2.15	19145182	41035240.00
2012/01/13	2.15	2.15	2.06	2.07	13327838	27864050.00
2012/01/16	2.05	2.07	2.02	2.02	7198777	14719357.00
2012/01/17	2.00	2.11	2.00	2.10	15495385	32022336.00
2012/01/18	2.10	2.15	2.07	2.12	16092169	33918048.00
2012/01/19	2.12	2.17	2.09	2.14	13658418	29092798.00
2012/01/20	2.14	2.15	2.12	2.14	9376939	20037416.00
2012/01/30	2.16	2.16	2.12	2.13	10477383	22446044.00
2012/01/31	2.13	2.24	2.11	2.20	28228229	61592276.00
2012/02/01	2.18	2.23	2.15	2.16	21573263	47221252.00
2012/02/02	2.16	2.18	2.14	2.17	10561259	22797820.00
2012/02/03	2.19	2.28	2.19	2.25	36344352	81872984.00
2012/02/06	2.24	2.26	2.21	2.25	20211990	45217720.00
2012/02/07	2.24	2.24	2.16	2.18	18206583	39774456.00
2012/02/08	2.17	2.24	2.16	2.23	13607345	29983892.00
2012/02/09	2.23	2.34	2.21	2.29	38233729	87063824.00
2012/02/10	2.29	2.30	2.26	2.27	23834401	54322780.00
2012/02/13	2.25	2.30	2.24	2.29	17585723	40062472.00
2012/02/14	2.28	2.35	2.27	2.33	23428432	54327644.00
2012/02/15	2.33	2.41	2.31	2.39	28909529	68677128.00
2012/02/16	2.39	2.39	2.33	2.35	22672150	53436616.00
2012/02/17	2.35	2.38	2.32	2.35	14542556	34152444.00
2012/02/20	2.38	2.40	2.33	2.34	15301756	36039424.00
2012/02/21	2.35	2.35	2.28	2.35	16636426	38577456.00
2012/02/22	2.33	2.39	2.33	2.37	19571380	46223944.00
2012/02/23	2.36	2.49	2.34	2.49	52097702	126376312.00
2012/02/24	2.47	2.60	2.45	2.53	58845158	147480784.00
2012/02/27	2.50	2.57	2.49	2.49	38395014	97215744.00
2012/02/28	2.47	2.50	2.43	2.48	25890600	63753740.00
2012/02/29	2.47	2.48	2.43	2.43	14776012	36226392.00
2012/03/01	2.41	2.45	2.40	2.43	12104059	29416336.00
2012/03/02	2.44	2.54	2.44	2.48	23169936	57785708.00
2012/03/05	2.48	2.54	2.48	2.51	23285368	58357280.00
2012/03/06	2.51	2.58	2.48	2.52	29509726	74694736.00
2012/03/07	2.49	2.52	2.45	2.46	18306298	45470204.00
2012/03/08	2.47	2.51	2.46	2.49	14983240	37205544.00
2012/03/09	2.49	2.53	2.48	2.52	15966431	39968556.00
2012/03/12	2.52	2.55	2.50	2.51	12457386	31382056.00
2012/03/13	2.50	2.53	2.49	2.52	14873673	37351268.00
2012/03/14	2.53	2.55	2.39	2.39	35239089	86863240.00
2012/03/15	2.36	2.42	2.27	2.30	28409027	65898236.00
2012/03/16	2.31	2.35	2.29	2.35	15005595	34885464.00
2012/03/19	2.35	2.37	2.30	2.36	15392457	35899336.00
2012/03/20	2.34	2.40	2.31	2.33	20358323	47981248.00
2012/03/21	2.33	2.36	2.28	2.34	17517376	40696728.00
2012/03/22	2.33	2.38	2.32	2.35	18259549	43025352.00
2012/03/23	2.35	2.39	2.31	2.33	16235818	38010640.00
2012/03/26	2.33	2.34	2.29	2.31	11296303	26072454.00
2012/03/27	2.31	2.34	2.28	2.29	10075241	23263732.00
2012/03/28	2.28	2.28	2.18	2.18	20583285	45385164.00
2012/03/29	2.16	2.16	2.07	2.10	16542274	34839600.00
2012/03/30	2.08	2.12	2.08	2.11	8720916	18385260.00
2012/04/05	2.13	2.22	2.11	2.22	19894187	43826376.00
2012/04/06	2.24	2.27	2.21	2.25	13073212	29320770.00
2012/04/09	2.27	2.28	2.23	2.24	10546313	23722624.00
2012/04/10	2.19	2.21	2.13	2.20	19488605	42206084.00
2012/04/11	2.18	2.20	2.14	2.18	13173599	28677376.00
2012/04/12	2.18	2.24	2.17	2.23	17066750	37778156.00
2012/04/13	2.23	2.26	2.21	2.24	16733385	37312312.00
2012/04/16	2.23	2.30	2.21	2.26	19539554	43934296.00
2012/04/17	2.25	2.37	2.22	2.33	41401014	95370776.00
2012/04/18	2.30	2.35	2.29	2.33	30214478	70040496.00
2012/04/19	2.32	2.33	2.28	2.29	15019578	34668292.00
2012/04/20	2.29	2.32	2.28	2.31	15950315	36694044.00
2012/04/23	2.30	2.31	2.24	2.25	17770030	40364100.00
2012/04/24	2.24	2.24	2.14	2.17	27839138	60433656.00
2012/04/25	2.17	2.21	2.16	2.21	14988363	32800080.00
2012/04/26	2.21	2.24	2.19	2.20	11523170	25446876.00
2012/04/27	2.19	2.20	2.15	2.18	10635215	23075366.00
2012/05/02	2.08	2.17	2.07	2.08	40812408	85340528.00
2012/05/03	2.05	2.05	1.98	1.99	44916754	89723904.00
2012/05/07	2.03	2.09	2.03	2.09	38056594	78745848.00
2012/05/08	2.09	2.13	2.07	2.10	22485353	47082620.00
2012/05/09	2.09	2.09	2.05	2.06	13571361	28075428.00
2012/05/10	2.05	2.08	2.04	2.07	11151232	23031536.00
2012/05/11	2.06	2.08	2.04	2.06	10328839	21311136.00
2012/05/14	2.07	2.09	2.04	2.05	10572318	21726036.00
2012/05/15	2.03	2.05	2.00	2.05	11485168	23158700.00
2012/05/16	2.04	2.04	2.02	2.02	8836342	17918474.00
2012/05/17	2.02	2.06	2.02	2.05	10676792	21797020.00
2012/05/18	2.04	2.10	2.02	2.06	18753427	38728964.00
2012/05/21	2.04	2.07	2.02	2.05	9830474	20100544.00
2012/05/22	2.05	2.07	2.05	2.06	9688606	19964468.00
2012/05/23	2.07	2.16	2.03	2.14	31281108	65841116.00
2012/05/24	2.11	2.14	2.08	2.09	27861663	58774176.00
2012/05/25	2.07	2.09	2.03	2.04	14397586	29548052.00
2012/05/28	2.04	2.07	2.01	2.06	12398153	25291416.00
2012/05/29	2.06	2.09	2.05	2.09	12823334	26611760.00
2012/05/30	2.08	2.15	2.07	2.11	20486315	43130016.00
2012/05/31	2.10	2.10	2.08	2.09	8209418	17150388.00
2012/06/01	2.09	2.12	2.08	2.09	9825859	20635780.00
2012/06/04	2.07	2.07	2.03	2.03	12365050	25320620.00
2012/06/05	2.03	2.08	2.03	2.06	9378546	19275672.00
2012/06/06	2.05	2.06	2.03	2.05	6605191	13523367.00
2012/06/07	2.06	2.08	2.03	2.04	7699923	15831319.00
2012/06/08	2.06	2.08	2.03	2.06	9649051	19801748.00
2012/06/11	2.04	2.07	2.03	2.06	7602450	15601054.00
2012/06/12	2.05	2.09	2.04	2.08	12515181	25838932.00
2012/06/13	2.07	2.14	2.07	2.11	21609862	45548608.00
2012/06/14	2.11	2.13	2.08	2.09	18230704	38365136.00
2012/06/15	2.09	2.11	2.06	2.09	13875435	28905560.00
2012/06/18	2.10	2.10	2.07	2.09	10973833	22904050.00
2012/06/19	2.09	2.09	2.06	2.07	9931119	20598856.00
2012/06/20	2.07	2.08	2.05	2.06	8400504	17359484.00
2012/06/21	2.06	2.07	2.02	2.04	12109814	24652384.00
2012/06/25	2.04	2.06	2.00	2.00	10350165	21033468.00
2012/06/26	2.00	2.03	1.99	2.02	10750851	21530764.00
2012/06/27	2.02	2.03	1.99	2.00	8567563	17170772.00
2012/06/28	2.00	2.02	1.98	1.98	7726168	15434823.00
2012/06/29	1.97	1.98	1.94	1.98	11326704	22207564.00
2012/07/02	2.00	2.00	1.98	1.98	6889669	13701317.00
2012/07/03	2.00	2.08	2.00	2.05	23387315	48040672.00
2012/07/04	2.04	2.06	2.00	2.03	9470235	19164108.00
2012/07/05	2.02	2.02	1.98	1.99	9481268	18940260.00
2012/07/06	2.00	2.03	1.98	2.02	6839051	13678102.00
2012/07/09	2.02	2.04	1.98	1.99	12056988	24211462.00
2012/07/10	1.99	2.00	1.97	1.98	6607449	13102491.00
2012/07/11	1.98	2.00	1.97	2.00	5649400	11208897.00
2012/07/12	1.99	2.00	1.97	2.00	8231779	16357593.00
2012/07/13	1.99	2.00	1.97	1.98	6110337	12113814.00
2012/07/16	1.99	1.99	1.89	1.90	15286900	29591204.00
2012/07/17	1.89	1.92	1.88	1.92	7532169	14328655.00
2012/07/18	1.89	1.92	1.89	1.92	6531500	12412746.00
2012/07/19	1.92	1.94	1.90	1.93	7472551	14397540.00
2012/07/20	1.93	1.93	1.91	1.92	5434211	10430110.00
2012/07/23	1.90	1.91	1.88	1.89	6842635	12928300.00
2012/07/24	1.88	1.91	1.87	1.90	5636192	10670893.00
2012/07/25	1.89	1.91	1.88	1.89	4669763	8843183.00
2012/07/26	1.88	1.90	1.87	1.88	4943005	9323801.00
2012/07/27	1.89	1.89	1.86	1.87	6039457	11307314.00
2012/07/30	1.78	1.78	1.78	1.78	5370200	9558956.00
2012/07/31	1.69	1.69	1.69	1.69	2391600	4041804.00
2012/08/01	1.61	1.68	1.61	1.62	72673595	117762720.00
2012/08/02	1.63	1.65	1.55	1.58	31514701	50402040.00
2012/08/03	1.58	1.60	1.55	1.60	22217476	34858968.00
2012/08/06	1.58	1.64	1.57	1.62	23621658	37916708.00
2012/08/07	1.62	1.65	1.60	1.64	22302979	36477176.00
2012/08/08	1.64	1.65	1.61	1.62	18283503	29769124.00
2012/08/09	1.62	1.64	1.60	1.63	17303270	28039872.00
2012/08/10	1.62	1.64	1.61	1.64	14296915	23288556.00
2012/08/13	1.63	1.64	1.57	1.58	14564253	23329628.00
2012/08/14	1.56	1.61	1.55	1.59	13736257	21663948.00
2012/08/15	1.59	1.59	1.57	1.58	8419600	13302142.00
2012/08/16	1.58	1.61	1.56	1.61	12908015	20595180.00
2012/08/17	1.60	1.61	1.58	1.60	8590883	13717398.00
2012/08/22	1.76	1.76	1.76	1.76	4314140	7592886.00
2012/08/23	1.94	1.94	1.94	1.94	3730607	7237378.00
2012/08/24	2.13	2.13	2.13	2.13	39060275	83198384.00
2012/08/27	2.15	2.16	2.00	2.06	125120455	262267472.00
2012/08/28	2.03	2.08	2.01	2.04	37330652	76461936.00
2012/08/29	2.03	2.04	1.94	1.96	37016514	73498136.00
2012/08/30	1.94	1.95	1.77	1.84	42630942	79845336.00
2012/08/31	1.83	2.02	1.81	2.02	72223478	144280656.00
2012/09/03	2.05	2.05	1.96	2.01	50484887	100838760.00
2012/09/04	1.99	2.20	1.98	2.09	57997642	122398496.00
2012/09/05	2.07	2.29	2.05	2.27	93187374	206174064.00
2012/09/06	2.24	2.25	2.18	2.23	57536958	127518160.00
2012/09/07	2.24	2.32	2.20	2.24	65125323	146746320.00
2012/09/10	2.23	2.34	2.22	2.26	40164469	91015992.00
2012/09/11	2.24	2.26	2.17	2.20	40035016	88186480.00
2012/09/12	2.19	2.28	2.17	2.25	45065099	100061800.00
2012/09/13	2.24	2.25	2.18	2.19	24162300	53479032.00
2012/09/14	2.19	2.24	2.18	2.21	22910783	50567592.00
2012/09/17	2.19	2.20	2.08	2.09	30544196	65007312.00
2012/09/18	2.07	2.10	2.04	2.07	15265751	31592658.00
2012/09/19	2.06	2.12	2.06	2.10	18864130	39442196.00
2012/09/20	2.10	2.10	2.01	2.03	17407781	35630640.00
2012/09/21	2.02	2.08	2.01	2.05	14586609	30060752.00
2012/09/24	2.03	2.09	2.01	2.08	14137105	29026500.00
2012/09/25	2.06	2.10	2.05	2.07	13364599	27717784.00
2012/09/26	2.05	2.25	2.05	2.15	45822223	99103112.00
2012/09/27	2.13	2.19	2.12	2.16	31403347	67819952.00
2012/09/28	2.15	2.17	2.12	2.17	23038035	49445632.00
2012/10/08	2.17	2.26	2.14	2.22	35269412	77602328.00
2012/10/09	2.20	2.27	2.19	2.24	34317162	76597552.00
2012/10/10	2.24	2.36	2.21	2.29	55396469	127346408.00
2012/10/11	2.26	2.35	2.21	2.21	45810162	103934184.00
2012/10/12	2.20	2.24	2.19	2.22	26953940	59640832.00
2012/10/15	2.22	2.23	2.16	2.19	17770868	38832412.00
2012/10/16	2.17	2.22	2.17	2.19	14350306	31513520.00
2012/10/17	2.20	2.30	2.17	2.27	38380049	85905080.00
2012/10/18	2.25	2.35	2.24	2.30	58620457	135383792.00
2012/10/19	2.29	2.42	2.29	2.34	62135463	146691040.00
2012/10/22	2.32	2.37	2.28	2.36	36062652	84007192.00
2012/10/23	2.39	2.60	2.36	2.60	102361437	261130976.00
2012/10/24	2.72	2.86	2.68	2.86	58623578	164468160.00
2012/10/25	2.86	3.15	2.86	2.96	304339539	932556608.00
2012/10/26	2.84	3.26	2.80	3.25	305914546	955026112.00
2012/10/29	3.15	3.19	2.93	2.96	209400242	629267520.00
2012/10/30	2.91	2.96	2.67	2.73	192374011	532372256.00
2012/10/31	2.69	2.92	2.68	2.79	185333055	521016352.00
2012/11/01	2.72	2.79	2.65	2.76	120209305	328135360.00
2012/11/02	2.73	2.79	2.68	2.72	84345024	229477696.00
2012/11/05	2.70	2.77	2.68	2.72	68798639	186885296.00
2012/11/06	2.71	2.90	2.64	2.84	153251557	428068288.00
2012/11/07	2.79	2.81	2.70	2.72	78623390	215349056.00
2012/11/08	2.71	2.71	2.61	2.62	60333817	159314864.00
2012/11/09	2.60	2.64	2.53	2.55	48913902	125585560.00
2012/11/12	2.56	2.74	2.56	2.64	57651412	153260000.00
2012/11/13	2.60	2.64	2.57	2.63	35625867	92622000.00
2012/11/14	2.59	2.69	2.58	2.65	37181051	98492320.00
2012/11/15	2.63	2.82	2.62	2.72	91498940	251950512.00
2012/11/16	2.67	2.78	2.62	2.65	46033515	123598424.00
2012/11/19	2.62	2.62	2.50	2.59	50249265	127724768.00
2012/11/20	2.57	2.62	2.53	2.55	30516378	78062632.00
2012/11/21	2.56	2.57	2.44	2.55	43291174	108257720.00
2012/11/22	2.51	2.52	2.46	2.47	27035590	67367488.00
2012/11/23	2.45	2.49	2.45	2.46	22342208	55297136.00
2012/11/26	2.46	2.55	2.45	2.50	35305017	88854352.00
2012/11/27	2.48	2.49	2.38	2.39	35814178	86362432.00
2012/11/28	2.34	2.35	2.24	2.27	36165865	82463576.00
2012/11/29	2.27	2.32	2.21	2.24	27124296	61416712.00
2012/11/30	2.21	2.35	2.21	2.31	32919336	75315000.00
2012/12/03	2.28	2.32	2.25	2.27	23083702	52819476.00
2012/12/04	2.27	2.50	2.23	2.50	69624468	167159104.00
2012/12/05	2.50	2.60	2.46	2.54	91047064	230523392.00
2012/12/06	2.53	2.55	2.47	2.50	38442470	96049000.00
2012/12/07	2.49	2.60	2.43	2.55	60649011	152702112.00
2012/12/10	2.53	2.75	2.51	2.65	79143994	208627488.00
2012/12/11	2.61	2.75	2.59	2.62	70306158	186713696.00
2012/12/12	2.60	2.67	2.57	2.66	48711465	127578120.00
2012/12/13	2.65	2.72	2.61	2.63	51245520	136425168.00
2012/12/14	2.61	2.72	2.60	2.70	78470442	210414912.00
2012/12/17	2.70	2.75	2.65	2.69	52750272	141670192.00
2012/12/18	2.66	2.69	2.61	2.63	48930096	129685648.00
2012/12/19	2.61	2.88	2.58	2.79	116928083	319463584.00
2012/12/20	2.73	2.77	2.66	2.71	73627321	199437296.00
2012/12/21	2.68	2.73	2.65	2.65	35083644	93876144.00
2012/12/24	2.64	2.73	2.64	2.68	40265769	108273088.00
2012/12/25	2.65	2.74	2.65	2.72	59040022	159679968.00
2012/12/26	2.72	2.75	2.69	2.72	43062231	117018440.00
2012/12/27	2.72	2.87	2.67	2.74	88426063	243835696.00
2012/12/28	2.72	2.81	2.69	2.77	73451430	202802480.00
2012/12/31	2.81	2.83	2.74	2.76	48825717	134875200.00
2013/01/04	2.79	2.79	2.67	2.70	45404149	123372512.00
2013/01/07	2.67	2.72	2.66	2.70	29041214	78215936.00
2013/01/08	2.70	2.73	2.69	2.72	30824023	83479648.00
2013/01/09	2.70	2.72	2.68	2.70	32569427	87891528.00
2013/01/10	2.69	2.71	2.68	2.70	32323882	87096528.00
2013/01/11	2.69	2.71	2.57	2.59	41872251	110442192.00
2013/01/14	2.57	2.65	2.56	2.64	33124797	86448992.00
2013/01/15	2.64	2.70	2.64	2.69	38952861	104155208.00
2013/01/16	2.67	2.73	2.66	2.70	41459218	111642448.00
2013/01/17	2.69	2.70	2.65	2.66	23827573	63534480.00
2013/01/18	2.66	2.80	2.66	2.74	69464761	190569808.00
2013/01/21	2.72	2.73	2.69	2.72	36493502	98877880.00
2013/01/22	2.72	2.73	2.64	2.66	32985818	88247768.00
2013/01/23	2.63	2.67	2.60	2.64	27103622	71422016.00
2013/01/24	2.65	2.68	2.58	2.60	27450650	72139952.00
2013/01/25	2.59	2.70	2.58	2.64	32255712	85533784.00
2013/01/28	2.65	2.68	2.63	2.67	30980407	82360272.00
2013/01/29	2.70	2.94	2.70	2.94	187515227	539193600.00
2013/01/30	2.97	3.16	2.93	3.01	212071680	641716480.00
2013/01/31	2.96	2.98	2.84	2.89	90394162	261026752.00
2013/02/01	2.88	2.89	2.81	2.85	52023554	147430000.00
2013/02/04	2.85	2.92	2.81	2.85	54243833	155331408.00
2013/02/05	2.83	2.84	2.78	2.83	38370830	107773336.00
2013/02/06	2.83	2.91	2.82	2.86	36541955	104757624.00
2013/02/07	2.83	2.86	2.80	2.81	32327152	91183952.00
2013/02/08	2.79	2.84	2.79	2.84	20039264	56651388.00
2013/02/18	2.84	2.87	2.84	2.85	28794911	82130000.00
2013/02/19	2.83	2.85	2.79	2.81	30510327	85778992.00
2013/02/20	2.80	2.89	2.80	2.86	40029131	114255552.00
2013/02/21	2.84	2.85	2.78	2.79	34975610	98310832.00
2013/02/22	2.77	2.80	2.76	2.78	23064818	64085672.00
2013/02/25	2.76	2.81	2.76	2.79	15429495	42975364.00
2013/02/26	2.78	2.79	2.72	2.73	21187959	58539712.00
2013/02/27	2.72	2.76	2.70	2.74	19584151	53519896.00
2013/02/28	2.74	2.86	2.72	2.81	37307450	104028688.00
2013/03/01	2.80	2.82	2.77	2.80	23302864	64925264.00
2013/03/04	2.78	2.79	2.63	2.68	37155214	100724400.00
2013/03/05	2.67	2.73	2.66	2.72	18160533	49067340.00
2013/03/06	2.72	2.84	2.71	2.80	38527141	107425592.00
2013/03/07	2.77	2.86	2.75	2.85	65062016	183774496.00
2013/03/08	2.86	2.95	2.82	2.88	78843732	227902528.00
2013/03/11	2.86	2.87	2.81	2.84	36061239	102176392.00
2013/03/12	2.84	2.91	2.79	2.83	44496482	126603424.00
2013/03/13	2.81	2.85	2.76	2.78	22981371	64055624.00
2013/03/14	2.78	2.84	2.76	2.82	21493300	60413524.00
2013/03/15	2.80	2.81	2.61	2.70	57697814	155295456.00
2013/03/18	2.65	2.68	2.61	2.62	29291697	77325304.00
2013/03/19	2.60	2.65	2.60	2.65	16975334	44711916.00
2013/03/20	2.65	2.70	2.63	2.70	24249693	64854344.00
2013/03/21	2.71	2.73	2.68	2.70	26406925	71353856.00
2013/03/22	2.70	2.80	2.67	2.75	40733251	111645320.00
2013/03/25	2.72	2.75	2.69	2.71	22068401	59806632.00
2013/03/26	2.70	2.71	2.64	2.66	20116932	53661684.00
2013/03/27	2.64	2.70	2.64	2.69	14713736	39497448.00
2013/03/28	2.68	2.68	2.61	2.62	22611754	59345352.00
2013/03/29	2.62	2.64	2.58	2.59	16545950	43052092.00
2013/04/01	2.59	2.62	2.56	2.60	12043678	31149744.00
2013/04/02	2.59	2.62	2.56	2.57	12752863	32961546.00
2013/04/03	2.58	2.59	2.53	2.53	13305483	33967672.00
2013/04/08	2.50	2.51	2.34	2.47	19484998	47336016.00
2013/04/09	2.45	2.52	2.45	2.52	13809218	34589364.00
2013/04/10	2.52	2.52	2.47	2.50	11449954	28549820.00
2013/04/11	2.48	2.53	2.48	2.48	9369100	23398932.00
2013/04/12	2.50	2.52	2.45	2.47	9918283	24677288.00
2013/04/15	2.45	2.46	2.41	2.42	10531042	25567544.00
2013/04/16	2.41	2.45	2.36	2.44	13552797	32500512.00
2013/04/17	2.43	2.44	2.40	2.42	9695739	23407004.00
2013/04/18	2.38	2.52	2.38	2.46	18176859	44635076.00
2013/04/19	2.44	2.50	2.44	2.49	15170349	37576424.00
2013/04/22	2.46	2.48	2.44	2.48	12570066	30993304.00
2013/04/23	2.47	2.49	2.40	2.42	15178062	36941808.00
2013/04/24	2.39	2.45	2.39	2.43	10342727	25087760.00
2013/04/25	2.44	2.52	2.41	2.48	34253344	85235120.00
2013/04/26	2.46	2.49	2.41	2.42	16447856	40102592.00
2013/05/02	2.41	2.46	2.40	2.45	10472091	25574788.00
2013/05/03	2.45	2.49	2.44	2.48	13207590	32689176.00
2013/05/06	2.48	2.52	2.48	2.50	13531408	33774476.00
2013/05/07	2.50	2.50	2.47	2.49	10723656	26670336.00
2013/05/08	2.49	2.51	2.47	2.48	10457374	25986954.00
2013/05/09	2.47	2.49	2.43	2.45	13351023	32707088.00
2013/05/10	2.45	2.66	2.44	2.54	42143586	107613168.00
2013/05/13	2.53	2.53	2.49	2.52	20352515	51073312.00
2013/05/14	2.50	2.52	2.47	2.48	9125463	22669384.00
2013/05/15	2.47	2.51	2.47	2.50	9646060	24032808.00
2013/05/16	2.50	2.51	2.46	2.51	14504853	36101484.00
2013/05/17	2.51	2.59	2.49	2.56	32559045	83064192.00
2013/05/20	2.55	2.58	2.54	2.56	22159751	56775128.00
2013/05/21	2.55	2.59	2.55	2.57	18115171	46486120.00
2013/05/22	2.56	2.60	2.56	2.58	17901931	46141136.00
2013/05/23	2.57	2.58	2.54	2.55	17038007	43564876.00
2013/05/24	2.55	2.69	2.55	2.62	47838902	126001200.00
2013/05/27	2.61	2.64	2.57	2.61	29778698	77338352.00
2013/05/28	2.60	2.62	2.56	2.61	19630080	50811936.00
2013/05/29	2.61	2.64	2.60	2.62	19567649	51193500.00
2013/05/30	2.60	2.62	2.59	2.61	13400379	34908168.00
2013/05/31	2.61	2.63	2.55	2.56	19667851	50826752.00
2013/06/03	2.56	2.58	2.54	2.55	13006500	33319432.00
2013/06/04	2.54	2.55	2.49	2.50	16196088	40667520.00
2013/06/05	2.50	2.51	2.46	2.48	9939566	24697292.00
2013/06/06	2.48	2.48	2.44	2.45	9622331	23650412.00
2013/06/07	2.45	2.47	2.41	2.42	10151325	24713548.00
2013/06/13	2.41	2.41	2.30	2.34	13096451	30713676.00
2013/06/14	2.34	2.37	2.34	2.36	8850980	20825620.00
2013/06/17	2.36	2.41	2.34	2.38	9506597	22549164.00
2013/06/18	2.39	2.39	2.35	2.37	7413838	17539708.00
2013/06/19	2.37	2.37	2.30	2.33	11408024	26496428.00
2013/06/20	2.30	2.31	2.24	2.24	10751700	24548010.00
2013/06/21	2.22	2.22	2.10	2.22	14866843	32306636.00
2013/06/24	2.22	2.22	2.04	2.06	17268218	36581580.00
2013/06/25	2.03	2.08	1.88	2.06	22824780	45645896.00
2013/06/26	2.07	2.11	2.02	2.08	13932330	28849540.00
2013/06/27	2.09	2.12	2.05	2.06	13143099	27441300.00
2013/06/28	2.06	2.09	2.03	2.07	8333236	17181928.00
2013/07/01	2.07	2.12	2.05	2.11	10413566	21720700.00
2013/07/02	2.10	2.12	2.08	2.11	7948548	16666562.00
2013/07/03	2.10	2.10	2.06	2.08	8335950	17304118.00
2013/07/04	2.06	2.11	2.03	2.09	13977288	29063210.00
2013/07/05	2.09	2.26	2.07	2.13	25215850	54530664.00
2013/07/08	2.08	2.09	2.04	2.06	13718708	28267184.00
2013/07/09	2.04	2.08	2.04	2.05	6553435	13496950.00
2013/07/10	2.05	2.10	2.04	2.10	8813163	18315596.00
2013/07/11	2.09	2.18	2.09	2.16	21221468	45555100.00
2013/07/12	2.16	2.17	2.11	2.12	12534731	26834086.00
2013/07/15	2.12	2.17	2.12	2.15	11472180	24593280.00
2013/07/16	2.14	2.18	2.13	2.18	16058679	34701164.00
2013/07/17	2.15	2.18	2.14	2.15	12027895	25990012.00
2013/07/18	2.13	2.17	2.13	2.14	9265540	19851816.00
2013/07/19	2.14	2.16	2.08	2.08	10648176	22545172.00
2013/07/22	2.06	2.09	2.04	2.08	6986294	14468111.00
2013/07/23	2.08	2.14	2.08	2.13	9491356	20075320.00
2013/07/24	2.12	2.15	2.09	2.14	11920797	25216984.00
2013/07/25	2.13	2.16	2.11	2.12	10676770	22683696.00
2013/07/26	2.12	2.12	2.09	2.10	7927495	16637061.00
2013/07/29	2.09	2.09	2.05	2.06	8207527	16940524.00
2013/07/30	2.05	2.08	2.04	2.07	7952959	16384706.00
2013/07/31	2.07	2.09	2.06	2.06	6546750	13573746.00
2013/08/01	2.07	2.09	2.06	2.09	8537590	17725072.00
2013/08/02	2.09	2.11	2.08	2.10	9511598	19942994.00
2013/08/05	2.09	2.13	2.09	2.12	9527327	20105272.00
2013/08/06	2.11	2.18	2.10	2.18	27309909	58863260.00
2013/08/07	2.16	2.17	2.12	2.14	17319303	37158476.00
2013/08/08	2.13	2.15	2.12	2.14	8136852	17347280.00
2013/08/09	2.13	2.16	2.12	2.14	10336160	22131844.00
2013/08/12	2.14	2.18	2.14	2.18	18331840	39668584.00
2013/08/13	2.18	2.21	2.16	2.21	22159865	48571532.00
2013/08/14	2.20	2.21	2.17	2.18	14900941	32599624.00
2013/08/15	2.17	2.18	2.15	2.15	10210551	22122484.00
2013/08/16	2.14	2.20	2.13	2.14	15827153	34236544.00
2013/08/19	2.13	2.18	2.12	2.17	12625335	27018584.00
2013/08/20	2.16	2.17	2.13	2.15	10589976	22763804.00
2013/08/21	2.15	2.15	2.13	2.14	7257949	15507528.00
2013/08/22	2.14	2.19	2.14	2.15	14861045	32140372.00
2013/08/23	2.15	2.17	2.10	2.15	16180662	34594280.00
2013/08/26	2.20	2.26	2.20	2.23	48217188	107479864.00
2013/08/27	2.22	2.24	2.20	2.23	20862874	46247888.00
2013/08/28	2.22	2.22	2.18	2.21	20593988	45381380.00
2013/08/29	2.19	2.28	2.19	2.24	33341264	74525968.00
2013/08/30	2.22	2.30	2.22	2.27	39565998	90118208.00
2013/09/02	2.30	2.35	2.27	2.27	23633882	54201408.00
2013/09/03	2.27	2.33	2.27	2.30	18869632	43441384.00
2013/09/04	2.30	2.31	2.27	2.29	13239972	30286020.00
2013/09/05	2.29	2.30	2.24	2.26	16960571	38405396.00
2013/09/06	2.26	2.29	2.24	2.27	13528051	30649256.00
2013/09/09	2.27	2.31	2.26	2.30	24621207	56511352.00
2013/09/10	2.31	2.53	2.30	2.53	64162708	159127200.00
2013/10/18	2.28	2.44	2.28	2.38	94732788	222140288.00
2013/10/21	2.30	2.38	2.23	2.35	50025995	115921408.00
2013/10/22	2.32	2.59	2.31	2.59	84015975	208013936.00
2013/10/23	2.59	2.82	2.49	2.63	111885716	298010336.00
2013/10/24	2.60	2.63	2.43	2.50	52524926	132691568.00
2013/10/25	2.47	2.73	2.47	2.64	93017058	246059504.00
2013/10/28	2.63	2.74	2.58	2.69	61953448	166572800.00
2013/10/29	2.68	2.81	2.58	2.67	80970293	217774704.00
2013/10/30	2.62	2.75	2.58	2.73	78400317	211082592.00
2013/10/31	2.69	2.71	2.56	2.57	54737498	143737856.00
2013/11/01	2.53	2.53	2.39	2.40	61168894	149432656.00
2013/11/04	2.38	2.43	2.37	2.41	25590313	61241780.00
2013/11/05	2.40	2.46	2.35	2.46	29541784	71349944.00
2013/11/06	2.45	2.46	2.39	2.40	24985668	60597544.00
2013/11/07	2.39	2.43	2.37	2.40	17769133	42613744.00
2013/11/08	2.39	2.40	2.29	2.31	31670123	73766592.00
2013/11/11	2.31	2.54	2.27	2.54	63797250	156264688.00
2013/11/12	2.63	2.74	2.57	2.61	115200792	305235872.00
2013/11/13	2.57	2.67	2.52	2.59	59546384	154123408.00
2013/11/14	2.58	2.73	2.52	2.64	68741818	182311792.00
2013/11/15	2.62	2.67	2.60	2.64	52183003	137506736.00
2013/11/18	2.63	2.68	2.57	2.65	54203804	142812832.00
2013/11/19	2.64	2.74	2.60	2.68	62579824	167193776.00
2013/11/20	2.67	2.79	2.63	2.74	77306660	209518112.00
2013/11/21	2.71	2.80	2.67	2.68	72973006	198721808.00
2013/11/22	2.67	2.69	2.60	2.63	48283092	127283552.00
2013/11/25	2.64	2.72	2.61	2.63	41589205	110386992.00
2013/11/26	2.62	2.64	2.58	2.59	30685166	79812520.00
2013/11/27	2.59	2.65	2.57	2.62	28874847	75221640.00
2013/11/28	2.62	2.65	2.60	2.61	30597767	80092440.00
2013/11/29	2.61	2.62	2.58	2.61	17643884	45862184.00
2013/12/02	2.56	2.56	2.41	2.48	44154788	109909000.00
2013/12/03	2.46	2.52	2.42	2.51	18844721	47035856.00
2013/12/04	2.50	2.55	2.49	2.53	22551547	57081176.00
2013/12/05	2.53	2.53	2.49	2.51	17768757	44512236.00
2013/12/06	2.51	2.52	2.48	2.49	14977409	37433844.00
2013/12/09	2.51	2.53	2.50	2.52	14609840	36780424.00
2013/12/10	2.52	2.52	2.47	2.49	18244275	45520204.00
2013/12/11	2.49	2.49	2.44	2.46	15327219	37672664.00
2013/12/12	2.46	2.48	2.44	2.46	13126654	32286344.00
2013/12/13	2.45	2.49	2.42	2.47	18989020	46545536.00
2013/12/16	2.46	2.47	2.41	2.41	13246430	32205792.00
2013/12/17	2.41	2.48	2.38	2.42	18606917	45244040.00
2013/12/18	2.41	2.44	2.41	2.42	9172045	22201684.00
2013/12/19	2.43	2.47	2.41	2.42	12651301	30869804.00
2013/12/20	2.42	2.42	2.35	2.36	12352211	29424536.00
2013/12/23	2.36	2.38	2.34	2.35	9987502	23521020.00
2013/12/24	2.35	2.37	2.33	2.34	8922935	20990648.00
2013/12/25	2.34	2.38	2.32	2.36	10006348	23523964.00
2013/12/26	2.35	2.36	2.29	2.29	12244772	28406996.00
2013/12/27	2.28	2.33	2.27	2.31	10636701	24557706.00
2013/12/30	2.31	2.38	2.31	2.34	11268980	26510260.00
2013/12/31	2.34	2.37	2.33	2.36	7950338	18687384.00
2014/01/02	2.36	2.38	2.33	2.37	8446322	19922504.00
2014/01/03	2.36	2.37	2.34	2.35	8331134	19576028.00
2014/01/06	2.34	2.34	2.23	2.25	14327360	32583488.00
2014/01/07	2.25	2.29	2.23	2.26	7271340	16444700.00
2014/01/08	2.26	2.28	2.19	2.21	12025500	26831004.00
2014/01/09	2.21	2.23	2.16	2.18	11493477	25223922.00
2014/01/10	2.18	2.18	2.11	2.13	12812977	27442952.00
2014/01/13	2.12	2.15	2.11	2.15	8002726	17093264.00
2014/01/14	2.15	2.27	2.13	2.24	18714699	41654464.00
2014/01/15	2.23	2.24	2.19	2.21	9997598	22130524.00
2014/01/16	2.21	2.25	2.20	2.24	8422891	18798220.00
2014/01/17	2.25	2.26	2.19	2.20	6988349	15449748.00
2014/01/20	2.22	2.22	2.18	2.19	5161680	11310428.00
2014/01/21	2.17	2.23	2.17	2.21	5122721	11321738.00
2014/01/22	2.22	2.25	2.20	2.25	9645283	21583038.00
2014/01/23	2.25	2.27	2.24	2.25	9542212	21520792.00
2014/01/24	2.25	2.28	2.23	2.27	12221607	27642326.00
2014/01/27	2.25	2.26	2.23	2.23	10051675	22508874.00
2014/01/28	2.23	2.25	2.21	2.25	8445518	18854000.00
2014/01/29	2.25	2.25	2.22	2.23	6235168	13939307.00
2014/01/30	2.23	2.24	2.21	2.21	6779912	15069991.00
2014/02/07	2.21	2.24	2.20	2.22	8184587	18187002.00
2014/02/10	2.23	2.29	2.23	2.28	17485614	39701748.00
2014/02/11	2.29	2.33	2.26	2.31	20928327	47945768.00
2014/02/12	2.31	2.33	2.28	2.33	16853223	38858768.00
2014/02/13	2.32	2.37	2.30	2.31	19347443	45126676.00
2014/02/14	2.32	2.34	2.29	2.34	14435796	33457096.00
2014/02/17	2.34	2.36	2.33	2.36	17111715	40163928.00
2014/02/18	2.35	2.36	2.32	2.34	17331693	40458984.00
2014/02/19	2.35	2.48	2.32	2.40	44850542	108362024.00
2014/02/20	2.38	2.43	2.35	2.38	25461812	60921572.00
2014/02/21	2.41	2.45	2.38	2.41	24251212	58556528.00
2014/02/24	2.40	2.40	2.32	2.34	20080669	47074248.00
2014/02/25	2.33	2.36	2.26	2.28	17720400	41074336.00
2014/02/26	2.26	2.29	2.24	2.28	12710833	28760992.00
2014/02/27	2.28	2.34	2.26	2.32	16503267	37915888.00
2014/02/28	2.31	2.33	2.27	2.30	11534788	26481860.00
2014/03/03	2.31	2.43	2.28	2.40	34722314	82326488.00
2014/03/04	2.37	2.42	2.34	2.38	24500504	58201100.00
2014/03/05	2.39	2.49	2.35	2.42	37468898	90939864.00
2014/03/06	2.40	2.47	2.37	2.44	36479067	88587832.00
2014/03/07	2.45	2.45	2.40	2.45	21047625	51070352.00
2014/03/10	2.43	2.46	2.35	2.37	25695630	61501604.00
2014/03/11	2.37	2.53	2.31	2.50	56778687	138836352.00
2014/03/12	2.47	2.52	2.40	2.42	42198404	103890704.00
2014/03/13	2.45	2.51	2.43	2.44	32846880	81270024.00
2014/03/14	2.42	2.43	2.34	2.38	26260099	62660936.00
2014/03/17	2.39	2.43	2.36	2.40	13621739	32696824.00
2014/03/18	2.39	2.47	2.38	2.44	23244273	56529828.00
2014/03/19	2.42	2.45	2.40	2.43	16514617	39980260.00
2014/03/20	2.43	2.44	2.37	2.38	16511043	39852248.00
2014/03/21	2.37	2.46	2.36	2.43	20479090	49603900.00
2014/03/24	2.43	2.49	2.40	2.46	34503735	84418784.00
2014/03/25	2.44	2.50	2.43	2.47	30661742	75825408.00
2014/03/26	2.46	2.46	2.43	2.45	16436572	40157328.00
2014/03/27	2.45	2.46	2.41	2.43	17844163	43420836.00
2014/03/28	2.43	2.48	2.41	2.44	22130306	54131264.00
2014/03/31	2.44	2.45	2.38	2.40	18821331	45341784.00
2014/04/01	2.40	2.40	2.36	2.40	11058377	26352308.00
2014/04/02	2.39	2.40	2.37	2.39	10899799	25995780.00
2014/04/03	2.39	2.39	2.36	2.37	7932627	18824828.00
2014/04/04	2.37	2.40	2.34	2.39	11351610	26965308.00
2014/04/08	2.38	2.47	2.37	2.44	24310731	59125932.00
2014/04/09	2.43	2.44	2.40	2.42	16971722	41140092.00
2014/04/10	2.42	2.44	2.41	2.43	13129680	31845760.00
2014/04/11	2.42	2.49	2.41	2.45	32771517	80594288.00
2014/04/14	2.44	2.45	2.41	2.43	16884400	40986476.00
2014/04/15	2.43	2.43	2.39	2.39	12504433	30095464.00
2014/04/16	2.40	2.42	2.39	2.41	7751156	18648252.00
2014/04/17	2.41	2.43	2.38	2.39	10077998	24142808.00
2014/04/18	2.39	2.42	2.38	2.40	9326086	22373442.00
2014/04/21	2.38	2.40	2.35	2.39	12132794	28801044.00
2014/04/22	2.37	2.38	2.35	2.37	7155064	16917710.00
2014/04/23	2.36	2.39	2.35	2.36	5292111	12507260.00
2014/04/24	2.35	2.35	2.31	2.31	9218381	21497160.00
2014/04/25	2.29	2.33	2.24	2.25	13139322	29998568.00
2014/04/28	2.25	2.25	2.19	2.21	10907389	24083704.00
2014/04/29	2.21	2.23	2.19	2.23	7088446	15719905.00
2014/04/30	2.23	2.24	2.22	2.23	5944597	13228231.00
2014/05/05	2.23	2.24	2.21	2.24	8616614	19198516.00
2014/05/06	2.24	2.26	2.23	2.24	6103176	13701574.00
2014/05/07	2.25	2.25	2.21	2.21	5371000	11983241.00
2014/05/08	2.21	2.25	2.20	2.22	7231970	16122869.00
2014/05/09	2.23	2.23	2.19	2.21	6625320	14617335.00
2014/05/12	2.23	2.28	2.22	2.28	13078189	29543396.00
2014/05/13	2.28	2.33	2.27	2.32	17985259	41470160.00
2014/05/14	2.32	2.33	2.29	2.30	9205558	21231216.00
2014/05/15	2.30	2.31	2.24	2.26	7898701	17911288.00
2014/05/16	2.25	2.29	2.24	2.27	7050128	16037284.00
2014/05/19	2.27	2.29	2.24	2.25	5483246	12387973.00
2014/05/20	2.25	2.28	2.25	2.26	4410011	9976636.00
2014/05/21	2.26	2.27	2.23	2.27	5551995	12483929.00
2014/05/22	2.27	2.28	2.24	2.25	5427045	12254053.00
2014/05/23	2.25	2.26	2.23	2.25	7481244	16747737.00
2014/05/26	2.24	2.27	2.24	2.25	6731003	15181788.00
2014/05/27	2.25	2.26	2.24	2.25	6332737	14238041.00
2014/05/28	2.24	2.27	2.24	2.26	5832086	13162073.00
2014/05/29	2.26	2.26	2.23	2.23	6615772	14835568.00
2014/05/30	2.24	2.24	2.19	2.22	8143378	18046324.00
2014/06/03	2.21	2.23	2.21	2.22	5723415	12693360.00
2014/06/04	2.22	2.22	2.19	2.20	4922172	10838658.00
2014/06/05	2.19	2.21	2.18	2.20	6853025	15037305.00
2014/06/06	2.20	2.20	2.18	2.19	5059616	11080448.00
2014/06/09	2.19	2.20	2.18	2.18	4661206	10207119.00
2014/06/10	2.19	2.21	2.18	2.21	5971097	13104584.00
2014/06/11	2.21	2.21	2.18	2.19	5659600	12406404.00
2014/06/12	2.19	2.21	2.18	2.20	8532064	18732792.00
2014/06/13	2.20	2.22	2.19	2.22	7903357	17421434.00
2014/06/16	2.22	2.22	2.20	2.22	6044684	13374044.00
2014/06/17	2.21	2.22	2.17	2.19	9870531	21596264.00
2014/06/18	2.19	2.19	2.16	2.18	8934570	19398732.00
2014/06/19	2.17	2.18	2.13	2.14	10315309	22167606.00
2014/06/20	2.14	2.15	2.12	2.14	6552693	13986992.00
2014/06/23	2.14	2.16	2.13	2.15	5254157	11288144.00
2014/06/24	2.15	2.16	2.12	2.16	6377984	13703537.00
2014/06/25	2.16	2.16	2.14	2.14	6497089	13947797.00
2014/06/26	2.14	2.17	2.14	2.16	6844971	14759832.00
2014/06/27	2.15	2.32	2.14	2.23	33602083	75318360.00
2014/06/30	2.19	2.26	2.19	2.25	20066320	44675560.00
2014/07/01	2.24	2.25	2.22	2.24	10875315	24290028.00
2014/07/02	2.24	2.26	2.22	2.25	10603497	23770076.00
2014/07/03	2.24	2.29	2.24	2.28	18220906	41396044.00
2014/07/04	2.28	2.28	2.23	2.26	13606078	30663434.00
2014/07/07	2.26	2.28	2.23	2.24	8150358	18330956.00
2014/07/08	2.24	2.25	2.22	2.25	8812764	19684580.00
2014/07/09	2.24	2.25	2.21	2.22	8940117	19921098.00
2014/07/10	2.21	2.28	2.21	2.24	17672221	39681552.00
2014/07/11	2.23	2.25	2.23	2.25	11132341	24900910.00
2014/07/14	2.25	2.25	2.22	2.25	9277419	20770888.00
2014/07/15	2.25	2.28	2.24	2.28	19700447	44642532.00
2014/07/16	2.27	2.33	2.26	2.29	29895629	68630168.00
2014/07/17	2.30	2.31	2.26	2.28	14303092	32577820.00
2014/07/18	2.27	2.30	2.26	2.28	12610441	28773026.00
2014/07/21	2.27	2.28	2.26	2.27	8709744	19738514.00
2014/07/22	2.27	2.29	2.26	2.28	12185362	27771128.00
2014/07/23	2.28	2.30	2.26	2.29	13452914	30741364.00
2014/07/24	2.29	2.35	2.27	2.31	24762868	57226568.00
2014/07/25	2.30	2.35	2.29	2.33	25429286	59118596.00
2014/07/28	2.33	2.39	2.33	2.36	27503536	64889612.00
2014/07/29	2.36	2.39	2.34	2.36	22150763	52380736.00
2014/07/30	2.35	2.38	2.33	2.37	22180837	52299992.00
2014/07/31	2.37	2.43	2.35	2.41	33592134	80334768.00
2014/08/01	2.39	2.41	2.35	2.37	23656895	56285816.00
2014/08/04	2.35	2.40	2.35	2.40	18668792	44506000.00
2014/08/05	2.39	2.43	2.38	2.42	23565207	56618264.00
2014/08/06	2.41	2.52	2.39	2.48	63523289	156378256.00
2014/08/07	2.48	2.50	2.42	2.43	36948586	90987400.00
2014/08/08	2.42	2.48	2.42	2.45	23797402	58452912.00
2014/08/11	2.45	2.47	2.43	2.47	17427112	42783648.00
2014/08/12	2.46	2.47	2.43	2.45	19874892	48709876.00
2014/08/13	2.45	2.49	2.44	2.47	22372964	55156276.00
2014/08/14	2.48	2.49	2.44	2.46	23285037	57563848.00
2014/08/15	2.45	2.50	2.44	2.48	26011566	64295236.00
2014/08/18	2.47	2.53	2.47	2.53	44748033	112400264.00
2014/08/19	2.51	2.53	2.50	2.52	24721555	62086040.00
2014/08/20	2.51	2.55	2.50	2.53	28345061	71497688.00
2014/08/21	2.53	2.53	2.46	2.48	31068231	77301704.00
2014/08/22	2.48	2.51	2.47	2.50	20578868	51253500.00
2014/08/25	2.49	2.50	2.45	2.48	20746388	51367920.00
2014/08/26	2.50	2.73	2.49	2.73	216589402	588428480.00
2014/08/27	2.73	2.79	2.63	2.67	197889135	537171904.00
2014/08/28	2.61	2.62	2.54	2.59	89174134	230429408.00
2014/08/29	2.58	2.61	2.54	2.60	33884331	87309608.00
2014/09/01	2.59	2.65	2.57	2.63	46025563	120644000.00
2014/09/02	2.62	2.65	2.59	2.65	55719287	146273616.00
2014/09/03	2.64	2.70	2.62	2.66	56489190	149764976.00
2014/09/04	2.65	2.69	2.63	2.68	46571004	123924496.00
2014/09/05	2.67	2.68	2.65	2.67	38880799	103684664.00
2014/09/09	2.67	2.70	2.64	2.69	47579780	127505168.00
2014/09/10	2.69	2.83	2.68	2.77	94056841	259774000.00
2014/09/11	2.76	2.82	2.70	2.74	64079686	177091568.00
2014/09/12	2.73	2.97	2.72	2.88	101538116	289161024.00
2014/09/15	2.86	3.17	2.83	3.17	139903781	421134240.00
2014/09/16	3.24	3.47	3.21	3.30	297880030	1001127104.00
2014/09/17	3.20	3.36	3.10	3.33	154052332	496467744.00
2014/09/18	3.26	3.33	3.18	3.20	105275078	341865984.00
2014/09/19	3.18	3.20	3.06	3.14	88910864	278181696.00
2014/09/22	3.12	3.24	3.09	3.19	98936313	313723328.00
2014/09/23	3.16	3.19	3.12	3.19	55850736	176430160.00
2014/09/24	3.17	3.25	3.14	3.21	71727136	230035424.00
2014/09/25	3.20	3.40	3.19	3.26	108924525	359111904.00
2014/09/26	3.22	3.30	3.21	3.25	61108306	199320416.00
2014/09/29	3.27	3.30	3.20	3.21	60548652	196073664.00
2014/09/30	3.23	3.24	3.17	3.21	50505940	161525168.00
2014/10/08	3.21	3.24	3.16	3.23	44656310	142760096.00
2014/10/09	3.23	3.45	3.20	3.40	121556194	403462624.00
2014/10/10	3.36	3.36	3.30	3.32	69683277	231835632.00
2014/10/13	3.30	3.33	3.20	3.28	55767344	181475472.00
2014/10/14	3.27	3.40	3.25	3.32	83896420	279447488.00
2014/10/15	3.32	3.33	3.23	3.29	50012940	164158656.00
2014/10/16	3.26	3.32	3.21	3.22	37813851	123864672.00
2014/10/17	3.18	3.20	2.98	3.10	72722517	225663520.00
2014/10/20	3.11	3.15	3.09	3.11	31557766	98101640.00
2014/10/21	3.11	3.16	3.08	3.12	35573135	111124712.00
2014/10/22	3.12	3.13	3.00	3.00	37744651	115639224.00
2014/10/23	2.99	2.99	2.87	2.90	48282671	141208672.00
2014/10/24	2.89	2.93	2.87	2.90	22483693	65183048.00
2014/10/27	2.89	2.94	2.85	2.91	27129857	78778992.00
2014/10/28	2.92	3.05	2.90	3.02	39640276	118916008.00
2014/10/29	3.03	3.15	3.03	3.12	66641917	207048656.00
2014/10/30	3.12	3.23	3.09	3.18	61760109	195240704.00
2014/10/31	3.15	3.19	3.11	3.14	43848812	137559568.00
2014/11/03	3.14	3.22	3.12	3.19	46424907	147654480.00
2014/11/04	3.19	3.31	3.15	3.27	86653888	280367520.00
2014/11/05	3.28	3.31	3.21	3.22	66656679	216883568.00
2014/11/06	3.23	3.23	3.13	3.16	53593702	169231520.00
2014/11/07	3.17	3.24	3.15	3.18	59707792	190779808.00
2014/11/10	3.18	3.22	3.13	3.21	48099259	152633216.00
2014/11/11	3.22	3.22	3.01	3.08	58196385	182325760.00
2014/11/12	3.05	3.13	3.02	3.13	25449385	78750576.00
2014/11/13	3.17	3.21	3.08	3.18	47824878	150842448.00
2014/11/14	3.15	3.17	3.09	3.12	29769467	92935984.00
2014/11/17	3.12	3.18	3.09	3.16	30149427	95051560.00
2014/11/18	3.14	3.23	3.14	3.20	48848696	156019840.00
2014/11/19	3.20	3.45	3.18	3.36	132144936	437256320.00
2014/11/20	3.32	3.41	3.29	3.32	85207338	284586976.00
2014/11/21	3.32	3.39	3.30	3.35	54703181	183336192.00
2014/11/24	3.40	3.40	3.32	3.36	63343020	212775728.00
2014/11/25	3.36	3.38	3.28	3.37	69739711	232463488.00
2014/11/26	3.35	3.58	3.35	3.47	108692198	378945792.00
2014/11/27	3.47	3.55	3.42	3.52	102106289	356708576.00
2014/11/28	3.51	3.58	3.48	3.54	75008261	264091296.00
2014/12/01	3.54	3.56	3.37	3.42	80398245	278514304.00
2014/12/02	3.40	3.47	3.38	3.42	56582439	193981120.00
2014/12/03	3.41	3.52	3.40	3.51	109418628	379829632.00
2014/12/04	3.49	3.86	3.49	3.86	121042388	459270784.00
2014/12/05	3.97	4.07	3.70	3.80	243550501	947076288.00
2014/12/08	3.70	3.90	3.65	3.85	118306393	449830336.00
2014/12/09	3.78	3.95	3.51	3.57	146922464	557333952.00
2014/12/10	3.55	3.74	3.53	3.72	77693427	283113472.00
2014/12/11	3.67	3.81	3.67	3.80	78407507	293317376.00
2014/12/12	3.82	4.05	3.81	3.94	114528918	448631424.00
2014/12/15	3.90	4.04	3.86	3.98	75686231	298704512.00
2014/12/16	3.96	3.99	3.90	3.94	58424544	229855232.00
2014/12/17	3.93	3.93	3.81	3.91	66332267	256946768.00
2014/12/18	3.87	3.89	3.84	3.86	42206192	162943616.00
2014/12/19	3.87	3.92	3.70	3.90	94279791	358810656.00
2014/12/22	3.86	4.12	3.75	4.11	181728090	723705152.00
2014/12/23	4.04	4.04	3.72	3.82	78058857	305024864.00
2014/12/24	3.82	3.94	3.80	3.88	53641111	206570912.00
2014/12/25	3.87	3.92	3.81	3.90	49102819	190212512.00
2014/12/26	3.94	3.97	3.86	3.91	60645966	237111424.00
2014/12/29	3.92	3.95	3.83	3.85	57448923	222625392.00
2014/12/30	3.85	3.88	3.64	3.69	63023465	235802112.00
2014/12/31	3.69	3.72	3.57	3.68	52154814	190284736.00
2015/01/05	3.70	3.82	3.66	3.80	57480034	214607856.00
2015/01/06	3.79	3.79	3.71	3.78	46015997	172676320.00
2015/01/07	3.78	3.85	3.75	3.84	54178990	206039280.00
2015/01/08	3.83	3.84	3.72	3.74	40884692	154207472.00
2015/01/09	3.74	3.77	3.66	3.67	34209502	127720928.00
2015/01/12	3.66	3.67	3.51	3.53	30702068	109814912.00
2015/01/13	3.53	3.59	3.52	3.59	17371765	61963352.00
2015/01/14	3.58	3.62	3.57	3.59	17636838	63375360.00
2015/01/15	3.59	3.68	3.57	3.65	19649200	71452872.00
2015/01/16	3.68	3.69	3.64	3.67	23544403	86030696.00
2015/01/19	3.55	3.63	3.30	3.44	42042825	147514848.00
2015/01/20	3.48	3.53	3.45	3.50	28739073	100181544.00
2015/01/21	3.51	3.60	3.48	3.59	30257916	107287936.00
2015/01/22	3.59	3.89	3.57	3.86	63314185	234763264.00
2015/01/23	3.86	3.86	3.74	3.85	71958220	274025824.00
2015/01/26	3.85	3.87	3.79	3.85	50991677	195205440.00
2015/01/27	3.85	3.86	3.73	3.83	39468314	150129440.00
2015/01/28	3.83	3.86	3.77	3.83	44857832	171409168.00
2015/01/29	3.80	4.00	3.77	3.87	62716005	243970832.00
2015/01/30	3.87	3.96	3.77	3.85	82271075	318852832.00
2015/02/02	3.74	3.83	3.71	3.82	35037599	132331224.00
2015/02/03	3.85	3.87	3.78	3.82	25095436	95932584.00
2015/02/04	3.91	3.95	3.84	3.86	62472791	243739792.00
2015/02/05	3.89	3.89	3.75	3.75	39181053	149207392.00
2015/02/06	3.73	3.80	3.69	3.74	33790786	126273232.00
2015/02/09	3.74	3.78	3.65	3.66	20512590	76028528.00
2015/02/10	3.67	3.74	3.63	3.67	19087131	70294568.00
2015/02/11	3.67	3.72	3.64	3.69	20720359	76258496.00
2015/02/12	3.70	3.73	3.68	3.69	16570115	61348560.00
2015/02/13	3.74	3.84	3.72	3.79	37284916	141567888.00
2015/02/16	3.78	3.87	3.77	3.82	25391940	97137520.00
2015/02/17	3.82	3.85	3.79	3.83	24923975	95167064.00
2015/02/25	3.83	3.85	3.80	3.84	18491196	70767768.00
2015/02/26	3.82	3.93	3.82	3.88	40789325	158349648.00
2015/02/27	3.89	3.89	3.84	3.86	36925948	142580208.00
2015/03/02	3.86	3.94	3.83	3.93	50790917	197369504.00
2015/03/03	3.91	4.32	3.88	4.32	215829575	902776512.00
2015/03/04	4.35	4.45	4.16	4.26	168800264	725274048.00
2015/03/05	4.21	4.35	4.18	4.25	77805872	332604224.00
2015/03/06	4.23	4.68	4.21	4.47	148140298	665578624.00
2015/03/09	4.45	4.56	4.30	4.49	85455762	378724416.00
2015/03/10	4.51	4.56	4.38	4.41	67316361	299884704.00
2015/03/11	4.36	4.47	4.33	4.41	58630714	257682320.00
2015/03/12	4.40	4.46	4.12	4.30	60410292	263152672.00
2015/03/13	4.35	4.37	4.26	4.34	43795186	189534928.00
2015/03/16	4.34	4.57	4.34	4.48	76971733	344799424.00
2015/03/17	4.50	4.83	4.46	4.70	106047941	498260032.00
2015/03/18	4.68	4.93	4.68	4.83	81994102	395966080.00
2015/03/19	4.82	5.11	4.74	5.05	131744174	649704384.00
2015/03/20	5.02	5.14	4.96	4.98	105220720	529075328.00
2015/03/23	4.98	5.18	4.95	5.09	102146390	516005440.00
2015/03/24	5.05	5.14	4.91	5.08	90265091	455387680.00
2015/03/25	5.08	5.09	5.00	5.04	56246936	283125056.00
2015/03/26	5.04	5.52	4.98	5.27	117465159	610554880.00
2015/03/27	5.22	5.38	5.17	5.25	67538211	356709216.00
2015/03/30	5.30	5.30	5.18	5.23	67127761	351085088.00
2015/03/31	5.23	5.27	5.11	5.11	64379268	332924896.00
2015/04/01	5.11	5.18	5.06	5.16	48338722	248748032.00
2015/04/02	5.13	5.49	5.12	5.40	136791961	730554240.00
2015/04/03	5.39	5.45	5.32	5.39	75111989	403963264.00
2015/04/07	5.39	5.68	5.31	5.54	94774547	520572544.00
2015/04/08	5.52	5.80	5.50	5.63	110727974	624873920.00
2015/04/09	5.73	5.77	5.36	5.56	80012787	443778688.00
2015/04/10	5.53	5.66	5.45	5.59	68234008	380623680.00
2015/04/13	5.58	5.69	5.58	5.64	83984679	473580896.00
2015/04/14	5.64	5.95	5.53	5.87	131032843	755421312.00
2015/04/15	5.85	5.87	5.56	5.58	80314808	458361792.00
2015/04/16	5.55	5.73	5.30	5.62	74958912	415193568.00
2015/04/17	5.63	5.78	5.59	5.62	99882581	563144256.00
2015/04/20	5.60	5.60	5.40	5.41	106649796	584577152.00
2015/04/21	5.41	5.60	5.32	5.57	85931756	468801216.00
2015/04/22	5.59	5.86	5.59	5.79	143814694	826389504.00
2015/04/23	5.78	6.02	5.66	6.00	175532565	1024174656.00
2015/04/24	5.90	6.16	5.84	5.90	165871838	995190080.00
2015/04/27	5.91	5.98	5.80	5.84	118950412	697219008.00
2015/04/28	5.80	5.83	5.52	5.53	115047652	649667456.00
2015/04/29	5.53	5.95	5.50	5.81	116413249	668695808.00
2015/04/30	5.80	6.07	5.76	5.98	154886140	917805760.00
2015/05/05	6.58	6.58	6.58	6.58	0	0.00
数据来源:通达信
