600151 航天机电 日线 前复权
      日期	    开盘	    最高	    最低	    收盘	    成交量	    成交额
2011/10/10	9.28	9.37	9.09	9.10	3984321	36694068.00
2011/10/11	9.36	9.37	8.97	9.14	4220826	38900668.00
2011/10/12	9.09	9.36	9.00	9.35	6144158	57111368.00
2011/10/13	9.35	9.49	9.28	9.46	5955493	56308864.00
2011/10/14	9.45	9.47	9.27	9.34	3880481	36363964.00
2011/10/17	9.27	9.34	9.12	9.17	6279403	58011360.00
2011/10/18	9.18	9.32	9.07	9.10	5478746	50513932.00
2011/10/19	9.16	9.19	8.76	8.81	5819939	51902576.00
2011/10/20	8.82	8.85	8.43	8.51	5531208	47487328.00
2011/10/21	8.47	8.57	8.44	8.48	2227399	18984670.00
2011/10/24	8.52	8.56	8.13	8.51	4471724	37698248.00
2011/10/25	8.52	8.79	8.47	8.73	5101044	44325944.00
2011/10/26	8.72	8.87	8.60	8.74	6133243	53829720.00
2011/10/27	8.74	8.87	8.71	8.81	4917001	43368588.00
2011/10/28	8.96	9.01	8.82	9.00	7536682	67461808.00
2011/10/31	9.13	9.17	8.90	8.96	7533435	68201384.00
2011/11/01	8.96	8.99	8.80	8.85	6822469	60738044.00
2011/11/02	8.63	8.93	8.58	8.92	7517907	65877776.00
2011/11/03	9.02	9.26	9.02	9.06	10590489	97011920.00
2011/11/04	9.16	9.37	9.08	9.22	10529921	97560096.00
2011/11/07	9.17	9.38	9.08	9.21	8220148	76416464.00
2011/11/08	9.22	9.23	8.98	9.01	5608270	51092752.00
2011/11/09	9.02	9.28	9.01	9.18	9062974	83243192.00
2011/11/10	9.10	9.23	9.03	9.06	7079677	64825568.00
2011/11/11	9.07	9.11	8.85	8.98	6762999	60856752.00
2011/11/14	9.06	9.22	8.99	9.17	6469464	59386392.00
2011/11/15	9.21	9.33	9.13	9.32	9317181	86445776.00
2011/11/16	9.40	9.54	9.05	9.12	10575446	98704512.00
2011/11/17	9.07	9.27	9.07	9.10	5206372	47912168.00
2011/11/18	9.02	9.07	8.74	8.77	6232151	55436604.00
2011/11/21	8.73	8.84	8.66	8.82	2788284	24440992.00
2011/11/22	8.72	8.81	8.60	8.70	2586056	22577556.00
2011/11/23	8.72	8.80	8.63	8.64	2773471	24239738.00
2011/11/24	8.59	8.65	8.48	8.57	2427809	20855622.00
2011/11/25	8.57	8.61	8.32	8.36	3597242	30468692.00
2011/11/28	8.36	8.42	8.27	8.32	2547419	21281004.00
2011/11/29	8.41	8.54	8.30	8.52	3645635	30810460.00
2011/11/30	8.52	8.60	8.12	8.38	5616433	47096004.00
2011/12/01	8.49	8.71	8.42	8.50	8120362	69719328.00
2011/12/02	8.46	8.46	8.15	8.21	3592252	29732276.00
2011/12/05	8.17	8.19	7.79	7.81	3676958	29308880.00
2011/12/06	7.77	8.02	7.72	7.84	2181882	17118270.00
2011/12/07	7.85	7.99	7.68	7.88	1960962	15511689.00
2011/12/08	7.88	8.10	7.64	8.05	5368990	42675732.00
2011/12/09	7.95	8.16	7.75	7.90	4353951	34490000.00
2011/12/12	7.77	7.90	7.68	7.70	1834122	14305641.00
2011/12/13	7.69	7.69	7.25	7.30	3563850	26393758.00
2011/12/14	7.31	7.32	6.96	6.98	3266796	23304144.00
2011/12/15	6.95	6.95	6.59	6.59	3725147	25101756.00
2011/12/16	6.69	6.88	6.60	6.87	4978506	33619488.00
2011/12/19	6.78	7.09	6.74	7.09	7158137	50013008.00
2011/12/20	6.99	7.11	6.90	6.92	4605905	32365944.00
2011/12/21	6.96	7.02	6.61	6.66	3544461	24371200.00
2011/12/22	6.62	7.33	6.57	7.33	12335080	87032984.00
2011/12/23	7.44	7.47	7.22	7.40	14035397	103681096.00
2011/12/26	7.28	7.38	7.21	7.27	6342396	46459228.00
2011/12/27	7.17	7.27	6.93	6.96	7026935	50193452.00
2011/12/28	6.84	7.25	6.64	7.24	9885481	68528248.00
2011/12/29	7.12	7.37	7.04	7.06	9130422	66103512.00
2011/12/30	7.07	7.22	7.05	7.17	5345226	38362744.00
2012/01/04	7.24	7.28	6.77	6.81	4984887	35306008.00
2012/01/05	6.76	6.92	6.58	6.63	5387653	36461924.00
2012/01/06	6.57	6.88	6.39	6.85	5222173	35067536.00
2012/01/09	6.92	7.19	6.79	7.16	6996516	49598996.00
2012/01/10	7.15	7.47	7.11	7.41	11817750	86884112.00
2012/01/11	7.37	7.54	7.28	7.39	8140842	60485056.00
2012/01/12	7.36	7.64	7.32	7.38	9023631	67703808.00
2012/01/13	7.30	7.42	6.96	7.11	7833538	56432624.00
2012/01/17	6.89	7.45	6.77	7.41	8385301	60483444.00
2012/01/18	7.41	7.61	7.22	7.34	9019069	66946124.00
2012/01/19	7.35	7.43	7.20	7.32	5578740	40966032.00
2012/01/20	7.38	7.43	7.28	7.34	3788992	27921096.00
2012/01/30	7.39	7.42	7.22	7.24	3117385	22918050.00
2012/01/31	7.17	7.22	6.77	6.93	7887825	54745488.00
2012/02/01	6.93	6.94	6.81	6.86	3882142	26806844.00
2012/02/02	6.86	6.98	6.82	6.97	4150590	28792472.00
2012/02/03	6.96	7.26	6.89	7.20	8210680	58351792.00
2012/02/06	7.20	7.37	7.13	7.31	9519001	69471824.00
2012/02/07	7.23	7.27	7.06	7.14	5425051	38961508.00
2012/02/08	7.14	7.37	7.10	7.35	8330909	60993460.00
2012/02/09	7.34	7.55	7.32	7.39	12583450	94187424.00
2012/02/10	7.37	7.97	7.35	7.60	18572894	141960896.00
2012/02/13	7.53	7.80	7.48	7.71	10471719	80748016.00
2012/02/14	7.70	7.92	7.57	7.79	10411301	81060600.00
2012/02/15	7.86	7.86	7.68	7.83	6841446	53429944.00
2012/02/16	7.85	7.98	7.77	7.95	11285147	89281968.00
2012/02/17	7.92	7.96	7.67	7.77	8131487	63671144.00
2012/02/22	7.86	8.25	7.72	8.10	19622433	157651904.00
2012/02/23	8.05	8.15	7.95	8.12	12609521	102043728.00
2012/02/24	8.13	8.33	8.05	8.15	21380005	175791968.00
2012/02/27	8.22	8.37	8.12	8.24	18186543	150671008.00
2012/02/28	8.27	8.55	8.08	8.33	19538396	162151648.00
2012/02/29	8.47	8.48	8.20	8.25	18824545	157838928.00
2012/03/01	8.18	8.42	8.17	8.31	7989211	66479564.00
2012/03/02	8.32	8.43	8.28	8.40	11128851	93504080.00
2012/03/05	8.43	8.74	8.22	8.26	25494227	216054368.00
2012/03/06	8.20	8.21	7.97	8.07	10764448	87208696.00
2012/03/07	7.97	8.14	7.94	8.02	7736468	62408464.00
2012/03/08	8.03	8.12	8.02	8.09	5441342	44114368.00
2012/03/09	8.15	8.19	8.05	8.18	6722502	54863480.00
2012/03/12	8.19	8.31	8.17	8.26	7892536	65368732.00
2012/03/13	8.27	8.31	8.22	8.29	6714724	55679572.00
2012/03/14	8.31	8.34	7.72	7.77	14353594	116682176.00
2012/03/15	7.74	7.84	7.51	7.59	8300272	63757952.00
2012/03/16	7.68	7.79	7.57	7.76	6537873	50498980.00
2012/03/19	7.74	7.82	7.64	7.81	6213250	48240964.00
2012/03/20	7.80	7.81	7.59	7.59	5257791	40533036.00
2012/03/21	7.63	7.73	7.56	7.69	5070302	39014184.00
2012/03/22	7.69	7.73	7.57	7.66	4081184	31379488.00
2012/03/23	7.65	7.65	7.42	7.57	5189530	39212016.00
2012/03/26	7.55	7.55	7.37	7.39	3014791	22553520.00
2012/03/27	7.47	7.66	7.43	7.56	6047612	45797716.00
2012/03/28	7.54	7.54	7.21	7.23	6101361	45094196.00
2012/03/29	7.20	7.25	6.92	6.98	4495203	31900240.00
2012/03/30	6.98	7.05	6.91	6.96	2523142	17657030.00
2012/04/05	6.95	7.33	6.92	7.31	6069516	43648036.00
2012/04/06	7.31	7.51	7.24	7.45	7957691	59323332.00
2012/04/09	7.39	8.18	7.38	7.79	25878641	203616624.00
2012/04/10	7.77	8.12	7.54	7.83	21190553	164984832.00
2012/04/11	7.67	8.06	7.65	7.75	14870297	115888616.00
2012/04/12	7.71	7.77	7.55	7.76	11273367	86993008.00
2012/04/13	7.78	7.80	7.68	7.72	7364763	57160644.00
2012/04/16	7.69	7.85	7.65	7.76	6538918	50982352.00
2012/04/17	7.77	7.82	7.57	7.58	5258523	40515228.00
2012/04/18	7.62	7.79	7.59	7.75	6405567	49735648.00
2012/04/19	7.78	7.84	7.70	7.84	7582237	59227036.00
2012/04/20	7.82	7.99	7.78	7.96	10949066	87138888.00
2012/04/23	7.97	8.22	7.88	8.12	21632992	175407008.00
2012/04/24	8.05	8.16	7.62	7.85	14186071	112562216.00
2012/04/25	7.85	8.07	7.77	8.00	10235137	81594176.00
2012/04/26	7.89	7.90	7.63	7.74	13439178	104475176.00
2012/04/27	7.72	7.74	7.42	7.46	10553915	79918384.00
2012/05/02	7.57	7.66	7.48	7.53	5693214	43136460.00
2012/05/03	7.50	7.56	7.43	7.54	5303468	39840632.00
2012/05/04	7.49	7.63	7.48	7.59	5548581	42179164.00
2012/05/07	7.57	7.66	7.50	7.63	4733115	36081340.00
2012/05/08	7.64	7.81	7.64	7.76	9907780	77008696.00
2012/05/09	7.69	7.85	7.66	7.76	8615839	67174872.00
2012/05/10	7.76	7.83	7.57	7.63	5618349	43243040.00
2012/05/11	7.67	7.68	7.41	7.42	5296155	39880424.00
2012/05/14	7.47	7.52	7.32	7.34	4359057	32273750.00
2012/05/15	7.35	7.40	7.24	7.37	2842631	20854374.00
2012/05/16	7.35	7.37	7.22	7.23	3147141	22965552.00
2012/05/17	7.23	7.41	7.22	7.38	2862836	21017506.00
2012/05/18	7.32	7.33	7.14	7.15	3069270	22290504.00
2012/05/21	7.09	7.16	6.98	7.10	3058944	21727820.00
2012/05/22	7.10	7.17	7.10	7.16	2454552	17588540.00
2012/05/23	7.16	7.17	7.00	7.07	3160572	22456580.00
2012/05/24	7.12	7.32	7.06	7.16	5525822	39994844.00
2012/05/25	7.17	7.22	7.00	7.04	3330037	23637516.00
2012/05/28	7.03	7.12	6.94	7.12	3325793	23501972.00
2012/05/29	7.15	7.26	7.11	7.22	4258448	30815088.00
2012/05/30	7.18	7.32	7.18	7.26	4749639	34616152.00
2012/05/31	7.25	7.25	7.16	7.21	3567044	25805414.00
2012/06/01	7.22	7.27	7.15	7.17	2444168	17711574.00
2012/06/04	7.02	7.08	6.89	6.90	4014969	28233702.00
2012/06/05	6.92	7.03	6.88	6.89	3010117	20947998.00
2012/06/06	6.92	6.98	6.77	6.83	2830890	19491068.00
2012/06/07	6.87	6.93	6.72	6.75	3917157	26735980.00
2012/06/08	6.80	6.91	6.73	6.80	3412457	23367954.00
2012/06/11	6.90	7.11	6.90	7.06	9260674	65527568.00
2012/06/12	7.05	7.05	6.87	6.92	4368014	30484832.00
2012/06/13	6.96	6.99	6.88	6.92	4383876	30555184.00
2012/06/14	6.96	7.00	6.87	6.91	4028287	28086534.00
2012/06/15	6.92	6.95	6.78	6.87	4260748	29388616.00
2012/06/18	6.92	6.95	6.83	6.87	3758148	25945112.00
2012/06/19	6.86	6.87	6.81	6.82	2666028	18314758.00
2012/06/20	6.85	6.88	6.79	6.82	2073845	14234420.00
2012/06/21	6.84	6.84	6.63	6.65	2741369	18427112.00
2012/06/25	6.64	6.70	6.55	6.59	3005663	19962288.00
2012/06/26	6.57	6.61	6.42	6.60	2747988	18028776.00
2012/06/27	6.60	6.62	6.51	6.51	2615332	17246400.00
2012/06/28	6.52	6.57	6.39	6.44	4539668	29520702.00
2012/07/02	6.62	6.67	6.46	6.57	5485994	36154060.00
2012/07/03	6.49	6.62	6.49	6.52	2974145	19615092.00
2012/07/04	6.56	6.61	6.50	6.59	3394678	22377112.00
2012/07/05	6.57	6.57	6.37	6.46	3160103	20490764.00
2012/07/06	6.49	6.52	6.32	6.49	2413254	15623628.00
2012/07/09	6.47	6.47	6.27	6.27	2263266	14550575.00
2012/07/10	6.32	6.85	6.32	6.60	9411847	62756300.00
2012/07/11	6.49	6.77	6.48	6.73	7423278	49952484.00
2012/07/12	6.64	6.76	6.59	6.74	4503707	30229908.00
2012/07/13	6.67	6.84	6.67	6.67	4379409	29706392.00
2012/07/16	6.72	6.72	6.34	6.34	4958285	32360246.00
2012/07/17	6.35	6.44	6.27	6.42	1940705	12400647.00
2012/07/18	6.42	6.49	6.37	6.45	2784354	17970602.00
2012/07/19	6.45	6.63	6.39	6.54	4428293	29018518.00
2012/07/20	6.50	6.56	6.41	6.42	2611623	16964508.00
2012/07/23	6.41	6.43	6.29	6.37	1582106	10090038.00
2012/07/24	6.35	6.44	6.32	6.40	1586953	10215689.00
2012/07/25	6.40	6.41	6.28	6.30	1936930	12355750.00
2012/07/26	6.31	6.35	6.27	6.29	1890928	11989524.00
2012/07/27	6.35	6.35	6.24	6.32	1501200	9509175.00
2012/07/30	6.31	6.47	6.03	6.06	2294380	14428644.00
2012/07/31	6.07	6.16	5.45	5.61	8212521	46735216.00
2012/08/01	5.60	5.69	5.57	5.64	3065290	17380944.00
2012/08/02	5.67	5.89	5.67	5.81	6505058	37864692.00
2012/08/03	5.81	6.04	5.81	6.01	4580093	27470800.00
2012/08/06	6.06	6.17	6.01	6.11	4347524	26536888.00
2012/08/07	6.14	6.15	6.06	6.11	2546971	15592678.00
2012/08/08	6.15	6.18	6.06	6.15	2606536	16004990.00
2012/08/09	6.15	6.15	6.00	6.06	5065542	30807990.00
2012/08/10	6.07	6.11	6.00	6.02	3545861	21541452.00
2012/08/13	6.02	6.02	5.66	5.69	6911836	40092728.00
2012/08/14	5.65	5.69	5.52	5.66	5285078	29726204.00
2012/08/15	5.66	5.71	5.57	5.62	2929096	16589793.00
2012/08/16	5.63	5.80	5.63	5.73	4194411	24127748.00
2012/08/17	5.75	5.75	5.64	5.70	1737629	9925445.00
2012/08/20	5.67	5.75	5.55	5.73	2056141	11705866.00
2012/08/21	5.71	5.89	5.67	5.83	4115284	23995960.00
2012/08/22	5.78	5.86	5.73	5.75	2356802	13691540.00
2012/08/23	5.79	5.81	5.69	5.71	2529136	14546675.00
2012/08/24	5.69	5.71	5.56	5.57	2471499	13958977.00
2012/08/27	5.57	5.57	5.42	5.44	2661557	14645643.00
2012/08/28	5.34	5.50	5.32	5.45	2432836	13272947.00
2012/08/29	5.45	5.49	5.37	5.39	2005909	10953127.00
2012/08/30	5.35	5.42	5.14	5.17	4009836	21173600.00
2012/08/31	5.20	5.32	5.18	5.21	1710371	8988961.00
2012/09/03	5.21	5.30	5.07	5.25	2013851	10611084.00
2012/09/04	5.25	5.30	5.11	5.14	2778178	14491619.00
2012/09/05	5.15	5.21	5.08	5.18	2553042	13261806.00
2012/09/06	5.18	5.22	5.10	5.20	2865070	14879520.00
2012/09/07	5.19	5.45	5.17	5.40	8342303	44819064.00
2012/09/10	5.40	5.60	5.35	5.58	8746967	48142440.00
2012/09/11	5.59	5.77	5.49	5.55	9372639	52831436.00
2012/09/12	5.56	5.76	5.50	5.75	11586055	65915048.00
2012/09/13	5.76	6.22	5.67	5.98	23663783	141339168.00
2012/09/14	5.94	6.05	5.82	5.85	11627591	68866912.00
2012/09/17	5.86	5.96	5.65	5.66	7701404	44984092.00
2012/09/18	5.64	5.64	5.50	5.52	4724466	26356820.00
2012/09/19	5.52	5.65	5.50	5.62	3380359	18986510.00
2012/09/20	5.62	5.69	5.46	5.47	3841993	21594894.00
2012/09/21	5.48	5.52	5.28	5.29	4645312	25040332.00
2012/10/19	5.82	5.82	5.82	5.82	1759615	10293748.00
2012/10/22	6.32	6.40	6.03	6.25	33968059	212126112.00
2012/10/23	6.14	6.21	5.99	6.07	14541173	89002752.00
2012/10/24	5.96	6.14	5.90	5.97	10090637	60883784.00
2012/10/25	5.98	6.04	5.78	5.79	7015751	41701172.00
2012/10/26	5.77	5.82	5.59	5.71	6193112	35396628.00
2012/10/29	5.71	5.89	5.67	5.72	4711263	27368932.00
2012/10/30	5.76	5.77	5.61	5.67	3602803	20568252.00
2012/10/31	5.71	5.71	5.54	5.61	2926763	16449138.00
2012/11/01	5.61	5.74	5.55	5.72	4406223	25114124.00
2012/11/02	5.73	5.75	5.65	5.71	2972345	17018152.00
2012/11/05	5.72	5.72	5.63	5.66	2351306	13403070.00
2012/11/06	5.69	5.81	5.66	5.80	6177689	35625704.00
2012/11/07	5.80	5.85	5.73	5.79	4944947	28855848.00
2012/11/08	5.72	5.79	5.47	5.50	5215945	29416966.00
2012/11/09	5.49	5.55	5.38	5.40	2478147	13553141.00
2012/11/12	5.40	5.48	5.36	5.45	2680024	14604066.00
2012/11/13	5.45	5.46	5.29	5.33	1971771	10607680.00
2012/11/14	5.32	5.34	5.23	5.28	2110555	11189461.00
2012/11/15	5.28	5.32	5.14	5.16	2047951	10824661.00
2012/11/16	5.16	5.22	5.11	5.19	1354519	7043443.00
2012/11/19	5.26	5.32	5.17	5.28	1915972	10145456.00
2012/11/20	5.29	5.33	5.20	5.22	1308212	6921521.00
2012/11/21	5.22	5.29	4.97	5.27	1515884	7914849.00
2012/11/22	5.24	5.25	5.12	5.14	1551200	8108628.00
2012/11/23	5.17	5.34	5.13	5.33	4275507	22656264.00
2012/11/26	5.34	5.34	5.07	5.10	3245252	16949748.00
2012/11/27	5.08	5.09	4.77	4.78	4699881	23240096.00
2012/11/28	4.77	4.81	4.69	4.72	2423494	11531827.00
2012/11/29	4.72	4.85	4.72	4.72	1399656	6721449.00
2012/11/30	4.81	4.81	4.71	4.76	1603446	7670182.00
2012/12/03	4.77	4.81	4.59	4.61	1603285	7605698.00
2012/12/04	4.61	4.73	4.50	4.68	2657899	12375889.00
2012/12/05	4.65	4.94	4.63	4.84	4291999	20732192.00
2012/12/06	4.84	4.93	4.78	4.84	2404854	11784688.00
2012/12/07	4.90	4.93	4.83	4.88	4662090	22970592.00
2012/12/10	4.94	5.03	4.90	5.01	4192172	20991944.00
2012/12/11	5.01	5.19	4.89	4.96	7009646	35633664.00
2012/12/12	4.95	5.02	4.89	4.95	3200375	15935062.00
2012/12/13	4.93	4.96	4.81	4.83	3217028	15816122.00
2012/12/14	4.82	5.09	4.82	5.03	7250087	36465040.00
2012/12/17	5.05	5.21	5.05	5.14	8985451	46459720.00
2012/12/18	5.14	5.25	5.05	5.15	6591608	34074696.00
2012/12/19	5.15	5.22	5.09	5.17	4667241	24259624.00
2012/12/20	5.32	5.55	5.23	5.33	15002081	80917568.00
2012/12/21	5.27	5.32	5.16	5.18	7245048	37984808.00
2012/12/24	5.18	5.21	5.11	5.14	4183531	21677812.00
2012/12/25	5.13	5.28	5.11	5.25	5875964	30886424.00
2012/12/26	5.25	5.32	5.22	5.31	6149516	32677508.00
2012/12/27	5.30	5.47	5.25	5.32	9282868	50169872.00
2012/12/28	5.30	5.35	5.28	5.34	4548233	24310848.00
2012/12/31	5.37	5.40	5.25	5.34	7851833	42020236.00
2013/01/04	5.40	5.54	5.36	5.41	10215380	55872788.00
2013/01/07	5.41	5.52	5.37	5.49	7641570	41965120.00
2013/01/08	5.49	5.65	5.45	5.56	12534028	70094928.00
2013/01/09	5.50	5.58	5.46	5.50	7960424	44110588.00
2013/01/10	5.53	5.62	5.48	5.57	7757525	43365740.00
2013/01/11	5.61	5.76	5.55	5.58	17860248	101666256.00
2013/01/14	5.51	6.08	5.51	6.01	29508669	174404416.00
2013/01/15	6.02	6.54	5.96	6.10	35795110	223659696.00
2013/01/16	6.13	6.27	5.94	6.26	24851559	153097968.00
2013/01/17	6.23	6.23	5.87	5.92	15868234	95910424.00
2013/01/18	5.95	6.04	5.86	5.97	7811783	46787556.00
2013/01/21	6.12	6.27	6.07	6.12	15409771	95568112.00
2013/01/22	6.07	6.07	5.89	5.91	9172615	55073080.00
2013/01/23	5.88	5.96	5.83	5.93	6114809	36215712.00
2013/01/24	5.93	6.09	5.83	5.89	10635924	63808276.00
2013/01/25	5.78	5.92	5.77	5.78	5437605	31902176.00
2013/01/28	5.78	5.99	5.78	5.98	8936800	53250080.00
2013/01/29	5.94	6.07	5.87	5.98	7428626	44492468.00
2013/01/30	5.97	6.11	5.88	6.05	10424757	63192756.00
2013/01/31	6.01	6.05	5.91	5.92	7063289	42315944.00
2013/02/01	5.91	5.91	5.78	5.84	8157315	47811328.00
2013/02/04	5.85	5.88	5.70	5.70	6755977	39049352.00
2013/02/05	5.71	5.76	5.59	5.72	5857721	33465712.00
2013/02/06	5.72	5.86	5.72	5.78	7140680	41610176.00
2013/02/07	5.78	5.94	5.74	5.87	6713515	39442624.00
2013/02/08	5.88	6.06	5.87	6.01	9773339	58940800.00
2013/02/18	6.17	6.17	6.03	6.05	7288464	44520256.00
2013/02/19	6.08	6.08	5.91	5.93	5587589	33523592.00
2013/02/20	5.92	6.00	5.88	5.99	3405278	20421812.00
2013/02/21	5.99	6.01	5.78	5.83	4958869	29254792.00
2013/02/22	5.82	6.42	5.82	6.42	17803312	113389696.00
2013/02/25	6.82	6.82	6.27	6.34	40304225	263948784.00
2013/02/26	6.19	6.33	6.04	6.15	17818952	110390784.00
2013/02/27	6.12	6.30	6.05	6.26	13773916	85540872.00
2013/02/28	6.27	6.55	6.17	6.44	19282123	124369928.00
2013/03/01	6.38	6.94	6.35	6.83	38706043	259865824.00
2013/03/04	6.97	7.41	6.97	7.07	43570599	313096096.00
2013/03/05	7.02	7.19	6.88	7.15	20581598	145433328.00
2013/03/06	7.17	7.40	7.04	7.06	21849116	157707584.00
2013/03/07	7.05	7.05	6.72	6.80	16454542	112932448.00
2013/03/08	6.82	6.87	6.75	6.82	6747030	46244020.00
2013/03/11	6.82	6.85	6.57	6.66	10182692	67943304.00
2013/03/12	6.59	6.66	6.31	6.41	10778833	69916720.00
2013/03/13	6.38	6.44	6.16	6.32	6233748	39346720.00
2013/03/14	6.32	6.55	6.28	6.43	7876316	51126456.00
2013/03/15	6.47	6.61	6.35	6.37	6954532	45471612.00
2013/03/18	6.38	6.45	6.20	6.21	5201691	32949898.00
2013/03/19	6.17	6.23	6.01	6.14	8494854	51919656.00
2013/03/20	6.15	6.33	6.07	6.31	7843611	48902664.00
2013/03/21	6.30	6.51	6.23	6.44	9732966	62550328.00
2013/03/22	6.45	6.46	6.36	6.38	5238839	33650568.00
2013/03/25	6.39	6.43	6.21	6.27	5955611	37557824.00
2013/03/26	6.26	6.27	6.10	6.25	4088294	25425360.00
2013/03/27	6.25	6.33	6.22	6.27	4384943	27620960.00
2013/03/28	6.24	6.24	5.97	6.04	8675434	52815616.00
2013/03/29	6.04	6.13	6.00	6.03	2839959	17274882.00
2013/04/01	5.99	6.14	5.98	6.08	2856044	17452296.00
2013/04/02	6.06	6.14	5.93	5.96	4235694	25645098.00
2013/04/03	5.97	6.07	5.86	6.02	4540123	27270506.00
2013/04/08	6.02	6.23	5.83	6.22	7397800	45564472.00
2013/04/09	6.22	6.31	6.19	6.28	4859219	30491616.00
2013/04/10	6.37	6.43	6.15	6.17	5166359	32436518.00
2013/04/11	6.18	6.28	6.11	6.12	3255639	20222496.00
2013/04/12	6.12	6.21	6.01	6.03	2996719	18385878.00
2013/04/15	5.97	6.07	5.92	6.01	2596667	15635855.00
2013/04/16	5.95	6.10	5.93	6.09	2227396	13525252.00
2013/04/17	6.05	6.13	6.04	6.11	1707255	10452133.00
2013/04/18	6.08	6.12	6.01	6.08	1520104	9287390.00
2013/04/19	6.05	6.31	6.05	6.29	6141747	38601672.00
2013/04/22	6.26	6.31	6.19	6.31	4347768	27352552.00
2013/04/23	6.33	6.36	6.08	6.13	3809189	23691702.00
2013/04/24	6.13	6.32	6.11	6.30	5568102	34923768.00
2013/04/25	6.27	6.58	6.23	6.48	15245952	98942208.00
2013/04/26	6.46	6.53	6.39	6.46	7433519	48184208.00
2013/05/02	6.48	6.66	6.41	6.53	8098004	53204600.00
2013/05/03	6.48	6.66	6.48	6.61	7145952	47386112.00
2013/05/06	6.62	6.67	6.54	6.66	8947512	59316144.00
2013/05/07	6.68	6.70	6.48	6.49	6853705	45368816.00
2013/05/08	6.47	6.60	6.47	6.52	4804957	31547424.00
2013/05/09	6.52	6.53	6.33	6.45	6945563	44679684.00
2013/05/10	6.40	6.47	6.36	6.47	4953650	31964516.00
2013/05/13	6.47	6.67	6.45	6.65	11842997	78692632.00
2013/05/14	6.66	6.91	6.57	6.86	17730241	120521888.00
2013/05/15	6.87	6.93	6.76	6.87	9988087	68578792.00
2013/05/16	6.87	7.14	6.79	7.08	16805600	118412792.00
2013/05/17	7.06	7.33	6.98	7.15	17610752	126733632.00
2013/05/20	7.18	7.86	7.18	7.74	35761014	275244576.00
2013/05/21	7.96	8.32	7.76	7.82	45933112	367860800.00
2013/05/22	7.94	7.96	7.54	7.66	23819632	185158624.00
2013/05/23	7.45	7.80	7.33	7.59	17173979	130660240.00
2013/05/24	7.60	7.76	7.53	7.70	11804975	90838416.00
2013/05/27	7.71	8.08	7.66	8.07	18654526	149170160.00
2013/05/28	8.08	8.10	7.76	7.96	11828210	93915504.00
2013/05/29	7.96	8.27	7.87	8.09	15391420	124890856.00
2013/05/30	8.02	8.03	7.82	7.88	13274562	105287552.00
2013/05/31	7.89	7.92	7.52	7.53	17327568	133406000.00
2013/06/03	7.53	7.75	7.47	7.58	9670179	73839712.00
2013/06/04	7.62	7.77	7.49	7.66	10399627	79915848.00
2013/06/05	7.64	7.64	7.37	7.46	7947834	59424544.00
2013/06/06	7.39	7.53	7.32	7.40	5402369	40419808.00
2013/06/07	7.40	7.48	7.11	7.15	6527724	47677880.00
2013/06/13	7.16	7.30	6.88	7.28	9737617	69624304.00
2013/06/14	7.32	7.80	7.27	7.77	16385255	124843672.00
2013/06/17	7.97	8.26	7.65	7.77	22550991	179575184.00
2013/06/18	7.76	8.12	7.72	7.88	14528094	115779536.00
2013/06/19	7.91	8.09	7.75	8.07	17523358	140511568.00
2013/06/20	8.10	8.12	7.47	7.59	15972075	125644688.00
2013/06/21	7.37	7.95	7.00	7.77	13129337	99208680.00
2013/06/24	7.74	7.98	7.19	7.52	14552166	111315008.00
2013/06/25	7.45	7.54	6.77	7.34	15186586	109375976.00
2013/06/26	7.35	7.65	7.19	7.57	11742005	88184224.00
2013/06/27	7.57	7.74	7.37	7.44	9058571	68818136.00
2013/06/28	7.44	7.57	7.07	7.26	8488589	62153832.00
2013/07/01	7.22	7.30	7.03	7.29	6617793	47761824.00
2013/07/02	7.29	7.36	7.12	7.28	8944720	65040784.00
2013/07/03	7.25	7.44	7.15	7.43	9719182	71193240.00
2013/07/04	7.40	7.67	7.23	7.54	11852460	89134624.00
2013/07/05	7.54	7.66	7.27	7.28	7838795	58621232.00
2013/07/08	7.25	7.42	7.02	7.03	7757219	55948108.00
2013/07/09	7.02	7.11	6.81	6.86	5966955	41463592.00
2013/07/10	6.86	7.08	6.86	7.07	4748830	33341412.00
2013/07/11	7.28	7.41	7.17	7.24	9448601	69239568.00
2013/07/12	7.24	7.47	7.24	7.39	9662632	71616264.00
2013/07/15	7.39	7.60	7.34	7.55	10253595	77112304.00
2013/07/16	7.83	8.09	7.68	7.74	24529241	193971072.00
2013/07/17	7.80	7.81	7.52	7.54	10647984	81673136.00
2013/07/18	7.54	7.72	7.47	7.48	10863620	82866328.00
2013/07/19	7.52	7.65	7.25	7.27	8668046	64954156.00
2013/07/22	7.12	7.41	7.08	7.30	8079469	58901928.00
2013/07/23	7.49	7.70	7.43	7.66	13418425	102209304.00
2013/07/24	7.64	7.69	7.45	7.58	8465891	64174520.00
2013/07/25	7.60	7.66	7.49	7.59	7941301	60451512.00
2013/07/26	7.60	7.70	7.40	7.44	6235058	47107300.00
2013/07/29	7.60	7.76	7.49	7.75	15977760	122298368.00
2013/07/30	7.80	7.89	7.44	7.58	10327600	79242512.00
2013/07/31	7.59	7.64	7.45	7.46	7156509	53999832.00
2013/08/01	7.46	7.57	7.45	7.55	6718737	50706652.00
2013/08/02	7.65	7.71	7.53	7.58	8077395	61657424.00
2013/08/05	7.64	7.65	7.45	7.57	7316537	55350524.00
2013/08/06	7.59	7.76	7.57	7.74	15655128	120826896.00
2013/08/07	7.80	7.89	7.63	7.77	15154861	118304176.00
2013/08/08	7.66	7.67	7.52	7.59	9782523	74430504.00
2013/08/09	7.51	7.64	7.35	7.43	12102595	90574184.00
2013/08/12	7.39	7.47	7.27	7.46	10428042	77274768.00
2013/08/13	7.43	7.55	7.37	7.46	9937968	74346600.00
2013/08/14	7.48	7.48	7.27	7.31	14589090	107192928.00
2013/08/15	7.30	7.35	7.23	7.26	7157790	52426472.00
2013/08/16	7.25	7.33	7.22	7.25	6348626	46419752.00
2013/08/19	7.20	7.32	7.20	7.32	4185753	30624536.00
2013/08/20	7.34	7.35	7.25	7.26	10595090	77842136.00
2013/08/21	7.31	7.33	7.25	7.33	8151562	59869292.00
2013/08/22	7.34	7.41	7.31	7.36	15303246	113078168.00
2013/08/23	7.36	7.38	7.12	7.24	8639998	63035868.00
2013/08/26	7.25	7.38	7.25	7.36	10711219	78879504.00
2013/08/27	7.36	7.50	7.32	7.49	15088609	112358088.00
2013/08/28	7.45	7.89	7.38	7.73	39793831	306711456.00
2013/08/29	7.74	7.75	7.45	7.52	24694981	186990800.00
2013/08/30	7.52	7.52	7.30	7.34	16384368	121114352.00
2013/09/02	7.49	7.64	7.46	7.54	31351834	238195728.00
2013/09/03	7.55	7.55	7.33	7.34	30279213	224762352.00
2013/09/04	7.39	7.62	7.35	7.47	33567445	252785104.00
2013/09/05	7.50	7.64	7.40	7.52	39122687	295950912.00
2013/09/06	7.50	7.66	7.46	7.65	52980798	402227168.00
2013/09/09	7.67	7.86	7.52	7.72	79542059	613380992.00
2013/09/10	7.78	8.50	7.78	8.50	91374004	761573568.00
2013/09/11	8.80	8.96	8.12	8.15	122757591	1049516480.00
2013/09/12	8.09	8.33	8.07	8.21	63695490	522819776.00
2013/09/13	8.27	8.30	7.85	7.93	47619081	381916896.00
2013/09/16	7.93	8.42	7.93	8.33	58545369	483605504.00
2013/09/17	8.30	8.55	8.24	8.43	66215797	560614080.00
2013/09/18	8.43	8.54	8.23	8.45	34300245	289663488.00
2013/09/23	8.45	8.64	8.35	8.54	36508369	311540640.00
2013/09/24	8.56	9.15	8.50	8.94	64637323	576423040.00
2013/09/25	8.97	9.05	8.75	8.83	38775146	345392544.00
2013/09/26	8.78	9.06	8.41	8.50	33371775	293103488.00
2013/09/27	8.54	8.92	8.53	8.88	29574209	259754224.00
2013/09/30	9.15	9.77	9.15	9.19	56631100	534732096.00
2013/10/08	9.27	9.87	9.13	9.83	55098109	530836288.00
2013/10/09	9.77	10.07	9.63	9.93	46167033	456209920.00
2013/10/10	9.83	10.45	9.74	10.17	46747224	478556672.00
2013/10/11	10.19	10.82	10.19	10.66	40970002	434914880.00
2013/10/14	10.72	10.91	10.30	10.62	34675464	365055392.00
2013/10/15	10.57	10.57	10.20	10.47	30895195	321508320.00
2013/10/16	10.41	10.54	9.93	10.18	30735306	314253536.00
2013/10/17	10.29	10.54	10.15	10.20	28348809	294048864.00
2013/10/18	10.18	10.27	9.57	9.96	32331399	320357184.00
2013/10/21	9.99	10.96	9.88	10.94	44468899	469371872.00
2013/10/22	10.98	11.15	10.47	10.69	42203175	457325216.00
2013/10/23	10.68	10.75	9.77	9.84	36770424	372734816.00
2013/10/24	9.77	10.09	9.68	9.83	14906568	148207632.00
2013/10/25	9.89	10.08	9.20	9.35	27254174	263378560.00
2013/10/28	9.40	9.84	9.17	9.69	19853362	190907552.00
2013/10/29	9.57	9.85	8.72	9.39	26276711	243795264.00
2013/10/30	9.32	9.45	8.97	9.32	15350003	141790176.00
2013/10/31	9.30	9.30	8.87	9.03	14540297	131798016.00
2013/11/01	8.97	9.13	8.83	9.06	13822538	124743096.00
2013/11/04	9.08	9.37	8.98	9.04	19519518	179366752.00
2013/11/05	9.07	9.35	9.02	9.28	19484732	180064752.00
2013/11/06	9.27	9.72	9.17	9.40	24880446	236523248.00
2013/11/07	9.35	9.60	8.82	9.02	25654530	234358768.00
2013/11/08	8.88	8.96	8.61	8.67	18131052	158289008.00
2013/11/11	8.71	8.86	8.59	8.69	13803810	120907072.00
2013/11/12	8.76	8.97	8.69	8.76	16382297	144380288.00
2013/11/13	8.90	8.99	8.40	8.41	23329198	204016576.00
2013/11/14	8.37	8.73	8.29	8.67	23559358	202051136.00
2013/11/15	8.69	9.15	8.61	8.95	31156133	279824416.00
2013/11/18	9.19	9.54	9.10	9.42	36896013	345571072.00
2013/11/19	9.47	9.54	9.34	9.44	25124592	238111984.00
2013/11/20	9.46	10.08	9.29	9.82	50959294	499758240.00
2013/11/21	9.67	9.79	9.34	9.41	36883582	352123328.00
2013/11/22	9.43	9.50	9.23	9.41	22575566	211679296.00
2013/11/25	9.46	9.62	9.30	9.36	21720952	206533648.00
2013/11/26	9.30	9.36	9.01	9.17	30097199	276236896.00
2013/11/27	9.26	9.47	9.11	9.46	26974594	252421920.00
2013/11/28	9.54	9.62	9.42	9.46	25142655	239400768.00
2013/11/29	9.51	10.06	9.47	9.93	53228167	524799296.00
2013/12/02	9.66	9.85	9.09	9.15	43538999	411984736.00
2013/12/03	8.98	9.30	8.97	9.28	16975706	156308672.00
2013/12/04	9.28	9.54	9.19	9.40	16832731	158719680.00
2013/12/05	9.37	9.52	9.27	9.30	14124712	132510424.00
2013/12/06	9.26	9.28	9.07	9.13	14149572	129822480.00
2013/12/09	9.12	9.20	9.10	9.14	9989792	91594184.00
2013/12/10	9.16	9.25	9.07	9.11	11164585	102219744.00
2013/12/11	9.12	9.13	8.72	8.83	19590557	173858144.00
2013/12/12	8.84	8.93	8.74	8.79	10775748	95647840.00
2013/12/13	8.77	8.79	8.66	8.72	15405019	134518448.00
2013/12/16	8.77	8.81	8.52	8.59	10406794	90217296.00
2013/12/17	8.56	8.84	8.52	8.75	12663508	110626240.00
2013/12/18	8.75	8.88	8.59	8.67	10192071	89255408.00
2013/12/19	8.68	8.74	8.48	8.48	6946394	59897992.00
2013/12/20	8.54	8.60	8.02	8.19	14654561	121889944.00
2013/12/23	8.17	8.26	7.99	8.17	7690306	62855572.00
2013/12/24	8.18	8.25	7.95	8.00	11086035	90258672.00
2013/12/25	8.01	8.23	7.96	8.21	14076055	114315800.00
2013/12/26	8.21	8.21	8.01	8.03	7562048	61282228.00
2013/12/27	8.01	8.19	8.00	8.15	6931086	56566456.00
2013/12/30	8.22	8.31	8.12	8.29	9370551	77616912.00
2013/12/31	8.28	8.59	8.19	8.53	8823680	73937080.00
2014/01/02	8.42	8.49	8.34	8.45	8895055	75091904.00
2014/01/03	8.45	8.59	8.27	8.30	9950185	84028048.00
2014/01/06	8.30	8.30	7.94	7.95	8319429	67167416.00
2014/01/07	7.88	8.10	7.79	7.93	7449445	59648284.00
2014/01/08	7.96	8.09	7.86	7.90	9623647	76918896.00
2014/01/09	7.89	8.02	7.84	7.87	6163754	49198792.00
2014/01/10	7.80	7.91	7.57	7.65	7782871	60115204.00
2014/01/13	7.66	7.75	7.48	7.53	6426550	49006332.00
2014/01/14	7.49	7.66	7.45	7.64	6053650	45953088.00
2014/01/15	7.68	7.87	7.64	7.80	10667560	83119104.00
2014/01/16	7.63	7.96	7.63	7.75	10414500	81886752.00
2014/01/17	7.71	7.73	7.33	7.36	19177208	143693568.00
2014/01/20	7.37	7.39	7.15	7.23	10811282	78729608.00
2014/01/21	7.26	7.36	7.24	7.32	8544954	62629452.00
2014/01/22	7.33	7.71	7.33	7.68	16609090	126212784.00
2014/01/23	7.68	8.03	7.67	7.95	25106874	198751296.00
2014/01/24	7.89	8.29	7.85	8.20	20859353	169662032.00
2014/01/27	8.10	8.16	7.91	8.01	18749733	150516416.00
2014/01/28	8.03	8.08	7.85	8.05	8516534	68334480.00
2014/01/29	7.97	8.00	7.72	7.90	18960241	149739312.00
2014/01/30	7.93	7.96	7.81	7.91	7573132	60047668.00
2014/02/07	7.84	8.17	7.78	8.16	22207061	179453488.00
2014/02/10	8.22	8.45	8.21	8.37	19159302	160520816.00
2014/02/11	8.35	8.41	8.18	8.35	16073616	133559472.00
2014/02/12	8.36	8.38	8.23	8.37	16395369	137007392.00
2014/02/13	8.35	8.38	8.12	8.13	14170857	117370960.00
2014/02/14	8.13	8.25	8.07	8.19	11023791	90421016.00
2014/02/17	8.22	8.64	8.22	8.63	31472840	267017824.00
2014/02/18	8.63	8.85	8.47	8.79	33289585	289492576.00
2014/02/19	8.77	8.82	8.60	8.67	20376812	177965792.00
2014/02/20	8.69	8.78	8.38	8.39	16328379	140113152.00
2014/02/21	8.38	8.52	8.21	8.26	14137156	118516168.00
2014/02/24	8.23	8.44	8.17	8.42	12358527	103346200.00
2014/02/25	8.42	8.49	7.85	7.93	17382815	142920816.00
2014/02/26	7.85	7.93	7.62	7.90	14135623	110316080.00
2014/02/27	7.91	8.09	7.83	7.86	13218125	105939392.00
2014/02/28	7.87	8.02	7.67	8.01	11193782	87994184.00
2014/03/03	8.03	8.26	7.95	8.23	14336567	117418936.00
2014/03/04	8.25	8.36	8.12	8.30	15796068	130821248.00
2014/03/05	8.48	8.63	8.32	8.42	30077479	256232480.00
2014/03/06	8.35	8.74	8.30	8.67	33993565	293331360.00
2014/03/07	8.69	8.76	8.42	8.49	21889323	187994832.00
2014/03/10	8.40	8.40	8.00	8.01	16573827	136174464.00
2014/03/11	7.94	8.05	7.86	8.02	11692758	93488984.00
2014/03/12	8.01	8.06	7.80	7.94	8477394	67547992.00
2014/03/13	7.97	8.06	7.89	8.04	10196873	81714528.00
2014/03/14	8.00	8.01	7.87	7.94	6207545	49434808.00
2014/03/17	7.96	8.14	7.89	8.12	12157574	98043872.00
2014/03/18	8.12	8.32	8.08	8.17	13655128	112302824.00
2014/03/19	8.12	8.14	7.91	8.10	9258218	74607768.00
2014/03/20	8.09	8.13	7.75	7.77	12239473	97363376.00
2014/03/21	7.72	7.90	7.52	7.82	18259922	141273712.00
2014/03/24	7.84	7.99	7.84	7.91	10040500	79878752.00
2014/03/25	7.91	8.01	7.85	7.95	8840919	70408832.00
2014/03/26	7.97	8.00	7.89	7.91	8390021	66841944.00
2014/03/27	7.88	7.90	7.67	7.68	10490838	81717520.00
2014/03/28	7.67	7.72	7.47	7.47	10826078	82465904.00
2014/03/31	7.47	7.57	7.40	7.48	5122324	38573200.00
2014/04/01	7.49	7.56	7.42	7.53	8301714	62498052.00
2014/04/02	7.56	7.59	7.50	7.52	5984498	45294712.00
2014/04/03	7.53	7.59	7.44	7.50	7839874	59199760.00
2014/04/04	7.48	7.55	7.45	7.55	7477791	56361960.00
2014/04/08	7.59	7.77	7.59	7.74	13703674	106035376.00
2014/04/09	7.80	7.83	7.72	7.76	9427339	73466648.00
2014/04/10	7.77	7.81	7.72	7.79	13215138	102952592.00
2014/04/11	7.78	7.79	7.61	7.67	11412739	87912240.00
2014/04/14	7.63	7.79	7.63	7.78	8803442	68395104.00
2014/04/15	7.84	7.86	7.71	7.74	7890507	61582572.00
2014/04/16	7.73	7.78	7.71	7.76	5789048	45064048.00
2014/04/17	7.79	7.81	7.69	7.71	6335728	49301744.00
2014/04/18	7.71	7.83	7.71	7.80	8001913	62574600.00
2014/04/21	7.76	7.84	7.63	7.64	8360316	65176760.00
2014/04/22	7.64	7.67	7.51	7.61	6068950	46247560.00
2014/04/23	7.65	7.69	7.52	7.67	5722579	43532992.00
2014/04/24	7.65	7.65	7.47	7.48	5773197	43840916.00
2014/04/25	7.48	7.51	7.25	7.26	6991337	51737524.00
2014/04/28	7.26	7.26	6.79	6.81	10045025	70495368.00
2014/04/29	6.81	6.94	6.78	6.94	5248020	36164264.00
2014/04/30	6.97	6.97	6.82	6.90	5910647	40865808.00
2014/05/05	6.90	6.97	6.87	6.97	3178753	22093448.00
2014/05/06	6.97	7.05	6.97	7.04	4394419	30960756.00
2014/05/07	7.00	7.01	6.90	6.90	3500573	24424792.00
2014/05/08	6.87	7.00	6.84	6.85	4072365	28300812.00
2014/05/09	6.87	6.90	6.57	6.68	7704538	52051320.00
2014/05/12	6.73	6.96	6.69	6.95	6304321	43279896.00
2014/05/13	6.97	6.98	6.86	6.96	5167225	35945816.00
2014/05/14	6.96	7.01	6.92	6.96	5280125	36948572.00
2014/05/15	6.96	7.09	6.79	6.82	7413083	51932408.00
2014/05/16	6.87	6.95	6.84	6.90	4896216	33898448.00
2014/05/19	6.96	7.05	6.83	6.89	4858686	33813328.00
2014/05/20	6.91	6.99	6.83	6.85	3574217	24760670.00
2014/05/21	6.86	6.91	6.82	6.90	3093213	21353756.00
2014/05/22	6.93	7.00	6.88	6.89	5463895	38128664.00
2014/05/23	6.85	6.94	6.82	6.90	3821768	26385780.00
2014/05/26	6.93	7.05	6.92	6.97	6723502	47113160.00
2014/05/27	6.98	7.00	6.91	6.95	4978545	34766028.00
2014/05/28	6.92	7.06	6.92	7.06	10937337	76971264.00
2014/05/29	7.04	7.06	6.91	6.92	6451893	45296324.00
2014/05/30	6.94	7.00	6.88	6.97	6657928	46473604.00
2014/06/03	6.99	7.03	6.89	6.90	5198304	36303520.00
2014/06/04	6.88	6.90	6.67	6.74	7300151	49443676.00
2014/06/05	6.74	6.80	6.69	6.79	4159445	28160534.00
2014/06/06	6.79	6.81	6.70	6.74	3504762	23731056.00
2014/06/09	6.71	6.78	6.67	6.69	4014080	27064724.00
2014/06/10	6.70	6.76	6.66	6.75	3662353	24724404.00
2014/06/11	6.76	6.91	6.74	6.90	6995315	47951740.00
2014/06/12	6.88	7.04	6.83	6.97	11481995	80446208.00
2014/06/13	6.97	7.09	6.94	7.05	9470379	67003632.00
2014/06/16	7.06	7.16	7.03	7.07	8016488	57022980.00
2014/06/17	7.07	7.11	6.99	7.06	8784683	62320696.00
2014/06/18	7.09	7.31	7.07	7.23	16206630	116848200.00
2014/06/19	7.22	7.30	7.00	7.02	13376860	96498984.00
2014/06/20	7.02	7.41	7.00	7.32	16877451	122589088.00
2014/06/23	7.35	7.45	7.25	7.38	21105732	156362896.00
2014/06/24	7.40	7.43	7.28	7.35	12471224	92275352.00
2014/06/25	7.31	7.42	7.20	7.26	10605501	77780536.00
2014/06/26	7.24	7.37	7.22	7.28	10128033	74289152.00
2014/06/27	7.29	7.40	7.25	7.34	13764605	101185008.00
2014/06/30	7.38	7.75	7.35	7.61	36067359	275687392.00
2014/07/01	7.65	7.91	7.62	7.73	25931388	200951088.00
2014/07/02	7.73	8.23	7.64	8.06	50824529	407132992.00
2014/07/03	7.95	8.11	7.86	8.01	32692940	261127200.00
2014/07/04	8.04	8.09	7.83	8.06	35291231	281305984.00
2014/07/07	8.00	8.15	7.95	8.07	36377016	293472000.00
2014/07/08	8.11	8.12	7.81	7.95	23664154	187544240.00
2014/07/09	7.92	8.40	7.83	8.10	64437880	528346976.00
2014/07/10	8.00	8.28	7.93	8.02	27236773	220890656.00
2014/07/11	7.98	8.39	7.90	8.32	40217826	330285824.00
2014/07/14	8.18	8.33	8.05	8.24	42908266	351440000.00
2014/07/15	8.26	8.75	8.15	8.48	53876037	455972544.00
2014/07/16	8.42	8.42	7.92	8.02	37280602	303967040.00
2014/07/17	8.19	8.58	8.00	8.36	50331924	418757760.00
2014/07/18	8.27	8.54	8.18	8.24	44946121	374633312.00
2014/07/21	8.20	8.37	8.04	8.31	27459570	224699296.00
2014/07/22	8.24	8.45	8.14	8.40	35349383	295089120.00
2014/07/23	8.39	8.50	8.31	8.41	30190510	253761280.00
2014/07/24	8.43	8.80	8.21	8.34	26643590	223596896.00
2014/07/25	8.31	8.47	8.22	8.41	41958447	351831456.00
2014/07/28	8.42	8.71	8.37	8.64	71793998	612005760.00
2014/07/29	8.61	8.80	8.48	8.51	69644549	598578496.00
2014/07/30	8.48	8.57	8.32	8.39	35561761	299159808.00
2014/07/31	8.40	8.49	8.32	8.44	27178305	228714016.00
2014/08/01	8.42	8.46	8.28	8.31	27973361	233527312.00
2014/08/04	8.34	8.51	8.27	8.47	27140699	227733408.00
2014/08/05	8.47	8.55	8.39	8.43	37335758	315289568.00
2014/08/06	8.39	8.54	8.27	8.42	37788567	318091648.00
2014/08/07	8.42	8.52	8.30	8.32	24975419	210101440.00
2014/08/08	8.30	8.39	8.29	8.34	15031707	125505048.00
2014/08/11	8.36	8.58	8.36	8.56	39206821	333680416.00
2014/08/12	8.61	8.76	8.53	8.67	44701652	386663552.00
2014/08/13	8.62	8.74	8.42	8.56	30901622	265394400.00
2014/08/14	8.56	8.64	8.45	8.46	24258680	207057744.00
2014/08/15	8.40	8.50	8.35	8.46	18041973	152191840.00
2014/08/18	8.47	8.64	8.47	8.63	26748014	228995184.00
2014/08/19	8.65	8.66	8.53	8.64	24962818	214556784.00
2014/08/20	8.67	8.79	8.58	8.69	34956865	304124000.00
2014/08/21	8.73	9.16	8.62	9.02	59835959	535551104.00
2014/08/22	9.10	9.11	8.89	9.00	31578283	283685184.00
2014/08/25	9.00	9.01	8.70	8.73	30007216	263793984.00
2014/08/26	8.70	8.84	8.53	8.59	19599938	169701536.00
2014/08/27	8.57	8.78	8.57	8.63	18325922	159305792.00
2014/08/28	8.62	8.76	8.56	8.57	16289266	140984544.00
2014/08/29	8.58	8.79	8.58	8.78	17611422	153163168.00
2014/09/01	8.87	9.13	8.87	8.92	30602494	274558496.00
2014/09/02	8.98	9.68	8.88	9.47	76085308	706889216.00
2014/09/03	9.48	9.82	9.39	9.63	75562607	727591424.00
2014/09/04	9.65	10.47	9.49	10.04	86951224	866145600.00
2014/09/05	9.92	10.12	9.81	9.97	44459376	442108000.00
2014/09/09	9.98	10.09	9.83	9.91	35054706	348909824.00
2014/09/10	9.89	10.01	9.70	9.92	33144924	327450752.00
2014/09/11	9.89	10.17	9.77	9.85	38521755	383725888.00
2014/09/12	9.83	10.20	9.81	10.19	49761023	501005984.00
2014/09/15	10.24	10.36	10.04	10.13	41454256	421112480.00
2014/09/16	10.09	10.09	9.41	9.45	55195678	540468800.00
2014/09/17	9.48	9.61	9.19	9.39	29012699	272427200.00
2014/09/18	9.39	9.52	9.31	9.44	18785716	176938640.00
2014/09/19	9.45	9.85	9.36	9.79	32773838	314390496.00
2014/09/22	9.75	9.76	9.51	9.54	20329884	195299216.00
2014/09/23	9.54	10.03	9.54	9.95	47919043	471678912.00
2014/09/24	9.91	10.45	9.81	10.23	70207276	719603328.00
2014/09/25	10.24	11.20	10.19	10.70	90363897	970454592.00
2014/09/26	10.60	10.83	10.35	10.54	47825161	504071840.00
2014/09/29	10.55	10.73	10.41	10.57	36947762	389693312.00
2014/09/30	10.56	10.66	10.46	10.51	26002631	273685184.00
2014/10/08	10.53	10.85	10.46	10.71	45943571	490627680.00
2014/10/09	10.68	10.78	10.38	10.50	38091913	401828416.00
2014/10/10	10.52	10.79	10.43	10.63	33389350	354351712.00
2014/10/13	10.58	10.73	10.40	10.70	36236953	383716000.00
2014/10/14	10.73	10.88	10.29	10.37	54996958	581518848.00
2014/10/15	10.35	10.39	10.00	10.25	39771249	405006688.00
2014/10/16	10.15	10.44	10.07	10.12	25717856	264370064.00
2014/10/17	10.10	10.27	9.85	10.19	25347254	256428048.00
2014/10/20	10.20	10.37	10.17	10.25	18616975	191414592.00
2014/10/21	10.20	10.20	9.83	9.85	34433603	343752736.00
2014/10/22	9.85	10.10	9.59	9.63	27088180	266639760.00
2014/10/23	9.63	9.69	9.49	9.57	18606166	178218224.00
2014/10/24	9.56	9.67	9.52	9.57	13379214	128257616.00
2014/10/27	9.60	9.75	9.51	9.72	13748449	132908048.00
2014/10/28	9.80	10.05	9.77	10.04	24028431	239017536.00
2014/10/29	10.12	10.99	9.96	10.77	96868912	1023754816.00
2014/10/30	10.81	11.15	10.71	10.88	94314481	1028707712.00
2014/10/31	10.86	10.90	10.45	10.62	57758309	615059584.00
2014/11/03	10.65	10.70	10.44	10.52	38508399	406219840.00
2014/11/04	10.52	10.63	10.26	10.48	36795617	383683680.00
2014/11/05	10.43	10.66	10.39	10.49	27968357	294792672.00
2014/11/06	10.55	10.60	10.39	10.55	24055252	252649728.00
2014/11/07	10.69	10.74	10.02	10.11	54218181	564144064.00
2014/11/10	10.05	10.22	9.96	10.20	24996512	251841792.00
2014/11/11	10.22	10.29	9.75	9.91	39032403	389864832.00
2014/11/12	9.90	10.08	9.80	10.06	16872305	168786448.00
2014/11/13	10.06	10.16	9.50	9.68	33813765	330255456.00
2014/11/14	9.63	9.78	9.53	9.63	15307128	147457872.00
2014/11/17	9.63	9.96	9.58	9.90	20844358	204982336.00
2014/11/18	9.90	10.03	9.83	9.92	16026217	159132416.00
2014/11/19	9.96	9.99	9.71	9.85	16487686	162557744.00
2014/11/20	9.85	9.90	9.75	9.79	10596974	104062848.00
2014/11/21	9.78	9.90	9.71	9.79	15736586	153983904.00
2014/11/24	9.90	10.05	9.80	9.99	25568776	254023584.00
2014/11/25	9.98	10.20	9.92	10.14	26266674	265218496.00
2014/11/26	10.15	10.29	9.98	10.18	29085694	295207328.00
2014/11/27	10.17	10.21	10.06	10.12	30934562	313480800.00
2014/11/28	10.12	10.20	9.90	9.95	31960218	320661824.00
2014/12/01	9.94	9.94	9.50	9.66	38838824	375684512.00
2014/12/02	9.64	9.83	9.61	9.74	22921853	222943936.00
2014/12/03	9.74	9.97	9.60	9.95	38166781	372157504.00
2014/12/04	9.99	10.23	9.90	10.17	52014217	524574624.00
2014/12/05	10.26	10.98	9.75	10.90	141835442	1499892864.00
2014/12/08	11.11	11.87	10.70	11.61	174008932	1974487552.00
2014/12/09	11.41	11.43	10.45	10.45	133461277	1472034688.00
2014/12/10	10.19	10.67	9.77	10.50	68996060	709396736.00
2014/12/11	10.48	10.78	10.17	10.58	57169792	598577152.00
2014/12/12	10.49	10.72	10.42	10.58	39023129	412739360.00
2014/12/15	10.42	11.64	10.14	11.64	171919077	1956592640.00
2014/12/23	10.48	10.48	10.48	10.48	12131500	127138120.00
2014/12/24	9.70	10.16	9.43	9.88	91992353	903612160.00
2014/12/25	9.74	10.10	9.71	10.02	45242753	449756096.00
2014/12/26	10.02	10.06	9.80	10.01	43423375	430954880.00
2014/12/29	9.93	9.93	9.43	9.70	55547894	535425952.00
2014/12/30	9.63	9.69	9.18	9.19	36214400	339153760.00
2014/12/31	9.25	9.55	9.19	9.39	24557193	230498704.00
2015/01/05	9.39	9.54	9.21	9.49	29205004	274451168.00
2015/01/06	9.48	9.96	9.40	9.84	50795130	494679904.00
2015/01/07	9.80	9.80	9.53	9.66	28730793	277428992.00
2015/01/08	9.63	9.83	9.51	9.66	26086394	252701152.00
2015/01/09	9.63	9.77	9.41	9.44	22417759	216288000.00
2015/01/12	9.43	9.43	8.92	9.00	28839526	263293728.00
2015/01/13	8.96	9.28	8.91	9.18	15134530	138186576.00
2015/01/14	9.19	9.51	9.10	9.28	22829559	212113648.00
2015/01/15	9.24	9.50	9.16	9.40	18212493	170435360.00
2015/01/16	9.45	9.46	9.36	9.39	21565235	202821744.00
2015/01/19	9.20	9.33	8.57	8.87	27478992	248630608.00
2015/01/20	8.89	9.21	8.89	9.13	19601371	177969520.00
2015/01/21	9.14	9.40	9.09	9.38	27349912	254039248.00
2015/01/22	9.40	10.32	9.30	10.32	78493755	778168384.00
2015/01/23	10.50	11.13	10.13	10.82	115231434	1209147392.00
2015/01/26	10.82	11.08	10.48	10.67	91537046	980953024.00
2015/01/27	10.45	10.77	10.39	10.58	51653588	546662656.00
2015/01/28	10.58	10.72	10.42	10.44	35135914	371576512.00
2015/01/29	10.30	10.42	10.16	10.21	28754476	296404800.00
2015/01/30	10.32	10.44	10.02	10.19	28781776	295122912.00
2015/02/02	10.17	10.50	10.00	10.44	30202496	311740352.00
2015/02/03	10.51	10.57	10.26	10.43	25753630	267914800.00
2015/02/04	10.46	10.75	10.41	10.48	39987507	421703392.00
2015/02/05	10.56	10.60	10.15	10.18	25415844	263502800.00
2015/02/06	10.18	10.34	9.88	9.91	19396518	195713232.00
2015/02/09	9.91	10.15	9.91	9.96	16237111	163212608.00
2015/02/10	9.96	10.34	9.96	10.31	16818876	171393872.00
2015/02/11	10.35	10.38	10.19	10.33	15962282	164032544.00
2015/02/12	10.33	10.50	10.27	10.36	18658859	193769152.00
2015/02/13	10.44	10.65	10.31	10.49	31035087	326997792.00
2015/02/16	10.54	10.72	10.40	10.65	22700064	241075904.00
2015/02/17	10.67	10.70	10.50	10.57	21261679	224909936.00
2015/02/25	10.60	11.10	10.53	10.91	48301627	524859776.00
2015/02/26	10.99	11.10	10.76	10.95	36240679	395603904.00
2015/02/27	10.94	11.60	10.94	11.13	64078856	724276224.00
2015/03/02	11.25	11.55	11.20	11.40	51027117	581837184.00
2015/03/03	11.40	12.54	11.25	12.06	98335981	1180038016.00
2015/03/04	12.18	12.35	11.82	12.16	62039563	748800320.00
2015/03/05	12.15	12.31	11.87	12.16	41047559	493576192.00
2015/03/06	12.24	12.31	11.61	11.65	36935462	439431040.00
2015/03/09	11.59	11.83	11.28	11.81	27749607	322524064.00
2015/03/10	11.75	12.29	11.69	12.02	35116666	423426048.00
2015/03/11	12.13	12.50	12.05	12.13	48435288	595177536.00
2015/03/12	12.14	12.17	11.67	11.78	34387421	408109472.00
2015/03/13	11.85	12.08	11.50	11.90	22966662	272300256.00
2015/03/16	12.00	12.45	11.90	12.34	47370399	574678656.00
2015/03/17	12.35	12.85	12.18	12.53	68092082	855146624.00
2015/03/18	12.53	12.73	12.35	12.59	48247008	604671552.00
2015/03/19	12.70	12.98	12.42	12.65	57536053	733561856.00
2015/03/20	12.65	12.89	12.56	12.71	40786890	519925632.00
2015/03/23	12.74	13.25	12.60	12.99	50727341	659516864.00
2015/03/24	13.01	13.30	12.45	12.79	67696050	874284160.00
2015/03/25	12.78	12.78	12.31	12.58	55431211	695559296.00
2015/03/26	12.58	12.85	12.35	12.69	46266871	584479488.00
2015/03/27	12.69	12.76	12.45	12.59	33982270	427416512.00
2015/03/30	12.66	12.79	12.52	12.74	47018339	594713600.00
2015/03/31	12.74	13.27	12.70	12.93	74374585	964126720.00
2015/04/01	12.94	13.46	12.79	13.45	70759257	933960960.00
2015/04/02	13.50	13.88	13.12	13.48	72832667	984358080.00
2015/04/03	13.36	13.88	13.28	13.82	70526626	960690816.00
2015/04/07	13.87	13.95	13.67	13.81	53606201	738054848.00
2015/04/08	13.90	13.90	13.22	13.37	60363854	815346944.00
2015/04/09	13.35	13.47	12.61	12.85	45948345	594994048.00
2015/04/10	12.85	13.55	12.80	13.34	44116748	587517504.00
2015/04/13	13.41	13.50	13.13	13.39	46758625	624831488.00
2015/04/14	13.38	14.31	13.21	13.88	74086289	1019279808.00
2015/04/15	13.86	13.98	13.18	13.30	42060988	570320640.00
2015/04/16	13.20	13.95	12.76	13.74	48462102	659224384.00
2015/04/17	14.15	14.39	13.70	14.09	80506257	1134734336.00
2015/04/20	13.90	14.78	13.73	14.37	92156847	1319854848.00
2015/04/21	14.41	15.81	14.41	15.32	110021880	1685664384.00
2015/04/22	15.40	15.75	15.03	15.50	74937904	1155370880.00
2015/04/23	15.54	16.29	15.24	15.41	72259109	1131685888.00
2015/04/24	15.19	15.92	14.90	15.60	57940726	901228928.00
2015/04/27	15.83	17.00	15.82	16.39	75224282	1233538176.00
2015/04/28	16.41	16.84	15.28	15.57	71680346	1144872960.00
2015/04/29	15.43	17.00	15.14	16.99	87645874	1437337984.00
2015/04/30	17.01	17.28	16.31	16.58	62001869	1039634496.00
2015/05/05	17.59	17.59	17.59	17.59	0	0.00
数据来源:通达信
