600616 金枫酒业 日线 前复权
      日期	    开盘	    最高	    最低	    收盘	    成交量	    成交额
2011/10/10	9.45	9.50	9.34	9.39	1447647	14056010.00
2011/10/11	9.60	9.65	9.15	9.33	1867151	18043952.00
2011/10/12	9.27	9.62	9.14	9.59	2371301	23202948.00
2011/10/13	9.50	9.73	9.50	9.68	2468821	24575256.00
2011/10/14	9.67	9.68	9.50	9.59	1676908	16534322.00
2011/10/17	9.50	9.72	9.50	9.61	1222828	12143154.00
2011/10/18	9.56	9.58	9.28	9.33	2064770	20078816.00
2011/10/19	9.32	9.38	9.25	9.30	1044456	10030196.00
2011/10/20	9.28	9.31	8.83	8.96	1730767	16151799.00
2011/10/21	8.93	9.05	8.66	8.67	2034256	18420716.00
2011/10/24	8.71	8.86	8.59	8.86	1830589	16551325.00
2011/10/25	8.86	9.07	8.79	9.06	1944197	17999680.00
2011/10/26	9.00	9.20	8.96	9.12	3098503	29168528.00
2011/10/27	9.11	9.57	9.11	9.55	5522379	53193232.00
2011/10/28	9.55	9.80	9.50	9.64	7624455	75493280.00
2011/10/31	9.63	9.63	9.39	9.48	3515585	34420280.00
2011/11/01	9.37	9.53	9.35	9.46	1968489	19183658.00
2011/11/02	9.34	9.57	9.22	9.56	2709739	26243448.00
2011/11/03	9.61	9.72	9.53	9.57	4178797	41490712.00
2011/11/04	9.58	9.63	9.47	9.59	3452118	34060084.00
2011/11/07	9.58	9.74	9.53	9.66	2434537	24206060.00
2011/11/08	9.63	9.73	9.55	9.66	2821382	28079016.00
2011/11/09	9.68	10.30	9.63	10.07	11896284	122725104.00
2011/11/10	9.85	9.97	9.78	9.82	5279805	53671640.00
2011/11/11	9.85	9.90	9.66	9.68	3051044	30677764.00
2011/11/14	9.76	9.98	9.76	9.97	3896755	39704128.00
2011/11/15	9.97	9.98	9.85	9.93	2288895	23340330.00
2011/11/16	9.92	9.98	9.57	9.60	3432480	34481848.00
2011/11/17	9.62	9.73	9.58	9.65	1487561	14784084.00
2011/11/18	9.61	9.61	9.29	9.43	2517414	24427622.00
2011/11/21	9.38	9.39	9.23	9.35	1254231	12038818.00
2011/11/22	9.28	9.46	9.22	9.38	2216739	21417992.00
2011/11/23	9.38	9.80	9.23	9.65	5368567	53222432.00
2011/11/24	9.50	9.90	9.50	9.81	6347294	63925716.00
2011/11/25	9.87	10.05	9.69	9.74	8351296	85077376.00
2011/11/28	9.72	9.88	9.53	9.87	4663272	46755144.00
2011/11/29	9.94	10.04	9.85	9.96	5921608	60604716.00
2011/11/30	9.89	9.94	9.24	9.40	5527555	54645372.00
2011/12/01	9.70	9.76	9.56	9.66	4531907	45222672.00
2011/12/02	9.60	9.65	9.30	9.38	2762907	26899920.00
2011/12/05	9.36	9.44	9.00	9.03	2925543	27919562.00
2011/12/06	9.03	9.03	8.71	8.97	3086554	28173302.00
2011/12/07	8.95	9.08	8.88	8.99	2335917	21667610.00
2011/12/08	8.94	9.06	8.83	8.97	1787665	16565573.00
2011/12/09	8.91	8.98	8.76	8.80	2026490	18537812.00
2011/12/12	8.77	8.92	8.76	8.82	1191681	10854775.00
2011/12/13	8.90	8.90	8.56	8.60	1758227	15779353.00
2011/12/14	8.55	8.72	8.50	8.59	1763694	15738087.00
2011/12/15	8.58	8.58	8.36	8.39	1870612	16390885.00
2011/12/16	8.42	8.77	8.38	8.74	2696801	23959012.00
2011/12/19	8.66	8.77	8.55	8.74	1458252	13045579.00
2011/12/20	8.70	8.90	8.70	8.83	1526533	13935396.00
2011/12/21	8.90	8.94	8.72	8.79	2012572	18376600.00
2011/12/22	8.79	8.81	8.48	8.74	1827399	16252118.00
2011/12/23	8.70	8.90	8.64	8.84	1404412	12782558.00
2011/12/26	8.81	8.98	8.74	8.92	1777122	16390459.00
2011/12/27	8.87	8.99	8.74	8.77	2126803	19508264.00
2011/12/28	8.80	8.85	8.45	8.67	2132885	19114300.00
2011/12/29	8.60	9.06	8.46	9.00	4322028	39704508.00
2011/12/30	9.07	9.12	8.97	9.07	4986133	46470184.00
2012/01/04	9.10	9.10	8.82	8.85	1525544	14132731.00
2012/01/05	8.85	8.85	8.45	8.60	2236445	19900652.00
2012/01/06	8.59	8.77	8.51	8.75	1122245	10038067.00
2012/01/09	8.74	9.03	8.60	9.02	1786897	16439769.00
2012/01/10	9.02	9.21	8.99	9.18	6907702	65249636.00
2012/01/11	9.16	9.16	9.00	9.04	2935393	27472120.00
2012/01/12	9.00	9.16	8.98	9.15	3291609	30826144.00
2012/01/13	9.12	9.15	8.76	8.90	2454997	22598712.00
2012/01/16	8.80	8.80	8.46	8.48	2623900	23405440.00
2012/01/17	8.55	8.84	8.31	8.75	4220662	37840896.00
2012/01/18	8.80	8.85	8.51	8.53	2145669	19293480.00
2012/01/19	8.53	8.69	8.48	8.64	1530673	13635290.00
2012/01/20	8.74	8.87	8.64	8.83	2560345	23295576.00
2012/01/30	8.84	8.87	8.72	8.80	1566798	14272758.00
2012/01/31	8.80	9.02	8.76	8.99	3212006	29575924.00
2012/02/01	9.00	9.05	8.90	9.01	3112670	28906694.00
2012/02/02	9.00	9.14	8.91	9.10	2903615	27173294.00
2012/02/03	9.17	9.32	9.08	9.30	7637090	72779840.00
2012/02/06	9.30	9.57	9.23	9.49	5816205	56833124.00
2012/02/07	9.43	9.51	9.30	9.46	3447799	33458464.00
2012/02/08	9.46	9.70	9.40	9.69	5341118	52812116.00
2012/02/09	9.66	9.76	9.59	9.74	3998405	39929416.00
2012/02/10	9.70	9.83	9.65	9.75	3227437	32387822.00
2012/02/13	9.76	9.80	9.64	9.78	3398681	34063688.00
2012/02/14	9.71	9.73	9.63	9.71	2843742	28355272.00
2012/02/15	9.68	9.95	9.60	9.86	4544617	45944284.00
2012/02/16	9.82	10.01	9.75	9.93	3966048	40508764.00
2012/02/17	9.95	10.10	9.91	9.99	3112800	32055152.00
2012/02/20	10.08	10.13	9.92	10.01	2635088	27217832.00
2012/02/21	9.95	10.10	9.85	10.09	2388203	24510458.00
2012/02/22	10.07	10.35	10.03	10.31	4956244	52130248.00
2012/02/23	10.32	10.40	10.11	10.22	5313022	56041392.00
2012/02/24	10.19	10.29	10.08	10.23	6510453	68308120.00
2012/02/27	10.22	10.41	10.17	10.32	9481906	100350896.00
2012/02/28	10.25	10.40	10.18	10.19	5688555	60004684.00
2012/02/29	10.18	10.32	9.99	10.24	5639566	59080592.00
2012/03/01	10.20	10.46	10.18	10.37	7869959	84048376.00
2012/03/02	10.35	10.81	10.31	10.72	15922273	174367936.00
2012/03/05	10.76	11.01	10.68	10.91	10075696	112446720.00
2012/03/06	10.91	11.05	10.71	10.77	9739738	108488488.00
2012/03/07	10.62	10.92	10.58	10.76	6339704	70454592.00
2012/03/08	10.73	11.15	10.73	11.02	7442274	84128968.00
2012/03/09	11.06	11.60	11.00	11.50	12361838	144858432.00
2012/03/12	11.46	11.72	11.20	11.45	12073236	141699584.00
2012/03/13	11.37	11.58	11.31	11.56	6650927	78260968.00
2012/03/14	11.53	12.64	11.48	11.82	26162736	324333184.00
2012/03/15	11.82	12.35	11.60	12.08	19930997	246093232.00
2012/03/16	12.16	13.29	11.88	13.24	24278082	310590816.00
2012/03/19	13.02	13.02	12.50	12.75	23250999	302696352.00
2012/03/20	12.73	13.05	12.35	12.43	15098599	195881392.00
2012/03/21	12.39	12.55	11.91	12.23	13155314	164987888.00
2012/03/22	12.21	12.36	12.00	12.05	8969822	112050920.00
2012/03/23	11.93	12.13	11.63	11.71	8844600	107431032.00
2012/03/26	11.69	12.06	11.67	11.96	8712406	106135304.00
2012/03/27	11.89	12.26	11.73	11.97	8664575	106995600.00
2012/03/28	11.77	11.80	11.29	11.53	9471241	112382328.00
2012/03/29	11.44	11.77	11.40	11.41	6991949	83138240.00
2012/03/30	11.33	11.58	11.20	11.38	6008741	70154768.00
2012/04/05	11.40	12.20	11.38	11.98	8515635	103408272.00
2012/04/06	11.95	12.14	11.80	11.87	10532610	129015552.00
2012/04/09	11.83	11.92	11.58	11.68	4586888	55304192.00
2012/04/10	11.61	11.78	11.20	11.68	7832301	92251552.00
2012/04/11	11.50	11.66	11.30	11.37	5866919	68919616.00
2012/04/12	11.37	12.05	11.35	12.00	9957080	120531760.00
2012/04/13	12.03	12.15	11.86	12.03	7281585	89869976.00
2012/04/16	11.80	12.35	11.75	12.13	5558485	69300768.00
2012/04/17	12.13	12.38	11.76	11.77	3980941	48930084.00
2012/04/18	11.79	11.99	11.65	11.93	4090715	49635228.00
2012/04/19	11.96	12.06	11.48	11.69	5943916	71781888.00
2012/04/20	11.72	11.84	11.61	11.81	3319874	39980812.00
2012/04/23	11.81	11.90	11.67	11.70	4012640	48433152.00
2012/04/24	11.65	12.10	11.50	12.07	7487492	90857912.00
2012/04/25	12.09	12.32	11.80	11.99	13175393	162704128.00
2012/04/26	11.93	12.55	11.88	12.51	14334281	179880112.00
2012/05/02	12.40	12.48	12.03	12.10	19170339	240651600.00
2012/05/03	12.10	12.75	11.86	12.66	18851490	239514720.00
2012/05/04	12.54	12.98	12.45	12.67	14131263	183893184.00
2012/05/07	12.48	13.27	12.36	12.98	14094346	186833440.00
2012/05/08	12.97	13.05	12.63	12.78	8116077	106421560.00
2012/05/09	12.75	13.20	12.61	12.83	8580137	113625280.00
2012/05/10	12.79	13.08	12.70	12.89	6176927	81382360.00
2012/05/11	12.92	13.95	12.88	13.54	19513289	267174560.00
2012/05/14	13.47	13.59	12.95	13.18	13951001	188684640.00
2012/05/15	12.98	13.10	12.62	13.02	8529458	112448840.00
2012/05/16	13.00	13.19	12.79	12.81	6665514	88675800.00
2012/05/17	12.70	13.29	12.51	13.08	10422882	138546144.00
2012/05/18	12.83	13.19	12.72	12.80	6694510	88553056.00
2012/05/21	12.76	13.36	12.65	13.15	9082745	121187944.00
2012/05/22	13.13	13.95	13.11	13.63	18025219	249986208.00
2012/05/23	13.50	14.42	13.42	14.04	24333483	344672544.00
2012/05/24	13.85	14.03	13.30	13.48	16691218	232781200.00
2012/05/25	13.47	13.47	12.81	13.01	10769129	144261984.00
2012/05/28	12.90	13.19	12.83	13.11	8211375	109563160.00
2012/05/29	12.97	13.31	12.83	13.23	9393381	125920696.00
2012/05/30	13.25	13.55	13.06	13.15	6558803	89154024.00
2012/05/31	13.03	13.50	13.02	13.17	10318996	140185376.00
2012/06/01	13.21	13.46	13.07	13.35	7642503	103662328.00
2012/06/04	13.09	13.38	12.94	12.97	5895238	79162568.00
2012/06/05	12.95	13.09	12.45	12.53	9658856	125113288.00
2012/06/06	12.56	12.80	12.52	12.60	5487908	71045920.00
2012/06/07	12.70	12.79	12.45	12.50	2876408	37144760.00
2012/06/08	12.60	12.70	11.91	12.07	7732333	96741216.00
2012/06/11	12.13	12.45	11.81	12.38	4540331	56349592.00
2012/06/12	12.29	13.01	12.25	12.92	7582121	98128352.00
2012/06/13	12.86	13.57	12.86	13.39	11308459	153503120.00
2012/06/14	13.38	13.77	13.32	13.37	8753654	120330832.00
2012/06/15	13.45	14.04	13.45	13.60	14524714	203103232.00
2012/06/18	13.70	14.05	13.40	14.02	13511333	189700736.00
2012/06/19	14.03	14.16	13.74	13.88	6428111	90809336.00
2012/06/20	13.89	13.93	13.50	13.71	7359956	102015184.00
2012/06/21	13.73	14.60	13.59	14.50	15975846	228235728.00
2012/06/25	14.32	14.56	13.98	14.01	9425013	136318576.00
2012/06/26	13.88	14.10	13.36	13.74	8077338	112125248.00
2012/06/27	13.75	14.30	13.70	14.02	8999923	127724416.00
2012/06/28	14.02	14.17	13.68	13.81	6441947	90721944.00
2012/06/29	13.90	14.17	13.60	14.05	9367579	132699424.00
2012/07/02	14.12	14.77	13.88	14.33	16464456	240809904.00
2012/07/03	14.19	14.52	13.92	14.06	13024753	187650176.00
2012/07/04	14.08	14.10	13.68	14.01	9701118	136268736.00
2012/07/05	13.91	13.97	13.70	13.87	5232186	73382072.00
2012/07/06	13.97	14.58	13.82	14.54	15153406	219325296.00
2012/07/09	14.55	14.69	13.24	13.28	18310359	260406208.00
2012/07/10	13.26	13.48	12.77	13.02	11667501	154316912.00
2012/07/11	12.97	13.54	12.75	13.53	8023713	107444264.00
2012/07/12	13.45	13.90	13.28	13.40	10969827	151173936.00
2012/07/13	13.21	13.74	13.15	13.55	7327763	100207424.00
2012/07/16	13.55	13.81	13.32	13.34	8375186	115157856.00
2012/07/17	13.10	13.28	12.61	12.87	10412586	135861488.00
2012/07/18	12.85	13.00	12.45	12.67	6193583	79630160.00
2012/07/19	12.57	13.23	12.57	13.01	7089531	93658352.00
2012/07/20	13.01	13.50	12.90	12.97	6752271	90590808.00
2012/07/23	12.91	12.91	12.39	12.51	7255963	92900248.00
2012/07/24	12.40	12.84	12.30	12.76	3217996	41440520.00
2012/07/25	12.68	12.96	12.61	12.77	3390349	44024264.00
2012/07/26	12.78	13.09	12.66	12.89	4760722	62414800.00
2012/07/27	12.98	12.98	12.55	12.78	4399206	56765372.00
2012/07/30	12.63	12.77	11.66	11.72	11092955	136541584.00
2012/07/31	11.72	11.90	11.49	11.50	3812583	45144152.00
2012/08/01	11.50	11.88	11.50	11.66	1942237	23087500.00
2012/08/02	11.60	11.85	11.57	11.58	2586376	30822636.00
2012/08/03	11.58	11.94	11.55	11.91	3447434	41358508.00
2012/08/06	11.70	12.15	11.70	12.09	4367316	53092420.00
2012/08/07	12.05	12.22	11.92	12.13	4698356	57545572.00
2012/08/08	12.12	12.12	11.74	11.86	4848202	58452316.00
2012/08/09	11.85	12.33	11.75	12.29	7211821	89073216.00
2012/08/10	12.23	12.27	12.00	12.10	4082841	50261972.00
2012/08/13	12.06	12.24	11.90	12.04	4739260	58303928.00
2012/08/14	12.03	12.11	11.94	12.08	3576669	43737376.00
2012/08/15	12.09	12.09	11.80	11.87	3601255	43653040.00
2012/08/16	11.85	11.98	11.56	11.63	2937554	35052816.00
2012/08/17	11.60	11.63	11.29	11.40	2189829	25528456.00
2012/08/20	11.30	12.00	11.27	11.99	6029560	71722976.00
2012/08/21	11.82	12.03	11.77	11.95	3363184	40763892.00
2012/08/22	11.92	12.04	11.70	11.72	2638634	31805552.00
2012/08/23	11.66	11.90	11.64	11.73	1791492	21390232.00
2012/08/24	11.61	11.85	11.61	11.73	2115745	25189660.00
2012/08/27	11.63	11.77	11.46	11.65	1567857	18539864.00
2012/08/28	11.58	11.77	11.54	11.64	1364760	16181036.00
2012/08/29	11.65	11.91	11.58	11.68	2088623	24930936.00
2012/08/30	11.62	11.74	11.06	11.12	4469679	51378488.00
2012/08/31	10.99	11.11	10.10	10.39	10363350	110898560.00
2012/09/03	10.30	10.56	10.20	10.46	3841626	40702800.00
2012/09/04	10.45	10.58	9.89	9.99	7529158	77922080.00
2012/09/05	9.92	10.03	9.78	9.99	3154139	31849144.00
2012/09/06	9.99	10.36	9.99	10.16	4326724	44905008.00
2012/09/07	10.19	10.59	10.19	10.29	8659532	91788632.00
2012/09/10	10.36	10.50	10.28	10.43	6177546	65383428.00
2012/09/11	10.41	10.47	10.30	10.38	3350786	35479332.00
2012/09/12	10.48	10.56	10.37	10.51	4318820	46093188.00
2012/09/13	10.51	10.60	10.15	10.15	5873821	62102840.00
2012/09/14	10.20	10.30	9.93	10.21	5067882	52116348.00
2012/09/17	10.21	10.21	9.88	9.92	3434860	35025388.00
2012/09/18	9.91	10.10	9.86	9.90	2697203	27387472.00
2012/09/19	9.97	10.01	9.70	9.94	4267437	42734544.00
2012/09/20	9.85	9.99	9.63	9.78	2984430	29883028.00
2012/09/21	9.71	9.77	9.65	9.68	1790806	17740810.00
2012/09/24	9.65	9.80	9.48	9.76	1806724	17903680.00
2012/09/25	9.78	9.85	9.59	9.69	2063551	20457156.00
2012/09/26	9.66	9.71	8.80	9.04	3043527	28891470.00
2012/09/27	9.05	9.68	9.05	9.30	3567203	33982592.00
2012/09/28	9.22	9.56	9.20	9.47	2642300	25468056.00
2012/10/08	9.50	9.56	9.41	9.51	1942094	18807470.00
2012/10/09	9.51	9.67	9.46	9.66	3861341	37845848.00
2012/10/10	9.62	9.67	9.56	9.66	2536875	24935180.00
2012/10/11	9.63	9.65	9.35	9.37	2855678	27786684.00
2012/10/12	9.38	9.50	9.11	9.27	2690576	25537592.00
2012/10/15	9.28	9.59	9.22	9.38	3902466	37516920.00
2012/10/16	9.37	10.15	9.31	10.02	12131562	122210672.00
2012/10/17	9.93	10.18	9.90	10.06	9478700	97256968.00
2012/10/18	10.07	10.48	10.00	10.37	10883764	114420888.00
2012/10/19	10.37	10.49	10.18	10.31	5787880	60778256.00
2012/10/22	10.29	10.29	10.03	10.19	4399880	45484560.00
2012/10/23	10.20	10.25	9.95	9.96	4809353	49357320.00
2012/10/24	9.91	10.08	9.83	9.85	4334787	43959756.00
2012/10/25	9.84	10.01	9.73	9.89	4697061	47220480.00
2012/10/26	9.92	10.00	9.60	9.77	3718631	37144568.00
2012/10/29	9.73	9.78	9.19	9.30	5110254	49145664.00
2012/10/30	9.35	9.40	9.21	9.31	3555982	33776136.00
2012/10/31	9.28	9.55	9.09	9.54	3758260	35687912.00
2012/11/01	9.48	9.90	9.47	9.74	5641618	56054036.00
2012/11/02	9.73	9.92	9.59	9.84	5933307	59088496.00
2012/11/05	9.76	9.90	9.54	9.59	3284087	32456994.00
2012/11/06	9.64	9.67	9.38	9.53	2191155	21223360.00
2012/11/07	9.58	9.63	9.40	9.49	2099042	20385436.00
2012/11/08	9.42	9.63	9.30	9.31	2309668	22396004.00
2012/11/09	9.27	9.44	9.22	9.28	1910709	18167080.00
2012/11/12	9.34	9.39	9.23	9.32	1649277	15634443.00
2012/11/13	9.32	9.40	9.20	9.23	2760217	26198450.00
2012/11/14	9.29	9.39	9.16	9.38	2141582	20294654.00
2012/11/15	9.32	9.48	9.21	9.35	1650177	15771747.00
2012/11/16	9.30	9.39	9.21	9.23	1345893	12765070.00
2012/11/19	9.28	9.28	8.52	8.75	4998318	44834160.00
2012/11/20	8.72	8.78	8.59	8.61	2581630	22890812.00
2012/11/21	8.61	8.67	8.20	8.48	5222258	44700012.00
2012/11/22	8.30	8.45	8.22	8.23	3202916	27266056.00
2012/11/23	8.25	8.88	8.23	8.64	6414574	56417436.00
2012/11/26	8.53	8.58	8.20	8.34	3115664	26632612.00
2012/11/27	8.32	8.37	8.06	8.09	2507070	20974112.00
2012/11/28	8.09	8.12	7.80	7.86	2544576	20750668.00
2012/11/29	7.88	8.01	7.68	7.70	1912895	15411328.00
2012/11/30	7.70	7.77	7.60	7.73	1544886	12204394.00
2012/12/03	7.70	7.75	7.15	7.16	3105929	23715370.00
2012/12/04	7.08	7.49	7.00	7.38	4011617	30058176.00
2012/12/05	7.32	7.80	7.23	7.60	4828773	37282248.00
2012/12/06	7.60	8.38	7.51	8.38	18646518	155882624.00
2012/12/07	8.28	9.09	8.26	9.00	12810467	112447840.00
2012/12/10	8.80	9.05	8.63	9.02	8214465	74671328.00
2012/12/11	8.93	9.30	8.87	8.98	8893709	82839696.00
2012/12/19	9.06	9.39	8.77	9.00	35048684	323653088.00
2012/12/20	8.96	8.96	8.40	8.54	22742131	199163264.00
2012/12/21	8.50	8.52	8.18	8.28	20926694	178422464.00
2012/12/24	8.23	8.26	8.04	8.23	10388700	86884608.00
2012/12/25	8.20	8.48	8.15	8.41	13394266	114994864.00
2012/12/26	8.43	8.66	8.36	8.59	13745545	119672416.00
2012/12/27	8.61	8.84	8.44	8.68	16834846	148585888.00
2012/12/28	8.63	8.79	8.55	8.66	12832650	113818712.00
2012/12/31	8.69	8.78	8.60	8.65	10406796	92286752.00
2013/01/04	8.72	8.75	8.52	8.64	11007674	97471888.00
2013/01/07	8.61	8.65	8.51	8.59	7383223	64729832.00
2013/01/08	8.58	9.47	8.56	9.47	33685167	316271488.00
2013/01/09	9.67	9.79	9.23	9.50	35123148	341484896.00
2013/01/10	9.45	9.50	9.26	9.41	13033808	124613112.00
2013/01/11	9.36	9.44	9.00	9.10	11359143	107081840.00
2013/01/14	9.04	9.44	8.99	9.40	12504868	118439584.00
2013/01/15	9.41	9.51	9.22	9.46	14640470	140115792.00
2013/01/16	9.40	9.65	9.22	9.57	14462919	139004256.00
2013/01/17	9.50	9.69	9.40	9.43	12165264	118525648.00
2013/01/18	9.45	9.68	9.37	9.46	8793934	85120984.00
2013/01/21	9.46	9.53	9.33	9.44	10422028	100297336.00
2013/01/22	9.44	9.49	9.03	9.17	11121434	104981584.00
2013/01/23	9.10	9.21	9.01	9.18	5919124	54965520.00
2013/01/24	9.20	9.24	8.75	8.79	9404969	86458264.00
2013/01/25	8.76	8.79	8.34	8.42	9053980	79062016.00
2013/01/28	8.41	8.64	8.32	8.59	9898035	85927984.00
2013/01/29	8.53	8.69	8.42	8.63	7464535	65567056.00
2013/01/30	8.62	8.88	8.56	8.73	10631290	94826712.00
2013/01/31	8.72	8.72	8.50	8.58	6130884	53787772.00
2013/02/01	8.53	8.69	8.49	8.61	5370036	47304184.00
2013/02/04	8.63	8.65	8.31	8.39	9576109	82836768.00
2013/02/05	8.33	8.66	8.31	8.65	9098067	79456464.00
2013/02/06	8.62	8.75	8.57	8.68	8019369	71153752.00
2013/02/07	8.67	8.69	8.51	8.65	5300536	46773008.00
2013/02/08	8.65	8.75	8.59	8.71	7667735	68126168.00
2013/02/18	8.71	8.72	8.53	8.63	6171741	54461092.00
2013/02/19	8.56	9.06	8.56	8.89	16739472	151276368.00
2013/02/20	8.80	9.11	8.65	9.06	15165091	138171856.00
2013/02/21	8.98	9.41	8.91	9.13	24462636	229934064.00
2013/02/22	9.12	9.56	9.05	9.38	25712055	246834800.00
2013/02/25	9.33	9.34	9.13	9.16	13002955	122236584.00
2013/02/26	9.11	9.32	8.78	8.86	10649251	98729664.00
2013/02/27	8.87	8.96	8.60	8.69	9837392	87931608.00
2013/02/28	8.73	8.85	8.58	8.83	8241772	73240384.00
2013/03/01	8.80	8.99	8.73	8.98	9308565	84336008.00
2013/03/04	8.90	9.10	8.55	8.58	10923541	98795208.00
2013/03/05	8.55	8.84	8.55	8.73	6785787	60476012.00
2013/03/06	8.75	9.12	8.70	9.10	11927943	108800464.00
2013/03/07	9.02	9.39	8.95	9.12	15638354	146846848.00
2013/03/08	9.13	9.18	8.95	8.98	5938581	54839684.00
2013/03/11	8.99	9.04	8.84	9.01	5364631	49050848.00
2013/03/12	9.00	9.04	8.64	8.73	6901219	62182584.00
2013/03/13	8.68	8.84	8.65	8.80	4052130	36282536.00
2013/03/14	8.77	8.86	8.55	8.58	6348073	56213736.00
2013/03/15	8.59	8.63	8.36	8.40	7607884	65928424.00
2013/03/18	8.40	8.45	8.08	8.09	6326590	53431704.00
2013/03/19	8.11	8.18	7.95	8.17	3864104	32112032.00
2013/03/20	8.16	8.36	8.11	8.33	4705885	39796640.00
2013/03/21	8.35	8.48	8.26	8.33	5527528	47306428.00
2013/03/22	8.33	8.48	8.29	8.39	4629679	39797012.00
2013/03/25	8.38	8.44	8.32	8.39	3596011	30804652.00
2013/03/26	8.36	8.36	8.17	8.24	4086304	34559924.00
2013/03/27	8.24	8.32	8.15	8.19	4699020	39621184.00
2013/03/28	8.13	8.14	7.87	7.90	4751577	38970808.00
2013/03/29	7.91	8.00	7.77	7.86	3938480	31847064.00
2013/04/01	7.81	7.93	7.81	7.91	2204729	17848020.00
2013/04/02	7.93	8.01	7.86	7.95	2924267	23770080.00
2013/04/03	7.96	8.01	7.88	7.97	3251381	26492752.00
2013/04/08	7.88	7.91	7.75	7.90	3136800	25214020.00
2013/04/09	7.92	7.98	7.81	7.94	2699699	21925328.00
2013/04/10	7.96	8.25	7.88	8.09	7349893	61198920.00
2013/04/11	8.11	8.11	7.86	7.87	4391238	35961732.00
2013/04/12	7.81	7.97	7.81	7.86	3470217	27998412.00
2013/04/15	7.87	7.87	7.53	7.58	3515985	27598966.00
2013/04/16	7.47	7.69	7.46	7.63	2884444	22546928.00
2013/04/17	7.61	7.71	7.60	7.65	1918105	15045423.00
2013/04/18	7.64	7.67	7.58	7.61	2009526	15712854.00
2013/04/19	7.61	7.80	7.61	7.76	3238178	25661220.00
2013/04/22	7.70	7.74	7.66	7.73	2694060	21281080.00
2013/04/23	7.82	8.09	7.82	8.03	12316687	100642400.00
2013/04/24	8.01	8.04	7.50	7.91	10030837	80645088.00
2013/04/25	7.82	7.90	7.70	7.76	4835411	38792100.00
2013/04/26	7.75	7.79	7.60	7.63	2899088	22921872.00
2013/05/02	7.63	7.74	7.62	7.69	2861650	22539564.00
2013/05/03	7.72	7.88	7.72	7.85	3457459	27741092.00
2013/05/06	7.86	7.98	7.83	7.98	4404273	35792612.00
2013/05/07	8.00	8.08	7.91	8.07	5899953	48559680.00
2013/05/08	8.06	8.08	7.94	8.04	5684501	46686556.00
2013/05/09	7.99	8.15	7.96	8.05	5030612	41546560.00
2013/05/10	8.00	8.07	7.95	8.01	3526327	28923298.00
2013/05/13	8.00	8.13	8.00	8.07	4101661	33912448.00
2013/05/14	8.04	8.04	7.90	7.92	3174217	25879716.00
2013/05/15	7.95	8.14	7.94	8.09	4624843	38253876.00
2013/05/16	8.11	8.23	8.05	8.18	6686062	55996704.00
2013/05/17	8.23	8.25	8.13	8.23	7511700	63055560.00
2013/05/20	8.25	8.51	8.18	8.44	9798540	83759616.00
2013/05/21	8.41	8.46	8.29	8.45	6954093	59578512.00
2013/05/22	8.45	8.67	8.39	8.60	10581599	92579288.00
2013/05/23	8.53	8.67	8.35	8.37	8185242	71490216.00
2013/05/24	8.40	8.51	8.29	8.50	6630790	56985024.00
2013/05/27	8.49	8.62	8.42	8.60	6107212	53291196.00
2013/05/28	8.57	8.65	8.48	8.64	5842746	51326752.00
2013/05/29	8.64	8.75	8.53	8.59	7042690	62429464.00
2013/05/30	8.59	8.65	8.40	8.53	6867080	59763796.00
2013/05/31	8.49	8.58	8.47	8.47	5312632	46315948.00
2013/06/03	8.47	8.55	8.39	8.45	4094721	35526220.00
2013/06/04	8.45	8.47	8.27	8.29	4626939	39660416.00
2013/06/05	8.29	8.69	8.22	8.59	10115383	87957152.00
2013/06/06	8.49	8.55	8.28	8.29	6543040	56497004.00
2013/06/07	8.25	8.33	8.00	8.03	4907380	40909656.00
2013/06/13	7.91	7.98	7.66	7.71	4198000	33427636.00
2013/06/14	7.70	7.82	7.70	7.77	2468126	19660660.00
2013/06/17	7.76	7.81	7.59	7.67	4862158	38269084.00
2013/06/18	7.68	7.71	7.56	7.67	3106690	24374532.00
2013/06/19	7.63	7.89	7.41	7.78	5012860	39321952.00
2013/06/20	7.68	7.75	7.49	7.50	3450010	27017504.00
2013/06/21	7.42	7.57	7.30	7.51	3019777	23113464.00
2013/06/24	7.49	7.50	6.94	7.10	4312075	32039712.00
2013/06/25	7.05	7.17	6.55	6.95	4657204	32960912.00
2013/06/26	6.91	7.04	6.88	6.98	2552914	18282240.00
2013/06/27	6.99	7.07	6.81	6.84	2709411	19369256.00
2013/06/28	6.84	7.01	6.80	6.88	2986219	21202086.00
2013/07/01	6.87	7.04	6.81	7.00	2550624	18194914.00
2013/07/02	7.02	7.30	7.00	7.19	3838705	28200684.00
2013/07/03	7.10	7.14	6.97	7.06	2873385	20832004.00
2013/07/04	7.00	7.19	6.92	7.12	3190693	23219644.00
2013/07/05	7.10	7.22	7.10	7.12	3152837	23198280.00
2013/07/08	6.99	7.03	6.84	6.88	2870948	20504460.00
2013/07/09	6.90	6.96	6.85	6.88	1424740	9981502.00
2013/07/10	6.87	7.12	6.87	7.10	2908235	20711960.00
2013/07/11	7.09	7.58	7.05	7.39	5369241	39894032.00
2013/07/12	7.33	7.39	7.21	7.22	3518538	26026524.00
2013/07/15	7.24	7.34	7.22	7.31	2668520	19694368.00
2013/07/16	7.33	7.61	7.27	7.44	6258852	47239224.00
2013/07/17	7.42	7.49	7.23	7.29	3468559	25936718.00
2013/07/18	7.31	7.33	7.20	7.21	2399709	17638200.00
2013/07/19	7.23	7.27	7.00	7.09	3166577	22956872.00
2013/07/22	7.02	7.12	6.97	7.08	2575452	18410014.00
2013/07/23	7.08	7.23	7.08	7.23	4591881	33453436.00
2013/07/24	7.23	7.23	7.09	7.17	3197383	23244662.00
2013/07/25	7.20	7.45	7.15	7.30	7280368	54025072.00
2013/07/26	7.24	7.27	7.04	7.12	3845917	27857312.00
2013/07/29	7.08	7.09	6.95	7.01	2869447	20386924.00
2013/07/30	7.23	7.23	6.97	7.07	2120918	15211557.00
2013/07/31	7.12	7.18	7.05	7.11	2496183	17995932.00
2013/08/01	7.05	7.22	7.05	7.21	3704720	26878236.00
2013/08/02	7.20	7.30	7.20	7.26	3958426	29084642.00
2013/08/05	7.26	7.54	7.21	7.41	5284768	39541924.00
2013/08/06	7.38	7.43	7.28	7.40	5013584	37383336.00
2013/08/07	7.36	7.49	7.32	7.35	4362298	32675062.00
2013/08/08	7.35	7.43	7.28	7.31	2696301	20052216.00
2013/08/09	7.32	7.38	7.27	7.37	3385613	25132362.00
2013/08/12	7.37	7.50	7.34	7.49	5573093	42068268.00
2013/08/13	7.50	7.56	7.46	7.54	4698137	35782940.00
2013/08/14	7.53	7.56	7.44	7.47	4400660	33421696.00
2013/08/15	7.45	7.53	7.42	7.43	3996873	30312710.00
2013/08/16	7.38	7.60	7.32	7.35	4729611	35603280.00
2013/08/19	7.30	7.46	7.30	7.45	2615730	19551378.00
2013/08/20	7.43	7.50	7.35	7.39	2734588	20605316.00
2013/08/21	7.41	7.47	7.36	7.45	2265016	16976010.00
2013/08/22	7.43	7.53	7.39	7.48	3369533	25495316.00
2013/08/23	7.48	7.65	7.39	7.51	6979419	53326920.00
2013/08/26	7.49	7.78	7.46	7.72	9473577	73643928.00
2013/08/27	7.71	8.03	7.68	8.00	13473355	107537944.00
2013/08/28	7.96	8.23	7.80	8.00	15498142	125935416.00
2013/08/29	7.98	8.09	7.84	7.88	7013634	56198492.00
2013/08/30	7.85	8.14	7.81	7.98	9470342	76432672.00
2013/09/02	7.99	8.05	7.65	7.73	6915982	54512352.00
2013/09/03	7.73	7.82	7.67	7.80	4654108	36546196.00
2013/09/04	7.80	7.92	7.77	7.85	5406273	42950136.00
2013/09/05	7.85	7.85	7.71	7.79	4006774	31542924.00
2013/09/06	7.76	7.93	7.74	7.86	7712684	61358224.00
2013/09/09	7.88	8.00	7.86	7.95	7812081	62705224.00
2013/09/10	7.95	8.25	7.92	8.20	13457289	110839200.00
2013/09/11	8.21	8.41	8.05	8.40	15710349	130686288.00
2013/09/12	8.39	8.39	8.20	8.22	11058367	92591344.00
2013/09/13	8.23	8.46	8.20	8.22	11322800	95447416.00
2013/09/16	8.23	8.35	8.11	8.12	7078991	58949176.00
2013/09/17	8.17	8.54	8.08	8.40	17664258	149374848.00
2013/09/18	8.36	8.75	8.31	8.65	14272415	123406432.00
2013/09/23	8.69	8.92	8.48	8.66	20732014	183624944.00
2013/09/24	8.65	8.78	8.41	8.66	9733961	84538040.00
2013/09/25	8.63	9.50	8.60	9.07	23734723	218075056.00
2013/09/26	8.99	9.25	8.93	9.00	9912224	90900440.00
2013/09/27	9.01	9.90	9.01	9.63	25522751	247918800.00
2013/09/30	9.65	10.02	9.65	9.71	11081312	109698848.00
2013/10/08	9.60	9.90	9.42	9.70	9381772	91114904.00
2013/10/09	9.66	9.71	9.33	9.40	10885247	103877856.00
2013/10/10	9.36	9.54	9.22	9.40	10489627	99115760.00
2013/10/11	9.38	10.25	9.30	10.08	20189573	202722720.00
2013/10/14	10.03	10.59	9.73	9.84	26740461	275539456.00
2013/10/15	9.80	9.98	9.56	9.94	11999353	118708080.00
2013/10/16	9.86	9.93	9.07	9.23	11527905	109402704.00
2013/10/17	9.28	9.48	9.16	9.17	7493121	70541112.00
2013/10/18	9.19	9.47	9.16	9.41	4646281	43856216.00
2013/10/21	9.40	9.79	9.40	9.68	6251034	60894392.00
2013/10/22	9.75	9.75	9.26	9.39	8470582	80975240.00
2013/10/23	9.39	9.41	8.69	8.71	11573313	104397584.00
2013/10/24	8.68	8.85	8.50	8.78	7293005	64250480.00
2013/10/25	8.78	8.90	8.40	8.55	6862883	59443548.00
2013/10/28	8.52	8.70	8.32	8.57	3855910	33271460.00
2013/10/29	8.56	8.70	7.90	8.23	6920543	58337808.00
2013/10/30	8.21	8.51	8.20	8.44	4929726	41949864.00
2013/10/31	8.39	8.45	8.12	8.17	5740840	48069096.00
2013/11/01	8.19	8.27	8.03	8.15	3652613	30006372.00
2013/11/04	8.08	8.22	8.08	8.14	3164449	26106086.00
2013/11/05	8.12	8.30	8.02	8.28	4121312	34121064.00
2013/11/06	8.25	8.35	8.15	8.20	3416719	28475632.00
2013/11/07	8.20	8.21	8.08	8.20	3604252	29779608.00
2013/11/08	8.24	8.25	7.81	7.91	6228415	50634056.00
2013/11/11	7.92	8.03	7.82	7.94	4162961	33457132.00
2013/11/12	7.94	8.33	7.89	8.08	9658448	79435432.00
2013/11/13	8.06	8.38	8.00	8.24	9769177	81208008.00
2013/11/14	8.22	8.33	8.08	8.29	4384367	36356040.00
2013/11/15	8.31	8.81	8.27	8.69	11110571	97500832.00
2013/11/18	8.89	9.06	8.70	8.78	8013077	71990040.00
2013/11/19	8.78	8.80	8.60	8.75	2905851	25632336.00
2013/11/20	8.75	9.04	8.70	8.88	3557534	31923024.00
2013/11/21	8.87	8.95	8.69	8.77	3398586	30320708.00
2013/11/22	8.84	8.93	8.69	8.75	2454366	21939630.00
2013/11/25	8.79	8.79	8.58	8.67	3918166	34363476.00
2013/11/26	8.67	8.89	8.62	8.79	4037726	35652468.00
2013/11/27	8.79	8.93	8.74	8.84	3066723	27400532.00
2013/11/28	8.90	8.97	8.79	8.82	3969695	35609224.00
2013/11/29	8.80	8.86	8.70	8.77	3183210	28227984.00
2013/12/02	8.59	8.63	7.88	8.10	7201647	60341088.00
2013/12/03	8.10	8.25	8.01	8.20	4850893	40098588.00
2013/12/04	8.24	9.03	8.18	8.77	14353336	127035568.00
2013/12/05	8.78	8.84	8.59	8.77	6503518	57316032.00
2013/12/06	8.74	9.26	8.71	8.99	9787214	89390080.00
2013/12/09	9.04	9.12	8.93	9.09	4765175	43588720.00
2013/12/10	9.10	9.65	9.10	9.45	12532071	119533552.00
2013/12/11	9.42	9.57	9.10	9.18	6710104	63064528.00
2013/12/12	9.18	9.52	9.16	9.19	5553241	52475228.00
2013/12/13	9.25	9.48	9.20	9.29	4271721	40364216.00
2013/12/16	9.40	9.46	8.88	8.90	6187161	56624160.00
2013/12/17	8.91	8.95	8.73	8.74	2843345	25427064.00
2013/12/18	8.78	8.89	8.71	8.81	2161528	19252718.00
2013/12/19	8.81	8.86	8.51	8.54	4213588	36913840.00
2013/12/20	8.48	8.70	8.25	8.35	3730833	31747610.00
2013/12/23	8.36	8.40	8.19	8.20	3189360	26693104.00
2013/12/24	8.25	8.42	8.22	8.34	3627538	30523740.00
2013/12/25	8.33	8.57	8.28	8.51	2204117	18899268.00
2013/12/26	8.51	8.55	8.24	8.26	3294674	27894716.00
2013/12/27	8.27	8.33	8.17	8.32	6158708	51417940.00
2013/12/30	8.31	8.35	8.20	8.27	4201034	35134468.00
2013/12/31	8.27	8.65	8.23	8.51	6473779	55557120.00
2014/01/02	8.45	8.47	8.26	8.36	4310958	36464700.00
2014/01/03	8.36	8.39	8.20	8.24	2921093	24402464.00
2014/01/06	8.25	8.25	7.92	7.92	4808721	39125924.00
2014/01/07	7.88	8.05	7.85	8.00	3079319	24914500.00
2014/01/08	8.02	8.08	7.87	7.92	3333829	26822684.00
2014/01/09	7.93	8.05	7.86	8.02	3638816	29437036.00
2014/01/10	7.96	8.01	7.76	7.82	3018925	24012150.00
2014/01/13	7.89	7.90	7.75	7.81	1524986	12086555.00
2014/01/14	7.76	8.01	7.76	7.97	2127719	17059866.00
2014/01/15	7.97	8.06	7.93	7.98	3180661	25727308.00
2014/01/16	8.01	8.07	7.96	8.02	1661008	13489723.00
2014/01/17	7.98	8.04	7.86	7.95	3271104	26251784.00
2014/01/20	7.85	7.96	7.65	7.68	4774146	37643452.00
2014/01/21	7.67	7.83	7.62	7.80	5497418	42996824.00
2014/01/22	7.78	8.00	7.73	8.00	4459278	35671256.00
2014/01/23	7.98	8.05	7.91	8.01	3594855	29059368.00
2014/01/24	7.99	8.06	7.98	8.00	4360756	35395120.00
2014/01/27	7.93	7.95	7.82	7.84	5067744	40434272.00
2014/01/28	7.85	7.91	7.82	7.86	2711233	21566918.00
2014/01/29	7.86	7.90	7.76	7.82	3243849	25732038.00
2014/01/30	7.80	7.80	7.69	7.70	2489661	19500284.00
2014/02/07	7.70	7.86	7.67	7.84	2030847	16065367.00
2014/02/10	7.83	8.01	7.83	8.01	4237135	34118056.00
2014/02/11	8.01	8.08	7.95	8.01	6088484	49450620.00
2014/02/12	7.99	8.15	7.98	8.13	5561075	45403420.00
2014/02/13	8.10	8.25	8.03	8.05	7403994	60812336.00
2014/02/14	8.06	8.20	8.05	8.17	5607682	46227216.00
2014/02/17	8.23	8.56	8.18	8.55	11221630	95624224.00
2014/02/18	8.42	8.52	8.30	8.42	6350970	54032908.00
2014/02/19	8.42	8.80	8.39	8.67	11175197	98025688.00
2014/02/20	8.78	8.96	8.53	8.55	9926755	88003448.00
2014/02/21	8.56	8.65	8.31	8.39	4198488	35801108.00
2014/02/24	8.33	8.35	8.16	8.21	4871760	40648660.00
2014/02/25	8.25	8.43	7.98	8.02	6225118	51594224.00
2014/02/26	7.91	8.08	7.83	8.07	3259950	26297894.00
2014/02/27	8.06	8.15	7.86	7.87	3570078	28934404.00
2014/02/28	7.91	8.07	7.82	8.04	3400036	27354004.00
2014/03/03	8.06	8.41	8.05	8.34	7889334	66214008.00
2014/03/04	8.25	8.38	8.16	8.27	5331442	44507344.00
2014/03/05	8.21	8.44	8.20	8.32	7659079	64599520.00
2014/03/06	8.29	8.44	8.22	8.44	5996558	50613104.00
2014/03/07	8.43	8.75	8.36	8.72	12819791	111284920.00
2014/03/10	8.65	8.79	8.16	8.22	7755097	66556392.00
2014/03/11	8.15	8.99	8.15	8.68	16864233	148231168.00
2014/03/12	8.67	8.97	8.52	8.86	12361864	109894096.00
2014/03/13	8.76	9.29	8.73	9.09	18300766	167894560.00
2014/03/14	9.04	9.04	8.72	8.87	9315946	83415744.00
2014/03/17	8.87	8.90	8.68	8.84	8630622	76423776.00
2014/03/18	8.90	9.03	8.66	8.69	10455229	93528472.00
2014/03/19	8.70	8.77	8.56	8.75	6276826	54774504.00
2014/03/20	8.74	8.86	8.47	8.51	7815444	68860280.00
2014/03/21	8.48	8.71	8.34	8.70	5826919	50325640.00
2014/03/24	8.75	8.84	8.66	8.73	6027641	53339880.00
2014/03/25	8.70	9.01	8.70	8.93	9620851	86491632.00
2014/03/26	8.96	9.00	8.76	8.83	5196808	46504336.00
2014/03/27	8.79	9.03	8.74	8.86	7618588	68778256.00
2014/03/28	8.84	9.10	8.61	8.67	7909422	71113136.00
2014/03/31	8.71	8.74	8.27	8.30	5297491	45195428.00
2014/04/01	8.28	8.47	8.27	8.40	3190620	27014242.00
2014/04/02	8.37	8.48	8.18	8.43	5851434	49141020.00
2014/04/03	8.48	8.51	8.23	8.28	3988677	33604396.00
2014/04/04	8.23	8.49	8.23	8.39	4228132	35818504.00
2014/04/08	8.35	8.48	8.30	8.47	4030661	34283528.00
2014/04/09	8.49	8.62	8.45	8.52	5411622	46677272.00
2014/04/10	8.53	8.57	8.47	8.52	4850987	41804168.00
2014/04/11	8.51	8.69	8.48	8.62	6587887	57340792.00
2014/04/14	8.60	8.75	8.55	8.74	5441509	47652216.00
2014/04/15	8.69	8.73	8.56	8.58	4172023	36483200.00
2014/04/16	8.55	8.72	8.50	8.66	3920605	34122064.00
2014/04/17	8.65	8.73	8.62	8.65	3817380	33518104.00
2014/04/18	8.64	8.73	8.55	8.69	3060308	26843260.00
2014/04/21	8.65	8.65	8.36	8.37	5117947	44057764.00
2014/04/22	8.40	8.42	8.24	8.36	3418067	28798784.00
2014/04/23	8.39	8.48	8.28	8.33	3636252	30918576.00
2014/04/24	8.33	8.34	8.08	8.10	4665780	38647064.00
2014/04/25	8.12	8.16	7.92	7.96	4909144	39849440.00
2014/04/28	7.98	7.98	7.69	7.73	4019755	31588420.00
2014/04/29	7.70	7.83	7.65	7.82	3918281	30639928.00
2014/04/30	7.81	7.83	7.73	7.76	3536562	27810240.00
2014/05/05	7.79	8.00	7.71	7.90	4416108	35329856.00
2014/05/06	7.92	8.00	7.87	7.91	3016261	24269264.00
2014/05/07	7.85	8.25	7.84	8.13	8899652	72952144.00
2014/05/08	8.22	8.48	8.14	8.35	11445752	96644560.00
2014/05/09	8.40	8.50	8.16	8.33	7657211	64512208.00
2014/05/12	8.35	8.62	8.24	8.53	8182087	69873864.00
2014/05/13	8.49	8.56	8.41	8.45	4375108	37464872.00
2014/05/14	8.45	8.49	8.29	8.30	3297865	27893996.00
2014/05/15	8.35	8.44	8.24	8.27	3055785	25727072.00
2014/05/16	8.27	8.29	8.00	8.08	3740969	30727112.00
2014/05/19	8.09	8.10	7.98	8.08	1654955	13480435.00
2014/05/20	8.15	8.23	8.06	8.09	2379678	19609830.00
2014/05/21	8.05	8.17	7.97	8.17	1607469	13152050.00
2014/05/22	8.16	8.23	8.11	8.16	2737747	22696920.00
2014/05/23	8.14	8.21	8.06	8.13	3525990	28898292.00
2014/05/26	8.14	8.19	8.05	8.10	3329297	27300188.00
2014/05/27	8.07	8.12	8.04	8.04	2552819	20845620.00
2014/05/28	8.04	8.07	7.95	8.07	3790864	30712240.00
2014/05/29	8.06	8.06	7.94	7.95	2798942	22659652.00
2014/05/30	7.95	8.05	7.95	8.02	2512362	20358312.00
2014/06/03	8.02	8.03	7.86	7.88	4408522	35359268.00
2014/06/04	7.89	7.91	7.77	7.82	2971157	23539692.00
2014/06/05	7.80	7.88	7.78	7.87	2369429	18786584.00
2014/06/06	7.87	7.91	7.81	7.86	1861591	14817966.00
2014/06/09	7.86	7.93	7.80	7.81	2118751	16866332.00
2014/06/10	7.83	7.90	7.77	7.89	2170080	17244666.00
2014/06/11	7.90	7.96	7.85	7.93	2005892	16073166.00
2014/06/12	7.94	7.94	7.84	7.86	1737975	13855531.00
2014/06/13	7.84	7.94	7.83	7.91	1721481	13762604.00
2014/06/16	7.91	7.93	7.85	7.91	2044107	16340657.00
2014/06/17	7.90	7.90	7.76	7.78	3162583	25003304.00
2014/06/18	7.78	7.79	7.66	7.67	2982372	23320242.00
2014/06/19	7.63	7.70	7.42	7.47	3128865	24049522.00
2014/06/20	7.48	7.55	7.48	7.55	1829274	13922664.00
2014/06/23	7.54	7.61	7.54	7.56	1441149	11056169.00
2014/06/24	7.55	7.74	7.54	7.62	2955408	22902760.00
2014/06/25	7.62	7.68	7.55	7.56	1836269	14147275.00
2014/06/26	7.55	7.65	7.55	7.61	2200583	16976714.00
2014/06/27	7.59	7.71	7.58	7.66	2931753	22714872.00
2014/06/30	7.65	7.72	7.63	7.70	3055706	23780760.00
2014/07/01	7.71	7.75	7.70	7.74	2195801	17181482.00
2014/07/02	7.74	7.77	7.66	7.74	3252664	25380980.00
2014/07/03	7.71	7.82	7.69	7.78	3488236	27408980.00
2014/07/04	7.75	7.78	7.68	7.71	4154247	32462432.00
2014/07/07	7.71	7.75	7.69	7.74	2597923	20310964.00
2014/07/08	7.75	7.76	7.70	7.75	2119898	16610518.00
2014/07/09	7.77	7.77	7.58	7.60	3885564	29813730.00
2014/07/10	7.59	7.68	7.59	7.61	1996418	15245003.00
2014/07/11	7.61	7.70	7.61	7.68	1969179	15103762.00
2014/07/14	7.70	7.84	7.69	7.83	4511618	35128960.00
2014/07/15	7.90	8.06	7.88	7.97	10859210	86566544.00
2014/07/16	7.96	7.98	7.88	7.90	4414268	34927136.00
2014/07/17	7.90	7.96	7.85	7.91	3838037	30352012.00
2014/07/18	7.89	8.05	7.87	8.00	6963888	55665940.00
2014/07/21	8.00	8.02	7.91	7.94	3321047	26408724.00
2014/07/22	7.94	8.01	7.94	7.99	5142991	41088152.00
2014/07/23	7.98	7.98	7.85	7.86	5221405	41281200.00
2014/07/24	7.90	7.92	7.82	7.88	4698009	37052512.00
2014/07/25	7.90	8.01	7.88	7.99	5510080	43783544.00
2014/07/28	8.02	8.15	7.99	8.12	9904345	80186968.00
2014/07/29	8.13	8.17	8.07	8.11	8551739	69421880.00
2014/07/30	8.08	8.14	8.04	8.08	6124928	49469592.00
2014/07/31	8.09	8.21	8.07	8.20	9098997	74106256.00
2014/08/01	8.17	8.23	8.12	8.13	8560255	69969104.00
2014/08/04	8.13	8.25	8.12	8.23	6638472	54391304.00
2014/08/05	8.21	8.27	8.19	8.26	5359248	44126224.00
2014/08/06	8.26	8.40	8.21	8.34	8323280	69354616.00
2014/08/07	8.34	8.44	8.22	8.23	7831507	65281800.00
2014/08/08	8.26	8.36	8.19	8.28	5984862	49399200.00
2014/08/11	8.29	8.42	8.27	8.40	6910892	57863912.00
2014/08/12	8.41	8.50	8.37	8.45	6795578	57426124.00
2014/08/13	8.45	8.54	8.37	8.45	7062741	59757640.00
2014/08/14	8.48	8.51	8.34	8.37	8013811	67766888.00
2014/08/15	8.37	8.49	8.34	8.43	5602807	47257264.00
2014/08/18	8.42	8.49	8.37	8.49	7303499	61590660.00
2014/08/19	8.47	8.62	8.45	8.56	9866577	84224720.00
2014/08/20	8.54	8.58	8.48	8.52	5968924	50930912.00
2014/08/21	8.52	8.55	8.37	8.46	5518035	46623560.00
2014/08/22	8.47	8.66	8.44	8.64	10342759	88643728.00
2014/08/25	8.66	8.68	8.43	8.45	7798304	66270960.00
2014/08/26	8.43	8.45	8.17	8.19	11008920	91247728.00
2014/08/27	8.19	8.25	8.17	8.22	4266299	35040960.00
2014/08/28	8.20	8.24	8.09	8.12	5821702	47456364.00
2014/08/29	8.14	8.20	8.06	8.19	5017980	40900612.00
2014/09/01	8.18	8.31	8.18	8.28	5424732	44761756.00
2014/09/02	8.29	8.43	8.27	8.43	9101803	76120752.00
2014/09/03	8.39	8.50	8.37	8.46	12927375	109058240.00
2014/09/04	8.44	8.55	8.39	8.52	12495186	105906176.00
2014/09/05	8.51	8.60	8.47	8.51	9658832	82263592.00
2014/09/09	8.51	8.55	8.46	8.52	7774617	66087004.00
2014/09/10	8.47	8.69	8.44	8.66	12094533	103820816.00
2014/09/11	8.65	8.71	8.50	8.54	10845606	93413640.00
2014/09/12	8.58	8.70	8.54	8.67	11654670	100627744.00
2014/09/15	8.64	8.82	8.62	8.78	11615527	101446008.00
2014/09/16	8.84	8.85	8.46	8.47	12620643	109529256.00
2014/09/17	8.46	8.53	8.39	8.52	8319142	70399200.00
2014/09/18	8.51	8.72	8.46	8.65	9108963	78384752.00
2014/09/19	8.65	8.68	8.51	8.62	7557999	65122820.00
2014/09/22	8.60	8.61	8.42	8.46	6082771	51734868.00
2014/09/23	8.46	8.63	8.46	8.62	7043712	60259540.00
2014/09/24	8.58	8.71	8.56	8.70	9091597	78711192.00
2014/09/25	8.73	8.84	8.67	8.71	13355491	116914920.00
2014/09/26	8.66	8.81	8.64	8.76	8502695	74355264.00
2014/09/29	8.76	8.94	8.73	8.85	10775074	95229528.00
2014/09/30	8.86	9.10	8.85	8.91	10051413	89963752.00
2014/10/08	8.90	9.08	8.86	9.03	10118924	90985672.00
2014/10/09	9.06	9.16	8.91	8.96	9204331	83063808.00
2014/10/10	8.95	9.00	8.81	8.87	8176877	72592480.00
2014/10/13	8.86	8.90	8.78	8.87	7583144	67027156.00
2014/10/14	8.85	8.98	8.83	8.88	9029038	80328568.00
2014/10/15	8.87	8.93	8.74	8.85	7689922	67880184.00
2014/10/16	8.79	8.89	8.72	8.73	7755036	68295136.00
2014/10/17	8.73	8.76	8.55	8.62	9331482	80661408.00
2014/10/20	8.63	8.73	8.63	8.69	3806973	33071380.00
2014/10/21	8.69	8.80	8.60	8.65	6426048	56049124.00
2014/10/22	8.66	8.78	8.52	8.56	6853167	59506240.00
2014/10/23	8.55	8.62	8.41	8.43	5622282	47848260.00
2014/10/24	8.44	8.54	8.44	8.48	2898490	24613822.00
2014/10/27	8.47	8.51	8.36	8.45	3997700	33701152.00
2014/10/28	8.47	8.63	8.45	8.62	5135337	43939872.00
2014/10/29	8.62	8.75	8.61	8.71	5896948	51160700.00
2014/10/30	8.70	8.76	8.65	8.72	7049438	61385352.00
2014/10/31	8.73	8.83	8.68	8.79	10480191	91907520.00
2014/11/03	8.81	8.91	8.80	8.84	9048844	80076848.00
2014/11/04	8.84	8.89	8.73	8.80	6003436	52832456.00
2014/11/05	8.82	8.82	8.73	8.80	5346909	46955952.00
2014/11/06	8.80	8.80	8.69	8.79	4626337	40507424.00
2014/11/07	8.77	8.84	8.66	8.69	6077706	53253108.00
2014/11/10	8.67	8.95	8.66	8.94	16010993	141735264.00
2014/11/11	8.93	9.14	8.72	8.77	18522041	165528512.00
2014/11/12	8.81	9.19	8.74	9.12	24106145	218261360.00
2014/11/13	9.10	9.14	8.94	9.02	11944341	107774368.00
2014/11/14	9.00	9.17	8.95	9.13	14448207	131322360.00
2014/11/17	9.18	9.38	9.04	9.32	20483546	189122544.00
2014/11/18	9.22	9.32	9.15	9.22	13838559	127508688.00
2014/11/19	9.31	9.31	9.00	9.11	14177206	128824192.00
2014/11/20	9.09	9.10	9.02	9.05	5960846	53995004.00
2014/11/21	9.03	9.13	9.00	9.11	8287580	75223704.00
2014/11/24	9.18	9.32	9.09	9.23	16051061	147689296.00
2014/11/25	9.19	9.54	9.19	9.45	15982834	150562368.00
2014/11/26	9.49	9.59	9.19	9.46	17859984	167563184.00
2014/11/27	9.47	9.60	9.28	9.35	12684702	118754424.00
2014/11/28	9.34	9.38	9.21	9.27	9765119	90633344.00
2014/12/01	9.25	9.56	9.25	9.42	19959038	188045904.00
2014/12/02	9.38	9.47	9.33	9.42	14446280	135873712.00
2014/12/03	9.42	9.65	9.38	9.52	16239275	154241840.00
2014/12/04	9.49	9.64	9.46	9.60	16509572	157762576.00
2014/12/05	9.63	9.63	9.11	9.21	18596738	173380240.00
2014/12/08	9.18	9.25	9.03	9.20	12005631	109667600.00
2014/12/09	9.16	9.36	8.91	8.95	14547770	132933040.00
2014/12/10	8.95	9.18	8.88	9.16	10406317	94376640.00
2014/12/11	9.16	9.26	9.07	9.17	9907378	90919576.00
2014/12/12	9.20	9.40	9.18	9.30	11155904	103507392.00
2014/12/15	9.29	9.55	9.25	9.51	15664179	147800064.00
2014/12/16	9.50	9.50	9.36	9.44	9139249	86100808.00
2014/12/17	9.43	9.55	9.27	9.39	8566997	80679752.00
2014/12/18	9.35	9.44	9.28	9.33	7214555	67491200.00
2014/12/19	9.31	9.44	9.21	9.33	9440553	88154296.00
2014/12/22	9.34	9.37	9.03	9.14	9694045	88729720.00
2014/12/23	9.09	9.42	9.05	9.23	10455330	96855456.00
2014/12/24	9.22	9.49	9.20	9.42	13666253	128306928.00
2014/12/25	9.45	9.57	9.37	9.44	13273200	125371600.00
2014/12/26	9.48	9.95	9.41	9.87	28770240	280082464.00
2014/12/29	9.92	9.94	9.65	9.73	22517801	220817216.00
2014/12/30	9.70	9.78	9.31	9.36	18585939	176765760.00
2014/12/31	9.29	9.46	9.28	9.38	8159430	76380808.00
2015/01/05	9.37	9.64	9.34	9.57	15287565	145835696.00
2015/01/06	9.50	9.63	9.45	9.60	12212743	116482072.00
2015/01/07	9.60	9.73	9.50	9.72	13227540	127528712.00
2015/01/08	9.69	9.80	9.53	9.57	11644100	112330744.00
2015/01/09	9.59	9.86	9.53	9.57	16142565	156958112.00
2015/01/12	9.49	9.49	9.14	9.25	12418373	115433600.00
2015/01/13	9.28	9.39	9.27	9.35	6065103	56580152.00
2015/01/14	9.30	9.39	9.18	9.22	4736135	43910832.00
2015/01/15	9.20	9.40	9.20	9.36	5170272	48257404.00
2015/01/16	9.32	9.51	9.32	9.49	7060731	66362120.00
2015/01/19	9.32	9.59	9.00	9.08	10706627	99517720.00
2015/01/20	9.15	9.34	9.10	9.25	9540860	87843888.00
2015/01/21	9.24	9.43	9.20	9.43	9635599	90142752.00
2015/01/22	9.40	9.60	9.37	9.60	11393880	108188560.00
2015/01/23	9.60	9.85	9.54	9.74	19769941	192096064.00
2015/01/26	9.70	10.14	9.65	10.00	21545030	214320304.00
2015/01/27	10.02	10.09	9.81	10.00	17045963	169631312.00
2015/01/28	9.99	9.99	9.82	9.86	8970298	88882688.00
2015/01/29	9.71	10.10	9.71	10.08	12467833	123906656.00
2015/01/30	10.04	10.25	9.93	9.94	9443548	94953960.00
2015/02/02	10.00	10.29	9.82	10.10	13218295	133841896.00
2015/02/03	10.25	10.49	10.12	10.28	15522170	160040240.00
2015/02/04	10.29	10.43	10.05	10.08	11642008	119034968.00
2015/02/05	10.16	10.22	10.00	10.04	8199571	82762264.00
2015/02/06	9.98	10.04	9.70	9.76	7858716	77319368.00
2015/02/09	9.78	9.91	9.64	9.70	6124748	59806072.00
2015/02/10	9.66	9.78	9.63	9.77	4888118	47543932.00
2015/02/11	9.82	9.82	9.64	9.79	4711606	45876776.00
2015/02/12	9.80	9.91	9.79	9.81	5903873	58172696.00
2015/02/13	9.87	10.02	9.81	9.92	9389382	93211304.00
2015/02/16	9.98	10.27	9.95	10.21	12256532	124639992.00
2015/02/17	10.35	10.67	10.23	10.46	16395224	171489744.00
2015/02/25	10.45	10.45	10.19	10.25	8433708	87151696.00
2015/02/26	10.25	10.47	10.20	10.38	6794272	70407328.00
2015/02/27	10.37	10.55	10.31	10.45	9915429	103406880.00
2015/03/02	10.45	10.52	10.32	10.45	11334256	118123408.00
2015/03/03	10.41	10.61	10.28	10.59	12511633	130488448.00
2015/03/04	10.56	10.99	10.50	10.94	14581603	157824736.00
2015/03/05	10.99	11.00	10.76	10.89	10073241	109177848.00
2015/03/06	10.91	11.32	10.80	11.07	14825049	164075616.00
2015/03/09	11.01	11.95	10.85	11.20	23045935	261838720.00
2015/03/10	11.25	11.30	11.05	11.15	15467114	172766256.00
2015/03/11	11.10	11.19	10.89	10.97	11413182	125480312.00
2015/03/12	11.30	11.60	11.14	11.22	25245780	286876608.00
2015/03/13	11.14	11.64	11.14	11.55	16344989	187076944.00
2015/03/16	11.57	11.95	11.45	11.58	25304277	295219040.00
2015/03/17	11.62	11.67	11.43	11.60	15159331	175217984.00
2015/03/18	11.60	11.85	11.53	11.73	18911601	220617360.00
2015/03/19	11.70	11.77	11.48	11.63	16142343	187473376.00
2015/03/20	11.61	11.67	11.46	11.53	12662134	145973664.00
2015/03/23	11.55	11.75	11.50	11.70	15757011	182889968.00
2015/03/24	11.68	11.79	11.25	11.40	19735441	226809120.00
2015/03/25	11.38	11.38	11.15	11.32	17386084	195392112.00
2015/03/26	11.22	12.18	11.20	11.98	32302833	377648672.00
2015/03/27	11.90	12.04	11.70	11.87	19350697	229187104.00
2015/03/30	11.90	11.98	11.67	11.87	20163813	237476848.00
2015/03/31	11.80	12.05	11.77	11.86	18959181	226006064.00
2015/04/01	11.98	12.38	11.93	12.28	20189798	245634160.00
2015/04/02	12.30	12.39	12.14	12.30	15254460	186777344.00
2015/04/03	12.50	13.00	12.35	12.78	18834738	239105904.00
2015/04/07	12.76	12.88	12.66	12.84	14013568	178929376.00
2015/04/08	12.87	13.08	12.60	13.04	20870979	268958432.00
2015/04/09	13.19	14.09	13.19	13.39	31048250	419049600.00
2015/04/10	13.39	13.87	13.20	13.84	19056987	259266832.00
2015/04/13	13.94	14.18	13.75	13.98	20226377	283398560.00
2015/04/14	13.98	14.22	13.73	13.78	19630972	273903392.00
2015/04/15	13.75	13.78	12.95	12.97	16288015	217276960.00
2015/04/16	12.80	13.80	12.56	13.33	15052903	198902448.00
2015/04/17	13.41	13.59	13.15	13.29	17660818	235221120.00
2015/04/20	13.28	13.28	12.78	12.90	16043598	208334016.00
2015/04/21	13.30	13.69	13.30	13.68	20415144	275409504.00
2015/04/22	13.77	14.17	13.60	14.04	25654234	354023168.00
2015/04/23	14.04	14.48	13.66	14.19	23905659	335248512.00
2015/04/24	13.90	14.20	13.80	13.99	16651339	233127200.00
2015/04/27	14.05	14.45	13.82	13.95	19322696	271697856.00
2015/04/28	14.00	14.08	13.26	13.40	19083029	258715616.00
2015/04/29	13.36	13.86	13.35	13.70	12615549	172871632.00
2015/04/30	13.79	14.26	13.78	13.89	19545097	274216544.00
2015/05/05	13.75	13.75	13.75	13.75	0	0.00
数据来源:通达信
