600175 美都能源 日线 前复权
      日期	    开盘	    最高	    最低	    收盘	    成交量	    成交额
2011/10/10	2.76	2.79	2.74	2.75	2769802	8939076.00
2011/10/11	2.81	2.84	2.74	2.76	2805272	9109467.00
2011/10/12	2.76	2.95	2.73	2.94	10273534	34240168.00
2011/10/13	2.92	3.09	2.88	3.05	14017643	48515144.00
2011/10/14	3.01	3.16	2.97	3.10	14208714	50664256.00
2011/10/17	3.10	3.22	3.05	3.07	23903339	87074736.00
2011/10/18	3.01	3.04	2.91	2.94	11999985	41434788.00
2011/10/19	2.92	2.98	2.92	2.94	4252463	14613057.00
2011/10/20	2.90	2.93	2.77	2.79	7545091	24850604.00
2011/10/21	2.81	2.83	2.75	2.78	3545983	11528297.00
2011/10/24	2.79	2.86	2.75	2.84	5668495	18681424.00
2011/10/25	2.84	3.03	2.83	3.02	13922755	47774248.00
2011/10/26	2.97	3.12	2.97	3.11	23057083	82003896.00
2011/10/27	3.09	3.30	3.04	3.28	45079057	168571872.00
2011/10/28	3.20	3.31	3.19	3.23	57560358	216765600.00
2011/10/31	3.17	3.17	3.05	3.12	25176190	91298776.00
2011/11/01	3.09	3.15	3.05	3.10	14831424	53622560.00
2011/11/02	3.04	3.14	3.03	3.13	15123984	54542524.00
2011/11/03	3.12	3.19	3.10	3.10	18056441	66191544.00
2011/11/04	3.10	3.14	3.08	3.11	12947486	46886316.00
2011/11/07	3.10	3.15	3.06	3.07	8887718	32134300.00
2011/11/08	3.07	3.09	3.00	3.01	10501262	37143360.00
2011/11/09	3.01	3.11	2.96	3.10	13100099	46279256.00
2011/11/10	3.05	3.08	3.01	3.01	8042205	28510332.00
2011/11/11	3.03	3.06	3.00	3.03	5248033	18541568.00
2011/11/14	3.04	3.09	3.04	3.08	7331377	26276192.00
2011/11/15	3.09	3.12	3.06	3.09	7802384	28061600.00
2011/11/16	3.09	3.10	2.97	2.97	10013699	35211352.00
2011/11/17	2.98	3.04	2.96	2.98	5959496	20842938.00
2011/11/18	2.91	2.96	2.88	2.90	6033260	20494952.00
2011/11/21	2.88	2.90	2.87	2.90	3410235	11486815.00
2011/11/22	2.87	2.93	2.87	2.90	3246165	10963577.00
2011/11/23	2.90	2.92	2.87	2.88	2868155	9673850.00
2011/11/24	2.87	2.90	2.81	2.88	4742230	15819731.00
2011/11/25	2.88	2.90	2.83	2.84	3311355	11050780.00
2011/11/28	2.84	2.86	2.79	2.82	3082350	10141825.00
2011/11/29	2.84	2.86	2.82	2.85	4152445	13775081.00
2011/11/30	2.84	2.85	2.69	2.73	7105805	22905016.00
2011/12/01	2.79	2.85	2.79	2.80	7010718	23072868.00
2011/12/02	2.79	2.79	2.73	2.75	3908128	12588860.00
2011/12/05	2.75	2.75	2.67	2.67	4062712	12816268.00
2011/12/06	2.68	2.71	2.67	2.71	2639656	8307418.00
2011/12/07	2.70	2.72	2.68	2.70	2499715	7878429.00
2011/12/08	2.70	2.71	2.64	2.66	4707980	14717826.00
2011/12/09	2.67	2.77	2.65	2.74	9390644	29927200.00
2011/12/12	2.74	2.77	2.70	2.71	6075065	19349172.00
2011/12/13	2.70	2.90	2.64	2.77	13220579	42303296.00
2011/12/14	2.77	2.82	2.64	2.65	16231519	51505688.00
2011/12/15	2.64	2.67	2.50	2.50	9525517	28629348.00
2011/12/16	2.52	2.55	2.42	2.55	6857596	19911564.00
2011/12/19	2.52	2.54	2.46	2.52	4350602	12744382.00
2011/12/20	2.51	2.58	2.49	2.52	4603986	13659392.00
2011/12/21	2.54	2.56	2.39	2.43	4871311	14155285.00
2011/12/22	2.43	2.43	2.27	2.35	6686735	18310392.00
2011/12/23	2.32	2.40	2.32	2.36	3927967	10881657.00
2011/12/26	2.36	2.40	2.33	2.34	3555320	9856592.00
2011/12/27	2.33	2.36	2.28	2.28	3537880	9587462.00
2011/12/28	2.28	2.31	2.23	2.30	3932120	10406152.00
2011/12/29	2.28	2.31	2.26	2.27	4070181	10869841.00
2011/12/30	2.29	2.32	2.26	2.32	4970123	13339398.00
2012/01/04	2.32	2.34	2.26	2.26	3822363	10282362.00
2012/01/05	2.26	2.28	2.19	2.19	4075477	10641645.00
2012/01/06	2.19	2.21	2.13	2.20	3986671	10116159.00
2012/01/09	2.19	2.30	2.18	2.29	6121867	16106314.00
2012/01/10	2.28	2.39	2.27	2.38	9172532	25213780.00
2012/01/11	2.39	2.41	2.34	2.37	7193899	19995976.00
2012/01/12	2.35	2.45	2.34	2.37	6148657	17225564.00
2012/01/13	2.36	2.40	2.27	2.29	5923697	16060156.00
2012/01/17	2.25	2.41	2.23	2.39	8168073	22226140.00
2012/01/18	2.39	2.43	2.34	2.35	6079990	16960914.00
2012/01/19	2.38	2.40	2.32	2.37	4333144	12030798.00
2012/01/20	2.37	2.39	2.36	2.39	3681912	10264792.00
2012/01/30	2.40	2.40	2.35	2.35	3443630	9560701.00
2012/01/31	2.35	2.37	2.32	2.35	2069283	5660011.00
2012/02/01	2.35	2.37	2.32	2.33	2284884	6262157.00
2012/02/02	2.32	2.38	2.32	2.38	3898188	10705261.00
2012/02/03	2.37	2.41	2.36	2.39	5473142	15291414.00
2012/02/06	2.39	2.42	2.39	2.41	5944348	16707209.00
2012/02/07	2.40	2.40	2.35	2.36	4119365	11394663.00
2012/02/08	2.37	2.43	2.34	2.42	6047827	16955038.00
2012/02/09	2.42	2.66	2.40	2.66	32307369	98312448.00
2012/02/10	2.70	2.79	2.63	2.66	48730193	154358080.00
2012/02/13	2.59	2.64	2.56	2.61	20452821	62051808.00
2012/02/14	2.59	2.64	2.53	2.61	18423901	55867584.00
2012/02/15	2.58	2.64	2.57	2.64	16732231	51007584.00
2012/02/16	2.63	2.64	2.57	2.61	12897784	39268760.00
2012/02/17	2.62	2.70	2.57	2.64	17623107	54337332.00
2012/02/20	2.69	2.75	2.64	2.68	23140920	72670424.00
2012/02/21	2.67	2.70	2.60	2.69	13694461	42329312.00
2012/02/22	2.71	2.77	2.68	2.73	21358187	68218696.00
2012/02/23	2.71	2.76	2.68	2.71	14491637	46002056.00
2012/02/24	2.71	2.86	2.69	2.82	33175951	108208152.00
2012/02/27	2.82	2.96	2.79	2.80	30308488	101123288.00
2012/02/28	2.77	2.81	2.72	2.76	17030057	54883592.00
2012/02/29	2.74	2.74	2.64	2.66	16094423	50543920.00
2012/03/01	2.64	2.71	2.64	2.68	8184680	25623400.00
2012/03/02	2.68	2.80	2.67	2.76	14508294	46489836.00
2012/03/05	2.77	2.81	2.74	2.75	10343252	33445662.00
2012/03/06	2.73	2.74	2.67	2.71	8989098	28373646.00
2012/03/07	2.67	2.73	2.66	2.69	6507921	20542404.00
2012/03/08	2.70	2.75	2.70	2.71	6727002	21390904.00
2012/03/09	2.74	2.75	2.71	2.75	7317126	23338572.00
2012/03/12	2.76	2.77	2.70	2.73	6839574	21766832.00
2012/03/13	2.72	2.76	2.72	2.76	7592798	24330582.00
2012/03/14	2.77	2.79	2.57	2.59	19640530	62029768.00
2012/03/15	2.57	2.58	2.45	2.48	16087035	47214344.00
2012/03/16	2.48	2.53	2.46	2.53	7385977	21621670.00
2012/03/19	2.53	2.55	2.50	2.54	6306516	18628576.00
2012/03/20	2.54	2.58	2.51	2.54	8588510	25581460.00
2012/03/21	2.53	2.57	2.51	2.55	5446207	16127222.00
2012/03/22	2.54	2.59	2.52	2.57	6945977	20852648.00
2012/03/23	2.55	2.56	2.48	2.50	7055360	20712014.00
2012/03/26	2.49	2.52	2.45	2.47	4529750	13114589.00
2012/03/27	2.48	2.50	2.45	2.46	2924458	8461760.00
2012/03/28	2.45	2.45	2.35	2.36	7670124	21500742.00
2012/03/29	2.34	2.40	2.31	2.35	6358606	17489212.00
2012/03/30	2.37	2.38	2.33	2.36	3318476	9133906.00
2012/04/05	2.35	2.42	2.35	2.41	4446492	12468181.00
2012/04/06	2.41	2.52	2.39	2.48	9033725	25914358.00
2012/04/09	2.46	2.46	2.41	2.42	5495611	15657793.00
2012/04/10	2.39	2.46	2.36	2.45	5747445	16174707.00
2012/04/11	2.42	2.70	2.40	2.65	30163154	91311112.00
2012/04/12	2.62	2.77	2.58	2.74	42187525	132567144.00
2012/04/13	2.74	2.76	2.67	2.70	21063537	66659384.00
2012/04/16	2.66	2.84	2.65	2.77	30745412	99641368.00
2012/04/17	2.74	2.82	2.59	2.64	18244468	57724680.00
2012/04/18	2.65	2.74	2.62	2.71	14225646	44801792.00
2012/04/19	2.71	2.78	2.68	2.71	11582061	36850304.00
2012/04/20	2.71	2.98	2.71	2.98	82265791	283378240.00
2012/04/23	3.08	3.08	2.92	2.93	84583909	295151936.00
2012/04/24	2.90	3.17	2.88	3.12	82311628	292548064.00
2012/04/25	3.07	3.31	3.01	3.20	83073686	308119808.00
2012/04/26	3.16	3.42	3.10	3.11	64727607	246093584.00
2012/04/27	3.00	3.09	2.91	2.94	35375728	123320456.00
2012/05/02	2.98	3.04	2.92	2.99	25234509	87587296.00
2012/05/03	2.97	2.98	2.89	2.94	17326915	59305332.00
2012/05/04	2.94	2.97	2.87	2.96	14784182	50388812.00
2012/05/07	2.92	2.95	2.89	2.93	11878790	40326600.00
2012/05/08	2.93	2.94	2.87	2.91	12542417	42526388.00
2012/05/09	2.90	2.91	2.87	2.87	11529923	38841936.00
2012/05/10	2.87	2.89	2.79	2.82	14851563	49097864.00
2012/05/14	2.84	2.91	2.82	2.85	12684943	42469808.00
2012/05/15	2.82	2.83	2.76	2.81	10795234	35217176.00
2012/05/16	2.79	2.83	2.77	2.78	8039602	26319220.00
2012/05/17	2.78	2.87	2.77	2.85	10450605	34611736.00
2012/05/18	2.84	2.87	2.77	2.77	10347864	33965840.00
2012/05/21	2.78	2.80	2.71	2.76	7040420	22653624.00
2012/05/22	2.78	2.84	2.77	2.84	8892821	29185708.00
2012/05/23	2.84	2.90	2.78	2.87	11938794	39648872.00
2012/05/24	2.84	2.88	2.79	2.80	8674574	28649984.00
2012/05/25	2.80	2.82	2.76	2.77	5770500	18752164.00
2012/05/28	2.77	2.84	2.71	2.83	7924947	25704818.00
2012/05/29	2.83	2.89	2.79	2.85	12566165	41982496.00
2012/05/30	2.87	2.90	2.84	2.86	9786088	32811200.00
2012/05/31	2.85	2.86	2.82	2.83	8227656	27278024.00
2012/06/01	2.83	2.88	2.83	2.87	8872045	29647328.00
2012/06/04	2.84	2.84	2.74	2.75	10120905	32959540.00
2012/06/05	2.76	2.79	2.71	2.77	6785520	21850276.00
2012/06/06	2.77	2.78	2.71	2.75	6608786	21137728.00
2012/06/07	2.77	2.80	2.72	2.74	7654972	24719124.00
2012/06/08	2.86	2.86	2.76	2.77	7776800	23001740.00
2012/06/11	2.78	2.84	2.71	2.81	9134488	26838980.00
2012/06/12	2.78	2.87	2.77	2.83	10318031	30855016.00
2012/06/13	2.83	2.84	2.77	2.82	9943191	29518532.00
2012/06/14	2.82	2.84	2.78	2.78	7781219	23118434.00
2012/06/15	2.80	2.81	2.73	2.78	5976057	17494590.00
2012/06/18	2.78	2.81	2.78	2.79	4191818	12390019.00
2012/06/19	2.79	2.79	2.75	2.76	3924692	11488453.00
2012/06/20	2.77	2.77	2.72	2.75	4446189	12923086.00
2012/06/21	2.75	2.75	2.68	2.69	5944017	16998322.00
2012/06/25	2.69	2.70	2.61	2.62	4678629	13160558.00
2012/06/26	2.63	2.65	2.58	2.63	4497390	12449075.00
2012/06/27	2.64	2.68	2.60	2.62	5087983	14237366.00
2012/06/28	2.62	2.65	2.56	2.57	4045821	11169477.00
2012/06/29	2.58	2.63	2.51	2.62	5087744	13841021.00
2012/07/02	2.60	2.66	2.60	2.62	3762128	10474611.00
2012/07/03	2.62	2.68	2.57	2.66	6175788	17296834.00
2012/07/04	2.67	2.68	2.63	2.66	3659305	10244645.00
2012/07/05	2.65	2.65	2.56	2.59	5014466	13765435.00
2012/07/06	2.63	2.66	2.59	2.66	6025090	16761821.00
2012/07/09	2.64	2.66	2.58	2.58	5622055	15502888.00
2012/07/10	2.58	2.60	2.51	2.55	4805524	12957998.00
2012/07/11	2.55	2.58	2.51	2.57	3350486	9024012.00
2012/07/12	2.55	2.60	2.52	2.58	3969891	10796386.00
2012/07/13	2.58	2.59	2.53	2.57	3787229	10262516.00
2012/07/16	2.57	2.57	2.47	2.48	5551091	14686685.00
2012/07/17	2.48	2.52	2.47	2.51	3133469	8266075.00
2012/07/18	2.51	2.51	2.45	2.50	3631092	9526226.00
2012/07/19	2.49	2.56	2.48	2.53	7594645	20331912.00
2012/07/20	2.51	2.57	2.49	2.55	5929529	15937205.00
2012/07/23	2.53	2.53	2.49	2.51	3312889	8792031.00
2012/07/24	2.50	2.59	2.49	2.55	6566759	17696348.00
2012/07/25	2.55	2.56	2.50	2.53	3143244	8411397.00
2012/07/26	2.52	2.53	2.49	2.49	2616709	6961516.00
2012/07/27	2.50	2.52	2.48	2.49	2666220	7039412.00
2012/07/30	2.49	2.50	2.42	2.42	3773791	9795380.00
2012/07/31	2.41	2.43	2.35	2.40	4126945	10437242.00
2012/08/01	2.41	2.46	2.40	2.42	2159399	5552574.00
2012/08/02	2.39	2.43	2.35	2.36	3541240	8891186.00
2012/08/03	2.36	2.43	2.34	2.43	3657863	9247915.00
2012/08/06	2.42	2.48	2.41	2.48	4591193	11934460.00
2012/08/07	2.48	2.54	2.47	2.52	6094964	16196001.00
2012/08/08	2.53	2.54	2.49	2.52	4611799	12307910.00
2012/08/09	2.49	2.56	2.49	2.55	5596095	15052825.00
2012/08/10	2.55	2.57	2.50	2.53	3590027	9642985.00
2012/08/13	2.52	2.52	2.45	2.45	4640600	12177432.00
2012/08/14	2.46	2.48	2.41	2.47	3216746	8328802.00
2012/08/15	2.46	2.47	2.43	2.44	2781961	7195266.00
2012/08/16	2.43	2.46	2.42	2.44	1674322	4311515.00
2012/08/17	2.43	2.45	2.42	2.44	1684557	4335406.00
2012/08/20	2.43	2.43	2.38	2.42	2762005	7017182.00
2012/08/21	2.41	2.48	2.40	2.46	3776266	9789856.00
2012/08/22	2.45	2.65	2.43	2.54	12744617	34421776.00
2012/08/23	2.53	2.54	2.48	2.52	6638378	17621426.00
2012/08/24	2.51	2.52	2.48	2.49	3628496	9601375.00
2012/08/27	2.48	2.48	2.43	2.44	3338167	8666497.00
2012/08/28	2.44	2.47	2.41	2.45	3490759	9029662.00
2012/08/29	2.45	2.48	2.40	2.43	3324675	8574711.00
2012/08/30	2.42	2.46	2.40	2.43	3746299	9607965.00
2012/08/31	2.43	2.45	2.42	2.43	2282912	5884621.00
2012/09/03	2.42	2.48	2.42	2.48	3997383	10454449.00
2012/09/04	2.47	2.48	2.44	2.46	3230980	8402351.00
2012/09/05	2.46	2.49	2.45	2.48	4495409	11770736.00
2012/09/06	2.48	2.49	2.46	2.48	3592951	9400918.00
2012/09/07	2.49	2.59	2.49	2.57	12105836	32667248.00
2012/09/10	2.56	2.59	2.54	2.57	7200386	19528328.00
2012/09/11	2.55	2.55	2.51	2.53	4855631	13006417.00
2012/09/12	2.53	2.57	2.53	2.57	6126338	16552868.00
2012/09/13	2.58	2.58	2.51	2.52	5113018	13749921.00
2012/09/14	2.52	2.56	2.49	2.55	7131853	19134964.00
2012/09/17	2.54	2.72	2.51	2.53	23563115	65081352.00
2012/09/18	2.48	2.52	2.43	2.48	11085524	29002570.00
2012/09/19	2.48	2.51	2.47	2.50	4232819	11156902.00
2012/09/20	2.48	2.49	2.40	2.42	6003643	15549938.00
2012/09/21	2.41	2.44	2.40	2.41	3367748	8627356.00
2012/09/24	2.40	2.45	2.36	2.42	3370478	8586336.00
2012/09/25	2.42	2.44	2.41	2.43	3537888	9065681.00
2012/09/26	2.43	2.46	2.37	2.38	3616711	9202919.00
2012/09/27	2.38	2.45	2.37	2.42	5039022	12865456.00
2012/09/28	2.42	2.46	2.40	2.45	4480717	11546936.00
2012/10/08	2.45	2.47	2.40	2.42	4211264	10828275.00
2012/10/09	2.42	2.50	2.42	2.48	8331572	21832812.00
2012/10/10	2.48	2.59	2.47	2.52	11917533	31843714.00
2012/10/11	2.52	2.54	2.48	2.48	7284069	19320616.00
2012/10/12	2.48	2.54	2.48	2.51	9697283	25759018.00
2012/10/15	2.51	2.53	2.47	2.51	4454076	11729853.00
2012/10/16	2.49	2.54	2.49	2.51	4605391	12279743.00
2012/10/17	2.51	2.53	2.48	2.53	5263739	13979824.00
2012/10/18	2.51	2.73	2.51	2.60	21253195	59062884.00
2012/10/19	2.59	2.67	2.56	2.59	12514606	34528140.00
2012/10/22	2.57	2.65	2.56	2.62	10699459	29562420.00
2012/10/23	2.63	2.81	2.62	2.68	32932151	94476160.00
2012/10/24	2.65	2.80	2.63	2.76	30958916	89313200.00
2012/10/25	2.74	2.78	2.67	2.68	19767743	56721792.00
2012/10/26	2.67	2.70	2.56	2.59	12728042	35144468.00
2012/10/29	2.60	2.62	2.56	2.61	6829211	18702156.00
2012/10/30	2.60	2.68	2.59	2.61	10665705	29786830.00
2012/10/31	2.62	2.63	2.58	2.63	5731090	15790480.00
2012/11/01	2.61	2.74	2.60	2.71	20660112	59029108.00
2012/11/02	2.72	2.80	2.69	2.79	32457408	94487624.00
2012/11/05	2.79	2.80	2.69	2.72	22504103	65371912.00
2012/11/06	2.72	2.73	2.64	2.68	16373903	46289444.00
2012/11/07	2.69	2.70	2.65	2.68	7576917	21374204.00
2012/11/08	2.66	2.69	2.56	2.56	13302579	36956108.00
2012/11/09	2.57	2.61	2.53	2.54	8176264	22222876.00
2012/11/12	2.55	2.63	2.55	2.63	8279813	22640902.00
2012/11/13	2.62	2.63	2.51	2.53	8933173	24192020.00
2012/11/14	2.51	2.56	2.49	2.55	3630330	9715456.00
2012/11/15	2.54	2.57	2.48	2.48	5731528	15266624.00
2012/11/16	2.48	2.50	2.47	2.50	4271726	11247354.00
2012/11/19	2.50	2.51	2.47	2.51	3831820	10111352.00
2012/11/20	2.53	2.54	2.49	2.51	3703748	9871531.00
2012/11/21	2.51	2.56	2.49	2.55	5886479	15748811.00
2012/11/22	2.53	2.55	2.50	2.52	3891756	10405760.00
2012/11/23	2.51	2.55	2.50	2.51	4706347	12595633.00
2012/11/26	2.52	2.53	2.47	2.48	3763844	9949295.00
2012/11/27	2.47	2.48	2.38	2.39	6165423	15845558.00
2012/11/28	2.38	2.40	2.33	2.34	4938527	12322847.00
2012/11/29	2.34	2.37	2.29	2.30	4512908	11190672.00
2012/11/30	2.30	2.40	2.29	2.39	6345383	15898288.00
2012/12/03	2.37	2.43	2.35	2.36	5054812	12787625.00
2012/12/04	2.35	2.39	2.32	2.38	4148664	10359038.00
2012/12/05	2.39	2.49	2.38	2.46	8996236	23319068.00
2012/12/06	2.47	2.48	2.42	2.44	6201574	16066688.00
2012/12/07	2.43	2.50	2.42	2.49	8753262	22932902.00
2012/12/10	2.49	2.51	2.47	2.50	8933171	23587230.00
2012/12/11	2.50	2.64	2.48	2.53	19320555	52432704.00
2012/12/12	2.52	2.54	2.47	2.52	8874997	23532592.00
2012/12/13	2.50	2.55	2.47	2.48	6876347	18242190.00
2012/12/14	2.48	2.59	2.48	2.57	16453449	44527760.00
2012/12/17	2.57	2.61	2.55	2.59	12058210	32920820.00
2012/12/18	2.58	2.61	2.54	2.56	12345098	33678248.00
2012/12/19	2.57	2.58	2.53	2.55	7519250	20331420.00
2012/12/20	2.55	2.57	2.51	2.56	6186107	16642608.00
2012/12/21	2.56	2.58	2.52	2.53	7446198	20076704.00
2012/12/24	2.51	2.54	2.51	2.53	5044801	13479016.00
2012/12/25	2.53	2.66	2.52	2.62	21625124	59626376.00
2012/12/26	2.62	2.68	2.61	2.65	16581471	46312872.00
2012/12/27	2.66	2.66	2.60	2.62	10166400	28238058.00
2012/12/28	2.61	2.79	2.61	2.70	28186428	80855720.00
2012/12/31	2.69	2.78	2.68	2.73	22357505	64613376.00
2013/01/04	2.76	2.76	2.66	2.71	17929921	51282036.00
2013/01/07	2.70	2.75	2.68	2.71	11163463	32008524.00
2013/01/08	2.69	2.74	2.68	2.73	11624231	33355700.00
2013/01/09	2.72	2.72	2.68	2.70	11007107	31436308.00
2013/01/10	2.70	2.75	2.68	2.73	13377804	38458560.00
2013/01/11	2.73	2.73	2.61	2.62	14862292	41833384.00
2013/01/14	2.61	2.70	2.60	2.69	11592665	32685920.00
2013/01/15	2.68	2.72	2.68	2.71	12891044	36859512.00
2013/01/16	2.71	2.71	2.65	2.68	14734692	41652452.00
2013/01/17	2.68	2.70	2.64	2.65	9914830	27944016.00
2013/01/18	2.65	2.70	2.63	2.69	15988882	45175844.00
2013/01/21	2.71	2.78	2.69	2.71	21350957	61664608.00
2013/01/22	2.70	2.71	2.66	2.68	9879908	28072252.00
2013/01/23	2.66	2.71	2.64	2.69	12684498	35859528.00
2013/01/24	2.68	2.71	2.60	2.62	15217531	42794572.00
2013/01/25	2.64	2.64	2.60	2.62	5974316	16551661.00
2013/01/28	2.62	2.71	2.62	2.70	13721891	38902360.00
2013/01/29	2.70	2.78	2.69	2.71	18384620	53211984.00
2013/01/30	2.73	2.74	2.68	2.73	15044847	43203732.00
2013/01/31	2.73	2.75	2.69	2.71	12504830	35983632.00
2013/02/01	2.69	2.71	2.68	2.69	10599340	30179164.00
2013/02/04	2.73	2.73	2.68	2.69	9442355	27018386.00
2013/02/05	2.68	2.86	2.66	2.77	35095869	102483368.00
2013/02/06	2.75	2.78	2.71	2.72	15026193	43405888.00
2013/02/07	2.72	2.73	2.69	2.71	7838539	22480660.00
2013/02/08	2.71	2.74	2.71	2.73	6336841	18280128.00
2013/02/18	2.73	2.76	2.72	2.74	8222247	23833552.00
2013/02/19	2.74	2.75	2.68	2.69	10194799	29174174.00
2013/02/20	2.70	2.72	2.68	2.71	8029264	22904140.00
2013/02/21	2.70	2.70	2.62	2.64	10834985	30447772.00
2013/02/22	2.64	2.67	2.63	2.63	5621830	15747580.00
2013/02/25	2.63	2.66	2.62	2.64	3646509	10160608.00
2013/02/26	2.64	2.66	2.59	2.59	6485551	17990148.00
2013/02/27	2.58	2.62	2.57	2.58	5791349	15849671.00
2013/02/28	2.60	2.65	2.58	2.65	7848306	21784668.00
2013/03/01	2.65	2.66	2.61	2.64	4919415	13678483.00
2013/03/04	2.59	2.59	2.45	2.47	17610476	46616380.00
2013/03/05	2.47	2.49	2.46	2.48	7499274	19671724.00
2013/03/06	2.49	2.55	2.48	2.51	7902098	21003556.00
2013/03/07	2.51	2.54	2.49	2.52	8107835	21549612.00
2013/03/08	2.52	2.52	2.48	2.49	4715737	12476939.00
2013/03/11	2.48	2.52	2.48	2.50	3855778	10206650.00
2013/03/12	2.50	2.52	2.44	2.47	8912193	23402236.00
2013/03/13	2.47	2.47	2.43	2.44	4056633	10484628.00
2013/03/14	2.46	2.48	2.44	2.45	3379216	8786258.00
2013/03/15	2.46	2.48	2.44	2.46	4228681	11017481.00
2013/03/18	2.45	2.47	2.43	2.44	2946350	7624510.00
2013/03/19	2.44	2.48	2.43	2.48	4452676	11553039.00
2013/03/20	2.48	2.53	2.46	2.52	10017180	26565956.00
2013/03/21	2.54	2.56	2.50	2.51	8293338	22226426.00
2013/03/22	2.50	2.51	2.48	2.50	5653160	14941822.00
2013/03/25	2.50	2.53	2.48	2.49	4223494	11194739.00
2013/03/26	2.48	2.54	2.48	2.52	9355472	24943290.00
2013/03/27	2.52	2.53	2.49	2.50	4621239	12274392.00
2013/03/28	2.49	2.49	2.45	2.46	7717449	20141480.00
2013/03/29	2.46	2.48	2.45	2.46	2822651	7347000.00
2013/04/01	2.46	2.49	2.46	2.48	4101019	10762194.00
2013/04/02	2.47	2.50	2.47	2.48	4347962	11436964.00
2013/04/03	2.48	2.48	2.45	2.46	3202167	8344323.00
2013/04/08	2.45	2.45	2.41	2.43	3886233	9981931.00
2013/04/09	2.43	2.46	2.43	2.46	2792761	7225507.00
2013/04/10	2.46	2.47	2.43	2.47	3554946	9214681.00
2013/04/11	2.47	2.48	2.45	2.47	3959775	10350272.00
2013/04/12	2.48	2.48	2.44	2.44	1983922	5147185.00
2013/04/15	2.44	2.47	2.41	2.45	4519815	11672692.00
2013/04/16	2.44	2.50	2.41	2.49	5285644	13755817.00
2013/04/17	2.48	2.52	2.47	2.48	4049807	10694102.00
2013/04/18	2.48	2.49	2.47	2.48	2428926	6362875.00
2013/04/19	2.47	2.50	2.47	2.50	4265466	11257351.00
2013/04/22	2.48	2.48	2.47	2.48	3439184	9025180.00
2013/04/23	2.47	2.48	2.41	2.43	4386190	11306018.00
2013/04/24	2.43	2.48	2.42	2.47	5731679	14901591.00
2013/04/25	2.47	2.47	2.43	2.43	2829559	7325415.00
2013/04/26	2.43	2.46	2.43	2.44	3830806	9897905.00
2013/05/02	2.44	2.48	2.43	2.48	3697487	9649639.00
2013/05/03	2.49	2.50	2.47	2.48	5135675	13508913.00
2013/05/06	2.48	2.50	2.48	2.48	4905376	12927743.00
2013/05/07	2.49	2.50	2.48	2.48	4190350	11042995.00
2013/05/08	2.48	2.50	2.48	2.50	3889894	10259866.00
2013/05/09	2.49	2.50	2.47	2.49	6062740	15917678.00
2013/05/10	2.64	2.74	2.60	2.60	43933129	123314784.00
2013/05/13	2.53	2.60	2.51	2.57	18650446	50302292.00
2013/05/14	2.59	2.59	2.53	2.55	8654022	23411180.00
2013/05/15	2.56	2.59	2.54	2.57	6564277	17836858.00
2013/05/16	2.57	2.59	2.53	2.58	9562517	25952178.00
2013/05/17	2.58	2.64	2.58	2.62	11231024	31066200.00
2013/05/20	2.63	2.64	2.60	2.61	11814692	32610828.00
2013/05/21	2.60	2.61	2.57	2.61	9014023	24692792.00
2013/05/22	2.62	2.63	2.58	2.58	8838931	24304300.00
2013/05/23	2.59	2.60	2.56	2.56	6542084	17889644.00
2013/05/24	2.57	2.59	2.54	2.58	6830296	18511944.00
2013/05/27	2.58	2.60	2.54	2.55	13297339	36046816.00
2013/05/28	2.54	2.64	2.53	2.64	22387879	61449280.00
2013/07/12	2.90	2.90	2.90	2.90	6943610	21247448.00
2013/07/15	3.20	3.20	3.20	3.20	5542665	18678780.00
2013/07/16	3.52	3.52	3.52	3.52	7283153	27020498.00
2013/07/17	3.87	3.87	3.87	3.87	24928953	101710128.00
2013/07/18	4.19	4.26	3.89	4.26	253409521	1098737920.00
2013/07/19	4.08	4.18	3.87	3.92	124215443	528107776.00
2013/07/22	3.83	3.88	3.67	3.79	71282799	283108992.00
2013/07/23	3.77	3.91	3.77	3.84	80583028	326129408.00
2013/07/24	3.82	3.85	3.65	3.81	58438390	230444672.00
2013/07/25	3.81	3.93	3.71	3.88	70483414	284463168.00
2013/07/26	3.84	3.99	3.82	3.94	59511581	246004320.00
2013/07/29	3.95	4.21	3.90	4.10	59203316	255940608.00
2013/07/30	4.06	4.16	3.99	4.09	37790840	162760816.00
2013/07/31	4.17	4.50	4.09	4.44	71508883	322670976.00
2013/08/01	4.40	4.88	4.37	4.86	90924515	448722016.00
2013/08/02	4.84	5.04	4.68	4.70	82327876	420870048.00
2013/08/05	4.65	5.18	4.64	5.18	77564077	410721280.00
2013/08/06	5.30	5.64	5.11	5.40	113549173	642958976.00
2013/08/07	5.38	5.53	5.24	5.34	54897386	312036928.00
2013/08/08	5.25	5.44	5.18	5.21	48242978	267987824.00
2013/08/09	5.19	5.41	4.89	5.36	77538805	421989536.00
2013/08/12	5.35	5.48	5.18	5.39	54450997	306826464.00
2013/08/13	5.36	5.76	5.24	5.66	65106802	380280448.00
2013/08/14	5.67	5.88	5.54	5.65	47823540	286110912.00
2013/08/15	5.63	5.74	5.47	5.50	35051347	205592608.00
2013/08/16	5.43	5.64	5.34	5.44	32506736	187163648.00
2013/08/19	5.56	5.63	5.20	5.57	39932038	227691696.00
2013/08/20	5.58	5.60	5.23	5.31	35986306	205292304.00
2013/08/21	5.29	5.37	5.10	5.17	41325150	227547776.00
2013/08/22	5.17	5.24	5.11	5.15	29204347	159127920.00
2013/08/23	5.17	5.23	5.01	5.04	29138338	156320720.00
2013/08/26	5.04	5.12	4.98	5.08	26253755	140057472.00
2013/08/27	5.08	5.27	5.05	5.24	36808112	201354176.00
2013/08/28	5.24	5.27	5.04	5.06	49533945	268336384.00
2013/08/29	5.06	5.09	4.86	4.91	37452053	195277440.00
2013/08/30	4.91	5.01	4.47	4.58	60829776	303915168.00
2013/09/02	4.56	5.04	4.56	5.04	63558170	326803904.00
2013/09/03	5.03	5.15	4.89	4.96	56635278	297307136.00
2013/09/04	4.94	4.95	4.75	4.85	35538576	181136256.00
2013/09/05	4.85	4.98	4.80	4.84	22843915	117549792.00
2013/09/06	4.85	4.89	4.72	4.82	25851114	130520144.00
2013/09/09	4.82	4.88	4.74	4.82	25157931	127423296.00
2013/09/10	4.82	5.18	4.78	5.02	49026293	256038464.00
2013/09/11	5.02	5.04	4.81	4.84	37664932	194952928.00
2013/09/12	4.84	5.04	4.76	4.92	31979615	165191568.00
2013/09/13	4.93	5.14	4.89	5.06	36960555	197030096.00
2013/09/16	5.12	5.55	5.11	5.43	65611862	369475104.00
2013/09/17	5.35	5.60	5.23	5.36	53061163	301009632.00
2013/09/18	5.38	5.52	5.28	5.51	31664113	180164288.00
2013/09/23	5.46	5.64	5.45	5.48	43312203	251723536.00
2013/09/24	5.59	5.65	5.33	5.36	35760813	206246144.00
2013/09/25	5.28	5.45	5.20	5.32	31497984	175377328.00
2013/09/26	5.32	5.33	5.13	5.14	19664077	107740176.00
2013/09/27	5.16	5.58	5.13	5.47	46016039	263144960.00
2013/09/30	5.49	5.62	5.43	5.55	35622588	208155360.00
2013/10/08	5.48	5.48	5.24	5.34	44454881	250191776.00
2013/10/09	5.28	5.43	5.22	5.28	31312016	174473456.00
2013/10/10	5.25	5.36	5.20	5.27	24211084	134286560.00
2013/10/11	5.32	5.33	5.21	5.24	25021932	138220512.00
2013/10/14	5.28	5.28	5.04	5.05	32430433	175594320.00
2013/10/15	4.97	5.19	4.97	5.12	19913111	106842552.00
2013/10/16	5.12	5.24	4.92	5.11	32068273	170946144.00
2013/10/17	5.11	5.16	5.04	5.05	14302890	76745224.00
2013/10/18	5.05	5.31	5.00	5.20	25311869	138724368.00
2013/10/21	5.18	5.59	5.15	5.44	50270849	285755200.00
2013/10/22	5.40	5.50	5.27	5.35	34770711	195901440.00
2013/10/23	5.37	5.40	5.09	5.17	28645190	158796224.00
2013/10/24	5.16	5.17	4.99	5.04	20528994	109333144.00
2013/10/25	5.02	5.13	4.94	5.04	16659509	87949936.00
2013/10/28	5.05	5.41	5.04	5.33	52666836	292658304.00
2013/10/29	5.34	5.35	5.05	5.10	49818683	271988704.00
2013/10/30	5.10	5.16	4.96	5.12	21313014	113807472.00
2013/10/31	5.13	5.25	5.08	5.10	22388963	121766928.00
2013/11/01	4.94	4.99	4.59	4.59	71277454	350286336.00
2013/11/04	4.40	4.64	4.39	4.54	23462369	111909136.00
2013/11/05	4.53	4.77	4.48	4.73	23571992	115903104.00
2013/11/06	4.75	4.89	4.66	4.76	21462629	108585136.00
2013/11/07	4.73	4.80	4.64	4.66	13264348	65627536.00
2013/11/08	4.68	4.86	4.68	4.85	26931459	136128928.00
2013/11/11	4.96	5.34	4.96	5.34	44861830	249788640.00
2013/11/12	5.32	5.55	5.23	5.39	66571761	377901760.00
2013/11/13	5.29	5.40	5.15	5.27	31351403	174431216.00
2013/11/14	5.25	5.36	5.22	5.29	19680567	109441672.00
2013/11/15	5.28	5.51	5.23	5.43	40266641	228571568.00
2013/11/18	5.61	5.93	5.43	5.76	80608501	483993600.00
2013/11/20	6.24	6.25	5.39	5.45	123853059	756609344.00
2013/11/21	5.41	5.59	5.29	5.38	54150653	309378528.00
2013/11/22	5.32	5.42	5.17	5.23	35774338	198435120.00
2013/11/25	5.09	5.38	5.05	5.23	28881686	159239696.00
2013/11/26	5.24	5.29	5.15	5.17	20888758	114417392.00
2013/11/27	5.13	5.17	5.06	5.13	22439808	120895656.00
2013/11/28	5.12	5.37	5.11	5.34	33185934	184340272.00
2013/11/29	5.35	5.37	5.26	5.30	20338424	113462056.00
2013/12/02	5.21	5.30	5.06	5.09	28523313	154948336.00
2013/12/03	5.09	5.19	5.06	5.13	18849952	101871880.00
2013/12/04	5.17	5.31	5.11	5.22	25285161	138038176.00
2013/12/05	5.31	5.56	5.16	5.44	59546085	340033056.00
2013/12/06	5.36	5.46	5.24	5.30	44068632	248565936.00
2013/12/09	5.32	5.34	5.11	5.19	37968904	207140624.00
2013/12/10	5.18	5.25	5.04	5.10	32149279	172585024.00
2013/12/11	5.07	5.09	4.97	5.04	18106177	95717512.00
2013/12/12	5.03	5.16	4.99	5.11	17911810	95642184.00
2013/12/13	5.11	5.13	5.01	5.03	15792991	83976760.00
2013/12/16	4.98	5.07	4.92	4.93	21170561	110901672.00
2013/12/17	4.92	5.02	4.91	5.01	13137082	68569744.00
2013/12/18	5.01	5.01	4.87	4.89	9988434	51847760.00
2013/12/19	4.94	4.95	4.75	4.80	12891443	65478908.00
2013/12/20	4.81	4.84	4.71	4.73	10772140	53783328.00
2013/12/23	4.71	4.75	4.53	4.63	12865577	62419288.00
2013/12/24	4.64	4.68	4.54	4.59	9238267	44848348.00
2013/12/25	4.60	4.65	4.55	4.65	8226160	39934632.00
2013/12/26	4.65	4.66	4.46	4.52	10466352	50310696.00
2013/12/27	4.52	4.57	4.48	4.55	8133446	38811588.00
2013/12/30	4.56	4.59	4.45	4.46	10357000	49153392.00
2013/12/31	4.46	4.53	4.42	4.51	6433514	30387948.00
2014/01/02	4.51	4.76	4.48	4.73	19625507	96858744.00
2014/01/03	4.69	4.81	4.64	4.65	13649869	67599160.00
2014/01/06	4.68	4.69	4.51	4.55	9529725	45906328.00
2014/01/07	4.56	4.62	4.54	4.55	5222683	25170172.00
2014/01/08	4.56	4.60	4.51	4.58	5693685	27323982.00
2014/01/09	4.58	4.80	4.51	4.72	16196278	79837648.00
2014/01/10	4.68	4.79	4.65	4.66	11135500	55326212.00
2014/01/13	4.66	4.77	4.61	4.71	11288665	55423644.00
2014/01/14	4.72	4.77	4.68	4.75	8318740	41447368.00
2014/01/15	4.75	4.98	4.73	4.94	23737317	122475704.00
2014/01/16	4.98	5.02	4.88	4.91	11672473	60624716.00
2014/01/17	4.91	4.94	4.86	4.86	7298806	37574184.00
2014/01/20	4.86	4.95	4.84	4.88	7257490	37353448.00
2014/01/21	4.88	4.94	4.85	4.91	8270748	42678544.00
2014/01/22	4.92	5.00	4.89	4.96	12293677	64046760.00
2014/01/23	4.97	5.00	4.83	4.84	15451291	79310928.00
2014/01/24	4.85	4.89	4.79	4.84	11693001	59630632.00
2014/01/27	4.83	4.84	4.75	4.78	8027432	40569072.00
2014/01/28	4.78	4.85	4.77	4.78	6305768	31834030.00
2014/01/29	4.83	4.90	4.80	4.89	10637818	54390312.00
2014/01/30	4.89	4.99	4.85	4.97	10889607	56463680.00
2014/02/07	4.94	5.09	4.93	5.07	13102862	69495584.00
2014/02/10	5.06	5.15	5.05	5.11	24168881	129685088.00
2014/02/11	5.12	5.12	4.99	5.02	19256367	101862872.00
2014/02/12	5.00	5.09	4.95	5.03	17315038	91933832.00
2014/02/13	5.01	5.05	4.95	5.01	16250885	85549032.00
2014/02/14	5.00	5.42	4.99	5.29	65282204	363104000.00
2014/02/17	5.27	5.65	5.27	5.61	72650083	420602272.00
2014/02/18	5.69	5.95	5.65	5.81	97876988	597511936.00
2014/02/19	5.78	5.88	5.65	5.81	52686786	320095616.00
2014/02/20	6.02	6.15	5.49	5.58	68335054	417585696.00
2014/02/21	5.75	6.02	5.59	5.87	72868678	445303424.00
2014/02/24	5.91	6.17	5.75	6.08	94079672	596265792.00
2014/02/25	6.13	6.63	6.08	6.16	109529225	730765376.00
2014/02/26	6.06	6.46	5.71	6.45	86791530	558999232.00
2014/02/27	6.43	6.66	6.27	6.31	77305589	528813344.00
2014/02/28	6.32	6.41	6.08	6.29	44941173	295265024.00
2014/03/03	6.31	6.44	6.21	6.41	38457265	256060432.00
2014/03/04	6.41	6.64	6.40	6.47	50647400	347373888.00
2014/03/05	6.44	6.44	6.14	6.15	44867144	296268672.00
2014/03/06	6.15	6.29	5.91	6.24	38450154	246063920.00
2014/03/07	6.21	6.31	5.99	6.02	27508434	177848448.00
2014/03/10	6.04	6.10	5.72	5.87	30902891	191896384.00
2014/03/11	5.84	5.88	5.71	5.76	17789794	108513056.00
2014/03/12	5.76	6.04	5.74	5.95	30554926	189970512.00
2014/03/13	5.96	6.29	5.89	6.26	35169294	226097552.00
2014/03/14	6.28	6.37	6.15	6.19	31451481	206957264.00
2014/03/17	6.20	6.46	6.19	6.35	23576269	157672432.00
2014/03/18	6.36	6.41	6.24	6.30	18633213	123828592.00
2014/03/19	6.31	6.31	5.99	6.01	23605857	151792176.00
2014/03/20	6.01	6.18	5.95	6.01	18739282	119293944.00
2014/03/21	5.97	6.15	5.88	6.08	21074180	133721816.00
2014/03/24	6.09	6.14	5.98	6.01	17342045	109870056.00
2014/03/25	6.01	6.13	5.99	6.05	13129663	83596144.00
2014/03/26	6.05	6.05	5.84	5.92	21500034	134083232.00
2014/03/27	5.92	5.92	5.78	5.82	17531617	107341392.00
2014/03/28	5.84	5.96	5.80	5.85	11910708	73384224.00
2014/03/31	5.85	5.87	5.76	5.82	7426101	45471032.00
2014/04/01	5.80	5.93	5.78	5.91	9834101	60200016.00
2014/04/02	5.97	6.05	5.89	5.95	18562328	116613856.00
2014/04/03	5.91	5.95	5.81	5.82	12973547	79716392.00
2014/04/04	5.83	5.84	5.76	5.83	10307654	62935576.00
2014/04/08	5.83	5.86	5.76	5.85	13110873	80499080.00
2014/04/09	5.85	5.96	5.82	5.91	13732747	85492592.00
2014/04/10	5.91	5.99	5.90	5.92	9563361	59673640.00
2014/04/11	5.91	5.94	5.80	5.83	8156240	50077460.00
2014/04/14	5.83	5.84	5.66	5.72	23847399	144103056.00
2014/04/15	5.72	5.79	5.69	5.72	14322922	86313728.00
2014/04/16	5.72	5.89	5.69	5.85	17049861	104136856.00
2014/04/17	5.82	5.90	5.77	5.78	13337920	81848136.00
2014/04/18	5.78	5.93	5.75	5.90	21191898	130143528.00
2014/04/21	5.86	5.97	5.82	5.86	15070303	93400168.00
2014/04/22	5.97	6.31	5.97	6.16	52197954	336410464.00
2014/04/23	6.13	6.25	6.02	6.15	27182918	174714704.00
2014/04/24	6.11	6.15	6.02	6.03	12844793	82042248.00
2014/04/25	6.02	6.05	5.75	5.76	23897590	146878400.00
2014/04/28	5.78	5.78	5.46	5.48	26242084	153241648.00
2014/04/29	5.42	5.59	5.32	5.54	20609230	118495856.00
2014/04/30	5.51	5.72	5.46	5.62	12789395	75743816.00
2014/05/05	5.61	5.64	5.46	5.54	12586069	73119408.00
2014/05/06	5.53	5.72	5.53	5.70	15255116	90663400.00
2014/05/07	5.75	5.75	5.53	5.57	8388439	49857720.00
2014/05/08	5.57	5.73	5.55	5.64	8345101	49562208.00
2014/05/09	5.58	5.65	5.45	5.46	8378717	48769016.00
2014/05/12	5.50	5.62	5.38	5.59	19281451	111445584.00
2014/05/13	5.59	5.65	5.51	5.60	9256208	54382936.00
2014/05/14	5.63	5.64	5.52	5.55	6625711	38757112.00
2014/05/15	5.55	5.58	5.42	5.43	7398946	42642284.00
2014/05/16	5.44	5.50	5.38	5.44	5675379	32509344.00
2014/05/19	5.44	5.49	5.36	5.38	7265214	41379596.00
2014/05/20	5.38	5.50	5.30	5.39	13369439	75800376.00
2014/05/21	5.37	5.40	5.16	5.31	18417015	101812512.00
2014/05/22	5.34	5.36	5.26	5.27	7905143	44175720.00
2014/05/23	5.29	5.32	5.21	5.26	6198590	34259760.00
2014/05/26	5.30	5.40	5.27	5.39	9804599	55183552.00
2014/05/27	5.42	5.64	5.38	5.55	18462944	107790384.00
2014/05/28	5.54	5.61	5.50	5.55	10032327	58530952.00
2014/05/29	5.55	5.72	5.54	5.64	17647943	104995400.00
2014/05/30	5.64	5.71	5.56	5.60	12799412	75625640.00
2014/06/03	5.60	5.66	5.46	5.51	8013845	46662984.00
2014/06/04	5.59	5.62	5.38	5.47	8978874	51588840.00
2014/06/05	5.49	5.65	5.44	5.63	8695040	50592716.00
2014/06/06	5.64	5.68	5.58	5.65	12729778	75679528.00
2014/06/09	5.80	5.84	5.56	5.66	29911139	178580176.00
2014/06/10	5.64	5.73	5.61	5.68	10823194	64850320.00
2014/06/11	5.66	5.79	5.66	5.75	10815233	65249412.00
2014/06/12	5.71	5.79	5.56	5.64	13753323	82268560.00
2014/06/13	5.62	5.78	5.59	5.73	16262288	97886856.00
2014/06/16	5.88	6.04	5.80	6.04	20023332	118918024.00
2014/06/17	6.00	6.00	5.87	5.95	17884482	106400176.00
2014/06/18	5.95	5.97	5.90	5.96	11173369	66393088.00
2014/06/19	5.92	5.96	5.60	5.63	15338380	89058352.00
2014/06/20	5.63	5.81	5.59	5.79	10175113	57666080.00
2014/06/23	5.79	5.85	5.67	5.71	8783214	50642260.00
2014/06/24	5.71	5.72	5.54	5.64	15112634	84783056.00
2014/06/25	5.60	5.63	5.50	5.54	11638726	64557100.00
2014/06/26	5.54	5.65	5.53	5.60	7407363	41541112.00
2014/06/27	5.60	5.78	5.57	5.72	12128344	69306392.00
2014/06/30	5.72	5.82	5.68	5.75	14019877	80774648.00
2014/07/01	5.73	5.78	5.71	5.77	8760017	50321412.00
2014/07/02	5.79	5.83	5.71	5.77	11036571	63652952.00
2014/07/03	5.79	5.81	5.74	5.76	10603972	61265064.00
2014/07/04	5.76	5.79	5.65	5.69	12718788	72651952.00
2014/07/07	5.68	5.77	5.66	5.73	8615778	49226352.00
2014/07/08	5.73	5.76	5.65	5.74	10141691	57935312.00
2014/07/09	5.77	6.08	5.77	5.89	35338245	209685152.00
2014/07/10	5.86	6.03	5.82	5.92	20525764	121984720.00
2014/07/11	5.92	6.01	5.88	5.94	12691492	75656936.00
2014/07/14	5.99	5.99	5.72	5.87	22486571	131051400.00
2014/07/15	5.87	5.89	5.76	5.82	11634196	67490880.00
2014/07/16	5.81	5.81	5.72	5.77	12685807	73049104.00
2014/07/17	5.72	5.86	5.72	5.79	10222352	59348240.00
2014/07/18	5.79	5.81	5.74	5.74	7677779	44322168.00
2014/07/21	5.73	5.81	5.62	5.78	13906133	79219904.00
2014/07/22	5.78	5.87	5.73	5.85	13321249	77230616.00
2014/07/23	5.93	6.07	5.85	5.87	29077213	173592464.00
2014/07/24	5.91	6.02	5.80	5.95	21846496	130055304.00
2014/07/25	5.95	6.01	5.90	5.99	14355348	85577192.00
2014/07/28	6.03	6.07	5.92	5.98	25500687	152642496.00
2014/07/29	5.97	6.02	5.91	5.94	24841458	147508656.00
2014/07/30	5.92	6.24	5.92	6.17	48859700	298737984.00
2014/07/31	6.13	6.22	6.05	6.19	31859882	194771600.00
2014/08/01	6.18	6.18	6.07	6.08	18513810	113311696.00
2014/08/04	6.07	6.14	6.05	6.12	16307263	99438960.00
2014/08/05	6.12	6.19	6.05	6.18	20829151	127232568.00
2014/08/06	6.15	6.44	6.13	6.36	42058812	265119472.00
2014/08/07	6.39	6.58	6.33	6.39	42431663	275324448.00
2014/08/08	6.42	6.86	6.42	6.83	69950556	466904480.00
2014/08/11	6.83	6.93	6.68	6.77	46699677	318039328.00
2014/08/12	6.77	7.02	6.73	6.88	45708051	315732288.00
2014/08/13	6.89	7.00	6.67	6.74	43998509	298623168.00
2014/08/14	6.69	6.80	6.60	6.73	34019610	227760976.00
2014/08/15	6.71	6.80	6.63	6.69	21855782	146853152.00
2014/08/18	6.70	6.94	6.70	6.81	26332464	179607968.00
2014/08/19	6.79	6.82	6.71	6.78	20296676	137093472.00
2014/08/20	6.78	6.78	6.62	6.69	21649069	144838064.00
2014/08/21	6.71	6.74	6.55	6.58	21074174	139100112.00
2014/08/22	6.60	6.75	6.55	6.74	16374283	109099288.00
2014/08/25	6.75	6.85	6.64	6.69	18439774	123658024.00
2014/08/26	6.69	6.69	6.35	6.38	32591434	211018896.00
2014/08/27	6.40	6.52	6.37	6.47	18161068	117059064.00
2014/08/28	6.54	6.80	6.46	6.68	31294938	208900096.00
2014/08/29	6.71	6.72	6.60	6.68	14121255	94132328.00
2014/09/01	6.66	6.76	6.62	6.75	13958520	93666736.00
2014/09/02	6.77	6.85	6.71	6.82	19816253	134410448.00
2014/09/03	6.83	6.92	6.73	6.78	20647567	140733360.00
2014/09/04	6.76	6.78	6.67	6.72	21221656	142336560.00
2014/09/05	6.72	6.82	6.64	6.76	23662038	159075632.00
2014/09/09	6.76	6.76	6.60	6.62	29666345	197488480.00
2014/09/10	6.62	6.81	6.54	6.79	35223120	234924352.00
2014/09/11	6.76	6.83	6.65	6.68	22843968	154155888.00
2014/09/12	6.66	6.75	6.61	6.69	18293914	122528248.00
2014/09/15	6.72	6.80	6.65	6.80	22507893	151073664.00
2014/09/16	6.82	6.87	6.56	6.57	36866728	248651424.00
2014/09/17	6.57	6.63	6.49	6.54	16829162	110050896.00
2014/09/18	6.54	6.62	6.50	6.57	11907933	78194688.00
2014/09/19	6.57	6.65	6.42	6.61	21793007	142326736.00
2014/09/22	6.57	6.62	6.41	6.42	16318858	105941480.00
2014/09/23	6.45	6.56	6.44	6.52	10477323	68079568.00
2014/09/24	6.52	6.60	6.46	6.56	14577024	95223464.00
2014/09/25	6.56	6.60	6.50	6.55	24878810	162571104.00
2014/09/26	6.50	6.58	6.46	6.51	17765332	115540168.00
2014/09/29	6.52	6.55	6.46	6.47	28461187	184612864.00
2014/09/30	6.49	6.54	6.45	6.50	20850855	135412656.00
2014/10/08	6.49	6.56	6.46	6.55	19965057	130250400.00
2014/10/09	6.54	6.75	6.52	6.74	45788958	303094720.00
2014/10/10	6.66	6.86	6.62	6.67	34289802	230825744.00
2014/10/13	6.70	6.78	6.54	6.59	28959958	192165136.00
2014/10/14	6.59	6.60	6.50	6.54	17617344	115113744.00
2014/10/15	6.54	6.54	6.20	6.26	56026241	352578400.00
2014/10/16	6.24	6.24	5.93	5.97	64664069	388232320.00
2014/10/17	5.96	6.07	5.88	6.00	26232172	157045168.00
2014/10/20	6.02	6.02	5.87	5.96	23059182	136650704.00
2014/10/21	5.95	5.96	5.89	5.89	15901136	94090120.00
2014/10/22	5.90	5.93	5.71	5.75	20372727	118847824.00
2014/10/23	5.75	5.76	5.48	5.53	41422479	232327280.00
2014/10/24	5.53	5.69	5.53	5.68	18627996	105134720.00
2014/10/27	5.65	5.75	5.61	5.71	11624750	66092272.00
2014/10/28	5.71	5.82	5.70	5.81	16365455	94318056.00
2014/10/29	5.82	5.84	5.72	5.77	26582268	153585648.00
2014/10/30	5.78	5.86	5.75	5.79	18997421	110088000.00
2014/12/18	6.20	6.37	5.80	6.37	115869861	722230912.00
2014/12/19	6.50	6.55	5.81	5.95	166867878	1030656704.00
2014/12/22	5.96	5.98	5.36	5.37	79769749	436664544.00
2014/12/23	5.34	5.34	5.03	5.16	34776414	180149168.00
2014/12/24	5.15	5.31	5.15	5.26	22909824	120278296.00
2014/12/25	5.27	5.28	5.16	5.24	29143792	152169760.00
2014/12/26	5.22	5.26	5.13	5.20	38268994	198032688.00
2014/12/29	5.16	5.17	5.04	5.05	36223270	184102928.00
2014/12/30	5.06	5.28	5.05	5.17	31281994	162137152.00
2014/12/31	5.17	5.18	5.05	5.15	20935149	106895832.00
2015/01/05	5.15	5.48	5.13	5.41	46809365	248850256.00
2015/01/06	5.37	5.37	5.21	5.33	33161421	175348976.00
2015/01/07	5.24	5.31	5.24	5.30	24224511	127674224.00
2015/01/08	5.30	5.42	5.25	5.30	27670369	147356832.00
2015/01/09	5.30	5.35	5.25	5.26	21138069	111718128.00
2015/01/12	5.21	5.21	5.05	5.08	24881137	127018360.00
2015/01/13	5.00	5.07	4.98	5.05	21949876	110557680.00
2015/01/14	5.06	5.23	5.06	5.14	26312330	135764544.00
2015/01/15	5.19	5.35	5.15	5.26	30794837	161552656.00
2015/01/16	5.21	5.40	4.90	5.26	29952607	157174064.00
2015/01/19	5.15	5.32	5.05	5.10	32613943	169095584.00
2015/01/20	5.10	5.35	5.10	5.25	29072185	152027584.00
2015/01/21	5.25	5.34	5.20	5.31	44377576	234065136.00
2015/01/22	5.32	5.35	5.27	5.34	40195193	213692944.00
2015/01/23	5.37	5.60	5.29	5.51	78340314	428131552.00
2015/01/26	5.50	5.50	5.40	5.48	40221538	218802064.00
2015/01/27	5.48	5.51	5.37	5.43	36355890	197432304.00
2015/01/28	5.42	5.46	5.37	5.40	22635447	122598832.00
2015/01/29	5.39	5.39	5.30	5.35	23931174	127802560.00
2015/01/30	5.35	5.38	5.28	5.28	19379727	102971856.00
2015/02/02	5.29	5.44	5.28	5.35	34644317	186174272.00
2015/02/03	5.42	5.46	5.36	5.43	33290309	180117344.00
2015/02/04	5.55	5.59	5.39	5.43	30880053	169006688.00
2015/02/05	5.47	5.49	5.32	5.33	30238168	164253248.00
2015/02/06	5.33	5.38	5.17	5.21	19280343	101080520.00
2015/02/09	5.20	5.28	5.16	5.20	12313627	64335044.00
2015/02/10	5.24	5.24	5.14	5.17	18070988	93520904.00
2015/02/11	5.17	5.22	5.14	5.20	15644953	80952600.00
2015/02/12	5.21	5.21	5.14	5.19	20419043	105602592.00
2015/02/13	5.23	5.34	5.23	5.29	27343182	144533232.00
2015/02/16	5.35	5.40	5.32	5.37	21587726	115555288.00
2015/02/17	5.38	5.39	5.33	5.36	24576073	131554720.00
2015/02/25	5.32	5.34	5.27	5.28	23524658	124461400.00
2015/02/26	5.31	5.44	5.29	5.40	32259406	173198080.00
2015/02/27	5.38	5.45	5.32	5.44	48522888	261143008.00
2015/03/02	5.50	5.55	5.44	5.54	51905723	284794624.00
2015/03/03	5.50	5.75	5.47	5.64	74191685	414459616.00
2015/03/04	5.60	5.84	5.60	5.77	70014019	402402912.00
2015/03/05	5.80	5.93	5.68	5.80	61122082	354632320.00
2015/03/06	5.89	6.16	5.81	5.82	63322976	377686528.00
2015/03/09	5.84	6.40	5.71	6.40	144529113	896362688.00
2015/03/10	6.63	6.72	6.16	6.38	168808465	1072292736.00
2015/03/11	6.33	6.38	6.16	6.18	74340186	464487456.00
2015/03/12	6.18	6.27	6.01	6.11	69463388	424244224.00
2015/03/13	6.12	6.22	6.10	6.15	49226499	302506656.00
2015/03/16	6.25	6.43	6.20	6.32	88237770	554436992.00
2015/03/17	6.42	6.47	6.28	6.37	92026796	587443520.00
2015/03/18	6.37	6.57	6.26	6.46	106317552	680854848.00
2015/03/19	6.46	6.63	6.36	6.50	93499883	608336576.00
2015/03/20	6.53	6.57	6.37	6.44	71333701	459517376.00
2015/03/23	6.49	6.57	6.41	6.50	80378414	520349792.00
2015/03/24	6.50	6.52	6.18	6.43	84581430	539510784.00
2015/03/25	6.43	6.43	6.28	6.35	53629121	339646752.00
2015/03/26	6.38	6.82	6.30	6.64	143528763	944728832.00
2015/03/27	6.75	6.81	6.51	6.64	94875574	631677568.00
2015/03/30	6.66	6.84	6.53	6.73	89905154	599347968.00
2015/03/31	6.79	6.85	6.60	6.64	85797243	577539008.00
2015/04/01	6.65	6.72	6.62	6.69	57384683	382865600.00
2015/04/02	6.74	7.36	6.74	7.36	158791390	1133694592.00
2015/04/03	7.20	7.55	7.15	7.39	123518118	910588416.00
2015/04/07	7.42	7.98	7.42	7.63	108798866	838749056.00
2015/04/08	7.72	7.81	7.25	7.53	94860993	711492416.00
2015/04/09	7.49	7.49	7.03	7.34	96606822	697786880.00
2015/04/10	7.37	7.47	7.26	7.42	70719473	522636768.00
2015/04/13	7.45	7.77	7.38	7.64	91722122	697476672.00
2015/04/14	7.66	7.72	7.54	7.62	74559072	568837632.00
2015/04/15	7.62	7.62	7.20	7.25	60700760	449230304.00
2015/04/16	7.25	7.48	7.25	7.36	48808910	359714400.00
2015/04/17	7.40	7.69	7.40	7.58	92907201	701374336.00
2015/04/20	7.55	7.80	7.33	7.72	104299396	791877376.00
2015/04/21	7.71	8.24	7.65	8.10	102669540	819671808.00
2015/04/22	8.09	8.23	8.01	8.10	94639814	766212480.00
2015/04/23	8.10	8.26	8.05	8.16	76265376	620431552.00
2015/04/24	8.12	8.50	8.01	8.17	101897643	839074176.00
2015/04/27	8.22	8.78	8.20	8.54	102603957	871747520.00
2015/04/28	8.45	8.53	7.92	8.03	91383642	746234880.00
2015/04/29	8.04	8.15	7.85	8.08	52623755	423054336.00
2015/04/30	8.10	8.26	8.00	8.01	50345912	409430976.00
2015/05/05	8.00	8.00	8.00	8.00	0	0.00
数据来源:通达信
