600683 京投银泰 日线 前复权
      日期	    开盘	    最高	    最低	    收盘	    成交量	    成交额
2011/10/10	6.39	6.42	6.25	6.28	1107694	7137882.00
2011/10/11	6.40	6.50	6.27	6.34	2118681	13750797.00
2011/10/12	6.33	6.57	6.25	6.55	2778338	18260136.00
2011/10/13	6.55	6.65	6.48	6.57	3127534	20894830.00
2011/10/14	6.53	6.61	6.42	6.48	2338890	15437334.00
2011/10/17	6.49	6.53	6.34	6.42	3302891	21491900.00
2011/10/18	6.35	6.39	6.02	6.07	3600229	22823008.00
2011/10/19	6.09	6.15	6.00	6.03	2221471	13692470.00
2011/10/20	6.03	6.04	5.63	5.68	3714201	21802992.00
2011/10/21	5.65	5.75	5.60	5.61	1457025	8397549.00
2011/10/24	5.61	5.70	5.40	5.65	3124549	17740740.00
2011/10/25	5.67	5.80	5.59	5.78	4179636	24292482.00
2011/10/26	5.80	5.94	5.73	5.82	4788286	28454244.00
2011/10/27	5.86	5.87	5.77	5.83	4161833	24618476.00
2011/10/28	5.88	6.08	5.88	5.96	5561854	33832572.00
2011/10/31	5.96	5.98	5.82	5.91	4134342	24835612.00
2011/11/01	5.88	5.94	5.81	5.87	3485217	20783388.00
2011/11/02	5.77	5.95	5.67	5.93	5204282	30604096.00
2011/11/03	5.89	6.29	5.89	6.12	14504815	90538288.00
2011/11/04	6.15	6.19	6.06	6.13	5086848	31652916.00
2011/11/07	6.15	6.18	5.99	6.08	4808651	29743824.00
2011/11/08	6.06	6.10	5.90	5.96	4533737	27638778.00
2011/11/09	5.97	6.30	5.90	6.27	13907250	87636680.00
2011/11/10	6.22	6.27	6.10	6.15	9608334	60372312.00
2011/11/14	6.15	6.20	6.08	6.17	12426839	77397728.00
2011/11/15	6.16	6.22	6.07	6.19	7025934	43836840.00
2011/11/16	6.19	6.19	6.02	6.08	8731154	54242028.00
2011/11/17	6.04	6.49	6.04	6.44	18837442	120780248.00
2011/11/18	6.36	6.45	6.26	6.40	9840779	63585672.00
2011/11/21	6.37	6.52	6.13	6.21	23626804	152968512.00
2011/11/22	6.07	6.07	5.87	6.03	9367998	56699208.00
2011/11/23	6.00	6.04	5.93	6.00	3706609	22587692.00
2011/11/24	5.96	6.20	5.93	6.14	5826582	35825672.00
2011/11/25	6.14	6.50	6.05	6.29	9743019	61397732.00
2011/11/28	6.26	6.48	6.16	6.18	17357343	110614016.00
2011/11/29	6.20	6.20	5.99	6.07	8084516	49871672.00
2011/11/30	6.08	6.13	5.61	5.71	6034426	36102532.00
2011/12/01	5.90	5.99	5.74	5.77	6610772	39506904.00
2011/12/02	5.75	5.77	5.50	5.62	4095897	23455132.00
2011/12/05	5.63	5.67	5.50	5.51	2036432	11562874.00
2011/12/06	5.40	5.55	5.40	5.52	1597663	8962826.00
2011/12/07	5.49	5.59	5.48	5.54	1176221	6639628.00
2011/12/08	5.52	5.60	5.39	5.51	2250579	12581621.00
2011/12/09	5.51	5.60	5.45	5.49	1436180	8087667.00
2011/12/12	5.53	5.54	5.13	5.15	3316300	17891296.00
2011/12/13	5.14	5.14	4.80	4.85	5468029	27316600.00
2011/12/14	4.82	4.95	4.63	4.64	1834501	8992788.00
2011/12/15	4.69	4.69	4.40	4.45	3502951	16147666.00
2011/12/16	4.40	4.59	4.40	4.58	2445764	11271489.00
2011/12/20	4.54	4.71	4.51	4.62	2876730	13655621.00
2011/12/21	4.65	4.72	4.44	4.45	1821155	8572537.00
2011/12/22	4.43	4.43	4.11	4.29	2946363	13005533.00
2011/12/23	4.32	4.70	4.23	4.45	2690312	12247270.00
2011/12/26	4.42	4.59	4.41	4.43	1605222	7401448.00
2011/12/27	4.43	4.52	4.32	4.36	1619198	7309303.00
2011/12/28	4.32	4.45	4.15	4.39	2173327	9512229.00
2011/12/29	4.37	4.46	4.32	4.38	1660216	7461847.00
2011/12/30	4.40	4.83	4.40	4.59	6641080	31291490.00
2012/01/04	4.61	4.66	4.44	4.49	4291645	19695180.00
2012/01/05	4.45	4.45	4.28	4.28	2255966	10040648.00
2012/01/06	4.25	4.28	3.97	4.20	2747963	11635793.00
2012/01/09	4.21	4.40	4.15	4.39	2693186	11854792.00
2012/01/10	4.39	4.59	4.35	4.57	4219224	19500416.00
2012/01/11	4.57	4.65	4.50	4.56	3552530	16620277.00
2012/01/12	4.49	4.74	4.41	4.52	4929363	23010520.00
2012/01/13	4.49	4.51	4.27	4.30	4116818	18475312.00
2012/01/16	4.27	4.34	4.21	4.29	2670333	11699317.00
2012/01/17	4.29	4.53	4.27	4.50	3460450	15629475.00
2012/01/18	4.46	4.58	4.37	4.42	2721774	12455449.00
2012/01/19	4.40	4.51	4.37	4.47	2209056	10036866.00
2012/01/20	4.50	4.59	4.43	4.58	3567251	16520245.00
2012/01/30	4.51	4.58	4.49	4.50	1918105	8896214.00
2012/01/31	4.50	4.57	4.39	4.53	1909710	8724376.00
2012/02/01	4.52	4.65	4.47	4.63	6007932	28149704.00
2012/02/02	4.63	5.10	4.56	5.08	19042797	95147008.00
2012/02/03	4.95	5.17	4.92	5.02	19729105	100954352.00
2012/02/06	5.01	5.01	4.87	4.93	7301194	36635296.00
2012/02/07	4.90	4.90	4.75	4.82	5122772	25107212.00
2012/02/08	4.79	5.08	4.78	5.00	7902974	39834456.00
2012/02/09	4.96	5.25	4.93	5.14	18604066	97101304.00
2012/02/10	5.09	5.21	5.01	5.05	13088705	68420248.00
2012/02/13	4.97	5.02	4.86	5.00	8768605	44143044.00
2012/02/14	4.97	4.99	4.90	4.98	4901122	24738284.00
2012/02/15	4.98	5.08	4.92	5.05	6000825	30739608.00
2012/02/16	5.06	5.10	4.95	5.01	4657258	23832404.00
2012/02/17	5.01	5.09	4.94	5.07	6058650	31020784.00
2012/02/20	5.17	5.28	5.09	5.10	10594107	55978008.00
2012/02/21	5.10	5.19	5.03	5.19	5817935	30358426.00
2012/02/22	5.19	5.37	5.16	5.27	10564985	57045204.00
2012/02/23	5.23	5.34	5.22	5.30	7887248	42493112.00
2012/02/24	5.30	5.68	5.26	5.45	13328669	74582472.00
2012/02/27	5.58	5.71	5.43	5.44	15730109	89497792.00
2012/02/28	5.41	5.60	5.34	5.54	8344070	46407568.00
2012/02/29	5.40	5.52	5.35	5.37	5509689	30482516.00
2012/03/01	5.36	5.90	5.36	5.83	16398981	93945168.00
2012/03/02	5.70	6.08	5.65	5.83	22254927	133087152.00
2012/03/05	5.75	6.08	5.75	5.90	19793746	119386320.00
2012/03/06	5.84	6.06	5.79	5.95	13002982	78823440.00
2012/03/07	5.88	6.15	5.86	6.13	18427518	113296920.00
2012/03/08	6.11	6.46	6.08	6.39	16991929	108641968.00
2012/03/09	6.38	6.49	6.15	6.21	23713398	151659680.00
2012/03/12	6.17	6.28	5.94	6.13	14145046	87230152.00
2012/03/13	6.10	6.15	6.03	6.14	5634593	34843008.00
2012/03/14	6.11	6.20	5.65	5.67	10765269	64679152.00
2012/03/15	5.53	5.64	5.31	5.35	7690829	42607196.00
2012/03/16	5.38	5.58	5.34	5.51	5857461	32586712.00
2012/03/19	5.58	5.64	5.45	5.60	3789337	21399150.00
2012/03/20	5.54	5.60	5.40	5.41	4012620	22460712.00
2012/03/21	5.43	5.53	5.40	5.48	3158593	17560980.00
2012/03/22	5.48	5.59	5.41	5.56	3580569	20136808.00
2012/03/23	5.56	5.56	5.38	5.40	2487979	13785003.00
2012/03/26	5.40	5.42	5.22	5.25	2182689	11746482.00
2012/03/27	5.29	5.30	5.23	5.26	1607419	8626324.00
2012/03/28	5.26	5.26	4.84	4.94	4135976	21128052.00
2012/03/29	4.89	5.02	4.84	4.95	4677233	23614780.00
2012/03/30	4.97	5.01	4.88	4.93	1444599	7287367.00
2012/04/05	4.94	5.21	4.93	5.10	3523722	18283356.00
2012/04/06	5.11	5.20	5.06	5.20	4716710	24662292.00
2012/04/09	5.17	5.28	5.11	5.13	3031965	16100997.00
2012/04/10	5.12	5.20	4.97	5.19	2493800	12924254.00
2012/04/11	5.12	5.48	5.06	5.33	4823026	26208500.00
2012/04/12	5.36	5.46	5.30	5.45	3439511	18896268.00
2012/04/13	5.44	5.53	5.37	5.42	5285109	29340256.00
2012/04/16	5.41	5.50	5.29	5.48	4249661	23473206.00
2012/04/17	5.49	5.54	5.41	5.44	4878719	27251248.00
2012/04/18	5.40	5.69	5.40	5.64	5630663	31952468.00
2012/04/19	5.61	5.69	5.52	5.57	2700308	15375790.00
2012/04/20	5.53	5.71	5.47	5.66	4583354	26167152.00
2012/04/23	5.70	5.70	5.42	5.50	4222485	23739336.00
2012/04/24	5.49	6.06	5.42	6.06	38485663	231645504.00
2012/04/25	6.20	6.68	5.90	6.68	84500858	541456064.00
2012/04/26	6.50	6.82	6.21	6.24	74781577	491404672.00
2012/04/27	6.21	6.58	5.93	6.52	44146351	281199840.00
2012/05/02	6.40	6.99	6.35	6.65	52669172	352896128.00
2012/05/03	6.55	6.75	6.43	6.60	38549556	256774976.00
2012/05/04	6.58	6.88	6.31	6.83	43921882	296416064.00
2012/05/07	6.60	6.76	6.50	6.53	49281877	329994336.00
2012/05/08	6.46	6.46	6.10	6.12	25860463	163508272.00
2012/05/09	6.05	6.23	5.99	6.08	11367982	70845808.00
2012/05/10	6.08	6.48	6.05	6.43	27032298	172110640.00
2012/05/14	6.40	6.50	6.10	6.12	23665792	152169776.00
2012/05/15	5.95	6.08	5.90	6.03	8638002	52575300.00
2012/05/16	6.06	6.12	5.90	5.94	7967375	48426024.00
2012/05/17	5.94	6.17	5.90	6.06	10345685	63341280.00
2012/05/18	6.06	6.15	5.90	6.01	12636575	77229928.00
2012/05/21	6.02	6.09	5.92	5.98	14038921	86104000.00
2012/05/22	6.00	6.14	5.98	6.06	18620292	114039752.00
2012/05/23	6.01	6.03	5.82	5.88	9516862	57375100.00
2012/05/24	5.79	5.93	5.76	5.86	6586502	39057432.00
2012/05/25	5.86	5.92	5.71	5.91	9054565	53408356.00
2012/05/28	5.87	6.05	5.80	5.98	17169665	103998880.00
2012/05/30	6.00	6.10	5.94	5.96	14308724	87345992.00
2012/05/31	5.90	5.96	5.85	5.90	6248950	37481304.00
2012/06/01	5.90	5.93	5.78	5.79	5085452	30245972.00
2012/06/04	5.67	5.67	5.31	5.31	9958294	55647348.00
2012/06/05	5.33	5.43	5.18	5.23	7072042	38065752.00
2012/06/06	5.27	5.28	5.11	5.17	4444295	23512384.00
2012/06/07	5.25	5.28	5.14	5.17	5116320	27240132.00
2012/06/08	5.29	5.35	5.18	5.21	4252170	22745326.00
2012/06/11	5.21	5.30	5.11	5.27	4026398	21477616.00
2012/06/12	5.24	5.35	5.17	5.29	4424704	23778224.00
2012/06/13	5.35	5.35	5.24	5.33	3759111	20304876.00
2012/06/14	5.30	5.34	5.17	5.20	3454508	18554416.00
2012/06/15	5.19	5.25	5.07	5.13	4432719	23256808.00
2012/06/18	5.13	5.21	5.12	5.18	3522376	18551454.00
2012/06/19	5.16	5.19	5.05	5.07	4511104	23440212.00
2012/06/20	5.07	5.10	5.01	5.03	3103854	15990479.00
2012/06/21	5.07	5.09	4.97	4.98	4067418	20831410.00
2012/06/25	4.97	5.01	4.77	4.78	3246549	16155199.00
2012/06/26	4.79	4.82	4.63	4.81	3133725	15106375.00
2012/06/27	4.78	4.85	4.70	4.72	2188894	10717564.00
2012/06/28	4.75	4.78	4.57	4.57	2393459	11473300.00
2012/06/29	4.58	4.61	4.45	4.58	2931829	13589089.00
2012/07/02	4.62	4.74	4.60	4.72	3647974	17449632.00
2012/07/03	4.71	4.86	4.70	4.80	3565604	17450908.00
2012/07/04	4.80	4.83	4.70	4.73	2215090	10729935.00
2012/07/05	4.73	4.73	4.57	4.58	2086650	9847187.00
2012/07/06	4.67	4.69	4.48	4.64	6414257	29978024.00
2012/07/09	4.56	4.63	4.48	4.49	2822292	13097154.00
2012/07/10	4.50	4.50	4.38	4.39	2531817	11453581.00
2012/07/11	4.42	4.42	4.37	4.42	2328009	10464590.00
2012/07/12	4.42	4.49	4.30	4.46	3158948	14234160.00
2012/07/13	4.42	4.53	4.41	4.47	2538929	11616589.00
2012/07/16	4.48	4.48	4.05	4.11	5903851	25498078.00
2012/07/17	4.05	4.17	4.05	4.13	2759101	11663087.00
2012/07/18	4.13	4.17	4.02	4.15	3198016	13443725.00
2012/07/19	4.08	4.32	4.00	4.23	5844551	24999000.00
2012/07/20	4.20	4.40	4.15	4.25	5300134	23176640.00
2012/07/23	4.23	4.32	4.17	4.25	3775680	16423838.00
2012/07/24	4.23	4.33	4.22	4.30	2333171	10234946.00
2012/07/25	4.30	4.33	4.17	4.18	2072289	9065168.00
2012/07/26	4.20	4.22	4.08	4.09	3130463	13276228.00
2012/07/27	4.10	4.14	4.05	4.08	1883423	7874889.00
2012/07/30	4.11	4.11	3.91	3.95	1820457	7480281.00
2012/07/31	3.92	3.95	3.81	3.83	1960464	7765157.00
2012/08/01	3.83	3.94	3.80	3.90	1577150	6282863.00
2012/08/02	3.93	3.94	3.76	3.79	1759431	6910732.00
2012/08/03	3.77	3.85	3.77	3.85	1396275	5478570.00
2012/08/06	3.86	3.98	3.84	3.95	2043779	8211696.00
2012/08/07	3.95	4.09	3.93	4.05	2802882	11560133.00
2012/08/08	4.04	4.12	3.96	4.06	2759978	11462917.00
2012/08/09	4.06	4.17	4.00	4.11	3027458	12724760.00
2012/08/10	4.11	4.26	4.06	4.19	4730693	20335262.00
2012/08/13	4.18	4.18	3.98	3.99	3648230	15160100.00
2012/08/14	3.97	4.03	3.90	4.02	3831401	15536620.00
2012/08/15	4.01	4.01	3.91	3.93	2003659	8128492.00
2012/08/16	3.91	3.95	3.88	3.88	1764961	7079036.00
2012/08/17	3.88	3.92	3.80	3.87	2977104	11755195.00
2012/08/20	3.81	3.88	3.78	3.85	2239604	8789769.00
2012/08/21	3.83	3.96	3.83	3.91	2699900	10798013.00
2012/08/22	3.95	3.95	3.80	3.84	2227207	8832470.00
2012/08/23	3.85	3.89	3.82	3.88	2197067	8685045.00
2012/08/24	3.85	3.92	3.83	3.83	2216093	8795161.00
2012/08/27	3.83	3.84	3.73	3.74	1866169	7238763.00
2012/08/28	3.75	3.83	3.73	3.77	1706361	6604193.00
2012/08/29	3.75	3.86	3.75	3.78	2181825	8545607.00
2012/08/30	3.77	3.88	3.75	3.88	4000524	15696480.00
2012/08/31	3.86	3.93	3.85	3.90	2962706	11824598.00
2012/09/03	3.85	3.96	3.85	3.91	3030280	12193684.00
2012/09/04	3.90	3.92	3.79	3.82	2789752	11012001.00
2012/09/05	3.80	3.83	3.77	3.80	1699689	6627450.00
2012/09/06	3.80	3.85	3.78	3.84	2088728	8184848.00
2012/09/07	3.86	4.05	3.85	4.01	6375609	26029388.00
2012/09/10	4.01	4.15	3.99	4.10	5294034	22107594.00
2012/09/11	4.10	4.17	4.04	4.12	5137007	21645454.00
2012/09/12	4.11	4.16	4.06	4.14	3453418	14537003.00
2012/09/13	4.14	4.36	4.06	4.21	8164487	35229736.00
2012/09/14	4.21	4.27	4.10	4.14	5460994	23438804.00
2012/09/17	4.07	4.09	3.90	3.93	5690014	23225076.00
2012/09/18	3.84	3.95	3.83	3.91	2002198	8013999.00
2012/09/19	3.91	3.94	3.87	3.92	1703114	6819075.00
2012/09/20	3.95	3.95	3.79	3.79	2692225	10670438.00
2012/09/21	3.78	3.83	3.77	3.79	2005267	7810476.00
2012/09/24	3.75	3.81	3.67	3.77	1687837	6483999.00
2012/09/25	3.77	3.80	3.75	3.78	1264901	4902443.00
2012/09/26	3.78	3.85	3.68	3.68	1655664	6368076.00
2012/09/27	3.66	3.82	3.66	3.77	2767447	10706750.00
2012/09/28	3.76	3.82	3.74	3.81	2451228	9551930.00
2012/10/08	3.84	3.87	3.73	3.82	2522998	9852219.00
2012/10/09	3.82	3.91	3.80	3.90	2630209	10464144.00
2012/10/10	3.90	3.96	3.87	3.94	2732077	10992866.00
2012/10/11	3.93	3.95	3.85	3.87	2795677	11177784.00
2012/10/12	3.85	3.93	3.81	3.88	2395888	9528235.00
2012/10/15	3.88	3.90	3.80	3.83	2083080	8196244.00
2012/10/16	3.83	3.88	3.77	3.83	2609331	10251464.00
2012/10/17	3.80	3.84	3.74	3.81	3442542	13396780.00
2012/10/18	3.81	3.94	3.79	3.90	5300603	21169954.00
2012/10/19	3.90	4.07	3.88	3.92	6452059	26280864.00
2012/10/22	3.87	3.97	3.85	3.94	5542644	22211480.00
2012/10/23	3.95	4.10	3.92	3.97	8333545	34251040.00
2012/10/24	3.94	4.05	3.90	4.04	5691375	23291074.00
2012/10/25	4.03	4.09	3.94	3.96	4067280	16710826.00
2012/10/26	3.93	3.97	3.72	3.75	5780344	22630348.00
2012/10/29	3.73	3.77	3.71	3.76	1836797	7051634.00
2012/10/30	3.73	3.81	3.73	3.77	2265818	8784313.00
2012/10/31	3.77	3.77	3.70	3.73	2023326	7745390.00
2012/11/01	3.73	3.95	3.72	3.92	5890977	23459896.00
2012/11/02	3.92	4.08	3.90	4.07	10636919	43713396.00
2012/11/05	4.02	4.10	3.98	4.01	5902735	24370936.00
2012/11/06	4.03	4.03	3.80	3.91	5889047	23497368.00
2012/11/07	3.92	3.93	3.83	3.89	2769777	11013871.00
2012/11/08	3.85	3.92	3.78	3.79	3849146	15172241.00
2012/11/09	3.78	3.82	3.75	3.81	2395260	9303338.00
2012/11/12	3.78	3.88	3.78	3.86	2839735	11158379.00
2012/11/13	3.86	3.86	3.70	3.72	2721794	10503515.00
2012/11/14	3.75	3.75	3.70	3.75	1576085	6029505.00
2012/11/15	3.75	3.81	3.68	3.70	2359544	9071375.00
2012/11/16	3.70	3.77	3.59	3.77	3869170	14584919.00
2012/11/19	3.84	3.90	3.73	3.81	4430899	17286424.00
2012/11/20	3.77	3.80	3.68	3.68	2894362	11156286.00
2012/11/21	3.68	3.77	3.65	3.76	2009026	7659839.00
2012/11/22	3.74	3.74	3.67	3.70	1348335	5128532.00
2012/11/23	3.70	3.74	3.68	3.69	1453766	5536396.00
2012/11/26	3.69	3.71	3.59	3.61	1706659	6372481.00
2012/11/27	3.60	3.60	3.38	3.39	3390934	12074925.00
2012/11/28	3.35	3.39	3.28	3.29	1526200	5214024.00
2012/11/29	3.21	3.39	3.21	3.30	1702945	5795810.00
2012/11/30	3.26	3.42	3.26	3.38	2872223	9970773.00
2012/12/03	3.38	3.46	3.28	3.29	2303067	8008588.00
2012/12/04	3.29	3.33	3.15	3.30	2232342	7463180.00
2012/12/05	3.30	3.52	3.28	3.46	4136675	14615632.00
2012/12/06	3.43	3.49	3.40	3.43	2488496	8821143.00
2012/12/07	3.43	3.54	3.40	3.52	3270403	11718130.00
2012/12/10	3.60	3.60	3.50	3.56	3933717	14340060.00
2012/12/11	3.55	3.59	3.51	3.52	2712391	9900955.00
2012/12/12	3.52	3.55	3.46	3.52	2513929	9069218.00
2012/12/13	3.50	3.86	3.47	3.65	10436444	39549248.00
2012/12/14	3.63	3.93	3.60	3.86	12102532	47517056.00
2012/12/17	3.80	4.26	3.80	4.26	15581098	65211636.00
2012/12/18	4.44	4.70	4.41	4.70	25568293	119982368.00
2012/12/19	5.18	5.18	4.73	4.89	56437760	280412096.00
2012/12/20	4.93	5.08	4.65	4.78	35295481	172379520.00
2012/12/21	4.71	4.82	4.49	4.56	32291853	152466784.00
2012/12/24	4.50	4.60	4.44	4.58	16077563	74500632.00
2012/12/25	4.54	4.78	4.46	4.65	30876149	146361472.00
2012/12/26	4.58	4.67	4.51	4.66	21111957	99215776.00
2012/12/27	4.63	4.64	4.43	4.45	17750360	82168696.00
2012/12/28	4.41	4.58	4.41	4.54	12646566	58307688.00
2012/12/31	4.54	5.00	4.51	5.00	48447559	240457584.00
2013/01/04	4.99	4.99	4.67	4.75	28743548	141516000.00
2013/01/07	4.70	4.82	4.68	4.79	14942117	72306824.00
2013/01/08	4.78	4.81	4.65	4.70	11070623	53594576.00
2013/01/09	4.67	4.78	4.60	4.77	13215891	63317080.00
2013/01/10	4.75	4.93	4.71	4.90	17495533	86347448.00
2013/01/11	4.90	5.04	4.79	4.81	16579311	83593840.00
2013/01/14	4.81	5.10	4.77	5.05	12179222	61716856.00
2013/01/15	5.12	5.13	4.97	5.05	11040841	56842816.00
2013/01/16	5.05	5.32	4.98	5.15	12853450	67697360.00
2013/01/17	5.28	5.68	5.28	5.68	8595815	49410096.00
2013/01/18	5.95	6.26	5.79	6.13	44977355	279606176.00
2013/01/21	6.40	6.75	6.40	6.75	23598558	159347152.00
2013/01/22	6.75	6.78	6.17	6.30	39708463	260135072.00
2013/01/23	6.08	6.42	5.91	6.37	32750509	203839424.00
2013/01/24	6.26	6.26	5.99	6.12	17595451	109305016.00
2013/01/25	6.00	6.15	5.90	5.97	8929925	54466888.00
2013/01/28	5.94	6.32	5.92	6.21	15723181	98449840.00
2013/01/29	6.13	6.46	6.10	6.27	13508824	86512904.00
2013/01/30	6.19	6.28	6.02	6.17	10575009	66045144.00
2013/01/31	6.11	6.24	5.89	5.93	13567606	82899600.00
2013/02/01	5.87	5.97	5.68	5.83	12826424	75357712.00
2013/02/04	5.81	5.86	5.57	5.70	9492504	54897132.00
2013/02/05	5.61	6.20	5.61	6.00	12804434	77141600.00
2013/02/06	5.94	6.03	5.87	5.89	5814185	35143332.00
2013/02/07	5.84	5.92	5.79	5.85	6911078	41090664.00
2013/02/08	5.85	6.06	5.81	5.96	9413324	57065580.00
2013/02/18	6.00	6.00	5.84	5.85	9792506	58744228.00
2013/02/19	5.83	5.89	5.66	5.68	7215871	42172040.00
2013/02/20	5.65	5.73	5.54	5.62	11027821	62887560.00
2013/02/21	5.60	5.74	5.52	5.71	8993089	51782564.00
2013/02/22	5.71	5.71	5.58	5.63	6403384	36684832.00
2013/02/25	5.58	5.75	5.51	5.73	5374451	30909150.00
2013/02/26	5.71	5.85	5.54	5.64	6939595	40443264.00
2013/02/27	5.58	5.84	5.58	5.71	7600765	44377248.00
2013/02/28	5.68	5.81	5.66	5.75	6362256	37273336.00
2013/03/01	5.78	5.80	5.65	5.70	5523806	32054020.00
2013/03/04	5.40	5.40	5.12	5.12	8313844	43738564.00
2013/03/05	4.99	5.02	4.74	5.00	10125398	50717752.00
2013/03/06	4.97	5.04	4.92	4.99	7464164	37832516.00
2013/03/07	5.01	5.15	4.94	5.08	7317224	37603764.00
2013/03/08	5.07	5.07	4.90	4.95	5871403	29677050.00
2013/03/11	4.98	4.98	4.90	4.92	3446060	17317300.00
2013/03/12	4.92	4.95	4.75	4.80	4410054	21759532.00
2013/03/13	4.78	4.85	4.73	4.78	5146530	25119864.00
2013/03/14	4.80	4.82	4.73	4.76	2805054	13678173.00
2013/03/15	4.74	4.84	4.64	4.73	4869755	23595200.00
2013/03/18	4.70	4.76	4.68	4.69	2646996	12746427.00
2013/03/19	4.71	4.91	4.69	4.89	7584026	37343096.00
2013/03/20	4.89	5.00	4.83	4.98	7826434	39283400.00
2013/03/21	4.99	5.00	4.89	4.94	5393192	27211584.00
2013/03/22	4.93	5.01	4.89	4.97	4496137	22774196.00
2013/03/25	4.98	5.00	4.91	4.95	3154774	15931579.00
2013/03/26	4.92	4.98	4.76	4.83	3941695	19506100.00
2013/03/27	4.85	4.92	4.78	4.84	3110783	15372539.00
2013/03/28	4.83	4.83	4.70	4.77	3872080	18759122.00
2013/03/29	5.26	5.26	5.26	5.26	11088794	59435936.00
2013/04/01	5.65	5.80	5.41	5.63	49500110	285495104.00
2013/04/02	5.48	5.91	5.38	5.69	41389642	238935776.00
2013/04/03	5.45	5.57	5.16	5.24	25677267	139431328.00
2013/04/08	4.97	4.98	4.71	4.95	18688905	92551240.00
2013/04/09	4.88	5.20	4.86	5.08	15402912	78988872.00
2013/04/10	5.14	5.17	4.80	4.92	12484076	63147312.00
2013/04/11	4.91	5.02	4.85	4.95	8012379	40331540.00
2013/04/12	4.87	4.94	4.84	4.85	5726019	28535654.00
2013/04/15	4.80	4.92	4.69	4.89	7229276	35607084.00
2013/04/16	4.79	5.19	4.73	5.08	12560226	64518980.00
2013/04/17	5.06	5.17	4.98	5.13	10290858	53320460.00
2013/04/18	5.07	5.23	5.03	5.14	10672222	56038840.00
2013/04/19	5.15	5.28	5.10	5.25	13265050	70280640.00
2013/04/22	5.12	5.20	5.04	5.15	7182667	37540256.00
2013/04/23	5.14	5.14	4.86	4.89	8739813	44198964.00
2013/04/24	4.90	4.98	4.81	4.94	6181100	30865692.00
2013/04/25	4.93	5.12	4.86	5.02	11358809	58356260.00
2013/04/26	4.97	5.01	4.81	4.86	5916899	29544518.00
2013/05/02	4.85	4.98	4.81	4.97	4902987	24646636.00
2013/05/03	4.97	5.06	4.93	5.03	6518936	33387104.00
2013/05/06	5.04	5.15	4.97	5.12	8026194	41528660.00
2013/05/07	5.10	5.14	5.04	5.12	5612160	29167966.00
2013/05/08	5.12	5.17	5.01	5.07	5439513	28150062.00
2013/05/09	5.02	5.07	4.91	4.97	5611056	28409348.00
2013/05/10	4.92	5.05	4.88	5.04	5970761	30366006.00
2013/05/13	5.05	5.09	4.96	5.01	4074255	20844108.00
2013/05/14	5.00	5.01	4.91	4.94	3368423	16989632.00
2013/05/15	4.95	4.97	4.90	4.96	2810379	14158260.00
2013/05/16	4.93	5.47	4.92	5.47	15866899	85334344.00
2013/05/17	5.69	5.89	5.61	5.69	47076287	275235680.00
2013/05/20	5.63	5.83	5.55	5.61	25802363	148977136.00
2013/05/21	5.52	5.81	5.48	5.80	23355412	134359120.00
2013/05/22	5.78	6.11	5.72	5.87	26415463	158996752.00
2013/05/23	5.76	5.92	5.57	5.70	16708330	97989768.00
2013/05/24	5.71	5.81	5.55	5.74	10506784	60638216.00
2013/05/27	5.69	5.85	5.57	5.82	13951828	80755776.00
2013/05/28	5.82	6.29	5.67	6.17	32795187	201101456.00
2013/05/29	6.11	6.28	5.96	6.04	22248217	137572448.00
2013/05/30	6.00	6.10	5.95	6.05	12754561	78109464.00
2013/05/31	6.08	6.19	5.85	5.86	13460651	82365504.00
2013/06/03	5.82	5.98	5.69	5.82	11704746	69442744.00
2013/06/04	5.80	5.85	5.63	5.66	8616265	50068560.00
2013/06/05	5.70	5.76	5.64	5.71	5253767	30437402.00
2013/06/06	5.71	5.74	5.48	5.54	6683083	38308872.00
2013/06/07	5.54	5.58	5.24	5.30	8853186	48482976.00
2013/06/13	5.20	5.20	4.88	5.05	5549361	28522360.00
2013/06/14	5.05	5.14	5.02	5.13	5166797	26836800.00
2013/06/17	5.10	5.15	5.01	5.04	5705734	29491220.00
2013/06/18	5.07	5.18	5.05	5.15	4680931	24449644.00
2013/06/19	5.15	5.15	4.96	5.11	5020518	25810074.00
2013/06/20	5.09	5.13	4.89	4.90	5389117	27437604.00
2013/06/21	4.79	4.96	4.74	4.89	3740040	18460104.00
2013/06/24	4.89	4.89	4.40	4.43	6548401	31028148.00
2013/06/25	4.36	4.57	3.99	4.38	7731033	34122500.00
2013/06/26	4.49	4.49	4.31	4.46	5687283	25636484.00
2013/06/27	4.54	4.75	4.47	4.50	9174686	43222732.00
2013/06/28	4.50	4.85	4.38	4.67	11299049	54100832.00
2013/07/01	4.62	4.73	4.50	4.67	4853984	22612444.00
2013/07/02	4.66	4.70	4.54	4.69	4725173	22054166.00
2013/07/03	4.66	4.67	4.47	4.63	4500495	20729360.00
2013/07/04	4.60	4.79	4.56	4.71	6178940	29262046.00
2013/07/05	4.73	4.92	4.67	4.90	10166778	49382296.00
2013/07/08	4.76	4.87	4.61	4.62	5971725	28538738.00
2013/07/09	4.64	4.68	4.58	4.64	2632505	12254369.00
2013/07/10	4.70	4.85	4.62	4.84	5475631	26177714.00
2013/07/11	4.89	5.07	4.80	4.97	10599021	52998240.00
2013/07/12	4.97	5.02	4.82	4.85	6209931	30730648.00
2013/07/15	4.87	4.96	4.84	4.91	3558983	17563468.00
2013/07/16	4.92	4.94	4.81	4.94	4744082	23280382.00
2013/07/17	4.89	5.05	4.81	4.95	7947578	39462088.00
2013/07/18	4.87	4.87	4.63	4.69	9673566	45944728.00
2013/07/19	4.69	4.71	4.47	4.49	6453247	29758284.00
2013/07/22	4.35	4.60	4.35	4.58	4758940	21734596.00
2013/07/23	4.62	4.72	4.58	4.67	5445251	25471484.00
2013/07/24	4.61	4.65	4.49	4.58	4618273	21230924.00
2013/07/25	4.60	4.68	4.52	4.55	7314934	33827096.00
2013/07/26	4.53	4.54	4.45	4.51	2680069	12134020.00
2013/07/29	4.47	4.47	4.33	4.33	4011781	17701616.00
2013/07/30	4.35	4.40	4.23	4.37	2256036	9864782.00
2013/07/31	4.44	4.56	4.38	4.42	5412123	24403764.00
2013/08/01	4.43	4.52	4.39	4.50	3362207	15146895.00
2013/08/02	4.61	4.63	4.50	4.50	4002440	18337172.00
2013/08/05	4.47	4.85	4.47	4.81	12360313	58750928.00
2013/08/06	4.77	4.84	4.69	4.83	5988602	28846964.00
2013/08/07	4.83	4.91	4.72	4.75	4742761	22962360.00
2013/08/08	4.68	4.80	4.67	4.72	2194872	10416988.00
2013/08/09	4.70	4.79	4.67	4.73	2584510	12307345.00
2013/08/12	4.70	4.84	4.70	4.84	3683509	17704836.00
2013/08/13	4.81	4.88	4.77	4.83	3231833	15698872.00
2013/08/14	4.86	4.90	4.80	4.89	5690436	27820646.00
2013/08/15	4.88	4.91	4.75	4.76	2970715	14381325.00
2013/08/16	4.74	4.92	4.64	4.64	5233334	25100288.00
2013/08/19	4.59	4.69	4.57	4.67	3225384	15012934.00
2013/08/20	4.68	4.69	4.60	4.64	2665184	12448750.00
2013/08/21	4.64	5.02	4.56	4.89	9842479	47740144.00
2013/08/22	4.77	4.92	4.77	4.85	5167070	25096296.00
2013/08/23	4.80	5.13	4.70	5.07	13642835	68442616.00
2013/08/26	5.03	5.08	4.95	5.04	9691124	49029536.00
2013/08/27	5.05	5.12	5.02	5.06	5921836	30135956.00
2013/08/28	5.07	5.07	4.87	4.89	6689038	33263960.00
2013/08/29	4.91	5.02	4.86	4.99	5397243	26917336.00
2013/08/30	4.98	5.12	4.90	5.03	8944994	45254108.00
2013/09/02	5.07	5.31	4.79	5.25	16487352	85188000.00
2013/09/03	5.23	5.74	5.19	5.50	30646757	170191632.00
2013/09/04	5.68	5.72	5.33	5.43	15970935	87572576.00
2013/09/05	5.37	5.41	5.17	5.23	10246515	54163280.00
2013/09/06	5.20	5.32	5.16	5.28	7829827	41203836.00
2013/09/09	5.31	5.46	5.27	5.32	12243709	66053268.00
2013/09/10	5.27	5.36	5.17	5.27	9626422	50841656.00
2013/09/11	5.27	5.47	5.12	5.23	12136308	64247568.00
2013/09/12	5.17	5.26	5.12	5.22	6109935	31915184.00
2013/09/13	5.22	5.40	5.16	5.29	9732194	51891896.00
2013/09/16	5.27	5.30	5.15	5.19	6939074	36245176.00
2013/09/17	5.19	5.21	4.94	4.95	7920059	40053704.00
2013/09/18	4.95	5.01	4.92	4.96	3603504	18006764.00
2013/09/23	4.98	5.08	4.97	5.07	3776192	19094458.00
2013/09/24	5.07	5.09	4.95	5.07	5779960	29200140.00
2013/09/25	5.03	5.17	5.00	5.07	5854280	29988640.00
2013/09/26	5.08	5.54	4.97	5.41	25054354	133768808.00
2013/09/27	5.37	5.37	5.06	5.07	15533785	81172096.00
2013/09/30	5.10	5.12	4.97	5.06	7350947	37259032.00
2013/10/08	4.97	5.19	4.97	5.12	8471842	43583744.00
2013/10/09	5.10	5.15	5.03	5.14	7796004	39974280.00
2013/10/10	5.14	5.33	5.09	5.18	10912043	57078232.00
2013/10/11	5.19	5.47	5.14	5.44	17021018	90342688.00
2013/10/14	5.35	5.75	5.27	5.57	24804158	138258528.00
2013/10/15	5.57	5.81	5.45	5.53	15272016	85872040.00
2013/10/16	5.51	5.65	5.23	5.29	9884022	53728820.00
2013/10/17	5.33	5.59	5.17	5.37	14744261	80499416.00
2013/10/18	5.47	5.74	5.32	5.62	20422144	114626520.00
2013/10/21	5.53	5.67	5.39	5.57	18258304	101178408.00
2013/10/22	5.55	5.55	5.37	5.41	9920769	54304376.00
2013/10/23	5.38	5.77	5.38	5.48	22881582	128595408.00
2013/10/24	5.32	5.34	5.02	5.10	17750051	92335792.00
2013/10/25	5.07	5.13	4.88	4.98	9786469	49445536.00
2013/10/28	4.97	5.08	4.93	5.01	3827468	19218300.00
2013/10/29	4.99	5.06	4.65	4.79	8338489	40542988.00
2013/10/30	4.71	4.89	4.71	4.85	4184148	20353380.00
2013/10/31	4.81	4.99	4.79	4.82	4551761	22441254.00
2013/11/01	4.84	4.90	4.77	4.86	2854855	13927942.00
2013/11/04	4.89	4.90	4.82	4.86	2515671	12294533.00
2013/11/05	4.79	4.89	4.68	4.86	3910191	18794172.00
2013/11/06	4.81	4.85	4.74	4.77	3982112	19165180.00
2013/11/07	4.74	4.80	4.72	4.74	2667722	12764586.00
2013/11/08	4.73	4.74	4.60	4.60	3520332	16459504.00
2013/11/11	4.55	4.61	4.47	4.57	2522454	11512606.00
2013/11/12	4.57	4.69	4.53	4.64	2497290	11653369.00
2013/11/13	4.64	4.70	4.57	4.60	2720996	12670751.00
2013/11/14	4.60	4.67	4.58	4.66	1560134	7253714.00
2013/11/15	4.65	4.77	4.62	4.73	2817093	13397685.00
2013/11/18	4.73	4.99	4.73	4.97	10138183	50015776.00
2013/11/19	4.96	4.97	4.88	4.92	4861441	24091368.00
2013/11/20	4.92	5.01	4.84	4.92	5249727	25927824.00
2013/11/21	4.92	4.99	4.83	4.87	7261251	35611600.00
2013/11/22	4.86	4.87	4.75	4.76	4369000	21131522.00
2013/11/25	4.75	4.82	4.70	4.76	3305447	15842680.00
2013/11/26	4.77	4.83	4.73	4.75	3319253	15945738.00
2013/11/27	4.75	4.78	4.70	4.77	3064679	14642118.00
2013/11/28	4.77	4.83	4.76	4.79	4657308	22499692.00
2013/11/29	4.79	4.81	4.71	4.75	4697229	22436216.00
2013/12/02	4.68	4.69	4.28	4.38	9321062	41897508.00
2013/12/03	4.39	4.48	4.35	4.47	3477713	15466374.00
2013/12/04	4.44	4.57	4.44	4.53	3854714	17571216.00
2013/12/05	4.51	4.58	4.50	4.53	2730305	12487932.00
2013/12/06	4.52	4.57	4.51	4.54	2531943	11574800.00
2013/12/09	4.53	4.63	4.53	4.62	3768976	17379354.00
2013/12/16	4.65	4.67	4.45	4.51	3747277	17083282.00
2013/12/17	4.52	4.52	4.38	4.47	1849974	8284923.00
2013/12/18	4.44	4.51	4.41	4.43	1569256	7015859.00
2013/12/19	4.45	4.47	4.36	4.37	2095985	9258576.00
2013/12/20	4.36	4.37	4.26	4.28	1983196	8602673.00
2013/12/23	4.29	4.31	4.17	4.25	1113846	4752671.00
2013/12/24	4.27	4.32	4.25	4.29	1476189	6384727.00
2013/12/25	4.27	4.43	4.23	4.38	1658276	7217193.00
2013/12/26	4.38	4.40	4.22	4.23	2487250	10722845.00
2013/12/27	4.19	4.36	4.19	4.35	1488774	6466894.00
2013/12/30	4.39	4.42	4.27	4.30	1671226	7284551.00
2013/12/31	4.29	4.38	4.28	4.36	1701115	7439499.00
2014/01/02	4.35	4.38	4.33	4.37	1411789	6191055.00
2014/01/03	4.36	4.36	4.30	4.34	1385768	6033086.00
2014/01/06	4.32	4.32	4.07	4.09	3639304	15310311.00
2014/01/07	4.11	4.13	4.03	4.06	2565127	10550631.00
2014/01/08	4.04	4.12	4.03	4.05	1960847	8034147.00
2014/01/09	4.04	4.09	3.92	3.96	2053608	8316457.00
2014/01/10	3.97	3.97	3.82	3.85	2017979	7875507.00
2014/01/13	3.85	3.88	3.78	3.82	1504863	5791778.00
2014/01/14	3.83	4.21	3.82	4.07	4888595	19884394.00
2014/01/15	3.99	4.04	3.94	4.02	2598419	10411713.00
2014/01/16	4.02	4.05	3.97	3.98	1838237	7425904.00
2014/01/17	3.98	3.98	3.91	3.98	1085761	4322604.00
2014/01/20	3.98	4.02	3.91	3.92	1077598	4278783.00
2014/01/21	3.93	3.97	3.90	3.94	1195368	4751291.00
2014/01/22	3.95	4.31	3.95	4.26	7521486	31890714.00
2014/01/23	4.25	4.37	4.18	4.26	3675490	15858125.00
2014/01/24	4.24	4.39	4.23	4.32	3839459	16776451.00
2014/01/27	4.31	4.34	4.23	4.27	2186092	9418800.00
2014/01/28	4.27	4.32	4.18	4.20	1668452	7128262.00
2014/01/29	4.21	4.27	4.18	4.22	1067091	4526726.00
2014/01/30	4.26	4.26	4.15	4.21	969838	4089274.00
2014/02/07	4.17	4.17	4.11	4.16	1652764	6901118.00
2014/02/10	4.16	4.31	4.16	4.31	2893123	12439560.00
2014/02/11	4.31	4.35	4.27	4.33	2436218	10593234.00
2014/02/12	4.33	4.47	4.27	4.44	3817284	16801468.00
2014/02/13	4.43	4.48	4.36	4.37	3441753	15324954.00
2014/02/14	4.36	4.51	4.36	4.48	3545191	15952403.00
2014/02/17	4.47	4.49	4.40	4.48	3358718	15063163.00
2014/02/18	4.47	4.48	4.35	4.40	3464849	15343696.00
2014/02/19	4.40	4.45	4.36	4.41	2416712	10725698.00
2014/02/20	4.40	4.64	4.34	4.60	7338670	33185504.00
2014/02/21	4.48	4.55	4.37	4.40	4489493	20167480.00
2014/02/24	4.28	4.34	4.05	4.07	7197964	30096028.00
2014/02/25	4.11	4.13	3.96	3.99	3935380	16023460.00
2014/02/26	3.99	4.02	3.95	4.02	2003672	8044278.00
2014/02/27	4.04	4.04	3.92	3.94	2680730	10738814.00
2014/02/28	3.97	4.01	3.92	3.98	2048793	8143250.00
2014/03/03	4.00	4.06	3.92	4.04	2422323	9781847.00
2014/03/04	4.01	4.11	4.00	4.08	2284843	9355421.00
2014/03/05	4.09	4.17	4.02	4.07	1755144	7224055.00
2014/03/06	4.05	4.18	4.00	4.13	3722586	15382802.00
2014/03/07	4.18	4.18	4.06	4.10	2630240	10897667.00
2014/03/10	4.12	4.12	3.97	4.01	2222831	9013226.00
2014/03/11	4.00	4.22	3.92	4.18	5079652	20900760.00
2014/03/12	4.12	4.54	4.10	4.29	10492655	45726004.00
2014/03/13	4.27	4.29	4.15	4.23	5738125	24325530.00
2014/03/14	4.18	4.28	4.08	4.12	4258108	17964188.00
2014/03/17	4.11	4.22	4.09	4.21	3227662	13597943.00
2014/03/18	4.18	4.23	4.16	4.20	2487183	10491115.00
2014/03/19	4.20	4.28	4.08	4.27	4479834	18939048.00
2014/03/20	4.27	4.70	4.26	4.70	19813166	92397280.00
2014/03/21	4.65	4.89	4.46	4.71	30643779	143856304.00
2014/03/24	4.73	5.11	4.65	4.98	27766482	137186400.00
2014/03/25	4.95	5.03	4.79	4.85	15066363	74123896.00
2014/03/26	4.85	4.85	4.63	4.74	10629443	50457968.00
2014/03/27	4.70	5.02	4.68	4.71	13362519	65280464.00
2014/03/28	4.65	4.89	4.45	4.50	17396322	81372136.00
2014/03/31	4.67	4.95	4.66	4.95	25193974	124462000.00
2014/04/01	4.78	5.45	4.76	5.45	42668373	223968880.00
2014/04/02	5.77	6.00	5.77	6.00	33427586	198870304.00
2014/04/03	6.00	6.18	5.55	5.66	72296344	422968512.00
2014/04/04	5.62	5.83	5.56	5.69	47398162	271815168.00
2014/04/08	5.55	5.57	5.27	5.46	36869530	200230896.00
2014/04/09	5.40	5.56	5.37	5.51	31390024	172342624.00
2014/04/10	5.46	5.58	5.35	5.41	28483668	156049104.00
2014/04/11	5.17	5.27	5.08	5.23	22673881	118174696.00
2014/04/14	5.22	5.34	5.15	5.28	16846392	88681368.00
2014/04/15	5.27	5.28	5.09	5.12	14255987	73963976.00
2014/04/16	5.13	5.24	5.11	5.23	13857325	72185520.00
2014/04/17	5.25	5.25	5.03	5.15	12789275	65832604.00
2014/04/18	5.10	5.31	5.07	5.13	17403751	90764920.00
2014/04/21	5.06	5.10	4.93	4.95	10602499	53538328.00
2014/04/22	4.99	5.02	4.89	4.98	7972516	39687760.00
2014/04/23	4.95	5.06	4.85	5.05	9858892	49481780.00
2014/04/24	5.06	5.25	4.82	4.83	20972824	107475880.00
2014/04/25	4.77	4.77	4.56	4.59	15676881	73238928.00
2014/04/28	4.57	4.59	4.30	4.34	8757595	39124632.00
2014/04/29	4.34	4.41	4.29	4.40	5135347	22557296.00
2014/04/30	4.42	4.48	4.37	4.46	5257914	23482700.00
2014/05/05	4.44	4.52	4.36	4.51	5826635	26117328.00
2014/05/06	4.50	4.53	4.42	4.48	5821717	26324936.00
2014/05/07	4.48	4.48	4.24	4.26	6933828	30555372.00
2014/05/08	4.38	4.69	4.38	4.69	16123708	75908272.00
2014/05/09	4.80	4.88	4.63	4.64	27873299	133588128.00
2014/05/12	4.57	4.61	4.37	4.58	15903282	72186112.00
2014/05/13	4.56	4.65	4.47	4.50	9409100	42984760.00
2014/05/14	4.59	4.71	4.50	4.51	10118805	46823068.00
2014/05/15	4.44	4.46	4.34	4.35	7431683	32898640.00
2014/05/16	4.35	4.45	4.27	4.36	5769696	25176964.00
2014/05/19	4.36	4.44	4.29	4.37	4706048	20661480.00
2014/05/20	4.40	4.43	4.29	4.34	4280380	18746588.00
2014/05/21	4.33	4.37	4.23	4.36	3189150	13864133.00
2014/05/22	4.34	4.45	4.33	4.41	5691624	25218944.00
2014/05/23	4.38	4.56	4.37	4.52	7499929	33835596.00
2014/05/26	4.52	4.60	4.52	4.54	7193906	33029768.00
2014/05/27	4.54	4.55	4.47	4.47	4051803	18376924.00
2014/05/28	4.45	4.51	4.42	4.50	3798916	17059964.00
2014/05/29	4.50	4.56	4.37	4.41	4369844	19654372.00
2014/05/30	4.43	4.50	4.37	4.48	4008605	17863722.00
2014/06/03	4.45	4.50	4.43	4.48	2508103	11283802.00
2014/06/04	4.44	4.81	4.35	4.65	8563047	39303132.00
2014/06/05	4.57	4.59	4.52	4.59	7385528	33882392.00
2014/06/06	4.95	5.05	4.75	4.77	30332015	150726608.00
2014/06/09	4.58	4.70	4.47	4.61	14108031	65086260.00
2014/06/10	4.57	4.63	4.53	4.60	9524308	43839000.00
2014/06/11	4.62	5.06	4.49	5.06	29443675	144338416.00
2014/06/12	5.16	5.26	4.92	5.03	37537990	192207232.00
2014/06/13	4.90	5.23	4.88	5.08	26525977	136152400.00
2014/06/16	4.98	5.09	4.98	4.99	14056907	71018376.00
2014/06/17	4.97	5.09	4.82	5.03	13259273	66306904.00
2014/06/18	4.99	4.99	4.83	4.88	9534608	46983908.00
2014/06/19	4.87	4.89	4.57	4.66	10006883	47705768.00
2014/06/20	4.64	4.77	4.60	4.77	4979162	23649068.00
2014/06/23	4.77	4.86	4.72	4.80	5062700	24394344.00
2014/06/24	4.77	4.86	4.72	4.84	4734419	22903898.00
2014/06/25	4.81	4.82	4.67	4.70	5327417	25407100.00
2014/06/26	4.73	4.86	4.70	4.83	6318449	30483996.00
2014/06/27	4.84	5.13	4.83	4.92	13473829	67493392.00
2014/06/30	4.88	4.96	4.83	4.94	7016418	34620536.00
2014/07/01	4.92	5.06	4.87	5.01	8705012	43537360.00
2014/07/02	5.03	5.03	4.93	5.00	6432582	32222568.00
2014/07/03	4.98	5.10	4.93	5.03	10272613	51937392.00
2014/07/04	5.03	5.06	4.92	4.93	6816939	34021828.00
2014/07/07	4.93	5.04	4.88	4.96	4982370	24901228.00
2014/07/08	4.97	4.97	4.78	4.82	13323467	64266320.00
2014/07/09	4.82	4.86	4.71	4.73	6777462	32361452.00
2014/07/10	4.72	4.77	4.71	4.73	4261559	20199680.00
2014/07/11	4.73	4.81	4.71	4.79	4133088	19704748.00
2014/07/14	4.74	4.84	4.73	4.83	5625252	26901452.00
2014/07/15	4.81	4.83	4.70	4.75	7506335	35672936.00
2014/07/16	4.75	4.82	4.72	4.76	5057914	24129480.00
2014/07/17	4.76	4.98	4.72	4.88	11807424	57266388.00
2014/07/18	4.82	4.98	4.79	4.94	12611593	61862960.00
2014/07/21	4.93	4.93	4.74	4.78	9860258	47543236.00
2014/07/22	4.75	4.84	4.75	4.83	4987974	23996040.00
2014/07/23	4.83	5.25	4.78	5.02	19015786	95356000.00
2014/07/24	4.96	5.19	4.95	5.01	18707862	94708360.00
2014/07/25	5.03	5.04	4.92	5.02	8949010	44527356.00
2014/07/28	5.03	5.17	5.01	5.10	15323253	77932240.00
2014/07/29	5.05	5.12	5.01	5.08	10355754	52498068.00
2014/07/30	5.04	5.08	4.98	5.03	8509772	42799044.00
2014/07/31	5.02	5.53	4.99	5.29	31644976	167450464.00
2014/08/01	5.23	5.26	5.14	5.16	16951158	87893184.00
2014/08/04	5.14	5.24	5.07	5.20	12168647	62964912.00
2014/08/05	5.21	5.45	5.21	5.34	19242137	102360640.00
2014/08/06	5.30	5.35	5.23	5.27	10959759	57752832.00
2014/08/07	5.27	5.30	5.15	5.15	11733503	61200696.00
2014/08/08	5.15	5.20	5.13	5.17	6337370	32726068.00
2014/08/11	5.20	5.50	5.13	5.32	18449908	98484352.00
2014/08/12	5.26	5.32	5.19	5.28	12532878	65805096.00
2014/08/13	5.29	5.29	5.15	5.23	9194711	47894848.00
2014/08/14	5.22	5.32	5.15	5.19	9613930	50396944.00
2014/08/15	5.20	5.24	5.16	5.22	7037720	36684292.00
2014/08/18	5.29	5.29	5.22	5.26	7581433	39801472.00
2014/08/19	5.26	5.40	5.23	5.32	16218911	85871424.00
2014/08/20	5.31	5.39	5.26	5.37	12464273	66579648.00
2014/08/21	5.36	5.46	5.29	5.38	13042623	70139080.00
2014/08/22	5.37	5.54	5.35	5.51	18875649	103114856.00
2014/08/25	5.52	5.52	5.29	5.32	12472720	67189984.00
2014/08/26	5.28	5.33	5.12	5.17	8464161	44124520.00
2014/08/27	5.19	5.19	5.12	5.15	4473815	23060924.00
2014/08/28	5.32	5.50	5.18	5.21	12717805	67607952.00
2014/08/29	5.13	5.25	5.12	5.24	6608703	34222168.00
2014/09/01	5.22	5.33	5.21	5.28	6377480	33697196.00
2014/09/02	5.30	5.40	5.25	5.35	9846428	52442136.00
2014/09/03	5.38	5.45	5.30	5.42	12752877	68701704.00
2014/09/04	5.42	5.47	5.35	5.43	10505031	56963296.00
2014/09/05	5.44	5.57	5.34	5.52	21287964	116492408.00
2014/09/09	5.47	5.51	5.42	5.50	10752318	58774412.00
2014/09/10	5.48	5.59	5.43	5.56	12326738	68069872.00
2014/09/11	5.60	5.77	5.53	5.55	18687182	105251016.00
2014/09/12	5.57	5.62	5.48	5.61	11001636	61240412.00
2014/09/15	5.61	5.72	5.59	5.70	13112380	74259624.00
2014/09/16	5.64	5.92	5.49	5.56	23634508	135773744.00
2014/09/17	5.56	5.83	5.47	5.77	17451558	99128096.00
2014/09/18	5.72	5.85	5.68	5.75	11243165	64593536.00
2014/09/19	5.75	5.98	5.71	5.91	19036458	111430296.00
2014/09/22	5.92	6.16	5.85	5.88	23443991	140378752.00
2014/09/23	5.87	6.00	5.75	5.95	15045897	88580688.00
2014/09/24	5.93	6.02	5.85	5.97	11786557	70004784.00
2014/09/25	5.96	6.09	5.87	5.91	12626531	75363824.00
2014/09/26	5.86	6.08	5.83	6.06	13875026	82297408.00
2014/09/29	6.05	6.09	5.98	6.04	11509096	69502160.00
2014/09/30	6.07	6.08	5.93	5.95	11961680	71463744.00
2014/10/08	6.03	6.06	5.97	6.00	11549918	69375448.00
2014/10/09	5.98	6.11	5.98	6.09	14115803	85424816.00
2014/10/10	6.08	6.20	6.01	6.15	15003686	91425040.00
2014/10/13	6.15	6.39	6.13	6.28	15751116	98805280.00
2014/10/14	6.23	6.52	6.22	6.50	20578684	132126768.00
2014/10/15	6.49	6.49	6.24	6.38	12761483	81047728.00
2014/10/16	6.34	6.50	6.23	6.39	12889699	82529472.00
2014/10/17	6.42	6.58	6.25	6.53	15445113	99520896.00
2014/10/20	6.53	6.93	6.48	6.79	21145169	142047456.00
2014/10/22	6.75	6.75	6.23	6.33	22276309	144938016.00
2014/10/23	6.30	6.56	6.26	6.36	12310714	78960120.00
2014/10/24	6.39	6.39	6.19	6.32	7520187	47347144.00
2014/10/27	6.28	6.30	6.00	6.05	8820451	53953288.00
2014/10/28	6.05	6.25	6.05	6.25	6319205	39060904.00
2014/10/29	6.25	6.42	6.16	6.37	10037630	63185660.00
2014/10/30	6.31	6.41	6.16	6.27	8602014	54030492.00
2014/10/31	6.26	6.40	6.21	6.32	7987098	50351256.00
2014/11/03	6.32	6.60	6.23	6.58	12601929	81316256.00
2014/11/04	6.56	6.57	6.40	6.47	7398395	47801192.00
2014/11/05	6.47	6.51	6.32	6.34	7678509	48875392.00
2014/11/06	6.34	6.53	6.30	6.41	7789122	49787376.00
2014/11/07	6.40	6.40	6.17	6.20	8221751	51837440.00
2014/11/10	6.24	6.29	6.14	6.23	5218603	32388196.00
2014/11/11	6.21	6.29	5.91	5.95	10186681	61812120.00
2014/11/12	5.91	6.04	5.91	6.03	4493907	26852500.00
2014/11/13	6.11	6.35	6.06	6.13	9841724	60894076.00
2014/11/14	6.10	6.10	5.95	6.05	6245067	37500328.00
2014/11/17	6.04	6.09	5.96	6.09	4381015	26469464.00
2014/11/18	6.05	6.45	6.00	6.36	13491416	84360056.00
2014/11/19	6.40	6.98	6.40	6.61	36334925	242718784.00
2014/11/20	6.47	6.55	6.33	6.43	18638432	119519864.00
2014/11/21	6.47	6.49	6.32	6.34	12929960	82469768.00
2014/11/24	6.58	6.84	6.50	6.75	37274318	250468576.00
2014/11/25	6.75	7.04	6.66	6.94	21154170	145672544.00
2014/11/26	6.85	7.01	6.75	7.00	12057762	82799344.00
2014/11/27	7.05	7.11	6.90	7.06	15389299	108330512.00
2014/11/28	6.98	7.34	6.77	7.21	21419107	150182032.00
2014/12/01	7.22	7.67	7.21	7.37	23262036	173293632.00
2014/12/02	7.30	7.49	7.21	7.41	13567118	100253664.00
2014/12/03	7.39	7.87	7.06	7.19	26785479	199145600.00
2014/12/04	7.25	7.30	7.07	7.29	21347226	153167472.00
2014/12/05	7.25	7.26	6.73	6.89	19635633	136692752.00
2014/12/08	6.95	7.36	6.85	7.28	18908742	134680704.00
2014/12/09	7.23	7.57	7.03	7.05	26668352	193046832.00
2014/12/10	7.00	7.23	6.96	7.18	9376453	66749956.00
2014/12/11	7.15	7.68	7.10	7.61	22381532	166694256.00
2014/12/12	7.59	8.04	7.53	7.94	18692432	146530240.00
2014/12/15	7.94	7.98	7.64	7.85	10285322	80105144.00
2014/12/16	7.83	8.00	7.62	7.80	10058225	78136096.00
2014/12/17	7.81	7.98	7.57	7.73	12890554	99830240.00
2014/12/18	7.74	7.88	7.53	7.56	8010576	61415224.00
2014/12/19	7.59	7.63	7.14	7.51	15224565	112291616.00
2014/12/22	7.48	7.48	6.76	6.84	14569121	101672536.00
2014/12/23	6.84	6.96	6.68	6.85	8132631	55530248.00
2014/12/24	6.84	6.92	6.79	6.87	5020220	34384972.00
2014/12/25	6.85	7.31	6.85	7.20	12429773	88259912.00
2014/12/26	7.18	7.24	7.07	7.23	4426676	31677076.00
2014/12/29	7.23	7.57	6.97	7.41	14546920	106737376.00
2014/12/30	7.39	7.70	7.20	7.47	9994912	74312016.00
2014/12/31	7.45	7.68	7.30	7.59	10009475	75362992.00
2015/01/05	7.68	8.14	7.68	8.01	22895757	182570704.00
2015/01/06	8.03	8.03	7.56	7.74	11616739	90187504.00
2015/01/07	7.66	8.05	7.62	7.85	9815096	77369640.00
2015/01/08	7.88	7.93	7.66	7.67	5216823	40409684.00
2015/01/09	7.67	7.88	7.61	7.64	5741106	44443744.00
2015/01/12	7.61	7.61	7.08	7.26	12742999	92391728.00
2015/01/13	7.26	7.38	7.09	7.17	7433226	53476196.00
2015/01/14	7.12	7.19	6.93	7.05	7476959	52520348.00
2015/01/15	7.04	7.24	7.00	7.18	8592354	61047232.00
2015/01/16	7.18	7.24	7.08	7.23	7148789	51270944.00
2015/01/19	7.01	7.18	6.60	6.63	11815711	81602696.00
2015/01/20	6.69	6.95	6.55	6.91	7028577	47715128.00
2015/01/21	6.91	7.30	6.87	7.18	10326289	73821536.00
2015/01/22	7.18	7.33	7.18	7.29	7148029	52011580.00
2015/01/23	7.32	7.76	7.25	7.46	8331046	62317584.00
2015/01/26	7.43	7.58	7.34	7.57	4358452	32672866.00
2015/01/27	7.57	7.89	7.52	7.63	9159995	70583032.00
2015/01/28	7.66	7.80	7.55	7.56	5292957	40593664.00
2015/01/29	7.51	7.51	7.37	7.38	5206886	38650440.00
2015/01/30	7.37	7.55	7.34	7.42	5550864	41332632.00
2015/02/02	7.39	7.67	7.38	7.56	5610083	42324812.00
2015/02/03	7.62	7.62	7.36	7.51	4687665	35077792.00
2015/02/04	7.50	7.57	7.36	7.37	3843008	28689484.00
2015/02/05	7.53	7.60	7.43	7.54	5854101	44016092.00
2015/02/06	7.54	7.90	7.48	7.68	11029774	85147584.00
2015/02/09	7.68	7.68	7.45	7.57	5890557	44402888.00
2015/02/10	7.57	8.10	7.53	8.07	12291056	96380640.00
2015/02/11	8.04	8.10	7.86	7.93	7266876	57989240.00
2015/02/12	7.93	8.29	7.89	8.12	10869319	88583720.00
2015/02/13	8.15	8.47	8.10	8.26	11748473	97231744.00
2015/02/16	8.24	8.54	8.23	8.34	7826156	65640240.00
2015/02/17	8.34	8.40	8.10	8.18	6649926	54895120.00
2015/02/25	8.18	8.19	8.05	8.08	3776955	30647308.00
2015/02/26	8.13	8.60	8.13	8.60	11411720	96511808.00
2015/02/27	8.51	8.68	8.47	8.60	6399243	54851784.00
2015/03/02	8.68	8.71	8.45	8.51	9060014	77529920.00
2015/03/03	8.44	8.45	8.04	8.10	13375768	109777080.00
2015/03/04	8.12	8.26	8.06	8.16	10339662	84191960.00
2015/03/05	8.16	8.30	7.79	8.29	18767528	150280688.00
2015/03/06	8.19	8.29	8.00	8.22	10273259	83850032.00
2015/03/09	8.20	8.34	8.09	8.31	7057428	57927192.00
2015/03/10	8.29	8.36	8.26	8.36	4633730	38547832.00
2015/03/11	8.36	8.39	8.05	8.10	7609881	62313240.00
2015/03/12	8.05	8.14	7.94	8.10	8899983	71284312.00
2015/03/13	8.12	8.13	8.00	8.05	7230973	58389684.00
2015/03/16	8.10	8.28	8.05	8.25	8520784	69511528.00
2015/03/17	8.30	8.63	8.18	8.58	14834663	124227952.00
2015/03/18	8.55	9.00	8.44	8.83	15581537	136332272.00
2015/03/19	8.81	8.82	8.60	8.75	8193985	71468800.00
2015/03/20	8.75	8.86	8.67	8.78	7210931	63145408.00
2015/03/23	8.82	9.04	8.72	8.82	19333123	170995552.00
2015/03/24	8.83	9.02	8.47	8.99	14098847	123010600.00
2015/03/25	8.95	9.68	8.85	9.46	17528933	162274864.00
2015/03/26	9.44	9.60	9.29	9.40	10049682	94892712.00
2015/03/27	9.43	9.57	9.18	9.27	9453628	88329736.00
2015/03/30	9.33	9.88	9.33	9.69	11483988	111095936.00
2015/03/31	9.83	9.96	9.33	9.35	13362223	128545496.00
2015/04/01	9.31	9.75	9.23	9.64	8688451	82666080.00
2015/04/02	9.65	9.78	9.49	9.64	7423241	71389264.00
2015/04/03	9.64	10.36	9.50	10.25	12633033	125393552.00
2015/04/07	10.17	11.17	10.13	11.15	14116704	150159056.00
2015/04/08	11.15	11.30	10.72	10.89	10887774	119460576.00
2015/04/09	10.83	10.83	10.21	10.67	14122870	148421040.00
2015/04/10	10.57	11.61	10.50	11.54	14676943	163168832.00
2015/04/13	11.54	12.34	11.40	12.06	14091320	168952160.00
2015/04/14	11.96	12.31	11.86	11.92	10467700	125865656.00
2015/04/15	11.91	11.92	11.27	11.54	9008601	104408696.00
2015/04/16	11.46	11.85	11.22	11.64	8840178	102077560.00
2015/04/17	11.66	11.90	11.41	11.45	11434180	132443216.00
2015/04/20	11.33	11.48	10.60	10.63	17244461	189259520.00
2015/04/21	10.63	10.98	10.50	10.92	10180879	109680176.00
2015/04/22	10.94	11.23	10.77	11.09	12162191	134115784.00
2015/04/23	11.15	11.19	10.85	10.92	10260119	112279872.00
2015/04/24	10.85	10.85	10.50	10.71	13962765	148961744.00
2015/04/27	10.72	11.36	10.72	11.19	20338193	226871888.00
2015/04/28	11.20	11.57	11.02	11.44	17351060	197120336.00
2015/04/29	11.40	11.40	10.91	11.10	12805484	142124880.00
2015/04/30	11.09	11.23	10.70	10.91	12426397	135789280.00
2015/05/05	10.69	10.69	10.69	10.69	0	0.00
数据来源:通达信
