600125 铁龙物流 日线 前复权
      日期	    开盘	    最高	    最低	    收盘	    成交量	    成交额
2011/10/10	9.40	9.51	9.38	9.47	3821997	36816544.00
2011/10/11	9.78	9.80	9.29	9.60	6131473	59608612.00
2011/10/12	9.39	10.03	9.39	10.02	11301204	112890544.00
2011/10/13	9.94	10.21	9.91	10.19	9787522	100690000.00
2011/10/14	10.18	10.18	9.91	9.99	5928110	60371924.00
2011/10/17	10.01	10.27	10.01	10.22	7432805	76825152.00
2011/10/18	10.15	10.20	9.93	9.97	9344124	95733504.00
2011/10/19	9.93	10.08	9.88	9.90	4456140	45210052.00
2011/10/20	9.79	9.87	9.63	9.80	9370393	92790152.00
2011/10/21	9.88	9.88	9.64	9.81	4302287	42847728.00
2011/10/24	9.82	9.90	9.12	9.77	11250676	108644880.00
2011/10/25	9.68	9.69	9.31	9.57	18914905	182308624.00
2011/10/26	9.48	9.66	9.39	9.57	15093265	146493040.00
2011/10/27	9.65	10.20	9.65	9.81	25922711	261137632.00
2011/10/28	9.92	10.01	9.64	9.83	16014333	159297264.00
2011/10/31	9.81	9.81	9.58	9.69	10106910	99420432.00
2011/11/01	9.55	9.79	9.38	9.43	14576836	141535280.00
2011/11/02	9.33	9.78	9.27	9.73	15109493	146377712.00
2011/11/03	9.81	9.90	9.62	9.63	20313604	201489280.00
2011/11/04	9.73	10.25	9.63	10.23	39348253	397709504.00
2011/11/07	10.15	10.49	10.10	10.26	32890756	344450784.00
2011/11/08	10.26	10.34	10.03	10.33	13302809	137825536.00
2011/11/09	10.31	10.39	10.03	10.30	13312279	138359296.00
2011/11/10	10.18	10.53	10.04	10.16	20384875	213707792.00
2011/11/11	10.16	10.45	10.16	10.37	18739451	196954432.00
2011/11/14	10.50	10.60	10.36	10.45	15408400	164006816.00
2011/11/15	10.41	10.71	10.25	10.64	17244030	183009184.00
2011/11/16	10.62	10.62	10.06	10.17	17834703	186884608.00
2011/11/17	10.14	10.22	9.93	10.02	9539467	97768648.00
2011/11/18	10.03	10.06	9.62	9.72	12408251	123616400.00
2011/11/21	9.73	9.82	9.60	9.76	4570704	45070996.00
2011/11/22	9.63	10.03	9.54	9.93	7289394	72399016.00
2011/11/23	9.94	10.11	9.78	9.88	6425798	65041680.00
2011/11/24	9.81	10.00	9.76	9.80	6533157	65787116.00
2011/11/25	9.77	9.99	9.71	9.75	3229863	32342844.00
2011/11/28	9.78	9.84	9.66	9.78	3636966	36054744.00
2011/11/29	9.86	10.18	9.83	10.16	9982698	101927912.00
2011/11/30	10.21	10.23	9.81	9.84	11802206	120233472.00
2011/12/01	10.08	10.21	9.98	10.00	11507783	118302184.00
2011/12/02	9.95	10.47	9.90	10.39	25732991	269021088.00
2011/12/05	10.39	10.62	10.16	10.26	13503536	142851664.00
2011/12/06	10.13	10.43	9.95	10.30	7328797	75781528.00
2011/12/07	10.28	10.58	10.16	10.26	8710862	91880672.00
2011/12/08	10.19	10.65	10.16	10.54	18386879	196190240.00
2011/12/09	10.42	10.51	10.21	10.46	10839837	114103808.00
2011/12/12	10.34	10.45	10.11	10.33	9970126	103984160.00
2011/12/13	10.21	10.31	9.55	9.56	15031476	151647392.00
2011/12/14	9.53	9.70	9.43	9.59	7026191	68241704.00
2011/12/15	9.55	9.59	9.23	9.34	5397508	51591964.00
2011/12/16	9.43	9.68	9.37	9.66	5305117	51382776.00
2011/12/19	9.55	9.70	9.17	9.64	6147593	59178712.00
2011/12/20	9.63	9.79	9.54	9.72	6839493	67668344.00
2011/12/21	9.77	9.89	9.53	9.59	7117767	70455232.00
2011/12/22	9.46	9.67	9.28	9.59	5821031	56102572.00
2011/12/23	9.61	9.67	9.25	9.29	9514496	91773968.00
2011/12/26	9.23	9.29	8.83	8.98	14833909	136299296.00
2011/12/27	8.94	9.18	8.86	8.93	4637390	42590960.00
2011/12/28	8.84	8.98	8.53	8.80	11322701	101016912.00
2011/12/29	8.73	8.93	8.72	8.88	6099978	54849344.00
2011/12/30	8.95	9.13	8.88	9.11	5020129	46138732.00
2012/01/04	9.13	9.18	8.73	8.83	6380743	58231228.00
2012/01/05	8.79	8.79	8.28	8.36	9178384	79153952.00
2012/01/06	8.38	8.40	7.52	7.79	12716672	101941768.00
2012/01/09	7.87	8.24	7.65	8.19	9483352	77507144.00
2012/01/10	8.12	8.61	8.09	8.56	10195305	87412816.00
2012/01/11	8.53	8.62	8.28	8.44	12122435	103943208.00
2012/01/12	8.34	8.53	8.34	8.44	4428781	38115088.00
2012/01/13	8.44	8.49	8.08	8.10	4624463	38767852.00
2012/01/16	8.02	8.17	7.93	7.99	3070620	25193316.00
2012/01/17	8.01	8.47	8.01	8.44	7487479	63140736.00
2012/01/18	8.48	8.62	8.08	8.14	7699445	65947016.00
2012/01/19	8.22	8.36	8.12	8.27	4591776	38690332.00
2012/01/30	8.37	8.41	8.20	8.30	4145315	35211032.00
2012/01/31	8.33	8.38	8.16	8.25	2999758	25257476.00
2012/02/01	8.29	8.29	8.03	8.14	6236643	51802340.00
2012/02/02	8.19	8.23	8.03	8.19	5648830	46860196.00
2012/02/03	8.19	8.51	8.13	8.49	9379807	80126824.00
2012/02/06	8.46	8.57	8.45	8.49	4802209	41682120.00
2012/02/07	8.44	8.51	8.29	8.32	4417958	37808576.00
2012/02/08	8.32	8.58	8.24	8.51	3665736	31639166.00
2012/02/09	8.49	8.64	8.43	8.60	6173528	53800108.00
2012/02/10	8.55	8.67	8.54	8.56	4391018	38547584.00
2012/02/13	8.51	8.79	8.45	8.75	4979691	43938128.00
2012/02/14	8.88	9.12	8.78	8.93	17485171	160085120.00
2012/02/15	8.95	9.01	8.85	8.99	10494055	95580528.00
2012/02/16	8.95	8.99	8.82	8.90	8821496	79851592.00
2012/02/17	8.93	9.05	8.89	9.00	10691321	97996304.00
2012/02/20	9.07	9.12	8.91	8.93	5370989	49370288.00
2012/02/21	8.92	8.95	8.82	8.87	6560310	59245336.00
2012/02/22	8.89	9.26	8.84	9.11	14859142	138208848.00
2012/02/23	9.12	9.16	8.90	8.98	7002062	64504252.00
2012/02/24	9.03	9.25	8.98	9.22	12090916	112206480.00
2012/02/27	9.23	9.43	9.11	9.33	14426197	136161664.00
2012/02/28	9.31	9.32	9.13	9.20	8110334	76042656.00
2012/02/29	9.20	9.26	8.90	8.93	8143642	74950992.00
2012/03/01	8.92	9.01	8.91	8.94	6279294	57322560.00
2012/03/02	8.95	9.07	8.91	9.02	14504784	132567720.00
2012/03/05	9.05	9.10	8.83	8.86	15737089	143728208.00
2012/03/06	8.83	9.01	8.80	8.92	9630089	87161552.00
2012/03/07	8.86	9.04	8.80	8.96	8325883	75880880.00
2012/03/08	8.93	9.24	8.93	9.18	14826992	138351408.00
2012/03/09	9.20	9.47	9.02	9.35	24180484	227899440.00
2012/03/12	9.37	9.78	9.29	9.62	21694974	212549824.00
2012/03/13	9.58	9.68	9.35	9.52	12313188	119036912.00
2012/03/14	9.52	9.57	9.02	9.08	12055253	114780464.00
2012/03/15	9.06	9.29	9.06	9.09	10762549	100505560.00
2012/03/16	9.09	9.30	9.09	9.28	6770074	63431396.00
2012/03/19	9.26	9.55	9.26	9.50	11886025	114112808.00
2012/03/20	9.43	9.43	9.19	9.24	6909512	65321888.00
2012/03/21	9.31	9.33	8.85	8.96	12830295	117450280.00
2012/03/22	9.03	9.07	8.86	8.90	8475454	76968648.00
2012/03/23	8.89	9.02	8.80	8.94	5949565	53978732.00
2012/03/26	8.98	9.02	8.83	8.88	3584361	32420820.00
2012/03/27	8.89	8.93	8.81	8.86	5472559	49501768.00
2012/03/28	8.84	9.02	8.76	8.83	10441884	94558264.00
2012/03/29	8.77	8.94	8.52	8.88	6679864	59732668.00
2012/03/30	8.92	9.02	8.83	9.01	8057685	73510984.00
2012/04/05	9.05	9.16	8.90	9.16	9595419	88313096.00
2012/04/06	9.13	9.21	9.05	9.10	6307906	58673676.00
2012/04/09	9.06	9.06	8.63	8.72	6612420	59550552.00
2012/04/10	8.68	8.81	8.38	8.77	12113473	105102240.00
2012/04/11	8.63	8.71	8.47	8.56	13057052	114214496.00
2012/04/12	8.58	8.81	8.56	8.73	8032166	71150776.00
2012/04/13	8.73	8.82	8.68	8.75	8249163	73646688.00
2012/04/16	8.74	8.81	8.63	8.66	4932696	43984724.00
2012/04/17	8.67	8.81	8.67	8.70	5425604	48236116.00
2012/04/18	8.73	8.99	8.73	8.95	8250815	74774528.00
2012/04/19	8.96	9.06	8.86	8.97	7567406	69247672.00
2012/04/20	8.98	9.17	8.95	9.02	6977931	64523984.00
2012/04/23	8.99	9.09	8.78	8.81	6494962	58694224.00
2012/04/25	8.74	9.00	8.64	8.94	15017547	134536000.00
2012/04/26	8.90	8.97	8.71	8.79	7610106	68521328.00
2012/04/27	8.79	8.84	8.69	8.78	4053673	36191400.00
2012/05/02	8.89	9.14	8.82	9.06	11860317	108863008.00
2012/05/03	9.10	9.18	8.97	9.06	10884432	100638976.00
2012/05/04	9.03	9.35	9.01	9.27	15279319	143345312.00
2012/05/07	9.22	9.58	9.20	9.52	18507768	178462512.00
2012/05/08	9.52	9.52	9.29	9.40	11084428	106089056.00
2012/05/09	9.31	9.37	9.13	9.20	8125770	76571968.00
2012/05/10	9.31	9.34	9.09	9.19	5696667	53281536.00
2012/05/11	9.13	9.23	9.02	9.16	9119972	84671824.00
2012/05/14	9.17	9.59	9.17	9.53	26810977	257578736.00
2012/05/15	9.45	9.79	9.33	9.55	27576958	271314112.00
2012/05/16	9.51	9.71	9.44	9.51	13065659	127268560.00
2012/05/17	9.51	9.80	9.51	9.79	17550470	173636624.00
2012/05/18	9.70	9.89	9.43	9.59	13030405	128448264.00
2012/05/21	9.82	9.99	9.22	9.37	15674708	152526864.00
2012/05/22	9.68	9.74	9.34	9.47	15373057	148864624.00
2012/05/23	9.52	9.57	9.21	9.52	13954149	133267584.00
2012/05/24	9.41	9.76	9.34	9.42	13220099	128784280.00
2012/05/25	9.41	9.64	9.26	9.40	10588400	102065048.00
2012/05/28	9.29	9.49	9.07	9.37	9031041	85214576.00
2012/05/29	9.37	9.48	9.22	9.41	14484552	137915264.00
2012/05/30	9.38	9.38	9.25	9.31	8219457	77906848.00
2012/05/31	9.23	9.36	9.20	9.24	7311151	69035712.00
2012/06/01	9.30	9.47	9.25	9.29	6915098	65820960.00
2012/06/04	9.13	9.13	8.81	8.83	11327409	103177880.00
2012/06/05	8.84	8.91	8.74	8.78	5164322	46468704.00
2012/06/06	8.81	8.83	8.31	8.42	15856934	137370496.00
2012/06/07	8.48	8.52	8.23	8.31	5095009	43601544.00
2012/06/08	8.36	8.39	8.16	8.22	9362219	79021808.00
2012/06/11	8.25	8.28	8.01	8.23	14687637	121797744.00
2012/06/12	8.21	8.28	8.09	8.21	7729038	64703744.00
2012/06/13	8.21	8.39	8.12	8.38	9596465	81098096.00
2012/06/14	8.38	8.38	8.12	8.14	8893712	74378816.00
2012/06/15	8.17	8.36	8.16	8.30	10396305	87362168.00
2012/06/18	8.39	8.45	8.33	8.39	5430967	46207540.00
2012/06/19	8.42	8.45	8.32	8.35	6619564	56307580.00
2012/06/20	8.39	8.42	8.28	8.42	5801906	49166448.00
2012/06/21	8.35	8.49	8.35	8.44	5871939	50084364.00
2012/06/25	8.40	8.46	8.19	8.26	3777168	31897752.00
2012/06/26	8.16	8.42	8.13	8.41	3911288	32817756.00
2012/06/27	8.41	8.44	8.31	8.43	5619843	47720048.00
2012/06/28	8.44	8.48	8.28	8.29	5601717	47523176.00
2012/06/29	8.24	8.39	8.14	8.37	3162779	26524532.00
2012/07/02	8.37	8.40	8.21	8.22	4729973	39786840.00
2012/07/03	8.27	8.38	8.18	8.23	7491789	62947216.00
2012/07/04	8.23	8.39	8.04	8.10	7745224	64288164.00
2012/07/05	8.09	8.13	7.81	7.88	8370528	66865200.00
2012/07/06	7.92	7.96	7.53	7.80	16101965	126004296.00
2012/07/09	7.69	7.76	7.17	7.38	16165817	122598272.00
2012/07/10	7.37	7.39	7.02	7.19	16918418	122818928.00
2012/07/11	7.21	7.49	7.21	7.45	15861201	118670160.00
2012/07/12	7.51	7.81	7.51	7.72	15675890	121911728.00
2012/07/13	7.74	7.84	7.59	7.69	5843578	45734384.00
2012/07/16	7.69	7.74	7.60	7.64	8321157	64801696.00
2012/07/17	7.56	7.62	7.30	7.44	7228411	54597056.00
2012/07/18	7.44	7.55	7.37	7.54	6119590	46397072.00
2012/07/19	7.54	7.74	7.48	7.66	5467210	42200268.00
2012/07/20	7.62	7.64	7.34	7.45	6226566	47259728.00
2012/07/23	7.36	7.39	7.14	7.30	7161875	52640736.00
2012/07/24	7.20	7.37	7.20	7.29	3912075	28971436.00
2012/07/25	7.30	7.31	7.08	7.11	5522248	40186108.00
2012/07/26	7.12	7.19	6.89	6.93	9095254	64726000.00
2012/07/27	6.96	7.13	6.92	7.09	5544164	39458616.00
2012/07/30	7.09	7.19	7.05	7.08	3845462	27705244.00
2012/07/31	7.11	7.13	6.94	7.07	3877394	27667014.00
2012/08/01	7.05	7.25	7.05	7.15	4347196	31698032.00
2012/08/02	7.15	7.24	7.10	7.14	3269372	23788344.00
2012/08/03	7.16	7.20	7.06	7.19	3708702	26865022.00
2012/08/06	7.17	7.30	7.10	7.27	6380260	46764084.00
2012/08/07	7.20	7.48	7.20	7.35	8222627	61251936.00
2012/08/08	7.47	7.48	7.36	7.37	8139761	61255524.00
2012/08/09	7.37	7.41	7.28	7.39	4191615	31313750.00
2012/08/10	7.37	7.40	7.15	7.19	9177913	67571512.00
2012/08/13	7.16	7.16	6.95	6.98	8596943	61228868.00
2012/08/14	6.98	7.03	6.83	6.97	8499273	59652024.00
2012/08/15	6.95	6.95	6.75	6.77	11653245	80662344.00
2012/08/16	6.76	6.77	6.48	6.52	17435883	117034632.00
2012/08/17	6.51	6.51	6.35	6.43	17685605	115403408.00
2012/08/20	6.39	6.39	6.28	6.34	13943217	89574992.00
2012/08/21	6.34	6.48	6.33	6.43	10636429	69458696.00
2012/08/22	6.42	6.45	6.28	6.34	6724885	43548224.00
2012/08/23	6.33	6.59	6.32	6.54	13325521	88020440.00
2012/08/24	6.48	6.50	6.30	6.33	10050243	65175416.00
2012/08/27	6.29	6.29	5.99	6.02	10292047	64182480.00
2012/08/28	6.00	6.09	5.94	6.04	6622364	40541924.00
2012/08/29	5.99	6.17	5.94	6.06	5185451	32028420.00
2012/08/30	6.07	6.13	5.97	6.09	4633287	28562448.00
2012/08/31	6.04	6.17	6.04	6.13	3201529	19893450.00
2012/09/03	6.09	6.23	6.06	6.21	5314306	33416428.00
2012/09/04	6.21	6.24	6.12	6.13	3802656	23897584.00
2012/09/05	6.12	6.16	6.07	6.09	5306953	32940484.00
2012/09/06	6.14	6.23	6.10	6.16	5028777	31474028.00
2012/09/07	6.19	6.57	6.19	6.45	13587910	88369904.00
2012/09/10	6.46	6.51	6.39	6.47	6909458	45365168.00
2012/09/11	6.44	6.44	6.27	6.31	11404963	73236000.00
2012/09/12	6.34	6.47	6.32	6.42	9500950	61851060.00
2012/09/13	6.39	6.42	6.30	6.32	5733854	37117040.00
2012/09/14	6.33	6.37	6.23	6.29	8426517	53977248.00
2012/09/17	6.25	6.28	5.99	6.00	7185725	44803692.00
2012/09/18	5.99	6.06	5.98	6.01	3872183	23745690.00
2012/09/19	6.01	6.05	5.98	6.03	3604812	22091424.00
2012/09/20	6.02	6.05	5.90	5.91	5056670	30687928.00
2012/09/21	5.90	5.98	5.89	5.94	4178007	25206428.00
2012/09/24	5.91	6.04	5.87	5.99	4616102	28012764.00
2012/09/25	6.03	6.03	5.92	5.93	2546568	15446270.00
2012/09/26	5.95	5.97	5.85	5.86	4250708	25519988.00
2012/09/27	5.88	6.07	5.86	6.03	8605638	52282680.00
2012/09/28	5.99	6.13	5.99	6.12	6586308	40692832.00
2012/10/08	6.11	6.15	6.01	6.05	2899744	17910516.00
2012/10/09	6.07	6.36	6.07	6.31	9252493	59219760.00
2012/10/10	6.30	6.32	6.23	6.30	3740469	23889084.00
2012/10/11	6.30	6.32	6.24	6.28	3934355	25147192.00
2012/10/12	6.29	6.36	6.16	6.20	4775224	30269026.00
2012/10/15	6.20	6.20	5.94	6.01	9307938	56908952.00
2012/10/16	6.03	6.05	5.94	6.01	5038683	30720876.00
2012/10/17	6.02	6.06	5.94	6.01	3576721	21798488.00
2012/10/18	6.03	6.28	6.01	6.22	9577620	60148572.00
2012/10/19	6.24	6.25	6.14	6.18	5807278	36534120.00
2012/10/22	6.18	6.31	6.15	6.27	7282374	46315536.00
2012/10/23	6.31	6.32	6.19	6.20	6151227	39108112.00
2012/10/24	6.15	6.27	6.13	6.24	5362294	33698392.00
2012/10/25	6.22	6.30	6.15	6.17	5185469	32870382.00
2012/10/26	6.13	6.17	5.96	6.02	7722644	47368128.00
2012/10/29	5.98	6.01	5.94	5.98	4126805	25116530.00
2012/10/30	5.98	6.06	5.95	5.98	2939211	17936308.00
2012/10/31	5.98	6.10	5.95	6.07	5367057	32972138.00
2012/11/01	6.07	6.19	6.06	6.16	6320731	39484276.00
2012/11/02	6.16	6.26	6.15	6.24	8579716	54253592.00
2012/11/05	6.25	6.32	6.17	6.29	10534429	66971828.00
2012/11/06	6.28	6.29	6.15	6.28	7638646	48415432.00
2012/11/07	6.27	6.34	6.07	6.15	9180488	57717680.00
2012/11/08	6.12	6.12	5.97	5.99	6940922	42630440.00
2012/11/09	5.99	6.11	5.98	6.10	5630533	34808240.00
2012/11/12	6.09	6.19	6.09	6.15	6873858	43042960.00
2012/11/13	6.16	6.16	5.98	6.01	6155796	37937312.00
2012/11/14	6.05	6.10	5.91	5.99	5745284	35015632.00
2012/11/15	5.95	5.98	5.87	5.88	4589144	27644414.00
2012/11/16	5.89	5.94	5.87	5.90	3104513	18644476.00
2012/11/19	5.93	5.93	5.71	5.88	3770983	22412386.00
2012/11/20	5.90	5.91	5.67	5.73	5694791	33475128.00
2012/11/21	5.76	5.77	5.39	5.59	12993014	73597864.00
2012/11/22	5.54	5.62	5.44	5.50	5167806	29142080.00
2012/11/23	5.48	5.56	5.46	5.52	4518527	25402638.00
2012/11/26	5.51	5.60	5.51	5.58	5044791	28590836.00
2012/11/27	5.59	5.59	5.46	5.48	4242820	23944192.00
2012/11/28	5.48	5.53	5.37	5.51	3678130	20501000.00
2012/11/29	5.51	5.60	5.48	5.58	5830585	33092360.00
2012/11/30	5.57	5.64	5.47	5.63	5061505	28734444.00
2012/12/03	5.61	5.68	5.56	5.64	6420896	36890200.00
2012/12/04	5.64	5.67	5.43	5.57	5294717	29838078.00
2012/12/05	5.57	5.86	5.46	5.77	11960270	69257216.00
2012/12/06	5.75	5.76	5.63	5.69	8242454	47764236.00
2012/12/07	5.67	5.85	5.62	5.83	11307140	66529440.00
2012/12/10	5.83	6.03	5.80	6.01	13437082	81447760.00
2012/12/11	5.96	5.97	5.89	5.91	5382111	32498748.00
2012/12/12	5.91	5.97	5.85	5.95	5494493	33104956.00
2012/12/13	5.93	5.94	5.80	5.83	3721769	22248524.00
2012/12/14	5.99	6.36	5.94	6.33	29336205	184506048.00
2012/12/17	6.38	6.67	6.22	6.54	36417225	237960016.00
2012/12/18	6.46	6.57	6.33	6.39	16071126	105216192.00
2012/12/19	6.38	6.45	6.31	6.37	10102128	65435064.00
2012/12/20	6.39	6.56	6.33	6.55	16342609	107163352.00
2012/12/21	6.57	6.62	6.39	6.44	12420750	81921560.00
2012/12/24	6.40	6.45	6.32	6.37	10406200	67471760.00
2012/12/25	6.34	6.75	6.34	6.67	19910541	133779520.00
2012/12/26	6.68	6.76	6.55	6.71	15148051	102713688.00
2012/12/27	6.87	7.01	6.72	6.82	33784922	236030448.00
2012/12/28	6.81	6.96	6.67	6.91	18066032	124956896.00
2012/12/31	6.89	7.10	6.84	7.08	19031820	134468512.00
2013/01/04	7.06	7.07	6.68	6.78	21127587	146855456.00
2013/01/07	6.77	6.77	6.58	6.70	23936489	162187120.00
2013/01/08	6.68	6.74	6.56	6.72	15404779	104058720.00
2013/01/09	6.69	6.73	6.60	6.62	11960645	81016464.00
2013/01/10	6.63	6.91	6.63	6.73	20706128	142582896.00
2013/01/11	6.73	6.76	6.59	6.61	11814623	79852256.00
2013/01/14	6.60	6.81	6.56	6.79	14672580	100055344.00
2013/01/15	6.82	6.87	6.72	6.81	21328428	147120480.00
2013/01/16	6.83	6.92	6.60	6.69	21457732	147590816.00
2013/01/17	6.65	6.76	6.58	6.65	13725685	92975384.00
2013/01/18	6.71	6.90	6.69	6.89	24977545	172805168.00
2013/01/21	6.94	7.09	6.85	7.02	27853984	197968864.00
2013/01/22	7.02	7.08	6.76	6.81	22441586	157053184.00
2013/01/23	6.87	7.06	6.74	6.82	29555294	206755472.00
2013/01/24	6.82	6.93	6.49	6.60	26747243	183529344.00
2013/01/25	6.58	6.72	6.56	6.65	8898495	60082480.00
2013/01/28	6.64	6.87	6.64	6.84	13114743	90661504.00
2013/01/29	6.87	7.05	6.84	6.91	18392621	129965696.00
2013/01/30	6.91	6.93	6.74	6.86	15834006	109597928.00
2013/01/31	6.85	6.86	6.68	6.75	12557323	85930720.00
2013/02/01	6.71	6.80	6.69	6.79	12858432	88339696.00
2013/02/04	6.77	6.79	6.59	6.63	17593377	119157784.00
2013/02/05	6.64	7.12	6.64	7.10	35766806	251819648.00
2013/02/06	7.04	7.16	6.97	7.07	23605457	169046896.00
2013/02/07	7.06	7.12	6.99	7.08	14510757	104031696.00
2013/02/08	7.08	7.68	7.08	7.64	41883595	317140832.00
2013/02/18	7.57	7.96	7.50	7.85	42843721	338426688.00
2013/02/19	7.74	8.16	7.59	7.64	42465725	341269472.00
2013/02/20	7.84	7.95	7.57	7.64	32322183	252380896.00
2013/02/21	7.64	7.64	7.10	7.22	37955191	281019104.00
2013/02/22	7.19	7.34	7.15	7.29	20331596	150274784.00
2013/02/25	7.28	7.60	7.25	7.57	26789301	203272288.00
2013/02/26	7.50	7.56	7.31	7.34	13620071	102396056.00
2013/02/27	7.33	7.39	7.17	7.26	9578263	70472544.00
2013/02/28	7.27	7.53	7.27	7.51	22142777	167518416.00
2013/03/01	7.53	7.69	7.42	7.64	15678624	120244640.00
2013/03/04	7.53	7.81	7.42	7.44	25235976	195444352.00
2013/03/05	7.44	7.52	7.09	7.39	22712682	168315696.00
2013/03/06	7.39	7.43	7.21	7.42	15623922	116003288.00
2013/03/07	7.29	7.62	7.29	7.44	18740206	142498176.00
2013/03/08	7.44	7.56	7.27	7.50	15889345	119694688.00
2013/03/11	7.64	7.77	7.31	7.39	33255283	251731552.00
2013/03/12	7.34	7.34	6.74	6.84	37849420	268860608.00
2013/03/13	6.79	6.87	6.53	6.62	17439434	117447824.00
2013/03/14	6.59	6.67	6.46	6.51	19057584	126414848.00
2013/03/15	6.55	6.72	6.50	6.65	29070410	195872176.00
2013/03/18	6.64	6.65	6.28	6.34	20391867	133215896.00
2013/03/19	6.34	6.49	6.28	6.40	15571287	101006992.00
2013/03/20	6.41	6.63	6.38	6.60	20551306	136345184.00
2013/03/21	6.61	6.65	6.55	6.65	17809855	119608800.00
2013/03/22	6.65	6.76	6.54	6.72	18851051	127912896.00
2013/03/25	6.69	6.69	6.53	6.67	15790625	105868080.00
2013/03/26	6.61	6.61	6.45	6.49	11017939	72853384.00
2013/03/27	6.49	6.57	6.33	6.48	14217938	93325008.00
2013/03/28	6.38	6.43	6.19	6.21	13481157	86231152.00
2013/03/29	6.27	6.28	6.13	6.19	5533467	34887104.00
2013/04/01	6.19	6.24	6.12	6.18	4828390	30410140.00
2013/04/02	6.19	6.25	5.84	5.88	32758339	198971120.00
2013/04/03	5.90	5.91	5.75	5.81	14367454	85180400.00
2013/04/08	5.75	5.80	5.67	5.79	13278193	77495776.00
2013/04/09	5.81	5.93	5.78	5.91	16135383	96582168.00
2013/04/10	5.93	5.97	5.81	5.89	14486151	86991696.00
2013/04/11	6.03	6.09	5.86	5.89	15581017	94486680.00
2013/04/12	5.85	5.94	5.79	5.80	7780921	46434400.00
2013/04/15	5.80	5.80	5.57	5.63	11888102	68347632.00
2013/04/16	5.59	5.72	5.53	5.69	8455110	48540792.00
2013/04/17	5.73	5.73	5.57	5.64	10946912	62800440.00
2013/04/18	5.61	5.68	5.58	5.63	9075958	52084776.00
2013/04/19	5.64	5.89	5.64	5.89	21815428	128953616.00
2013/04/22	5.86	5.96	5.78	5.94	18268960	109251632.00
2013/04/23	5.92	5.92	5.67	5.70	17359903	102169688.00
2013/04/24	5.87	6.27	5.85	6.25	66576727	411013824.00
2013/04/25	6.19	6.53	6.10	6.28	80800750	523547232.00
2013/04/26	6.31	6.36	6.17	6.27	28145958	178934720.00
2013/05/02	6.25	6.46	6.23	6.34	28944435	187338752.00
2013/05/03	6.37	6.50	6.19	6.40	37717949	244686688.00
2013/05/06	6.44	6.44	6.27	6.35	26733611	172651408.00
2013/05/07	6.33	6.45	6.23	6.40	31119507	201148256.00
2013/05/08	6.40	6.74	6.35	6.69	50505214	336748864.00
2013/05/09	6.62	6.85	6.57	6.72	41381605	282180736.00
2013/05/10	6.73	6.77	6.55	6.69	23972470	162385536.00
2013/05/13	6.69	6.72	6.50	6.57	27505282	183632048.00
2013/05/14	6.52	6.67	6.48	6.55	20401791	136044352.00
2013/05/15	6.55	6.59	6.43	6.48	19703527	130059800.00
2013/05/16	6.47	6.79	6.36	6.70	33970635	229257632.00
2013/05/17	6.67	6.83	6.60	6.73	29055053	199184640.00
2013/05/20	6.74	7.03	6.73	6.91	33643478	235021984.00
2013/05/21	6.92	7.09	6.85	6.99	32412648	230023840.00
2013/05/22	6.98	7.04	6.74	6.80	31156221	216909056.00
2013/05/23	6.76	6.81	6.60	6.63	29708414	201939520.00
2013/05/24	6.64	6.77	6.60	6.74	22512867	153039648.00
2013/05/27	6.70	6.86	6.68	6.76	26960919	186028720.00
2013/05/28	6.79	6.85	6.67	6.84	22665833	156039360.00
2013/05/29	6.89	7.15	6.89	7.04	52888006	379327904.00
2013/05/30	7.00	7.54	6.95	7.46	71241397	524246016.00
2013/05/31	7.44	7.44	7.12	7.15	50258235	370324192.00
2013/06/03	7.16	7.31	7.12	7.17	32458220	237393280.00
2013/06/04	7.14	7.14	6.82	6.93	30675320	216773616.00
2013/06/05	6.89	6.98	6.81	6.91	18860133	132140568.00
2013/06/06	6.97	7.13	6.94	7.02	36463786	260770208.00
2013/06/07	7.08	7.16	6.61	6.63	42338337	293493696.00
2013/06/13	6.40	6.43	6.05	6.09	31222309	196086576.00
2013/06/14	6.12	6.22	6.04	6.17	25528594	159969552.00
2013/06/17	6.32	6.44	6.22	6.24	32510939	205428544.00
2013/06/18	6.24	6.30	6.17	6.25	17000728	105711768.00
2013/06/19	6.25	6.25	6.09	6.19	13054973	80279504.00
2013/06/20	6.11	6.14	5.96	5.97	15236165	91876536.00
2013/06/21	5.90	6.10	5.80	5.99	14749181	88272176.00
2013/06/24	5.92	6.04	5.39	5.58	24503154	139523632.00
2013/06/25	5.51	5.62	5.04	5.46	40243269	213988128.00
2013/06/26	5.47	5.62	5.31	5.55	25951957	143449824.00
2013/06/27	5.59	5.66	5.35	5.36	23233836	128144000.00
2013/06/28	5.36	5.51	5.14	5.30	20840327	111099864.00
2013/07/01	5.30	5.40	5.24	5.39	10114579	53892384.00
2013/07/02	5.41	5.44	5.22	5.38	21534240	114463264.00
2013/07/03	5.34	5.36	5.22	5.34	13691656	72432208.00
2013/07/04	5.30	5.59	5.26	5.53	25792529	141324000.00
2013/07/05	5.56	5.58	5.47	5.49	14054802	77506184.00
2013/07/08	5.36	5.36	5.20	5.20	14612895	77042672.00
2013/07/09	5.18	5.29	5.18	5.26	7274356	38141612.00
2013/07/10	5.23	5.50	5.21	5.48	17378564	94014408.00
2013/07/11	5.49	5.81	5.39	5.67	27582016	155146320.00
2013/07/12	5.68	5.72	5.52	5.53	20702599	116445472.00
2013/07/15	5.53	5.70	5.51	5.64	12968916	72785184.00
2013/07/16	5.62	5.81	5.52	5.77	22791466	129333848.00
2013/07/17	5.75	5.78	5.55	5.61	16615039	94449176.00
2013/07/18	5.62	5.67	5.52	5.57	11677408	65183484.00
2013/07/19	5.56	5.62	5.33	5.34	13549096	74561168.00
2013/07/22	5.32	5.43	5.27	5.42	9677586	51845712.00
2013/07/23	5.49	5.78	5.42	5.70	22074702	124492624.00
2013/07/24	5.68	5.74	5.53	5.69	17165262	96959672.00
2013/07/25	5.78	6.07	5.75	5.76	43598487	256895296.00
2013/07/26	5.71	5.89	5.68	5.85	18195921	105770720.00
2013/07/29	5.79	5.79	5.58	5.69	12664463	72035728.00
2013/07/30	5.67	5.80	5.53	5.66	10785768	61067088.00
2013/07/31	5.67	5.74	5.56	5.62	11668454	65852692.00
2013/08/01	5.63	5.76	5.62	5.75	13680211	78129752.00
2013/08/02	5.80	5.89	5.73	5.78	20739363	120654976.00
2013/08/05	5.76	5.88	5.72	5.85	14692330	85538416.00
2013/08/06	5.80	5.89	5.72	5.85	20677043	120006504.00
2013/08/07	5.82	5.93	5.74	5.75	24584049	143189744.00
2013/08/08	5.75	5.78	5.59	5.68	19307338	109940880.00
2013/08/09	5.70	5.74	5.61	5.72	13086155	74453024.00
2013/08/12	5.70	5.85	5.68	5.85	19025522	110220912.00
2013/08/13	5.85	5.92	5.81	5.88	16674140	97611288.00
2013/08/14	5.87	5.93	5.78	5.80	17148491	100448616.00
2013/08/15	5.80	6.13	5.80	5.91	52740034	316897184.00
2013/08/16	5.85	6.05	5.73	5.76	34411051	200957040.00
2013/08/19	5.73	5.88	5.65	5.88	21911708	126471768.00
2013/08/20	5.97	6.11	5.83	5.93	50885208	304667808.00
2013/08/21	5.91	5.92	5.78	5.88	19219260	112363728.00
2013/08/22	5.85	5.90	5.80	5.81	15040248	87945928.00
2013/08/23	5.81	6.02	5.79	5.93	38632985	228968336.00
2013/08/26	5.93	6.06	5.91	6.05	31541792	189509696.00
2013/08/27	6.08	6.22	6.00	6.19	37511725	230506752.00
2013/08/28	6.14	6.20	6.02	6.10	31286545	190835248.00
2013/08/29	6.08	6.51	6.06	6.40	66523498	420267872.00
2013/08/30	6.33	6.75	6.31	6.47	79839432	522303520.00
2013/09/02	6.45	6.46	6.08	6.21	36096678	224157760.00
2013/09/03	6.20	6.34	6.11	6.29	22936862	143656336.00
2013/09/04	6.27	6.38	6.18	6.23	27758347	173663744.00
2013/09/05	6.23	6.24	6.10	6.15	20499518	125890256.00
2013/09/06	6.15	6.36	6.11	6.25	29920968	186572256.00
2013/09/09	6.26	6.42	6.21	6.38	40307851	255436032.00
2013/09/10	6.35	6.64	6.31	6.55	47657395	310390720.00
2013/09/11	6.60	6.69	6.40	6.47	33808945	219982000.00
2013/09/12	6.45	6.60	6.34	6.50	32054873	207293744.00
2013/09/13	6.44	6.58	6.35	6.42	26131825	168384864.00
2013/09/16	6.38	6.49	6.30	6.40	21513222	137205952.00
2013/09/17	6.35	6.38	6.05	6.08	27406303	170205056.00
2013/09/18	6.06	6.12	5.94	6.05	19787199	118903440.00
2013/09/23	6.05	6.17	6.03	6.16	14635334	89444672.00
2013/09/24	6.13	6.13	5.99	6.04	20785695	125627264.00
2013/09/25	6.04	6.25	5.98	6.15	22130103	134992816.00
2013/09/26	6.09	6.15	5.97	5.98	15415524	93059640.00
2013/09/27	5.99	6.06	5.91	5.92	13368859	79774856.00
2013/09/30	5.94	6.08	5.94	6.03	9814359	59044716.00
2013/10/08	6.03	6.11	5.98	6.10	9629832	58405016.00
2013/10/09	6.08	6.32	6.05	6.26	23501103	145961008.00
2013/10/10	6.26	6.32	6.11	6.25	22551198	139842784.00
2013/10/11	6.28	6.32	6.23	6.29	21191052	133153936.00
2013/10/14	6.34	6.48	6.33	6.37	33318043	213367632.00
2013/10/15	6.37	6.77	6.23	6.61	61783864	404979232.00
2013/10/16	6.52	6.54	6.23	6.26	32067398	204138208.00
2013/10/17	6.31	6.35	6.14	6.17	20063775	125029152.00
2013/10/18	6.20	6.28	6.15	6.23	11689674	72738504.00
2013/10/21	6.24	6.48	6.18	6.35	26056950	165292992.00
2013/10/22	6.35	6.57	6.30	6.40	42255525	272120576.00
2013/10/23	6.40	6.52	6.15	6.19	26553586	167675904.00
2013/10/24	6.17	6.29	6.11	6.19	11112537	68783248.00
2013/10/25	6.17	6.24	6.09	6.11	14400160	88552688.00
2013/10/28	6.13	6.20	6.01	6.02	15081367	91638424.00
2013/10/29	6.03	6.09	5.68	5.79	24308378	143111568.00
2013/10/30	5.79	5.96	5.77	5.93	14531904	85419752.00
2013/10/31	5.90	6.04	5.85	5.90	12257330	73190536.00
2013/11/01	5.95	5.99	5.84	5.87	12733439	75107176.00
2013/11/04	5.87	5.93	5.83	5.88	11713736	68803224.00
2013/11/05	5.85	5.89	5.78	5.89	9519686	55603008.00
2013/11/06	5.91	6.05	5.87	5.93	19367367	115564992.00
2013/11/07	5.91	5.94	5.80	5.81	12579163	73490736.00
2013/11/08	5.82	5.87	5.70	5.71	9283912	53536688.00
2013/11/11	5.76	5.76	5.58	5.61	13030589	73850960.00
2013/11/12	5.63	5.70	5.60	5.66	9181655	51836720.00
2013/11/13	5.62	5.63	5.46	5.47	12800116	70823632.00
2013/11/14	5.47	5.54	5.42	5.50	10810515	59355612.00
2013/11/15	5.51	5.74	5.48	5.66	17606159	99137024.00
2013/11/18	5.64	5.81	5.64	5.79	14807979	85111464.00
2013/11/19	5.80	5.86	5.75	5.79	12225970	70922904.00
2013/11/20	5.82	5.85	5.75	5.83	10680226	61897464.00
2013/11/21	5.79	5.84	5.69	5.76	16351655	94022080.00
2013/11/22	5.75	5.78	5.68	5.70	10349207	59244292.00
2013/11/25	5.68	5.76	5.66	5.69	8594184	49083320.00
2013/11/26	5.70	5.72	5.63	5.65	9843139	55720000.00
2013/11/27	5.66	5.76	5.65	5.75	14540510	82980208.00
2013/11/28	5.76	5.85	5.73	5.84	19626381	113825712.00
2013/11/29	5.87	5.88	5.79	5.80	11242572	65433232.00
2013/12/02	5.71	5.78	5.55	5.65	16131682	91598312.00
2013/12/03	5.61	5.73	5.60	5.73	12209747	69241696.00
2013/12/04	5.70	5.98	5.68	5.94	36074295	211821136.00
2013/12/05	6.01	6.07	5.92	6.01	40828863	244801936.00
2013/12/06	5.96	6.00	5.89	5.91	13957188	82797816.00
2013/12/09	5.91	6.02	5.91	5.95	12364891	73800760.00
2013/12/10	5.95	6.00	5.92	5.95	13503468	80407176.00
2013/12/11	5.92	5.93	5.77	5.82	14894492	86869408.00
2013/12/12	5.82	5.85	5.77	5.84	9256129	53841672.00
2013/12/13	5.82	5.93	5.79	5.88	14909817	87594864.00
2013/12/16	5.88	5.88	5.69	5.69	15557472	89995992.00
2013/12/17	5.72	5.87	5.66	5.85	13907559	80371656.00
2013/12/18	5.93	5.95	5.82	5.82	13647223	80306520.00
2013/12/19	5.82	5.86	5.73	5.76	7690128	44546588.00
2013/12/20	5.74	5.81	5.67	5.72	11219115	64362340.00
2013/12/23	5.74	5.82	5.69	5.75	9874606	56756024.00
2013/12/24	5.77	5.79	5.64	5.74	9810222	56243116.00
2013/12/25	5.72	5.74	5.62	5.70	11420795	64834808.00
2013/12/26	5.69	5.70	5.59	5.60	9258010	52197012.00
2013/12/27	5.60	5.72	5.58	5.68	10410621	58859248.00
2013/12/30	5.71	5.73	5.64	5.68	6115473	34685656.00
2013/12/31	5.66	5.72	5.63	5.69	5114500	29088138.00
2014/01/02	5.70	5.70	5.63	5.67	4342855	24614246.00
2014/01/03	5.65	5.70	5.46	5.51	20012586	110810472.00
2014/01/06	5.50	5.50	5.25	5.29	12215073	65115340.00
2014/01/07	5.28	5.37	5.24	5.36	9680225	51363620.00
2014/01/08	5.36	5.38	5.22	5.23	10557178	55914136.00
2014/01/09	5.25	5.29	5.18	5.21	7984211	41866492.00
2014/01/10	5.21	5.21	5.10	5.13	8427406	43347880.00
2014/01/13	5.12	5.19	5.11	5.15	4662589	23993652.00
2014/01/14	5.15	5.18	5.09	5.18	9410452	48352060.00
2014/01/15	5.15	5.16	5.09	5.15	5941825	30459996.00
2014/01/16	5.14	5.22	5.11	5.18	6863975	35513736.00
2014/01/17	5.16	5.19	5.10	5.12	5785405	29729670.00
2014/01/20	5.12	5.15	5.09	5.11	5538152	28342770.00
2014/01/21	5.12	5.19	5.12	5.18	4423850	22848464.00
2014/01/22	5.19	5.30	5.16	5.29	11738656	61736624.00
2014/01/23	5.29	5.35	5.23	5.34	10399251	54845200.00
2014/01/24	5.37	5.39	5.29	5.34	16524157	88090952.00
2014/01/27	5.29	5.30	5.20	5.21	10403959	54644428.00
2014/01/28	5.22	5.30	5.22	5.24	6926325	36378144.00
2014/01/29	5.23	5.34	5.23	5.27	10950555	57834708.00
2014/01/30	5.27	5.27	5.17	5.19	5969817	31131164.00
2014/02/07	5.16	5.26	5.14	5.26	6497725	33852164.00
2014/02/10	5.26	5.37	5.25	5.36	13939464	74353344.00
2014/02/11	5.36	5.42	5.32	5.39	14887537	80051712.00
2014/02/12	5.38	5.47	5.36	5.42	15439337	83603600.00
2014/02/13	5.41	5.49	5.36	5.37	15040323	81824936.00
2014/02/14	5.36	5.72	5.36	5.61	35713149	198983056.00
2014/02/17	5.65	5.65	5.52	5.59	28551773	158885728.00
2014/02/18	5.57	5.61	5.50	5.60	22137573	122680056.00
2014/02/19	5.60	5.63	5.55	5.57	14079871	78631672.00
2014/02/20	5.56	5.72	5.54	5.59	22847363	128781480.00
2014/02/21	5.57	5.65	5.39	5.45	14526741	79809008.00
2014/02/24	5.42	5.42	5.26	5.30	11760253	62426132.00
2014/02/25	5.29	5.33	5.11	5.16	12411944	64997280.00
2014/02/26	5.18	5.24	5.10	5.23	10943862	56747600.00
2014/02/27	5.26	5.33	5.17	5.21	9892045	51845280.00
2014/02/28	5.21	5.25	5.16	5.21	10076481	52422520.00
2014/03/03	5.22	5.37	5.19	5.36	13422966	71032456.00
2014/03/04	5.35	5.35	5.27	5.32	6731809	35700084.00
2014/03/05	5.34	5.34	5.25	5.28	7558648	39973608.00
2014/03/06	5.25	5.31	5.22	5.30	7837237	41233360.00
2014/03/07	5.29	5.48	5.28	5.37	19835757	107158376.00
2014/03/10	5.37	5.38	5.10	5.15	13262060	69082416.00
2014/03/11	5.15	5.15	4.99	5.06	14403900	73005432.00
2014/03/12	5.03	5.09	4.99	5.06	9722374	49066980.00
2014/03/13	5.07	5.15	5.06	5.12	8220651	41998056.00
2014/03/14	5.11	5.13	5.04	5.07	5469817	27811952.00
2014/03/17	5.07	5.15	5.06	5.14	8440967	43130880.00
2014/03/18	5.14	5.30	5.13	5.22	18412011	95903992.00
2014/03/19	5.22	5.27	5.17	5.21	15957413	83197752.00
2014/03/20	5.20	5.40	5.18	5.23	37044370	196700512.00
2014/03/21	5.23	5.36	5.15	5.34	23890306	126060576.00
2014/03/24	5.34	5.37	5.28	5.35	15978364	85173992.00
2014/03/25	5.33	5.35	5.24	5.30	13739881	72861368.00
2014/03/26	5.30	5.31	5.23	5.25	8952859	47123132.00
2014/03/27	5.26	5.32	5.24	5.27	10296045	54349144.00
2014/03/28	5.26	5.29	5.11	5.13	13350953	69143656.00
2014/03/31	5.14	5.17	5.11	5.14	6474878	33277408.00
2014/04/01	5.13	5.18	5.11	5.18	7240156	37331624.00
2014/04/02	5.29	5.41	5.25	5.29	24491884	130522048.00
2014/04/03	5.40	5.45	5.27	5.30	24066074	128666008.00
2014/04/04	5.26	5.27	5.19	5.25	11974214	62665624.00
2014/04/08	5.21	5.32	5.21	5.31	16873875	89184520.00
2014/04/09	5.30	5.32	5.27	5.30	11149605	59013672.00
2014/04/10	5.31	5.38	5.30	5.34	19134685	102108192.00
2014/04/11	5.32	5.42	5.31	5.38	23107693	124020336.00
2014/04/14	5.36	5.46	5.29	5.44	19218160	103382752.00
2014/04/15	5.42	5.44	5.36	5.38	13678703	73661656.00
2014/04/16	5.38	5.39	5.34	5.36	8325509	44664640.00
2014/04/17	5.36	5.38	5.32	5.33	6974594	37281464.00
2014/04/18	5.32	5.36	5.28	5.36	5574350	29654604.00
2014/04/21	5.31	5.34	5.19	5.21	13437496	70806648.00
2014/04/22	5.20	5.24	5.16	5.23	6237554	32470596.00
2014/04/23	5.22	5.24	5.17	5.21	5753898	29918896.00
2014/04/24	5.22	5.22	5.13	5.14	6922064	35767652.00
2014/04/25	5.13	5.17	5.06	5.06	7850125	40147392.00
2014/04/28	5.04	5.08	5.00	5.03	8306849	41792864.00
2014/04/29	5.02	5.10	5.00	5.09	6797409	34309064.00
2014/04/30	5.09	5.13	5.05	5.12	5445704	27740890.00
2014/05/05	5.12	5.17	5.11	5.13	6510275	33422136.00
2014/05/06	5.13	5.14	5.09	5.12	5406370	27645904.00
2014/05/07	5.08	5.21	5.07	5.11	8568985	44102312.00
2014/05/08	5.10	5.16	5.07	5.09	5659561	28942492.00
2014/05/09	5.07	5.12	5.06	5.08	5012822	25492792.00
2014/05/12	5.11	5.20	5.10	5.19	11373102	58746072.00
2014/05/13	5.19	5.20	5.13	5.19	5861067	30252416.00
2014/05/14	5.18	5.19	5.15	5.15	4680215	24205052.00
2014/05/15	5.15	5.16	5.07	5.10	5948608	30390868.00
2014/05/16	5.07	5.10	5.04	5.06	4432898	22480356.00
2014/05/19	5.08	5.11	5.03	5.07	6024606	30527002.00
2014/05/20	5.08	5.14	5.05	5.09	8121523	41391016.00
2014/05/21	5.07	5.11	5.04	5.10	5495896	27904304.00
2014/05/22	5.09	5.14	5.08	5.10	7319887	37426080.00
2014/05/23	5.09	5.10	5.06	5.10	4726301	24029952.00
2014/05/26	5.11	5.13	5.08	5.11	6507869	33172804.00
2014/05/27	5.10	5.11	5.05	5.06	5480856	27826604.00
2014/05/28	5.05	5.07	4.99	5.02	22799587	114434960.00
2014/05/29	5.02	5.03	4.92	4.93	17353639	86277264.00
2014/05/30	4.93	4.95	4.90	4.92	8746932	43012612.00
2014/06/03	4.93	4.97	4.90	4.91	7544194	37199252.00
2014/06/04	4.92	4.99	4.92	4.96	17564833	87078736.00
2014/06/05	4.95	4.98	4.92	4.96	6274870	31033384.00
2014/06/06	4.97	5.02	4.95	4.96	8790676	43810888.00
2014/06/09	4.97	4.99	4.93	4.94	7198057	35669316.00
2014/06/10	4.94	4.97	4.91	4.96	5098676	25216876.00
2014/06/11	4.97	4.98	4.94	4.97	6546118	32438788.00
2014/06/12	4.96	4.99	4.94	4.95	11350279	56363644.00
2014/06/13	4.93	4.97	4.92	4.97	10552616	52221096.00
2014/06/16	4.96	4.98	4.94	4.97	8149283	40450948.00
2014/06/17	4.96	4.97	4.91	4.92	8479963	41833208.00
2014/06/18	4.92	4.93	4.84	4.84	11040753	53892812.00
2014/06/19	4.84	4.86	4.72	4.74	9530285	45770816.00
2014/06/20	4.74	4.77	4.70	4.72	8193709	38724096.00
2014/06/23	4.75	4.76	4.72	4.75	6054937	28655140.00
2014/06/24	4.75	4.82	4.74	4.81	6200225	29611694.00
2014/06/25	4.80	4.80	4.74	4.74	4959673	23608686.00
2014/06/26	4.75	4.78	4.71	4.77	10039345	47781240.00
2014/06/27	4.77	4.81	4.74	4.80	10232501	48982168.00
2014/06/30	4.80	4.84	4.79	4.82	8532516	41105648.00
2014/07/01	4.82	4.90	4.77	4.89	16527759	79896712.00
2014/07/02	4.86	4.96	4.81	4.94	21133179	103217200.00
2014/07/03	5.05	5.17	5.01	5.03	41993586	213811728.00
2014/07/04	5.00	5.01	4.92	4.93	21468265	106284624.00
2014/07/07	4.94	4.95	4.89	4.90	8920899	43818956.00
2014/07/08	4.89	4.94	4.88	4.94	7446735	36549272.00
2014/07/09	4.92	4.95	4.86	4.87	8766383	42968020.00
2014/07/10	4.88	4.89	4.85	4.86	7005599	34107200.00
2014/07/11	4.86	4.95	4.86	4.91	7933972	38989852.00
2014/07/14	4.90	4.97	4.90	4.96	9063092	44752428.00
2014/07/15	4.95	4.97	4.92	4.96	7382783	36501852.00
2014/07/16	4.95	5.04	4.93	4.99	15615276	77959184.00
2014/07/17	4.98	5.00	4.90	4.93	10531337	52010124.00
2014/07/18	4.90	4.96	4.90	4.93	5861288	28926156.00
2014/07/21	4.93	4.94	4.90	4.93	5295775	26083648.00
2014/07/22	4.92	4.98	4.90	4.98	10350440	51301256.00
2014/07/23	4.98	5.13	4.96	5.06	27310862	138041472.00
2014/07/24	5.04	5.10	5.02	5.07	21689664	109667112.00
2014/07/25	5.05	5.17	5.04	5.11	18093925	92397680.00
2014/07/28	5.11	5.22	5.10	5.19	28915933	149785264.00
2014/07/29	5.21	5.22	5.14	5.17	20873877	107988256.00
2014/07/30	5.15	5.25	5.15	5.18	16657333	86563448.00
2014/07/31	5.18	5.26	5.16	5.25	17202416	89562000.00
2014/08/01	5.23	5.32	5.15	5.16	19016263	99371408.00
2014/08/04	5.18	5.28	5.16	5.26	21242418	111107936.00
2014/08/05	5.24	5.30	5.22	5.28	20420400	107308920.00
2014/08/06	5.26	5.31	5.23	5.30	18726878	98831432.00
2014/08/07	5.32	5.43	5.31	5.32	44823357	240904016.00
2014/08/08	5.33	5.39	5.28	5.33	18282603	97133264.00
2014/08/11	5.33	5.45	5.30	5.38	29242372	157463328.00
2014/08/12	5.40	5.40	5.32	5.34	20655319	110517456.00
2014/08/13	5.35	5.39	5.29	5.35	19755845	105409192.00
2014/08/14	5.37	5.40	5.29	5.31	19591722	104578352.00
2014/08/15	5.30	5.37	5.28	5.33	16667013	88731720.00
2014/08/18	5.33	5.49	5.33	5.46	34567220	187481616.00
2014/08/19	5.46	5.59	5.43	5.50	36575422	201788480.00
2014/08/20	5.55	5.63	5.51	5.56	32709526	181864096.00
2014/08/21	5.57	5.58	5.40	5.45	31633911	172771040.00
2014/08/22	5.45	5.50	5.41	5.49	16355049	89138040.00
2014/08/25	5.62	5.70	5.51	5.53	36890612	206186032.00
2014/08/26	5.50	5.59	5.41	5.42	25279837	138621008.00
2014/08/27	5.43	5.45	5.37	5.40	12679318	68598184.00
2014/08/28	5.36	5.39	5.25	5.26	17574247	93393528.00
2014/08/29	5.24	5.32	5.23	5.31	12949877	68491792.00
2014/09/01	5.32	5.47	5.29	5.46	18611251	100252600.00
2014/09/02	5.45	5.50	5.41	5.49	15791058	86382712.00
2014/09/03	5.50	5.54	5.45	5.48	18201209	99948608.00
2014/09/04	5.48	5.77	5.45	5.67	51768670	292340384.00
2014/09/05	5.66	5.84	5.60	5.77	48248440	277163040.00
2014/09/09	5.74	6.00	5.70	5.94	51776526	304950048.00
2014/09/10	5.93	6.19	5.88	6.00	58856663	356167136.00
2014/09/11	6.00	6.06	5.90	5.93	31908192	190697008.00
2014/09/12	5.90	6.16	5.88	6.07	36461646	219704880.00
2014/09/15	6.06	6.15	5.99	6.10	30212710	183265856.00
2014/09/16	6.09	6.27	5.94	5.99	65323428	399867008.00
2014/09/17	5.98	6.09	5.94	6.04	21240653	127908232.00
2014/09/18	6.04	6.04	5.92	5.96	19823958	118531528.00
2014/09/19	5.98	6.03	5.90	6.00	19500714	116402624.00
2014/09/22	5.98	6.01	5.85	5.85	16135553	95449960.00
2014/09/23	5.87	5.98	5.80	5.94	16094298	95097984.00
2014/09/24	5.94	6.21	5.92	6.15	38012024	232712816.00
2014/09/25	6.26	6.35	6.10	6.14	28703107	178082464.00
2014/09/26	6.09	6.30	6.08	6.15	36419843	225846160.00
2014/09/29	6.21	6.26	6.13	6.23	23425968	144954416.00
2014/09/30	6.23	6.31	6.20	6.27	19948733	124815536.00
2014/10/08	6.38	6.90	6.26	6.90	54960754	364882688.00
2014/10/09	7.07	7.08	6.70	6.78	59628881	408431936.00
2014/10/10	6.75	6.93	6.72	6.84	57962647	396989536.00
2014/10/13	6.79	6.90	6.52	6.83	44201337	296350208.00
2014/10/14	6.77	6.96	6.68	6.94	44079848	300125216.00
2014/10/15	6.89	7.30	6.86	7.23	60392191	432822624.00
2014/10/16	7.19	7.78	7.11	7.26	70347068	523168576.00
2014/10/17	7.24	7.37	6.93	7.11	46307905	330078656.00
2014/10/20	7.15	7.21	6.99	7.14	25560943	182044304.00
2014/10/21	7.12	7.20	6.99	7.02	28729930	203523008.00
2014/10/22	7.00	7.07	6.75	6.78	28871263	199611488.00
2014/10/23	6.78	6.85	6.65	6.78	27507300	185757056.00
2014/10/24	6.76	7.07	6.73	7.03	34609591	241488480.00
2014/10/27	7.02	7.47	6.96	7.43	50973075	372729696.00
2014/10/28	7.42	7.58	7.34	7.52	47311456	352813344.00
2014/10/29	7.52	7.77	7.44	7.46	58264481	442437568.00
2014/10/30	7.46	7.97	7.38	7.66	61393502	473602304.00
2014/10/31	7.60	7.74	7.40	7.46	37330082	280169120.00
2014/11/03	7.48	7.82	7.40	7.64	35043826	267577168.00
2014/11/04	7.74	7.83	7.52	7.82	43162916	331571904.00
2014/11/05	7.83	7.90	7.70	7.73	38117692	297791744.00
2014/11/06	7.70	7.73	7.44	7.58	28234920	213563696.00
2014/11/07	7.58	7.95	7.52	7.71	41698178	322764864.00
2014/11/10	7.85	8.04	7.69	7.86	43683197	344652032.00
2014/11/11	7.87	7.96	7.43	7.50	43664534	333645888.00
2014/11/12	7.47	7.64	7.40	7.62	22943965	172729984.00
2014/11/13	7.61	7.73	7.24	7.38	33539123	247768160.00
2014/11/14	7.30	7.38	7.15	7.27	26026359	188718912.00
2014/11/17	7.33	7.47	7.17	7.36	18323577	135101088.00
2014/11/18	7.36	7.43	7.23	7.25	13326619	97729360.00
2014/11/19	7.25	7.28	7.01	7.14	24511612	175003168.00
2014/11/20	7.09	7.33	7.08	7.25	14597245	105648176.00
2014/11/21	7.24	7.31	7.15	7.30	15100554	109438752.00
2014/11/24	7.42	7.54	7.39	7.44	27196163	202834656.00
2014/11/25	7.45	7.60	7.36	7.53	27309492	205084288.00
2014/11/26	7.55	7.70	7.44	7.54	27785913	210622336.00
2014/11/27	7.55	7.77	7.48	7.66	30840157	235287728.00
2014/11/28	7.61	7.87	7.53	7.60	41934467	322986720.00
2014/12/01	7.85	8.10	7.76	8.05	82012010	652843840.00
2014/12/02	7.99	8.05	7.86	8.00	40588520	323551712.00
2014/12/03	8.00	8.45	7.92	8.22	68536599	562315072.00
2014/12/04	8.18	8.32	8.07	8.24	47896060	392609216.00
2014/12/05	8.20	8.20	7.67	7.85	56217762	445507296.00
2014/12/08	7.80	8.10	7.67	8.00	38148021	302437632.00
2014/12/09	7.94	8.62	7.88	8.04	84085578	696689408.00
2014/12/10	8.09	8.46	8.01	8.42	52372492	434207104.00
2014/12/11	8.41	8.93	8.30	8.80	61985269	539767360.00
2014/12/12	8.83	9.12	8.60	8.94	70453453	627206656.00
2014/12/15	8.96	9.12	8.71	9.10	50780718	455208128.00
2014/12/16	9.06	9.06	8.75	8.81	38957705	344644672.00
2014/12/17	8.80	8.86	8.51	8.63	43660317	378672832.00
2014/12/18	8.69	8.95	8.62	8.80	32940119	289185408.00
2014/12/19	8.73	9.55	8.70	9.46	81156623	746512320.00
2014/12/22	9.61	9.98	8.65	8.70	84026650	774240704.00
2014/12/23	8.50	8.65	8.06	8.12	49808633	412370432.00
2014/12/24	8.16	8.29	7.95	8.16	35017626	284624288.00
2014/12/25	8.20	8.47	8.15	8.46	30049497	250010096.00
2014/12/26	8.44	8.66	8.29	8.46	37114153	314772160.00
2014/12/29	8.53	8.88	8.40	8.75	46770151	406537056.00
2014/12/30	8.70	8.97	8.61	8.95	42931577	379442496.00
2014/12/31	9.02	9.16	8.72	8.86	31505923	278530976.00
2015/01/05	9.12	9.39	9.00	9.09	57519377	527552800.00
2015/01/06	8.98	10.00	8.79	9.48	99246937	949501440.00
2015/01/07	9.20	9.34	9.08	9.28	44448615	408890304.00
2015/01/08	9.28	9.36	9.00	9.01	33457904	305347008.00
2015/01/09	8.94	9.16	8.80	8.82	31273145	282310272.00
2015/01/12	8.70	8.81	8.32	8.43	26926534	230964624.00
2015/01/13	8.40	8.54	8.28	8.52	22088374	185773904.00
2015/01/14	8.49	8.52	8.28	8.36	17135123	143216064.00
2015/01/15	8.42	8.62	8.37	8.60	17414127	148423584.00
2015/01/16	8.63	8.87	8.56	8.72	23679073	206264480.00
2015/01/19	8.16	8.38	7.85	7.96	49296607	398311936.00
2015/01/20	7.97	8.16	7.96	8.12	25292667	204233328.00
2015/01/21	8.15	8.43	8.13	8.38	30628858	253963440.00
2015/01/22	8.41	8.56	8.31	8.52	27598165	232703184.00
2015/01/23	8.50	8.53	8.33	8.35	18886817	159172544.00
2015/01/26	8.35	8.48	8.24	8.46	19433072	162769264.00
2015/01/27	8.47	8.63	8.35	8.58	29365461	250253824.00
2015/01/28	8.51	9.08	8.45	8.93	55497627	489790784.00
2015/01/29	8.80	9.41	8.70	9.20	62449218	569083648.00
2015/01/30	9.10	9.24	8.85	8.86	36441244	327995392.00
2015/02/02	8.75	8.75	8.20	8.41	27937965	236732304.00
2015/02/03	8.45	8.54	8.38	8.49	17176733	145189168.00
2015/02/04	8.51	8.68	8.35	8.57	23019478	196386672.00
2015/02/05	8.69	8.72	8.36	8.38	25021770	212667968.00
2015/02/06	8.30	8.36	7.96	8.03	22261642	181110544.00
2015/02/09	8.05	8.08	7.89	8.03	12257262	97922024.00
2015/02/10	8.03	8.17	8.00	8.15	13976515	113187064.00
2015/02/11	8.16	8.22	8.00	8.02	23530606	189843712.00
2015/02/12	8.05	8.18	8.02	8.09	16722629	135430352.00
2015/02/13	8.11	8.26	8.11	8.19	21815968	178748624.00
2015/02/16	8.19	8.47	8.16	8.43	23749607	197344688.00
2015/02/17	8.40	8.51	8.34	8.37	15450976	129891336.00
2015/02/25	8.41	8.63	8.38	8.46	19191200	163220400.00
2015/02/26	8.46	8.76	8.43	8.73	27310397	235441936.00
2015/02/27	8.73	8.77	8.58	8.65	22827780	197216000.00
2015/03/02	8.70	8.87	8.64	8.75	32368838	283412448.00
2015/03/03	8.72	8.72	8.50	8.56	29106726	250154096.00
2015/03/04	8.55	8.61	8.48	8.55	26527162	226359984.00
2015/03/05	8.55	8.55	8.20	8.33	36510518	304202560.00
2015/03/06	8.29	8.43	8.25	8.32	19428411	162160912.00
2015/03/09	8.25	8.47	8.10	8.42	20984728	174144640.00
2015/03/10	8.40	8.48	8.36	8.43	23523929	198321696.00
2015/03/11	8.43	8.55	8.40	8.48	22982205	194748400.00
2015/03/12	8.50	8.80	8.45	8.79	47623468	412554016.00
2015/03/13	8.83	9.67	8.79	9.67	101752909	952188032.00
2015/03/16	10.19	10.64	9.84	10.64	163698794	1685682176.00
2015/03/17	11.39	11.70	11.03	11.70	249115277	2854933504.00
2015/03/18	11.80	11.85	11.19	11.72	195546099	2259888896.00
2015/03/19	11.44	11.58	11.22	11.54	148774851	1691840384.00
2015/03/20	11.45	11.52	11.20	11.26	110273932	1248008192.00
2015/03/23	11.28	11.72	11.18	11.39	154615275	1770550656.00
2015/03/24	11.26	12.22	11.12	11.85	181850273	2105724032.00
2015/03/25	11.57	11.66	11.26	11.49	109110923	1252724096.00
2015/03/26	11.32	12.64	11.28	12.64	145700844	1741350656.00
2015/03/27	12.90	13.00	11.55	11.73	173144799	2089747968.00
2015/03/30	11.85	12.35	11.55	11.89	105081345	1253993216.00
2015/03/31	11.90	11.99	11.60	11.66	80308513	943952256.00
2015/04/01	11.70	11.83	11.54	11.78	65367475	763895232.00
2015/04/02	11.86	12.34	11.80	11.96	98161816	1183969920.00
2015/04/03	11.83	12.30	11.71	12.05	79553781	958400704.00
2015/04/07	12.04	13.10	11.98	12.93	119890586	1519117568.00
2015/04/08	12.94	13.00	12.16	12.47	102129173	1274101248.00
2015/04/09	12.47	12.47	11.58	11.88	69567770	832269824.00
2015/04/10	11.88	12.33	11.80	12.12	56495215	684527424.00
2015/04/13	12.19	12.98	12.10	12.59	95874099	1208201216.00
2015/04/14	12.40	13.85	12.33	13.46	130080365	1728417408.00
2015/04/15	13.45	14.60	12.92	13.87	136503920	1869141120.00
2015/04/16	13.40	14.38	13.13	13.53	115523345	1596567040.00
2015/04/17	13.60	14.87	13.59	14.56	148553225	2133324288.00
2015/04/20	14.40	15.72	14.06	14.24	181198153	2671730688.00
2015/04/21	14.09	14.37	12.82	13.67	123538062	1667258880.00
2015/04/22	13.69	14.24	13.50	13.88	86844543	1205522176.00
2015/04/23	14.00	14.15	13.53	13.69	76518288	1059092736.00
2015/04/24	13.45	13.68	13.11	13.37	68946093	923229056.00
2015/04/27	13.40	14.17	13.40	14.02	97356405	1352612736.00
2015/04/28	14.00	14.50	13.82	13.90	106395276	1504938880.00
2015/04/29	13.70	13.85	13.26	13.62	50544263	685349824.00
2015/04/30	13.58	14.20	13.58	13.73	52884141	734769280.00
2015/05/05	14.36	14.36	14.36	14.36	0	0.00
数据来源:通达信
