601999 出版传媒 日线 前复权
      日期	    开盘	    最高	    最低	    收盘	    成交量	    成交额
2011/10/10	7.47	8.14	7.47	7.92	7774828	62480648.00
2011/10/11	8.07	8.19	7.83	8.02	6874226	55619528.00
2011/10/12	7.88	8.82	7.76	8.72	12634451	107229048.00
2011/10/13	8.58	9.13	8.52	8.86	11154059	99687232.00
2011/10/14	8.72	9.00	8.64	8.82	7146730	63464720.00
2011/10/17	8.92	8.97	8.64	8.70	5690752	50166032.00
2011/10/18	8.62	8.63	8.27	8.39	5943500	50554692.00
2011/10/19	8.92	9.24	8.81	8.96	24803996	228719472.00
2011/10/20	8.72	8.82	8.42	8.69	13051123	113386752.00
2011/10/21	8.52	8.55	8.12	8.17	6533161	54853044.00
2011/10/24	8.20	9.00	7.95	9.00	16107285	139333040.00
2011/10/25	8.92	9.60	8.80	9.20	22965629	213001936.00
2011/10/26	9.12	9.69	9.03	9.37	21985085	208055712.00
2011/10/27	9.26	9.41	9.04	9.12	10936118	101561928.00
2011/10/28	9.27	9.99	9.12	9.57	20888131	200869632.00
2011/10/31	9.45	10.01	9.42	9.89	19569902	192802080.00
2011/11/01	9.69	10.12	9.63	9.74	13323479	132308640.00
2011/11/02	9.42	10.72	9.42	10.72	26626298	272714496.00
2011/11/03	10.77	10.87	10.30	10.31	26567506	281650848.00
2011/11/04	10.27	10.53	9.91	10.15	16615323	170127312.00
2011/11/07	10.07	10.31	9.90	10.20	10363293	105731344.00
2011/11/08	10.15	10.22	9.82	9.85	10772961	108322528.00
2011/11/09	9.86	10.84	9.73	10.84	32001535	336794112.00
2011/11/10	10.57	10.67	10.04	10.11	24094222	251663120.00
2011/11/11	10.11	11.07	9.91	10.42	25651087	271603040.00
2011/11/14	10.43	11.02	10.35	10.84	21379819	231377424.00
2011/11/15	10.87	11.07	10.60	10.96	19968235	218672592.00
2011/11/16	10.88	10.88	10.31	10.49	18338870	194510128.00
2011/11/17	10.52	10.61	10.20	10.28	11749488	122782944.00
2011/11/18	10.17	10.41	9.98	10.11	12179817	125025264.00
2011/11/21	10.10	10.21	10.00	10.16	7651095	77907832.00
2011/11/22	10.02	10.35	9.77	10.05	10853393	109831808.00
2011/11/23	10.05	10.08	9.76	9.84	7353442	73407752.00
2011/11/24	9.79	10.03	9.72	9.81	8848768	87944856.00
2011/11/25	9.72	9.91	9.54	9.57	7505402	73508776.00
2011/11/28	9.62	9.78	9.28	9.40	7104346	68424976.00
2011/11/29	9.52	9.56	9.25	9.53	7385569	70151040.00
2011/11/30	9.50	9.54	8.60	8.74	10430408	94975864.00
2011/12/01	9.07	9.18	8.78	8.80	11495375	104504600.00
2011/12/02	8.70	9.09	8.42	8.82	9225490	81664472.00
2011/12/05	8.72	9.03	8.64	8.69	7599406	67964888.00
2011/12/06	8.62	9.09	8.37	8.99	9000077	79688072.00
2011/12/07	8.92	9.10	8.87	8.94	7761351	70389616.00
2011/12/08	8.94	9.54	8.84	9.23	13194560	122805104.00
2011/12/09	9.07	9.22	8.91	8.97	6720243	61390132.00
2011/12/12	8.88	9.09	8.64	8.67	4745983	42477296.00
2011/12/13	8.54	9.00	8.22	8.84	9399111	81620736.00
2011/12/14	8.70	8.88	8.36	8.43	6158355	53674808.00
2011/12/15	8.27	8.57	8.15	8.16	5445560	45794348.00
2011/12/16	8.16	8.48	8.00	8.45	5715316	47658748.00
2011/12/19	8.34	9.00	8.24	8.81	9491032	82549600.00
2011/12/20	8.72	8.88	8.57	8.60	6417930	56364088.00
2011/12/21	8.70	8.81	8.31	8.40	4964802	43142976.00
2011/12/22	8.28	8.46	7.90	8.25	5610162	46332280.00
2011/12/23	8.22	8.60	8.14	8.32	4841103	40977984.00
2011/12/26	8.32	8.44	8.14	8.16	3469284	29033780.00
2011/12/27	8.15	8.15	7.60	7.69	4789984	38177892.00
2011/12/28	7.62	7.66	7.32	7.55	3688807	27928930.00
2011/12/29	7.48	7.68	7.47	7.53	2429921	18606196.00
2011/12/30	7.64	7.90	7.54	7.71	4387941	34438404.00
2012/01/04	7.80	7.89	7.44	7.46	3521993	27479016.00
2012/01/05	7.46	7.56	7.12	7.29	3867952	28690824.00
2012/01/06	7.28	7.43	7.22	7.40	2674127	19822976.00
2012/01/09	7.42	7.75	7.32	7.72	4374245	33605740.00
2012/01/10	7.67	8.07	7.66	8.02	6926135	55266692.00
2012/01/11	8.02	8.83	7.87	8.50	15910475	137734016.00
2012/01/12	8.38	8.49	8.22	8.38	7718657	65168160.00
2012/01/13	8.40	8.44	7.67	7.76	10059891	80917040.00
2012/01/16	7.63	7.77	7.44	7.66	3355948	25844444.00
2012/01/17	7.66	8.21	7.50	8.11	6477549	51749188.00
2012/01/18	8.17	8.31	7.72	7.82	6353498	51888260.00
2012/01/19	7.82	7.85	7.53	7.70	4468783	34722964.00
2012/01/20	7.70	8.02	7.70	7.83	4046519	32275680.00
2012/01/30	7.92	7.92	7.70	7.77	2604287	20529808.00
2012/01/31	7.79	8.16	7.56	8.13	6784810	54155076.00
2012/02/01	8.02	8.10	7.83	7.86	4714111	37928256.00
2012/02/02	7.91	8.19	7.83	8.14	6807534	55398556.00
2012/02/03	8.04	8.39	8.04	8.22	7950069	66040988.00
2012/02/06	8.18	8.26	8.01	8.14	5795848	47711608.00
2012/02/07	8.14	8.29	8.02	8.07	5116418	42108096.00
2012/02/08	8.06	8.28	7.94	8.26	5932803	48839432.00
2012/02/09	8.21	8.56	8.18	8.25	7965706	67093856.00
2012/02/10	8.27	8.34	8.10	8.25	4833058	40151932.00
2012/02/13	8.18	8.41	8.12	8.32	4903710	41017748.00
2012/02/14	8.31	8.34	8.17	8.24	3393416	28229402.00
2012/02/15	8.25	8.45	8.19	8.41	8502274	71625072.00
2012/02/16	8.49	8.71	8.38	8.45	10649899	91896728.00
2012/02/17	8.41	8.52	8.28	8.33	4559607	38459208.00
2012/02/20	8.43	8.52	8.31	8.32	5091357	43291196.00
2012/02/21	8.33	8.57	8.26	8.49	7498183	63946788.00
2012/02/22	8.47	8.79	8.37	8.67	11452709	99379216.00
2012/02/23	8.64	8.69	8.45	8.57	7545880	65274696.00
2012/02/24	8.60	8.87	8.54	8.68	9589676	84350880.00
2012/02/27	8.77	8.90	8.66	8.67	9361963	83026584.00
2012/02/28	8.60	8.84	8.56	8.79	7909150	69619248.00
2012/02/29	8.83	9.07	8.63	8.66	10296213	92235936.00
2012/03/01	8.57	8.72	8.56	8.64	4412305	38451008.00
2012/03/02	8.66	8.79	8.63	8.79	4499294	39654368.00
2012/03/05	8.82	8.87	8.68	8.72	5526800	49005912.00
2012/03/06	8.69	8.81	8.56	8.61	5628913	49269028.00
2012/03/07	8.45	8.59	8.45	8.51	3951087	33952200.00
2012/03/08	8.50	8.92	8.50	8.84	9547213	84479616.00
2012/03/09	8.86	9.02	8.76	8.88	9963147	89562016.00
2012/03/12	8.90	9.68	8.80	9.11	12697357	117453464.00
2012/03/13	9.15	9.21	8.99	9.07	6402191	58501024.00
2012/03/14	9.10	9.15	8.41	8.51	9283348	82696528.00
2012/03/15	8.53	8.59	8.17	8.33	6529935	55136368.00
2012/03/16	8.36	9.17	8.26	9.17	16145517	143851392.00
2012/03/19	9.05	9.40	9.02	9.27	22693339	211945328.00
2012/03/20	9.12	9.62	8.92	8.94	9748737	89488096.00
2012/03/21	8.98	9.51	8.95	9.33	13772248	128796232.00
2012/03/22	9.17	9.17	8.94	8.96	10177031	92618072.00
2012/03/23	8.92	9.10	8.73	8.90	10069889	90760408.00
2012/03/26	8.67	9.43	8.45	9.20	10943592	100758808.00
2012/03/27	9.20	9.42	9.11	9.32	20505800	192498672.00
2012/03/28	9.17	9.20	8.82	8.96	8752629	79500712.00
2012/03/29	8.96	9.14	8.75	8.87	18535451	168074848.00
2012/03/30	8.80	8.80	8.02	8.57	14871351	126727144.00
2012/04/05	8.54	8.78	8.41	8.71	14833754	129029000.00
2012/04/06	8.67	8.67	8.43	8.53	10530480	90718272.00
2012/04/09	8.48	8.48	8.04	8.06	9394078	77736576.00
2012/04/10	7.96	8.18	7.94	8.17	5065894	41270608.00
2012/04/11	8.05	8.20	7.98	8.11	3670554	30078598.00
2012/04/12	8.13	8.27	8.08	8.26	5884280	48634888.00
2012/04/13	8.26	8.35	8.20	8.27	5848748	48823520.00
2012/04/16	8.21	8.30	8.16	8.24	3684714	30630758.00
2012/04/17	8.24	8.38	8.23	8.24	5992612	50195608.00
2012/04/18	8.27	8.50	8.24	8.41	7262464	61557048.00
2012/04/19	8.42	8.47	8.29	8.33	4940468	41642540.00
2012/04/20	8.30	8.43	8.27	8.38	5084692	42908588.00
2012/04/23	8.34	8.37	7.95	8.02	6995970	57552408.00
2012/04/24	7.95	8.07	7.62	7.83	5486223	43426548.00
2012/04/25	7.80	8.11	7.76	8.08	4769926	38360928.00
2012/04/26	8.06	8.18	8.00	8.03	3629226	29586452.00
2012/04/27	8.02	8.15	8.00	8.03	3483148	28365876.00
2012/05/02	8.11	8.22	7.96	8.13	6425195	52329612.00
2012/05/03	8.11	8.12	7.97	8.04	3961260	32130044.00
2012/05/04	8.03	8.23	7.96	8.22	6929141	56973336.00
2012/05/07	8.21	8.27	8.10	8.27	4660816	38521112.00
2012/05/08	8.27	8.49	8.20	8.36	12983579	109767000.00
2012/05/09	8.30	8.41	8.08	8.25	8493498	70474656.00
2012/05/10	8.19	8.32	8.17	8.26	3870988	32244580.00
2012/05/11	8.29	8.44	8.23	8.27	9541813	80326184.00
2012/05/14	8.29	8.33	7.95	8.01	5595062	45878920.00
2012/05/15	7.94	7.95	7.82	7.94	3335895	26541944.00
2012/05/16	7.92	7.95	7.71	7.73	2254962	17889028.00
2012/05/17	7.73	8.27	7.73	8.09	5631507	45678628.00
2012/05/18	8.00	8.22	7.90	7.92	6197382	50501964.00
2012/05/21	7.89	7.95	7.77	7.86	2064492	16370529.00
2012/05/22	7.84	8.24	7.84	8.10	6386180	52209260.00
2012/05/23	8.07	8.12	7.97	8.05	2701841	21952220.00
2012/05/24	8.01	8.22	7.96	8.07	6099446	49907364.00
2012/05/25	8.08	8.12	7.87	7.94	2475816	19974816.00
2012/05/28	8.01	8.01	7.59	7.93	3146626	24729596.00
2012/05/29	7.93	8.07	7.87	8.05	4132635	33429644.00
2012/05/30	8.03	8.11	7.98	8.01	2471763	20042068.00
2012/05/31	7.94	8.11	7.82	7.99	3915835	31519196.00
2012/06/01	7.95	8.01	7.88	7.95	2505964	20140052.00
2012/06/04	7.73	7.86	7.60	7.63	3477676	27166424.00
2012/06/05	7.66	7.73	7.61	7.66	1566532	12120364.00
2012/06/06	7.67	7.71	7.51	7.56	1921850	14768456.00
2012/06/07	7.65	7.66	7.51	7.52	1370060	10499677.00
2012/06/08	7.58	7.62	7.43	7.44	1409289	10703587.00
2012/06/11	7.50	7.60	7.47	7.56	1353839	10310855.00
2012/06/12	7.52	7.54	7.47	7.48	1045249	7924462.00
2012/06/13	7.52	7.60	7.48	7.60	1466158	11208478.00
2012/06/14	7.52	7.66	7.52	7.58	1261665	9683817.00
2012/06/15	7.58	7.64	7.50	7.61	1455289	11168987.00
2012/06/18	7.65	7.70	7.61	7.69	1790009	13868741.00
2012/06/19	7.72	7.83	7.63	7.68	2258835	17642348.00
2012/06/20	7.69	7.71	7.56	7.57	1463439	11257844.00
2012/06/21	7.57	7.60	7.44	7.47	1285515	9743177.00
2012/06/25	7.42	7.46	7.17	7.19	1886281	13927229.00
2012/06/26	7.18	7.19	7.02	7.15	1735392	12482786.00
2012/06/28	7.15	7.15	6.87	6.89	1888456	13366947.00
2012/06/29	6.87	7.04	6.82	7.00	1467808	10315245.00
2012/07/02	7.05	7.06	6.98	7.03	1166357	8291675.00
2012/07/03	7.03	7.14	6.94	7.07	1278543	9156968.00
2012/07/04	7.07	7.09	6.93	6.99	1169879	8301238.00
2012/07/05	6.98	6.99	6.64	6.69	1553935	10698534.00
2012/07/06	6.80	6.88	6.65	6.82	1269593	8688952.00
2012/07/09	6.75	6.80	6.56	6.57	1546322	10471849.00
2012/07/10	6.54	6.90	6.53	6.84	3423039	23392994.00
2012/07/11	6.77	6.90	6.75	6.79	1996197	13780105.00
2012/07/12	6.81	6.84	6.64	6.80	1946213	13300832.00
2012/07/13	6.80	6.89	6.78	6.82	1714902	11856460.00
2012/07/16	6.83	6.87	6.32	6.40	2054189	13670700.00
2012/07/17	6.37	6.50	6.34	6.45	1656242	10752522.00
2012/07/18	6.45	6.52	6.36	6.51	997493	6494106.00
2012/07/19	6.47	7.17	6.45	6.85	3837217	26358104.00
2012/07/20	6.77	6.85	6.68	6.68	1612918	11038056.00
2012/07/23	6.66	7.35	6.55	6.99	7071453	50444636.00
2012/07/24	6.92	7.10	6.90	7.01	3464750	24601784.00
2012/07/25	6.97	7.15	6.94	6.98	3718909	26565580.00
2012/07/26	6.98	7.04	6.82	6.84	2688116	18761408.00
2012/07/27	6.89	6.94	6.79	6.81	2033647	14113145.00
2012/07/30	6.79	6.90	6.38	6.40	2267545	15080158.00
2012/07/31	6.41	6.46	6.24	6.35	1591974	10200720.00
2012/08/01	6.28	6.53	6.28	6.45	1718108	11202064.00
2012/08/02	6.40	6.48	6.35	6.44	879233	5717770.00
2012/08/03	6.48	6.67	6.36	6.61	1923983	12764542.00
2012/08/06	6.58	6.71	6.55	6.68	1646849	11065905.00
2012/08/07	6.72	7.08	6.72	6.82	4008941	28082772.00
2012/08/08	6.80	6.85	6.69	6.80	2407583	16502680.00
2012/08/09	6.76	6.84	6.70	6.82	1786530	12263207.00
2012/08/10	6.82	6.84	6.72	6.79	1400686	9603572.00
2012/08/13	6.74	6.82	6.58	6.59	1343215	9107353.00
2012/08/14	6.61	6.65	6.44	6.64	1377549	9132813.00
2012/08/15	6.62	6.66	6.55	6.61	1135611	7584946.00
2012/08/16	6.56	6.66	6.53	6.54	934988	6252009.00
2012/08/17	6.57	6.65	6.51	6.62	1049625	6993229.00
2012/08/20	6.60	6.66	6.51	6.61	758862	5054773.00
2012/08/21	6.61	6.77	6.60	6.70	1427982	9686924.00
2012/08/22	6.68	6.90	6.67	6.70	2197088	15051092.00
2012/08/23	6.64	6.74	6.63	6.70	1154671	7806943.00
2012/08/24	6.68	6.73	6.49	6.50	1515076	10133828.00
2012/08/27	6.48	6.48	6.32	6.33	1025134	6602617.00
2012/08/28	6.33	6.43	6.32	6.39	676430	4366581.00
2012/08/29	6.37	6.56	6.37	6.43	1062169	6960025.00
2012/08/30	6.43	6.53	6.30	6.46	1214358	7902581.00
2012/08/31	6.45	6.71	6.37	6.52	1419495	9374410.00
2012/09/03	6.50	6.67	6.48	6.61	1425003	9492606.00
2012/09/04	6.61	6.63	6.45	6.48	1048000	6946138.00
2012/09/05	6.47	6.57	6.42	6.51	1128525	7439931.00
2012/09/06	6.57	6.64	6.49	6.63	1570212	10431795.00
2012/09/07	6.67	6.91	6.65	6.79	3800272	26161378.00
2012/09/10	6.76	6.87	6.76	6.80	2125562	14646387.00
2012/09/11	6.80	6.99	6.72	6.90	3944819	27462954.00
2012/09/12	6.90	6.93	6.79	6.88	1981869	13749663.00
2012/09/13	6.90	6.90	6.69	6.70	1563709	10762819.00
2012/09/14	6.73	6.80	6.67	6.77	1441740	9827137.00
2012/09/17	6.73	6.79	6.51	6.54	1339518	8966336.00
2012/09/18	6.48	6.58	6.47	6.49	1256906	8303274.00
2012/09/19	6.50	6.58	6.49	6.55	763079	5045308.00
2012/09/20	6.54	6.54	6.32	6.35	1298125	8413782.00
2012/09/21	6.35	6.44	6.33	6.37	741097	4790922.00
2012/09/24	6.42	7.02	6.42	7.02	7766712	54763928.00
2012/09/25	7.26	7.26	6.81	6.92	13551540	95997672.00
2012/09/26	6.85	6.85	6.51	6.57	6295674	42549068.00
2012/09/27	6.53	7.24	6.53	7.17	19464119	138790992.00
2012/09/28	7.07	7.14	6.94	7.13	12657512	90104008.00
2012/10/08	7.08	7.14	6.87	6.90	6243841	43984780.00
2012/10/09	6.93	7.21	6.93	7.16	10698122	76792544.00
2012/10/10	7.11	7.24	7.02	7.23	9035464	65255804.00
2012/10/11	7.17	7.19	7.03	7.07	5989605	42977092.00
2012/10/12	7.79	7.79	7.23	7.26	23345026	178499168.00
2012/10/15	7.09	7.17	6.87	6.94	9478882	66663736.00
2012/10/16	6.91	7.12	6.86	7.00	6663237	47072184.00
2012/10/17	7.01	7.02	6.83	6.87	3995091	27890194.00
2012/10/18	6.86	6.98	6.86	6.95	3478386	24394566.00
2012/10/19	6.92	7.02	6.92	7.01	4022607	28390808.00
2012/10/22	6.99	7.08	6.95	7.04	3479282	24724716.00
2012/10/23	7.06	7.07	6.88	6.90	3171506	22342658.00
2012/10/24	6.87	6.94	6.83	6.84	2777681	19323858.00
2012/10/25	6.85	6.94	6.77	6.79	2657559	18422864.00
2012/10/26	6.78	6.82	6.62	6.67	2523244	17141876.00
2012/10/29	6.67	6.75	6.64	6.71	1222348	8286855.00
2012/10/30	6.71	6.79	6.68	6.76	1291957	8800055.00
2012/10/31	6.76	6.80	6.61	6.67	1816136	12238982.00
2012/11/01	6.73	6.82	6.68	6.79	2258117	15463199.00
2012/11/02	6.78	6.86	6.76	6.84	1909925	13177997.00
2012/11/05	6.88	6.88	6.77	6.79	1941533	13376325.00
2012/11/06	6.78	6.79	6.54	6.64	3429387	22996820.00
2012/11/07	6.65	6.70	6.60	6.67	1349250	9081492.00
2012/11/08	6.59	6.67	6.52	6.52	1726937	11502268.00
2012/11/09	6.49	6.61	6.44	6.57	1428589	9421732.00
2012/11/12	6.62	6.64	6.52	6.62	1822725	12135023.00
2012/11/13	6.60	6.66	6.48	6.53	1549082	10258343.00
2012/11/14	6.52	6.53	6.43	6.51	1059780	6940773.00
2012/11/15	6.46	6.54	6.34	6.36	1384953	9029927.00
2012/11/16	6.36	6.36	6.07	6.14	2274454	14312784.00
2012/11/19	6.15	6.19	6.07	6.17	1052150	6534391.00
2012/11/20	6.23	6.23	6.08	6.08	956122	5943370.00
2012/11/21	6.08	6.17	5.98	6.14	1426102	8793899.00
2012/11/22	6.14	6.14	5.99	6.00	1381176	8481740.00
2012/11/23	6.02	6.06	5.98	6.01	917761	5602246.00
2012/11/26	6.04	6.05	5.97	5.97	750038	4566673.00
2012/11/27	5.97	5.98	5.58	5.59	2070300	12096128.00
2012/11/28	5.57	5.57	5.34	5.37	1790926	9871304.00
2012/11/29	5.36	5.44	5.30	5.30	1261795	6904002.00
2012/11/30	5.31	5.44	5.25	5.40	1620428	8781652.00
2012/12/03	5.38	5.41	5.12	5.15	1186400	6361606.00
2012/12/04	5.14	5.25	5.03	5.22	2116586	11012677.00
2012/12/05	5.22	5.47	5.18	5.42	2538357	13838600.00
2012/12/06	5.41	5.53	5.37	5.43	2417840	13361474.00
2012/12/07	5.42	5.56	5.38	5.55	2963784	16554644.00
2012/12/10	5.55	5.73	5.51	5.68	3577926	20411352.00
2012/12/11	5.62	5.70	5.58	5.60	2599530	14853546.00
2012/12/12	5.59	5.64	5.50	5.60	1701337	9597581.00
2012/12/13	5.58	5.62	5.47	5.47	1966155	11074949.00
2012/12/14	5.47	5.74	5.47	5.70	3788347	21649920.00
2012/12/17	5.71	5.83	5.65	5.77	3783629	21976714.00
2012/12/18	5.72	6.30	5.69	5.96	7680199	46383616.00
2012/12/19	5.94	6.09	5.92	5.96	5967404	36264104.00
2012/12/20	5.90	5.92	5.78	5.88	3688580	21879656.00
2012/12/21	5.88	5.95	5.78	5.80	2817400	16745059.00
2012/12/24	5.79	5.85	5.75	5.78	1426709	8379382.00
2012/12/25	5.78	6.07	5.75	6.04	5593650	33744528.00
2012/12/26	6.01	6.42	5.98	6.39	10689837	67250392.00
2012/12/27	6.25	6.36	6.17	6.20	8584400	54306284.00
2012/12/28	6.15	6.20	6.12	6.19	3268495	20417288.00
2012/12/31	6.22	6.23	6.14	6.17	2666520	16677170.00
2013/01/04	6.22	6.25	6.07	6.10	2885935	17941580.00
2013/01/07	6.08	6.20	6.07	6.18	2789970	17328784.00
2013/01/08	6.15	6.24	6.09	6.20	3805691	23784772.00
2013/01/09	6.20	6.28	6.13	6.18	3764597	23680484.00
2013/01/10	6.19	6.27	6.13	6.26	4911200	31002398.00
2013/01/11	6.26	6.26	5.98	6.01	3975489	24663220.00
2013/01/14	5.92	6.17	5.92	6.16	3611999	22271352.00
2013/01/15	6.14	6.44	6.14	6.36	8656182	55372488.00
2013/01/16	6.31	6.86	6.30	6.41	7932264	51905860.00
2013/01/17	6.40	6.54	6.34	6.40	6967804	45614624.00
2013/01/18	6.41	6.47	6.28	6.41	3913811	25280172.00
2013/01/21	6.42	6.53	6.38	6.46	3393451	22181340.00
2013/01/22	6.47	6.51	6.30	6.35	3443765	22263834.00
2013/01/23	6.35	6.36	6.18	6.27	2385106	15140558.00
2013/01/24	6.29	6.36	5.95	6.00	4347086	27018968.00
2013/01/25	6.01	6.20	6.00	6.06	2621390	16150048.00
2013/01/28	6.06	6.18	6.05	6.18	1966219	12245283.00
2013/01/29	6.17	6.70	6.15	6.40	6857023	44418300.00
2013/01/30	6.37	6.42	6.29	6.40	3015205	19364692.00
2013/01/31	6.38	6.52	6.32	6.45	6388861	41661568.00
2013/02/01	6.44	6.50	6.39	6.42	3752737	24414968.00
2013/02/04	6.42	6.47	6.22	6.26	3220348	20606252.00
2013/02/05	6.25	6.34	6.22	6.34	1885298	12038387.00
2013/02/06	6.34	6.38	6.31	6.34	1513958	9736521.00
2013/02/07	6.38	6.38	6.28	6.36	1838910	11801981.00
2013/02/08	6.39	6.43	6.33	6.40	2113217	13677520.00
2013/02/18	6.41	6.49	6.38	6.49	2857065	18652604.00
2013/02/19	6.49	6.49	6.29	6.33	1910744	12325414.00
2013/02/20	6.33	6.51	6.29	6.50	2752040	17921464.00
2013/02/21	6.51	6.51	6.27	6.34	2905037	18785772.00
2013/02/22	6.30	6.59	6.30	6.57	8094957	53435756.00
2013/02/25	6.57	6.65	6.50	6.62	6234745	41610044.00
2013/02/26	6.60	6.91	6.56	6.71	11979834	81972552.00
2013/02/27	6.74	6.78	6.51	6.62	5610854	37584500.00
2013/02/28	6.63	6.76	6.59	6.71	5486765	37130608.00
2013/03/01	6.72	6.86	6.69	6.81	6398401	43912464.00
2013/03/04	6.81	6.81	6.43	6.51	4780279	31915060.00
2013/03/05	6.50	6.60	6.40	6.59	3349504	22068236.00
2013/03/06	6.61	6.70	6.53	6.64	3891568	26112598.00
2013/03/07	6.60	6.66	6.42	6.49	4619028	30477192.00
2013/03/08	6.50	6.68	6.49	6.62	4451732	29739880.00
2013/03/11	6.63	6.68	6.52	6.57	3435004	22933728.00
2013/03/12	6.53	6.56	6.20	6.28	3777798	24378754.00
2013/03/13	6.26	6.31	6.05	6.12	2290071	14251125.00
2013/03/14	6.13	6.17	6.10	6.14	1679402	10432510.00
2013/03/15	6.13	6.25	6.01	6.15	2715862	16917808.00
2013/03/18	6.12	6.21	6.00	6.01	1951424	12003830.00
2013/03/19	5.99	6.07	5.95	6.04	891967	5437566.00
2013/03/20	6.05	6.17	6.04	6.16	2252232	13963213.00
2013/03/21	6.21	6.23	6.14	6.20	2290644	14361591.00
2013/03/22	6.23	6.28	6.17	6.26	2245179	14140832.00
2013/03/25	6.26	6.26	6.15	6.18	1644686	10304723.00
2013/03/26	6.17	6.17	6.01	6.07	1770951	10887107.00
2013/03/27	6.07	6.14	6.02	6.07	1406981	8664755.00
2013/03/28	6.04	6.04	5.78	5.82	3398612	20180632.00
2013/03/29	5.78	5.86	5.78	5.81	1356001	8002397.00
2013/04/01	5.81	5.88	5.80	5.84	1378133	8151593.00
2013/04/02	5.87	5.88	5.75	5.80	1675333	9865146.00
2013/04/03	5.81	5.82	5.63	5.67	1592227	9228656.00
2013/04/08	5.64	5.74	5.52	5.72	1856110	10570640.00
2013/04/09	5.72	5.83	5.69	5.76	1400472	8206780.00
2013/04/10	5.75	5.77	5.64	5.71	1087678	6295178.00
2013/04/11	5.72	5.77	5.71	5.76	1018605	5929638.00
2013/04/12	5.73	5.80	5.66	5.69	705830	4100735.00
2013/04/15	5.68	5.70	5.53	5.58	765304	4335328.00
2013/04/16	5.55	5.64	5.52	5.63	859491	4860962.00
2013/04/17	5.63	5.67	5.58	5.65	876644	5008362.00
2013/04/18	5.62	5.73	5.55	5.72	1531973	8837287.00
2013/04/19	5.72	5.85	5.72	5.81	2057713	12089560.00
2013/04/22	5.81	5.89	5.74	5.85	1669939	9862882.00
2013/04/23	5.83	5.84	5.65	5.66	1604504	9300423.00
2013/04/24	5.70	5.84	5.66	5.83	2101007	12352751.00
2013/04/25	5.80	5.87	5.71	5.72	1770876	10433853.00
2013/04/26	5.68	5.76	5.60	5.65	1426622	8205246.00
2013/05/02	5.61	5.72	5.52	5.61	1494394	8528782.00
2013/05/03	5.59	5.83	5.59	5.79	2114407	12395454.00
2013/05/06	5.79	6.06	5.79	6.02	5200748	31517948.00
2013/05/07	6.00	6.04	5.94	6.00	2236806	13564012.00
2013/05/08	5.97	6.12	5.93	6.06	3033755	18586288.00
2013/05/09	6.08	6.10	5.99	6.08	2479417	15218085.00
2013/05/10	6.12	6.23	6.06	6.16	3451189	21506468.00
2013/05/13	6.16	6.17	6.04	6.15	2535827	15675315.00
2013/05/14	6.16	6.26	5.98	6.22	4098777	25593510.00
2013/05/15	6.21	6.29	6.17	6.27	2735306	17251748.00
2013/05/16	6.27	6.37	6.20	6.34	4088664	26103888.00
2013/05/17	6.33	6.53	6.27	6.45	5822627	37927556.00
2013/05/20	6.42	6.47	6.32	6.44	4917348	31963518.00
2013/05/21	6.41	6.82	6.33	6.67	7792756	51458232.00
2013/05/22	6.65	6.65	6.38	6.40	5939208	39104700.00
2013/05/23	6.35	6.48	6.27	6.29	2848929	18419176.00
2013/05/24	6.28	6.59	6.28	6.51	4944146	32392316.00
2013/05/27	6.49	6.55	6.32	6.45	3712051	24207780.00
2013/05/28	6.45	6.47	6.30	6.39	2632313	16953440.00
2013/05/29	6.38	6.56	6.36	6.52	5478391	35806608.00
2013/05/30	6.46	6.76	6.43	6.64	7718008	51398820.00
2013/05/31	6.61	6.67	6.45	6.45	3511862	23314508.00
2013/06/03	6.45	6.52	6.37	6.38	2360770	15367954.00
2013/06/04	6.36	6.43	6.17	6.19	2185693	13849801.00
2013/06/05	6.19	6.25	6.14	6.21	1378479	8646848.00
2013/06/06	6.19	6.26	6.14	6.15	1671432	10483709.00
2013/06/07	6.12	6.24	5.90	6.04	2488003	15308448.00
2013/06/13	6.04	6.04	5.73	5.80	1713853	10118087.00
2013/06/14	5.82	6.08	5.82	5.98	2553377	15490004.00
2013/06/17	5.98	6.22	5.98	6.07	2716078	16812042.00
2013/06/18	6.05	6.28	5.98	6.15	3055528	19056072.00
2013/06/19	6.11	6.11	5.82	5.97	3034566	18254940.00
2013/06/20	5.91	6.09	5.84	5.85	3055680	18504808.00
2013/06/21	5.72	5.83	5.59	5.77	1977497	11428411.00
2013/06/24	5.73	5.76	5.20	5.32	2043179	11437618.00
2013/06/25	5.27	5.39	4.81	5.28	2184885	11456704.00
2013/06/26	5.31	5.50	5.27	5.45	2066524	11337735.00
2013/06/27	5.42	5.55	5.22	5.23	2065948	11322846.00
2013/06/28	5.25	5.50	5.03	5.36	2409489	13121489.00
2013/07/01	5.36	5.90	5.31	5.90	6087860	35706704.00
2013/07/02	6.36	6.36	6.02	6.16	11554097	71937600.00
2013/07/03	6.10	6.71	5.96	6.53	16390889	106286136.00
2013/07/04	6.42	6.51	6.24	6.38	11041934	71107896.00
2013/07/05	6.27	6.49	6.06	6.07	7842827	50135164.00
2013/07/08	5.91	6.09	5.81	5.97	5353470	32193028.00
2013/07/09	5.92	6.50	5.85	6.34	8370281	52948384.00
2013/07/10	6.27	6.64	6.21	6.49	11876636	77641944.00
2013/07/11	6.39	6.65	6.32	6.60	13471662	88971968.00
2013/07/12	6.46	7.09	6.46	6.66	19904617	137715376.00
2013/07/15	6.66	6.97	6.59	6.92	13966197	96234080.00
2013/07/16	6.90	7.07	6.74	6.98	13346765	93791032.00
2013/07/17	6.98	7.10	6.63	6.82	13312827	92709600.00
2013/07/18	6.76	7.16	6.67	7.00	17047326	120778056.00
2013/07/19	7.10	7.17	6.52	6.53	13731013	95812456.00
2013/07/22	6.56	6.99	6.41	6.96	12295801	84528648.00
2013/07/23	6.94	7.26	6.84	7.25	20090934	143926752.00
2013/07/24	7.23	7.44	7.08	7.42	20818432	153694368.00
2013/07/25	7.42	7.42	6.92	6.95	14028154	100780648.00
2013/07/26	6.92	7.05	6.67	6.87	8451243	58743424.00
2013/07/29	6.78	6.88	6.58	6.59	5609685	38014744.00
2013/07/30	6.63	6.71	6.31	6.50	5743033	37755656.00
2013/07/31	6.50	6.74	6.46	6.56	5536877	36906864.00
2013/08/01	6.57	6.85	6.45	6.82	6582997	44730520.00
2013/08/02	6.82	6.88	6.66	6.70	6232620	42671892.00
2013/08/05	6.73	6.85	6.70	6.81	3251010	22144550.00
2013/08/06	6.81	7.06	6.76	6.97	6287063	43841900.00
2013/08/07	6.94	6.94	6.69	6.77	5251842	35852072.00
2013/08/08	6.73	6.88	6.65	6.74	3272531	22218860.00
2013/08/09	6.80	6.82	6.49	6.59	4868214	32423308.00
2013/08/12	6.58	6.65	6.46	6.64	4987394	33054172.00
2013/08/13	6.64	6.71	6.57	6.66	4400996	29456356.00
2013/08/14	6.64	6.84	6.56	6.80	7873944	53336240.00
2013/08/15	6.75	6.92	6.67	6.84	7767518	53209152.00
2013/08/16	6.78	7.06	6.76	6.79	9978779	69551008.00
2013/08/19	6.67	7.01	6.56	7.00	6556814	45126024.00
2013/08/20	6.96	7.18	6.91	7.17	12143555	86362928.00
2013/08/21	7.19	7.19	7.01	7.10	7164971	50971228.00
2013/08/22	7.10	7.15	6.98	7.04	6157236	43670052.00
2013/08/23	7.06	7.30	6.88	7.23	12531692	89692416.00
2013/08/26	7.20	7.35	7.09	7.23	11607986	84238344.00
2013/08/27	7.23	7.23	7.03	7.13	7163997	51217028.00
2013/08/28	7.03	7.37	6.99	7.05	11461654	82873936.00
2013/08/29	7.05	7.10	6.91	6.93	6635001	46642944.00
2013/08/30	6.93	6.96	6.46	6.52	10440071	69951056.00
2013/09/02	6.52	6.65	6.51	6.62	3137406	20810110.00
2013/09/03	6.62	6.71	6.60	6.71	2883465	19381536.00
2013/09/04	6.70	6.71	6.61	6.64	2553518	17096700.00
2013/09/05	6.63	6.96	6.61	6.90	8210160	56714972.00
2013/09/06	6.84	7.05	6.76	7.00	7122211	49569972.00
2013/09/09	6.97	7.04	6.89	7.03	6257023	43892584.00
2013/09/10	7.00	7.04	6.92	6.97	5251658	36754480.00
2013/09/11	7.02	7.05	6.70	6.76	7410936	50785624.00
2013/09/12	6.85	7.44	6.76	7.44	17221008	126414624.00
2013/09/13	7.56	7.86	7.26	7.45	26094021	197946080.00
2013/09/16	7.26	7.61	7.21	7.47	13163923	98277288.00
2013/09/17	7.41	7.41	7.14	7.17	7197219	52609484.00
2013/09/18	7.17	7.86	7.15	7.63	17470110	133002496.00
2013/09/23	7.63	8.01	7.48	7.93	19334506	151661024.00
2013/09/24	7.85	8.28	7.77	8.01	20519594	166064640.00
2013/09/25	7.95	8.46	7.82	8.20	18885873	155727808.00
2013/09/26	8.16	8.24	7.55	7.78	13971585	110973200.00
2013/09/27	7.74	8.33	7.62	7.98	13077606	105794976.00
2013/09/30	8.01	8.44	7.94	8.29	13872982	115150728.00
2013/10/08	8.26	8.29	7.92	8.21	11594160	94539464.00
2013/10/09	8.08	8.34	8.05	8.28	11605922	95589600.00
2013/10/10	8.26	8.29	7.86	7.88	11186091	90466344.00
2013/10/11	7.90	7.97	7.66	7.89	10397492	81478384.00
2013/10/14	7.89	8.05	7.73	8.00	9707550	76954536.00
2013/10/15	8.01	8.02	7.76	7.84	5908371	46767716.00
2013/10/16	7.82	7.82	7.43	7.51	6425555	48946932.00
2013/10/17	7.55	7.65	7.36	7.61	5239384	39550424.00
2013/10/18	7.56	7.73	7.56	7.62	3977969	30587644.00
2013/10/21	7.56	7.81	7.52	7.76	4998780	38750988.00
2013/10/22	7.76	7.79	7.35	7.41	5994698	45444120.00
2013/10/23	7.41	7.47	7.06	7.18	5281644	38469440.00
2013/10/24	7.17	7.26	7.11	7.24	2466389	17794634.00
2013/10/25	7.22	7.29	7.07	7.17	3381055	24402426.00
2013/10/28	7.18	7.24	7.06	7.11	2206488	15813707.00
2013/10/29	7.16	7.17	6.46	6.56	7274560	49166872.00
2013/10/30	6.56	6.70	6.48	6.67	3990119	26590756.00
2013/10/31	6.65	6.73	6.59	6.67	2781607	18615710.00
2013/11/01	6.66	6.70	6.48	6.61	2071480	13733762.00
2013/11/04	6.61	6.69	6.60	6.64	2053997	13732087.00
2013/11/05	6.65	6.80	6.57	6.77	3146781	21248016.00
2013/11/06	6.73	6.77	6.60	6.61	2812176	18960274.00
2013/11/07	6.60	6.70	6.50	6.53	2375924	15722045.00
2013/11/08	6.50	6.58	6.25	6.27	3069032	19648886.00
2013/11/11	6.24	6.39	6.23	6.33	1747239	11076462.00
2013/11/12	6.33	6.43	6.30	6.38	1870922	11997095.00
2013/11/13	6.42	6.84	6.42	6.49	7677642	51327496.00
2013/11/14	6.47	6.64	6.25	6.62	5276966	34263780.00
2013/11/15	6.62	6.81	6.56	6.78	5983176	40464840.00
2013/11/18	6.84	6.90	6.73	6.84	5348014	36779396.00
2013/11/19	6.90	7.11	6.82	7.01	7571095	53376820.00
2013/11/20	7.04	7.06	6.86	7.04	4633311	32373956.00
2013/11/21	7.03	7.03	6.87	6.95	3435325	23920472.00
2013/11/22	6.94	6.95	6.81	6.83	3447541	23810174.00
2013/11/25	6.74	6.91	6.74	6.84	2645017	18218802.00
2013/11/26	6.82	6.90	6.73	6.87	2937349	20180436.00
2013/11/27	6.87	7.07	6.87	7.02	5535665	38879712.00
2013/11/28	7.06	7.25	7.06	7.13	7362398	52985856.00
2013/11/29	7.13	7.20	7.06	7.14	4482239	32162172.00
2013/12/02	6.91	7.14	6.66	6.69	5088077	35171888.00
2013/12/03	6.71	6.85	6.61	6.83	2985235	20268544.00
2013/12/04	6.78	7.10	6.76	7.05	4605442	32217772.00
2013/12/05	6.97	7.06	6.93	7.00	2942866	20717174.00
2013/12/06	6.96	7.14	6.94	7.05	3716384	26302730.00
2013/12/09	7.07	7.14	6.96	7.05	3171004	22386592.00
2013/12/10	7.04	7.08	6.95	6.98	2932361	20684646.00
2013/12/11	6.99	6.99	6.73	6.80	3279207	22546936.00
2013/12/12	6.81	7.03	6.80	6.88	3719258	25962036.00
2013/12/13	6.91	7.06	6.85	6.98	3529092	24808092.00
2013/12/16	6.95	7.11	6.92	6.96	4660459	32937264.00
2013/12/17	6.94	7.00	6.75	6.76	2859987	19597132.00
2013/12/18	6.71	6.78	6.62	6.65	2602645	17483996.00
2013/12/19	6.68	6.80	6.66	6.68	1872893	12675822.00
2013/12/20	6.68	6.68	6.54	6.57	1664198	11032272.00
2013/12/23	6.56	6.61	6.43	6.51	1090107	7159325.00
2013/12/24	6.55	6.62	6.48	6.55	1079638	7129584.00
2013/12/25	6.54	6.73	6.54	6.67	1545492	10343414.00
2013/12/26	6.61	6.67	6.47	6.49	1715936	11351149.00
2013/12/27	6.41	6.58	6.41	6.53	1845471	12132667.00
2013/12/30	6.59	6.59	6.51	6.58	1302909	8585555.00
2013/12/31	6.55	6.59	6.49	6.57	1516425	9988584.00
2014/01/02	6.57	6.66	6.57	6.65	1836550	12223270.00
2014/01/03	6.61	6.66	6.51	6.64	1922594	12723301.00
2014/01/06	6.64	6.64	6.31	6.32	2018496	13079944.00
2014/01/07	6.32	6.36	6.26	6.34	1293035	8232778.00
2014/01/08	6.36	6.43	6.30	6.34	1585418	10146622.00
2014/01/09	6.33	6.49	6.26	6.29	2765589	17813748.00
2014/01/10	6.42	6.42	6.08	6.13	2124893	13368374.00
2014/01/13	6.20	6.24	6.02	6.09	1624969	9974591.00
2014/01/14	6.16	6.19	6.05	6.18	1469201	9052206.00
2014/01/15	6.18	6.24	6.14	6.23	1326567	8286017.00
2014/01/16	6.23	6.33	6.16	6.27	1756856	11076639.00
2014/01/17	6.26	6.31	6.22	6.28	1633437	10306696.00
2014/01/20	6.29	6.35	6.26	6.31	2202374	14005568.00
2014/01/21	6.37	6.54	6.31	6.45	5944697	38507112.00
2014/01/22	6.45	6.63	6.43	6.61	6629367	43700984.00
2014/01/23	6.65	6.74	6.52	6.69	8263090	55245480.00
2014/01/24	6.58	6.88	6.58	6.78	8568261	57881020.00
2014/01/27	6.69	6.91	6.67	6.77	6111092	41806040.00
2014/01/28	6.80	6.82	6.57	6.67	3359394	22566944.00
2014/01/29	6.68	6.88	6.64	6.78	5442505	37060468.00
2014/01/30	6.73	7.06	6.71	7.00	8112143	56568904.00
2014/02/07	6.94	7.70	6.88	7.70	16033164	118860632.00
2014/02/10	7.96	8.05	7.56	7.77	20459624	159244704.00
2014/02/11	7.73	7.80	7.54	7.66	10956745	84358464.00
2014/02/12	7.66	7.78	7.53	7.76	13505584	103952592.00
2014/02/13	7.70	7.70	7.41	7.44	9926299	75281424.00
2014/02/14	7.41	7.73	7.35	7.61	10836895	82642608.00
2014/02/17	7.59	7.69	7.51	7.65	9783913	74747488.00
2014/02/18	7.65	7.82	7.59	7.71	14609756	113488448.00
2014/02/19	7.66	7.68	7.45	7.50	8876007	67218136.00
2014/02/20	7.50	7.52	7.22	7.25	7124466	52588032.00
2014/02/21	7.29	7.44	7.22	7.42	5971091	43951072.00
2014/02/24	7.36	7.67	7.28	7.59	10248135	77603944.00
2014/02/25	7.56	7.82	6.97	7.13	12289346	92850776.00
2014/02/26	7.09	7.13	6.86	7.04	7832286	54894572.00
2014/02/27	7.05	7.23	6.98	7.00	7790901	55586464.00
2014/02/28	6.99	7.04	6.76	7.02	5397540	37293872.00
2014/03/03	7.02	7.13	6.91	7.11	4597037	32692088.00
2014/03/04	7.11	7.11	6.90	7.05	4151857	29253604.00
2014/03/05	7.06	7.18	7.03	7.07	4419368	31595128.00
2014/03/06	7.09	7.27	7.01	7.22	6171228	44550112.00
2014/03/07	7.30	7.39	7.11	7.19	5533671	40417556.00
2014/03/10	7.08	7.19	6.69	6.76	5456631	37881104.00
2014/03/11	6.73	6.83	6.64	6.72	3033082	20486694.00
2014/03/12	6.67	6.81	6.59	6.74	2709584	18284688.00
2014/03/13	6.75	6.83	6.71	6.81	2355198	16075214.00
2014/03/14	6.80	6.92	6.75	6.83	1771142	12149832.00
2014/03/17	6.83	7.00	6.81	6.99	2898559	20252890.00
2014/03/18	7.03	7.10	6.97	7.03	3227895	22814086.00
2014/03/19	7.02	7.14	6.89	7.14	5176121	36743872.00
2014/03/20	7.12	7.21	6.89	6.91	3816153	27122776.00
2014/03/21	6.88	7.16	6.86	7.14	4216359	29867322.00
2014/03/24	7.16	7.18	7.08	7.16	3064553	21981250.00
2014/03/25	7.16	7.21	7.10	7.16	3437938	24773136.00
2014/03/26	7.15	7.18	7.07	7.12	2948281	21153460.00
2014/03/27	7.09	7.11	6.87	6.90	3382029	23797900.00
2014/03/28	6.90	7.04	6.87	6.93	2462780	17211682.00
2014/03/31	6.88	6.96	6.71	6.75	2670087	18364872.00
2014/04/01	6.75	6.85	6.72	6.84	1462620	10000017.00
2014/04/02	6.84	6.92	6.76	6.81	1684284	11619571.00
2014/04/03	6.87	6.92	6.78	6.86	1524208	10510037.00
2014/04/04	6.87	7.02	6.82	7.00	1738847	12119653.00
2014/04/08	6.98	7.08	6.93	7.06	2404860	17005188.00
2014/04/09	7.08	7.31	7.08	7.18	5928210	42927896.00
2014/04/10	7.21	7.22	7.11	7.16	3271530	23560236.00
2014/04/11	7.11	7.13	7.04	7.10	2758606	19649724.00
2014/04/14	7.10	7.18	7.10	7.16	1912558	13738366.00
2014/04/15	7.17	7.23	7.10	7.19	3775851	27192316.00
2014/04/16	7.18	7.22	7.12	7.16	2412246	17381928.00
2014/04/17	7.19	7.26	7.05	7.06	3686076	26602646.00
2014/04/18	7.05	7.26	7.02	7.26	5019839	36257504.00
2014/04/21	7.20	7.33	7.06	7.09	4178157	30190842.00
2014/04/22	7.09	7.18	7.02	7.11	2982220	21282416.00
2014/04/23	7.12	7.13	6.88	6.93	3218714	22657012.00
2014/04/24	6.95	6.95	6.76	6.78	2639605	18162014.00
2014/04/25	6.78	6.84	6.61	6.64	2178752	14744340.00
2014/04/28	6.46	6.60	6.15	6.20	3817762	24202108.00
2014/04/29	6.19	6.27	6.14	6.24	2241653	14011856.00
2014/04/30	6.25	6.40	6.24	6.36	1829021	11639260.00
2014/05/05	6.37	6.45	6.31	6.44	1594171	10233954.00
2014/05/06	6.44	6.54	6.40	6.47	1767867	11540861.00
2014/05/07	6.44	6.52	6.41	6.47	1780813	11604737.00
2014/05/08	6.43	6.53	6.39	6.50	2011236	13091741.00
2014/05/09	6.53	6.53	6.26	6.32	1938737	12392892.00
2014/05/12	6.39	6.58	6.34	6.58	2669674	17418292.00
2014/05/13	6.57	6.58	6.47	6.56	2018101	13249724.00
2014/05/14	6.54	6.66	6.51	6.57	4298728	28511608.00
2014/05/15	6.56	6.65	6.37	6.40	3321329	21748972.00
2014/05/16	6.36	6.36	6.19	6.29	2274240	14375060.00
2014/05/19	6.28	6.40	6.21	6.31	1607962	10210564.00
2014/05/20	6.36	6.44	6.29	6.38	1843053	11824656.00
2014/05/21	6.35	6.39	6.29	6.39	1391507	8897327.00
2014/05/22	6.35	6.45	6.32	6.32	1323000	8498520.00
2014/05/23	6.30	6.41	6.30	6.40	1101154	7044698.00
2014/05/26	6.40	6.49	6.40	6.46	1817524	11795017.00
2014/05/27	6.46	6.48	6.40	6.40	896420	5807089.00
2014/05/28	6.40	6.51	6.37	6.49	1816007	11791259.00
2014/05/29	6.49	6.53	6.39	6.40	1705558	11076531.00
2014/05/30	6.44	6.44	6.31	6.43	1218786	7845737.00
2014/06/03	6.42	6.49	6.41	6.44	1194725	7753866.00
2014/06/04	6.43	6.45	6.27	6.31	1535506	9779711.00
2014/06/05	6.27	6.51	6.27	6.50	2392646	15480894.00
2014/06/06	6.50	6.51	6.37	6.42	1531044	9918500.00
2014/06/09	6.42	6.56	6.38	6.49	2344166	15324502.00
2014/06/10	6.49	6.68	6.45	6.67	4915272	32569876.00
2014/06/11	6.64	7.34	6.63	7.07	19854948	140809024.00
2014/06/12	7.03	7.13	6.97	6.98	7549827	53612376.00
2014/06/13	6.99	7.68	6.97	7.68	35602412	268034352.00
2014/06/16	7.61	7.68	7.50	7.60	16409581	125123776.00
2014/06/17	7.66	7.66	7.37	7.42	9816082	73907600.00
2014/06/18	7.49	7.55	7.26	7.33	7594399	56088912.00
2014/06/19	7.28	7.39	7.21	7.34	6184628	45285892.00
2014/06/20	7.25	7.38	7.24	7.32	4269741	31360950.00
2014/06/23	7.28	7.54	7.28	7.37	5099847	37840768.00
2014/06/24	7.32	7.47	7.28	7.31	7705796	56952108.00
2014/06/25	7.29	7.32	7.15	7.26	4315746	31424956.00
2014/06/26	7.26	7.95	7.21	7.67	35553960	273662528.00
2014/06/27	7.76	7.76	7.36	7.46	22292080	168922464.00
2014/06/30	7.39	7.99	7.29	7.89	34744898	267644592.00
2014/07/01	7.76	7.83	7.60	7.71	26517703	204491952.00
2014/07/02	7.64	7.67	7.36	7.53	15802332	119065016.00
2014/07/03	7.50	7.54	7.38	7.51	7835611	58793524.00
2014/07/04	7.51	7.52	7.36	7.44	7413673	55399664.00
2014/07/07	7.43	7.46	7.19	7.23	6740555	49420016.00
2014/07/08	7.23	7.31	7.22	7.28	5263137	38444744.00
2014/07/09	7.27	7.41	7.13	7.15	7176702	52641428.00
2014/07/10	7.16	7.28	7.13	7.24	3932237	28529564.00
2014/07/11	7.24	7.43	7.19	7.34	4532719	33490620.00
2014/07/14	7.35	7.40	7.32	7.37	3843379	28447004.00
2014/07/15	7.37	7.37	7.23	7.26	4149229	30338364.00
2014/07/16	7.24	7.29	7.09	7.12	4374829	31591268.00
2014/07/17	7.12	7.20	7.08	7.19	2461624	17694224.00
2014/07/18	7.18	7.28	7.15	7.21	2131653	15471683.00
2014/07/21	7.19	7.22	7.10	7.12	1766956	12677528.00
2014/07/22	7.12	7.18	7.09	7.18	2453993	17644790.00
2014/07/23	7.18	7.18	6.99	7.05	3321887	23665976.00
2014/07/24	7.09	7.11	7.01	7.09	2430934	17298924.00
2014/07/25	7.09	7.21	7.08	7.20	3391119	24440144.00
2014/07/28	7.21	7.37	7.20	7.34	5462758	40095712.00
2014/07/29	7.32	7.40	7.31	7.35	4035366	29806432.00
2014/07/30	7.34	7.45	7.29	7.41	4463554	33148800.00
2014/07/31	7.40	7.56	7.36	7.50	6712001	50484348.00
2014/08/01	7.51	7.51	7.31	7.33	5406501	40392148.00
2014/08/04	7.33	7.50	7.33	7.47	4088214	30627002.00
2014/08/05	7.47	7.63	7.45	7.59	7657256	58028216.00
2014/08/06	7.55	7.56	7.45	7.52	4812289	36269736.00
2014/08/07	7.52	7.55	7.36	7.36	4419884	33150340.00
2014/08/08	7.42	7.61	7.37	7.59	5940570	44840672.00
2014/08/11	7.60	7.70	7.56	7.62	7727582	59208844.00
2014/08/12	7.61	7.66	7.54	7.66	4519404	34600700.00
2014/08/13	7.66	7.67	7.40	7.53	7123818	53773480.00
2014/08/14	7.49	7.58	7.40	7.44	4353422	32818608.00
2014/08/15	7.46	7.75	7.44	7.73	7077237	54084696.00
2014/08/18	7.77	8.46	7.73	8.16	18499384	149984352.00
2014/08/19	8.98	8.98	8.87	8.98	23399851	209977120.00
2014/08/20	9.80	9.80	9.12	9.45	54813666	517214432.00
2014/08/21	9.32	10.40	9.13	10.40	59009690	573072768.00
2014/08/22	10.40	11.11	10.04	10.48	59287684	628307584.00
2014/08/25	10.38	10.69	10.06	10.22	28144313	291791072.00
2014/08/26	10.10	10.12	9.57	9.87	30930176	303838464.00
2014/08/27	9.88	10.16	9.73	9.92	22713991	225122384.00
2014/08/28	9.85	10.29	9.65	9.69	24664141	245844512.00
2014/08/29	9.50	9.59	9.14	9.50	18530967	173409200.00
2014/09/01	9.45	9.85	9.31	9.69	17072443	164803696.00
2014/09/02	9.69	9.94	9.58	9.79	17773845	173557872.00
2014/09/03	9.79	10.77	9.71	10.77	33832044	350012992.00
2014/09/04	10.88	11.38	10.37	11.21	54968478	597478080.00
2014/09/05	11.13	11.13	10.64	10.80	30053076	325877984.00
2014/09/09	10.68	10.87	10.43	10.79	18643051	199098944.00
2014/09/10	10.60	10.98	10.52	10.69	15494388	166501760.00
2014/09/11	10.67	11.48	10.60	10.86	33100572	363787488.00
2014/09/12	10.67	10.79	10.52	10.77	15853479	169179664.00
2014/09/15	10.77	10.98	10.67	10.74	16944019	183411712.00
2014/09/16	10.70	10.71	9.91	9.99	21830075	225405360.00
2014/09/17	10.02	10.11	9.80	10.03	10186391	101476840.00
2014/09/18	10.00	10.05	9.82	10.02	5707871	56788488.00
2014/09/19	10.01	10.27	9.96	10.18	8345390	84380136.00
2014/09/22	10.08	10.14	9.78	9.85	9164736	90735040.00
2014/09/23	9.84	10.25	9.84	10.20	12076522	121921472.00
2014/09/24	10.12	10.50	10.05	10.47	13972674	143872224.00
2014/09/25	10.50	10.78	10.36	10.54	15248928	161117312.00
2014/09/26	10.47	10.67	10.38	10.58	10098571	106372720.00
2014/09/29	10.61	10.74	10.52	10.62	11693713	124468256.00
2014/09/30	10.66	10.92	10.61	10.73	13770808	148310640.00
2014/10/08	10.65	10.76	10.40	10.75	10780426	114050840.00
2014/10/09	10.73	10.94	10.58	10.84	14550179	156715264.00
2014/10/10	10.82	10.83	10.50	10.55	10627137	112981264.00
2014/10/13	10.68	10.97	10.68	10.77	15669192	169085520.00
2014/10/14	10.70	10.70	10.31	10.42	10632812	111956032.00
2014/10/15	10.40	10.69	10.19	10.59	10967343	114340320.00
2014/10/16	10.52	10.91	10.37	10.75	20918182	225025488.00
2014/10/17	10.70	10.70	10.26	10.40	10798598	113166384.00
2014/10/20	10.43	11.37	10.26	11.12	27312876	297314080.00
2014/10/21	11.00	11.40	10.83	11.36	27853419	309718144.00
2014/10/22	11.35	11.35	10.66	10.83	18710428	206409184.00
2014/10/23	10.70	10.73	10.01	10.16	13522885	140014624.00
2014/10/24	10.12	10.65	10.11	10.29	9106622	94862000.00
2014/10/27	10.20	10.37	10.03	10.34	4610404	47241152.00
2014/10/28	10.32	10.62	10.30	10.59	7719370	80879352.00
2014/10/29	10.56	10.90	10.48	10.82	16042734	170922080.00
2014/10/30	10.75	10.89	10.55	10.58	10557952	113015712.00
2014/10/31	10.58	10.70	10.36	10.54	8070852	84783064.00
2014/11/03	10.56	10.89	10.54	10.75	10328277	110881592.00
2014/11/04	10.75	10.91	10.60	10.79	10211459	110044000.00
2014/11/05	10.67	10.78	10.53	10.64	6764776	71774816.00
2014/11/06	10.60	11.30	10.60	11.23	24499328	270050368.00
2014/11/07	11.10	11.36	10.89	10.90	21672158	240905792.00
2014/11/10	10.80	11.99	10.80	11.99	37621688	437250144.00
2014/11/11	11.85	12.07	11.29	11.97	29889178	349718144.00
2014/11/12	11.72	12.19	11.51	12.02	24270311	289311456.00
2014/11/13	11.99	11.99	11.25	11.26	19480702	225203760.00
2014/11/14	11.11	11.25	10.66	10.81	15173701	164763504.00
2014/11/17	10.78	11.45	10.52	11.11	16572906	184971744.00
2014/11/18	11.01	11.27	10.91	11.00	9080692	100436896.00
2014/11/19	11.23	11.58	11.12	11.17	14437876	163279904.00
2014/11/20	11.18	11.31	10.95	11.30	12117504	135090256.00
2014/11/21	11.40	12.43	11.25	12.43	44201425	533703904.00
2014/11/24	12.61	13.06	12.05	13.01	46870625	584600128.00
2014/11/25	12.80	12.92	12.58	12.80	24304958	310563040.00
2014/11/26	12.75	12.94	12.49	12.78	21021667	266636112.00
2014/11/27	12.68	13.25	12.20	12.45	29972992	380619552.00
2014/11/28	12.39	12.72	12.25	12.54	20636992	257629696.00
2014/12/01	12.41	12.88	12.12	12.76	19861656	249324544.00
2014/12/02	12.79	12.84	12.55	12.72	14339649	182125392.00
2014/12/03	12.78	13.70	12.55	13.65	39233263	517291936.00
2014/12/04	13.58	13.99	13.26	13.83	31611677	429785952.00
2014/12/05	13.65	13.70	12.45	12.50	33392983	430872768.00
2014/12/08	12.47	12.98	11.95	12.64	22808672	285488128.00
2014/12/09	12.32	13.64	12.21	12.74	37395543	488457440.00
2014/12/10	12.88	13.69	12.70	13.64	39326088	528330752.00
2014/12/11	13.52	13.79	12.95	13.24	26432439	350728768.00
2014/12/12	13.13	13.41	12.89	13.25	16999505	224071376.00
2014/12/15	13.10	13.29	12.90	13.21	11540034	151251744.00
2014/12/16	13.21	13.63	12.90	13.30	17859007	236472608.00
2014/12/17	13.31	13.41	12.84	12.96	13806831	180252032.00
2014/12/18	12.83	13.10	12.62	12.67	12691809	163093584.00
2014/12/19	12.60	12.65	11.77	12.08	17195616	208531232.00
2014/12/22	11.94	11.94	11.05	11.36	16713888	191272384.00
2014/12/23	11.38	11.72	11.12	11.15	8289465	94881304.00
2014/12/24	11.28	11.51	11.15	11.50	7855077	89135480.00
2014/12/25	11.51	11.58	11.28	11.53	7489172	85414184.00
2014/12/26	11.53	11.60	11.39	11.50	9486147	109142696.00
2014/12/29	11.44	11.55	10.81	11.09	13660885	152337824.00
2014/12/30	11.00	11.18	10.38	10.42	10918771	116922328.00
2014/12/31	10.34	10.52	10.21	10.49	7240241	75293576.00
2015/01/05	10.50	10.67	10.30	10.63	7600529	80014752.00
2015/01/06	10.52	11.03	10.49	10.99	10330453	111131664.00
2015/01/07	11.11	11.50	10.75	11.21	11731733	129709104.00
2015/01/08	11.15	11.26	10.89	10.91	6272159	69278016.00
2015/01/09	10.77	11.07	10.61	10.68	5501630	59980840.00
2015/01/12	10.64	10.67	10.31	10.35	5248038	54822356.00
2015/01/13	10.36	10.90	10.31	10.75	9243512	98142552.00
2015/01/14	10.70	10.80	10.54	10.68	4929361	52658760.00
2015/01/15	10.70	10.78	10.58	10.71	4799787	51223312.00
2015/01/16	10.69	11.22	10.63	11.03	9820916	107506576.00
2015/01/19	10.63	11.16	10.21	10.48	8907726	96111680.00
2015/01/20	10.52	10.91	10.52	10.90	6473011	69756696.00
2015/01/21	10.91	11.37	10.87	11.27	13667301	152817792.00
2015/01/22	11.30	11.45	11.14	11.33	9949095	112146192.00
2015/01/23	11.32	11.41	11.06	11.15	7174930	80497216.00
2015/01/26	11.16	11.48	11.09	11.47	9477806	107142416.00
2015/01/27	11.49	11.49	11.17	11.33	7702386	87117136.00
2015/01/28	11.33	12.08	11.23	11.77	22722775	266580000.00
2015/01/29	11.50	11.67	11.41	11.54	10241460	118267968.00
2015/01/30	11.62	12.11	11.62	11.99	24098733	288097216.00
2015/02/02	11.80	11.98	11.71	11.98	9541430	113283312.00
2015/02/03	12.04	12.15	11.81	11.97	10323893	123067528.00
2015/02/04	11.96	11.97	11.60	11.60	9223120	107924872.00
2015/02/05	11.55	12.03	11.50	11.78	15354078	181661344.00
2015/02/06	11.65	11.76	11.27	11.30	8690311	99331600.00
2015/02/09	11.30	11.60	11.29	11.59	7552097	86799168.00
2015/02/10	11.70	12.00	11.64	11.80	9813880	116271616.00
2015/02/11	11.88	12.07	11.80	12.04	10463645	125133680.00
2015/02/12	12.04	12.32	11.93	12.22	11548199	140146816.00
2015/02/13	12.23	12.58	12.12	12.30	14741318	182191152.00
2015/02/16	12.30	13.22	12.28	12.88	31502641	403665856.00
2015/02/17	12.80	13.02	12.75	12.91	21466164	276812992.00
2015/02/25	12.91	14.09	12.80	13.67	49133659	660476800.00
2015/02/26	13.70	13.70	13.42	13.52	19211968	259630256.00
2015/02/27	13.56	13.75	13.50	13.63	15613356	212937072.00
2015/03/02	13.60	14.51	13.59	14.23	46122002	653144192.00
2015/03/03	14.00	14.50	13.89	14.29	53602079	758487360.00
2015/03/04	14.10	14.19	13.75	14.03	48612636	676797568.00
2015/03/05	13.90	13.90	13.00	13.68	17469293	239014784.00
2015/03/06	13.57	13.67	13.21	13.24	12258031	164453680.00
2015/03/09	13.25	13.49	13.16	13.39	7349569	97899200.00
2015/03/10	13.39	13.69	13.33	13.51	11245724	152205360.00
2015/03/11	13.40	13.55	13.27	13.41	7949416	106577720.00
2015/03/12	13.32	13.71	13.32	13.61	10470881	141402576.00
2015/03/13	13.63	13.85	13.52	13.78	9897905	135675472.00
2015/03/16	13.90	13.96	13.72	13.86	12758016	176539168.00
2015/03/17	13.85	13.91	13.56	13.75	14321275	196796400.00
2015/03/18	13.75	13.92	13.62	13.87	11441029	157885136.00
2015/03/19	13.85	13.98	13.65	13.78	11124155	153579840.00
2015/03/20	13.80	14.18	13.80	14.09	22405013	314701120.00
2015/03/23	14.12	14.17	13.81	14.16	17070521	238915872.00
2015/03/24	14.14	14.28	13.43	13.74	18275400	254807696.00
2015/03/25	13.75	13.78	13.35	13.51	11646127	157511088.00
2015/03/26	13.46	13.63	13.38	13.55	7519404	101819704.00
2015/03/27	13.54	13.75	13.44	13.51	7815992	106374840.00
2015/03/30	13.48	13.73	13.41	13.69	12317611	167945184.00
2015/03/31	13.71	14.34	13.70	14.22	30035803	423250784.00
2015/04/01	14.21	14.47	14.04	14.38	20196960	288033408.00
2015/04/02	14.43	14.55	14.01	14.25	17841579	254241968.00
2015/04/03	14.25	15.55	14.10	15.17	35466200	527651488.00
2015/04/07	15.00	15.10	14.78	15.03	21210931	316364736.00
2015/04/08	15.05	15.48	14.20	14.66	18419238	274801312.00
2015/04/09	14.55	15.20	14.10	15.15	28994806	424821504.00
2015/04/10	15.68	16.67	15.61	16.67	30473738	495828736.00
2015/04/13	16.80	17.34	16.38	16.75	48863811	817882624.00
2015/04/14	16.65	16.65	16.15	16.18	27203322	442972800.00
2015/04/15	15.98	15.98	14.56	14.80	22555027	347177760.00
2015/04/16	14.56	15.25	14.35	15.22	15349327	229196480.00
2015/04/17	15.22	15.36	14.88	15.02	17984813	270914624.00
2015/04/20	14.74	14.94	14.27	14.33	15304078	223751216.00
2015/04/21	14.30	14.92	14.30	14.89	12734193	187804528.00
2015/04/22	14.90	15.38	14.88	15.36	19902157	302180384.00
2015/04/23	15.36	15.71	15.10	15.69	23790909	368420672.00
2015/04/24	15.40	15.75	15.17	15.57	16621243	257527392.00
2015/04/27	15.63	15.96	15.19	15.56	17961190	279707264.00
2015/04/28	15.55	15.55	14.38	14.48	17391501	258494352.00
2015/04/29	14.40	14.97	14.33	14.89	11105101	163294240.00
2015/04/30	14.76	15.00	14.48	14.54	9810074	145281888.00
2015/05/05	14.65	14.65	14.65	14.65	0	0.00
数据来源:通达信
