600529 山东药玻 日线 前复权
      日期	    开盘	    最高	    最低	    收盘	    成交量	    成交额
2011/10/10	12.21	12.36	12.12	12.18	539348	6794947.00
2011/10/11	12.55	12.56	11.91	12.20	969160	12267381.00
2011/10/12	12.20	12.68	12.10	12.60	1956051	25181518.00
2011/10/13	12.60	12.76	12.11	12.43	3827064	49395820.00
2011/10/14	12.40	12.61	12.31	12.51	3769728	48352952.00
2011/10/17	12.54	12.57	12.26	12.35	1647932	21088080.00
2011/10/18	12.28	12.28	11.70	11.78	4810819	59049912.00
2011/10/19	11.87	11.99	11.71	11.94	847889	10376653.00
2011/10/20	11.97	11.97	11.51	11.71	1903640	22978156.00
2011/10/21	11.62	11.70	11.33	11.50	1212041	14408052.00
2011/10/24	11.50	11.74	11.18	11.60	1530352	18255580.00
2011/10/25	11.60	11.96	11.57	11.92	1632055	19950052.00
2011/10/26	11.86	12.13	11.76	11.99	1709008	21177628.00
2011/10/27	12.10	12.11	11.81	12.01	1371591	17004348.00
2011/10/28	12.09	12.44	11.92	12.36	2107192	26471508.00
2011/10/31	12.42	12.45	12.27	12.40	2056969	26229108.00
2011/11/01	12.25	12.42	12.13	12.33	1688608	21467258.00
2011/11/02	12.21	12.61	12.07	12.53	2411638	30682318.00
2011/11/03	12.47	13.03	12.46	12.91	5298769	70178744.00
2011/11/04	12.92	13.01	12.73	12.91	1883336	24907432.00
2011/11/07	12.99	13.32	12.81	13.12	3295005	44591116.00
2011/11/08	13.10	13.24	12.93	12.96	1841372	24751468.00
2011/11/09	12.98	13.11	12.82	13.01	1051054	14007706.00
2011/11/10	12.81	13.72	12.71	13.50	5985661	83078384.00
2011/11/11	13.51	13.86	13.16	13.45	2529906	35398576.00
2011/11/14	13.51	13.76	13.51	13.74	2723129	38306408.00
2011/11/15	13.73	14.25	13.71	14.01	2195783	31604258.00
2011/11/16	13.83	14.10	13.31	13.34	3143016	43919320.00
2011/11/17	13.41	13.77	13.39	13.42	1946379	27095016.00
2011/11/18	13.22	13.40	13.01	13.10	1545184	20930348.00
2011/11/21	13.16	13.21	12.91	13.05	1148193	15365699.00
2011/11/22	13.01	13.35	12.97	13.33	2157244	29139550.00
2011/11/23	13.33	13.56	13.12	13.54	1382541	19029824.00
2011/11/24	13.40	13.94	13.16	13.88	3144942	44080408.00
2011/11/25	13.86	14.11	13.67	13.81	1889609	26990776.00
2011/11/28	13.76	13.90	13.62	13.89	1055793	14978521.00
2011/11/29	13.96	14.00	13.75	13.91	834756	11886977.00
2011/11/30	13.82	13.91	13.11	13.36	2176929	29954934.00
2011/12/01	13.64	13.84	13.36	13.36	1805814	25290148.00
2011/12/02	13.17	13.35	12.81	12.90	2362991	31666688.00
2011/12/05	12.99	12.99	12.29	12.45	2808679	36017248.00
2011/12/06	12.45	12.51	12.12	12.35	1613696	20476898.00
2011/12/07	12.36	12.43	12.25	12.41	747278	9515494.00
2011/12/08	12.41	12.41	11.91	12.19	1692857	21247368.00
2011/12/09	11.98	12.25	11.89	11.98	2185810	27111034.00
2011/12/12	12.03	12.05	11.82	11.87	576105	7090550.00
2011/12/13	11.88	11.88	11.49	11.70	1457320	17520180.00
2011/12/14	11.68	11.83	11.55	11.62	710057	8609976.00
2011/12/15	11.69	11.82	11.49	11.75	936818	11334374.00
2011/12/16	11.73	12.15	11.65	12.10	1054419	12977595.00
2011/12/19	12.11	12.12	11.81	12.05	1090420	13518705.00
2011/12/20	12.04	12.21	11.93	11.94	939361	11690899.00
2011/12/21	12.01	12.16	11.56	11.76	728906	8980794.00
2011/12/22	11.62	11.88	11.39	11.69	1073346	12882931.00
2011/12/23	11.69	11.96	11.69	11.91	1131081	13856125.00
2011/12/26	11.86	12.09	11.86	11.99	1625215	20157758.00
2011/12/27	12.02	12.02	11.42	11.52	941837	11430587.00
2011/12/28	11.52	11.52	11.11	11.31	1356000	15807035.00
2011/12/29	11.31	11.57	11.26	11.55	653321	7698663.00
2011/12/30	11.61	11.96	11.44	11.94	1790444	21542344.00
2012/01/04	11.86	11.90	11.36	11.44	900289	10842322.00
2012/01/05	11.28	11.40	10.89	11.00	612486	7049448.00
2012/01/06	10.89	10.99	10.39	10.67	1820808	19960104.00
2012/01/09	10.61	10.96	10.30	10.95	2805115	31092332.00
2012/01/10	10.94	11.39	10.81	11.31	2029563	23302196.00
2012/01/11	11.23	11.36	11.01	11.29	2250495	26047224.00
2012/01/12	11.24	11.34	11.09	11.09	1361916	15746647.00
2012/01/13	11.09	11.24	10.41	10.65	1749654	19346944.00
2012/01/16	10.57	10.62	9.93	10.02	1700851	18127796.00
2012/01/17	9.99	10.51	9.77	10.38	2006992	21407282.00
2012/01/18	10.41	10.52	10.14	10.14	1698773	18237922.00
2012/01/19	10.07	10.43	9.99	10.24	840577	8927741.00
2012/01/20	10.45	10.46	10.14	10.42	2031068	21863236.00
2012/01/30	10.28	10.55	10.28	10.40	1041016	11268983.00
2012/01/31	10.41	10.49	10.37	10.45	653187	7063767.00
2012/02/01	10.49	10.54	10.18	10.21	1446371	15538148.00
2012/02/02	10.19	10.41	10.19	10.40	1554138	16569557.00
2012/02/03	10.37	10.62	10.30	10.59	2265214	24616052.00
2012/02/06	10.58	10.71	10.51	10.69	2393107	26349688.00
2012/02/07	10.64	10.64	10.36	10.41	1256687	13619191.00
2012/02/08	10.41	10.73	10.36	10.71	2129312	23337170.00
2012/02/09	10.71	10.91	10.63	10.77	2493821	27853708.00
2012/02/10	10.72	10.90	10.72	10.83	2089380	23414852.00
2012/02/13	10.71	10.95	10.62	10.88	1978399	22218580.00
2012/02/14	10.94	10.94	10.71	10.77	1907099	21296418.00
2012/02/15	10.74	11.06	10.74	11.05	3181877	36067792.00
2012/02/16	10.99	11.14	10.88	10.97	2261636	25795438.00
2012/02/17	11.01	11.10	10.81	10.92	1814230	20504566.00
2012/02/20	11.03	11.06	10.86	10.90	1876923	21329874.00
2012/02/21	10.86	10.98	10.69	10.95	2835981	31779700.00
2012/02/22	10.92	11.17	10.88	11.11	6210685	71034560.00
2012/02/23	11.07	11.26	11.07	11.21	6365596	73495864.00
2012/02/24	11.23	11.49	11.23	11.45	7542553	88826416.00
2012/02/27	11.49	12.07	11.49	11.66	10895729	132934664.00
2012/02/28	11.61	11.80	11.41	11.53	5584430	66766636.00
2012/02/29	11.45	11.67	11.40	11.47	2349795	27894596.00
2012/03/01	11.41	11.51	11.36	11.37	3229656	38143160.00
2012/03/02	11.39	11.66	11.35	11.60	4254753	50777288.00
2012/03/05	11.62	11.71	11.47	11.50	3574119	42731304.00
2012/03/06	11.49	11.49	11.16	11.20	4182188	48707552.00
2012/03/07	11.11	11.25	11.07	11.18	2782719	32163378.00
2012/03/08	11.18	11.40	11.18	11.33	3046388	35627608.00
2012/03/09	11.37	11.51	11.28	11.48	3512520	41352168.00
2012/03/12	11.48	11.71	11.46	11.56	5210533	62283032.00
2012/03/13	11.60	11.66	11.49	11.63	4279939	51171060.00
2012/03/14	11.70	11.81	11.06	11.15	7327494	87364816.00
2012/03/15	11.26	11.29	10.71	10.96	5110474	58222232.00
2012/03/16	10.97	11.17	10.86	11.16	5753855	65616068.00
2012/03/19	11.16	11.40	11.12	11.39	4894670	57118988.00
2012/03/20	11.36	11.43	11.09	11.12	3978359	46257020.00
2012/03/21	11.14	11.22	10.80	10.95	3836987	43600760.00
2012/03/22	10.97	11.03	10.82	10.90	2410205	27257006.00
2012/03/23	10.91	10.98	10.62	10.71	3490316	38869144.00
2012/03/26	10.73	10.76	10.59	10.71	1967131	21735892.00
2012/03/27	10.76	10.82	10.66	10.70	1574923	17505940.00
2012/03/28	10.66	10.71	10.06	10.10	4217965	45165296.00
2012/03/29	10.06	10.06	9.67	9.86	3799184	38972876.00
2012/03/30	9.84	9.91	9.46	9.58	5332665	53479508.00
2012/04/05	9.57	9.91	9.57	9.84	3596384	36552040.00
2012/04/06	9.86	9.98	9.70	9.90	4303041	44077640.00
2012/04/09	9.87	9.99	9.76	9.80	2978759	30588984.00
2012/04/10	9.86	9.90	9.49	9.87	3392352	34165876.00
2012/04/11	9.71	9.86	9.64	9.76	2743944	27851176.00
2012/04/12	9.82	10.31	9.73	10.26	9682969	101021184.00
2012/04/13	10.17	10.40	10.16	10.24	7664718	81717840.00
2012/04/16	10.19	10.34	10.13	10.23	4129374	43989368.00
2012/04/17	10.02	10.06	9.62	9.69	10008379	101809776.00
2012/04/18	9.72	9.93	9.69	9.93	6106097	62361804.00
2012/04/19	9.92	10.11	9.88	10.03	5135383	53472380.00
2012/04/20	10.01	10.32	10.01	10.30	5849527	62025784.00
2012/04/23	10.30	10.33	9.98	10.01	4562768	48064392.00
2012/04/24	9.91	10.02	9.61	9.88	4191190	42719068.00
2012/04/25	9.80	10.10	9.80	10.03	4567709	47335184.00
2012/04/26	10.06	10.24	10.04	10.07	3829932	40289420.00
2012/04/27	10.07	10.07	9.81	9.87	3628310	37336340.00
2012/05/02	10.01	10.07	9.86	10.01	5604736	58111864.00
2012/05/03	10.00	10.26	9.91	10.20	5606522	59103912.00
2012/05/04	10.20	10.63	10.16	10.58	11070180	119920016.00
2012/05/07	10.51	11.08	10.44	10.99	11947653	133491784.00
2012/05/08	10.89	10.99	10.72	10.90	6338279	71413312.00
2012/05/09	10.86	10.86	10.61	10.69	6582255	73044432.00
2012/05/10	10.65	10.97	10.65	10.91	7171853	80690352.00
2012/05/11	10.82	10.88	10.61	10.62	4189669	46591236.00
2012/05/15	10.41	10.49	9.78	10.18	12142568	127714184.00
2012/05/16	10.06	10.15	9.96	9.99	3774094	39325968.00
2012/05/17	9.96	10.38	9.96	10.21	3320940	35076172.00
2012/05/18	10.12	10.32	10.00	10.06	3573579	37548160.00
2012/05/21	10.02	10.16	9.91	10.11	1881841	19684680.00
2012/05/22	10.16	10.41	10.16	10.37	4576517	49001856.00
2012/05/23	10.29	10.37	10.12	10.30	2429256	25825260.00
2012/05/24	10.23	10.29	9.91	9.96	4151635	43361080.00
2012/05/25	10.02	10.02	9.69	9.73	2876455	29345638.00
2012/05/28	9.71	9.88	9.52	9.86	2077683	20959250.00
2012/05/29	9.81	10.14	9.78	10.10	3829882	40023904.00
2012/05/30	10.10	10.10	9.94	10.00	2396961	24883740.00
2012/05/31	9.94	10.26	9.91	10.15	3562124	37369216.00
2012/06/01	10.08	10.19	9.97	10.03	1947260	20379722.00
2012/06/04	9.88	9.97	9.73	9.86	2285255	23434832.00
2012/06/05	9.85	10.05	9.69	9.90	1866919	19281252.00
2012/06/06	9.83	10.01	9.69	9.77	1621291	16549919.00
2012/06/07	9.84	9.91	9.59	9.61	2536023	25653232.00
2012/06/08	9.71	9.76	9.50	9.54	2271269	22737466.00
2012/06/11	9.59	9.71	9.51	9.69	1417593	14173433.00
2012/06/12	9.64	9.69	9.58	9.66	1184147	11871539.00
2012/06/13	9.66	9.81	9.59	9.80	2430857	24588236.00
2012/06/14	9.77	9.89	9.70	9.72	1941483	19784524.00
2012/06/15	9.75	9.92	9.72	9.85	2336039	23880988.00
2012/06/18	9.90	9.95	9.82	9.93	2623338	26979692.00
2012/06/19	9.91	10.03	9.80	9.90	2398487	24700066.00
2012/06/20	9.91	9.91	9.61	9.71	1877270	19105654.00
2012/06/21	9.75	9.75	9.59	9.64	2898157	29117588.00
2012/06/25	9.63	9.63	9.49	9.50	1808668	17934548.00
2012/06/26	9.50	9.55	9.25	9.34	3261087	31779164.00
2012/06/27	9.34	9.36	9.14	9.19	2550695	24580372.00
2012/06/28	9.22	9.27	8.97	8.98	2173112	20724104.00
2012/06/29	8.92	9.08	8.79	9.07	2928047	27241130.00
2012/07/02	9.09	9.23	9.02	9.15	2472308	23572088.00
2012/07/03	9.10	9.24	9.10	9.19	1776171	16980264.00
2012/07/04	9.22	9.55	9.14	9.47	5734246	55080488.00
2012/07/05	9.45	9.46	9.24	9.34	2042360	19691348.00
2012/07/06	9.34	9.59	9.22	9.58	3262664	31693618.00
2012/07/09	9.49	9.65	9.14	9.18	3166388	30802144.00
2012/07/10	9.26	9.26	8.78	8.94	2402781	22269800.00
2012/07/11	8.97	9.17	8.89	9.09	2074081	19321284.00
2012/07/12	9.09	9.29	8.96	9.22	2743357	26014238.00
2012/07/13	9.23	9.33	9.14	9.21	2976257	28444194.00
2012/07/16	9.10	9.25	8.40	8.43	3805636	34246640.00
2012/07/17	8.44	8.55	8.31	8.46	1876390	16348527.00
2012/07/18	8.46	8.56	8.33	8.54	1887347	16534456.00
2012/07/19	8.47	8.74	8.47	8.64	1611595	14377287.00
2012/07/20	8.61	8.79	8.57	8.59	760522	6773151.00
2012/07/23	8.59	8.59	8.36	8.45	827901	7214836.00
2012/07/24	8.41	8.71	8.37	8.65	1903632	16932696.00
2012/07/25	8.62	8.69	8.50	8.53	1006549	8956696.00
2012/07/26	8.61	8.76	8.46	8.63	1522800	13599499.00
2012/07/27	8.72	8.72	8.52	8.59	1351407	12036155.00
2012/07/30	8.66	8.66	8.43	8.45	921060	8152803.00
2012/07/31	8.42	8.54	8.31	8.49	1066984	9294366.00
2012/08/01	8.55	8.67	8.49	8.61	857398	7631987.00
2012/08/02	8.57	8.71	8.55	8.60	844229	7531933.00
2012/08/03	8.59	8.78	8.52	8.77	1202365	10823521.00
2012/08/06	8.80	8.90	8.70	8.87	1696966	15442681.00
2012/08/07	8.93	8.98	8.82	8.94	1873412	17241844.00
2012/08/08	8.93	8.95	8.78	8.85	1019035	9313799.00
2012/08/09	8.85	8.93	8.74	8.92	1544836	14094271.00
2012/08/10	8.89	9.03	8.83	8.98	1510926	13956004.00
2012/08/13	8.91	8.98	8.79	8.81	1077518	9869373.00
2012/08/14	8.88	8.88	8.70	8.86	922455	8366934.00
2012/08/15	8.82	8.90	8.75	8.76	912043	8296232.00
2012/08/16	8.80	8.80	8.63	8.66	507469	4565385.00
2012/08/17	8.63	8.69	8.47	8.63	1432624	12670173.00
2012/08/20	8.52	8.63	8.49	8.60	803664	7103740.00
2012/08/21	8.52	8.86	8.52	8.80	1512528	13617369.00
2012/08/22	8.80	9.01	8.67	8.72	1340622	12167248.00
2012/08/23	8.75	8.87	8.64	8.85	1467851	13307501.00
2012/08/24	8.78	8.95	8.71	8.71	1863849	16963860.00
2012/08/27	8.64	8.66	8.37	8.40	3707314	32486098.00
2012/08/28	8.40	8.55	8.36	8.46	2864865	24935416.00
2012/08/29	8.47	8.49	8.38	8.39	1402434	12197979.00
2012/08/30	8.34	8.41	8.10	8.19	1582977	13545022.00
2012/08/31	8.27	8.27	8.12	8.20	846021	7159217.00
2012/09/03	8.20	8.35	8.17	8.33	1370613	11752011.00
2012/09/04	8.34	8.40	8.23	8.27	1640296	14105223.00
2012/09/05	8.29	8.34	8.21	8.29	1223063	10475537.00
2012/09/06	8.31	8.40	8.29	8.39	1013645	8772422.00
2012/09/07	8.42	8.77	8.42	8.68	2860328	25559372.00
2012/09/10	8.67	9.05	8.63	8.90	4605259	42054904.00
2012/09/11	8.82	8.89	8.75	8.83	1724541	15710738.00
2012/09/12	8.86	8.99	8.78	8.85	1454220	13294468.00
2012/09/13	8.86	8.93	8.69	8.71	1401440	12727987.00
2012/09/14	8.77	8.81	8.63	8.68	1368919	12307423.00
2012/09/17	8.64	8.71	8.44	8.46	1035515	9187425.00
2012/09/18	8.49	8.78	8.39	8.54	2229264	19867924.00
2012/09/19	8.54	8.60	8.41	8.54	1160948	10210516.00
2012/09/20	8.55	8.56	8.25	8.29	1541900	13303812.00
2012/09/21	8.21	8.36	8.21	8.29	1022179	8793638.00
2012/09/24	8.23	8.50	8.22	8.43	994058	8627860.00
2012/09/25	8.39	8.48	8.31	8.38	521374	4522555.00
2012/09/26	8.34	8.39	8.13	8.18	767207	6562437.00
2012/09/27	8.26	8.46	8.19	8.40	1089111	9405536.00
2012/09/28	8.37	8.53	8.34	8.50	995719	8718731.00
2012/10/08	8.55	8.59	8.41	8.44	618839	5407148.00
2012/10/09	8.48	8.68	8.44	8.66	1463118	13027049.00
2012/10/10	8.62	8.74	8.61	8.71	917356	8229768.00
2012/10/11	8.71	8.74	8.60	8.68	1567589	14035895.00
2012/10/12	8.64	8.81	8.55	8.67	960987	8589930.00
2012/10/15	8.59	8.71	8.54	8.63	882393	7840914.00
2012/10/16	8.63	8.80	8.59	8.69	1647286	14852870.00
2012/10/17	8.72	8.79	8.61	8.64	1248201	11196547.00
2012/10/18	8.66	8.78	8.64	8.74	1973601	17795654.00
2012/10/19	8.76	8.76	8.66	8.69	1327528	11942379.00
2012/10/22	8.68	8.74	8.57	8.72	866009	7746104.00
2012/10/23	8.71	8.76	8.58	8.60	1245056	11129064.00
2012/10/24	8.54	8.66	8.53	8.60	543216	4830003.00
2012/10/25	8.63	8.66	8.52	8.52	845800	7509736.00
2012/10/26	8.58	8.58	8.30	8.38	1012215	8794149.00
2012/10/29	8.43	8.45	8.31	8.36	711276	6163891.00
2012/10/30	8.34	8.42	8.31	8.40	924825	8025147.00
2012/10/31	8.40	8.43	8.28	8.31	1282851	11046864.00
2012/11/01	8.35	8.55	8.31	8.49	1991788	17435560.00
2012/11/02	8.48	8.56	8.45	8.51	1894087	16662999.00
2012/11/05	8.52	8.55	8.45	8.50	1278162	11214199.00
2012/11/06	8.49	8.51	8.27	8.33	2032578	17514240.00
2012/11/07	8.33	8.34	8.24	8.32	2062956	17697044.00
2012/11/08	8.30	8.30	8.09	8.10	1910763	16146789.00
2012/11/09	8.13	8.13	7.96	8.00	2280966	18937788.00
2012/11/12	8.01	8.08	7.95	8.07	1605867	13353652.00
2012/11/13	8.08	8.08	7.96	7.99	882397	7313666.00
2012/11/14	7.96	8.05	7.94	7.99	1145947	9484883.00
2012/11/15	7.93	8.00	7.88	7.89	1266300	10412507.00
2012/11/16	7.84	7.97	7.84	7.88	718729	5870629.00
2012/11/19	7.83	7.94	7.74	7.80	2191971	17753668.00
2012/11/20	7.86	7.88	7.74	7.76	2002178	16180550.00
2012/11/21	7.74	7.82	7.61	7.80	2804775	22472772.00
2012/11/22	7.80	7.80	7.63	7.67	1972346	15773693.00
2012/11/23	7.72	7.76	7.66	7.71	3423850	27378384.00
2012/11/26	7.72	7.98	7.72	7.84	6212276	50528808.00
2012/11/27	7.80	7.80	7.38	7.43	4957162	38679392.00
2012/11/28	7.42	7.42	7.23	7.28	1976588	15027607.00
2012/11/29	7.34	7.35	7.24	7.26	1335717	10115950.00
2012/11/30	7.32	7.37	7.24	7.34	1337376	10187124.00
2012/12/03	7.31	7.40	7.25	7.26	1560383	11902032.00
2012/12/04	7.29	7.44	7.21	7.37	1640207	12464765.00
2012/12/05	7.40	7.68	7.33	7.61	3767671	29629526.00
2012/12/06	7.61	7.67	7.52	7.57	1409438	11089522.00
2012/12/07	7.53	7.72	7.53	7.71	2571797	20461592.00
2012/12/10	7.72	7.81	7.65	7.78	2962538	23819680.00
2012/12/11	7.80	7.80	7.66	7.68	2659288	21277068.00
2012/12/12	7.68	7.74	7.57	7.66	2625266	20828596.00
2012/12/13	7.65	7.69	7.50	7.52	4627522	36334200.00
2012/12/14	7.52	7.88	7.51	7.85	6127829	49306244.00
2012/12/17	7.87	7.96	7.82	7.93	4127024	33864952.00
2012/12/18	7.94	7.96	7.81	7.85	3364447	27529840.00
2012/12/19	7.84	7.98	7.81	7.91	3388898	27747574.00
2012/12/20	7.85	7.93	7.82	7.90	2038101	16618795.00
2012/12/21	7.92	8.02	7.89	7.98	2877647	23714800.00
2012/12/24	7.98	8.03	7.92	7.99	2461701	20366074.00
2012/12/25	8.01	8.18	7.97	8.14	5337788	44860764.00
2012/12/26	8.13	8.26	8.12	8.23	3493084	29678692.00
2012/12/27	8.24	8.80	8.14	8.54	10853880	95300176.00
2012/12/28	8.44	8.57	8.38	8.51	6105799	53404440.00
2012/12/31	8.50	8.64	8.48	8.61	4763413	42074816.00
2013/01/04	8.68	8.70	8.39	8.44	5014060	43965704.00
2013/01/07	8.45	8.58	8.35	8.56	3744672	32873968.00
2013/01/08	8.55	8.73	8.45	8.66	5306735	47194216.00
2013/01/09	8.66	8.66	8.48	8.54	3603633	31912676.00
2013/01/10	8.56	8.75	8.54	8.67	4336643	38678884.00
2013/01/11	8.69	8.71	8.31	8.39	3731045	32700516.00
2013/01/14	8.38	8.69	8.33	8.67	6271887	55543364.00
2013/01/15	8.73	9.09	8.73	8.97	10113978	93388408.00
2013/01/16	8.96	8.96	8.62	8.75	7815881	70779208.00
2013/01/17	8.73	8.81	8.57	8.70	4355832	39034488.00
2013/01/18	8.70	8.93	8.61	8.83	5430584	49224224.00
2013/01/21	8.83	8.89	8.74	8.83	3079163	27972806.00
2013/01/22	8.84	8.84	8.58	8.60	4334016	38959112.00
2013/01/23	8.60	8.67	8.40	8.57	3070208	27082984.00
2013/01/24	8.59	8.67	8.32	8.37	4995465	44093404.00
2013/01/25	8.42	8.45	8.27	8.33	3219887	27844978.00
2013/01/28	8.36	8.58	8.33	8.57	3371353	29561740.00
2013/01/29	8.57	8.84	8.52	8.80	6690570	60186056.00
2013/01/30	8.79	8.91	8.73	8.84	5828912	53037828.00
2013/01/31	8.81	8.86	8.69	8.78	2987809	27031168.00
2013/02/01	8.79	8.82	8.67	8.80	2369060	21430888.00
2013/02/04	8.87	8.87	8.69	8.77	2950000	26725944.00
2013/02/05	8.75	8.82	8.66	8.76	3645454	32929242.00
2013/02/06	8.80	9.03	8.76	8.96	6167713	56882584.00
2013/02/07	8.95	8.95	8.80	8.88	3215116	29433088.00
2013/02/08	8.91	9.13	8.89	9.12	6940947	64701304.00
2013/02/18	9.16	10.06	9.12	9.73	19936502	196408832.00
2013/02/19	9.67	9.77	9.50	9.57	6356989	62776932.00
2013/02/20	9.60	10.00	9.52	9.80	6921484	69832504.00
2013/02/21	9.71	9.88	9.53	9.61	5465402	54474592.00
2013/02/22	9.59	9.64	9.39	9.50	4253128	41554692.00
2013/02/25	9.49	9.91	9.49	9.85	5366168	53954984.00
2013/02/26	9.83	9.86	9.58	9.67	4058150	40619748.00
2013/02/27	9.63	9.78	9.58	9.66	3434671	34269280.00
2013/02/28	9.67	9.75	9.41	9.56	4548459	44682640.00
2013/03/01	9.57	9.71	9.51	9.59	3564894	35234120.00
2013/03/04	9.46	9.51	9.09	9.21	4542064	43588924.00
2013/03/05	9.18	9.40	9.17	9.38	3851794	36956296.00
2013/03/06	9.43	9.66	9.39	9.46	4011597	39367640.00
2013/03/07	9.50	9.86	9.50	9.73	8091634	80939456.00
2013/03/08	9.71	10.26	9.71	10.00	9271262	95031112.00
2013/03/11	10.02	10.03	9.72	9.94	3848842	39047372.00
2013/03/12	9.92	9.92	9.35	9.48	4695022	46495148.00
2013/03/13	9.49	9.49	9.14	9.22	2483967	23730400.00
2013/03/14	9.19	9.34	9.17	9.26	1416863	13522724.00
2013/03/15	9.28	9.50	9.24	9.37	3149133	30454568.00
2013/03/18	9.22	9.26	8.96	8.98	2584841	24255824.00
2013/03/19	8.92	9.06	8.83	8.99	2205726	20372024.00
2013/03/20	9.00	9.38	8.99	9.30	2551031	24367116.00
2013/03/21	9.31	9.38	9.21	9.29	3022234	28957744.00
2013/03/22	9.32	9.45	9.24	9.26	2910790	28072820.00
2013/03/25	9.34	9.36	9.18	9.28	1718105	16398735.00
2013/03/26	9.25	9.25	8.90	9.01	3388750	31464056.00
2013/03/27	9.08	9.12	8.90	9.01	2635184	24503352.00
2013/03/28	8.92	8.92	8.59	8.66	3949893	35686884.00
2013/03/29	8.67	8.78	8.56	8.74	2368290	21222172.00
2013/04/01	8.79	8.82	8.61	8.69	3560909	32094978.00
2013/04/02	8.71	8.75	8.43	8.44	3775563	33534576.00
2013/04/03	8.50	8.58	8.43	8.55	2275877	20045512.00
2013/04/08	8.55	8.65	8.38	8.65	2145219	18891108.00
2013/04/09	8.65	8.83	8.61	8.81	3332899	30223768.00
2013/04/10	8.78	8.86	8.67	8.76	2350372	21302052.00
2013/04/11	8.76	8.89	8.72	8.80	1687168	15307751.00
2013/04/12	8.87	8.87	8.54	8.55	1746371	15645123.00
2013/04/15	8.56	8.56	8.30	8.30	1744535	15104520.00
2013/04/16	8.23	8.45	8.23	8.45	2474403	21445076.00
2013/04/17	8.45	8.53	8.36	8.51	2344732	20473732.00
2013/04/18	8.41	8.63	8.38	8.52	1461659	12861118.00
2013/04/19	8.52	8.72	8.52	8.70	3438942	30725382.00
2013/04/22	8.64	8.73	8.60	8.64	2855882	25552368.00
2013/04/23	8.64	8.65	8.28	8.29	2819729	24578352.00
2013/04/24	8.24	8.55	8.24	8.52	3178663	27802160.00
2013/04/25	8.54	8.63	8.44	8.47	3069792	27081948.00
2013/04/26	8.61	8.89	8.60	8.65	6139613	55623996.00
2013/05/02	8.71	8.95	8.58	8.84	3558823	32503244.00
2013/05/03	8.84	8.98	8.79	8.89	3665818	33759872.00
2013/05/06	8.88	9.21	8.87	9.18	4834510	45408792.00
2013/05/07	9.19	9.30	9.11	9.28	3563082	33831588.00
2013/05/08	9.26	9.39	9.10	9.17	3479375	33096536.00
2013/05/09	9.08	9.35	9.08	9.34	4983641	47513044.00
2013/05/10	9.33	9.43	9.21	9.33	2467618	23704110.00
2013/05/13	9.36	9.39	9.14	9.22	2020386	19215036.00
2013/05/14	9.25	9.25	9.03	9.06	1955630	18378620.00
2013/05/15	9.09	9.33	9.09	9.32	2193474	20869424.00
2013/05/16	9.31	9.42	9.24	9.32	2498470	24059156.00
2013/05/17	9.29	9.53	9.29	9.49	3055839	29777142.00
2013/05/20	9.49	9.59	9.39	9.55	4249683	41567048.00
2013/05/21	9.56	9.56	9.45	9.52	2426798	23744320.00
2013/05/22	9.52	9.58	9.36	9.43	3913833	38085292.00
2013/05/23	9.39	9.43	9.21	9.24	3593007	34518088.00
2013/05/24	9.24	9.47	9.24	9.46	2934326	28399736.00
2013/05/27	9.44	9.56	9.42	9.52	3143784	30818754.00
2013/05/28	9.55	9.59	9.44	9.57	3166593	31096148.00
2013/05/29	9.57	9.62	9.50	9.60	3871609	38117772.00
2013/05/30	9.64	9.86	9.56	9.79	7275115	72735160.00
2013/05/31	9.79	10.05	9.70	9.83	6356038	64844604.00
2013/06/03	9.83	9.83	9.54	9.59	5135053	51042552.00
2013/06/04	9.59	9.62	9.25	9.30	4009074	38768424.00
2013/06/05	9.30	9.42	9.26	9.38	1931857	18575664.00
2013/06/06	9.33	9.41	9.13	9.14	2451759	23367994.00
2013/06/07	9.21	9.42	8.89	9.24	2668633	25017232.00
2013/06/13	9.04	9.04	8.83	8.96	2453824	22616684.00
2013/06/14	8.99	9.06	8.90	9.01	1640204	15192898.00
2013/06/17	9.01	9.05	8.89	8.98	1472785	13627660.00
2013/06/18	8.99	9.23	8.96	9.21	2134464	20050984.00
2013/06/19	9.19	9.19	8.86	9.02	1849686	17167736.00
2013/06/20	8.94	9.01	8.77	8.82	1382904	12683388.00
2013/06/21	8.72	8.81	8.63	8.72	1460768	13159867.00
2013/06/24	8.77	8.77	8.15	8.27	2998732	25965682.00
2013/06/25	8.23	8.37	7.82	8.08	2727273	22933516.00
2013/06/26	8.01	8.28	8.00	8.24	2805837	23749504.00
2013/06/27	8.21	8.47	8.07	8.11	3915661	33456772.00
2013/06/28	8.03	8.25	7.96	8.05	1891692	15878581.00
2013/07/01	8.05	8.19	7.96	8.18	1489360	12446515.00
2013/07/02	8.14	8.51	8.08	8.46	4509138	39000828.00
2013/07/03	8.46	8.58	8.28	8.48	2082144	17813672.00
2013/07/04	8.48	8.61	8.40	8.52	1530251	13282170.00
2013/07/05	8.59	8.60	8.35	8.37	2526805	21752856.00
2013/07/08	8.26	8.32	8.02	8.03	1430991	11776054.00
2013/07/09	8.11	8.11	8.00	8.04	676350	5554157.00
2013/07/10	8.10	8.31	8.02	8.30	1331868	11092262.00
2013/07/11	8.29	8.61	8.26	8.52	2567661	22134720.00
2013/07/12	8.48	8.60	8.33	8.52	2059761	17796412.00
2013/07/15	8.46	8.78	8.46	8.71	2812583	24675472.00
2013/07/16	8.69	8.69	8.51	8.64	1503939	13157075.00
2013/07/17	8.61	8.63	8.35	8.53	1790877	15525372.00
2013/07/18	8.50	8.50	8.30	8.41	1770843	15100712.00
2013/07/19	8.42	8.48	8.16	8.22	1646809	14021567.00
2013/07/22	8.17	8.30	8.15	8.30	979240	8212065.00
2013/07/23	8.28	8.55	8.28	8.53	1676251	14428965.00
2013/07/24	8.49	8.65	8.34	8.64	2504685	21572052.00
2013/07/25	8.61	8.68	8.43	8.44	1907373	16533101.00
2013/07/26	8.46	8.53	8.35	8.47	1207345	10362525.00
2013/07/29	8.45	8.45	8.20	8.20	1347167	11370597.00
2013/07/30	8.21	8.28	8.10	8.23	1600162	13363237.00
2013/07/31	8.23	8.35	8.20	8.28	1191320	10041713.00
2013/08/01	8.30	8.44	8.26	8.43	2216207	18904856.00
2013/08/02	8.44	8.63	8.43	8.54	2563138	22288380.00
2013/08/05	8.51	8.90	8.51	8.79	5433984	48519068.00
2013/08/06	8.81	8.83	8.64	8.74	3666012	32552282.00
2013/08/07	8.74	8.80	8.52	8.57	4494774	39451488.00
2013/08/08	8.60	8.84	8.58	8.82	5140551	45536736.00
2013/08/09	8.83	8.92	8.65	8.85	4335488	38816300.00
2013/08/12	8.83	9.04	8.80	8.99	5347154	48597252.00
2013/08/13	8.99	9.01	8.87	8.94	4639768	42152584.00
2013/08/14	8.96	9.10	8.91	8.95	4233641	38717136.00
2013/08/15	8.95	8.98	8.72	8.76	4489202	40222324.00
2013/08/16	8.71	9.08	8.67	8.99	7572235	68676520.00
2013/08/19	8.94	9.34	8.90	9.33	10596325	98237008.00
2013/08/20	9.23	9.41	9.17	9.20	8256869	77770888.00
2013/08/21	9.12	9.18	9.01	9.16	4252475	39323496.00
2013/08/22	9.11	9.21	9.04	9.06	3525531	32683636.00
2013/08/23	9.10	9.13	8.83	8.95	3676824	33567960.00
2013/08/26	8.92	9.12	8.90	9.12	3818667	35025084.00
2013/08/27	9.10	9.16	8.98	9.13	3441095	31707504.00
2013/08/28	9.05	9.06	8.89	9.03	4401645	40149792.00
2013/08/29	9.00	9.05	8.90	9.00	2932762	26772068.00
2013/08/30	8.99	9.05	8.89	8.90	3404701	31080088.00
2013/09/02	8.90	8.96	8.73	8.95	2903359	26077676.00
2013/09/03	8.92	9.12	8.91	9.11	3401406	31227804.00
2013/09/04	9.10	9.14	9.00	9.06	2632710	24263372.00
2013/09/05	9.05	9.11	8.96	8.99	2724619	25034604.00
2013/09/06	8.99	9.08	8.93	9.07	2850136	26117400.00
2013/09/09	9.05	9.19	9.05	9.14	3713291	34444864.00
2013/09/10	9.14	9.20	9.08	9.14	3749088	34754760.00
2013/09/11	9.17	9.24	9.10	9.21	4672868	43577368.00
2013/09/12	9.21	9.25	9.14	9.18	3520704	32894052.00
2013/09/13	9.19	9.20	9.06	9.14	2579194	23925814.00
2013/09/16	9.14	9.28	9.12	9.26	3409032	31930892.00
2013/09/17	9.26	9.32	9.01	9.02	3313747	30848540.00
2013/09/18	9.02	9.07	8.90	9.06	2242092	20488284.00
2013/09/23	9.02	9.16	9.02	9.15	2071962	19165952.00
2013/09/24	9.14	9.15	9.01	9.06	2240386	20636808.00
2013/09/25	9.06	9.09	8.91	8.93	2947854	26913900.00
2013/09/26	8.96	9.01	8.87	8.88	1854738	16851128.00
2013/09/27	8.93	9.01	8.90	8.96	1922130	17528084.00
2013/09/30	9.02	9.03	8.93	8.98	1228002	11196429.00
2013/10/08	9.00	9.06	8.93	9.05	2233297	20456832.00
2013/10/09	9.04	9.11	8.98	9.11	3054687	28162544.00
2013/10/10	9.10	9.19	9.05	9.18	3860154	35737696.00
2013/10/11	9.19	9.30	9.16	9.26	4929074	46346528.00
2013/10/14	9.28	9.34	9.19	9.29	4250166	40029380.00
2013/10/15	9.34	9.43	9.25	9.40	5152813	48873156.00
2013/10/16	9.42	9.42	9.15	9.21	3602720	33872756.00
2013/10/17	9.25	9.33	9.19	9.21	2819833	26538072.00
2013/10/18	9.23	9.32	9.11	9.31	2639797	24719568.00
2013/10/21	9.31	9.51	9.28	9.48	4842962	46343744.00
2013/10/22	9.45	9.49	9.26	9.29	3344049	31835020.00
2013/10/23	9.29	9.35	9.01	9.03	3188160	29705276.00
2013/10/24	9.05	9.26	9.05	9.12	3901398	36384688.00
2013/10/25	9.10	9.18	8.94	9.02	4091437	37734416.00
2013/10/28	9.00	9.13	8.92	8.94	2413520	22119676.00
2013/10/29	9.00	9.21	8.70	9.01	5111823	46699792.00
2013/10/30	9.01	9.20	8.95	9.18	3177556	29376816.00
2013/10/31	9.18	9.33	9.08	9.26	3500503	32844344.00
2013/11/01	9.26	9.29	9.12	9.24	2020428	18909364.00
2013/11/04	9.21	9.39	9.21	9.37	3307312	31250356.00
2013/11/05	9.32	9.40	9.24	9.36	2923135	27721198.00
2013/11/06	9.36	9.36	9.05	9.10	5361019	50202420.00
2013/11/07	9.09	9.09	8.86	8.95	4385518	39977480.00
2013/11/08	8.93	8.95	8.76	8.90	2511293	22603582.00
2013/11/11	8.94	9.05	8.87	9.00	1902108	17349864.00
2013/11/12	9.02	9.03	8.92	9.03	1267059	11576257.00
2013/11/13	9.03	9.09	8.86	8.94	1811159	16530856.00
2013/11/14	8.93	9.05	8.88	9.05	2155842	19707924.00
2013/11/15	9.05	9.32	9.02	9.30	5530424	51832688.00
2013/11/18	9.30	9.46	9.26	9.43	8923492	85049128.00
2013/11/19	9.41	9.51	9.34	9.36	4423348	42248244.00
2013/11/20	9.37	9.62	9.32	9.55	5785215	55798688.00
2013/11/21	9.47	9.63	9.43	9.62	5819081	56373536.00
2013/11/22	9.60	9.81	9.55	9.65	6473835	63723604.00
2013/11/25	9.68	9.70	9.48	9.56	4240644	41361984.00
2013/11/26	9.60	9.61	9.49	9.60	2784211	26971280.00
2013/11/27	9.58	9.80	9.56	9.74	4615790	45553648.00
2013/11/28	9.74	9.95	9.70	9.90	5297763	53030712.00
2013/11/29	9.93	9.98	9.82	9.91	3453220	34637224.00
2013/12/02	9.75	9.83	9.51	9.67	6101377	59947568.00
2013/12/03	9.60	9.95	9.49	9.95	4725243	46759240.00
2013/12/04	9.94	10.22	9.90	9.96	6681859	68334640.00
2013/12/05	10.01	10.09	9.87	9.98	4059224	41129464.00
2013/12/06	9.96	10.21	9.91	10.19	5818777	59485368.00
2013/12/09	10.18	10.39	10.13	10.19	5842913	60553292.00
2013/12/10	10.20	10.33	10.13	10.21	4485415	46642000.00
2013/12/11	10.14	10.16	9.97	10.13	5579047	57019800.00
2013/12/12	10.07	10.27	10.04	10.15	4037848	41632524.00
2013/12/13	10.11	10.14	9.98	10.04	2712272	27668548.00
2013/12/16	10.00	10.03	9.74	9.77	3345535	33548264.00
2013/12/17	9.72	9.87	9.72	9.79	2289460	22792996.00
2013/12/18	9.81	10.34	9.68	10.31	7763025	79605824.00
2013/12/19	10.32	10.41	9.90	9.93	9449314	97930480.00
2013/12/20	9.87	9.93	9.68	9.86	3556516	35275264.00
2013/12/23	9.75	9.80	9.53	9.77	1755228	17233480.00
2013/12/24	9.76	9.88	9.70	9.78	1755893	17427064.00
2013/12/25	9.78	9.82	9.61	9.80	2305770	22791152.00
2013/12/26	9.80	9.81	9.57	9.64	3481900	34299344.00
2013/12/27	9.65	9.76	9.58	9.72	3133283	30806256.00
2013/12/30	9.73	9.83	9.67	9.72	3994038	39574364.00
2013/12/31	9.71	9.89	9.66	9.85	2960137	29464168.00
2014/01/02	9.84	9.97	9.76	9.95	2954888	29656396.00
2014/01/03	9.93	9.97	9.76	9.82	1950660	19455584.00
2014/01/06	9.81	9.81	9.54	9.58	2871779	28102216.00
2014/01/07	9.55	9.68	9.50	9.63	1370973	13354986.00
2014/01/08	9.64	9.70	9.35	9.46	2939480	28290212.00
2014/01/09	9.45	9.45	9.10	9.25	3320845	31303256.00
2014/01/10	9.20	9.48	9.20	9.34	2512122	23849886.00
2014/01/13	9.38	9.57	9.25	9.55	2558317	24601742.00
2014/01/14	9.53	9.70	9.46	9.69	1260358	12274664.00
2014/01/15	9.72	9.73	9.61	9.72	1637920	16092430.00
2014/01/16	9.71	10.00	9.71	9.92	3300846	33103182.00
2014/01/17	9.95	9.95	9.80	9.90	1597223	15970487.00
2014/01/20	9.85	9.97	9.81	9.96	1474886	14803995.00
2014/01/21	9.94	10.14	9.93	10.13	3802788	38823192.00
2014/01/22	10.11	10.26	10.05	10.21	3503691	36222432.00
2014/01/23	10.21	10.35	10.13	10.18	4205997	43520976.00
2014/01/24	10.19	10.23	10.10	10.18	3483289	35956364.00
2014/01/27	10.17	10.17	9.98	10.08	2989099	30468568.00
2014/01/28	10.10	10.13	9.99	10.09	1635031	16692053.00
2014/01/29	10.12	10.55	10.11	10.48	7498094	79278656.00
2014/01/30	10.47	10.52	10.35	10.47	3076273	32582200.00
2014/02/21	10.50	10.51	9.89	10.24	7421363	76769352.00
2014/02/24	10.23	10.42	10.07	10.22	5136372	53222592.00
2014/02/25	10.16	11.26	10.16	10.71	19209730	210448288.00
2014/02/26	10.70	11.07	10.56	11.03	13604653	150079408.00
2014/02/27	11.05	11.07	10.45	10.48	9081899	99128408.00
2014/02/28	10.48	10.64	10.16	10.51	5440473	57359520.00
2014/03/03	10.45	10.81	10.41	10.66	5423596	58631716.00
2014/03/04	10.62	10.62	10.30	10.41	4501936	47515076.00
2014/03/05	10.46	10.60	10.31	10.38	3011194	31930492.00
2014/03/06	10.32	10.32	10.08	10.30	3257257	33751448.00
2014/03/07	10.27	10.39	10.15	10.27	2432350	25258644.00
2014/03/10	10.12	10.25	9.85	9.95	3485763	35376560.00
2014/03/11	9.95	10.23	9.77	10.21	3833555	38824780.00
2014/03/12	10.15	10.36	10.05	10.26	2875670	29845188.00
2014/03/13	10.25	10.34	10.07	10.15	2252665	23294488.00
2014/03/14	10.13	10.24	10.05	10.11	1159001	11894108.00
2014/03/17	10.14	10.38	9.95	10.18	6444163	66877736.00
2014/03/18	10.22	10.52	10.20	10.45	6645741	70215248.00
2014/03/19	10.43	10.58	10.29	10.56	4145714	44016380.00
2014/03/20	10.56	10.62	10.31	10.38	3608872	38158120.00
2014/03/21	10.34	10.55	10.11	10.52	3569719	37542828.00
2014/03/24	10.52	10.69	10.49	10.64	4428822	47501888.00
2014/03/25	10.64	10.64	10.45	10.48	2269785	24207240.00
2014/03/26	10.48	10.64	10.35	10.63	3097891	33128868.00
2014/03/27	10.51	10.76	10.45	10.53	3019887	32479864.00
2014/03/28	10.53	10.59	10.37	10.40	2518051	26732472.00
2014/03/31	10.26	10.64	10.25	10.50	3107893	32939176.00
2014/04/01	10.40	10.71	10.40	10.65	3518330	37925304.00
2014/04/02	10.73	10.81	10.55	10.58	2886063	31185620.00
2014/04/03	10.55	10.75	10.54	10.64	2618658	28242340.00
2014/04/04	10.63	10.81	10.55	10.70	4979205	54095976.00
2014/04/08	10.72	11.05	10.68	11.03	10009030	110982400.00
2014/04/09	10.97	11.17	10.89	11.06	7442011	83008520.00
2014/04/10	11.06	11.06	10.91	10.96	4419060	49142800.00
2014/04/11	10.94	10.95	10.76	10.83	3324952	36494840.00
2014/04/14	10.93	11.00	10.74	10.96	3041096	33445724.00
2014/04/15	10.92	11.04	10.70	10.80	4139712	45538960.00
2014/04/16	10.75	10.81	10.70	10.72	2966662	32337696.00
2014/04/17	10.81	10.84	10.72	10.81	2576654	28171752.00
2014/04/18	10.81	10.84	10.70	10.80	2363966	25854248.00
2014/04/21	10.70	10.80	10.59	10.65	3415051	37046180.00
2014/04/22	10.56	10.78	10.49	10.76	4841303	52130688.00
2014/04/23	10.76	10.82	10.63	10.80	4896318	53140884.00
2014/04/24	10.82	11.05	10.62	10.76	3506622	38387296.00
2014/04/25	10.70	10.79	10.46	10.70	3358354	36188680.00
2014/04/28	10.65	10.67	10.23	10.42	3069311	32291688.00
2014/04/29	10.33	10.57	10.28	10.53	1059121	11231059.00
2014/04/30	10.57	10.90	10.49	10.87	3321890	36219648.00
2014/05/05	10.88	11.10	10.81	11.02	4436139	49182020.00
2014/05/06	10.99	11.21	10.93	11.16	4418993	49566848.00
2014/05/07	11.12	11.27	11.05	11.12	3948711	44693600.00
2014/05/08	11.11	11.25	11.02	11.12	3758048	42456264.00
2014/05/09	11.11	11.24	10.96	11.23	4550556	51386844.00
2014/05/12	11.25	11.60	11.13	11.24	7337652	83923736.00
2014/05/13	11.20	11.22	10.98	11.08	4529835	50774000.00
2014/05/14	11.07	11.08	10.95	11.00	1929601	21572982.00
2014/05/15	11.05	11.07	10.73	10.77	3545669	39112068.00
2014/05/16	10.78	11.01	10.67	11.00	2430477	26755186.00
2014/05/19	10.94	11.05	10.77	10.94	1840194	20434796.00
2014/05/20	11.00	11.06	10.92	10.94	2270183	25318732.00
2014/05/21	10.93	10.94	10.70	10.86	2049786	22463120.00
2014/05/22	10.88	10.92	10.75	10.79	2311817	25374416.00
2014/05/23	10.84	10.94	10.75	10.86	1895543	20852612.00
2014/05/26	10.91	11.18	10.83	11.16	4087544	45914284.00
2014/05/27	11.14	11.20	11.07	11.13	1689311	19066800.00
2014/05/28	11.12	11.28	11.07	11.24	3367822	38277172.00
2014/05/29	11.25	11.27	10.87	10.89	2771852	31025308.00
2014/05/30	10.91	11.08	10.83	11.03	1966845	21830508.00
2014/06/03	11.05	11.11	10.91	10.92	1702212	19003876.00
2014/06/04	10.94	10.97	10.78	10.84	1600605	17621068.00
2014/06/05	10.85	11.00	10.79	11.00	1483692	16425002.00
2014/06/06	11.02	11.24	10.76	10.81	2185567	24387202.00
2014/06/09	10.81	10.81	10.35	10.63	3454441	37330424.00
2014/06/10	10.67	10.68	10.54	10.65	2999948	32328820.00
2014/06/11	10.66	10.74	10.64	10.67	2452401	26567240.00
2014/06/12	10.60	10.74	10.55	10.58	2868947	30889924.00
2014/06/13	10.60	10.72	10.50	10.67	2053655	22149108.00
2014/06/16	10.65	10.74	10.62	10.69	2048609	22207288.00
2014/06/17	10.71	10.76	10.66	10.72	1570147	17056736.00
2014/06/18	10.70	10.74	10.55	10.59	1835949	19799904.00
2014/06/19	10.59	10.62	10.33	10.49	5221798	55350268.00
2014/06/20	10.49	10.69	10.43	10.68	2754055	29551064.00
2014/06/23	10.61	10.73	10.58	10.67	2288709	24751948.00
2014/06/24	10.65	10.73	10.63	10.69	1798942	19483068.00
2014/06/25	10.69	10.79	10.63	10.77	1888612	20534374.00
2014/06/26	10.77	10.90	10.76	10.88	2546314	27997276.00
2014/06/27	10.93	10.94	10.80	10.88	2525484	27802628.00
2014/06/30	10.87	10.97	10.81	10.86	2158329	23779566.00
2014/07/01	10.86	11.07	10.84	10.95	2943095	32743232.00
2014/07/02	11.01	11.02	10.89	10.99	2808273	31210656.00
2014/07/03	11.00	11.09	10.93	11.02	2639831	29491564.00
2014/07/04	11.07	11.08	10.95	11.00	1744839	19447324.00
2014/07/07	11.00	11.03	10.75	10.94	2615223	28841552.00
2014/07/08	10.87	11.53	10.87	11.44	6917800	79287384.00
2014/07/09	11.37	11.44	11.14	11.21	2928877	33558424.00
2014/07/10	11.18	11.38	11.16	11.27	2634940	30114160.00
2014/07/11	11.33	11.33	11.10	11.15	2828002	31619886.00
2014/07/14	11.19	11.60	11.18	11.59	3528936	40312576.00
2014/07/15	11.56	11.66	11.39	11.64	4068733	46920520.00
2014/07/16	11.58	11.63	11.40	11.50	2122633	24486808.00
2014/07/17	11.45	11.52	11.25	11.35	1902231	21560020.00
2014/07/18	11.32	11.65	11.28	11.63	2095151	24099198.00
2014/07/21	11.60	11.60	11.40	11.41	2460466	28273320.00
2014/07/22	11.40	11.53	11.32	11.42	2048800	23432400.00
2014/07/23	11.50	11.56	11.34	11.43	2328896	26645472.00
2014/07/24	11.39	11.96	11.39	11.80	6158358	72571304.00
2014/07/25	11.75	11.89	11.66	11.83	2818439	33229692.00
2014/07/28	11.83	11.86	11.65	11.80	4723501	55530040.00
2014/07/29	11.82	12.13	11.73	12.10	5008320	59857404.00
2014/07/30	12.06	12.09	11.78	11.81	5036380	59862264.00
2014/07/31	11.85	11.86	11.74	11.84	2396710	28307664.00
2014/08/01	11.81	11.95	11.68	11.74	3449235	40747332.00
2014/08/04	11.76	11.95	11.76	11.92	2579669	30639280.00
2014/08/05	11.88	11.98	11.80	11.95	2253577	26785938.00
2014/08/06	11.90	11.96	11.78	11.95	3665088	43511056.00
2014/08/07	11.94	12.10	11.80	11.83	3831748	45812932.00
2014/08/08	11.83	11.91	11.76	11.88	2371450	28064488.00
2014/08/11	11.90	12.33	11.82	12.27	5470788	66674140.00
2014/08/12	12.21	12.35	12.13	12.35	3352406	41059532.00
2014/08/13	12.34	12.83	12.32	12.74	9183397	116137032.00
2014/08/14	12.69	12.97	12.46	12.64	5221516	66239052.00
2014/08/15	12.56	13.00	12.55	12.92	4981876	64058808.00
2014/08/18	12.90	13.40	12.89	13.18	4682545	61674400.00
2014/08/19	13.27	13.27	12.97	13.06	3547805	46285308.00
2014/08/20	12.98	13.05	12.78	12.83	3710111	47788584.00
2014/08/21	12.83	12.99	12.73	12.97	2944162	37808260.00
2014/08/22	12.99	13.07	12.84	12.98	2522568	32662396.00
2014/08/25	13.03	13.31	12.95	13.17	4136295	54419856.00
2014/08/26	13.15	13.15	12.64	12.65	3625004	46450160.00
2014/08/27	12.64	12.88	12.54	12.67	1745856	22208744.00
2014/08/28	12.72	12.78	12.60	12.65	1748427	22163802.00
2014/08/29	12.60	12.85	12.60	12.82	1543482	19712358.00
2014/09/01	12.85	13.14	12.80	13.09	1580493	20566358.00
2014/09/02	13.12	13.35	13.05	13.32	2618764	34673796.00
2014/09/03	13.38	13.43	13.07	13.20	3041647	40254176.00
2014/09/04	13.32	13.32	13.09	13.11	2858559	37774316.00
2014/09/05	13.16	13.36	13.10	13.35	3267239	43149760.00
2014/09/09	13.33	13.43	13.10	13.36	3526600	46771144.00
2014/09/10	13.31	13.47	13.17	13.46	2412569	32133574.00
2014/09/11	13.43	13.82	13.38	13.52	4224525	57610928.00
2014/09/12	13.49	13.72	13.42	13.64	3101233	42231408.00
2014/09/15	13.69	13.69	13.40	13.54	3629241	49004436.00
2014/09/16	13.54	13.64	12.89	12.91	4763801	63281516.00
2014/09/17	12.97	13.15	12.73	13.12	2948514	38213252.00
2014/09/18	13.01	13.26	13.00	13.23	2953489	38742012.00
2014/09/19	13.23	13.39	13.06	13.35	3539987	46846716.00
2014/09/22	13.34	13.49	13.20	13.27	3168875	42323424.00
2014/09/23	13.29	13.44	13.29	13.37	2041993	27301040.00
2014/09/24	13.38	14.02	13.35	13.99	6014058	82755416.00
2014/09/25	14.02	14.33	13.79	13.92	4951386	69687384.00
2014/09/26	13.81	14.06	13.74	13.80	2544174	35200168.00
2014/09/29	13.85	14.05	13.80	13.91	2066088	28788912.00
2014/09/30	13.91	14.03	13.86	13.96	2791420	38961908.00
2014/10/08	14.03	14.14	13.91	14.07	3328408	46675512.00
2014/10/09	14.07	14.12	13.67	13.80	5023871	69636008.00
2014/10/10	13.80	13.81	13.60	13.64	3217315	43975164.00
2014/10/13	13.65	13.82	13.49	13.80	2798814	38176540.00
2014/10/14	13.84	14.08	13.78	14.02	3769514	52413460.00
2014/10/15	14.01	14.10	13.80	13.97	4162292	58055852.00
2014/10/16	14.00	14.00	13.52	13.61	5129339	71237120.00
2014/10/17	13.52	13.65	13.22	13.33	3349267	44866972.00
2014/10/20	13.33	13.59	13.33	13.40	1661385	22287328.00
2014/10/21	13.40	13.49	13.15	13.17	1721221	22915604.00
2014/10/22	13.23	13.36	12.93	12.98	2067654	27074212.00
2014/10/23	12.92	13.05	12.40	12.46	2868956	36395288.00
2014/10/24	12.65	12.72	12.48	12.59	1734293	21876320.00
2014/10/27	12.55	12.94	12.53	12.94	1558423	19979624.00
2014/10/28	12.94	13.29	12.91	13.20	2288703	30213648.00
2014/10/29	13.21	13.46	13.17	13.33	2622839	34914024.00
2014/10/30	13.34	14.01	13.25	13.88	7494196	102893360.00
2014/10/31	13.85	13.95	13.41	13.62	5185456	70662472.00
2014/11/03	13.60	13.93	13.46	13.57	5742694	78647920.00
2014/11/04	13.66	13.67	13.40	13.44	3627496	49084976.00
2014/11/05	13.41	13.54	13.23	13.30	2651077	35325476.00
2014/11/06	13.32	13.41	13.20	13.37	1716260	22864940.00
2014/11/07	13.37	13.44	13.08	13.09	3216547	42742580.00
2014/11/10	13.07	13.33	13.07	13.30	1870673	24705058.00
2014/11/11	13.30	13.30	12.50	12.76	3933447	50565672.00
2014/11/12	12.76	12.99	12.71	12.97	1274394	16403602.00
2014/11/13	13.17	13.17	12.82	12.98	1626862	21082348.00
2014/11/14	12.90	12.99	12.73	12.86	1209215	15504831.00
2014/11/17	12.86	12.96	12.78	12.85	2005062	25812360.00
2014/11/18	12.83	13.18	12.83	13.06	1874475	24424288.00
2014/11/19	13.04	13.39	13.04	13.29	2696654	35845752.00
2014/11/20	13.30	13.30	12.93	12.98	2451974	32002372.00
2014/11/21	13.04	13.10	12.84	13.06	2339382	30314726.00
2014/11/24	13.10	13.18	12.89	13.09	3226824	42114360.00
2014/11/25	13.15	13.40	13.07	13.36	4754655	62826280.00
2014/11/26	13.37	13.50	13.25	13.42	2895561	38762420.00
2014/11/27	13.50	13.57	13.00	13.24	4404725	58582444.00
2014/11/28	13.24	13.37	13.05	13.10	4649335	61135480.00
2014/12/01	13.05	13.30	12.97	13.09	3630667	47541768.00
2014/12/02	13.04	13.25	13.00	13.19	7052616	92612048.00
2014/12/03	13.20	13.24	13.00	13.23	7136623	93287488.00
2014/12/04	13.20	13.40	13.16	13.39	8300366	110487736.00
2014/12/05	13.47	13.47	12.84	13.12	6608837	86790744.00
2014/12/08	13.04	13.10	12.78	12.86	5838364	75168488.00
2014/12/09	12.89	12.90	12.44	12.50	8370243	106025280.00
2014/12/10	12.57	12.82	12.48	12.80	4766444	60434024.00
2014/12/11	12.81	13.10	12.71	13.09	5820115	75578872.00
2014/12/12	13.02	13.14	12.98	13.12	3269380	42657728.00
2014/12/15	13.13	13.43	13.02	13.38	5871241	77768720.00
2014/12/16	13.32	13.38	13.14	13.20	4189523	55351040.00
2014/12/17	13.09	13.18	12.75	12.85	4336100	55968536.00
2014/12/18	12.85	12.92	12.70	12.81	2719828	34852240.00
2014/12/19	12.81	12.81	12.50	12.64	3936565	49587752.00
2014/12/22	12.64	12.64	12.05	12.17	5176271	63580980.00
2014/12/23	12.25	12.32	12.09	12.15	2562017	31244366.00
2014/12/24	12.18	12.38	12.15	12.32	1745209	21401732.00
2014/12/25	12.33	12.43	12.25	12.36	1962530	24252288.00
2014/12/26	12.38	12.49	12.30	12.45	2095409	25991052.00
2014/12/29	12.45	12.54	12.12	12.17	3217296	39438864.00
2014/12/30	12.18	12.25	12.10	12.21	1719967	20916848.00
2014/12/31	12.23	12.80	11.83	12.46	3385703	41081824.00
2015/01/05	12.33	12.49	12.20	12.37	3723196	46125520.00
2015/01/06	12.31	12.61	12.26	12.60	4266066	53413272.00
2015/01/07	12.58	12.64	12.40	12.44	2770983	34581656.00
2015/01/08	12.48	12.57	12.37	12.38	2689816	33464362.00
2015/01/09	12.42	12.53	12.30	12.32	1972360	24536114.00
2015/01/12	12.23	12.30	11.86	11.91	2585699	31138112.00
2015/01/13	11.96	12.08	11.87	12.06	1368832	16426301.00
2015/01/14	12.07	12.11	11.94	12.00	1490318	17905496.00
2015/01/15	12.02	12.23	11.97	12.17	1727957	20970228.00
2015/01/16	12.16	12.33	12.13	12.32	1733733	21259462.00
2015/01/19	12.15	12.36	11.87	12.07	2827126	34379212.00
2015/01/20	12.09	12.46	12.09	12.44	3140059	38697948.00
2015/01/21	12.45	12.64	12.39	12.63	3811729	47791196.00
2015/01/22	12.64	12.66	12.50	12.55	5783861	72741664.00
2015/01/23	12.59	12.76	12.49	12.59	4646440	58578420.00
2015/01/26	12.59	12.74	12.55	12.71	3052901	38672248.00
2015/01/27	12.71	12.75	12.52	12.67	2967770	37517284.00
2015/01/28	12.63	12.89	12.55	12.84	5014587	64161496.00
2015/01/29	12.73	12.83	12.58	12.76	3304872	42031336.00
2015/01/30	12.73	12.85	12.60	12.73	2084108	26496444.00
2015/02/02	12.60	13.30	12.56	13.04	7779051	101408680.00
2015/02/03	12.84	13.35	12.84	13.21	5378658	70508128.00
2015/02/04	13.22	13.66	13.10	13.52	9409992	126634848.00
2015/02/05	13.58	13.62	13.15	13.22	5098132	68448480.00
2015/02/06	13.20	13.28	13.00	13.03	3804824	49815104.00
2015/02/09	13.09	13.13	12.82	12.97	2087004	27172820.00
2015/02/10	12.96	13.04	12.80	12.91	2138210	27559756.00
2015/02/11	12.91	13.09	12.82	12.95	2036828	26421368.00
2015/02/12	12.98	13.13	12.88	13.11	2118095	27662480.00
2015/02/13	13.15	13.41	13.15	13.35	3697222	49263724.00
2015/02/16	13.45	13.45	13.27	13.42	2859546	38255060.00
2015/02/17	13.46	13.46	13.30	13.38	2686928	35942464.00
2015/02/25	13.42	13.42	13.17	13.29	1696422	22542432.00
2015/02/26	13.29	13.77	13.24	13.70	6038650	81660704.00
2015/02/27	13.66	13.74	13.53	13.66	3078826	42020252.00
2015/03/02	13.68	13.78	13.56	13.74	4828468	65883880.00
2015/03/03	13.71	13.73	13.54	13.57	3787060	51600692.00
2015/03/04	13.58	13.78	13.52	13.73	3242439	44274584.00
2015/03/05	13.78	13.78	13.56	13.73	2716933	37144476.00
2015/03/06	13.58	14.09	13.58	13.71	6233281	86274672.00
2015/03/09	13.70	13.74	13.40	13.73	3356832	45565296.00
2015/03/10	13.74	14.07	13.62	13.95	3921873	54468384.00
2015/03/11	13.96	13.97	13.75	13.87	3072842	42476244.00
2015/03/12	13.90	13.92	13.56	13.66	3848952	52700400.00
2015/03/13	13.77	13.77	13.59	13.69	2724782	37203884.00
2015/03/16	13.75	14.02	13.75	13.96	5022506	69990480.00
2015/03/17	14.06	14.26	13.88	14.25	8010392	112394560.00
2015/03/18	14.24	14.32	14.07	14.31	5790876	82489688.00
2015/03/19	14.27	14.41	14.12	14.35	5244038	74830040.00
2015/03/20	14.30	14.57	14.27	14.49	6840020	98698144.00
2015/03/23	14.51	14.71	14.41	14.57	7468560	108757744.00
2015/03/24	14.52	14.55	14.12	14.30	8841699	126961992.00
2015/03/25	14.30	14.62	14.19	14.58	8028973	115198736.00
2015/03/26	14.61	15.09	14.42	14.80	8968485	132437848.00
2015/03/27	14.63	15.38	14.62	15.35	9733030	147205728.00
2015/03/30	15.35	15.59	15.18	15.33	7560025	115878928.00
2015/03/31	15.31	15.79	15.16	15.53	10640661	164317584.00
2015/04/01	15.49	15.82	15.36	15.69	7744630	121167032.00
2015/04/02	15.68	15.78	15.51	15.77	7763928	121440000.00
2015/04/03	15.71	15.95	15.60	15.88	6907541	108934048.00
2015/04/07	16.00	16.89	15.83	16.58	10022727	163790016.00
2015/04/08	16.58	16.65	15.92	16.13	8721581	141820192.00
2015/04/09	16.08	16.10	15.10	15.67	8978484	139788992.00
2015/04/10	15.55	16.46	15.52	16.28	6674139	106958520.00
2015/04/13	16.30	16.96	16.30	16.74	9179935	152659008.00
2015/04/14	16.73	16.94	16.29	16.50	7879426	130786560.00
2015/04/15	16.36	16.45	15.65	15.73	6718503	107040008.00
2015/04/16	15.57	16.08	15.31	15.96	4822450	76171024.00
2015/04/17	16.08	16.18	15.79	16.00	7091997	113206448.00
2015/04/20	16.00	16.45	15.00	16.08	8855837	140865168.00
2015/04/21	15.70	16.07	15.56	16.05	9266137	146542896.00
2015/04/22	16.09	16.48	16.08	16.41	10495883	171617744.00
2015/04/23	16.48	16.62	16.21	16.46	9680247	159034512.00
2015/04/24	16.29	16.41	15.30	16.06	9177458	147985120.00
2015/04/27	16.19	16.37	15.90	16.08	8735370	140900960.00
2015/04/28	16.11	16.27	15.44	15.59	9251561	147114688.00
2015/04/29	15.50	15.83	15.45	15.82	7328082	115205032.00
2015/04/30	15.94	16.04	15.75	15.80	5883626	93541408.00
2015/05/05	16.25	16.25	16.25	16.25	0	0.00
数据来源:通达信
