600258 首旅酒店 日线 前复权
      日期	    开盘	    最高	    最低	    收盘	    成交量	    成交额
2011/10/10	14.75	14.92	14.43	14.49	525651	8041484.00
2011/10/11	14.87	15.09	14.48	14.64	609593	9404796.00
2011/10/12	14.60	15.25	14.48	15.09	661878	10376171.00
2011/10/13	15.15	15.44	15.00	15.40	1081616	17215648.00
2011/10/14	15.37	15.54	15.09	15.28	508103	8095737.00
2011/10/17	15.48	15.49	14.93	14.96	1041389	16394617.00
2011/10/18	14.70	14.80	14.34	14.34	874792	13333993.00
2011/10/19	14.27	14.58	14.26	14.32	454906	6861879.00
2011/10/20	14.32	14.32	13.85	13.96	584088	8585778.00
2011/10/21	14.17	14.17	13.74	13.78	412319	6007991.00
2011/10/24	13.86	13.93	13.40	13.80	859050	12384434.00
2011/10/25	13.80	14.32	13.78	14.18	753286	11133950.00
2011/10/26	14.16	14.50	14.05	14.37	946123	14209650.00
2011/10/27	14.32	14.73	14.32	14.49	916204	13904710.00
2011/10/28	14.71	14.71	14.50	14.63	863205	13217344.00
2011/10/31	14.63	14.75	14.48	14.63	624982	9558533.00
2011/11/01	14.60	14.83	14.40	14.74	878615	13488367.00
2011/11/02	14.48	15.05	14.33	15.00	1151359	17749078.00
2011/11/03	14.98	15.27	14.92	15.09	1598372	25297304.00
2011/11/04	15.25	15.40	15.03	15.13	956567	15200855.00
2011/11/07	15.01	15.19	14.88	14.89	772216	12128995.00
2011/11/08	14.89	15.05	14.70	14.73	835688	12994893.00
2011/11/09	14.73	15.05	14.67	15.04	863695	13422623.00
2011/11/10	14.96	16.00	14.81	15.39	3366227	54443500.00
2011/11/11	15.40	16.03	15.21	15.89	3888320	63935132.00
2011/11/14	15.91	16.39	15.90	16.03	2170646	36545768.00
2011/11/15	16.06	16.20	15.81	15.99	1053267	17543168.00
2011/11/16	15.90	16.19	15.45	15.52	1312132	21678186.00
2011/11/17	15.85	15.85	15.32	15.33	1025975	16659972.00
2011/11/18	15.20	15.22	14.86	14.87	817587	12858648.00
2011/11/21	14.93	15.10	14.80	14.99	641045	10053845.00
2011/11/22	14.90	15.10	14.71	15.09	549638	8589070.00
2011/11/23	15.30	15.80	15.13	15.14	1281461	20742514.00
2011/11/24	14.91	15.40	14.68	15.28	914963	14407648.00
2011/11/25	15.20	15.41	14.90	14.93	479646	7611738.00
2011/11/28	14.97	15.15	14.78	14.94	512130	8025007.00
2011/11/29	15.09	15.46	15.00	15.41	932296	14890161.00
2011/11/30	15.49	15.49	14.41	14.46	1151822	17908676.00
2011/12/01	15.07	15.15	14.47	14.49	1504843	23286366.00
2011/12/02	14.48	14.59	14.02	14.08	828639	12371352.00
2011/12/05	13.99	14.06	13.39	13.42	1629249	23310082.00
2011/12/06	13.45	13.53	13.10	13.34	749007	10532461.00
2011/12/07	13.34	13.56	13.31	13.50	674278	9535678.00
2011/12/08	13.43	13.55	13.10	13.42	1074919	15097182.00
2011/12/09	13.28	13.48	13.22	13.39	360211	5058975.00
2011/12/12	13.36	13.52	13.18	13.22	567415	7951584.00
2011/12/13	13.14	13.19	12.82	12.89	741334	10108920.00
2011/12/14	12.88	13.01	12.75	12.88	448402	6090403.00
2011/12/15	12.71	12.98	12.40	12.73	601154	8101910.00
2011/12/16	12.72	12.95	12.58	12.95	909524	12254578.00
2011/12/19	12.89	12.93	12.60	12.81	842442	11337924.00
2011/12/20	12.81	12.95	12.55	12.57	779671	10507227.00
2011/12/21	12.75	12.75	12.13	12.18	1020445	13451798.00
2011/12/22	12.16	12.18	11.42	11.86	1004008	12408938.00
2011/12/23	11.86	12.17	11.75	11.98	708443	8994945.00
2011/12/26	12.06	12.20	11.80	11.88	742509	9464092.00
2011/12/27	11.90	12.00	11.55	11.63	727928	9002455.00
2011/12/28	11.58	11.60	11.31	11.47	557106	6755079.00
2011/12/29	11.45	11.79	11.44	11.59	1009133	12423378.00
2011/12/30	11.55	11.89	11.50	11.86	1005475	12437804.00
2012/01/04	11.88	11.98	11.36	11.38	891368	11079416.00
2012/01/05	11.40	11.42	10.79	10.82	795655	9360774.00
2012/01/06	10.90	10.90	10.42	10.72	833314	9389939.00
2012/01/09	10.75	11.15	10.66	11.13	1948560	22641384.00
2012/01/10	11.10	11.72	11.08	11.70	2403348	29149728.00
2012/01/11	11.67	11.76	11.50	11.63	2173685	26808180.00
2012/01/12	11.55	11.71	11.45	11.50	1976677	24246212.00
2012/01/13	11.58	11.58	10.90	10.98	2003338	23780524.00
2012/01/16	10.90	10.90	10.43	10.47	1284119	14628849.00
2012/01/17	10.49	11.10	10.40	11.09	2859786	32769068.00
2012/01/18	11.10	11.22	10.71	10.77	1962517	22931744.00
2012/01/19	10.77	10.99	10.67	10.90	1171480	13569347.00
2012/01/20	11.01	11.24	10.96	11.20	1601631	18989394.00
2012/01/30	11.23	11.35	11.08	11.11	1027628	12259941.00
2012/01/31	11.15	11.16	10.89	11.06	716056	8370536.00
2012/02/01	11.08	11.22	10.90	10.95	726550	8543228.00
2012/02/02	11.05	11.58	10.91	11.57	2732211	33001800.00
2012/02/03	11.45	11.60	11.35	11.54	2159718	26305998.00
2012/02/06	11.51	11.60	11.40	11.54	1501716	18316116.00
2012/02/07	11.86	12.20	11.42	11.62	5298056	66377120.00
2012/02/08	11.45	11.87	11.40	11.84	2792020	34484948.00
2012/02/09	11.85	12.05	11.70	11.92	2679583	33896168.00
2012/02/10	11.90	12.17	11.79	11.96	2270869	28769462.00
2012/02/13	11.91	12.12	11.78	12.04	2243970	28486128.00
2012/02/14	12.10	12.27	11.90	12.16	1952381	25022512.00
2012/02/15	12.15	12.27	11.98	12.24	1981084	25484816.00
2012/02/16	12.39	12.84	12.35	12.52	6032645	80119376.00
2012/02/17	12.70	13.30	12.57	13.09	7884539	108109480.00
2012/02/20	13.10	13.16	12.74	12.88	3844743	52441688.00
2012/02/21	12.81	13.15	12.60	13.06	2734436	37141068.00
2012/02/22	13.05	13.39	12.85	13.20	2424967	33567792.00
2012/02/23	13.17	13.24	12.91	13.02	1679373	23130096.00
2012/02/24	13.00	13.70	12.90	13.49	4114060	57723936.00
2012/02/27	13.52	13.65	13.35	13.39	1954925	27808548.00
2012/02/28	13.35	13.37	13.15	13.30	1366854	19061968.00
2012/02/29	13.30	13.60	13.08	13.30	1642479	23093776.00
2012/03/01	13.25	13.62	13.16	13.52	1620407	22962552.00
2012/03/02	13.62	13.96	13.49	13.81	2205887	31843876.00
2012/03/05	13.81	14.10	13.70	13.81	1511955	21987184.00
2012/03/06	13.75	13.95	13.51	13.75	1311393	18906980.00
2012/03/07	13.64	13.93	13.50	13.57	840853	12113174.00
2012/03/08	13.60	14.00	13.60	13.99	1513260	22023176.00
2012/03/09	14.08	14.08	13.84	14.02	907204	13304286.00
2012/03/12	14.03	14.30	14.00	14.12	1522099	22621224.00
2012/03/13	14.09	14.20	14.02	14.15	918968	13618967.00
2012/03/14	14.20	14.36	13.11	13.29	2059807	29899012.00
2012/03/15	13.25	13.38	12.94	13.02	1603611	22148688.00
2012/03/16	13.08	13.49	13.06	13.48	1663794	23272336.00
2012/03/19	13.49	14.12	13.48	13.89	2979219	43645748.00
2012/03/20	13.77	13.86	13.02	13.11	2441508	34474304.00
2012/03/21	13.29	13.42	13.04	13.39	1516670	21123108.00
2012/03/22	13.33	13.38	13.11	13.25	1021814	14234900.00
2012/03/23	13.26	13.26	12.84	12.93	903346	12377652.00
2012/03/26	12.92	13.04	12.81	12.99	539193	7339416.00
2012/03/27	13.10	13.24	12.95	13.03	562380	7766599.00
2012/03/29	12.35	12.79	12.12	12.16	2148625	28043048.00
2012/03/30	12.11	12.29	11.78	11.88	1431101	18122024.00
2012/04/05	11.90	12.34	11.83	12.33	1048366	13486900.00
2012/04/06	12.42	12.90	12.42	12.64	2144856	28769112.00
2012/04/09	12.54	12.68	12.07	12.15	1930851	25205530.00
2012/04/10	12.14	12.48	11.99	12.47	862638	11147375.00
2012/04/11	12.20	12.58	12.20	12.58	1186889	15612431.00
2012/04/12	12.63	12.88	12.57	12.84	1802289	24202160.00
2012/04/13	12.80	13.03	12.77	12.91	1867796	25371724.00
2012/04/16	12.84	13.08	12.75	13.02	1474847	20138946.00
2012/04/17	12.96	13.11	12.64	12.71	1861104	25111516.00
2012/04/18	12.75	13.23	12.65	13.14	2408769	33112912.00
2012/04/19	13.08	13.18	12.94	13.14	1535389	21106742.00
2012/04/23	13.20	13.38	13.03	13.37	2932825	40818316.00
2012/04/24	13.22	13.43	12.70	13.13	2384345	32987080.00
2012/04/25	13.08	13.41	12.91	13.28	2536738	35196840.00
2012/04/26	13.42	13.49	13.08	13.30	1923458	26848064.00
2012/04/27	13.45	13.45	13.05	13.06	1474684	20426440.00
2012/05/02	13.25	13.25	12.88	13.04	1940960	26681776.00
2012/05/03	13.04	13.22	12.95	13.14	1362045	18833812.00
2012/05/04	13.16	13.38	13.11	13.32	2018937	28223468.00
2012/05/07	13.24	13.28	13.11	13.26	1099516	15278907.00
2012/05/08	13.20	13.45	13.20	13.34	1795173	25196714.00
2012/05/09	13.21	13.29	12.86	12.89	1511969	20788864.00
2012/05/10	12.82	12.90	12.64	12.68	1420719	19112750.00
2012/05/11	12.69	12.79	12.58	12.61	691312	9252911.00
2012/05/14	12.75	12.88	12.64	12.75	1127029	15193993.00
2012/05/15	12.66	12.90	12.60	12.84	970173	13085968.00
2012/05/16	12.78	12.87	12.60	12.68	778756	10447047.00
2012/05/17	12.62	12.85	12.58	12.82	814776	10956199.00
2012/05/18	12.66	12.77	12.18	12.21	1548466	20343600.00
2012/05/21	12.18	12.27	12.04	12.15	943395	12110301.00
2012/05/22	12.18	12.40	12.15	12.35	1141176	14761675.00
2012/05/23	12.30	12.35	12.15	12.21	817677	10587323.00
2012/05/24	12.16	12.34	12.08	12.13	643973	8308882.00
2012/05/28	12.06	12.17	11.72	12.16	791303	9993829.00
2012/05/29	12.16	12.38	12.12	12.34	1828287	23677608.00
2012/05/30	12.34	12.34	12.20	12.28	894450	11589898.00
2012/05/31	12.25	12.26	12.10	12.24	1280176	16475206.00
2012/06/01	12.19	12.32	12.11	12.21	1159055	14947927.00
2012/06/04	11.93	12.03	11.80	11.85	1195717	15088155.00
2012/06/05	11.85	12.04	11.85	11.89	539806	6805063.00
2012/06/06	11.89	11.98	11.78	11.84	689349	8680303.00
2012/06/07	11.98	12.06	11.70	11.70	667000	8385814.00
2012/06/08	11.84	11.89	11.70	11.75	552996	6913251.00
2012/06/11	11.75	12.13	11.73	12.12	752556	9565309.00
2012/06/12	12.04	12.26	12.00	12.15	988449	12701916.00
2012/06/13	12.19	12.39	12.11	12.36	1167213	15136052.00
2012/06/14	12.36	12.48	12.24	12.28	778042	10003816.00
2012/06/15	12.31	12.47	12.25	12.35	842282	10814680.00
2012/06/18	12.45	12.57	12.35	12.52	2315968	30077956.00
2012/06/19	12.55	12.59	12.28	12.35	775487	10019547.00
2012/06/20	12.39	12.43	12.27	12.31	800182	10280713.00
2012/06/21	12.30	12.30	12.00	12.04	982002	12337560.00
2012/06/25	12.02	12.05	11.69	11.70	855251	10578130.00
2012/06/26	11.71	11.71	11.48	11.63	1162454	14016741.00
2012/06/27	11.63	11.75	11.49	11.49	618697	7514397.00
2012/06/28	11.52	11.65	11.40	11.41	732246	8804016.00
2012/06/29	11.40	11.71	11.38	11.69	995291	12007970.00
2012/07/02	11.74	11.89	11.70	11.88	868870	10699475.00
2012/07/03	11.88	12.21	11.83	12.00	1336101	16784300.00
2012/07/04	12.09	12.12	11.85	11.92	702518	8737610.00
2012/07/05	11.87	11.94	11.65	11.71	709756	8694348.00
2012/07/06	11.83	12.17	11.71	12.17	1750535	21855116.00
2012/07/09	12.18	12.62	12.08	12.30	3812056	49218976.00
2012/07/10	12.20	12.36	12.03	12.13	1727024	21851012.00
2012/07/11	12.14	12.32	12.05	12.27	1707781	21614144.00
2012/07/12	12.18	13.18	12.14	12.82	6272757	83068416.00
2012/07/13	12.71	12.95	12.65	12.93	2634453	35048192.00
2012/07/16	13.00	13.12	12.62	12.68	3568194	47730844.00
2012/07/17	12.69	12.74	12.35	12.65	2227814	28998604.00
2012/07/18	12.63	12.63	12.17	12.54	2097455	26969828.00
2012/07/19	12.48	12.78	12.34	12.75	2753495	36169420.00
2012/07/20	12.70	12.79	12.44	12.47	1545950	20266392.00
2012/07/23	12.28	12.28	11.95	11.99	2149976	27056652.00
2012/07/24	11.92	12.24	11.86	12.16	1449156	18295950.00
2012/07/25	12.16	12.16	11.81	11.81	1105404	13773602.00
2012/07/26	11.81	11.97	11.76	11.78	945475	11684005.00
2012/07/27	11.81	11.87	11.57	11.67	879152	10702862.00
2012/07/30	11.72	11.80	11.45	11.47	775161	9366108.00
2012/07/31	11.47	11.59	11.40	11.52	707924	8486965.00
2012/08/01	11.50	11.76	11.50	11.71	566215	6878534.00
2012/08/02	11.67	11.71	11.39	11.40	673900	8108746.00
2012/08/03	11.45	11.74	11.45	11.73	1236130	14897405.00
2012/08/06	11.65	11.91	11.55	11.90	1452689	17846834.00
2012/08/07	11.91	11.93	11.80	11.93	1334636	16523511.00
2012/08/08	11.93	11.96	11.79	11.84	842718	10414900.00
2012/08/09	11.86	11.99	11.79	11.98	1836765	22791952.00
2012/08/10	11.98	11.98	11.80	11.89	1045867	12948247.00
2012/08/13	11.81	12.02	11.78	11.95	2365981	29376816.00
2012/08/14	11.96	11.97	11.56	11.83	1375735	16794162.00
2012/08/15	11.78	11.78	11.58	11.61	926508	11265540.00
2012/08/16	11.61	11.66	11.53	11.53	581667	7032561.00
2012/08/17	11.50	11.59	11.48	11.58	558546	6721650.00
2012/08/20	11.53	11.70	11.48	11.67	460826	5576285.00
2012/08/21	11.66	11.85	11.63	11.80	742809	9109759.00
2012/08/22	11.80	11.84	11.65	11.70	767262	9394638.00
2012/08/23	11.68	11.82	11.68	11.81	684821	8387610.00
2012/08/24	11.71	11.83	11.61	11.63	738452	9024786.00
2012/08/27	11.61	11.70	11.35	11.36	753127	9071094.00
2012/08/28	11.36	11.56	11.35	11.46	809209	9668485.00
2012/08/29	11.41	11.56	11.41	11.46	522042	6266624.00
2012/08/30	11.46	11.69	11.21	11.45	1022980	12202801.00
2012/08/31	11.45	11.50	11.31	11.43	488674	5816885.00
2012/09/03	11.43	11.75	11.38	11.72	928592	11283340.00
2012/09/04	11.77	11.83	11.64	11.75	882132	10799357.00
2012/09/05	11.70	11.90	11.65	11.84	1347480	16602301.00
2012/09/06	11.82	11.94	11.81	11.93	1301392	16105596.00
2012/09/07	12.00	12.42	11.96	12.30	3379237	43068236.00
2012/09/10	12.29	12.41	12.22	12.34	1619169	20742104.00
2012/09/11	12.30	12.33	12.12	12.28	1454521	18481604.00
2012/09/12	12.36	12.39	12.15	12.29	1562035	19942936.00
2012/09/13	12.32	12.65	12.21	12.24	3651824	47415980.00
2012/09/14	12.34	12.35	12.04	12.14	2095635	26565068.00
2012/09/17	12.21	12.42	11.92	11.96	1951094	24708434.00
2012/09/18	11.90	12.04	11.86	12.01	943498	11767140.00
2012/09/19	12.04	12.34	11.92	12.25	1974001	25029242.00
2012/09/20	12.15	12.16	11.65	11.74	1470400	18314148.00
2012/09/21	11.75	11.85	11.45	11.51	1309397	15883932.00
2012/09/24	11.40	11.62	11.25	11.50	871399	10414243.00
2012/09/25	11.46	11.64	11.39	11.49	733089	8787174.00
2012/09/26	11.45	11.57	11.03	11.09	1215515	14245094.00
2012/09/27	11.03	11.33	11.00	11.24	1480847	17293804.00
2012/09/28	11.25	11.43	11.16	11.40	1213054	14324692.00
2012/10/08	11.51	11.67	11.32	11.40	1169617	14015278.00
2012/10/09	11.40	11.61	11.35	11.60	1464252	17596404.00
2012/10/10	11.55	11.59	11.46	11.56	1173486	14109762.00
2012/10/11	11.55	11.55	11.24	11.24	1117483	13290161.00
2012/10/12	11.26	11.35	11.10	11.23	1065944	12481836.00
2012/10/15	11.28	11.28	11.10	11.19	473821	5527672.00
2012/10/16	11.24	11.32	11.18	11.25	512754	6030438.00
2012/10/17	11.31	11.35	11.12	11.30	547617	6426128.00
2012/10/18	11.32	11.46	11.32	11.44	1018159	12133865.00
2012/10/19	11.45	11.47	11.35	11.43	561799	6692435.00
2012/10/22	11.35	11.42	11.27	11.41	633985	7502058.00
2012/10/23	11.36	11.43	11.20	11.23	611613	7224654.00
2012/10/24	11.16	11.25	11.15	11.21	645280	7544116.00
2012/10/25	11.20	11.32	11.10	11.15	578315	6757824.00
2012/10/26	11.12	11.15	10.78	10.81	912500	10430178.00
2012/10/29	10.84	10.96	10.80	10.82	650189	7387275.00
2012/10/30	10.81	10.94	10.81	10.83	466044	5302921.00
2012/10/31	10.84	10.89	10.73	10.88	686517	7767853.00
2012/11/01	10.90	11.11	10.89	11.08	869691	10031069.00
2012/11/02	11.10	11.13	11.04	11.12	569644	6600679.00
2012/11/05	11.12	11.15	10.93	11.01	653069	7512915.00
2012/11/06	11.09	11.09	10.87	11.07	618731	7094944.00
2012/11/07	11.07	11.07	10.96	11.02	394307	4538187.00
2012/11/08	10.96	11.06	10.81	10.82	586110	6679800.00
2012/11/09	10.75	10.88	10.73	10.81	378257	4273674.00
2012/11/12	10.83	10.88	10.68	10.76	530336	5968466.00
2012/11/13	10.82	10.94	10.69	10.76	805336	9109029.00
2012/11/14	10.71	10.76	10.44	10.54	1113181	12294980.00
2012/11/15	10.52	10.52	10.19	10.27	575525	6250728.00
2012/11/16	10.26	10.26	9.95	10.09	751225	7930859.00
2012/11/19	10.08	10.13	9.97	10.10	508420	5363464.00
2012/11/20	10.10	10.16	10.01	10.03	317274	3354926.00
2012/11/21	10.01	10.14	9.82	10.12	665192	6996790.00
2012/11/22	10.09	10.10	9.98	10.06	311561	3285609.00
2012/11/23	10.13	10.16	10.05	10.10	422225	4479848.00
2012/11/26	10.05	10.10	9.89	9.93	417265	4385837.00
2012/11/27	9.90	9.97	9.30	9.40	1069825	10822137.00
2012/11/28	9.38	9.43	9.08	9.20	820772	7985623.00
2012/11/29	9.20	9.25	9.10	9.11	396662	3834334.00
2012/11/30	9.05	9.22	9.02	9.18	308795	2977584.00
2012/12/03	9.17	9.28	9.03	9.04	470586	4565759.00
2012/12/04	9.00	9.04	8.72	9.04	806607	7553228.00
2012/12/05	9.05	9.62	9.00	9.51	1321404	13072845.00
2012/12/06	9.55	9.57	9.31	9.34	698761	6913620.00
2012/12/07	9.33	9.69	9.33	9.69	1194864	11989569.00
2012/12/10	9.74	9.84	9.61	9.82	1209698	12389521.00
2012/12/11	9.77	9.87	9.73	9.73	686633	7070773.00
2012/12/12	9.67	9.75	9.57	9.69	589148	5982217.00
2012/12/13	9.68	9.75	9.62	9.63	504900	5145632.00
2012/12/14	9.62	10.64	9.59	10.42	3829115	41479232.00
2012/12/17	10.30	10.65	10.28	10.50	2495062	27322704.00
2012/12/18	10.43	10.95	10.33	10.87	2532123	28221772.00
2012/12/19	10.63	10.79	10.55	10.66	1799993	20094186.00
2012/12/20	10.66	10.83	10.51	10.64	1791003	20069376.00
2012/12/21	10.64	10.81	10.43	10.63	1994857	22212668.00
2012/12/24	10.43	10.62	10.40	10.50	1092172	11997966.00
2012/12/25	10.58	10.78	10.30	10.67	1950439	21756352.00
2012/12/26	10.69	10.94	10.67	10.82	1691582	19177912.00
2012/12/27	10.80	10.89	10.73	10.73	1263159	14291214.00
2012/12/28	10.75	10.80	10.61	10.78	1252148	14059840.00
2012/12/31	10.86	10.90	10.58	10.85	1935063	21782024.00
2013/01/04	10.92	11.00	10.72	10.76	1859159	21081204.00
2013/01/07	10.76	10.82	10.67	10.82	1386531	15609964.00
2013/01/08	10.78	11.10	10.78	11.05	3283782	37609964.00
2013/01/09	11.06	11.19	10.94	11.07	2118481	24505134.00
2013/01/10	11.12	11.18	10.93	11.05	1536612	17741964.00
2013/01/11	11.26	11.30	10.78	10.83	2258642	26107616.00
2013/01/14	10.85	11.18	10.70	11.16	2301709	26428552.00
2013/01/15	11.17	11.44	11.10	11.39	2700306	31796526.00
2013/01/16	11.35	11.39	11.12	11.38	2486032	29200342.00
2013/01/17	11.28	11.42	11.20	11.22	1575086	18543532.00
2013/01/18	11.27	11.45	11.23	11.41	1867465	22138184.00
2013/01/21	11.41	11.47	11.24	11.34	1756783	20800360.00
2013/01/22	11.34	11.43	10.98	11.09	2513989	29393224.00
2013/01/23	11.01	11.18	10.80	11.05	1555773	17841744.00
2013/01/24	11.00	11.17	10.45	10.54	3138192	35370480.00
2013/01/25	10.60	10.69	10.54	10.66	1155312	12840134.00
2013/01/28	10.70	10.96	10.63	10.95	1246420	14134508.00
2013/01/29	10.94	11.06	10.83	11.01	1214277	13930689.00
2013/01/30	11.06	11.13	10.93	11.11	1707331	19683258.00
2013/01/31	11.10	11.18	10.95	11.06	1481240	17086436.00
2013/02/01	11.05	11.10	10.90	11.02	1946912	22360808.00
2013/02/04	11.10	11.50	11.02	11.36	4150283	49100548.00
2013/02/05	11.25	11.38	11.12	11.38	2458307	28843722.00
2013/02/06	11.30	11.42	11.21	11.27	2253797	26536840.00
2013/02/07	11.25	11.37	11.20	11.35	1614585	19067300.00
2013/02/08	11.32	11.65	11.23	11.60	2637065	31649828.00
2013/02/18	11.56	11.81	11.35	11.76	4250705	51315320.00
2013/02/19	11.76	11.86	11.60	11.68	3132267	38281216.00
2013/02/20	11.80	11.88	11.60	11.85	2288788	28012924.00
2013/02/21	11.87	12.75	11.61	12.52	9536408	122310632.00
2013/02/22	12.49	13.50	12.32	13.32	8320022	112180400.00
2013/02/25	13.22	13.88	13.22	13.76	6814181	96618136.00
2013/02/26	13.75	13.90	13.05	13.20	4512774	62598260.00
2013/02/27	13.20	13.32	12.73	12.93	3523642	47357392.00
2013/02/28	12.94	13.68	12.81	13.16	7487591	103166464.00
2013/03/01	13.10	13.90	13.06	13.89	5162396	72771776.00
2013/03/04	13.81	14.50	13.58	13.99	6546206	94924184.00
2013/03/05	14.09	14.30	13.72	14.13	2294050	33385276.00
2013/03/06	14.15	14.30	14.00	14.25	2434746	35719512.00
2013/03/07	14.30	15.62	14.28	14.80	7707811	119706352.00
2013/03/08	14.61	15.12	14.06	14.39	3174784	47927912.00
2013/03/11	14.40	15.08	14.16	14.84	3703853	56123508.00
2013/03/12	14.76	15.07	14.40	14.89	3648601	55795528.00
2013/03/13	14.97	14.99	13.98	14.42	2731018	40746544.00
2013/03/14	14.42	14.60	14.25	14.36	1298247	19364192.00
2013/03/15	14.37	15.10	14.21	15.00	2756845	41874556.00
2013/03/18	14.70	15.00	14.57	14.74	2193482	33408080.00
2013/03/19	14.65	14.65	13.25	13.45	3591659	52107408.00
2013/03/20	13.35	13.84	13.21	13.76	2790731	39291448.00
2013/03/21	13.68	13.74	13.40	13.70	2442607	34407604.00
2013/03/22	13.68	14.05	13.49	13.67	3489360	49854176.00
2013/03/25	13.67	13.85	13.40	13.76	1714904	24263248.00
2013/03/26	13.76	13.98	13.50	13.91	1910065	27275174.00
2013/03/27	13.92	14.00	13.35	13.55	2952734	41553512.00
2013/03/28	13.50	13.50	12.59	12.65	2947581	39387316.00
2013/03/29	12.79	12.90	12.55	12.69	1371244	18118704.00
2013/04/01	12.70	12.94	12.65	12.79	1051078	13997475.00
2013/04/02	12.79	12.87	12.19	12.35	1980481	25634696.00
2013/04/03	12.40	12.40	12.05	12.15	1001889	12694530.00
2013/04/08	11.88	11.88	11.50	11.79	1824682	22201364.00
2013/04/09	11.77	12.04	11.77	11.93	1113800	13824266.00
2013/04/10	11.93	12.19	11.83	12.16	1251824	15664582.00
2013/04/11	12.15	12.35	12.10	12.15	860778	10957567.00
2013/04/12	12.16	12.43	12.04	12.40	1091396	13978156.00
2013/04/15	12.25	12.26	11.63	12.04	721832	9030345.00
2013/04/16	12.00	12.66	11.84	12.63	940731	11980249.00
2013/04/17	12.63	12.99	12.35	12.48	1789402	23503640.00
2013/04/18	12.44	12.75	12.31	12.48	943721	12297108.00
2013/04/19	12.47	12.89	12.47	12.80	1415572	18732272.00
2013/04/22	12.75	12.98	12.50	12.87	1368478	18108514.00
2013/04/23	12.90	12.94	12.50	12.59	799927	10512232.00
2013/04/24	12.55	12.73	12.32	12.72	1062092	13842939.00
2013/04/25	12.60	12.80	12.54	12.56	1219168	16005003.00
2013/04/26	12.58	12.70	11.88	11.93	1254981	15925073.00
2013/05/02	11.86	12.24	11.74	12.02	533735	6706599.00
2013/05/03	12.02	12.33	12.02	12.14	686817	8729912.00
2013/05/06	12.18	12.45	12.13	12.40	587540	7539670.00
2013/05/07	12.40	12.54	12.20	12.50	761774	9809271.00
2013/05/08	12.55	12.65	12.30	12.41	946821	12212456.00
2013/05/09	12.35	12.39	11.99	12.15	1558486	19643156.00
2013/05/10	12.10	13.42	12.10	13.32	9324633	127844000.00
2013/05/13	13.00	13.25	12.88	13.04	8765045	118411360.00
2013/05/14	13.05	13.05	12.40	12.48	5483243	71939032.00
2013/05/15	12.49	12.63	12.10	12.37	4011227	51353728.00
2013/05/16	12.27	12.70	12.26	12.64	3103727	40488884.00
2013/05/17	12.64	13.68	12.58	13.26	6587294	90044640.00
2013/05/20	13.41	14.35	13.41	13.98	8190973	118517464.00
2013/05/21	14.16	14.18	13.55	13.95	4646804	66459108.00
2013/05/22	13.90	14.34	13.75	14.13	5446155	79445360.00
2013/05/23	13.95	14.13	13.73	13.88	2969854	42820784.00
2013/05/24	14.04	14.26	13.87	14.25	3794400	55330896.00
2013/05/27	14.25	14.65	13.76	14.08	5774570	84529016.00
2013/05/28	13.99	14.17	13.69	14.03	4182263	60204248.00
2013/05/29	14.00	14.04	13.46	13.57	6105557	86712240.00
2013/05/30	13.56	13.68	13.38	13.63	4474260	62729344.00
2013/05/31	13.64	13.72	13.44	13.54	3237576	45713168.00
2013/06/03	14.26	14.27	13.75	13.79	6258647	90588960.00
2013/06/04	13.66	13.68	13.22	13.41	3273615	45681812.00
2013/06/05	13.41	13.56	13.06	13.49	1700926	23701442.00
2013/06/06	13.46	13.46	12.86	12.89	3464350	47028960.00
2013/06/07	12.87	13.00	12.58	12.62	1659270	21966404.00
2013/06/13	12.47	12.47	11.70	12.05	1817442	22769370.00
2013/06/14	12.12	12.29	12.11	12.20	1048485	13321296.00
2013/06/17	12.32	12.39	12.11	12.38	1089918	13607020.00
2013/06/18	12.35	12.59	12.30	12.53	991843	12629626.00
2013/06/19	12.53	12.63	12.22	12.56	1428267	18102328.00
2013/06/20	12.56	12.78	12.09	12.14	1382106	17579232.00
2013/06/21	11.84	12.45	11.61	12.39	1630646	20004892.00
2013/06/24	12.30	12.95	12.05	12.94	4743346	60550756.00
2013/06/25	12.98	13.25	11.95	13.10	5154156	67671632.00
2013/06/26	13.28	13.76	12.96	13.69	5616246	77431664.00
2013/06/27	13.56	13.69	13.14	13.15	3727531	51042568.00
2013/06/28	13.09	13.53	12.43	12.84	3127244	41704992.00
2013/07/01	12.82	13.08	12.65	13.03	2431524	31990508.00
2013/07/02	13.04	13.10	12.45	12.89	2836428	36927184.00
2013/07/03	12.90	13.75	12.66	13.74	5411034	73619320.00
2013/07/04	13.55	13.83	13.41	13.55	4039061	56211984.00
2013/07/05	13.56	13.94	13.44	13.57	3073790	42867940.00
2013/07/08	13.35	13.55	12.95	13.12	2620558	35251832.00
2013/07/09	12.90	13.81	12.90	13.80	3123804	42873616.00
2013/07/10	13.77	13.97	13.56	13.95	3548345	49910296.00
2013/07/11	13.99	14.15	13.79	14.01	4440831	63270540.00
2013/07/12	14.01	14.09	13.62	13.78	3678232	51838716.00
2013/07/15	13.63	14.00	13.38	13.77	2806716	39219780.00
2013/07/16	13.67	13.90	13.56	13.80	2260995	31561064.00
2013/07/17	13.80	13.80	13.21	13.24	3354594	45967396.00
2013/07/18	13.11	13.30	12.91	12.92	2552326	34038664.00
2013/07/19	12.96	13.23	12.63	12.66	2746442	36255656.00
2013/07/22	12.61	13.00	12.45	12.90	1183822	15445138.00
2013/07/23	12.90	13.25	12.86	13.21	1744375	23284570.00
2013/07/24	13.21	13.31	12.77	12.92	2524685	33366918.00
2013/07/25	12.87	14.14	12.85	13.85	7021326	98113424.00
2013/07/26	13.64	13.88	13.41	13.71	4705887	65274168.00
2013/07/29	13.61	13.85	13.30	13.45	2842814	39070292.00
2013/07/30	13.44	13.56	13.03	13.28	2003262	27213164.00
2013/07/31	13.32	13.99	13.32	13.93	4187197	58454896.00
2013/08/01	13.85	14.10	13.71	14.05	4356093	61810852.00
2013/08/02	14.18	14.24	13.89	13.93	3653932	52171040.00
2013/08/05	13.87	14.24	13.84	14.20	3715422	53337212.00
2013/08/06	14.12	14.23	13.96	14.08	3245041	46564968.00
2013/08/07	14.03	14.10	13.48	13.53	6140976	85712288.00
2013/08/08	13.41	13.67	13.35	13.55	2616827	36014032.00
2013/08/09	13.55	13.82	13.55	13.61	2603857	36287668.00
2013/08/12	13.75	13.88	13.61	13.78	2616711	36669984.00
2013/08/13	13.78	14.45	13.71	14.44	6468015	93649248.00
2013/08/14	14.40	14.41	14.16	14.24	3616093	52496368.00
2013/08/15	14.12	15.02	14.03	14.43	5060226	74733488.00
2013/08/16	14.35	14.98	14.25	14.33	5047767	75137736.00
2013/08/19	13.96	14.41	13.95	14.35	2701375	39171852.00
2013/08/20	14.31	14.84	14.23	14.56	3190578	47310572.00
2013/08/21	14.56	15.17	14.55	14.85	5725994	86706176.00
2013/08/22	14.85	15.00	14.65	14.73	2521343	37992952.00
2013/08/23	14.67	15.15	14.36	14.56	3816076	57108912.00
2013/08/26	14.56	14.73	14.44	14.64	3409017	50699484.00
2013/08/27	14.60	14.82	14.23	14.45	4520966	66399952.00
2013/08/28	14.48	15.11	14.36	14.85	7195415	108494976.00
2013/08/29	15.10	15.10	14.52	14.77	3860762	57789712.00
2013/08/30	14.43	14.70	14.40	14.43	2814850	41574044.00
2013/09/02	14.53	14.85	14.15	14.84	4270527	63491536.00
2013/09/03	14.74	15.55	14.74	15.31	6921939	107482368.00
2013/09/04	15.16	15.41	14.96	15.39	3611717	55727084.00
2013/09/05	15.41	15.44	15.08	15.24	2346947	36202520.00
2013/09/06	15.25	15.35	15.13	15.22	2675650	41454636.00
2013/09/09	15.26	15.65	15.24	15.30	3423369	53670688.00
2013/09/10	15.35	15.35	14.88	14.96	5386505	82117024.00
2013/09/11	14.95	15.03	14.40	14.52	4003190	59638808.00
2013/09/12	14.41	14.81	14.41	14.51	2324108	34588900.00
2013/09/13	14.48	14.88	14.48	14.80	2339395	35155328.00
2013/09/16	14.77	15.12	14.74	14.88	2023141	30808984.00
2013/09/17	14.87	14.94	14.23	14.28	2445546	36219656.00
2013/09/18	14.30	14.67	14.14	14.56	2680387	39266744.00
2013/09/23	14.59	14.59	14.36	14.43	2729868	40036956.00
2013/09/24	14.53	14.53	14.15	14.30	2792636	40639636.00
2013/09/25	14.27	14.38	13.90	14.00	2455982	35399376.00
2013/09/26	14.02	14.05	13.66	13.71	2402548	33790012.00
2013/09/27	13.71	13.87	13.65	13.73	1194398	16738573.00
2013/09/30	13.74	14.19	13.68	14.06	2094191	29833700.00
2013/10/08	13.94	13.95	13.61	13.88	2626494	36844396.00
2013/10/09	13.76	13.83	13.42	13.65	3303056	45657332.00
2013/10/10	13.60	13.95	13.60	13.69	2513712	35263024.00
2013/10/11	13.75	14.07	13.75	13.91	2082735	29515946.00
2013/10/14	13.90	14.12	13.80	14.03	2762642	39286256.00
2013/10/15	14.02	14.20	13.90	14.12	3530449	50519188.00
2013/10/16	14.03	14.44	13.51	14.16	4766770	68183664.00
2013/10/17	14.12	14.39	14.00	14.13	1473474	21232044.00
2013/10/18	14.11	14.15	13.81	13.89	1282980	18212976.00
2013/10/21	13.95	14.06	13.77	14.01	2469907	35026152.00
2013/10/22	14.04	14.05	13.59	13.63	2470668	34649104.00
2013/10/23	13.57	13.72	13.02	13.12	2266269	30746408.00
2013/10/24	13.05	13.40	12.92	13.36	1473686	19807748.00
2013/10/25	13.31	13.42	12.96	13.09	763810	10225208.00
2013/10/28	13.08	13.15	12.63	12.65	1382770	18011648.00
2013/10/29	12.64	12.85	12.18	12.38	1494726	19023068.00
2013/10/30	12.26	12.49	12.26	12.46	649212	8227603.00
2013/10/31	12.47	12.56	12.31	12.48	925216	11734685.00
2013/11/01	12.48	12.49	12.22	12.36	603720	7604690.00
2013/11/04	12.31	12.50	12.30	12.42	452980	5735306.00
2013/11/05	12.44	12.55	12.30	12.55	840396	10651461.00
2013/11/06	12.72	12.84	12.63	12.68	1485890	19306678.00
2013/11/07	12.59	12.71	12.35	12.69	976652	12447348.00
2013/11/08	12.76	12.81	12.50	12.64	859811	11063866.00
2013/11/11	12.65	12.70	12.32	12.57	461894	5891595.00
2013/11/12	12.55	12.69	12.49	12.59	512109	6569613.00
2013/11/13	12.58	12.58	12.28	12.28	432012	5467910.00
2013/11/14	12.20	12.74	12.15	12.66	2259209	29034374.00
2013/11/15	12.65	13.18	12.63	12.93	1862375	24636046.00
2013/11/18	12.93	13.08	12.87	13.01	1316637	17368764.00
2013/11/19	12.91	13.10	12.88	13.04	975776	12922407.00
2013/11/20	13.04	13.07	12.90	13.03	975424	12890480.00
2013/11/21	13.03	13.60	12.80	13.48	3923556	53254444.00
2013/11/22	13.44	13.75	13.33	13.54	1573847	21718976.00
2013/11/25	13.45	13.53	13.28	13.50	901009	12285809.00
2013/11/26	13.44	13.47	13.30	13.36	401838	5470140.00
2013/11/27	13.45	13.53	13.26	13.52	803687	10965411.00
2013/11/28	13.52	13.77	13.41	13.63	1912313	26536964.00
2013/11/29	13.55	13.91	13.51	13.89	2169668	30389804.00
2013/12/02	13.63	13.73	13.17	13.39	1464963	20094372.00
2013/12/03	13.20	13.56	13.11	13.55	638296	8712625.00
2013/12/04	13.66	13.82	13.60	13.81	2704990	37856700.00
2013/12/05	13.76	13.92	13.59	13.84	1342476	18869844.00
2013/12/06	13.82	13.82	13.60	13.69	1029104	14340228.00
2013/12/09	13.75	13.85	13.72	13.85	896209	12593574.00
2013/12/10	13.85	14.03	13.70	13.96	1806647	25550570.00
2013/12/11	13.94	14.53	13.78	14.52	5469231	79589384.00
2013/12/12	14.45	14.75	14.30	14.55	4309835	63674420.00
2013/12/13	14.56	14.58	14.32	14.57	1927888	28398984.00
2013/12/16	14.55	14.55	14.03	14.23	1298435	18766024.00
2013/12/17	14.11	14.27	14.01	14.25	1136086	16365954.00
2013/12/18	14.23	14.48	14.13	14.27	1056227	15391350.00
2013/12/19	14.28	14.39	14.20	14.28	874106	12713054.00
2013/12/20	14.30	14.47	13.96	14.04	1172636	16954964.00
2013/12/23	13.82	14.03	13.50	13.60	724539	10089048.00
2013/12/24	13.60	13.69	13.28	13.61	508812	7040672.00
2013/12/25	13.50	14.10	13.47	14.05	980451	13846755.00
2013/12/26	14.05	14.35	14.01	14.08	1684155	24236716.00
2013/12/27	14.14	14.30	14.00	14.22	834903	12063315.00
2013/12/30	14.22	14.35	14.10	14.15	710603	10276445.00
2013/12/31	14.12	14.23	14.06	14.17	555304	7999816.00
2014/01/02	14.33	14.44	14.02	14.17	1090630	15811931.00
2014/01/03	14.19	14.39	14.10	14.17	1599846	23159094.00
2014/01/06	14.16	15.61	13.97	15.61	8492753	130597128.00
2014/03/14	14.02	14.02	14.02	14.02	510400	7283408.00
2014/03/17	13.05	13.65	13.05	13.45	3207594	43473304.00
2014/03/18	13.44	13.85	13.36	13.79	3784996	52312032.00
2014/03/19	13.74	13.74	13.45	13.57	2258120	31179620.00
2014/03/20	13.57	13.64	12.95	13.06	1430143	19545362.00
2014/03/21	12.95	13.42	12.75	13.23	1507482	20032592.00
2014/03/24	13.22	13.48	13.08	13.34	1424032	19243324.00
2014/03/25	13.25	13.53	13.16	13.51	1229056	16763794.00
2014/03/26	13.45	13.68	13.42	13.52	1137293	15698150.00
2014/03/27	13.51	14.15	13.46	13.88	2575342	36294880.00
2014/03/28	13.77	13.97	13.41	13.57	1916726	26597136.00
2014/03/31	13.45	13.74	13.35	13.64	798805	11064670.00
2014/04/01	13.55	13.72	13.40	13.70	772071	10682147.00
2014/04/02	13.73	14.19	13.66	14.09	2442368	34802488.00
2014/04/03	14.14	14.25	13.95	14.00	1349963	19278772.00
2014/04/04	13.95	14.13	13.93	14.06	1081422	15443528.00
2014/04/08	14.06	14.33	14.05	14.21	1732163	24923416.00
2014/04/09	14.16	14.18	13.99	14.11	1062112	15211084.00
2014/04/10	14.11	14.39	14.05	14.14	1751664	25360488.00
2014/04/11	14.07	14.41	14.07	14.31	1895441	27609540.00
2014/04/14	14.23	14.49	14.22	14.41	1345282	19652428.00
2014/04/15	14.49	14.49	14.11	14.12	1211241	17585460.00
2014/04/16	14.08	14.29	14.07	14.15	1338975	19286486.00
2014/04/17	14.01	14.32	14.01	14.29	1263713	18226072.00
2014/04/18	14.17	14.67	14.16	14.52	1854250	27375738.00
2014/04/21	14.32	14.79	14.32	14.70	3181531	47360752.00
2014/04/22	14.67	15.00	14.51	14.94	2946314	44213636.00
2014/04/23	14.90	15.11	14.74	15.04	4875273	73928232.00
2014/04/24	15.04	15.04	14.50	14.51	2684497	40415324.00
2014/04/25	14.53	15.30	14.46	15.06	4429659	67009896.00
2014/04/28	15.02	15.51	14.48	15.49	7403941	112922792.00
2014/04/29	15.37	16.93	15.32	16.61	9359747	156594048.00
2014/04/30	16.50	16.74	16.20	16.66	4468463	74864320.00
2014/05/05	16.64	17.03	16.45	16.95	5134674	87609120.00
2014/05/06	16.95	17.10	16.56	16.82	3459592	58702264.00
2014/05/07	16.65	17.05	16.20	16.27	3734325	63058536.00
2014/05/08	16.27	16.45	16.03	16.20	2616232	43132848.00
2014/05/09	16.18	16.18	14.56	14.80	6825313	104294368.00
2014/05/12	14.76	15.13	14.39	15.08	3338300	49969708.00
2014/05/13	15.04	15.04	14.78	14.88	1119099	16948264.00
2014/05/14	14.79	15.02	14.65	15.02	901864	13684242.00
2014/05/15	15.00	15.01	14.79	14.86	803395	12143294.00
2014/05/16	14.81	14.81	14.45	14.57	1279044	18925988.00
2014/05/19	14.57	14.69	14.09	14.67	973947	14261074.00
2014/05/20	14.55	14.99	14.55	14.85	836703	12636857.00
2014/05/21	14.83	14.95	14.59	14.93	1265560	19050604.00
2014/05/22	14.77	14.94	14.77	14.86	894476	13513708.00
2014/05/23	14.78	14.90	14.55	14.82	778924	11647681.00
2014/05/26	14.82	14.97	14.77	14.93	850078	12875244.00
2014/05/27	14.94	14.94	14.75	14.75	590321	8898357.00
2014/05/28	14.61	14.93	14.57	14.75	641574	9606484.00
2014/05/29	14.70	14.87	14.62	14.65	1651959	24687148.00
2014/05/30	14.65	15.11	14.40	14.90	1999593	30133258.00
2014/06/03	14.91	15.13	14.87	14.92	531710	8086356.00
2014/06/04	14.83	15.00	14.73	14.93	1224305	18464396.00
2014/06/05	14.90	15.02	14.83	14.93	555585	8424064.00
2014/06/06	14.94	15.04	14.91	15.00	577382	8782010.00
2014/06/09	15.00	15.64	14.96	15.53	2643428	41390940.00
2014/06/10	15.53	15.60	15.25	15.60	1232175	19292036.00
2014/06/11	15.60	15.63	15.34	15.37	1202947	18836380.00
2014/06/12	15.37	15.37	15.11	15.13	938344	14484304.00
2014/06/13	15.08	15.26	15.06	15.12	1392493	21452940.00
2014/06/16	15.13	15.21	14.91	15.04	1652532	25235956.00
2014/06/17	15.01	15.01	14.73	14.74	768031	11591623.00
2014/06/18	14.74	14.83	14.30	14.42	1464673	21495248.00
2014/06/19	14.42	14.58	14.07	14.14	937926	13662536.00
2014/06/20	13.95	14.26	13.95	14.22	572981	8245712.00
2014/06/25	14.81	14.82	14.42	14.48	922608	13706959.00
2014/06/26	14.51	14.65	14.41	14.51	848699	12511874.00
2014/06/27	14.61	14.65	14.40	14.61	1835136	26667472.00
2014/06/30	14.61	14.73	14.51	14.66	887609	12998152.00
2014/07/01	14.60	14.98	14.60	14.77	884348	13081293.00
2014/07/02	14.77	14.81	14.60	14.74	1889833	27762784.00
2014/07/03	14.96	15.00	14.60	14.63	4477702	65909520.00
2014/07/04	14.68	14.69	14.14	14.26	3644654	52111576.00
2014/07/07	14.27	14.27	13.94	14.05	2509712	35393464.00
2014/07/08	14.10	14.13	13.85	14.02	2495838	34829636.00
2014/07/09	14.00	14.20	13.99	14.09	1923605	27157836.00
2014/07/10	14.10	14.19	14.02	14.14	1243053	17531186.00
2014/07/11	14.15	14.18	13.96	14.00	1959933	27567240.00
2014/07/14	14.03	14.14	13.94	14.13	1621266	22719480.00
2014/07/15	14.12	14.12	14.00	14.04	1182690	16611454.00
2014/07/16	14.06	14.07	13.74	13.84	2404335	33439208.00
2014/07/17	13.78	13.84	13.57	13.71	1816409	24870668.00
2014/07/18	13.63	13.84	13.58	13.84	1350451	18618116.00
2014/07/21	13.89	13.95	13.83	13.83	707648	9810173.00
2014/07/22	13.89	13.92	13.71	13.89	1031651	14297851.00
2014/07/23	13.88	13.91	13.68	13.75	1282897	17652232.00
2014/07/24	13.72	13.76	13.40	13.52	2695347	36467684.00
2014/07/25	13.54	13.79	13.46	13.79	1535278	20982610.00
2014/07/28	13.83	14.18	13.81	14.15	2807958	39485088.00
2014/07/29	14.18	14.24	14.08	14.18	2153867	30524794.00
2014/07/30	14.17	14.25	14.13	14.20	1400844	19874916.00
2014/07/31	14.20	14.47	14.15	14.40	2137646	30635264.00
2014/08/01	14.41	14.41	14.14	14.15	2293142	32805922.00
2014/08/04	14.14	14.34	14.11	14.33	1842764	26222832.00
2014/08/05	14.33	14.39	14.19	14.37	1615443	23087314.00
2014/08/06	14.37	14.47	14.26	14.40	1578209	22738828.00
2014/08/07	14.40	14.58	14.33	14.36	2497826	36157992.00
2014/08/08	14.36	14.55	14.36	14.53	1665827	24115024.00
2014/08/11	14.55	14.81	14.55	14.79	2397658	35312460.00
2014/08/12	14.80	14.85	14.65	14.77	1920208	28303736.00
2014/08/13	14.77	14.84	14.37	14.54	3332548	48562000.00
2014/08/14	14.54	14.62	14.45	14.50	2247232	32675512.00
2014/08/15	14.46	14.68	14.42	14.67	1780773	25972732.00
2014/08/18	14.76	15.06	14.67	15.00	3759154	56020184.00
2014/08/19	15.04	15.05	14.83	14.95	2521855	37720712.00
2014/08/20	14.90	15.18	14.85	15.12	2702735	40762632.00
2014/08/21	15.11	15.15	14.85	15.08	1888430	28350952.00
2014/08/22	15.18	15.50	15.17	15.22	4849634	74127464.00
2014/08/25	15.15	15.22	14.92	15.16	2022615	30518116.00
2014/08/26	15.08	15.10	14.43	14.57	3271260	48283608.00
2014/08/27	14.57	14.73	14.30	14.64	2413174	35019308.00
2014/08/28	15.15	16.00	14.91	14.99	6506304	100005112.00
2014/08/29	14.97	15.10	14.68	14.99	3177197	47326164.00
2014/09/01	15.00	15.37	14.87	15.24	3579320	54296136.00
2014/12/16	16.76	16.76	16.76	16.76	115717	1939417.00
2014/12/17	18.44	18.44	17.10	17.18	13506227	237059024.00
2014/12/18	17.24	17.27	16.39	16.55	7345446	122790376.00
2014/12/19	16.49	16.49	15.80	15.91	6354134	102287752.00
2014/12/22	15.87	16.22	15.51	15.74	6020904	95193464.00
2014/12/23	15.85	16.20	15.53	16.10	4417307	70614136.00
2014/12/24	16.20	16.48	15.97	16.21	4503885	72965056.00
2014/12/25	16.37	16.66	16.23	16.49	4188768	68836112.00
2014/12/26	16.38	16.77	16.22	16.67	4938223	81819216.00
2014/12/29	16.79	16.99	16.24	16.97	7141625	118140160.00
2014/12/30	17.35	17.53	16.64	16.71	7109832	121945000.00
2014/12/31	16.45	16.55	16.09	16.45	3719143	60711020.00
2015/01/05	16.50	16.94	16.10	16.92	5378371	88817280.00
2015/01/06	16.76	17.10	16.51	16.98	3842714	64753888.00
2015/01/07	16.98	17.11	16.57	16.85	2784013	46843440.00
2015/01/08	16.75	16.87	16.40	16.45	2738054	45216868.00
2015/01/09	16.43	16.69	16.29	16.46	1783216	29495878.00
2015/01/12	16.48	16.90	16.39	16.78	4195786	70095376.00
2015/01/13	16.80	16.99	16.61	16.82	3744464	62995536.00
2015/01/14	16.85	17.10	16.67	16.89	3263856	55206416.00
2015/01/15	16.99	16.99	16.75	16.91	2498465	42099696.00
2015/01/16	16.95	17.07	16.79	16.93	2695129	45532768.00
2015/01/19	16.57	16.83	15.57	15.85	4456970	72425136.00
2015/01/20	15.85	16.25	15.85	16.11	3390589	54421864.00
2015/01/21	16.13	16.52	16.08	16.48	2826676	46126964.00
2015/01/22	16.42	16.55	16.36	16.52	2259454	37225512.00
2015/01/23	16.59	17.06	16.47	16.90	5909950	99477224.00
2015/01/26	16.95	17.80	16.95	17.71	10971485	191895216.00
2015/01/27	17.59	18.00	17.20	17.99	6556957	116132888.00
2015/01/28	17.85	18.00	17.55	17.69	3440913	61172880.00
2015/01/29	17.50	17.60	17.20	17.37	2124322	36935880.00
2015/01/30	17.58	18.08	17.31	17.46	4135939	72908776.00
2015/02/02	17.12	17.43	16.66	16.81	4094191	69733224.00
2015/02/03	16.80	17.09	16.80	16.88	2876791	48686256.00
2015/02/04	16.92	16.98	16.36	16.58	3967742	66263620.00
2015/02/05	16.73	16.75	16.20	16.33	3790290	62412232.00
2015/02/06	16.26	16.43	15.96	16.13	3081332	49912184.00
2015/02/09	16.05	16.49	16.05	16.34	1917382	31315756.00
2015/02/10	16.39	16.39	16.20	16.37	1158408	18895732.00
2015/02/11	16.44	16.50	16.32	16.40	1531439	25128170.00
2015/02/12	16.37	16.69	16.35	16.67	2265753	37465880.00
2015/02/13	16.70	16.88	16.60	16.85	2621542	44032632.00
2015/02/16	16.90	16.96	16.78	16.93	2299052	38758768.00
2015/02/17	16.93	17.00	16.88	16.92	2284928	38701688.00
2015/02/25	16.97	16.99	16.60	16.62	2187100	36639104.00
2015/02/26	16.69	16.92	16.59	16.89	2379518	39962364.00
2015/02/27	16.85	17.14	16.82	17.09	2759095	46917460.00
2015/03/02	17.11	17.30	17.04	17.14	3258457	55825492.00
2015/03/03	17.09	17.27	16.88	17.04	3572992	60925052.00
2015/03/04	16.97	17.46	16.82	17.41	3944789	67824312.00
2015/03/05	17.51	17.69	17.33	17.57	4446221	77853448.00
2015/03/06	17.50	17.61	17.16	17.25	2624619	45548024.00
2015/03/09	17.20	18.07	17.13	17.91	4628168	81676856.00
2015/03/10	17.98	18.01	17.72	17.89	2593513	46251760.00
2015/03/11	17.80	17.93	17.54	17.60	2587965	45764640.00
2015/03/12	18.36	18.77	17.88	17.96	5966783	108544704.00
2015/03/13	18.04	18.30	17.81	18.17	3715330	67185008.00
2015/03/16	18.25	18.72	18.20	18.70	5795107	107488256.00
2015/05/05	18.70	18.70	18.70	18.70	0	0.00
数据来源:通达信
