600626 申达股份 日线 前复权
      日期	    开盘	    最高	    最低	    收盘	    成交量	    成交额
2011/10/10	4.19	4.19	4.10	4.11	2292616	10179173.00
2011/10/11	4.21	4.27	4.05	4.09	3350556	14887307.00
2011/10/12	4.09	4.24	4.03	4.24	3984327	17860536.00
2011/10/13	4.23	4.29	4.19	4.29	4646870	21153328.00
2011/10/14	4.27	4.28	4.20	4.25	2968168	13454389.00
2011/10/17	4.25	4.29	4.20	4.24	2582475	11729342.00
2011/10/18	4.21	4.29	4.09	4.22	4196000	18688776.00
2011/10/19	4.15	4.22	4.14	4.16	2231677	9976934.00
2011/10/20	4.14	4.14	3.88	3.89	6482374	27685872.00
2011/10/21	3.89	3.93	3.79	3.81	3537558	14710869.00
2011/10/24	3.83	3.90	3.74	3.88	2745878	11310426.00
2011/10/25	3.88	4.00	3.85	3.98	3462180	14658830.00
2011/10/26	3.95	4.06	3.91	4.00	4130158	17777128.00
2011/10/27	4.00	4.09	3.98	4.03	3411305	14821768.00
2011/10/28	4.08	4.13	4.05	4.11	3995491	17553386.00
2011/10/31	4.12	4.16	4.09	4.12	3184369	14099860.00
2011/11/01	4.09	4.15	4.06	4.09	3387475	14921334.00
2011/11/02	4.04	4.15	3.97	4.15	5520096	24029208.00
2011/11/03	4.15	4.24	4.13	4.18	6712742	30138548.00
2011/11/04	4.20	4.23	4.15	4.19	4800515	21535092.00
2011/11/07	4.19	4.22	4.14	4.15	2963451	13263530.00
2011/11/08	4.17	4.17	4.07	4.08	3083396	13649038.00
2011/11/09	4.09	4.14	4.03	4.13	3782989	16596113.00
2011/11/10	4.07	4.08	3.99	4.00	3897932	16899244.00
2011/11/11	4.02	4.05	4.00	4.04	1959751	8473747.00
2011/11/14	4.04	4.13	4.04	4.13	4255222	18732132.00
2011/11/15	4.11	4.22	4.11	4.21	6793964	30380464.00
2011/11/16	4.22	4.23	4.08	4.09	6280484	27968102.00
2011/11/17	4.08	4.13	4.07	4.09	2333536	10269791.00
2011/11/18	4.09	4.09	3.97	3.98	4421695	19082188.00
2011/11/21	3.99	4.04	3.97	4.01	1717302	7389367.00
2011/11/22	3.98	4.00	3.92	3.94	2367700	10082830.00
2011/11/23	3.95	3.96	3.85	3.86	3408300	14321006.00
2011/11/24	3.82	3.88	3.81	3.84	3487786	14419585.00
2011/11/25	3.85	3.87	3.80	3.82	1887153	7797910.00
2011/11/28	3.84	3.85	3.78	3.81	1757311	7237032.00
2011/11/29	3.85	3.87	3.82	3.85	2762313	11459208.00
2011/11/30	3.85	3.86	3.62	3.65	4466881	17941558.00
2011/12/01	3.75	3.78	3.69	3.70	4307166	17411510.00
2011/12/02	3.69	3.71	3.61	3.62	2516366	9923761.00
2011/12/05	3.64	3.71	3.59	3.63	3611216	14263285.00
2011/12/06	3.64	3.69	3.61	3.66	2171467	8596360.00
2011/12/07	3.65	3.72	3.64	3.71	2404948	9585547.00
2011/12/08	3.71	3.93	3.66	3.87	9316463	38391400.00
2011/12/09	3.83	3.91	3.78	3.87	6477686	26847514.00
2011/12/12	3.85	3.87	3.74	3.84	2659753	10910616.00
2011/12/13	3.79	3.90	3.65	3.85	11130523	45556952.00
2011/12/14	3.81	3.86	3.79	3.83	3202408	13211800.00
2011/12/15	3.77	4.05	3.64	3.94	12208922	50773436.00
2011/12/16	3.85	3.99	3.71	3.82	24449839	100582416.00
2011/12/19	3.78	3.78	3.56	3.65	8176030	32144648.00
2011/12/20	3.63	3.70	3.61	3.62	3384415	13378824.00
2011/12/21	3.65	3.69	3.48	3.52	4900707	19228976.00
2011/12/22	3.47	3.49	3.21	3.32	5788534	21096328.00
2011/12/23	3.32	3.40	3.29	3.34	3208891	11680190.00
2011/12/26	3.35	3.38	3.28	3.28	1508161	5490131.00
2011/12/27	3.28	3.29	3.07	3.07	5077963	17690120.00
2011/12/28	3.10	3.10	3.01	3.09	3298908	11074772.00
2011/12/29	3.08	3.18	3.03	3.13	3713599	12696010.00
2011/12/30	3.15	3.26	3.10	3.24	8766662	30799988.00
2012/01/04	3.23	3.30	3.18	3.21	8503644	29971216.00
2012/01/05	3.18	3.21	3.07	3.08	3124615	10752821.00
2012/01/06	3.10	3.13	3.03	3.12	2239145	7581240.00
2012/01/09	3.15	3.46	3.09	3.46	17034968	61502520.00
2012/01/10	3.41	3.67	3.29	3.51	17545002	65637320.00
2012/01/11	3.45	3.48	3.41	3.46	7200164	26956484.00
2012/01/12	3.45	3.51	3.42	3.46	4325444	16307374.00
2012/01/13	3.43	3.46	3.30	3.36	5576987	20453904.00
2012/01/16	3.33	3.35	3.22	3.23	2291315	8237823.00
2012/01/17	3.24	3.43	3.24	3.42	3428787	12562496.00
2012/01/18	3.40	3.48	3.34	3.36	3619957	13455918.00
2012/01/19	3.34	3.50	3.32	3.49	4875918	18257444.00
2012/01/20	3.49	3.60	3.48	3.57	11802745	45178828.00
2012/01/30	3.57	3.60	3.47	3.48	10440114	39950356.00
2012/01/31	3.46	3.48	3.39	3.43	4020297	14984941.00
2012/02/01	3.43	3.46	3.34	3.36	2781361	10302633.00
2012/02/02	3.40	3.44	3.36	3.44	2427986	8998947.00
2012/02/03	3.45	3.53	3.42	3.50	4562997	17260568.00
2012/02/06	3.50	3.52	3.46	3.51	4682229	17745972.00
2012/02/07	3.49	3.49	3.37	3.41	3183807	11852258.00
2012/02/08	3.40	3.56	3.39	3.53	5730741	21716974.00
2012/02/09	3.53	3.58	3.50	3.54	5806116	22330496.00
2012/02/10	3.54	3.58	3.51	3.55	5120504	19728940.00
2012/02/13	3.50	3.60	3.50	3.59	5052815	19508864.00
2012/02/14	3.58	3.59	3.53	3.57	3216783	12421732.00
2012/02/15	3.56	3.69	3.55	3.68	9115466	36012988.00
2012/02/16	3.67	3.71	3.62	3.67	5718947	22668198.00
2012/02/17	3.67	3.70	3.61	3.64	3112452	12300200.00
2012/02/20	3.69	3.74	3.65	3.65	4857929	19360236.00
2012/02/21	3.65	3.68	3.61	3.67	3421299	13519007.00
2012/02/22	3.68	3.73	3.66	3.72	7214500	28879480.00
2012/02/23	3.72	3.76	3.68	3.75	6214256	24958314.00
2012/02/24	3.77	3.91	3.71	3.83	11100808	45514044.00
2012/02/27	3.83	3.99	3.80	3.84	12559297	52813344.00
2012/02/28	3.81	3.88	3.76	3.87	8268053	34081496.00
2012/02/29	3.85	4.03	3.80	3.94	19125132	80815624.00
2012/03/01	3.90	3.94	3.84	3.91	8137616	34085140.00
2012/03/02	3.91	3.95	3.86	3.93	7415048	31250160.00
2012/03/05	3.93	3.95	3.87	3.88	6906636	29054244.00
2012/03/06	3.87	3.88	3.75	3.77	7076635	29005910.00
2012/03/07	3.75	3.82	3.73	3.76	5711882	23274088.00
2012/03/08	3.78	3.87	3.77	3.85	6220332	25684262.00
2012/03/09	3.90	3.95	3.85	3.90	7216353	30298624.00
2012/03/12	3.92	3.99	3.89	3.94	6724898	28455304.00
2012/03/13	3.92	3.97	3.91	3.96	7395540	31415082.00
2012/03/14	3.97	3.98	3.69	3.72	11976584	49641356.00
2012/03/15	3.72	3.75	3.60	3.62	7374712	29182986.00
2012/03/16	3.62	3.73	3.62	3.71	6422441	25446520.00
2012/03/19	3.71	3.79	3.69	3.75	5880755	23756696.00
2012/03/20	3.75	3.75	3.66	3.67	4526369	18081776.00
2012/03/21	3.70	3.71	3.63	3.71	4653882	18534536.00
2012/03/22	3.71	3.76	3.67	3.75	4780745	19208712.00
2012/03/23	3.71	3.73	3.59	3.62	5617302	22180686.00
2012/03/26	3.63	3.65	3.59	3.63	2191407	8592226.00
2012/03/27	3.64	3.66	3.61	3.63	2508457	9876842.00
2012/03/28	3.63	3.63	3.41	3.45	5832390	22150614.00
2012/03/29	3.45	3.45	3.31	3.35	3724847	13691199.00
2012/03/30	3.35	3.41	3.30	3.35	3106482	11353046.00
2012/04/05	3.34	3.46	3.34	3.44	3583386	13318001.00
2012/04/06	3.45	3.51	3.44	3.49	3535751	13355364.00
2012/04/09	3.48	3.51	3.42	3.44	2570255	9679064.00
2012/04/10	3.43	3.55	3.39	3.55	5509989	20803762.00
2012/04/11	3.50	3.60	3.49	3.60	6153104	23791738.00
2012/04/12	3.60	3.75	3.58	3.71	11276347	44980836.00
2012/04/13	3.71	3.89	3.68	3.80	12659793	51679704.00
2012/04/16	3.77	3.85	3.73	3.79	7467424	30546528.00
2012/04/17	3.80	3.90	3.74	3.76	8958970	36813108.00
2012/04/18	3.77	3.86	3.71	3.83	9803523	40158696.00
2012/04/19	3.81	3.85	3.76	3.79	5495047	22530980.00
2012/04/20	3.77	3.95	3.71	3.90	17838825	74523712.00
2012/04/23	3.92	4.08	3.87	3.88	16724151	71464176.00
2012/04/24	3.86	4.30	3.83	4.16	42818091	189969984.00
2012/04/25	4.16	4.35	4.04	4.22	30174685	135662352.00
2012/04/27	4.15	4.23	4.04	4.06	12130578	53390960.00
2012/05/02	4.14	4.17	4.03	4.07	10298922	45097384.00
2012/05/03	4.06	4.11	3.98	4.00	8140546	35232304.00
2012/05/04	4.00	4.09	4.00	4.05	5831164	25362906.00
2012/05/07	4.03	4.08	4.01	4.05	6331116	27425042.00
2012/05/08	4.07	4.07	3.99	4.02	5980056	25799148.00
2012/05/09	3.97	3.98	3.86	3.87	7482298	31532002.00
2012/05/10	3.87	3.94	3.87	3.91	3712433	15621255.00
2012/05/11	3.92	3.92	3.84	3.85	4074633	17015462.00
2012/05/14	3.89	3.92	3.84	3.84	3725486	15586184.00
2012/05/15	3.81	3.87	3.77	3.86	4642460	19076436.00
2012/05/16	3.84	3.86	3.81	3.82	3029225	12536374.00
2012/05/17	3.83	3.93	3.83	3.93	4787924	20089898.00
2012/05/18	3.91	3.96	3.83	3.85	5139369	21561964.00
2012/05/21	3.87	3.91	3.82	3.86	3185661	13285885.00
2012/05/22	3.87	3.92	3.86	3.91	2980718	12499928.00
2012/05/23	3.89	3.92	3.82	3.87	3602474	15007574.00
2012/05/24	3.83	3.87	3.79	3.81	3134378	12946478.00
2012/05/25	3.82	3.84	3.69	3.72	5912801	23880736.00
2012/05/28	3.71	3.78	3.66	3.77	3040722	12220797.00
2012/05/29	3.78	3.84	3.75	3.82	3620890	14850404.00
2012/05/30	3.83	3.85	3.79	3.82	2695432	11115573.00
2012/05/31	3.80	3.83	3.76	3.78	3707633	15140704.00
2012/06/01	3.77	3.81	3.74	3.76	2821517	11514585.00
2012/06/04	3.69	3.71	3.61	3.62	4420150	17518552.00
2012/06/05	3.63	3.66	3.58	3.58	3181973	12456843.00
2012/06/06	3.60	3.61	3.57	3.59	1653846	6433642.00
2012/06/07	3.63	3.65	3.56	3.58	1727869	6737443.00
2012/06/08	3.62	3.63	3.53	3.56	2981650	11564982.00
2012/06/11	3.57	3.63	3.56	3.62	2414451	9411344.00
2012/06/12	3.61	3.61	3.57	3.59	1721255	6694280.00
2012/06/13	3.62	3.67	3.61	3.67	2461729	9710949.00
2012/06/14	3.68	3.72	3.64	3.64	2837062	11273025.00
2012/06/15	3.65	3.72	3.64	3.69	2461516	9802235.00
2012/06/18	3.72	3.74	3.70	3.73	2832522	11368898.00
2012/06/19	3.74	3.74	3.66	3.67	1762191	6838959.00
2012/06/20	3.67	3.70	3.65	3.68	1423833	5514966.00
2012/06/21	3.67	3.68	3.58	3.60	1995451	7612849.00
2012/06/25	3.58	3.59	3.49	3.51	1902352	7089503.00
2012/06/26	3.48	3.52	3.44	3.50	2455926	9046135.00
2012/06/27	3.50	3.52	3.45	3.47	2081495	7680980.00
2012/06/28	3.47	3.51	3.40	3.40	2985723	10916260.00
2012/06/29	3.40	3.46	3.37	3.45	2316125	8379688.00
2012/07/02	3.48	3.50	3.43	3.46	2072576	7573305.00
2012/07/03	3.46	3.50	3.44	3.47	2488085	9139413.00
2012/07/04	3.47	3.48	3.43	3.45	1858820	6791122.00
2012/07/05	3.45	3.45	3.33	3.34	2681820	9547072.00
2012/07/06	3.36	3.41	3.30	3.40	2412108	8578447.00
2012/07/09	3.35	3.37	3.23	3.25	2956840	10379043.00
2012/07/10	3.24	3.26	3.21	3.24	2106801	7230290.00
2012/07/11	3.24	3.28	3.23	3.27	1791301	6187813.00
2012/07/12	3.27	3.32	3.21	3.32	2727903	9476202.00
2012/07/13	3.29	3.33	3.26	3.28	1701280	5944659.00
2012/07/16	3.28	3.28	3.16	3.18	2681072	9136330.00
2012/07/17	3.16	3.22	3.14	3.20	2459599	8327540.00
2012/07/18	3.20	3.29	3.18	3.28	4484160	15475971.00
2012/07/19	3.25	3.63	3.24	3.63	20635979	77753576.00
2012/07/20	3.65	3.86	3.61	3.63	34489248	135530720.00
2012/07/23	3.53	3.55	3.41	3.48	12431288	45584112.00
2012/07/24	3.44	3.69	3.41	3.62	13409790	51007700.00
2012/07/25	3.59	3.59	3.46	3.50	8195119	30388212.00
2012/07/26	3.49	3.51	3.40	3.41	5267976	19195440.00
2012/07/27	3.44	3.44	3.32	3.33	4908947	17443850.00
2012/07/30	3.33	3.38	3.22	3.27	4081884	14254202.00
2012/07/31	3.26	3.37	3.20	3.28	4403296	15316618.00
2012/08/01	3.26	3.36	3.24	3.34	3473615	12240188.00
2012/08/02	3.34	3.34	3.25	3.25	3532970	12298303.00
2012/08/03	3.28	3.39	3.26	3.38	7190076	25438542.00
2012/08/06	3.39	3.47	3.33	3.46	7252096	26166430.00
2012/08/07	3.46	3.51	3.41	3.48	5910052	21674614.00
2012/08/08	3.47	3.51	3.42	3.45	4328549	15829086.00
2012/08/09	3.45	3.48	3.39	3.47	4597807	16758703.00
2012/08/10	3.44	3.51	3.43	3.48	5473429	20117840.00
2012/08/13	3.46	3.47	3.35	3.36	4247800	15355248.00
2012/08/14	3.35	3.38	3.28	3.37	3911586	13793007.00
2012/08/15	3.33	3.35	3.28	3.30	2769132	9739853.00
2012/08/16	3.29	3.33	3.29	3.30	1838151	6442842.00
2012/08/17	3.30	3.33	3.27	3.32	1554735	5446775.00
2012/08/20	3.30	3.34	3.27	3.33	1776640	6220863.00
2012/08/21	3.30	3.39	3.30	3.38	2929538	10419054.00
2012/08/22	3.38	3.39	3.30	3.32	2348110	8293054.00
2012/08/23	3.33	3.35	3.30	3.34	2553202	8999040.00
2012/08/24	3.31	3.36	3.26	3.27	2409140	8466652.00
2012/08/27	3.24	3.26	3.20	3.21	1923050	6582106.00
2012/08/28	3.17	3.27	3.17	3.25	1559487	5353084.00
2012/08/29	3.22	3.26	3.21	3.21	1134202	3889603.00
2012/08/30	3.22	3.23	3.14	3.18	2193030	7416521.00
2012/08/31	3.20	3.21	3.16	3.20	2522029	8528658.00
2012/09/03	3.19	3.25	3.16	3.23	2556232	8718207.00
2012/09/04	3.22	3.24	3.16	3.17	2560483	8705440.00
2012/09/05	3.17	3.20	3.13	3.17	2387725	8037946.00
2012/09/06	3.17	3.23	3.17	3.22	2128853	7228041.00
2012/09/07	3.24	3.37	3.23	3.33	6068157	21336780.00
2012/09/10	3.34	3.36	3.31	3.34	3942080	13945184.00
2012/09/11	3.31	3.33	3.28	3.33	3117998	10919627.00
2012/09/12	3.32	3.43	3.32	3.41	9372340	33557832.00
2012/09/13	3.43	3.45	3.31	3.31	8648700	31029788.00
2012/09/14	3.34	3.36	3.29	3.33	3731738	13145747.00
2012/09/17	3.35	3.35	3.21	3.22	2956300	10261021.00
2012/09/18	3.22	3.24	3.20	3.22	1884827	6439698.00
2012/09/19	3.22	3.25	3.19	3.24	2020022	6922286.00
2012/09/20	3.23	3.23	3.14	3.14	3240126	10937457.00
2012/09/21	3.13	3.20	3.13	3.17	2417917	8135722.00
2012/09/24	3.13	3.17	3.10	3.16	2544755	8461298.00
2012/09/25	3.14	3.16	3.13	3.14	1781600	5947369.00
2012/09/26	3.13	3.14	3.05	3.06	1603600	5274242.00
2012/09/27	3.05	3.15	3.04	3.13	2401781	7936667.00
2012/09/28	3.11	3.19	3.11	3.18	2867466	9608507.00
2012/10/08	3.16	3.19	3.13	3.14	1992163	6676861.00
2012/10/09	3.14	3.22	3.14	3.22	3418538	11629990.00
2012/10/10	3.20	3.27	3.20	3.26	3166660	10895932.00
2012/10/11	3.25	3.26	3.19	3.19	2768800	9482265.00
2012/10/12	3.21	3.28	3.17	3.26	4497018	15445440.00
2012/10/15	3.26	3.27	3.19	3.21	2774496	9481404.00
2012/10/16	3.21	3.28	3.19	3.26	4027673	13906542.00
2012/10/17	3.25	3.28	3.23	3.26	2476927	8551983.00
2012/10/18	3.27	3.34	3.26	3.32	6642863	23308272.00
2012/10/19	3.31	3.32	3.28	3.30	3496134	12217789.00
2012/10/22	3.28	3.32	3.27	3.32	2959354	10334466.00
2012/10/23	3.30	3.33	3.24	3.26	3930597	13694344.00
2012/10/24	3.23	3.39	3.23	3.33	6788328	23909024.00
2012/10/25	3.33	3.37	3.29	3.29	5825532	20530876.00
2012/10/26	3.29	3.31	3.18	3.19	3856240	13230891.00
2012/10/29	3.18	3.21	3.16	3.19	1413010	4779371.00
2012/10/30	3.17	3.35	3.17	3.26	4646343	16073620.00
2012/10/31	3.24	3.24	3.16	3.21	3382766	11471812.00
2012/11/01	3.21	3.28	3.20	3.27	3956143	13667793.00
2012/11/02	3.28	3.30	3.26	3.30	3563469	12415620.00
2012/11/05	3.30	3.32	3.26	3.32	3457216	12076799.00
2012/11/06	3.32	3.32	3.21	3.27	2748938	9504111.00
2012/11/07	3.27	3.29	3.24	3.27	2319245	8040174.00
2012/11/08	3.24	3.25	3.16	3.17	2876791	9797010.00
2012/11/09	3.17	3.20	3.16	3.17	1959457	6612431.00
2012/11/12	3.17	3.22	3.17	3.21	1628084	5523386.00
2012/11/13	3.23	3.23	3.14	3.14	1726679	5814424.00
2012/11/14	3.16	3.16	3.10	3.14	2055185	6833372.00
2012/11/15	3.11	3.14	3.07	3.07	1499698	4951069.00
2012/11/16	3.08	3.10	3.05	3.08	1732112	5667089.00
2012/11/19	3.09	3.10	3.04	3.10	1698505	5551465.00
2012/11/20	3.10	3.14	3.08	3.09	1599900	5293515.00
2012/11/21	3.11	3.15	3.06	3.15	1976651	6557616.00
2012/11/22	3.13	3.14	3.06	3.09	1883070	6211020.00
2012/11/23	3.10	3.12	3.05	3.09	2937992	9646648.00
2012/11/26	3.08	3.10	3.07	3.08	1373522	4511628.00
2012/11/27	3.06	3.07	2.95	2.96	2970023	9506749.00
2012/11/28	2.96	2.96	2.87	2.91	1892650	5886203.00
2012/11/29	2.92	2.94	2.87	2.88	1479350	4591841.00
2012/11/30	2.88	2.93	2.87	2.91	1334950	4145387.00
2012/12/03	2.90	2.93	2.85	2.86	1261544	3899523.00
2012/12/04	2.86	2.90	2.82	2.88	1784747	5447419.00
2012/12/05	2.88	3.03	2.87	2.98	3101394	9831044.00
2012/12/06	2.98	3.00	2.94	2.97	1484750	4706331.00
2012/12/07	2.96	3.05	2.95	3.04	3680387	11820412.00
2012/12/10	3.03	3.08	3.03	3.07	3573698	11627731.00
2012/12/11	3.06	3.08	3.03	3.03	2353690	7651963.00
2012/12/12	3.03	3.04	2.99	3.02	1489254	4788217.00
2012/12/13	3.01	3.06	2.99	3.01	2966293	9569270.00
2012/12/14	3.01	3.14	3.01	3.12	6245641	20570266.00
2012/12/17	3.12	3.14	3.10	3.12	4268466	14159660.00
2012/12/18	3.13	3.16	3.10	3.12	3527102	11750659.00
2012/12/19	3.10	3.13	3.07	3.10	2852461	9422849.00
2012/12/20	3.10	3.10	3.05	3.09	3154718	10329797.00
2012/12/21	3.08	3.12	3.07	3.09	2223400	7318121.00
2012/12/24	3.08	3.11	3.06	3.08	1448730	4754130.00
2012/12/25	3.08	3.16	3.05	3.15	8028567	26670128.00
2012/12/26	3.14	3.24	3.13	3.21	8045508	27319994.00
2012/12/27	3.20	3.22	3.16	3.16	4490707	15206460.00
2012/12/28	3.16	3.26	3.15	3.24	6937689	23663098.00
2012/12/31	3.23	3.26	3.17	3.23	5120317	17459084.00
2013/01/04	3.24	3.26	3.17	3.21	4794945	16330553.00
2013/01/07	3.19	3.22	3.18	3.22	3302020	11234301.00
2013/01/08	3.21	3.27	3.19	3.24	5411123	18546352.00
2013/01/09	3.25	3.27	3.21	3.24	4436298	15269062.00
2013/01/10	3.22	3.27	3.22	3.26	4616395	15905593.00
2013/01/11	3.26	3.26	3.14	3.15	4256109	14448538.00
2013/01/14	3.20	3.27	3.18	3.26	7070999	24252546.00
2013/01/15	3.26	3.35	3.26	3.31	10829189	38046160.00
2013/01/16	3.29	3.32	3.24	3.30	7102003	24714104.00
2013/01/17	3.30	3.30	3.23	3.25	4957320	17164804.00
2013/01/18	3.26	3.30	3.25	3.29	4781332	16641943.00
2013/01/21	3.30	3.32	3.29	3.32	5142188	18036588.00
2013/01/22	3.32	3.38	3.27	3.29	8747582	30803408.00
2013/01/23	3.29	3.33	3.22	3.31	4842416	16858128.00
2013/01/24	3.30	3.34	3.19	3.21	7665677	26562506.00
2013/01/25	3.21	3.23	3.18	3.19	3257579	11076931.00
2013/01/28	3.18	3.26	3.18	3.26	2941414	10094837.00
2013/01/29	3.26	3.28	3.24	3.28	3971487	13751779.00
2013/01/30	3.26	3.34	3.26	3.32	8252874	28950676.00
2013/01/31	3.31	3.35	3.29	3.30	4899291	17201316.00
2013/02/01	3.30	3.32	3.27	3.32	4193762	14678475.00
2013/02/04	3.33	3.36	3.30	3.35	7068937	24927492.00
2013/02/05	3.33	3.43	3.33	3.39	10370183	37154856.00
2013/02/06	3.38	3.41	3.35	3.39	6202203	22271552.00
2013/02/07	3.39	3.40	3.32	3.38	5550774	19791914.00
2013/02/08	3.37	3.41	3.34	3.35	7403402	26488352.00
2013/02/18	3.38	3.38	3.34	3.36	3846473	13695834.00
2013/02/19	3.36	3.37	3.30	3.34	5276320	18614188.00
2013/02/20	3.33	3.37	3.32	3.37	4551234	16141483.00
2013/02/21	3.35	3.35	3.28	3.30	6210418	21835722.00
2013/02/22	3.29	3.33	3.28	3.29	2969203	10391882.00
2013/02/25	3.28	3.31	3.28	3.30	2760879	9643062.00
2013/02/26	3.30	3.31	3.23	3.25	4678938	16268107.00
2013/02/27	3.26	3.29	3.23	3.27	4374058	15117057.00
2013/02/28	3.33	3.39	3.30	3.35	7596511	26878728.00
2013/03/01	3.32	3.43	3.32	3.41	11643671	41643636.00
2013/03/04	3.37	3.38	3.29	3.32	8721116	30732672.00
2013/03/05	3.32	3.38	3.31	3.37	4587444	16290470.00
2013/03/06	3.38	3.41	3.36	3.39	7343596	26341116.00
2013/03/07	3.39	3.39	3.31	3.34	6819565	24222868.00
2013/03/08	3.34	3.37	3.31	3.32	3833163	13555112.00
2013/03/11	3.32	3.34	3.28	3.33	3805347	13347678.00
2013/03/12	3.30	3.34	3.22	3.25	5271165	18307464.00
2013/03/13	3.24	3.26	3.19	3.21	2361231	8066073.00
2013/03/14	3.21	3.27	3.20	3.24	2921737	10055083.00
2013/03/15	3.25	3.32	3.22	3.27	4005792	13919585.00
2013/03/18	3.26	3.29	3.22	3.22	2498806	8625622.00
2013/03/19	3.23	3.25	3.16	3.22	3130587	10628541.00
2013/03/20	3.20	3.32	3.20	3.31	6516479	22587720.00
2013/03/21	3.30	3.33	3.27	3.30	4688460	16394408.00
2013/03/22	3.30	3.32	3.26	3.31	4197461	14636664.00
2013/03/25	3.31	3.31	3.26	3.29	3768518	13115035.00
2013/03/26	3.28	3.42	3.22	3.35	12319105	43353104.00
2013/03/27	3.34	3.68	3.33	3.50	31622068	116503480.00
2013/03/28	3.42	3.47	3.33	3.36	15239417	54939080.00
2013/03/29	3.34	3.55	3.34	3.54	22833451	83925424.00
2013/04/01	3.64	3.64	3.46	3.47	20162513	75630120.00
2013/04/02	3.44	3.84	3.42	3.84	45861999	179990720.00
2013/04/03	3.86	4.02	3.73	3.74	68421517	280130016.00
2013/04/08	3.63	3.91	3.54	3.77	32384786	127778960.00
2013/04/09	3.74	3.82	3.63	3.79	24679594	96543512.00
2013/04/10	3.75	3.76	3.66	3.73	14709228	57437720.00
2013/04/11	3.73	3.75	3.57	3.59	15980775	61632392.00
2013/04/12	3.57	3.67	3.51	3.52	14924164	56437592.00
2013/04/15	3.50	3.59	3.47	3.52	11064035	41231700.00
2013/04/16	3.47	3.69	3.46	3.60	16594743	62893320.00
2013/04/17	3.63	3.66	3.55	3.62	11524754	43880976.00
2013/04/18	3.58	3.63	3.51	3.52	11984706	45024600.00
2013/04/19	3.52	3.63	3.50	3.60	15883373	60121912.00
2013/04/22	3.69	3.78	3.65	3.69	23506451	91864480.00
2013/04/23	3.68	3.68	3.49	3.51	13486279	50761328.00
2013/04/24	3.50	3.56	3.46	3.53	10055127	37304012.00
2013/04/25	3.53	3.61	3.50	3.53	11780301	44291624.00
2013/04/26	3.51	3.52	3.26	3.30	14927330	53415240.00
2013/05/02	3.30	3.34	3.27	3.28	5801566	20369382.00
2013/05/03	3.31	3.35	3.30	3.32	7379825	26030340.00
2013/05/06	3.33	3.36	3.30	3.35	9072237	32026296.00
2013/05/07	3.33	3.37	3.31	3.36	6156642	21794492.00
2013/05/08	3.37	3.38	3.33	3.36	5932156	21059320.00
2013/05/09	3.34	3.35	3.28	3.32	5973364	21010932.00
2013/05/10	3.31	3.34	3.29	3.34	5201823	18291804.00
2013/05/13	3.33	3.46	3.30	3.43	12301647	44118232.00
2013/05/14	3.40	3.42	3.34	3.38	6844005	24513980.00
2013/05/15	3.38	3.41	3.36	3.39	3961842	14191384.00
2013/05/16	3.38	3.44	3.35	3.43	7864757	28373640.00
2013/05/17	3.42	3.48	3.41	3.46	9127747	33332982.00
2013/05/20	3.45	3.49	3.45	3.49	8247190	30311000.00
2013/05/21	3.49	3.52	3.46	3.51	10059862	37108292.00
2013/05/22	3.52	3.60	3.49	3.55	12505610	46950576.00
2013/05/23	3.52	3.56	3.46	3.48	9503501	35325140.00
2013/05/24	3.49	3.54	3.46	3.53	6795697	25147748.00
2013/05/27	3.54	3.56	3.51	3.55	6227194	23263052.00
2013/05/28	3.56	3.58	3.52	3.58	8000437	30067644.00
2013/05/29	3.58	3.65	3.56	3.62	9050755	34517320.00
2013/05/30	3.60	3.62	3.56	3.60	6985672	26467160.00
2013/05/31	3.60	3.63	3.57	3.58	7478050	28424164.00
2013/06/03	3.61	3.61	3.56	3.56	3467677	12769134.00
2013/06/04	3.56	3.56	3.44	3.48	6188706	22201676.00
2013/06/05	3.49	3.51	3.46	3.50	2682088	9620362.00
2013/06/06	3.51	3.51	3.43	3.44	3118350	11144284.00
2013/06/07	3.47	3.49	3.34	3.38	5650687	19782762.00
2013/06/13	3.36	3.37	3.18	3.27	4188524	14082459.00
2013/06/14	3.28	3.32	3.26	3.31	2924687	9930812.00
2013/06/17	3.31	3.32	3.25	3.29	2147030	7265598.00
2013/06/18	3.29	3.31	3.27	3.29	2677500	9078867.00
2013/06/19	3.28	3.29	3.22	3.27	2835410	9490901.00
2013/06/20	3.25	3.26	3.17	3.17	2855099	9476621.00
2013/06/21	3.15	3.16	3.07	3.15	3103597	9995580.00
2013/06/24	3.14	3.15	2.91	2.98	4791996	15056861.00
2013/06/25	2.97	2.99	2.70	2.93	6148319	18288148.00
2013/06/26	2.94	2.98	2.88	2.96	2837725	8610635.00
2013/06/27	2.95	2.99	2.89	2.89	3713618	11285032.00
2013/06/28	2.88	2.97	2.86	2.93	2096427	6349926.00
2013/07/01	2.93	2.98	2.91	2.98	1980471	6030613.00
2013/07/02	2.96	3.00	2.94	3.00	3179936	9802473.00
2013/07/03	3.00	3.00	2.90	2.97	3378290	10288412.00
2013/07/04	3.01	3.09	2.99	3.04	7341970	23066108.00
2013/07/05	3.04	3.12	3.02	3.06	5679784	17912552.00
2013/07/08	3.00	3.08	2.94	2.99	5491672	17134000.00
2013/07/09	3.00	3.06	2.96	3.05	3517950	11023417.00
2013/07/10	3.07	3.12	3.02	3.12	5897129	18732694.00
2013/07/11	3.10	3.20	3.08	3.17	8300473	27017088.00
2013/07/12	3.16	3.17	3.07	3.08	6334306	20389964.00
2013/07/15	3.07	3.13	3.07	3.11	3751113	11983025.00
2013/07/16	3.10	3.12	3.06	3.11	3560508	11365418.00
2013/07/17	3.12	3.15	3.07	3.09	3966557	12733475.00
2013/07/18	3.10	3.10	3.02	3.03	3304574	10403262.00
2013/07/19	3.01	3.05	2.95	2.96	4354500	13516348.00
2013/07/22	2.95	3.05	2.92	3.05	5868351	18176958.00
2013/07/23	3.03	3.23	3.03	3.19	14823111	48441344.00
2013/07/24	3.13	3.14	3.07	3.10	9323887	29937292.00
2013/07/25	3.11	3.15	3.06	3.08	4188283	13433681.00
2013/07/26	3.08	3.08	3.01	3.02	3007434	9453900.00
2013/07/29	3.01	3.02	2.98	2.99	2632289	8144233.00
2013/07/30	3.01	3.07	2.96	3.02	2524078	7865208.00
2013/07/31	3.04	3.08	3.01	3.02	2158117	6781097.00
2013/08/01	3.02	3.08	3.02	3.07	4167875	13133530.00
2013/08/02	3.08	3.10	3.05	3.07	4017360	12769369.00
2013/08/05	3.07	3.11	3.06	3.10	3701004	11811054.00
2013/08/06	3.08	3.18	3.08	3.15	6400186	20716928.00
2013/08/07	3.14	3.20	3.11	3.13	5969626	19461338.00
2013/08/08	3.14	3.19	3.13	3.16	4362623	14230776.00
2013/08/09	3.16	3.19	3.13	3.18	3587108	11696261.00
2013/08/12	3.18	3.25	3.16	3.24	7272147	24130496.00
2013/08/13	3.24	3.27	3.23	3.24	4731670	15823640.00
2013/08/14	3.25	3.44	3.23	3.32	13990673	47983848.00
2013/08/15	3.30	3.33	3.23	3.25	9362948	31529592.00
2013/08/16	3.24	3.34	3.21	3.25	9212919	31037548.00
2013/08/19	3.26	3.40	3.25	3.37	10164256	35139460.00
2013/08/20	3.38	3.45	3.30	3.36	7843787	27111838.00
2013/08/21	3.35	3.38	3.30	3.34	4034632	13839755.00
2013/08/22	3.35	3.38	3.30	3.36	5792132	19980116.00
2013/08/23	3.46	3.53	3.31	3.40	16645991	58924392.00
2013/08/26	3.38	3.75	3.37	3.75	31750717	120042296.00
2013/08/27	3.90	4.14	3.82	4.03	73630332	300926688.00
2013/08/28	3.91	4.44	3.90	4.29	71204058	309852576.00
2013/08/29	4.33	4.73	4.25	4.73	78041995	359376416.00
2013/08/30	5.06	5.21	5.06	5.21	37799423	199908560.00
2013/09/02	5.55	5.55	4.70	4.90	100632021	528837952.00
2013/09/03	4.78	5.40	4.77	5.40	42024200	221372016.00
2013/09/04	5.95	5.95	5.95	5.95	12151478	73516440.00
2013/09/05	6.37	6.50	5.77	6.17	144271366	912192448.00
2013/09/06	6.09	6.80	5.98	6.80	103105048	676478528.00
2013/09/09	6.87	7.48	6.75	6.99	124985462	901918912.00
2013/09/10	6.81	7.38	6.73	6.93	102990229	737188928.00
2013/09/11	6.91	6.99	6.41	6.52	80599127	545578368.00
2013/09/12	6.49	6.87	6.48	6.55	56665143	382509152.00
2013/09/13	6.50	6.56	6.00	6.13	59692301	377694464.00
2013/09/16	6.16	6.31	6.05	6.17	43336092	272218880.00
2013/09/17	6.13	6.17	5.60	5.64	63404360	375724640.00
2013/09/18	5.65	6.00	5.64	5.81	51120031	303507232.00
2013/09/23	5.80	6.17	5.79	5.99	61274741	373826816.00
2013/09/24	5.92	6.59	5.76	6.38	86517755	543623424.00
2013/09/25	6.21	6.58	5.94	6.06	87735682	560020096.00
2013/09/26	6.00	6.00	5.44	5.44	53708994	306495584.00
2013/09/27	5.30	5.39	5.03	5.20	37370280	198077536.00
2013/09/30	5.25	5.34	5.18	5.28	23474680	126140016.00
2013/10/08	5.25	5.49	5.14	5.37	25732407	140618384.00
2013/10/09	5.32	5.67	5.31	5.62	35416781	198835232.00
2013/10/10	5.63	5.66	5.42	5.46	30211102	169871104.00
2013/10/11	5.51	6.02	5.46	6.02	74119144	441160896.00
2013/10/14	6.00	6.30	5.88	6.12	73901186	457678848.00
2013/10/15	6.08	6.19	5.88	6.11	38377875	234768176.00
2013/10/16	6.03	6.03	5.49	5.54	35013510	203389856.00
2013/10/17	5.60	5.78	5.27	5.52	22937144	129955056.00
2013/10/18	5.48	5.50	5.31	5.48	14056171	77658336.00
2013/10/21	5.51	5.86	5.51	5.81	26019192	151865344.00
2013/10/22	5.75	5.78	5.52	5.57	22593523	129566432.00
2013/10/23	5.61	5.87	5.48	5.65	22441020	128985160.00
2013/10/24	5.85	6.23	5.83	5.89	60700771	372654272.00
2013/10/25	5.85	5.85	5.31	5.44	36541265	205165504.00
2013/10/28	5.45	5.65	5.44	5.49	15192801	85558800.00
2013/10/29	5.46	5.53	4.96	5.25	23223528	123299136.00
2013/10/30	5.27	5.28	5.07	5.26	13151235	69534048.00
2013/10/31	5.20	5.38	5.16	5.30	14558735	78425912.00
2013/11/01	5.23	5.43	5.18	5.30	12329758	66595104.00
2013/11/04	5.30	5.37	5.23	5.30	8445612	45628176.00
2013/11/05	5.30	5.42	5.17	5.39	20981785	113285096.00
2013/11/06	5.37	5.42	5.15	5.16	17761455	96001080.00
2013/11/07	5.11	5.22	5.03	5.12	13295025	69444472.00
2013/11/08	5.12	5.33	5.05	5.16	19559757	103577328.00
2013/11/11	5.07	5.11	4.83	4.95	17059203	85888744.00
2013/11/12	4.93	5.08	4.90	5.03	12751925	65033020.00
2013/11/13	5.01	5.14	4.86	4.91	16278381	82831768.00
2013/11/14	4.88	4.93	4.76	4.89	14776303	72910336.00
2013/11/15	4.90	5.20	4.88	5.05	22210537	114925880.00
2013/11/18	5.02	5.25	5.02	5.23	24781403	130292256.00
2013/11/19	5.29	5.39	5.10	5.26	25798138	137383664.00
2013/11/20	5.26	5.28	5.17	5.25	14969358	79712368.00
2013/11/21	5.24	5.36	5.19	5.29	19320338	103970720.00
2013/11/22	5.29	5.38	5.18	5.19	15652615	83846552.00
2013/11/25	5.21	5.67	5.17	5.48	39341486	218903856.00
2013/11/26	5.43	5.51	5.36	5.39	20426396	112917616.00
2013/11/27	5.40	5.50	5.37	5.44	13773911	76405248.00
2013/11/28	5.48	5.63	5.42	5.44	22704783	127675376.00
2013/11/29	5.45	5.52	5.41	5.51	15488353	86109720.00
2013/12/02	5.41	5.62	5.28	5.55	40672100	227274240.00
2013/12/03	5.53	6.11	5.48	5.98	50744675	303328736.00
2013/12/04	6.08	6.59	5.98	6.59	50421222	330349856.00
2013/12/05	6.90	7.05	6.60	6.67	76521503	526991392.00
2013/12/06	6.64	6.87	6.41	6.55	38145608	254365952.00
2013/12/09	6.72	7.08	6.58	6.80	47020991	325077696.00
2013/12/10	7.05	7.49	7.05	7.48	96026754	721036992.00
2013/12/11	7.40	7.40	6.96	7.06	61118641	442995200.00
2013/12/12	7.12	7.69	7.12	7.22	57775005	432020672.00
2013/12/13	7.01	7.58	6.90	7.54	50515070	370419520.00
2013/12/16	7.83	8.19	7.43	7.46	67657223	532618784.00
2013/12/17	7.20	7.66	6.80	6.93	59028802	432554112.00
2013/12/18	7.00	7.08	6.65	6.70	32875834	227734400.00
2013/12/19	6.78	6.95	6.68	6.78	23663264	163823664.00
2013/12/20	6.95	7.47	6.95	7.47	80681232	603946176.00
2013/12/23	7.40	7.66	7.28	7.60	57503740	436974752.00
2013/12/24	7.48	7.63	7.25	7.37	35276522	266213264.00
2013/12/25	7.30	8.05	7.29	7.88	49761209	392485024.00
2013/12/26	7.83	8.38	7.72	8.17	56021185	459681664.00
2013/12/27	8.18	8.29	7.94	8.19	40311224	330805248.00
2013/12/30	8.41	8.70	8.07	8.12	46245513	393491424.00
2013/12/31	8.00	8.93	7.82	8.85	60305166	512059008.00
2014/01/02	8.65	9.26	8.60	9.04	43064165	391345344.00
2014/01/03	9.04	9.26	8.83	9.07	37479216	343038464.00
2014/01/06	8.93	9.04	8.25	8.32	38993921	340815744.00
2014/01/07	8.30	8.73	8.10	8.45	31028515	264766608.00
2014/01/08	8.41	8.68	7.99	8.09	32470137	274132288.00
2014/01/09	8.08	8.32	7.95	8.00	23579750	193692640.00
2014/01/10	8.01	8.60	8.01	8.46	31873800	266794896.00
2014/01/13	8.46	8.75	8.36	8.49	22388911	193034016.00
2014/01/14	8.48	8.62	8.36	8.59	16177741	139160976.00
2014/01/15	8.56	8.65	8.42	8.62	15284221	131914040.00
2014/01/16	8.63	9.37	8.56	9.06	34908245	318799808.00
2014/01/17	9.00	9.25	8.80	9.05	26388671	241349840.00
2014/01/20	8.93	9.59	8.92	9.38	27463538	259245536.00
2014/01/21	9.35	9.52	9.20	9.42	19007202	179548000.00
2014/01/22	9.44	9.68	9.28	9.55	22926781	219297344.00
2014/01/23	9.52	9.67	9.35	9.36	20184893	193803264.00
2014/01/24	9.27	9.30	8.96	9.06	28621802	263088752.00
2014/01/27	9.06	9.86	9.06	9.76	32418982	311344192.00
2014/01/28	9.84	9.96	9.61	9.79	19660957	194280208.00
2014/01/29	9.82	10.39	9.73	10.30	22286770	226691488.00
2014/01/30	10.29	11.34	10.22	11.28	38972076	433000960.00
2014/02/07	10.93	11.64	10.89	11.32	28942444	330852960.00
2014/02/10	11.25	11.36	10.95	11.34	30788188	345983232.00
2014/02/11	11.30	12.25	11.20	11.71	28645852	341497920.00
2014/02/12	11.53	11.76	11.01	11.16	36253648	414413280.00
2014/02/13	10.95	11.68	10.80	11.22	36682584	413923232.00
2014/02/14	11.22	11.75	11.12	11.64	24931194	288502912.00
2014/02/17	11.70	11.90	11.42	11.83	21594814	254376512.00
2014/02/18	11.85	12.05	11.60	11.83	22131421	264854288.00
2014/02/19	11.77	11.98	10.91	11.16	41026575	470340160.00
2014/02/20	11.21	11.35	10.75	11.00	22204597	247078400.00
2014/02/21	11.00	11.22	10.99	11.20	13046935	146201760.00
2014/02/24	11.19	11.64	11.12	11.40	19809542	228006624.00
2014/02/25	11.56	11.60	10.25	10.37	29006769	319160928.00
2014/02/26	10.30	10.53	9.75	10.29	28972537	297909568.00
2014/02/27	10.25	10.56	9.97	10.01	20279444	210090256.00
2014/02/28	10.01	10.11	9.32	9.81	26059015	255413232.00
2014/03/03	9.98	10.80	9.84	10.79	34968799	370659808.00
2014/03/04	10.75	10.98	10.51	10.83	23263069	252351456.00
2014/03/05	10.78	11.01	10.67	10.75	12288334	134435632.00
2014/03/06	10.75	11.35	10.67	11.23	24432437	273584320.00
2014/03/07	11.25	11.68	11.11	11.33	26034081	299508864.00
2014/03/10	11.33	11.33	10.70	10.72	19471597	214388880.00
2014/03/11	11.34	11.80	11.07	11.19	85045413	991236224.00
2014/03/13	10.06	10.06	10.06	10.06	6233000	63327280.00
2014/03/14	9.04	9.39	9.04	9.04	65673219	604628416.00
2014/03/17	8.95	9.07	8.70	9.02	38173000	344025920.00
2014/03/18	9.02	9.35	8.93	9.14	35513263	328195680.00
2014/03/19	9.10	9.37	8.85	9.04	50204646	459593760.00
2014/03/20	8.94	9.13	8.24	8.35	43606550	388054720.00
2014/03/21	8.22	8.74	8.15	8.60	34753715	296302880.00
2014/03/24	8.59	8.72	8.46	8.53	21476809	186371824.00
2014/03/25	8.61	9.26	8.61	8.99	45232378	411488704.00
2014/03/26	8.90	8.94	8.80	8.90	22445070	201189504.00
2014/03/27	8.84	8.84	8.50	8.53	25557922	223283824.00
2014/03/28	8.60	9.05	8.52	8.71	26626382	237151632.00
2014/03/31	8.84	8.88	8.15	8.21	21006716	178035024.00
2014/04/01	8.21	8.34	8.06	8.28	10626095	88403624.00
2014/04/02	8.29	8.30	8.00	8.07	13885928	114219112.00
2014/04/03	8.06	8.17	8.02	8.15	8876913	72817152.00
2014/04/04	8.17	8.52	8.16	8.28	14694085	123984480.00
2014/04/08	8.26	8.38	8.20	8.35	10254795	86264088.00
2014/04/09	8.35	8.60	8.32	8.58	16148762	138235024.00
2014/04/10	8.61	8.74	8.51	8.59	16985848	148430368.00
2014/04/11	8.55	8.80	8.49	8.76	15850495	138703824.00
2014/04/14	8.70	8.74	8.55	8.64	11911753	103858768.00
2014/04/15	8.62	9.46	8.51	9.01	43225544	394598688.00
2014/04/16	8.95	9.34	8.90	9.30	35651554	331061600.00
2014/04/17	9.25	9.43	9.15	9.16	20390431	191068112.00
2014/04/18	9.15	9.28	9.06	9.18	14556980	134857040.00
2014/04/21	9.08	9.16	8.82	8.88	19636885	178761712.00
2014/04/22	8.87	9.26	8.82	9.25	21519202	196094944.00
2014/04/23	9.27	9.64	9.22	9.31	35107803	335352480.00
2014/04/24	9.25	9.26	8.90	8.95	18632079	170193664.00
2014/04/25	8.97	9.00	8.47	8.54	15580502	138332816.00
2014/04/28	8.48	8.48	7.78	7.80	16344495	134319136.00
2014/04/29	7.78	8.10	7.70	8.07	15645751	125188936.00
2014/04/30	7.96	8.22	7.96	8.07	10435014	85611264.00
2014/05/05	8.15	8.28	8.05	8.24	9061919	75057136.00
2014/05/06	8.24	8.46	8.24	8.40	9763406	82828688.00
2014/05/07	8.33	8.59	8.21	8.40	13759973	116667640.00
2014/05/08	8.41	8.78	8.40	8.57	17786687	154805008.00
2014/05/09	8.56	8.65	8.18	8.30	12804371	109028080.00
2014/05/12	8.40	8.69	8.35	8.59	12805242	110629600.00
2014/05/13	8.57	8.62	8.42	8.49	8947558	76984120.00
2014/05/14	8.48	8.54	8.39	8.49	6342649	54307576.00
2014/05/15	8.49	8.50	8.23	8.24	7334754	62071616.00
2014/05/16	8.24	8.35	8.10	8.26	6575816	54633292.00
2014/05/19	8.27	8.32	8.14	8.23	4262196	35458828.00
2014/05/20	8.30	8.42	8.20	8.26	6813736	57179836.00
2014/05/21	8.21	8.28	8.12	8.27	5596472	46498576.00
2014/05/22	8.23	8.39	8.22	8.25	6361404	53410728.00
2014/05/23	8.25	8.29	8.17	8.28	4699543	39168944.00
2014/05/26	8.29	8.49	8.29	8.48	9206905	78216112.00
2014/05/27	8.52	8.54	8.35	8.37	6671502	57022876.00
2014/05/28	8.37	8.49	8.25	8.45	8538195	72334496.00
2014/05/29	8.42	9.28	8.41	8.81	30695841	274376992.00
2014/05/30	8.71	8.79	8.57	8.65	13696321	120078872.00
2014/06/03	8.62	8.74	8.56	8.59	10361712	90555856.00
2014/06/04	8.55	8.63	8.31	8.33	10442299	88913544.00
2014/06/05	8.32	8.47	8.32	8.44	5460614	46465628.00
2014/06/06	8.41	8.47	8.31	8.40	6007641	50891356.00
2014/06/09	8.38	8.54	8.32	8.52	8525540	73002680.00
2014/06/10	8.49	8.65	8.45	8.57	5364745	46282772.00
2014/06/11	8.58	8.89	8.53	8.79	11701773	103002272.00
2014/06/12	8.71	8.86	8.67	8.69	10423980	92274944.00
2014/06/13	8.67	8.71	8.55	8.70	7638880	66784648.00
2014/06/16	8.71	8.72	8.58	8.63	6686292	58361408.00
2014/06/17	8.60	8.60	8.22	8.23	13179806	111693496.00
2014/06/18	8.20	8.26	8.16	8.20	6955738	57752208.00
2014/06/19	8.20	8.26	7.58	7.72	9446462	75262640.00
2014/06/20	7.72	7.78	7.55	7.74	6665993	51255940.00
2014/06/23	7.74	7.75	7.63	7.67	6214569	47783456.00
2014/06/24	7.69	7.72	7.63	7.67	4677825	35914488.00
2014/06/25	7.65	7.67	7.34	7.43	8786628	65543760.00
2014/06/26	7.42	7.63	7.41	7.54	6946954	52481960.00
2014/06/27	7.52	7.85	7.48	7.70	10033107	76938600.00
2014/06/30	7.71	7.85	7.68	7.76	7122306	55423852.00
2014/07/01	7.79	7.88	7.71	7.83	7348836	57205368.00
2014/07/02	7.84	8.01	7.73	7.92	9283643	73198544.00
2014/07/03	7.88	8.10	7.82	8.09	11828303	94503616.00
2014/07/04	8.16	8.37	8.11	8.12	13810720	113404472.00
2014/07/07	8.18	8.19	7.87	8.09	11329400	90901504.00
2014/07/08	8.05	8.05	7.81	7.91	10240094	80775944.00
2014/07/09	7.86	7.90	7.57	7.58	12731337	98174512.00
2014/07/10	7.58	7.65	7.53	7.54	7971783	60450980.00
2014/07/11	7.54	7.65	7.50	7.63	5486283	41738948.00
2014/07/14	7.63	7.77	7.59	7.76	5729429	44057448.00
2014/07/15	7.75	7.80	7.62	7.78	7404291	57112332.00
2014/07/16	7.77	7.83	7.73	7.75	5888548	45780328.00
2014/07/17	7.75	7.78	7.55	7.60	6046383	46137280.00
2014/07/18	7.57	7.63	7.55	7.60	4723399	35831364.00
2014/07/21	7.57	7.68	7.45	7.61	7617109	57491148.00
2014/07/22	7.56	7.75	7.53	7.68	8264365	63033092.00
2014/07/23	7.68	7.68	7.50	7.52	6554987	49758204.00
2014/07/24	7.61	7.82	7.57	7.80	16319212	126231632.00
2014/07/25	7.80	8.01	7.75	7.93	17278686	136931120.00
2014/07/28	7.98	7.98	7.81	7.96	14912302	117887568.00
2014/07/29	7.96	8.10	7.89	7.95	15521704	124244808.00
2014/07/30	7.88	7.92	7.81	7.87	11747758	92306920.00
2014/07/31	7.87	7.94	7.82	7.93	7439165	58716000.00
2014/08/01	7.94	7.96	7.81	7.83	9106084	71910312.00
2014/08/04	7.89	8.02	7.81	7.98	12782112	101474344.00
2014/08/05	7.99	7.99	7.89	7.96	8265560	65538644.00
2014/08/06	7.94	8.02	7.90	8.01	9427473	74897080.00
2014/08/07	8.01	8.12	7.95	7.96	15247066	122805904.00
2014/08/08	7.95	8.01	7.91	7.97	6475275	51564588.00
2014/08/11	7.97	8.18	7.94	8.11	14740692	118947784.00
2014/08/12	8.09	8.30	8.03	8.26	18351552	149853536.00
2014/08/13	8.21	8.48	8.15	8.47	24185996	201654032.00
2014/08/14	8.43	8.48	8.28	8.29	14552046	121955792.00
2014/08/15	8.28	8.45	8.26	8.39	11785186	98853416.00
2014/08/18	8.40	8.47	8.35	8.43	11166492	93909008.00
2014/08/19	8.46	8.75	8.44	8.64	21089120	181845504.00
2014/08/20	8.64	8.71	8.53	8.68	13649814	117753424.00
2014/08/21	8.67	8.88	8.63	8.85	18912027	166034928.00
2014/08/22	8.88	9.15	8.74	9.04	33214888	297962304.00
2014/08/25	9.01	9.07	8.86	8.88	16021906	143190080.00
2014/08/26	8.81	8.86	8.42	8.45	18362335	158365696.00
2014/08/27	8.44	8.55	8.43	8.46	7605320	64483252.00
2014/08/28	8.46	8.53	8.23	8.42	12244902	102857360.00
2014/08/29	8.42	8.52	8.31	8.52	7132620	60174968.00
2014/09/01	8.53	8.67	8.44	8.66	10347396	88451040.00
2014/09/02	8.66	8.87	8.65	8.76	13511242	118749336.00
2014/09/03	8.77	8.90	8.69	8.85	15339411	134873024.00
2014/09/04	8.85	8.98	8.78	8.92	14241474	126637168.00
2014/09/05	8.92	9.13	8.83	8.95	17650145	158448176.00
2014/09/09	8.93	8.94	8.77	8.84	14687254	129602456.00
2014/09/10	8.78	8.94	8.72	8.94	12299086	108475680.00
2014/09/11	8.91	8.99	8.77	8.81	14283608	126904376.00
2014/09/12	8.79	8.87	8.72	8.86	10489666	92373256.00
2014/09/15	8.86	8.95	8.79	8.90	12640956	112218896.00
2014/09/16	9.06	9.79	9.06	9.59	70079704	674002496.00
2014/09/17	9.55	9.96	9.31	9.78	49951972	478937056.00
2014/09/18	9.70	9.88	9.56	9.75	25488262	247382720.00
2014/09/19	9.75	9.78	9.56	9.63	16591685	159918992.00
2014/09/22	9.62	9.64	9.33	9.47	19277532	182131648.00
2014/09/23	9.45	9.73	9.43	9.59	15701697	151081184.00
2014/09/24	9.55	10.15	9.52	9.94	25337563	247986576.00
2014/09/25	9.94	9.95	9.70	9.73	20421809	200623952.00
2014/09/26	9.67	9.89	9.61	9.82	14146897	138397056.00
2014/09/29	9.88	10.03	9.76	9.84	16072185	158604320.00
2014/09/30	9.89	9.92	9.75	9.79	11243923	110184792.00
2014/10/08	9.76	9.95	9.76	9.92	15179394	149846032.00
2014/10/09	9.92	9.92	9.64	9.70	20196891	196971568.00
2014/10/10	9.66	9.66	9.48	9.53	16252253	155116960.00
2014/10/13	9.49	9.49	9.29	9.35	14152764	132435720.00
2014/10/14	9.32	9.51	9.31	9.37	12398983	116544464.00
2014/10/15	9.38	9.50	9.28	9.45	10543259	98960704.00
2014/10/16	9.40	9.68	9.33	9.43	17120731	163477824.00
2014/10/17	9.41	9.50	8.96	9.07	16502090	151160432.00
2014/10/20	9.08	9.17	8.99	9.13	9539285	86631136.00
2014/10/21	9.14	9.15	8.98	9.00	8384861	75935792.00
2014/10/22	8.99	9.04	8.85	8.86	7522700	67192232.00
2014/10/23	8.84	8.90	8.53	8.58	9716656	84303664.00
2014/10/24	8.61	8.65	8.51	8.57	5686601	48781984.00
2014/10/27	8.60	8.63	8.53	8.61	5900612	50621464.00
2014/10/28	8.66	8.87	8.63	8.85	7858443	69109328.00
2014/10/29	8.85	9.42	8.83	9.24	23623013	216799216.00
2014/10/30	9.23	9.50	9.12	9.16	25493540	237486640.00
2014/10/31	9.14	9.21	8.94	9.11	16944557	153515120.00
2014/11/03	9.05	9.17	9.02	9.09	11495208	104386480.00
2014/11/04	9.10	9.17	9.02	9.05	8036340	72987728.00
2014/11/05	9.04	9.05	8.91	8.96	8301521	74292208.00
2014/11/06	8.95	8.95	8.80	8.91	9295755	82551672.00
2014/11/07	8.91	8.97	8.70	8.79	13013801	115627424.00
2014/11/10	8.81	8.96	8.78	8.94	8267703	73369536.00
2014/11/11	8.99	9.10	8.62	8.67	14352684	127198272.00
2014/11/12	8.71	9.16	8.65	9.08	20015859	180658528.00
2014/11/13	9.10	9.23	8.99	9.04	18765350	170785344.00
2014/11/14	8.99	9.28	8.82	9.08	17057220	155000272.00
2014/11/17	9.10	9.15	8.96	9.01	10513453	95134832.00
2014/11/18	9.02	9.10	8.99	9.06	7539682	68169280.00
2014/11/19	9.07	9.08	8.90	8.93	10997788	98703272.00
2014/11/20	8.88	9.01	8.82	8.87	8279607	73793256.00
2014/11/21	8.94	8.99	8.86	8.96	8494723	75859608.00
2014/11/24	9.08	9.14	8.96	9.13	17852385	161585872.00
2014/11/25	9.15	9.46	9.10	9.33	29301850	273685728.00
2014/11/26	9.33	9.33	9.13	9.20	18006267	165705872.00
2014/11/27	9.20	9.32	9.18	9.27	16629648	153850928.00
2014/11/28	9.26	9.44	9.23	9.42	29196027	273292160.00
2014/12/01	9.40	9.58	9.15	9.57	31196007	292819296.00
2014/12/02	9.68	9.96	9.56	9.58	39274279	383126528.00
2014/12/03	9.60	9.72	9.44	9.56	25962946	247501376.00
2014/12/04	9.56	9.56	9.40	9.51	24447228	231679936.00
2014/12/05	9.49	9.49	9.00	9.09	28574215	263031888.00
2014/12/08	9.09	9.28	9.01	9.18	18207734	166654880.00
2014/12/09	9.10	9.18	8.76	8.80	21772498	196270992.00
2014/12/10	8.80	9.09	8.80	9.06	12794988	114698496.00
2014/12/11	8.97	9.13	8.89	9.05	12753664	115183720.00
2014/12/12	9.05	9.25	9.02	9.20	15803830	144644144.00
2014/12/15	9.20	9.27	9.01	9.19	14940833	136434368.00
2014/12/16	9.18	9.22	9.08	9.12	12542851	114589488.00
2014/12/17	9.25	10.03	9.23	10.03	100516206	998962368.00
2014/12/19	9.60	9.65	9.03	9.04	83243533	767547712.00
2014/12/22	8.91	8.91	8.14	8.17	42773533	359293312.00
2014/12/23	8.15	8.34	8.12	8.19	14734730	121237232.00
2014/12/24	8.26	8.32	8.16	8.29	10303556	84915560.00
2014/12/25	8.32	8.33	8.20	8.31	10280197	84884752.00
2014/12/26	8.31	8.32	8.19	8.27	14758118	121819488.00
2014/12/29	8.27	8.30	8.02	8.07	18219321	148128720.00
2014/12/30	8.07	8.09	7.77	7.80	15677710	123665528.00
2014/12/31	7.80	7.98	7.78	7.97	9044152	71317624.00
2015/01/05	7.98	8.33	7.97	8.19	16462239	135102352.00
2015/01/06	8.10	8.25	7.95	8.20	11767756	95917344.00
2015/01/07	8.20	8.34	8.14	8.26	11891055	98003296.00
2015/01/08	8.60	9.09	8.59	9.09	80045452	720241088.00
2015/01/09	8.80	8.96	8.57	8.58	48680008	426897088.00
2015/01/12	8.53	8.53	8.24	8.30	19028879	158942576.00
2015/01/13	8.34	8.47	8.31	8.39	10482069	87829160.00
2015/01/14	8.39	8.40	8.12	8.15	13627301	112321776.00
2015/01/15	8.18	8.54	8.17	8.50	20120473	168541744.00
2015/01/16	8.73	9.25	8.73	9.11	53812856	485184192.00
2015/01/19	8.95	9.35	8.85	9.04	47369884	433269440.00
2015/01/20	9.20	9.94	9.20	9.64	48026469	465188064.00
2015/01/21	9.53	9.88	9.50	9.73	31729910	308179968.00
2015/01/22	9.78	9.92	9.67	9.85	28461164	278716480.00
2015/01/23	9.79	10.84	9.79	10.73	77619496	819064320.00
2015/01/26	10.61	11.80	10.52	11.80	69583953	782644608.00
2015/01/27	12.18	12.24	11.12	11.60	67723871	781690304.00
2015/01/28	11.69	12.25	11.40	11.90	53412873	634301824.00
2015/01/29	11.70	12.54	11.64	11.88	48963879	593590592.00
2015/01/30	11.82	12.12	11.52	11.95	38232413	453255712.00
2015/02/02	11.86	13.15	11.66	13.03	76940850	984926976.00
2015/02/03	13.00	13.18	12.60	12.99	44859321	579662656.00
2015/02/04	12.90	13.07	12.63	12.69	29735093	379763264.00
2015/02/05	12.86	13.16	12.16	13.08	49453608	625808256.00
2015/02/06	12.85	12.90	12.16	12.21	34194650	428852096.00
2015/02/09	12.19	12.40	11.14	11.26	35746037	414268256.00
2015/02/10	11.36	11.57	11.26	11.55	15709093	179447872.00
2015/02/11	11.66	11.82	11.50	11.76	16245898	189741008.00
2015/02/12	11.78	12.16	11.65	11.73	17871924	213461600.00
2015/02/13	11.73	12.15	11.73	11.84	16636167	198356384.00
2015/02/16	12.12	12.76	11.99	12.70	27319287	339514496.00
2015/02/17	12.67	13.95	12.50	13.50	35930265	477377600.00
2015/02/25	13.35	14.20	13.21	14.08	30011212	413455168.00
2015/02/26	13.90	14.05	13.70	13.90	18003756	250019056.00
2015/02/27	13.90	14.65	13.86	14.29	26881560	387549632.00
2015/03/02	14.21	14.44	13.89	14.18	26612570	375862016.00
2015/03/03	14.09	14.15	13.60	13.64	26127818	362144416.00
2015/03/04	13.85	14.19	13.72	14.15	22033577	308799008.00
2015/03/05	14.16	14.69	14.10	14.29	24452499	351117344.00
2015/03/06	14.38	14.59	14.10	14.23	20128885	288194048.00
2015/03/09	14.30	14.53	14.09	14.17	20387919	290661632.00
2015/03/10	14.17	14.50	14.05	14.43	18021475	257015040.00
2015/03/11	14.43	14.65	14.20	14.28	15320644	220585008.00
2015/03/12	14.46	15.71	14.46	15.34	32041529	489674336.00
2015/03/13	15.36	16.06	15.00	15.99	27485399	432287968.00
2015/03/16	15.98	16.55	15.85	16.18	26594744	430921312.00
2015/03/17	16.18	16.31	15.85	16.01	20072620	322606240.00
2015/03/18	16.00	16.19	15.88	16.09	15075681	241488528.00
2015/03/19	16.09	17.35	15.93	17.18	26351414	437671584.00
2015/03/20	17.10	17.78	16.93	17.27	20668817	357797568.00
2015/03/23	17.50	17.55	17.00	17.24	18867368	322938208.00
2015/03/24	17.18	17.58	16.28	17.08	27119533	460496448.00
2015/03/25	17.10	17.11	16.13	16.45	30804718	511444800.00
2015/03/26	16.40	17.50	16.26	17.20	33196460	563442688.00
2015/03/27	17.20	17.67	17.06	17.44	20985990	365464288.00
2015/03/30	17.45	17.58	17.05	17.31	15806995	273431072.00
2015/03/31	17.33	17.33	16.70	16.85	21509221	363586336.00
2015/04/01	16.81	17.14	16.70	16.89	15166307	256257392.00
2015/04/02	16.88	17.38	16.88	17.19	17753186	304369696.00
2015/04/03	17.04	18.36	16.93	18.21	31730801	564141120.00
2015/04/07	18.16	18.42	17.80	18.02	20255828	364461824.00
2015/04/08	17.95	18.02	17.20	17.59	25686760	451843168.00
2015/04/09	17.56	18.66	17.11	18.29	32870827	581892160.00
2015/04/10	18.15	18.67	17.60	18.29	20369415	372591040.00
2015/04/13	19.50	20.12	19.03	20.12	38818099	769221696.00
2015/04/14	20.12	21.95	19.90	21.56	36002943	760100480.00
2015/04/15	21.41	21.41	20.07	20.17	26382050	545494656.00
2015/04/16	20.06	21.24	19.10	21.21	23487627	482035136.00
2015/04/17	21.40	21.98	20.44	20.90	34841130	741865664.00
2015/04/20	20.68	20.68	19.42	19.53	39918351	799558464.00
2015/04/21	19.59	20.12	19.51	19.86	21844745	432144640.00
2015/04/22	19.94	20.38	19.74	20.12	20081621	404436096.00
2015/04/23	20.12	20.96	19.73	20.71	27359956	555728832.00
2015/04/24	20.33	20.58	19.88	20.15	19588393	395002016.00
2015/04/27	20.30	21.94	20.30	20.83	30543789	646064640.00
2015/04/28	20.83	22.87	20.39	22.71	32225154	683801280.00
2015/04/29	22.20	24.98	21.81	24.24	38264359	902621824.00
2015/04/30	24.25	24.79	23.70	23.92	21831684	528180576.00
2015/05/05	21.53	21.53	21.53	21.53	0	0.00
数据来源:通达信
