601908 京运通 日线 前复权
      日期	    开盘	    最高	    最低	    收盘	    成交量	    成交额
2011/10/10	15.56	15.70	15.40	15.48	2152999	67688808.00
2011/10/11	15.96	16.35	15.50	15.68	4805321	155486928.00
2011/10/12	15.54	16.55	14.83	16.53	6657629	216880736.00
2011/10/13	16.30	16.78	16.21	16.59	5185829	173581072.00
2011/10/14	16.47	16.88	16.35	16.67	3887938	131353432.00
2011/10/17	16.60	16.99	16.53	16.97	4329376	146705920.00
2011/10/18	16.70	16.94	16.13	16.15	4553533	152246480.00
2011/10/19	16.14	16.39	15.88	15.95	2286107	74570448.00
2011/10/20	15.78	15.80	14.86	14.87	3491346	107595104.00
2011/10/21	14.97	15.08	14.31	14.33	3475994	103337608.00
2011/10/24	14.39	14.43	13.63	14.34	3972003	112865624.00
2011/10/25	14.19	14.99	14.10	14.78	3736156	110447048.00
2011/10/26	14.60	14.91	14.50	14.78	3847642	114858344.00
2011/10/27	14.81	15.15	14.66	14.76	3258836	98139976.00
2011/10/28	15.04	15.15	14.78	15.12	4147075	126231040.00
2011/10/31	15.12	15.51	15.03	15.24	3490931	107791024.00
2011/11/01	15.00	15.26	14.81	15.14	2955043	90128392.00
2011/11/02	14.75	15.65	14.63	15.65	4190113	128232480.00
2011/11/03	15.71	15.92	15.52	15.56	4659334	148353200.00
2011/11/04	15.60	16.26	15.53	15.95	5928234	191573536.00
2011/11/08	15.73	15.73	15.23	15.27	3862421	120875528.00
2011/11/09	15.17	15.45	14.99	15.33	2242019	69113784.00
2011/11/10	15.10	15.18	14.70	14.71	4163572	126030920.00
2011/11/11	14.76	14.85	14.55	14.65	1659280	49444412.00
2011/11/14	14.80	15.43	14.80	15.40	3441065	105800256.00
2011/11/15	15.30	15.48	15.30	15.44	2449374	76334496.00
2011/11/16	15.71	16.74	15.70	15.84	8930249	291542624.00
2011/11/17	15.94	16.68	15.73	16.60	8162317	270798016.00
2011/11/18	16.34	16.65	16.06	16.39	4948899	163527744.00
2011/11/21	16.36	16.54	15.50	15.84	3797289	122019952.00
2011/11/22	15.60	15.72	15.25	15.56	2468610	77558344.00
2011/11/23	15.58	15.89	15.55	15.62	2863156	91318048.00
2011/11/24	15.34	15.39	14.84	15.15	3478666	106494096.00
2011/11/25	15.01	15.23	14.80	14.87	2302146	69750720.00
2011/11/28	14.83	15.01	14.42	14.46	2422103	71821016.00
2011/11/29	14.65	14.84	14.55	14.76	2180105	65007532.00
2011/11/30	14.73	14.73	13.64	13.80	3417756	97500584.00
2011/12/01	14.35	14.40	13.99	14.03	2785789	80253088.00
2011/12/02	14.03	14.03	13.64	13.74	1423713	39725744.00
2011/12/05	13.44	13.50	12.81	12.82	2617931	69701552.00
2011/12/06	12.80	14.12	12.71	13.56	1520238	40356752.00
2011/12/07	13.43	13.52	13.16	13.40	1774210	48143020.00
2011/12/08	13.25	13.25	12.30	12.85	7968915	204836896.00
2011/12/09	12.50	12.74	12.45	12.59	2557866	65334512.00
2011/12/12	12.66	12.69	12.36	12.45	2338129	59259136.00
2011/12/13	12.33	12.33	11.66	11.67	3321228	80499120.00
2011/12/14	11.61	11.78	11.45	11.54	1704605	40238260.00
2011/12/15	11.33	11.74	11.30	11.47	2334703	54701776.00
2011/12/16	11.51	12.05	11.51	11.98	3522975	84660736.00
2011/12/19	11.83	12.36	11.78	12.32	4982267	123697632.00
2011/12/20	12.18	12.39	11.98	12.02	2759552	68301120.00
2011/12/21	12.20	12.24	11.46	11.48	2504202	60889440.00
2011/12/22	11.31	11.46	10.80	11.34	3039238	68784904.00
2011/12/23	11.20	11.53	11.20	11.41	1959448	45416988.00
2011/12/26	11.40	11.51	11.10	11.11	1425459	32742702.00
2011/12/27	11.05	11.09	10.55	10.58	2415191	53185688.00
2011/12/28	10.39	10.50	10.16	10.44	2126200	44705464.00
2011/12/29	10.40	10.67	10.31	10.47	1773651	38092712.00
2011/12/30	10.53	10.69	10.49	10.58	1689458	36448372.00
2012/01/04	10.70	10.81	10.26	10.26	1718296	37225836.00
2012/01/05	10.10	10.14	9.35	9.41	3610269	71453712.00
2012/01/06	9.40	9.59	9.26	9.55	1920497	36853176.00
2012/01/09	9.55	10.13	9.35	10.07	2762801	55352988.00
2012/01/10	10.06	10.75	9.96	10.64	3872241	82131312.00
2012/01/11	10.58	10.71	10.41	10.54	2708280	58130772.00
2012/01/12	10.56	11.07	10.54	10.81	5255259	116439152.00
2012/01/13	10.71	10.94	10.22	10.75	4967806	107221504.00
2012/01/16	10.63	10.65	10.17	10.18	1587190	33697584.00
2012/01/17	10.08	10.85	9.91	10.80	3295121	70313312.00
2012/01/18	10.73	10.90	10.33	10.37	2978950	64910484.00
2012/01/19	10.37	10.80	10.32	10.74	2112391	45809312.00
2012/01/20	10.78	10.88	10.58	10.80	2472676	54171148.00
2012/01/30	10.80	10.93	10.66	10.70	1923770	42337156.00
2012/01/31	10.57	10.68	10.05	10.23	2927513	61440060.00
2012/02/01	10.20	10.35	10.02	10.03	1524007	31586008.00
2012/02/02	10.05	10.26	9.92	10.25	1889140	38925324.00
2012/02/03	10.18	10.55	10.12	10.53	2927207	61639872.00
2012/02/06	10.58	11.08	10.46	10.98	5836043	129125608.00
2012/02/07	10.83	10.94	10.68	10.76	3098055	68137408.00
2012/02/08	10.75	11.23	10.75	11.17	4461479	100553008.00
2012/02/09	11.20	11.44	11.07	11.12	4013189	91734928.00
2012/02/10	11.15	11.42	11.10	11.27	3875906	88807728.00
2012/02/13	11.20	11.40	11.05	11.24	3612039	82587096.00
2012/02/14	11.25	11.25	11.00	11.09	3366901	75975016.00
2012/02/15	11.09	11.37	11.04	11.36	3941864	90415600.00
2012/02/16	11.31	11.80	11.29	11.65	5926411	140151968.00
2012/02/17	11.70	12.10	11.69	11.78	5282050	127625096.00
2012/02/20	11.94	12.03	11.62	11.62	3155319	75581632.00
2012/02/21	11.63	11.74	11.36	11.71	3135238	73858128.00
2012/02/22	11.73	12.21	11.73	12.20	4740912	116111472.00
2012/02/23	12.25	12.45	11.97	12.18	4683106	116147520.00
2012/02/24	12.19	12.35	12.04	12.29	3874983	96099464.00
2012/02/27	12.42	12.54	12.23	12.24	4642238	116570832.00
2012/02/28	12.15	12.15	11.80	11.99	4700144	114318880.00
2012/02/29	11.91	11.98	11.73	11.74	2827237	68072344.00
2012/03/01	11.70	11.95	11.68	11.87	2417193	58210464.00
2012/03/02	11.89	12.45	11.85	12.43	5319197	131850256.00
2012/03/05	12.47	12.53	12.24	12.26	4132298	103792200.00
2012/03/06	12.24	12.24	11.88	12.05	2937366	71829592.00
2012/03/07	11.88	12.14	11.88	11.96	2242059	54746540.00
2012/03/08	11.99	12.28	11.99	12.15	2527914	62416220.00
2012/03/09	12.20	12.38	12.10	12.30	3212242	80042672.00
2012/03/12	12.39	12.40	12.14	12.26	2771077	69009320.00
2012/03/13	12.26	13.51	12.26	13.51	9845782	261566880.00
2012/03/14	13.90	13.98	12.76	13.03	10910139	297560736.00
2012/03/15	12.99	13.14	12.30	12.68	5588310	144521488.00
2012/03/16	12.85	13.59	12.85	13.20	7644153	204802016.00
2012/03/19	13.05	13.21	12.85	13.19	3901299	103208792.00
2012/03/20	13.15	14.00	12.95	13.49	7738540	213075952.00
2012/03/21	13.49	13.74	13.06	13.30	5325063	144530400.00
2012/03/22	13.27	13.70	13.12	13.13	3259104	88549464.00
2012/03/23	13.00	13.00	12.43	12.49	3743992	96264248.00
2012/03/26	12.33	12.55	11.89	12.05	2930429	72609008.00
2012/03/27	12.15	12.23	11.91	12.15	2605764	64000284.00
2012/03/28	12.33	13.27	12.23	12.42	6827113	174989760.00
2012/03/29	12.29	12.29	11.45	11.47	3382317	80752480.00
2012/03/30	11.34	11.63	11.26	11.42	1987871	46210480.00
2012/04/05	11.45	11.88	11.33	11.80	2543739	60662772.00
2012/04/06	11.81	11.89	11.63	11.79	1926392	46134360.00
2012/04/09	11.75	11.87	11.54	11.56	1517839	36218168.00
2012/04/10	11.49	11.49	10.71	11.03	3915436	87883512.00
2012/04/11	10.84	11.08	10.80	10.95	2092594	46560736.00
2012/04/12	11.04	11.29	10.95	11.25	2189141	49542044.00
2012/04/13	11.35	11.40	11.23	11.31	2005990	46237384.00
2012/04/16	11.20	11.20	11.00	11.15	1936261	43736220.00
2012/04/17	11.14	11.22	10.93	10.94	1816480	40960156.00
2012/04/18	10.98	11.41	10.98	11.38	2361996	54008252.00
2012/04/19	11.31	11.41	11.23	11.32	1873711	43131100.00
2012/04/20	11.34	11.66	11.32	11.58	2850827	66965600.00
2012/04/23	11.57	11.66	11.04	11.06	3192297	73454576.00
2012/04/24	10.98	11.19	10.40	10.75	2561703	56489836.00
2012/04/25	10.87	11.02	10.80	10.94	1540960	34266856.00
2012/04/27	10.39	10.39	9.82	9.82	6919473	139457664.00
2012/05/02	9.83	9.89	9.26	9.64	4818039	93845216.00
2012/05/03	9.52	9.78	9.46	9.78	2487494	48809440.00
2012/05/04	9.79	9.97	9.68	9.92	2677009	53598048.00
2012/05/07	9.83	10.03	9.73	10.01	2441431	49348292.00
2012/05/08	10.06	10.41	10.06	10.23	3531608	74021664.00
2012/05/09	10.20	10.20	10.05	10.08	1876900	38713432.00
2012/05/10	10.10	10.39	10.10	10.19	2010391	42028572.00
2012/05/11	10.16	10.28	10.06	10.15	1350166	28014902.00
2012/05/14	10.22	10.30	10.08	10.09	1352273	28001128.00
2012/05/15	10.06	10.37	10.01	10.27	2224380	46396704.00
2012/05/16	10.25	10.25	9.88	9.89	1556047	31950880.00
2012/05/17	9.91	10.08	9.91	10.03	1078622	21996780.00
2012/05/18	9.94	9.96	9.64	9.66	2032941	40418964.00
2012/05/21	9.64	9.77	9.45	9.56	1079682	21062272.00
2012/05/22	9.56	9.73	9.56	9.70	1062662	20922222.00
2012/05/23	9.67	9.75	9.56	9.68	1099139	21598592.00
2012/05/24	9.66	10.00	9.66	9.81	2096041	42264432.00
2012/05/25	9.83	9.88	9.51	9.60	1175420	23196176.00
2012/05/28	9.53	9.61	9.27	9.60	1507442	28953800.00
2012/05/29	9.56	9.87	9.51	9.84	1618822	32053930.00
2012/05/30	9.78	9.93	9.75	9.87	1451496	29191392.00
2012/05/31	9.85	9.95	9.71	9.90	1263569	25369214.00
2012/06/01	9.94	9.97	9.83	9.90	972164	19601284.00
2012/06/04	9.75	9.75	9.40	9.44	1461680	28631288.00
2012/06/05	9.55	9.59	9.43	9.55	1343319	26092556.00
2012/06/06	9.60	9.78	9.56	9.64	1069254	21107698.00
2012/06/07	9.74	9.78	9.54	9.54	914442	17971844.00
2012/06/08	9.74	9.74	9.28	9.30	1855003	35626844.00
2012/06/11	9.01	9.33	9.01	9.21	869686	8047516.00
2012/06/12	9.13	9.13	8.45	8.55	5799404	50834656.00
2012/06/13	8.50	8.61	8.20	8.54	6333001	53526116.00
2012/06/14	8.44	8.54	8.38	8.40	3314353	28246560.00
2012/06/15	8.42	8.51	8.29	8.47	2759730	23377250.00
2012/06/18	8.50	8.52	8.38	8.45	2875899	24474506.00
2012/06/19	8.45	8.52	8.40	8.49	2475407	21056190.00
2012/06/20	8.50	8.53	8.40	8.47	2837563	24120578.00
2012/06/21	8.46	8.47	8.20	8.23	2808763	23387036.00
2012/06/25	8.21	8.25	7.88	7.90	2674964	21616240.00
2012/06/26	7.85	8.00	7.74	7.96	2638155	20922296.00
2012/06/27	7.93	7.96	7.80	7.82	2146429	16999200.00
2012/06/28	7.85	7.90	7.53	7.54	2888239	22371204.00
2012/06/29	7.44	7.86	7.35	7.78	3757774	28943912.00
2012/07/02	7.85	7.86	7.72	7.75	1896866	14870381.00
2012/07/03	7.75	7.79	7.60	7.64	2579278	19948836.00
2012/07/04	7.68	7.81	7.55	7.78	2817123	21910008.00
2012/07/05	7.75	7.75	7.38	7.40	2591790	19625260.00
2012/07/06	7.47	7.54	7.25	7.47	2443067	18161622.00
2012/07/09	7.34	7.43	7.13	7.17	2032228	14932786.00
2012/07/10	7.17	7.46	7.13	7.28	2543703	18695494.00
2012/07/11	7.25	7.40	7.24	7.32	1359463	10022220.00
2012/07/12	7.32	7.43	7.23	7.38	2405376	17777156.00
2012/07/13	7.38	7.49	7.25	7.26	2207679	16384657.00
2012/07/16	7.23	7.23	6.64	6.65	3730769	25699936.00
2012/07/17	6.62	6.93	6.54	6.82	2821238	19204104.00
2012/07/18	6.76	7.01	6.67	6.95	2641829	18317000.00
2012/07/19	6.94	7.22	6.87	7.02	3499580	24816364.00
2012/07/20	6.98	7.08	6.85	6.95	2029687	14225776.00
2012/07/23	6.89	6.92	6.80	6.85	1297584	8959704.00
2012/07/24	6.83	6.98	6.80	6.90	1190490	8296259.00
2012/07/25	6.93	6.97	6.82	6.82	936018	6488733.00
2012/07/26	6.80	6.93	6.80	6.82	1162995	8043566.00
2012/07/27	7.51	7.51	7.51	7.51	3184265	24073044.00
2012/07/30	8.25	8.26	7.55	7.64	16122297	128687032.00
2012/07/31	7.40	7.40	6.87	6.88	8780815	62070132.00
2012/08/01	6.74	6.99	6.66	6.91	4668962	32182168.00
2012/08/02	6.91	6.94	6.72	6.78	3721008	25523860.00
2012/08/03	6.77	6.91	6.70	6.91	3336275	22854012.00
2012/08/06	6.80	7.15	6.75	7.13	5691948	39881120.00
2012/08/07	7.16	7.81	7.07	7.80	11784241	89455024.00
2012/08/08	7.64	7.75	7.53	7.63	6433270	49506964.00
2012/08/09	7.63	7.69	7.43	7.67	5265134	40118356.00
2012/08/10	7.65	7.77	7.53	7.61	4211696	32453192.00
2012/08/13	7.60	7.60	7.31	7.33	3275310	24536168.00
2012/08/14	7.28	7.44	7.20	7.41	2760954	20373974.00
2012/08/15	7.43	7.47	7.27	7.28	1934565	14321480.00
2012/08/16	7.25	7.35	7.18	7.18	1687861	12325491.00
2012/08/17	7.13	7.40	7.05	7.30	2257368	16455881.00
2012/08/20	7.17	7.30	7.07	7.18	2259769	16255261.00
2012/08/21	7.19	7.40	7.12	7.29	2512538	18394784.00
2012/08/22	7.28	7.32	7.07	7.10	2376458	17193440.00
2012/08/23	7.11	7.23	7.10	7.15	2403434	17339672.00
2012/08/24	7.13	7.20	6.86	6.88	2259088	15990343.00
2012/08/27	6.82	6.84	6.61	6.62	2289073	15490054.00
2012/08/28	6.57	6.72	6.49	6.67	1794220	12038395.00
2012/08/29	6.71	6.85	6.60	6.67	1976356	13442792.00
2012/08/30	6.68	6.80	6.49	6.60	2223205	14893687.00
2012/08/31	6.63	6.80	6.59	6.62	1588518	10673828.00
2012/09/03	6.62	6.78	6.55	6.76	1620895	10933196.00
2012/09/04	6.78	6.78	6.53	6.58	1952607	13066743.00
2012/09/05	6.55	6.55	6.32	6.44	3250572	21046988.00
2012/09/06	6.32	6.48	6.32	6.48	2356282	15238578.00
2012/09/07	6.48	6.81	6.42	6.72	6654135	44541072.00
2012/09/10	6.73	6.91	6.70	6.87	5028156	34595256.00
2012/09/11	6.79	6.87	6.70	6.85	4860241	33032872.00
2012/09/12	6.88	7.00	6.84	6.94	4917684	34236968.00
2012/09/13	6.94	7.64	6.90	7.37	19153258	143684304.00
2012/09/14	7.34	7.39	7.12	7.23	11713924	85362448.00
2012/09/17	7.17	7.25	6.85	6.86	5648755	39797064.00
2012/09/18	6.83	6.90	6.74	6.77	3008596	20641476.00
2012/09/19	6.81	6.86	6.73	6.75	2486850	17020076.00
2012/09/20	6.75	6.77	6.42	6.49	3368152	22404032.00
2012/09/21	6.55	6.57	6.41	6.42	1872921	12237147.00
2012/09/24	6.40	6.57	6.30	6.50	2381949	15456998.00
2012/09/25	6.47	6.53	6.41	6.49	1243931	8127059.00
2012/09/26	6.51	6.53	6.25	6.26	1658105	10620499.00
2012/09/27	6.20	6.45	6.18	6.38	2417997	15411894.00
2012/09/28	6.33	6.49	6.31	6.49	2158130	13982668.00
2012/10/08	6.49	6.55	6.41	6.46	1905946	12383272.00
2012/10/09	6.47	6.67	6.47	6.63	2967675	19697036.00
2012/10/10	6.63	6.73	6.59	6.65	4201939	28187556.00
2012/10/11	6.60	6.76	6.55	6.55	4454860	29843876.00
2012/10/12	6.55	6.65	6.37	6.42	3223447	21051744.00
2012/10/15	6.42	6.45	6.18	6.24	2753729	17352100.00
2012/10/16	6.30	6.49	6.28	6.33	3774554	24321094.00
2012/10/17	6.33	6.42	6.26	6.37	1898145	12131629.00
2012/10/18	6.42	6.53	6.37	6.52	2987706	19477916.00
2012/10/19	6.53	6.61	6.44	6.49	2215777	14527482.00
2012/10/22	6.49	6.53	6.44	6.53	2167127	14167363.00
2012/10/23	6.54	6.55	6.42	6.43	2111397	13819163.00
2012/10/24	6.40	6.50	6.37	6.47	1904137	12368166.00
2012/10/25	6.50	6.69	6.45	6.52	4593628	30431488.00
2012/10/26	6.52	6.52	6.20	6.24	3052961	19508496.00
2012/10/29	6.31	6.50	6.26	6.35	2364921	15173003.00
2012/10/30	6.32	6.40	6.28	6.32	1454445	9284383.00
2012/10/31	6.35	6.36	6.26	6.30	1528052	9709705.00
2012/11/01	6.31	6.44	6.29	6.40	2036415	13111704.00
2012/11/02	6.40	6.61	6.37	6.55	2938040	19159556.00
2012/11/05	6.59	6.60	6.44	6.47	2211218	14449328.00
2012/11/06	6.65	6.95	6.53	6.60	6724492	45141416.00
2012/11/07	6.52	6.57	6.45	6.55	2642632	17331484.00
2012/11/08	6.47	6.47	6.26	6.28	2839331	18205976.00
2012/11/09	6.25	6.30	6.11	6.14	2580892	16131349.00
2012/11/12	6.17	6.21	6.12	6.20	1171348	7278559.00
2012/11/13	6.21	6.21	6.04	6.05	1425703	8785444.00
2012/11/14	6.12	6.12	5.93	6.04	1407228	8517617.00
2012/11/15	5.98	6.04	5.89	5.91	1072616	6449600.00
2012/11/16	5.82	5.94	5.76	5.83	1169180	6856332.00
2012/11/19	5.83	5.91	5.77	5.87	920758	5417084.00
2012/11/20	5.90	5.94	5.86	5.87	971879	5779910.00
2012/11/21	5.84	5.98	5.79	5.96	1322248	7863284.00
2012/11/22	5.90	5.95	5.87	5.90	638608	3800583.00
2012/11/23	5.91	5.94	5.88	5.88	940766	5598447.00
2012/11/26	5.88	5.88	5.77	5.79	933661	5482960.00
2012/11/27	5.79	5.79	5.50	5.51	1466301	8304788.00
2012/11/28	5.46	5.48	5.36	5.42	1278649	6996082.00
2012/11/29	5.45	5.52	5.33	5.33	1137852	6247158.00
2012/11/30	5.35	5.40	5.32	5.38	1077110	5836828.00
2012/12/03	5.36	5.43	5.10	5.10	1125686	6028958.00
2012/12/04	5.05	5.24	5.03	5.18	1348919	6942999.00
2012/12/05	5.18	5.42	5.14	5.37	2058711	11072481.00
2012/12/06	5.38	5.41	5.33	5.38	1271320	6897116.00
2012/12/07	5.36	5.52	5.36	5.51	1898957	10480252.00
2012/12/10	5.51	5.69	5.50	5.62	2690985	15201427.00
2012/12/11	5.60	5.68	5.52	5.58	2612080	14716393.00
2012/12/12	5.59	5.61	5.46	5.52	1458281	8125073.00
2012/12/13	5.58	5.73	5.50	5.50	2676551	15130764.00
2012/12/14	5.50	5.76	5.46	5.72	4492137	25632940.00
2012/12/17	5.91	5.97	5.72	5.88	5612351	33094868.00
2012/12/18	5.85	6.15	5.75	6.11	8694494	52580032.00
2012/12/19	6.11	6.11	5.95	6.06	4599589	27967446.00
2012/12/20	6.21	6.27	5.93	6.02	6754560	41268880.00
2012/12/21	5.95	6.01	5.85	5.90	4151938	24686064.00
2012/12/24	5.90	6.07	5.85	6.02	4316548	25997320.00
2012/12/25	5.97	6.08	5.92	6.06	6693759	40668336.00
2012/12/26	6.08	6.12	6.02	6.11	4831600	29589248.00
2012/12/27	6.12	6.14	6.03	6.04	4886617	30053496.00
2012/12/28	6.02	6.05	5.90	5.98	4228927	25467348.00
2012/12/31	5.98	6.02	5.93	6.00	2789336	16806124.00
2013/01/04	6.12	6.29	6.02	6.19	9534782	59506292.00
2013/01/07	6.21	6.31	6.12	6.29	6354697	39803796.00
2013/01/08	6.29	6.35	6.17	6.31	5528458	34883684.00
2013/01/09	6.30	6.87	6.26	6.61	13068811	86731568.00
2013/01/10	6.65	7.01	6.49	6.98	14848453	101760360.00
2013/01/11	6.95	7.14	6.65	6.68	15788065	109222664.00
2013/01/14	6.63	6.83	6.49	6.80	10378985	69982736.00
2013/01/15	6.80	6.89	6.64	6.77	12398112	84221680.00
2013/01/16	6.75	6.76	6.55	6.63	7619218	51032480.00
2013/01/17	6.63	6.74	6.53	6.57	4217726	28138192.00
2013/01/18	6.56	6.69	6.50	6.62	5106578	33908432.00
2013/01/21	6.62	6.66	6.45	6.64	5019245	33309078.00
2013/01/22	6.64	6.66	6.33	6.38	6272730	40884936.00
2013/01/23	6.38	6.38	6.15	6.27	6302851	39723056.00
2013/01/24	6.27	6.33	6.05	6.11	5766136	36146188.00
2013/01/25	6.13	6.13	6.03	6.08	3339372	20447704.00
2013/01/28	6.07	6.27	6.07	6.24	3311842	20557332.00
2013/01/29	6.27	6.27	6.15	6.22	2809153	17598002.00
2013/01/30	6.22	6.28	6.17	6.25	3701153	23202828.00
2013/01/31	6.25	6.25	6.05	6.14	2721221	16844200.00
2013/02/01	6.12	6.16	6.08	6.16	2877891	17773156.00
2013/02/04	6.14	6.16	6.06	6.12	2934816	18069192.00
2013/02/05	6.08	6.26	6.06	6.25	3822852	23834120.00
2013/02/06	6.23	6.53	6.22	6.37	6665360	42944264.00
2013/02/07	6.40	6.59	6.31	6.56	5997607	39000424.00
2013/02/08	6.51	6.93	6.51	6.80	7356603	49579656.00
2013/02/18	6.86	7.10	6.69	6.81	15623152	107809024.00
2013/02/19	6.75	6.79	6.53	6.60	7665911	51308888.00
2013/02/20	6.60	6.88	6.51	6.80	11509585	78194400.00
2013/02/21	6.75	6.90	6.58	6.79	10754605	73165584.00
2013/02/22	6.73	6.80	6.61	6.62	4640823	31392436.00
2013/02/25	6.62	6.90	6.55	6.86	11900151	81224272.00
2013/02/26	6.74	6.90	6.65	6.67	6093835	41676960.00
2013/02/27	6.67	7.00	6.62	6.98	14372495	99119160.00
2013/02/28	6.97	7.68	6.92	7.36	44661082	331471232.00
2013/03/01	7.24	7.64	7.21	7.37	30204785	225096336.00
2013/03/04	7.26	7.73	6.94	7.37	22103869	160483456.00
2013/03/05	7.36	7.63	7.22	7.57	32113041	240575120.00
2013/03/06	7.55	7.61	7.37	7.46	18446419	138557872.00
2013/03/07	7.46	7.46	7.12	7.13	11604828	84767960.00
2013/03/08	7.15	7.20	7.07	7.14	6520618	46795764.00
2013/03/11	7.13	7.22	7.01	7.12	6502769	46421384.00
2013/03/12	7.09	7.24	6.72	7.20	13234907	93373728.00
2013/03/13	7.35	7.60	7.08	7.11	21346136	158376320.00
2013/03/14	6.85	7.02	6.75	6.77	10499521	72531376.00
2013/03/15	6.77	6.84	6.55	6.75	9041591	61043636.00
2013/03/18	6.71	6.81	6.54	6.58	5516292	36854260.00
2013/03/19	6.56	6.77	6.39	6.66	6747465	44949576.00
2013/03/20	6.60	7.20	6.60	6.98	10023872	69388248.00
2013/03/21	6.94	7.43	6.86	7.32	14837666	107057576.00
2013/03/22	7.21	7.60	7.12	7.37	13682459	101558760.00
2013/03/25	7.35	7.91	7.20	7.35	7887770	58404948.00
2013/03/26	7.27	7.52	7.20	7.26	19453241	143100304.00
2013/03/27	7.22	7.25	7.01	7.03	7451033	53281984.00
2013/03/28	7.04	7.04	6.68	6.69	6053901	41406796.00
2013/03/29	6.70	6.82	6.68	6.74	3776111	25707748.00
2013/04/01	6.77	7.21	6.65	7.14	9100105	63293008.00
2013/04/02	7.12	7.30	7.03	7.06	14381958	103532640.00
2013/04/03	7.02	7.22	6.80	7.07	10642939	76133424.00
2013/04/08	7.03	7.12	6.81	7.08	4530383	31716120.00
2013/04/09	7.09	7.25	7.00	7.01	8840988	63218164.00
2013/04/10	7.10	7.23	7.00	7.13	11594807	83105400.00
2013/04/11	7.07	7.17	6.85	6.89	7061332	49757976.00
2013/04/12	6.88	6.91	6.63	6.65	6497185	44177632.00
2013/04/15	6.62	6.62	6.46	6.48	4156039	27324858.00
2013/04/16	6.44	6.57	6.36	6.54	3135578	20481004.00
2013/04/17	6.52	6.60	6.43	6.53	2430551	15967005.00
2013/04/18	6.47	6.56	6.45	6.50	2425872	15923672.00
2013/04/19	6.54	6.67	6.50	6.64	3686596	24517788.00
2013/04/22	6.63	6.66	6.53	6.65	4424651	29370068.00
2013/04/23	6.62	6.66	6.29	6.52	6029197	39336240.00
2013/04/24	6.50	6.85	6.39	6.80	9486993	63652576.00
2013/04/25	6.80	6.81	6.67	6.72	4631440	31411304.00
2013/04/26	6.72	6.98	6.64	6.82	10080504	69281784.00
2013/05/02	6.79	7.08	6.69	6.90	8224693	56747496.00
2013/05/03	6.93	7.45	6.88	7.17	13657595	98289056.00
2013/05/07	7.45	7.60	7.02	7.05	29711011	217811376.00
2013/05/08	6.95	7.20	6.82	7.14	17974708	127371784.00
2013/05/09	7.06	7.07	6.90	6.95	9803224	69004864.00
2013/05/10	6.92	7.03	6.85	6.99	6175494	43174340.00
2013/05/13	6.99	7.14	6.91	7.08	9896173	70181624.00
2013/05/14	7.06	7.23	7.02	7.20	16112853	115859408.00
2013/05/15	7.17	7.19	7.05	7.15	7277109	52215564.00
2013/05/16	7.11	7.23	7.05	7.13	8774787	62986000.00
2013/05/17	7.15	7.20	7.06	7.16	8546999	61306568.00
2013/05/20	7.15	7.40	7.13	7.33	14185568	104021312.00
2013/05/21	7.45	7.60	7.36	7.48	23882873	180064928.00
2013/05/22	7.58	8.13	7.47	7.92	34082131	268798592.00
2013/05/23	7.65	8.06	7.55	7.80	26386343	207072176.00
2013/05/24	7.80	8.38	7.73	8.11	29677180	242680928.00
2013/05/27	8.15	8.59	8.11	8.45	34111256	285813152.00
2013/05/28	8.42	8.62	8.23	8.30	24809818	209112528.00
2013/05/29	8.37	8.60	8.12	8.37	20964524	175980608.00
2013/05/30	8.25	8.30	8.04	8.10	15411762	126202768.00
2013/05/31	8.14	8.25	8.02	8.10	9872979	80971792.00
2013/06/03	8.10	8.22	7.81	7.84	10366961	83687008.00
2013/06/04	7.85	8.03	7.61	7.97	14278009	112220832.00
2013/06/05	7.81	7.90	7.63	7.69	9345598	72917704.00
2013/06/06	7.65	7.68	7.37	7.41	8148790	61454548.00
2013/06/07	7.43	7.48	7.17	7.28	10719174	78551952.00
2013/06/13	7.25	7.39	7.16	7.32	11284887	83004720.00
2013/06/14	7.34	7.41	7.19	7.36	7862366	57466208.00
2013/06/17	7.46	7.66	7.45	7.51	10490532	79412488.00
2013/06/18	7.53	7.71	7.46	7.53	6442451	48864992.00
2013/06/19	7.53	7.53	7.19	7.22	7651794	55963088.00
2013/06/20	7.14	7.14	6.70	6.71	10065235	69531352.00
2013/06/21	6.60	6.73	6.40	6.67	5751455	37913384.00
2013/06/24	6.64	6.67	6.00	6.05	7505863	47073768.00
2013/06/25	5.97	6.16	5.50	6.02	10404007	61052152.00
2013/06/26	5.98	6.24	5.93	6.14	7100736	43623628.00
2013/06/27	6.19	6.22	5.92	5.94	5982006	36438240.00
2013/06/28	5.95	6.06	5.73	5.92	4775012	28234430.00
2013/07/01	5.85	6.06	5.74	6.05	5840396	34436172.00
2013/07/02	6.06	6.16	5.92	6.11	4448840	26993720.00
2013/07/03	6.06	6.40	5.91	6.30	9754347	60515340.00
2013/07/04	6.21	6.39	6.15	6.25	6076017	38372836.00
2013/07/05	6.30	6.39	6.21	6.25	5731249	36273308.00
2013/07/08	6.10	6.10	5.83	5.97	5308547	31938100.00
2013/07/09	5.96	6.28	5.96	6.23	9679742	59722332.00
2013/07/10	6.15	6.36	6.14	6.34	10733404	67290920.00
2013/07/11	6.34	6.60	6.25	6.45	9448778	60877076.00
2013/07/12	6.39	6.53	6.23	6.25	5613983	35925452.00
2013/07/15	6.19	6.44	6.19	6.34	5619770	35664160.00
2013/07/16	6.50	6.72	6.48	6.51	10348853	68365072.00
2013/07/17	6.49	6.49	6.28	6.29	7011030	44877624.00
2013/07/18	6.35	6.51	6.27	6.41	5219424	33548112.00
2013/07/19	6.38	6.97	6.36	6.77	15004962	99903808.00
2013/07/22	6.71	6.90	6.64	6.79	14699177	99754872.00
2013/07/23	6.71	6.82	6.59	6.78	10150981	68457384.00
2013/07/24	6.99	7.17	6.88	6.95	13255417	93365608.00
2013/07/25	6.83	6.94	6.63	6.72	8717390	59167464.00
2013/07/26	6.76	6.87	6.67	6.85	5732496	39026052.00
2013/07/29	6.98	7.10	6.66	6.70	9149423	63385920.00
2013/07/30	6.64	6.78	6.40	6.60	6208667	41055108.00
2013/07/31	6.65	6.70	6.48	6.52	3719473	24634332.00
2013/08/01	6.56	6.80	6.48	6.77	7117907	47892448.00
2013/08/02	6.86	7.02	6.77	6.80	6959062	48117072.00
2013/08/05	6.84	6.95	6.70	6.92	4275273	29129740.00
2013/08/06	6.86	6.93	6.78	6.88	4694834	32275890.00
2013/08/07	6.88	7.28	6.78	7.06	12071545	85380848.00
2013/08/08	6.98	7.19	6.98	7.04	7552482	53628428.00
2013/08/09	7.08	7.11	6.87	6.97	4305712	30143260.00
2013/08/12	6.96	7.10	6.95	7.08	4576118	32337758.00
2013/08/13	7.08	7.20	7.07	7.18	4721391	33859284.00
2013/08/14	7.17	7.21	7.01	7.06	4833108	34279744.00
2013/08/15	7.03	7.08	6.88	6.88	3999232	27988214.00
2013/08/16	6.88	6.97	6.61	6.62	5466817	37386700.00
2013/08/19	6.62	6.71	6.56	6.70	3537302	23535704.00
2013/08/20	6.67	6.76	6.64	6.73	2901595	19533116.00
2013/08/21	6.73	6.75	6.59	6.72	2755353	18481380.00
2013/08/22	6.63	6.77	6.62	6.65	2813579	18869044.00
2013/08/23	6.63	6.77	6.45	6.66	4306194	28491728.00
2013/08/26	6.67	6.75	6.64	6.75	3205740	21571924.00
2013/08/27	6.76	6.88	6.70	6.87	4128030	28126452.00
2013/08/28	6.85	7.01	6.76	6.91	6782634	47057744.00
2013/08/29	6.89	6.93	6.75	6.75	3497383	23883526.00
2013/08/30	6.74	6.79	6.52	6.60	4894344	32674804.00
2013/09/02	6.66	6.72	6.58	6.69	2530108	16934096.00
2013/09/03	6.66	6.76	6.63	6.76	2735508	18408440.00
2013/09/04	6.78	6.81	6.69	6.78	2643304	17904280.00
2013/09/05	6.76	7.31	6.72	7.16	19631216	140234272.00
2013/09/06	7.01	7.16	6.99	7.07	6913159	49125192.00
2013/09/09	7.10	7.22	7.07	7.14	6955615	49741992.00
2013/09/10	7.14	7.23	7.09	7.22	7273802	52216888.00
2013/09/11	7.23	7.24	7.02	7.07	7913562	56199412.00
2013/09/12	7.01	7.24	6.99	7.11	9243183	66114828.00
2013/09/13	7.18	7.31	7.11	7.17	7556937	54576432.00
2013/09/16	7.24	7.30	7.09	7.11	4431219	31874128.00
2013/09/17	7.09	7.09	6.84	6.86	5025287	35152400.00
2013/09/18	6.88	6.98	6.79	6.93	4823006	33214996.00
2013/09/23	6.91	7.18	6.90	7.14	5687888	40259196.00
2013/09/24	7.15	7.16	6.98	7.09	5184278	36801232.00
2013/09/25	7.08	7.23	7.05	7.23	7295567	52405236.00
2013/09/26	7.19	7.45	7.11	7.12	10014530	73277144.00
2013/09/27	7.11	7.27	7.11	7.21	4748352	34312248.00
2013/09/30	7.28	7.40	7.22	7.33	6412152	46982416.00
2013/10/08	7.26	7.52	7.26	7.45	11494537	85212136.00
2013/10/09	7.41	7.47	7.33	7.39	7457011	55234148.00
2013/10/10	7.41	7.55	7.37	7.45	8276692	61887228.00
2013/10/11	7.48	7.51	7.33	7.39	8732536	64833688.00
2013/10/14	7.38	7.41	7.25	7.40	7571907	55625904.00
2013/10/15	7.38	7.43	7.18	7.23	6120602	44615932.00
2013/10/16	7.25	7.29	7.05	7.08	6231054	44607536.00
2013/10/17	7.11	7.29	7.09	7.12	5397917	38877272.00
2013/10/18	7.20	7.28	7.15	7.20	5219108	37753564.00
2013/10/21	7.27	7.76	7.22	7.58	19637326	149032560.00
2013/10/22	7.70	8.34	7.57	8.34	31518226	259153712.00
2013/10/23	8.48	8.88	7.93	8.79	52836680	443761152.00
2013/10/24	8.49	9.08	8.39	8.54	33703905	293697248.00
2013/10/25	8.48	8.71	8.13	8.18	24338427	204514512.00
2013/10/28	8.28	8.48	8.06	8.21	16346116	135803952.00
2013/10/29	8.28	8.58	7.68	8.11	20495204	166817776.00
2013/10/30	7.99	8.18	7.84	8.08	13188319	105991752.00
2013/10/31	8.07	8.07	7.73	7.73	10140766	79787472.00
2013/11/01	7.67	7.87	7.52	7.81	7106980	54922956.00
2013/11/04	7.87	8.59	7.87	8.59	30646062	260441152.00
2013/11/05	8.59	8.86	8.39	8.80	29961661	259957680.00
2013/11/06	8.62	9.18	8.53	8.66	29653449	261338960.00
2013/11/07	8.58	8.87	8.48	8.77	19308423	167978976.00
2013/11/08	8.66	8.70	8.24	8.25	16969802	143645568.00
2013/11/11	8.29	9.08	8.11	9.08	22683506	198212224.00
2013/11/12	9.08	9.64	9.00	9.27	38730962	361973504.00
2013/11/13	9.17	9.53	8.99	9.13	23781469	219871360.00
2013/11/14	9.00	9.91	8.82	9.71	33143070	312864224.00
2013/11/15	9.68	10.07	9.50	9.92	28056625	274697792.00
2013/11/18	9.92	10.05	9.60	9.85	22956450	225705184.00
2013/11/19	9.85	10.31	9.48	9.63	29133849	290606816.00
2013/11/20	9.67	9.84	9.41	9.79	19522403	188122880.00
2013/11/21	9.64	9.68	9.44	9.50	14971792	142948240.00
2013/11/22	9.54	9.96	9.28	9.85	23235034	224425232.00
2013/11/25	9.69	9.91	9.33	9.44	16391508	158165136.00
2013/11/26	9.45	9.68	9.27	9.44	9606669	91404528.00
2013/11/27	9.43	9.77	9.37	9.58	11858310	114135440.00
2013/11/28	9.58	9.97	9.43	9.84	16470795	161886368.00
2013/11/29	9.76	9.88	9.62	9.77	13495084	131717408.00
2013/12/02	9.27	9.57	8.79	8.79	18279095	166890000.00
2013/12/03	8.76	8.90	8.40	8.83	12863514	111639952.00
2013/12/04	8.78	9.07	8.66	8.80	13202889	117694856.00
2013/12/05	8.90	9.33	8.90	9.06	12475475	114133016.00
2013/12/06	8.97	9.14	8.75	8.82	8930400	79571192.00
2013/12/09	8.93	9.04	8.81	8.94	6886782	61621256.00
2013/12/10	8.95	8.98	8.61	8.75	8971200	78563696.00
2013/12/11	8.74	8.82	8.61	8.72	5171963	45110676.00
2013/12/12	8.73	8.92	8.73	8.75	5776260	50993004.00
2013/12/13	8.72	8.72	8.50	8.59	5229657	45058332.00
2013/12/16	8.56	8.72	8.43	8.47	4927801	42091780.00
2013/12/17	8.47	8.65	8.38	8.60	5840792	49913492.00
2013/12/18	8.58	8.69	8.53	8.63	3633530	31395020.00
2013/12/19	8.71	8.72	8.47	8.48	3757380	32281988.00
2013/12/20	8.47	8.52	8.07	8.08	6806444	56312652.00
2013/12/23	8.14	8.22	7.92	8.09	3681825	29885656.00
2013/12/24	8.10	8.22	8.03	8.21	3543916	28960916.00
2013/12/25	8.21	8.24	8.11	8.20	3541994	29027828.00
2013/12/26	8.21	8.21	7.86	7.86	4932095	39606852.00
2013/12/27	7.87	8.12	7.81	8.00	5133246	41135268.00
2013/12/30	8.03	8.23	8.02	8.12	5044697	41113856.00
2013/12/31	8.16	8.20	8.03	8.18	3379236	27568542.00
2014/01/02	8.24	8.27	8.12	8.26	3915777	32210428.00
2014/01/03	8.25	8.55	8.21	8.43	8059201	68068256.00
2014/01/06	8.43	8.44	8.19	8.21	4407989	36461864.00
2014/01/07	8.18	8.34	8.13	8.25	3321489	27516566.00
2014/01/08	8.25	8.48	8.24	8.47	6373089	53715848.00
2014/01/09	8.45	8.56	8.19	8.20	5016835	42160708.00
2014/01/10	8.16	8.21	7.66	7.72	5547919	44148044.00
2014/01/13	7.68	7.74	7.38	7.46	5546201	41912860.00
2014/01/14	7.46	7.62	7.46	7.60	3058088	23182632.00
2014/01/15	7.58	7.71	7.49	7.71	4234870	32303748.00
2014/01/16	7.71	7.93	7.66	7.72	4228965	33039540.00
2014/01/17	7.71	7.71	7.61	7.64	2904329	22281216.00
2014/01/20	7.68	7.96	7.68	7.83	4624384	36372704.00
2014/01/21	7.81	7.96	7.81	7.87	4131780	32685160.00
2014/01/22	7.87	8.15	7.87	8.12	5538886	44627136.00
2014/01/23	8.18	8.48	8.09	8.39	8764221	73239776.00
2014/01/24	8.34	8.51	8.24	8.38	6466305	54448308.00
2014/01/27	8.30	8.47	8.20	8.21	5994382	50119560.00
2014/01/28	8.22	8.37	8.18	8.36	3940398	32811146.00
2014/01/29	8.37	8.43	8.30	8.36	3186368	26681748.00
2014/01/30	8.33	8.61	8.29	8.52	5461258	46371080.00
2014/02/07	8.44	8.62	8.31	8.56	4654337	39542020.00
2014/02/10	8.60	8.96	8.51	8.91	8566482	75594352.00
2014/02/11	8.91	9.03	8.69	8.85	7639962	67986624.00
2014/02/12	8.86	9.07	8.85	8.98	8044493	72304912.00
2014/02/13	9.12	9.17	8.61	8.61	9665373	86145000.00
2014/02/14	8.63	9.01	8.60	8.96	7304492	64646352.00
2014/02/17	8.89	9.25	8.89	9.20	10519879	96118112.00
2014/02/18	9.20	9.20	9.02	9.10	7292886	66427268.00
2014/02/19	9.07	9.16	8.87	9.15	8340669	75268376.00
2014/02/20	9.15	9.27	8.80	8.84	6799399	61321216.00
2014/02/21	8.81	9.03	8.60	8.68	6189752	54430708.00
2014/02/24	8.77	8.91	8.69	8.83	5321287	47000948.00
2014/02/25	8.83	9.23	8.69	8.95	15673579	142068864.00
2014/02/26	8.96	8.98	8.44	8.69	9077199	78563224.00
2014/02/27	8.74	9.07	8.59	8.70	8337771	73934184.00
2014/02/28	8.69	8.72	8.28	8.62	6974260	59617264.00
2014/03/03	8.60	9.08	8.55	9.07	9868321	87715336.00
2014/03/04	9.01	9.20	8.89	9.20	11819188	107637472.00
2014/03/05	9.20	9.28	8.98	9.05	7614779	69429480.00
2014/03/06	9.02	9.34	8.87	9.32	10230090	93705536.00
2014/03/07	9.33	9.54	9.13	9.20	12654012	118903832.00
2014/03/10	9.08	9.43	8.87	9.01	9647791	88021680.00
2014/03/11	9.02	9.34	8.59	8.82	7464531	66921840.00
2014/03/12	8.70	8.82	8.50	8.68	5739430	49725256.00
2014/03/13	8.68	8.85	8.64	8.83	4085293	35897144.00
2014/03/14	8.86	9.09	8.65	9.08	6809948	60614012.00
2014/03/17	9.08	9.18	8.89	9.14	5997657	54383996.00
2014/03/18	9.09	9.32	9.01	9.13	7732336	71046224.00
2014/03/19	9.09	9.35	9.05	9.34	10168972	94208592.00
2014/03/20	9.35	9.35	8.98	9.00	7658731	70345104.00
2014/03/21	8.88	9.18	8.71	9.14	9006760	80507144.00
2014/03/24	9.12	9.39	9.07	9.34	10270558	95411912.00
2014/03/25	9.08	9.13	8.62	8.73	17642086	156926544.00
2014/03/26	8.63	8.77	8.57	8.71	5694393	49494436.00
2014/03/27	8.68	8.70	8.16	8.18	9736154	82053176.00
2014/03/28	8.16	8.24	7.88	7.90	6549536	52646260.00
2014/03/31	7.90	8.05	7.90	7.97	3147918	25188328.00
2014/04/01	7.99	8.19	7.99	8.15	3283466	26673024.00
2014/04/02	8.20	8.20	7.98	8.00	3247516	26244184.00
2014/04/03	7.98	8.13	7.94	8.07	2634212	21288336.00
2014/04/04	8.07	8.15	8.00	8.14	2633659	21368568.00
2014/04/08	8.12	8.19	8.04	8.17	2796201	22786012.00
2014/04/09	8.21	8.25	8.10	8.19	3378559	27686292.00
2014/04/10	8.20	8.26	8.11	8.18	4202928	34468880.00
2014/04/11	8.15	8.15	7.96	7.97	4871191	39128904.00
2014/04/14	7.96	8.06	7.95	8.03	2284008	18333492.00
2014/04/15	8.04	8.09	7.96	8.02	2760884	22192278.00
2014/04/16	8.04	8.04	7.87	7.95	2950004	23478856.00
2014/04/17	7.98	8.00	7.93	7.98	1933887	15449405.00
2014/04/18	7.99	8.15	7.94	8.14	4065288	33008100.00
2014/04/21	8.14	8.15	8.04	8.12	3837977	31188956.00
2014/04/22	8.11	8.24	8.08	8.24	5085630	41638552.00
2014/04/23	8.24	8.43	8.17	8.33	5640244	46769692.00
2014/04/24	8.32	8.43	8.19	8.39	11316133	94900280.00
2014/04/25	8.38	8.53	8.31	8.39	13553379	114901472.00
2014/04/28	8.33	8.33	7.55	7.55	8178597	64128616.00
2014/04/29	7.41	7.71	7.41	7.58	5338193	40629784.00
2014/04/30	7.58	7.84	7.50	7.82	7811089	60381928.00
2014/05/05	7.70	7.86	7.64	7.81	4804895	37415720.00
2014/05/06	7.82	7.85	7.71	7.82	3499959	27380698.00
2014/05/07	7.75	7.82	7.65	7.65	3821984	29621832.00
2014/05/08	7.65	7.75	7.55	7.58	2514793	19331152.00
2014/05/09	7.58	7.65	7.45	7.50	1935231	14615814.00
2014/05/12	7.51	7.79	7.50	7.70	5163033	39666492.00
2014/05/13	7.73	7.76	7.64	7.66	1803091	13900624.00
2014/05/14	7.66	7.80	7.61	7.73	2745801	21212008.00
2014/05/15	7.68	7.97	7.68	7.84	8885511	70058824.00
2014/05/16	7.82	7.82	7.38	7.66	5726709	43605560.00
2014/05/19	7.57	7.73	7.52	7.67	4442961	34004100.00
2014/05/20	7.70	7.80	7.63	7.76	5560299	43146440.00
2014/05/21	7.78	7.92	7.60	7.65	6218472	48178808.00
2014/05/22	7.64	7.76	7.47	7.49	5184026	39477204.00
2014/05/23	7.50	7.55	7.44	7.54	2136178	16056660.00
2014/05/26	7.57	7.58	7.50	7.57	2152619	16286759.00
2014/05/27	7.55	7.72	7.54	7.62	2505267	19151978.00
2014/05/28	7.62	7.63	7.48	7.58	3231583	24450368.00
2014/05/29	7.58	7.61	7.44	7.47	2210369	16672549.00
2014/05/30	7.50	7.51	7.41	7.47	1679925	12563015.00
2014/06/03	7.46	7.51	7.44	7.44	1490805	11184340.00
2014/06/04	7.44	7.51	7.40	7.47	2291387	17138996.00
2014/06/05	7.46	7.52	7.43	7.52	1919294	14381994.00
2014/06/06	7.52	7.56	7.45	7.47	1654829	12437718.00
2014/06/09	7.43	7.48	7.38	7.42	1854469	13800469.00
2014/06/10	7.40	7.48	7.26	7.32	5781783	42365076.00
2014/06/11	7.31	7.36	7.26	7.31	3170998	23208920.00
2014/06/12	7.28	7.29	7.08	7.10	5453934	38998804.00
2014/06/13	7.10	7.20	7.09	7.17	3379694	24235340.00
2014/06/16	7.18	7.24	7.14	7.21	2661400	19196660.00
2014/06/17	7.21	7.22	7.05	7.08	3956183	28216592.00
2014/06/18	7.14	7.14	6.93	6.94	5410361	38064392.00
2014/06/19	6.94	6.98	6.66	6.68	4589362	31395096.00
2014/06/20	6.68	6.77	6.66	6.75	2495677	16805028.00
2014/06/23	6.76	6.92	6.71	6.86	3561204	24486912.00
2014/06/24	6.89	6.91	6.83	6.90	1630126	11240567.00
2014/06/25	6.92	6.92	6.80	6.81	1555590	10691719.00
2014/06/26	6.88	6.92	6.81	6.91	2432915	16757736.00
2014/06/27	6.91	7.04	6.87	6.98	2714289	18872830.00
2014/06/30	7.00	7.19	7.00	7.13	4784243	34032608.00
2014/07/01	7.16	7.26	7.10	7.24	5608146	40378308.00
2014/07/02	7.23	7.23	7.07	7.17	4157902	29700462.00
2014/07/03	7.16	7.38	7.11	7.21	3686591	26596776.00
2014/07/04	7.21	7.25	7.15	7.18	1748296	12567006.00
2014/07/07	7.16	7.23	7.12	7.19	1687970	12104734.00
2014/07/08	7.17	7.21	7.12	7.20	1800189	12924222.00
2014/07/09	7.21	7.26	7.10	7.23	4384938	31555178.00
2014/07/10	7.26	7.36	7.15	7.32	6163162	44851336.00
2014/07/11	7.28	7.44	7.24	7.36	3684834	27122070.00
2014/07/14	7.35	7.47	7.33	7.42	3918431	29020184.00
2014/07/15	7.40	7.43	7.29	7.36	2628371	19337784.00
2014/07/16	7.36	7.41	7.32	7.34	2557129	18820012.00
2014/07/17	7.39	7.40	7.19	7.27	2465550	18049096.00
2014/07/18	7.23	7.33	7.20	7.28	2014810	14668040.00
2014/07/21	7.28	7.32	7.17	7.19	1722254	12435283.00
2014/07/22	7.22	7.29	7.18	7.27	2627302	19064434.00
2014/07/23	7.34	7.34	7.21	7.23	2139382	15512478.00
2014/07/24	7.21	7.26	7.15	7.22	2654704	19118756.00
2014/07/25	7.22	7.32	7.18	7.31	3114773	22619232.00
2014/07/28	7.35	7.48	7.32	7.47	6873723	50995536.00
2014/07/29	7.48	7.63	7.47	7.49	6237223	47006620.00
2014/07/30	7.49	7.58	7.45	7.57	4032790	30347640.00
2014/07/31	7.61	7.72	7.58	7.60	4404464	33608104.00
2014/08/01	7.60	7.66	7.50	7.54	5933527	45075080.00
2014/08/04	7.55	7.65	7.49	7.62	5270306	39955020.00
2014/08/05	7.64	7.69	7.58	7.69	4163558	31756744.00
2014/08/06	7.69	7.69	7.58	7.65	4012029	30611030.00
2014/08/07	7.65	7.67	7.51	7.54	4201592	31932408.00
2014/08/08	7.57	7.64	7.52	7.59	2871692	21778236.00
2014/08/11	7.59	7.78	7.56	7.77	5860497	45111704.00
2014/08/12	7.81	8.09	7.80	7.89	10752327	85623408.00
2014/08/13	7.84	8.02	7.81	8.00	7884944	62479200.00
2014/08/14	8.00	8.27	7.96	8.05	9203422	75015544.00
2014/08/15	8.06	8.26	8.04	8.16	7041241	57612940.00
2014/08/18	8.16	8.23	8.06	8.18	6395027	51961432.00
2014/08/19	8.17	8.17	8.00	8.09	6347396	51249004.00
2014/08/20	8.09	8.16	8.02	8.07	4538337	36750984.00
2014/08/21	8.07	8.26	8.04	8.23	6867054	56161164.00
2014/08/22	8.22	8.40	8.15	8.32	7428565	61549768.00
2014/08/25	8.32	8.36	8.12	8.14	4586630	37626952.00
2014/08/26	8.14	8.29	7.96	8.01	5791290	46943264.00
2014/08/27	8.00	8.06	7.90	7.96	4488251	35723012.00
2014/08/28	7.94	8.05	7.91	8.00	3081415	24637260.00
2014/08/29	8.08	8.40	8.08	8.26	8373411	69250024.00
2014/09/01	8.26	8.47	8.21	8.47	7703332	64713532.00
2014/09/02	8.50	8.56	8.40	8.51	9018255	76469048.00
2014/09/03	8.53	9.30	8.49	9.07	22477078	201776016.00
2014/09/04	9.10	9.16	8.88	9.11	9552216	86368352.00
2014/09/05	9.30	10.02	9.30	10.01	36994786	366983296.00
2014/09/09	9.75	9.96	9.70	9.87	17931951	176056800.00
2014/09/10	9.80	9.80	9.51	9.77	11691234	112883304.00
2014/09/11	9.70	9.84	9.41	9.65	19480323	187263104.00
2014/09/12	9.65	9.77	9.53	9.74	10548378	102030872.00
2014/09/15	9.72	9.93	9.53	9.82	13715581	134076024.00
2014/09/16	9.79	10.28	9.53	9.61	17445030	174616480.00
2014/09/17	9.60	9.78	9.26	9.48	11010881	104379296.00
2014/09/18	9.41	9.62	9.33	9.54	6360771	60219880.00
2014/09/19	9.52	9.86	9.46	9.77	6914494	67056812.00
2014/09/22	9.87	10.05	9.63	9.75	8032530	78705728.00
2014/09/23	9.65	9.95	9.60	9.94	7425884	72951528.00
2014/09/24	10.14	10.90	10.00	10.56	17006627	179886288.00
2014/09/25	10.48	10.86	10.38	10.65	10982657	116486560.00
2014/09/26	10.99	10.99	10.45	10.52	8165677	87173376.00
2014/09/29	10.57	10.69	10.45	10.61	7151628	75442584.00
2014/09/30	10.50	10.65	10.40	10.46	7446820	78001384.00
2014/10/08	10.49	10.73	10.33	10.65	5665083	59670512.00
2014/10/09	10.75	11.06	10.68	10.86	10151990	110350920.00
2014/10/10	10.81	10.87	10.49	10.55	7040620	74765848.00
2014/10/13	10.53	10.53	10.11	10.30	5900212	60809108.00
2014/10/14	10.35	10.48	10.20	10.23	5729012	59176708.00
2014/10/15	10.28	10.52	10.19	10.49	5322512	55217936.00
2014/10/16	10.34	10.37	10.06	10.08	7391256	75730024.00
2014/10/17	10.04	10.06	9.48	9.71	11638117	113200240.00
2014/10/20	9.62	9.80	9.62	9.80	4744289	46088212.00
2014/10/21	9.83	10.20	9.77	10.00	10036655	100710048.00
2014/10/22	10.00	10.08	9.69	9.73	4807929	47666944.00
2014/10/23	9.74	9.77	9.41	9.66	7357330	70519064.00
2014/10/24	9.63	10.18	9.63	9.96	7236939	72094152.00
2014/10/27	9.99	10.96	9.99	10.96	24344868	261013760.00
2014/10/28	11.23	11.38	10.93	11.29	22077601	246530432.00
2014/10/29	11.42	11.43	11.10	11.36	18621067	209879584.00
2014/10/30	11.23	12.17	11.19	11.74	23116539	271556288.00
2014/10/31	11.71	11.75	11.41	11.53	11564181	133794192.00
2014/11/03	11.65	11.87	11.27	11.49	10061557	116753304.00
2014/11/04	11.44	11.85	11.22	11.80	11454679	132361784.00
2014/11/05	11.67	12.50	11.58	12.27	15759775	192548688.00
2014/11/06	12.10	12.43	11.90	12.33	13096594	159159984.00
2014/11/07	12.43	13.24	12.13	12.37	21515682	273092672.00
2014/11/10	12.34	12.97	11.80	12.15	16580857	204119488.00
2014/11/11	12.15	12.18	11.35	11.57	15452201	180079360.00
2014/11/12	11.59	12.16	11.41	12.05	9334083	110605744.00
2014/11/13	12.05	12.40	11.83	12.20	9557517	116200472.00
2014/11/14	12.09	12.40	11.50	12.19	10349335	124556928.00
2014/11/17	13.40	13.41	12.40	13.02	23465574	308405312.00
2014/11/18	12.91	13.40	12.80	13.17	9968907	131547432.00
2014/12/03	13.89	13.99	12.75	12.89	32270508	426436096.00
2014/12/04	12.89	13.28	12.47	12.93	18903452	241777408.00
2014/12/05	12.80	12.80	11.82	12.02	23848229	291744384.00
2014/12/08	11.78	12.59	11.50	12.30	16649107	198228256.00
2014/12/09	12.16	12.16	11.31	11.32	14200648	166852400.00
2014/12/10	11.16	11.82	11.16	11.73	7483963	86676544.00
2014/12/11	11.60	11.96	11.52	11.87	7784020	91435912.00
2014/12/12	11.87	11.91	11.69	11.83	7497583	88308208.00
2014/12/15	11.78	12.17	11.63	12.14	9570454	114435072.00
2014/12/16	12.16	12.39	11.90	12.01	10941752	131830344.00
2014/12/17	11.90	11.99	11.45	11.57	8231959	96218448.00
2014/12/18	11.56	11.81	11.43	11.62	5121062	59839564.00
2014/12/19	11.68	11.70	11.20	11.33	6740603	76828896.00
2014/12/22	11.22	11.27	10.61	10.68	7563051	82457824.00
2014/12/23	10.68	10.96	10.39	10.46	5208388	55759208.00
2014/12/24	10.63	11.11	10.63	11.06	6628954	72349240.00
2014/12/25	11.15	11.50	11.15	11.28	5997140	67652720.00
2014/12/26	11.39	11.39	11.20	11.27	3670938	41378664.00
2014/12/29	11.30	11.83	11.22	11.79	8947589	104131608.00
2014/12/30	11.82	11.85	11.37	11.41	4879774	56292076.00
2014/12/31	11.50	11.50	11.24	11.25	3945586	44595780.00
2015/01/05	11.29	11.42	10.87	11.31	6992580	77743280.00
2015/01/06	11.24	11.34	11.08	11.30	5047558	56596596.00
2015/01/07	11.39	11.54	11.23	11.30	5616119	63766144.00
2015/01/08	11.00	11.20	10.84	10.86	6492318	71389312.00
2015/01/09	10.80	11.14	10.76	10.85	4182517	45829992.00
2015/01/12	10.81	10.97	10.70	10.75	3250151	35183996.00
2015/01/13	11.00	11.83	11.00	11.64	12238290	141870864.00
2015/01/14	11.47	11.86	11.40	11.60	8380098	97682408.00
2015/01/15	11.60	11.95	11.55	11.82	8149471	96104168.00
2015/01/16	11.78	12.29	11.78	12.16	13774494	167094960.00
2015/01/19	11.72	12.22	11.23	11.47	11089398	129824496.00
2015/01/20	11.31	12.03	11.31	11.90	9727250	114402528.00
2015/01/21	11.93	12.29	11.93	12.17	9920854	120219856.00
2015/01/22	12.14	12.88	12.14	12.87	19995172	253071200.00
2015/01/23	12.77	12.97	12.39	12.50	13884543	176613536.00
2015/01/26	12.50	12.87	12.43	12.75	10415024	132819096.00
2015/01/27	12.70	12.82	12.25	12.63	9136152	114713400.00
2015/01/28	12.47	13.18	12.44	12.97	12129410	156099936.00
2015/01/29	12.90	13.22	12.71	13.04	10525352	137737952.00
2015/01/30	13.15	13.18	12.50	12.57	7763743	98658544.00
2015/02/02	12.50	12.50	12.00	12.07	11742092	143287440.00
2015/02/03	12.16	12.28	12.07	12.10	6747040	82147456.00
2015/02/04	12.14	12.37	11.91	11.95	7007517	85008912.00
2015/02/05	12.15	12.16	11.70	11.79	7636657	90956216.00
2015/02/06	11.77	11.90	11.29	11.55	8381252	96941584.00
2015/02/09	11.56	11.76	11.25	11.71	4096823	47045912.00
2015/02/10	11.70	11.72	11.18	11.40	6510889	74349288.00
2015/02/11	11.45	11.56	11.40	11.46	4590326	52618892.00
2015/02/12	11.49	11.74	11.35	11.69	4739825	54914984.00
2015/02/13	11.79	12.25	11.75	12.14	8072502	97344440.00
2015/02/16	12.18	12.52	12.06	12.43	7074810	87431360.00
2015/02/17	12.50	12.55	12.10	12.39	6775353	83133624.00
2015/02/25	12.41	13.19	12.28	12.85	11295222	144640416.00
2015/02/26	12.85	12.94	12.62	12.86	6486061	83061416.00
2015/02/27	12.90	13.30	12.76	12.93	8667273	113801912.00
2015/03/02	13.65	14.22	13.31	14.22	26694728	372681728.00
2015/03/03	14.18	15.20	14.02	14.43	27546958	402560896.00
2015/03/04	14.46	14.66	14.05	14.50	12128783	174376080.00
2015/03/05	14.44	14.86	14.27	14.75	10640880	155073568.00
2015/03/06	14.80	14.83	14.01	14.03	11285330	160862224.00
2015/03/09	13.90	14.33	13.82	14.16	6987028	98817624.00
2015/03/10	14.09	14.53	13.89	14.40	10413030	148581424.00
2015/03/11	14.38	14.38	13.76	13.84	11029615	153841600.00
2015/03/12	13.84	14.19	13.50	13.76	9117788	125963184.00
2015/03/13	13.76	14.19	13.71	14.06	6755198	94235256.00
2015/03/16	14.20	14.70	14.20	14.40	14331193	207132560.00
2015/03/17	14.54	15.40	14.42	15.02	18828710	281517632.00
2015/03/18	15.30	15.80	15.15	15.26	15347450	237368176.00
2015/03/19	15.26	15.69	14.94	15.64	14504556	221675168.00
2015/03/20	15.68	16.23	15.41	16.20	15833135	250550400.00
2015/03/23	16.25	16.49	16.00	16.38	12650685	205487808.00
2015/03/24	16.38	16.38	15.30	15.67	20175381	317902880.00
2015/03/25	15.64	15.83	15.31	15.57	12957522	201255536.00
2015/03/26	15.50	16.30	15.36	15.92	13067154	208646352.00
2015/03/27	15.92	16.86	15.70	16.65	13202696	215320576.00
2015/03/30	16.68	17.65	16.68	17.03	13932885	239339824.00
2015/03/31	17.10	17.75	16.74	17.23	17476468	302187680.00
2015/04/01	17.32	17.62	17.03	17.40	14697069	254074608.00
2015/04/02	17.40	18.20	17.40	18.11	19662987	350914496.00
2015/04/03	18.30	18.33	17.80	18.20	12827634	231037472.00
2015/04/07	18.19	18.47	17.89	18.21	13025726	236766384.00
2015/04/08	18.22	18.33	17.50	17.83	13514365	241579456.00
2015/04/09	17.83	19.60	17.42	19.17	20993072	390404608.00
2015/04/10	19.00	19.90	18.78	19.41	13027999	252638672.00
2015/04/13	19.50	20.13	19.10	19.68	14054460	274441312.00
2015/04/14	19.68	19.89	18.88	19.32	11504201	223480672.00
2015/04/15	19.32	19.32	18.10	18.42	11577200	216313968.00
2015/04/16	18.28	19.30	17.70	18.80	13037740	243990432.00
2015/04/17	18.81	19.33	18.34	18.66	14949355	280729536.00
2015/04/20	18.30	18.60	16.80	17.35	21417716	382717664.00
2015/04/21	17.35	18.26	17.30	18.21	10116400	180449792.00
2015/04/22	18.35	19.55	18.31	19.38	22293032	427909184.00
2015/04/23	19.50	21.32	18.98	20.52	31420114	635735744.00
2015/04/24	20.79	22.18	20.50	20.83	26136261	553181184.00
2015/04/27	21.21	21.35	20.29	20.71	17600593	365280352.00
2015/04/28	20.50	20.98	19.20	19.59	13398283	267156176.00
2015/04/29	19.60	20.09	19.50	19.89	10607438	209796656.00
2015/04/30	19.80	20.09	19.31	19.63	9853659	195035840.00
2015/05/05	19.94	19.94	19.94	19.94	0	0.00
数据来源:通达信
