600438 通威股份 日线 前复权
      日期	    开盘	    最高	    最低	    收盘	    成交量	    成交额
2011/10/10	6.03	6.09	5.90	5.93	1867491	12007861.00
2011/10/11	6.14	6.17	5.88	5.94	2816558	18201704.00
2011/10/12	5.94	6.17	5.87	6.16	4055354	26526556.00
2011/10/13	6.29	6.34	6.20	6.28	5424887	36483260.00
2011/10/14	6.27	6.31	6.18	6.26	3733843	24970484.00
2011/10/17	6.27	6.36	6.21	6.28	3371828	22696300.00
2011/10/18	6.29	6.29	5.90	5.97	4260266	27907494.00
2011/10/19	6.02	6.03	5.77	5.84	3425551	21705536.00
2011/10/20	5.86	5.86	5.66	5.69	2725531	16868844.00
2011/10/21	5.69	5.77	5.60	5.63	2274136	13943766.00
2011/10/24	5.63	5.72	5.47	5.68	3758887	22828056.00
2011/10/25	5.71	5.84	5.60	5.83	3918214	24277478.00
2011/10/26	5.73	5.90	5.73	5.83	4921843	30936252.00
2011/10/27	5.83	5.90	5.77	5.84	3081949	19434812.00
2011/10/28	5.91	6.00	5.87	5.99	5914629	37843316.00
2011/10/31	6.04	6.12	5.96	6.09	5321905	34539128.00
2011/11/01	6.01	6.09	5.93	6.00	4172293	26951648.00
2011/11/02	5.90	6.07	5.77	6.05	4969474	31552152.00
2011/11/03	6.07	6.31	5.99	6.11	8015720	53126908.00
2011/11/04	6.15	6.28	6.07	6.23	6773191	45080252.00
2011/11/07	6.21	6.25	6.10	6.13	4641942	30748908.00
2011/11/08	6.17	6.17	5.98	6.01	4549792	29695552.00
2011/11/09	6.04	6.12	5.95	6.12	3121928	20324024.00
2011/11/10	6.04	6.05	5.91	5.92	3750271	24211376.00
2011/11/11	5.92	5.98	5.88	5.90	2607555	16656939.00
2011/11/14	5.97	6.13	5.95	6.11	4261007	27813268.00
2011/11/15	6.08	6.26	6.08	6.24	6991125	46533724.00
2011/11/16	6.24	6.32	6.04	6.08	6079424	40359772.00
2011/11/17	6.13	6.27	6.07	6.16	5149753	34171496.00
2011/11/18	6.09	6.12	5.84	5.89	4687837	30170156.00
2011/11/21	5.90	5.90	5.74	5.84	3144264	19696086.00
2011/11/22	5.74	5.83	5.70	5.79	2627839	16345638.00
2011/11/23	5.79	5.84	5.75	5.77	2449138	15335773.00
2011/11/24	5.73	5.80	5.62	5.71	2843938	17519424.00
2011/11/25	5.74	5.76	5.67	5.68	2064006	12739052.00
2011/11/28	5.67	5.81	5.67	5.75	2519904	15646154.00
2011/11/29	5.80	5.91	5.75	5.90	3741261	23578036.00
2011/11/30	5.88	5.88	5.46	5.55	4773495	29161138.00
2011/12/01	5.74	5.79	5.61	5.62	3293435	20281540.00
2011/12/02	5.62	5.62	5.48	5.51	1741701	10426654.00
2011/12/05	5.48	5.53	5.30	5.31	2218386	12945228.00
2011/12/06	5.31	5.37	5.23	5.30	1472223	8461874.00
2011/12/07	5.31	5.36	5.24	5.35	1213709	7013057.00
2011/12/08	5.36	5.36	5.18	5.31	2101572	12053233.00
2011/12/09	5.24	5.30	5.20	5.24	1469682	8368252.00
2011/12/12	5.25	5.29	5.14	5.18	1462330	8309218.00
2011/12/13	5.12	5.18	4.89	4.91	2336917	12757791.00
2011/12/14	4.85	4.94	4.78	4.81	2110400	11204405.00
2011/12/15	4.82	4.83	4.51	4.53	4194537	21276810.00
2011/12/16	4.53	4.66	4.51	4.66	2623826	13226078.00
2011/12/19	4.64	4.70	4.53	4.67	2426542	12285650.00
2011/12/20	4.63	4.73	4.61	4.64	2204990	11325988.00
2011/12/21	4.68	4.72	4.53	4.54	2080849	10557245.00
2011/12/22	4.53	4.53	4.25	4.37	2590664	12492884.00
2011/12/23	4.38	4.49	4.34	4.42	1787075	8747325.00
2011/12/26	4.42	4.61	4.41	4.54	2591658	12891491.00
2011/12/27	4.50	4.55	4.35	4.38	2317652	11328660.00
2011/12/28	4.35	4.40	4.24	4.38	1987328	9465649.00
2011/12/29	4.36	4.48	4.31	4.42	2227039	10853873.00
2011/12/30	4.42	4.54	4.42	4.53	2447087	12103621.00
2012/01/04	4.56	4.60	4.38	4.39	1796270	8919178.00
2012/01/05	4.32	4.37	4.18	4.20	2071795	9780527.00
2012/01/06	4.20	4.26	4.11	4.26	1334089	6173363.00
2012/01/09	4.27	4.45	4.20	4.43	2434627	11751166.00
2012/01/10	4.48	4.71	4.43	4.64	6978756	35442960.00
2012/01/11	4.65	4.65	4.56	4.60	3803403	19255724.00
2012/01/12	4.60	4.71	4.57	4.57	3755379	19124748.00
2012/01/13	4.54	4.62	4.38	4.41	3158409	15589905.00
2012/01/16	4.38	4.45	4.28	4.30	1743939	8446533.00
2012/01/17	4.27	4.58	4.27	4.57	2785995	13710847.00
2012/01/18	4.59	4.63	4.45	4.47	2840709	14236823.00
2012/01/19	4.49	4.59	4.46	4.55	1852952	9256166.00
2012/01/20	4.55	4.65	4.55	4.64	3141363	15910783.00
2012/01/30	4.64	4.68	4.56	4.58	2737600	13915363.00
2012/01/31	4.59	4.63	4.53	4.62	1741966	8773840.00
2012/02/01	4.63	4.69	4.56	4.59	2156569	10968413.00
2012/02/02	4.65	4.82	4.63	4.79	7496849	39019152.00
2012/02/03	4.77	4.81	4.69	4.79	4771167	24882748.00
2012/02/06	4.79	4.84	4.74	4.81	3943307	20692644.00
2012/02/07	4.79	4.79	4.62	4.63	2969598	15245995.00
2012/02/08	4.61	4.77	4.58	4.74	3307068	17034618.00
2012/02/09	4.76	4.84	4.71	4.80	5146065	27006378.00
2012/02/10	4.80	4.89	4.75	4.86	6048498	32079780.00
2012/02/13	4.81	4.95	4.77	4.91	5575492	29808140.00
2012/02/14	4.90	4.97	4.83	4.92	3672083	19698038.00
2012/02/15	4.92	5.13	4.86	5.08	8477786	46327036.00
2012/02/16	5.04	5.15	4.97	5.13	7847866	43417468.00
2012/02/17	5.11	5.31	5.08	5.19	10141227	57378080.00
2012/02/20	5.25	5.26	5.11	5.20	7157602	40358280.00
2012/02/21	5.19	5.67	5.07	5.65	17279534	100909288.00
2012/02/22	5.53	5.76	5.49	5.63	23211437	140505008.00
2012/02/23	5.58	5.58	5.46	5.51	9126904	54489176.00
2012/02/24	5.51	5.52	5.42	5.50	7325955	43438616.00
2012/02/27	5.53	5.58	5.46	5.46	8308973	49793988.00
2012/02/28	5.42	5.66	5.38	5.60	9047456	54014648.00
2012/02/29	5.58	5.58	5.39	5.41	5628558	33380332.00
2012/03/01	5.39	5.46	5.35	5.41	3018030	17744094.00
2012/03/02	5.39	5.51	5.39	5.51	3750685	22203992.00
2012/03/05	5.54	5.62	5.49	5.55	5759957	34655520.00
2012/03/06	5.52	5.58	5.36	5.40	4411873	26031084.00
2012/03/07	5.34	5.43	5.29	5.30	3717752	21641808.00
2012/03/08	5.33	5.43	5.33	5.38	3341663	19526824.00
2012/03/09	5.42	5.48	5.41	5.48	4473852	26445324.00
2012/03/12	5.50	5.59	5.47	5.56	5327525	31912680.00
2012/03/13	5.58	5.58	5.48	5.57	4209618	25222974.00
2012/03/14	5.58	5.62	5.09	5.17	9787472	57555700.00
2012/03/15	5.14	5.21	4.90	5.00	5069907	27909958.00
2012/03/16	4.99	5.14	4.95	5.12	4318996	23867140.00
2012/03/19	5.13	5.23	5.09	5.23	3866478	21792298.00
2012/03/20	5.23	5.23	5.03	5.05	3055361	17035046.00
2012/03/21	5.07	5.41	5.05	5.36	8465825	48346168.00
2012/03/22	5.28	5.46	5.28	5.36	4976435	28993194.00
2012/03/23	5.34	5.34	5.11	5.14	3139984	17766916.00
2012/03/26	5.12	5.20	5.05	5.12	1387167	7747178.00
2012/03/27	5.18	5.29	5.17	5.23	2077566	11834283.00
2012/03/28	5.16	5.23	4.95	4.96	2649722	14567629.00
2012/03/29	4.95	5.04	4.74	4.77	2011963	10679419.00
2012/03/30	4.78	4.87	4.70	4.76	1794759	9408112.00
2012/04/05	4.76	5.00	4.76	4.93	1538752	8195948.00
2012/04/06	4.94	5.03	4.84	4.94	1632667	8817356.00
2012/04/09	4.94	4.98	4.84	4.85	1356519	7269189.00
2012/04/10	4.83	4.92	4.71	4.92	1453394	7640486.00
2012/04/11	4.85	4.94	4.83	4.90	1896996	10132567.00
2012/04/12	4.93	5.09	4.88	5.07	3420355	18702828.00
2012/04/13	5.08	5.18	5.05	5.13	3505094	19569476.00
2012/04/16	5.05	5.23	5.04	5.18	2824341	15882999.00
2012/04/17	5.22	5.24	5.08	5.08	2611478	14637753.00
2012/04/18	5.09	5.24	5.09	5.23	4220972	23811942.00
2012/04/19	5.22	5.28	5.17	5.24	2872876	16309258.00
2012/04/20	5.24	5.42	5.18	5.33	5023965	29027632.00
2012/04/23	5.29	5.37	5.18	5.20	3093435	17703712.00
2012/04/24	5.19	5.26	4.99	5.12	3586397	19973080.00
2012/04/25	5.12	5.37	5.10	5.34	4414837	25228382.00
2012/04/26	5.35	5.43	5.26	5.32	3889859	22589752.00
2012/04/27	5.31	5.32	5.14	5.16	3290798	18634350.00
2012/05/02	5.17	5.21	4.84	4.90	7858279	42681540.00
2012/05/03	4.89	4.95	4.84	4.92	2921278	15643481.00
2012/05/04	4.87	4.95	4.86	4.94	3174296	16999992.00
2012/05/07	4.90	4.92	4.86	4.91	2252401	12028817.00
2012/05/08	4.89	4.96	4.89	4.94	2410259	12984955.00
2012/05/09	4.92	4.99	4.86	4.89	2422728	13023841.00
2012/05/10	4.88	4.95	4.86	4.90	1897583	10163048.00
2012/05/11	4.90	4.90	4.71	4.76	3407401	17957760.00
2012/05/14	4.82	4.84	4.75	4.77	2023112	10592135.00
2012/05/15	4.74	4.77	4.62	4.72	2181674	11223142.00
2012/05/16	4.72	4.74	4.62	4.63	1835568	9444051.00
2012/05/17	4.63	4.75	4.63	4.72	1507288	7770351.00
2012/05/18	4.72	4.72	4.61	4.62	1723956	8820615.00
2012/05/22	4.66	4.69	4.62	4.68	1540471	7875812.00
2012/05/23	4.68	4.68	4.55	4.61	1997596	10118064.00
2012/05/24	4.59	4.66	4.56	4.59	1272739	6433308.00
2012/05/25	4.59	4.60	4.47	4.49	1703503	8484048.00
2012/05/28	4.49	4.59	4.39	4.58	1563697	7723135.00
2012/05/29	4.59	4.73	4.55	4.72	3263152	16727471.00
2012/05/30	4.71	4.75	4.66	4.71	2037627	10520565.00
2012/05/31	4.69	4.77	4.65	4.72	2074589	10745662.00
2012/06/01	4.74	4.77	4.68	4.74	1824918	9454049.00
2012/06/04	4.68	4.68	4.53	4.54	2025766	10249776.00
2012/06/05	4.54	4.59	4.51	4.52	933789	4671310.00
2012/06/06	4.55	4.58	4.50	4.52	852402	4260318.00
2012/06/07	4.58	4.60	4.47	4.48	978261	4877235.00
2012/06/08	4.54	4.56	4.43	4.47	982789	4861830.00
2012/06/11	4.44	4.55	4.44	4.54	799607	3970858.00
2012/06/12	4.52	4.56	4.50	4.51	586029	2927880.00
2012/06/13	4.51	4.72	4.51	4.67	2115464	10787544.00
2012/06/14	4.65	4.80	4.64	4.70	2155859	11187247.00
2012/06/15	4.70	4.73	4.60	4.68	1179440	6036090.00
2012/06/18	4.69	4.80	4.69	4.72	2285445	11919111.00
2012/06/19	4.74	4.82	4.69	4.77	2232496	11691460.00
2012/06/20	4.77	5.11	4.74	5.08	13078172	71389216.00
2012/06/28	5.63	5.63	5.34	5.63	16520736	99917920.00
2012/06/29	5.63	6.09	5.43	5.82	38882423	242265120.00
2012/07/02	5.81	6.45	5.72	6.26	25533043	169173536.00
2012/07/03	6.23	6.59	6.07	6.38	18192196	121991864.00
2012/07/04	6.30	6.55	6.23	6.44	12747855	86955616.00
2012/07/05	6.43	6.50	6.29	6.37	10984081	74177864.00
2012/07/06	6.35	6.56	6.25	6.43	11728573	79864520.00
2012/07/09	6.40	7.04	6.36	6.66	20841081	147721952.00
2012/07/10	6.56	6.82	6.55	6.78	10168490	72148480.00
2012/07/11	6.70	6.86	6.39	6.57	9965759	69383144.00
2012/07/12	6.58	6.91	6.46	6.83	10533546	75620416.00
2012/07/13	6.83	7.05	6.69	6.99	9065823	66146092.00
2012/07/16	7.05	7.28	6.78	6.80	10543045	77797160.00
2012/07/17	6.60	7.08	6.33	6.97	8185805	58471400.00
2012/07/18	6.88	7.38	6.68	7.36	8801289	65600352.00
2012/07/19	7.21	7.41	7.10	7.11	7992963	61127912.00
2012/07/20	7.01	7.20	6.55	6.73	9242327	66723304.00
2012/07/23	6.62	6.86	6.50	6.72	4330157	30680314.00
2012/07/24	6.60	6.78	6.52	6.75	4180629	29482690.00
2012/07/25	6.65	6.75	6.04	6.10	15056536	100748904.00
2012/07/26	6.20	6.40	6.10	6.16	13193471	88045304.00
2012/07/27	6.16	6.20	5.93	5.99	7099670	45540768.00
2012/07/30	5.94	6.09	5.94	6.06	7397223	47451452.00
2012/07/31	6.02	6.09	5.73	5.96	6422242	40716132.00
2012/08/01	6.02	6.45	5.94	6.35	6801884	45384688.00
2012/08/02	6.33	6.44	6.24	6.36	4271554	28747116.00
2012/08/03	6.33	6.46	6.28	6.45	2991221	20306654.00
2012/08/06	6.49	6.63	6.29	6.58	4104871	28263624.00
2012/08/07	6.58	6.64	6.42	6.54	2962497	20435182.00
2012/08/08	6.42	6.52	6.28	6.33	2404976	16311351.00
2012/08/09	6.30	6.60	6.23	6.55	3933843	27120006.00
2012/08/10	6.50	6.60	6.43	6.54	2345625	16271987.00
2012/08/13	6.52	6.59	6.33	6.46	2325965	15893610.00
2012/08/14	6.46	6.46	5.78	6.09	5338267	34222556.00
2012/08/15	6.02	6.06	5.87	5.92	2900057	18328130.00
2012/08/16	5.90	5.90	5.68	5.86	3763254	23201806.00
2012/08/17	5.80	5.80	5.67	5.77	2411166	14781703.00
2012/08/20	5.76	5.82	5.68	5.81	2979623	18349364.00
2012/08/21	5.84	6.03	5.76	5.81	4334659	27092980.00
2012/08/22	5.80	5.88	5.63	5.69	3855169	23707360.00
2012/08/23	5.69	5.73	5.58	5.72	3481878	21144684.00
2012/08/24	5.70	5.71	5.31	5.35	4578378	27020192.00
2012/08/27	5.36	5.36	5.08	5.10	5927292	33149560.00
2012/08/28	5.13	5.35	5.10	5.29	4290692	24197394.00
2012/08/29	5.27	5.30	5.18	5.23	2070346	11646059.00
2012/08/30	5.23	5.30	5.05	5.08	2222396	12361074.00
2012/08/31	5.16	5.21	5.05	5.12	1950491	10752508.00
2012/09/03	5.10	5.45	5.05	5.42	5256975	30125922.00
2012/09/04	5.46	5.69	5.45	5.52	6755877	40406872.00
2012/09/05	5.48	5.58	5.40	5.58	1856354	10960784.00
2012/09/06	5.58	5.66	5.50	5.55	1864036	11100443.00
2012/09/07	5.54	5.79	5.54	5.75	3393537	20655052.00
2012/09/10	5.75	5.76	5.60	5.68	4071420	24691144.00
2012/09/11	5.68	5.68	5.49	5.62	2990898	17766340.00
2012/09/12	5.64	5.66	5.56	5.65	1913221	11480531.00
2012/09/13	5.63	5.70	5.55	5.55	1930573	11624045.00
2012/09/14	5.55	5.63	5.36	5.40	4433367	25846528.00
2012/09/17	5.30	5.35	5.10	5.12	4345770	24348830.00
2012/09/18	5.11	5.22	5.05	5.10	2760517	15247850.00
2012/09/19	5.06	5.17	5.06	5.12	3036026	16708359.00
2012/09/20	5.10	5.12	4.88	4.89	2950858	15862221.00
2012/09/21	4.90	5.05	4.89	4.90	2094662	11230027.00
2012/09/24	4.89	4.97	4.82	4.94	1156782	6149608.00
2012/09/25	4.94	5.04	4.91	4.99	1232122	6629608.00
2012/09/26	4.99	5.04	4.78	4.85	1647180	8671890.00
2012/09/27	4.85	5.04	4.81	4.98	1669752	8937634.00
2012/09/28	4.96	5.24	4.93	5.23	5031328	28009600.00
2012/10/08	5.24	5.26	4.98	5.06	5532461	30150572.00
2012/10/09	5.06	5.21	5.03	5.20	3391754	18816284.00
2012/10/10	5.18	5.39	5.10	5.38	4840924	27346702.00
2012/10/11	5.36	5.38	5.28	5.33	3203426	18354776.00
2012/10/12	5.32	5.37	5.16	5.21	1819175	10266181.00
2012/10/15	5.26	5.44	5.10	5.41	3442647	19528608.00
2012/10/16	5.37	5.38	5.21	5.29	2506167	14280722.00
2012/10/17	5.29	5.39	5.25	5.36	2179401	12432589.00
2012/10/18	5.38	5.39	5.30	5.36	3882846	22333236.00
2012/10/19	5.35	5.40	5.20	5.20	3172944	18082788.00
2012/10/22	5.25	5.25	5.08	5.10	6372285	35362332.00
2012/10/23	5.08	5.13	5.04	5.10	2756655	15133508.00
2012/10/24	5.10	5.10	5.00	5.05	3236720	17606904.00
2012/10/25	5.04	5.11	5.01	5.02	1492066	8134666.00
2012/10/26	5.00	5.02	4.81	4.87	2040904	10785586.00
2012/10/29	4.90	4.93	4.84	4.90	1012320	5329961.00
2012/10/30	4.95	5.05	4.92	4.95	2798462	15039096.00
2012/10/31	4.95	4.99	4.87	4.93	1373843	7304228.00
2012/11/01	4.96	5.11	4.94	5.10	4528404	24675524.00
2012/11/02	5.08	5.15	5.08	5.14	4136741	22850560.00
2012/11/05	5.15	5.26	5.13	5.25	3844868	21491944.00
2012/11/06	5.25	5.26	5.11	5.17	3819992	21280364.00
2012/11/07	5.17	5.25	5.14	5.22	1957047	11001342.00
2012/11/08	5.19	5.19	5.01	5.03	2224768	12326362.00
2012/11/09	4.98	5.07	4.91	4.99	993702	5354556.00
2012/11/12	4.96	5.05	4.96	5.00	1365593	7371071.00
2012/11/13	5.00	5.03	4.91	4.98	1012140	5424801.00
2012/11/14	4.99	5.21	4.94	5.19	2744652	15126380.00
2012/11/15	5.15	5.35	5.11	5.19	4429517	24872648.00
2012/11/16	5.18	5.28	5.09	5.26	4648345	26049216.00
2012/11/19	5.32	5.32	4.94	5.04	11327770	61737160.00
2012/11/20	5.00	5.07	4.95	5.05	2996132	16215107.00
2012/11/21	5.01	5.13	5.00	5.11	2075570	11328578.00
2012/11/22	5.11	5.20	5.08	5.17	2560593	14225466.00
2012/11/23	5.14	5.23	5.14	5.20	3463258	19317574.00
2012/11/26	5.22	5.26	5.13	5.14	2786072	15502116.00
2012/11/27	5.10	5.10	4.90	4.93	3544539	19054228.00
2012/11/28	4.95	4.96	4.85	4.88	1307603	6914377.00
2012/11/29	4.93	5.28	4.89	5.13	3910382	21399600.00
2012/11/30	5.10	5.27	4.98	5.26	3713693	20755576.00
2012/12/03	5.27	5.37	5.20	5.26	4517223	25761972.00
2012/12/04	5.25	5.58	5.13	5.54	6401097	36989640.00
2012/12/05	5.48	5.90	5.43	5.85	7764416	47483672.00
2012/12/06	5.79	5.87	5.68	5.81	4539729	28048340.00
2012/12/07	5.80	6.12	5.73	6.10	11481835	73190784.00
2012/12/10	6.15	6.48	5.89	6.40	9680064	63083072.00
2012/12/11	6.27	6.37	6.13	6.28	4492743	29746672.00
2012/12/12	6.18	6.21	6.01	6.12	3501092	22779458.00
2012/12/13	6.05	6.35	6.00	6.26	4451634	29264984.00
2012/12/14	6.25	6.75	6.11	6.73	11939923	82646456.00
2012/12/17	6.68	6.83	6.55	6.64	12027175	85516864.00
2012/12/18	6.60	6.69	6.34	6.49	11734294	81285448.00
2012/12/19	6.47	6.47	6.20	6.30	12930352	86800344.00
2012/12/20	6.20	6.34	6.17	6.33	3225924	21436076.00
2012/12/21	6.34	6.51	6.21	6.34	4009257	27175908.00
2012/12/24	6.37	6.43	6.25	6.30	2496797	16731957.00
2012/12/25	6.25	6.60	6.22	6.54	7827703	53370360.00
2012/12/26	6.50	6.53	6.29	6.43	8141564	55081008.00
2012/12/27	6.41	6.42	6.19	6.25	10389470	69156640.00
2012/12/28	6.18	6.42	6.18	6.39	4605363	30883760.00
2012/12/31	6.36	6.50	6.20	6.29	6216086	41869108.00
2013/01/04	6.35	6.37	6.00	6.02	5304416	34592116.00
2013/01/07	6.00	6.11	5.98	6.06	7467428	48042096.00
2013/01/08	6.07	6.14	5.97	6.14	7477714	48283800.00
2013/01/09	6.16	6.26	6.06	6.16	10298750	67495152.00
2013/01/10	6.21	6.23	6.08	6.17	6684794	43741852.00
2013/01/11	6.17	6.20	5.96	6.01	6990660	44974584.00
2013/01/14	5.96	6.26	5.96	6.20	8058251	52702040.00
2013/01/15	6.23	6.47	6.15	6.44	15307335	102771296.00
2013/01/16	6.42	6.42	6.10	6.23	11052092	73338016.00
2013/01/17	6.18	6.18	5.98	6.02	7951262	51263836.00
2013/01/18	6.04	6.12	6.01	6.11	7393576	47804460.00
2013/01/21	6.10	6.17	6.04	6.17	8225429	53490152.00
2013/01/22	6.26	6.38	6.03	6.16	14311093	95271408.00
2013/01/23	6.08	6.09	5.89	6.03	8605973	55021800.00
2013/01/24	6.03	6.06	5.81	5.85	7391364	46956300.00
2013/01/25	5.85	5.89	5.78	5.83	4393425	27313780.00
2013/01/28	5.85	5.91	5.80	5.88	11854371	74167704.00
2013/01/29	5.89	5.92	5.84	5.86	10767019	67681096.00
2013/01/30	5.88	5.95	5.87	5.94	7108518	44865064.00
2013/01/31	5.95	5.96	5.83	5.88	4911089	30840908.00
2013/02/01	5.93	6.26	5.93	6.14	16283155	105974008.00
2013/02/04	6.15	6.15	5.96	6.01	10328870	66421888.00
2013/02/05	5.96	6.06	5.91	6.02	5266996	33726976.00
2013/02/06	6.06	6.08	5.96	5.98	6868003	43860024.00
2013/02/07	5.97	6.00	5.91	5.96	4801754	30519606.00
2013/02/08	5.98	6.04	5.91	6.04	10578931	67262272.00
2013/02/18	6.10	6.18	6.05	6.12	10160749	66134232.00
2013/02/19	6.13	6.17	6.00	6.03	7077439	45697588.00
2013/02/20	6.02	6.17	5.97	6.16	8207916	53260340.00
2013/02/21	6.13	6.16	6.00	6.10	8324011	53901352.00
2013/02/22	6.10	6.26	6.06	6.18	10539976	69381400.00
2013/02/25	6.20	6.31	6.13	6.20	8974164	59289716.00
2013/02/26	6.20	6.30	6.02	6.04	11574609	76356312.00
2013/02/27	6.06	6.08	5.62	5.73	14668943	90581736.00
2013/02/28	5.70	5.81	5.56	5.79	13943802	84721584.00
2013/03/01	5.78	5.78	5.68	5.73	8559362	52355180.00
2013/03/04	5.73	5.82	5.61	5.67	9427864	57563096.00
2013/03/05	5.66	5.72	5.61	5.71	7608889	46131764.00
2013/03/06	5.77	5.78	5.67	5.77	7329141	44988668.00
2013/03/07	5.77	5.79	5.71	5.78	6327871	38893712.00
2013/03/08	5.78	5.79	5.70	5.71	3783460	23206544.00
2013/03/11	5.69	5.72	5.64	5.69	3067126	18628836.00
2013/03/12	5.70	5.73	5.38	5.60	7619484	45363592.00
2013/03/13	5.55	5.55	5.45	5.49	2556464	15060357.00
2013/03/14	5.45	5.52	5.41	5.44	2019620	11870026.00
2013/03/15	5.46	5.55	5.41	5.45	2964025	17419954.00
2013/03/18	5.44	5.47	5.30	5.33	2972890	17161504.00
2013/03/19	5.35	5.38	5.28	5.36	1828005	10475912.00
2013/03/20	5.31	5.50	5.31	5.50	3655978	21295792.00
2013/03/21	5.50	5.55	5.44	5.51	3881332	22914608.00
2013/03/22	5.51	5.52	5.45	5.51	2445507	14395031.00
2013/03/25	5.51	5.57	5.46	5.56	3105111	18365402.00
2013/03/26	5.55	5.55	5.41	5.44	2780981	16314235.00
2013/03/27	5.44	5.49	5.36	5.38	2579784	15028627.00
2013/03/28	5.36	5.36	5.15	5.19	4109122	23123958.00
2013/03/29	5.23	5.25	5.19	5.21	1819734	10216183.00
2013/04/01	5.19	5.26	5.16	5.23	1414524	7947744.00
2013/04/02	5.23	5.29	5.20	5.22	1927046	10856008.00
2013/04/03	5.24	5.26	5.16	5.20	1983488	11105359.00
2013/04/08	5.11	5.37	4.97	5.36	5541733	30798950.00
2013/04/09	5.40	5.49	5.36	5.39	4068079	23696892.00
2013/04/10	5.40	5.42	5.31	5.35	1822517	10498533.00
2013/04/11	5.35	5.45	5.25	5.26	1421653	8152760.00
2013/04/12	5.26	5.27	5.13	5.15	2340770	13093745.00
2013/04/15	5.16	5.30	5.08	5.25	2314913	12875172.00
2013/04/16	5.19	5.27	5.14	5.22	2558729	14368520.00
2013/04/17	5.22	5.25	5.07	5.18	4124483	22850200.00
2013/04/18	5.14	5.21	5.09	5.14	2033985	11310539.00
2013/04/19	5.16	5.26	5.10	5.25	3578700	20076676.00
2013/04/22	5.24	5.24	5.13	5.19	3198713	17806182.00
2013/04/23	5.19	5.19	5.01	5.01	3405158	18673816.00
2013/04/24	5.02	5.10	5.01	5.07	2235160	12190101.00
2013/04/25	5.06	5.06	4.96	4.98	2376658	12854194.00
2013/04/26	4.98	5.01	4.88	4.89	2497945	13319102.00
2013/05/02	4.87	4.87	4.75	4.78	3154767	16369843.00
2013/05/03	4.78	4.91	4.76	4.81	5888916	30809046.00
2013/05/06	4.83	5.33	4.83	5.33	15826178	89156264.00
2013/05/07	5.33	5.33	5.20	5.26	6453514	36448976.00
2013/05/08	5.27	5.48	5.21	5.41	9266887	53350180.00
2013/05/09	5.36	5.41	5.28	5.40	3953397	22728184.00
2013/05/10	5.40	5.47	5.34	5.42	3952878	22932524.00
2013/05/13	5.48	5.49	5.33	5.41	4434095	25687608.00
2013/05/14	5.41	5.41	5.25	5.28	3065014	17438468.00
2013/05/15	5.36	5.85	5.34	5.65	15249135	92501992.00
2013/05/16	5.55	5.71	5.55	5.69	5242280	31737020.00
2013/05/17	5.65	5.87	5.60	5.80	9174289	56717952.00
2013/05/20	5.80	5.84	5.72	5.82	4314251	26699892.00
2013/05/21	5.82	5.87	5.73	5.81	3574299	22134204.00
2013/05/22	5.88	5.89	5.71	5.73	3720203	22567974.00
2013/05/23	5.68	5.73	5.56	5.58	4030321	23966514.00
2013/05/24	5.57	5.89	5.57	5.88	5497945	33203736.00
2013/05/27	5.88	6.00	5.81	5.96	6195231	38579724.00
2013/05/28	5.98	6.01	5.91	5.97	5908167	37038816.00
2013/05/29	5.97	6.06	5.91	5.96	4273179	26859716.00
2013/05/30	5.93	5.94	5.75	5.79	5776171	35507688.00
2013/05/31	5.79	5.93	5.79	5.82	4627299	28590812.00
2013/06/03	5.82	5.91	5.77	5.82	2891968	17785000.00
2013/06/04	5.80	5.86	5.48	5.61	3068882	18299720.00
2013/06/05	5.59	5.64	5.51	5.54	2144641	12561140.00
2013/06/06	5.52	5.60	5.32	5.38	3265688	18820336.00
2013/06/07	5.38	5.43	5.12	5.20	5123020	28326662.00
2013/06/13	5.11	5.35	4.99	5.23	3669760	20084456.00
2013/06/14	5.20	5.36	5.20	5.24	2264633	12566000.00
2013/06/17	5.24	5.27	5.13	5.24	1590598	8749780.00
2013/06/18	5.20	5.31	5.18	5.22	2175117	12043528.00
2013/06/19	5.22	5.22	5.09	5.16	2102829	11471558.00
2013/06/20	5.16	5.26	5.10	5.11	1897243	10374153.00
2013/06/21	5.09	5.18	4.90	5.11	3811510	20245580.00
2013/06/24	5.05	5.08	4.85	4.92	3349762	17535702.00
2013/06/25	4.89	4.89	4.43	4.82	4539205	22768542.00
2013/06/26	4.88	4.89	4.75	4.85	1229045	6297679.00
2013/06/27	4.85	4.94	4.79	4.80	1448960	7468516.00
2013/06/28	4.79	4.88	4.70	4.83	1514163	7710995.00
2013/07/01	4.83	4.92	4.79	4.89	1345654	6935206.00
2013/07/02	4.89	4.96	4.82	4.95	1431179	7431409.00
2013/07/03	4.95	5.09	4.88	5.05	2112381	11128112.00
2013/07/04	5.00	5.14	4.97	5.10	1786128	9603476.00
2013/07/05	5.06	5.13	5.04	5.07	1677163	9024492.00
2013/07/08	5.06	5.15	4.95	5.08	2873908	15463449.00
2013/07/09	5.05	5.49	5.05	5.42	8329630	46936664.00
2013/07/10	5.42	5.58	5.30	5.55	7011105	40412908.00
2013/07/11	5.50	5.80	5.45	5.75	7873510	47305852.00
2013/07/12	5.70	5.83	5.54	5.56	6339168	37924004.00
2013/07/15	5.50	5.92	5.48	5.82	8710811	52500608.00
2013/07/16	5.79	5.89	5.72	5.84	6014162	36667568.00
2013/07/17	5.84	5.88	5.68	5.69	4913416	29941980.00
2013/07/18	5.70	5.79	5.65	5.67	3520152	21146632.00
2013/07/19	5.67	5.75	5.50	5.56	2922122	17413400.00
2013/07/22	5.52	5.70	5.42	5.69	2771165	16369675.00
2013/07/23	5.65	5.85	5.59	5.63	4834284	29050856.00
2013/07/24	5.63	5.74	5.30	5.65	6265088	36698616.00
2013/07/25	5.66	5.67	5.33	5.36	5478849	31312986.00
2013/07/26	5.33	5.42	5.25	5.32	3827471	21600032.00
2013/07/29	5.31	5.42	5.15	5.35	2934563	16457180.00
2013/07/30	5.35	5.40	5.09	5.15	4536190	24954460.00
2013/07/31	5.21	5.24	5.09	5.12	2103267	11465865.00
2013/08/01	5.14	5.26	5.14	5.25	3598167	19793308.00
2013/08/02	5.26	5.28	5.09	5.18	6937116	37858852.00
2013/08/05	5.11	5.40	5.10	5.39	7118928	39346768.00
2013/08/06	5.35	5.50	5.32	5.39	4348272	24816856.00
2013/08/07	5.43	5.50	5.40	5.41	5594456	32131632.00
2013/08/08	5.40	5.52	5.35	5.49	4347708	25100738.00
2013/08/09	5.50	5.53	5.39	5.45	2060584	11879535.00
2013/08/12	5.53	5.58	5.40	5.56	3992668	23187264.00
2013/08/13	5.60	5.66	5.51	5.57	4212478	24766108.00
2013/08/14	5.55	5.59	5.45	5.48	2803066	16276682.00
2013/08/15	5.47	5.53	5.40	5.42	2779264	16029938.00
2013/08/16	5.40	5.48	5.18	5.23	3289826	18483340.00
2013/08/19	5.23	5.36	5.18	5.34	1575348	8802973.00
2013/08/20	5.34	5.37	5.23	5.28	2382542	13349966.00
2013/08/21	5.28	5.32	5.22	5.32	1199118	6689986.00
2013/08/22	5.30	5.37	5.28	5.33	1242951	7003949.00
2013/08/23	5.32	5.40	5.22	5.26	2488972	13916151.00
2013/08/26	5.26	5.37	5.26	5.37	3126495	17632064.00
2013/08/27	5.42	5.68	5.42	5.60	8506915	50048384.00
2013/08/28	5.60	5.65	5.53	5.56	5110155	30017004.00
2013/08/29	5.56	5.66	5.54	5.64	4199243	24845768.00
2013/08/30	5.65	5.68	5.48	5.54	4686940	27412816.00
2013/09/02	5.58	5.85	5.53	5.80	9039370	54587728.00
2013/09/03	5.80	6.02	5.73	5.83	9597477	59114832.00
2013/09/04	5.86	5.95	5.80	5.83	5979641	36851440.00
2013/09/05	5.79	5.82	5.66	5.67	5617176	33806776.00
2013/09/06	5.67	5.74	5.60	5.63	5113140	30551864.00
2013/09/09	5.66	5.72	5.62	5.71	4117237	24680824.00
2013/09/10	5.71	5.85	5.63	5.82	5132420	30925632.00
2013/09/11	5.82	5.97	5.72	5.80	5952020	36524352.00
2013/09/12	5.80	5.81	5.73	5.78	2848028	17293776.00
2013/09/13	5.80	5.85	5.64	5.66	4156189	24905516.00
2013/09/16	5.70	5.72	5.55	5.62	5091820	30262614.00
2013/09/17	5.62	5.67	5.55	5.56	2744715	16160480.00
2013/09/18	5.55	5.67	5.50	5.65	2791059	16409796.00
2013/09/23	5.66	5.75	5.62	5.73	3982852	23910500.00
2013/09/24	5.75	5.81	5.68	5.73	4173823	25212508.00
2013/09/25	5.73	6.12	5.69	6.02	13039496	81571560.00
2013/09/26	6.03	6.04	5.90	5.96	7203712	45147032.00
2013/09/27	5.94	6.09	5.87	5.97	5091397	31914982.00
2013/09/30	5.97	6.25	5.96	6.18	8388552	53906816.00
2013/10/08	6.18	6.64	6.13	6.57	17562978	118804520.00
2013/10/09	6.55	6.80	6.45	6.73	15339224	107392952.00
2013/10/10	6.71	6.72	6.55	6.59	6208930	42941720.00
2013/10/11	6.59	6.75	6.55	6.66	7658177	53386472.00
2013/10/14	6.66	7.05	6.66	6.82	11308864	81006208.00
2013/10/15	6.80	6.91	6.55	6.67	9916977	69420832.00
2013/10/16	6.63	6.63	6.28	6.31	11165513	74826952.00
2013/10/17	6.34	6.65	6.34	6.51	13758218	93837320.00
2013/10/18	6.76	7.19	6.76	6.93	31261658	228262000.00
2013/10/21	7.02	7.31	6.78	7.23	20680518	152274352.00
2013/10/22	7.15	7.35	6.96	6.98	11486572	85415144.00
2013/10/23	7.02	7.27	6.78	6.84	10120662	73487584.00
2013/10/24	6.83	6.99	6.78	6.91	7361948	52749072.00
2013/10/25	6.92	6.93	6.56	6.74	7199290	50272024.00
2013/10/28	6.76	6.81	6.65	6.72	3580531	25151730.00
2013/10/29	6.75	6.81	6.31	6.72	7996919	55021448.00
2013/10/30	6.63	7.00	6.63	6.99	8953225	64565072.00
2013/10/31	6.99	6.99	6.66	6.88	6497270	46184956.00
2013/11/01	6.81	7.02	6.68	7.00	6037577	43418892.00
2013/11/04	7.01	7.12	6.79	6.86	6485438	46691332.00
2013/11/05	6.89	7.15	6.81	7.10	11740571	85317232.00
2013/11/06	7.12	7.32	6.93	6.99	13350730	99646680.00
2013/11/07	7.00	7.05	6.65	6.76	8929424	63421684.00
2013/11/08	6.65	6.73	6.38	6.59	6967347	47591400.00
2013/11/11	6.55	6.70	6.38	6.68	3635084	24893872.00
2013/11/12	6.67	6.72	6.58	6.69	2725024	18984256.00
2013/11/13	6.68	6.76	6.49	6.71	4809141	33486756.00
2013/11/14	6.70	6.93	6.61	6.89	8520371	60674500.00
2013/11/15	6.91	7.02	6.83	6.98	7222409	52405772.00
2013/11/18	7.00	7.03	6.93	7.02	7166926	52216140.00
2013/11/19	7.03	7.18	6.98	7.02	5694851	41965484.00
2013/11/20	7.09	7.10	6.87	6.99	4530390	32874886.00
2013/11/21	6.96	7.13	6.89	7.13	5943469	43636976.00
2013/11/22	7.18	7.38	7.13	7.24	11185378	84790696.00
2013/11/25	7.24	7.33	7.00	7.04	5644295	42151276.00
2013/11/26	6.96	7.05	6.89	6.97	4299861	31137088.00
2013/11/27	6.97	7.08	6.93	7.01	3321536	24298084.00
2013/11/28	7.01	7.13	7.01	7.09	3815010	28150860.00
2013/11/29	7.09	7.28	7.09	7.16	4139753	31020478.00
2013/12/02	7.05	7.10	6.80	7.08	6437417	46785728.00
2013/12/03	7.01	7.62	6.98	7.57	8599352	65645316.00
2013/12/04	7.60	8.09	7.51	7.85	14396020	117599504.00
2013/12/05	7.99	7.99	7.78	7.85	7663357	62687616.00
2013/12/06	7.81	8.17	7.75	7.88	8169591	67867568.00
2013/12/09	7.88	8.01	7.79	7.94	5453556	44693724.00
2013/12/10	7.98	8.00	7.71	7.81	5962352	48582580.00
2013/12/11	7.78	7.93	7.68	7.90	5265007	42633624.00
2013/12/12	7.85	8.14	7.85	7.96	5368306	44687664.00
2013/12/13	7.92	7.99	7.77	7.96	4227785	34559136.00
2013/12/16	7.91	8.35	7.64	7.67	18307313	153370432.00
2013/12/17	7.63	7.77	7.30	7.72	10021707	78337616.00
2013/12/18	7.69	7.86	7.49	7.84	6028959	48205768.00
2013/12/19	7.83	7.83	7.66	7.73	4025875	32292078.00
2013/12/20	7.64	7.76	7.46	7.68	3997425	31623472.00
2013/12/23	7.70	7.84	7.62	7.80	3703684	29801512.00
2013/12/24	7.81	8.10	7.78	7.89	6095899	50177952.00
2013/12/25	7.96	8.30	7.88	8.30	12360102	104533776.00
2013/12/26	8.35	8.37	7.92	8.00	10442846	88200088.00
2013/12/27	7.95	8.25	7.91	8.12	7457716	62875000.00
2013/12/30	8.15	8.50	8.15	8.47	8706176	75439376.00
2013/12/31	8.45	8.70	8.27	8.65	9611522	84560448.00
2014/01/02	8.62	8.62	8.45	8.53	5301734	46838672.00
2014/01/03	8.53	8.58	8.25	8.31	5586772	48382776.00
2014/01/06	8.22	8.53	7.94	8.50	6458309	55010728.00
2014/01/07	8.45	8.68	8.22	8.36	4700067	41054548.00
2014/01/08	8.38	8.79	8.38	8.79	10491805	93854544.00
2014/01/09	8.69	8.87	8.66	8.79	5000611	45403024.00
2014/01/10	8.79	8.86	8.44	8.71	5997270	53593768.00
2014/01/13	8.90	8.98	8.31	8.42	8491352	74779552.00
2014/01/14	8.41	8.61	8.22	8.60	5877845	51313792.00
2014/01/15	8.60	9.00	8.45	8.92	9605550	86928536.00
2014/01/16	8.92	9.05	8.74	8.93	5785843	53295536.00
2014/01/17	8.93	9.04	8.81	8.90	5002179	46235656.00
2014/01/20	8.90	8.98	8.54	8.64	6984997	62761484.00
2014/01/21	8.62	8.84	8.46	8.78	4970337	44681788.00
2014/01/22	8.78	8.83	8.60	8.67	6140527	55424252.00
2014/01/23	8.66	8.79	8.45	8.69	8929173	79257824.00
2014/01/24	8.62	8.73	8.44	8.69	7471320	66623932.00
2014/01/27	8.64	8.96	8.54	8.90	7621598	69624160.00
2014/01/28	8.88	8.88	8.59	8.73	4891301	44148956.00
2014/01/29	8.73	8.77	8.48	8.67	5858399	51978544.00
2014/01/30	8.58	8.67	8.50	8.63	2435343	21606472.00
2014/02/07	8.56	8.56	8.34	8.49	3449852	30049836.00
2014/02/10	8.45	8.64	8.41	8.60	5154843	45546768.00
2014/02/11	8.60	8.65	8.28	8.37	7889842	68835912.00
2014/02/12	8.37	8.95	8.31	8.88	11142790	99892152.00
2014/02/13	8.90	8.96	8.69	8.90	8806141	80449104.00
2014/02/14	8.89	9.55	8.84	9.50	16019294	154373168.00
2014/02/17	9.50	9.93	9.32	9.62	13078638	130181680.00
2014/02/18	9.63	9.84	9.44	9.58	5729211	56794264.00
2014/02/19	9.56	9.70	9.50	9.65	4667217	46162260.00
2014/02/20	9.65	9.99	9.49	9.55	9303468	93664320.00
2014/02/21	9.48	9.62	9.35	9.52	3994276	38926168.00
2014/02/24	9.45	9.60	9.20	9.47	5276374	50891336.00
2014/02/25	9.40	9.55	8.70	9.07	6305959	59544216.00
2014/02/26	8.90	9.09	8.72	9.01	4165555	38242188.00
2014/02/27	9.01	9.12	8.76	8.79	4326247	39781696.00
2014/02/28	8.75	8.93	8.70	8.87	5410489	49261296.00
2014/03/03	8.85	9.10	8.80	8.95	4716190	43639428.00
2014/03/04	8.88	9.04	8.80	9.00	2480498	22912202.00
2014/03/05	9.02	9.46	9.02	9.39	6786185	65206852.00
2014/03/06	9.38	9.38	9.07	9.25	4839085	45843832.00
2014/03/07	9.18	9.32	8.70	8.99	6099456	56720008.00
2014/03/10	9.02	9.14	8.70	8.95	5542771	51576788.00
2014/03/11	8.95	9.29	8.82	9.02	4205926	39678084.00
2014/03/12	9.02	9.02	8.33	8.74	6641203	59426996.00
2014/03/13	8.69	8.83	8.53	8.70	2543797	22859508.00
2014/03/14	8.63	8.63	8.33	8.55	2527894	22183680.00
2014/03/17	8.35	8.70	8.35	8.68	1751068	15586844.00
2014/03/18	8.68	8.85	8.63	8.66	2193854	19797704.00
2014/03/19	8.69	8.72	8.50	8.67	2394113	21291228.00
2014/03/20	8.54	8.63	8.40	8.43	1727166	15231450.00
2014/03/21	8.35	8.54	8.26	8.48	2151819	18738656.00
2014/03/24	8.49	8.75	8.45	8.70	2904568	26103596.00
2014/03/25	8.67	8.76	8.49	8.65	2680439	23812832.00
2014/03/26	8.60	8.75	8.57	8.73	2001819	17955516.00
2014/03/27	8.72	8.74	8.60	8.66	1492330	13372051.00
2014/03/28	8.60	8.70	8.41	8.52	1970853	17401830.00
2014/03/31	8.44	8.48	7.95	8.29	4885620	41312536.00
2014/04/01	8.27	8.30	8.15	8.29	1560338	13288630.00
2014/04/02	8.30	8.40	8.17	8.25	1393344	11926359.00
2014/04/03	8.22	8.29	8.16	8.24	1312563	11181338.00
2014/04/04	8.23	8.30	8.06	8.28	1300555	11035897.00
2014/04/08	8.30	8.37	8.19	8.35	2065803	17809426.00
2014/04/09	8.35	8.67	8.25	8.64	3344146	29296550.00
2014/04/10	8.62	8.78	8.60	8.68	3243327	29119212.00
2014/04/11	8.67	8.73	8.60	8.70	1648982	14779458.00
2014/04/14	8.68	9.01	8.62	8.99	4207839	38686988.00
2014/04/15	8.98	9.13	8.91	8.97	4827107	45029608.00
2014/04/16	8.93	9.06	8.70	8.74	3130278	28718000.00
2014/04/17	8.77	8.90	8.71	8.80	2136639	19453360.00
2014/04/18	8.77	8.86	8.68	8.79	1519671	13782204.00
2014/04/21	8.71	9.07	8.70	8.88	3860970	35627920.00
2014/04/22	8.84	8.99	8.74	8.97	1639924	14982012.00
2014/04/23	8.97	9.03	8.80	8.95	1611948	14841892.00
2014/04/24	8.83	8.94	8.80	8.88	1241878	11378113.00
2014/04/25	8.80	8.93	8.39	8.53	2324033	20744484.00
2014/04/28	8.39	8.39	7.65	7.65	5697103	46103328.00
2014/04/29	7.59	7.86	7.45	7.74	3959083	31360480.00
2014/04/30	7.74	7.88	7.64	7.84	2055362	16604208.00
2014/05/05	7.84	7.97	7.70	7.94	2613485	21245840.00
2014/05/06	7.90	8.51	7.89	8.24	3525983	30315280.00
2014/05/07	8.22	8.27	7.88	7.95	1574240	13174522.00
2014/05/08	8.00	8.06	7.82	7.99	1442685	11906494.00
2014/05/09	7.90	7.94	7.67	7.75	1468797	11822209.00
2014/05/12	7.85	8.05	7.72	8.02	2680236	22078012.00
2014/05/13	7.99	8.26	7.96	8.13	2288250	19347822.00
2014/05/14	8.19	8.32	8.17	8.18	1265072	10811041.00
2014/05/15	8.80	9.03	8.40	8.48	7387009	66138472.00
2014/05/16	8.30	8.50	8.08	8.48	3636019	31171384.00
2014/05/19	8.25	8.71	8.25	8.64	3066016	27167912.00
2014/05/20	8.66	8.78	8.61	8.61	2481594	22365364.00
2014/05/21	8.62	9.00	8.62	8.88	5033741	46360400.00
2014/05/22	8.87	8.97	8.78	8.83	2434981	22356778.00
2014/05/23	8.86	8.86	8.64	8.75	1952619	17600208.00
2014/05/26	8.76	8.93	8.72	8.80	2204078	20131504.00
2014/05/27	8.75	8.79	8.61	8.69	2288959	20542984.00
2014/05/28	8.66	8.70	8.50	8.60	2072409	18417948.00
2014/05/29	8.58	8.65	8.50	8.56	1456970	12938770.00
2014/05/30	8.51	8.64	8.50	8.57	1173253	10397641.00
2014/06/03	8.57	8.92	8.54	8.87	4121857	37668080.00
2014/06/04	8.96	8.96	8.62	8.74	3111566	28039170.00
2014/06/05	8.74	8.95	8.74	8.90	4001313	36671024.00
2014/06/06	8.91	9.02	8.87	8.97	4184474	38745308.00
2014/06/09	8.91	9.29	8.91	9.19	6970784	66090836.00
2014/06/10	9.18	9.26	9.00	9.20	3405315	32125802.00
2014/06/11	9.14	9.22	8.98	9.02	3293365	30878802.00
2014/06/12	9.01	9.10	8.89	8.99	1830920	16990464.00
2014/06/13	8.98	9.45	8.98	9.33	6576599	63018296.00
2014/06/16	9.30	9.69	9.25	9.30	6410901	62728876.00
2014/06/17	9.35	9.35	9.01	9.04	3880924	35413304.00
2014/06/18	9.04	9.13	8.80	8.95	3808484	34053988.00
2014/06/19	8.89	8.99	8.82	8.87	1917691	17042308.00
2014/06/20	8.92	9.04	8.85	8.90	2307307	20607468.00
2014/06/23	8.83	9.21	8.83	9.17	3445703	31503524.00
2014/06/24	9.19	9.35	9.11	9.32	2015725	18685190.00
2014/06/25	9.32	9.33	9.10	9.11	1578918	14494737.00
2014/06/26	9.08	9.24	9.07	9.12	1744114	15918953.00
2014/06/27	9.12	9.29	9.09	9.18	1815478	16741301.00
2014/06/30	9.18	9.55	9.10	9.49	4554064	42758280.00
2014/07/01	9.64	9.64	9.43	9.46	3481559	33119384.00
2014/07/02	9.45	9.80	9.40	9.64	3601498	34738036.00
2014/07/03	9.65	9.94	9.51	9.92	5476065	53831784.00
2014/07/04	9.90	9.94	9.72	9.89	3495484	34310300.00
2014/07/07	9.86	9.87	9.58	9.59	4550345	44236080.00
2014/07/08	9.58	9.95	9.51	9.92	5245319	51768536.00
2014/07/09	9.92	10.10	9.61	9.84	5587515	55250720.00
2014/07/10	9.78	10.29	9.78	10.17	9748126	98728592.00
2014/07/11	10.17	10.55	10.12	10.31	7115012	73704768.00
2014/07/14	10.31	10.45	10.18	10.24	5182636	53327696.00
2014/07/15	10.25	10.60	10.23	10.33	4483413	46793856.00
2014/07/16	10.33	10.43	10.06	10.21	2655663	27105024.00
2014/07/17	10.13	10.35	10.08	10.09	1562477	15854747.00
2014/07/18	10.09	10.15	9.98	10.10	2462916	24721040.00
2014/07/21	10.02	10.23	9.63	9.79	5741504	56940152.00
2014/07/22	9.78	10.10	9.72	9.99	4468564	44404820.00
2014/07/23	10.01	10.10	9.86	10.05	3687848	36824120.00
2014/07/24	10.01	10.08	9.72	9.82	3474121	34129256.00
2014/07/25	9.81	9.99	9.68	9.84	1992615	19461672.00
2014/07/28	9.84	10.11	9.77	10.07	5672301	56218620.00
2014/07/29	10.00	10.09	9.90	9.96	5862715	58521844.00
2014/07/30	9.96	10.06	9.90	10.01	3770354	37591416.00
2014/07/31	10.09	10.18	9.83	10.06	6477084	64872424.00
2014/08/01	10.00	10.06	9.90	9.91	3932873	39235976.00
2014/08/04	9.95	10.33	9.87	10.29	8857706	90189328.00
2014/08/05	10.23	10.33	10.13	10.26	3222131	32890340.00
2014/08/06	10.27	10.27	10.10	10.21	3268269	33228240.00
2014/08/07	10.15	10.37	10.07	10.09	3030758	30957680.00
2014/08/08	10.10	10.14	10.02	10.06	1639749	16504042.00
2014/08/11	10.02	10.41	10.01	10.39	4966920	51107364.00
2014/08/12	10.39	10.43	10.23	10.33	3761896	38732032.00
2014/08/13	10.33	10.33	10.08	10.19	3476593	35347616.00
2014/08/14	10.15	10.24	9.99	10.03	3800630	38397416.00
2014/08/15	10.03	10.22	10.01	10.17	2771172	28177626.00
2014/08/18	10.23	10.24	10.14	10.20	2757889	28078328.00
2014/08/19	10.25	10.27	10.12	10.23	4709107	48058524.00
2014/08/20	10.19	10.44	10.15	10.33	4637285	48057200.00
2014/08/21	10.34	10.36	10.13	10.27	2000161	20532104.00
2014/08/22	10.26	10.45	10.23	10.42	3810106	39497008.00
2014/08/25	10.44	10.78	10.37	10.40	4966126	52290176.00
2014/08/26	10.40	10.55	10.05	10.07	4017795	41327416.00
2014/08/27	10.07	10.17	9.88	10.08	3959244	39582072.00
2014/08/28	10.08	10.12	9.80	10.04	3128300	30967560.00
2014/08/29	10.02	10.08	9.83	10.03	2695033	26809224.00
2014/09/01	10.02	10.02	9.77	9.94	7347567	72441952.00
2014/09/02	9.86	10.09	9.86	10.08	5763224	57470920.00
2014/09/03	10.09	10.10	9.97	10.09	4034613	40515160.00
2014/09/04	10.08	10.29	10.03	10.22	5270860	53814112.00
2014/09/05	10.25	10.37	10.15	10.28	5891980	60491740.00
2014/09/09	10.28	10.40	9.99	10.09	6852217	69880176.00
2014/09/10	10.05	10.05	9.80	9.92	9897751	98071360.00
2014/09/11	9.90	10.02	9.79	9.96	7156586	70901712.00
2014/09/12	9.95	10.05	9.80	10.01	4666681	46247328.00
2014/09/15	10.00	10.15	9.93	10.10	5840595	58798696.00
2014/09/16	10.10	10.16	9.70	9.82	8372898	83229520.00
2014/09/17	9.82	9.83	9.51	9.70	6223034	60147928.00
2014/09/18	9.71	9.76	9.61	9.72	2782636	26928860.00
2014/09/19	9.73	9.74	9.51	9.67	3227623	31014404.00
2014/09/22	9.64	9.66	9.48	9.60	3045100	29100946.00
2014/09/23	9.53	9.71	9.45	9.59	6584732	62996108.00
2014/09/24	9.59	9.69	9.44	9.67	5984499	57161536.00
2014/09/25	9.67	9.69	9.58	9.59	6027902	58013444.00
2014/09/26	9.57	9.67	9.45	9.66	5257694	50258616.00
2014/09/29	9.67	9.86	9.66	9.84	6951501	67570352.00
2014/09/30	9.83	9.87	9.72	9.82	4100643	40197488.00
2014/10/08	9.85	9.91	9.76	9.87	5284164	52061308.00
2014/10/09	9.90	9.92	9.81	9.86	5224501	51515720.00
2014/10/10	9.87	9.90	9.75	9.78	4606530	45196452.00
2014/10/13	9.77	9.77	9.48	9.67	5020796	48066856.00
2014/10/14	9.67	9.68	9.49	9.51	4109296	39315868.00
2014/10/15	9.48	9.70	9.48	9.61	2971566	28558300.00
2014/10/16	9.56	9.61	9.42	9.43	4730851	44940436.00
2014/10/17	9.42	9.42	9.23	9.34	3537615	32939968.00
2014/10/20	9.34	9.48	9.31	9.40	2469470	23212768.00
2014/10/21	9.39	9.55	9.37	9.49	2535989	24074174.00
2014/10/22	9.46	9.51	9.29	9.31	2470241	23141224.00
2014/10/23	9.31	9.31	8.98	9.11	4358365	39634536.00
2014/10/24	9.06	9.14	9.00	9.12	2631479	23798068.00
2014/10/27	9.05	9.31	9.05	9.29	3456383	31694956.00
2014/10/28	9.29	9.39	9.24	9.35	2638555	24593732.00
2014/10/29	9.35	9.45	9.31	9.41	2674104	25127972.00
2014/10/30	9.38	9.44	9.33	9.36	2839201	26640920.00
2014/10/31	9.35	9.46	9.33	9.39	3961595	37173176.00
2014/11/03	9.38	9.47	9.38	9.40	4340799	40901136.00
2014/11/04	9.37	9.41	9.20	9.20	3437074	31969108.00
2014/11/05	9.21	9.25	9.16	9.20	2267007	20854172.00
2014/11/06	9.25	9.27	9.09	9.18	2754447	25220168.00
2014/11/07	9.20	9.22	9.12	9.12	3122692	28618008.00
2014/11/10	9.11	9.17	8.97	9.10	3859055	34946668.00
2014/11/11	9.12	9.17	8.88	9.03	4427411	39917768.00
2014/11/12	9.00	9.30	8.91	9.29	5508959	50546204.00
2014/11/13	9.30	9.53	9.23	9.48	10812955	101992824.00
2014/11/14	9.46	9.52	9.34	9.41	4589047	43205508.00
2014/11/17	9.50	9.62	9.35	9.53	5859482	55646780.00
2014/11/18	9.47	9.68	9.44	9.60	9135045	87748080.00
2014/11/19	9.60	9.69	9.47	9.54	5638051	53965196.00
2014/11/20	9.48	9.57	9.41	9.48	3173855	30166462.00
2014/11/21	9.51	9.58	9.45	9.50	4262862	40521572.00
2014/11/24	9.52	9.59	9.45	9.51	6608213	62875928.00
2014/11/25	9.53	9.63	9.46	9.63	6489535	62009720.00
2014/11/26	9.68	9.68	9.51	9.57	5023858	48155160.00
2014/11/27	9.59	10.06	9.55	10.02	14217203	139466000.00
2014/11/28	10.00	10.00	9.75	9.91	10626940	105169120.00
2014/12/01	9.91	9.96	9.66	9.73	8361076	81597520.00
2014/12/02	9.69	9.85	9.69	9.80	4968101	48678888.00
2014/12/03	9.79	9.94	9.72	9.90	8020254	78912832.00
2014/12/04	9.91	9.96	9.80	9.87	11479172	113175224.00
2014/12/05	9.80	9.87	9.40	9.42	11870019	113754816.00
2014/12/08	9.43	9.58	9.29	9.40	10044913	94477424.00
2014/12/09	9.38	9.47	9.25	9.26	8480540	79322608.00
2014/12/10	9.23	9.58	9.19	9.50	5294038	49658484.00
2014/12/11	9.48	9.65	9.37	9.59	7060056	67387984.00
2014/12/12	9.63	9.69	9.44	9.58	7985300	76056416.00
2014/12/15	9.65	9.72	9.51	9.68	6392485	61466776.00
2014/12/16	9.70	9.70	9.58	9.62	4839693	46576884.00
2014/12/17	9.62	9.68	9.30	9.38	5972061	56315848.00
2014/12/18	9.39	9.45	9.30	9.40	3329202	31246368.00
2014/12/19	9.38	9.38	9.05	9.16	8151761	74769944.00
2014/12/22	9.26	9.34	8.89	9.30	8212871	75008504.00
2014/12/23	9.38	9.41	9.05	9.10	3820423	35014008.00
2014/12/24	9.17	9.24	9.09	9.17	2829257	25887798.00
2014/12/25	9.16	9.34	9.11	9.27	3170828	29294618.00
2014/12/26	9.25	9.33	9.13	9.16	6038905	55537772.00
2014/12/29	9.15	9.27	9.06	9.14	3973687	36424616.00
2014/12/30	9.13	9.26	8.90	9.17	4044948	36717172.00
2014/12/31	9.13	9.33	9.09	9.30	5510781	50720256.00
2015/01/05	9.30	9.67	9.21	9.62	12406014	117988992.00
2015/01/06	9.50	9.71	9.48	9.67	9272331	89266784.00
2015/01/07	9.66	9.96	9.58	9.95	14959880	147158256.00
2015/01/08	10.02	10.36	9.99	10.14	22372745	227875152.00
2015/01/09	10.14	10.38	9.99	10.02	15289410	155438176.00
2015/01/12	10.02	10.02	9.65	9.70	9730095	95229080.00
2015/01/13	9.59	10.00	9.53	9.97	8963377	88020664.00
2015/01/14	9.87	10.42	9.86	10.23	16799490	171751904.00
2015/01/15	10.28	10.37	10.09	10.17	7571686	76991488.00
2015/01/16	10.16	10.30	9.98	10.24	11406786	115686192.00
2015/01/19	10.00	10.12	9.56	9.90	12169111	120666848.00
2015/01/20	9.85	10.20	9.82	10.15	9192558	92393432.00
2015/01/21	10.11	10.27	10.10	10.17	8587643	87362232.00
2015/01/22	10.20	10.96	10.12	10.82	20363464	216381360.00
2015/01/23	10.87	11.06	10.65	10.80	15640354	169775952.00
2015/01/26	10.76	11.18	10.70	11.03	12876380	141463904.00
2015/01/27	10.94	11.08	10.82	10.84	4505100	49347952.00
2015/05/05	10.84	10.84	10.84	10.84	0	0.00
数据来源:通达信
