600880 博瑞传播 日线 前复权
      日期	    开盘	    最高	    最低	    收盘	    成交量	    成交额
2011/10/10	7.29	7.44	7.20	7.24	1624078	19973068.00
2011/10/11	7.43	7.51	7.19	7.26	1289560	15836509.00
2011/10/12	7.26	7.59	7.09	7.57	3353300	41928640.00
2011/10/13	7.59	7.98	7.58	7.79	5479577	71502376.00
2011/10/14	7.75	7.90	7.64	7.75	3258439	42311796.00
2011/10/17	7.86	7.95	7.54	7.66	4401446	56999384.00
2011/10/18	7.54	7.66	7.41	7.52	2999121	37901592.00
2011/10/19	7.58	7.88	7.49	7.50	6345333	81662928.00
2011/10/20	7.44	7.44	7.13	7.14	5516651	66758972.00
2011/10/21	7.14	7.19	6.95	6.97	3637332	42964248.00
2011/10/24	6.96	7.65	6.70	7.38	11075718	133579384.00
2011/10/25	7.37	7.84	7.33	7.66	25038489	319901088.00
2011/10/26	7.66	8.38	7.58	8.04	37242437	499823424.00
2011/10/27	8.04	8.26	7.94	8.05	18744270	253104336.00
2011/10/28	8.14	8.56	8.06	8.37	31412153	436690112.00
2011/10/31	8.29	8.76	8.29	8.67	33176244	473517056.00
2011/11/01	8.51	8.89	8.48	8.50	24308210	351109472.00
2011/11/02	8.33	9.39	8.29	9.39	37518553	552381952.00
2011/11/03	9.37	9.41	9.03	9.07	28175192	431367904.00
2011/11/04	9.09	9.34	8.79	8.96	18843559	283300800.00
2011/11/07	8.86	9.07	8.78	9.00	12468390	185712064.00
2011/11/08	9.01	9.16	8.77	8.86	14081778	210642224.00
2011/11/09	8.88	9.31	8.68	9.27	29830226	449014080.00
2011/11/10	9.07	9.13	8.66	8.69	23160296	343998496.00
2011/11/11	8.69	9.04	8.59	8.69	18062694	265394384.00
2011/11/14	8.81	9.13	8.67	8.98	14192084	210350160.00
2011/11/15	8.99	9.36	8.88	9.26	23819768	361846944.00
2011/11/16	9.28	9.28	8.69	8.86	19471781	289535296.00
2011/11/17	8.84	8.91	8.64	8.71	10738754	157168400.00
2011/11/18	8.68	8.76	8.33	8.39	14032883	199350224.00
2011/11/21	8.41	8.50	8.30	8.48	7648897	107366184.00
2011/11/22	8.39	8.60	8.29	8.47	10476707	147627408.00
2011/11/23	8.48	8.71	8.41	8.53	12357013	176113616.00
2011/11/24	8.39	8.71	8.39	8.56	9310376	133371216.00
2011/11/25	8.58	8.80	8.51	8.61	8587846	124132584.00
2011/11/28	8.65	8.71	8.36	8.54	8189320	116381928.00
2011/11/29	8.53	8.63	8.33	8.43	11000975	154884160.00
2011/11/30	8.40	8.41	7.78	7.84	9209910	124231896.00
2011/12/01	8.14	8.28	8.01	8.05	7717429	104765952.00
2011/12/02	7.95	8.23	7.89	8.01	4452406	59913064.00
2011/12/05	7.95	8.14	7.90	7.95	3821017	51274384.00
2011/12/06	7.92	8.23	7.70	8.17	6759549	90672176.00
2011/12/07	8.11	8.28	8.06	8.11	3872922	52832864.00
2011/12/08	8.08	8.54	8.00	8.35	9440239	131230088.00
2011/12/09	8.20	8.35	7.95	8.04	6971210	94746400.00
2011/12/12	8.02	8.18	7.86	7.87	2967360	39874624.00
2011/12/13	7.79	8.01	7.34	7.68	10811680	138071456.00
2011/12/14	7.56	7.66	7.29	7.50	6511762	81808656.00
2011/12/15	7.38	7.51	7.22	7.36	5379933	66636304.00
2011/12/16	7.30	7.56	7.23	7.51	8552383	105831704.00
2011/12/19	7.39	7.83	7.25	7.70	9001193	113918656.00
2011/12/20	7.59	7.74	7.36	7.37	6729460	85258840.00
2011/12/21	7.42	7.54	7.21	7.22	4593998	57099048.00
2011/12/22	7.14	7.14	6.54	6.96	8302672	95502600.00
2011/12/23	6.84	7.12	6.77	6.89	3866938	45117184.00
2011/12/26	6.82	6.98	6.82	6.90	3046611	35524920.00
2011/12/27	6.89	7.00	6.65	6.81	4159071	47626556.00
2011/12/28	6.69	6.78	6.26	6.66	6808396	75212936.00
2011/12/29	6.54	6.98	6.53	6.96	6828333	78253384.00
2011/12/30	6.93	7.59	6.89	7.39	5883962	71258456.00
2012/01/04	7.31	7.39	6.86	6.88	7483801	89893832.00
2012/01/05	6.77	6.81	6.55	6.65	4885223	55026032.00
2012/01/06	6.64	6.75	6.48	6.67	2355009	26202604.00
2012/01/09	6.68	7.00	6.56	6.94	4421559	50945424.00
2012/01/10	6.89	7.26	6.88	7.24	4890516	58437664.00
2012/01/11	7.26	7.44	7.16	7.26	6074153	74276624.00
2012/01/12	7.19	7.26	7.00	7.10	4184747	50054836.00
2012/01/13	7.08	7.10	6.63	6.63	4675681	53633700.00
2012/01/16	6.53	6.55	6.19	6.29	6123400	65900344.00
2012/01/17	6.26	6.51	5.88	6.50	18550855	193990256.00
2012/01/18	6.45	6.45	5.99	6.01	11533538	121638520.00
2012/01/19	5.93	6.08	5.71	5.99	7918967	79489088.00
2012/01/20	5.95	6.19	5.89	6.11	4735265	49058384.00
2012/01/30	6.13	6.18	6.07	6.10	3127207	32430894.00
2012/01/31	6.05	6.29	5.93	6.26	4806548	49958736.00
2012/02/01	6.20	6.28	6.13	6.13	3545170	37215492.00
2012/02/02	6.13	6.54	6.13	6.46	8313956	89586008.00
2012/02/03	6.45	6.59	6.40	6.49	8136925	89726480.00
2012/02/06	6.49	6.63	6.44	6.61	7142036	78788264.00
2012/02/07	6.53	6.59	6.43	6.58	9043078	99463160.00
2012/02/08	6.56	6.73	6.48	6.65	11083197	124178096.00
2012/02/09	6.86	6.99	6.75	6.83	13839350	159593328.00
2012/02/10	6.74	6.91	6.71	6.78	9048833	103835824.00
2012/02/13	6.73	7.04	6.67	6.95	8079041	93697552.00
2012/02/14	6.92	6.96	6.79	6.88	5171816	59797976.00
2012/02/15	6.83	7.13	6.78	6.99	8152294	95677400.00
2012/02/16	7.01	7.23	6.91	6.98	10478258	125052000.00
2012/02/17	6.98	7.02	6.81	6.88	4322856	50214360.00
2012/02/20	6.98	7.15	6.94	6.99	7176697	85055816.00
2012/02/21	6.99	7.26	6.93	7.26	15431077	185255712.00
2012/02/22	7.24	8.02	7.17	7.96	46665756	606131584.00
2012/02/23	7.82	7.91	7.69	7.82	21112882	275287392.00
2012/02/24	7.82	8.06	7.76	7.93	18711607	247175536.00
2012/02/27	7.86	8.06	7.78	7.84	13130741	173814816.00
2012/02/28	7.83	7.97	7.73	7.89	11604269	152308128.00
2012/02/29	7.94	7.99	7.58	7.71	12324153	160562784.00
2012/03/01	7.63	7.71	7.54	7.61	8708180	111206280.00
2012/03/02	7.63	7.83	7.53	7.81	16251378	207972064.00
2012/03/05	7.78	7.80	7.54	7.64	28951343	369952512.00
2012/03/06	7.59	7.60	7.42	7.46	15411233	194127728.00
2012/03/07	7.38	7.47	7.30	7.37	11676030	144819104.00
2012/03/08	7.44	7.71	7.40	7.62	15662759	199145072.00
2012/03/09	7.69	7.78	7.56	7.68	13958197	179536912.00
2012/03/12	7.71	7.88	7.65	7.74	11087319	144083168.00
2012/03/13	7.73	7.80	7.64	7.78	7957626	102878064.00
2012/03/14	7.81	7.85	7.01	7.15	15754309	198358144.00
2012/03/15	7.18	7.24	7.02	7.15	12951580	155648192.00
2012/03/16	7.18	7.48	7.07	7.44	10773728	131868288.00
2012/03/19	7.38	7.53	7.37	7.46	7018369	87710656.00
2012/03/20	7.44	7.50	7.21	7.24	6709586	82576480.00
2012/03/21	7.29	7.43	7.21	7.38	6815170	83808752.00
2012/03/22	7.34	7.38	7.17	7.28	4858186	59234104.00
2012/03/23	7.24	7.36	7.13	7.22	5456803	66345080.00
2012/03/26	7.18	7.22	7.00	7.06	5689402	67826776.00
2012/03/27	7.11	7.14	7.01	7.01	3736125	44436592.00
2012/03/28	6.99	6.99	6.49	6.51	12279106	137863520.00
2012/03/30	6.39	6.44	6.17	6.37	9445641	101051680.00
2012/04/05	6.37	6.74	6.33	6.67	6486568	72113736.00
2012/04/06	6.64	6.72	6.59	6.69	2914659	32798896.00
2012/04/09	6.69	6.69	6.48	6.49	3011472	33416798.00
2012/04/10	6.49	6.68	6.37	6.67	3685404	40647448.00
2012/04/11	6.53	6.70	6.51	6.68	4543169	50755688.00
2012/04/12	6.69	6.89	6.63	6.85	6475505	73866984.00
2012/04/13	6.86	6.91	6.73	6.81	9386347	107860072.00
2012/04/16	6.74	7.12	6.70	7.08	10493217	121788200.00
2012/04/17	7.14	7.14	6.88	6.95	8576569	100843696.00
2012/04/18	6.95	7.10	6.95	7.06	6200187	73391472.00
2012/04/19	7.06	7.12	6.99	7.06	4820397	57261000.00
2012/04/20	7.08	7.19	7.04	7.14	6721646	80524736.00
2012/04/23	7.16	7.16	6.79	6.83	7808602	91009200.00
2012/04/24	6.76	6.93	6.47	6.75	7019784	79187600.00
2012/04/25	6.76	7.01	6.64	6.90	7577915	86830304.00
2012/04/26	6.86	7.01	6.70	6.71	7101832	81691520.00
2012/04/27	6.73	6.81	6.65	6.69	5730019	65040936.00
2012/05/02	6.79	6.89	6.72	6.83	6331957	72766504.00
2012/05/03	6.81	6.98	6.80	6.93	6793681	79013392.00
2012/05/04	6.93	7.05	6.93	7.03	7717494	90911832.00
2012/05/07	6.98	7.03	6.86	6.99	7910006	92247792.00
2012/05/08	7.04	7.16	6.99	7.07	10573457	125912400.00
2012/05/09	6.95	6.97	6.73	6.74	10927301	126110712.00
2012/05/10	6.75	6.82	6.71	6.77	4293199	48976000.00
2012/05/11	6.83	6.86	6.58	6.59	5905528	67018152.00
2012/05/14	6.65	6.68	6.52	6.54	5758681	64265032.00
2012/05/15	6.45	6.51	6.36	6.46	6267271	67966440.00
2012/05/16	6.43	6.48	6.31	6.33	4371081	47240576.00
2012/05/17	6.36	6.53	6.31	6.42	5579089	59853488.00
2012/05/18	6.39	6.48	6.34	6.41	4307771	46104460.00
2012/05/21	6.45	6.48	6.33	6.44	2304404	24640276.00
2012/05/22	6.46	6.58	6.45	6.55	3694345	40210840.00
2012/05/23	6.53	6.54	6.34	6.40	6254664	66917744.00
2012/05/24	6.35	6.42	6.33	6.36	3766370	39965328.00
2012/05/25	6.38	6.39	6.13	6.18	5216994	54198484.00
2012/05/28	6.17	6.29	6.04	6.26	4041844	41625684.00
2012/05/29	6.24	6.35	6.19	6.32	5373576	56541496.00
2012/05/30	6.28	6.38	6.28	6.32	3572914	37716360.00
2012/05/31	6.29	6.46	6.23	6.41	5018841	53417696.00
2012/06/01	6.41	6.47	6.36	6.41	2519459	26956092.00
2012/06/04	6.26	6.26	5.98	6.14	5707462	58869528.00
2012/06/05	6.13	6.17	6.04	6.12	2723583	27791528.00
2012/06/06	6.15	6.16	5.98	6.01	3869407	39144792.00
2012/06/07	6.07	6.08	5.94	5.94	3345229	33570272.00
2012/06/08	5.99	6.07	5.91	5.94	3759197	37574552.00
2012/06/11	5.95	6.09	5.95	6.06	2082937	20986554.00
2012/06/12	6.02	6.03	5.96	5.98	2135068	21381532.00
2012/06/13	6.01	6.14	5.98	6.12	3531768	35930060.00
2012/06/14	6.13	6.16	6.04	6.08	2408558	24598372.00
2012/06/15	6.09	6.18	6.06	6.16	3309765	33898912.00
2012/06/18	6.18	6.25	6.15	6.18	2703834	27962444.00
2012/06/19	6.17	6.28	6.14	6.16	2713247	28118080.00
2012/06/20	6.18	6.28	6.18	6.23	5428381	56532420.00
2012/06/21	6.21	6.23	6.03	6.08	3757277	38155352.00
2012/06/25	6.08	6.08	5.91	5.93	2391640	23932728.00
2012/06/26	5.91	5.96	5.86	5.95	1530633	15142849.00
2012/06/27	5.94	6.02	5.94	5.96	1332704	13306542.00
2012/06/28	5.96	6.01	5.84	5.84	1875420	18604168.00
2012/06/29	5.84	5.97	5.78	5.96	2203215	21615286.00
2012/07/02	6.02	6.13	5.99	6.08	2809483	28513000.00
2012/07/03	6.11	6.17	6.06	6.08	3688613	37628668.00
2012/07/04	6.08	6.14	6.03	6.08	1729079	17512272.00
2012/07/05	6.08	6.08	5.92	5.98	2281702	22806446.00
2012/07/06	6.16	6.34	6.00	6.19	12835572	131577336.00
2012/07/09	6.08	6.09	5.86	5.88	8108031	81227600.00
2012/07/10	5.86	6.07	5.74	5.98	8127631	80110232.00
2012/07/11	5.94	6.09	5.94	6.03	4485048	45238256.00
2012/07/12	6.02	6.13	5.94	6.08	4233259	42819672.00
2012/07/13	6.13	6.19	6.07	6.09	4130060	42267880.00
2012/07/16	6.12	6.13	5.83	5.84	5520290	55002748.00
2012/07/17	5.78	5.89	5.77	5.89	2006647	19597908.00
2012/10/25	6.48	6.48	5.91	6.04	41618484	423919936.00
2012/10/26	5.94	6.68	5.80	6.66	64877301	692426496.00
2012/10/29	6.48	6.90	6.38	6.62	55503524	614313280.00
2012/10/30	6.54	6.78	6.47	6.60	37107068	409700224.00
2012/10/31	6.54	6.60	6.31	6.42	28145912	302253824.00
2012/11/01	6.43	6.60	6.35	6.42	28123022	303657696.00
2012/11/02	6.42	6.64	6.33	6.56	37000730	402274816.00
2012/11/05	6.54	6.63	6.38	6.42	33771448	367934784.00
2012/11/06	6.36	6.78	6.28	6.70	64436441	705388352.00
2012/11/07	6.62	6.63	6.37	6.45	41660003	450281888.00
2012/11/08	6.30	6.48	6.24	6.26	27478035	292737376.00
2012/11/09	6.23	6.91	6.19	6.91	64441657	706986560.00
2012/11/12	6.76	6.83	6.65	6.73	55757600	624903488.00
2012/11/13	6.68	6.89	6.55	6.57	54312159	609533568.00
2012/11/14	6.56	7.05	6.49	6.87	66149162	747737088.00
2012/11/15	6.76	6.93	6.64	6.73	48895486	552841856.00
2012/11/16	6.68	6.76	6.36	6.49	39216892	431858400.00
2012/11/19	6.40	6.64	6.36	6.63	20847714	226642224.00
2012/11/20	6.59	6.66	6.46	6.49	15177046	166282304.00
2012/11/21	6.46	6.84	6.30	6.83	46639674	514833152.00
2012/11/22	6.76	6.78	6.55	6.66	34142686	378823744.00
2012/11/23	6.64	6.71	6.50	6.58	38520487	425525760.00
2012/11/26	6.53	6.65	6.44	6.56	33418391	365698336.00
2012/11/27	6.51	6.64	6.36	6.39	32899843	358144992.00
2012/11/28	6.31	6.49	6.18	6.39	26277509	277337824.00
2012/11/29	6.36	6.48	6.33	6.38	42926047	458306528.00
2012/11/30	6.36	6.46	6.26	6.36	28661904	304210272.00
2012/12/03	6.89	6.89	6.16	6.18	37839911	407716096.00
2012/12/04	6.04	6.04	5.53	5.53	33578884	313313792.00
2012/12/05	5.29	5.66	5.06	5.48	39274062	358671520.00
2012/12/06	5.37	5.45	5.12	5.19	32400165	286874880.00
2012/12/07	5.20	5.42	5.18	5.35	25324409	225312528.00
2012/12/10	5.33	5.51	5.29	5.46	25061877	228336544.00
2012/12/11	5.46	5.63	5.41	5.48	23570291	218459344.00
2012/12/12	5.46	5.50	5.24	5.38	19819793	178502960.00
2012/12/13	5.38	5.43	5.21	5.24	15174651	135743584.00
2012/12/14	5.22	5.46	5.22	5.41	27027281	244165168.00
2012/12/17	5.44	5.66	5.41	5.58	30879039	286268896.00
2012/12/18	5.56	5.58	5.45	5.48	21093770	194945520.00
2012/12/19	5.48	5.63	5.47	5.51	16267980	151255952.00
2012/12/20	5.49	5.54	5.39	5.45	15480113	141746672.00
2012/12/21	5.46	5.51	5.41	5.45	14736348	134996512.00
2012/12/24	5.44	5.46	5.39	5.43	10797218	98385056.00
2012/12/25	5.43	5.61	5.40	5.56	23596387	219006304.00
2012/12/26	5.58	5.76	5.54	5.71	26699105	253590528.00
2012/12/27	5.73	5.76	5.58	5.61	21205587	200125616.00
2012/12/28	5.63	5.75	5.62	5.67	16756622	159267440.00
2012/12/31	5.69	5.82	5.67	5.76	19912136	191726928.00
2013/01/04	5.81	5.82	5.51	5.64	22640075	213916336.00
2013/01/07	5.60	5.83	5.58	5.81	29160966	281075936.00
2013/01/08	5.83	5.98	5.74	5.97	28500892	279684384.00
2013/01/09	5.93	6.12	5.88	5.96	33035130	331159552.00
2013/01/10	5.99	6.36	5.99	6.26	37209374	387912160.00
2013/01/11	6.28	6.55	6.19	6.38	42511013	450931712.00
2013/01/14	6.43	6.59	6.25	6.58	34027277	365475040.00
2013/01/15	6.51	6.69	6.45	6.65	29890300	327383776.00
2013/01/16	6.64	6.64	6.36	6.51	25028522	270666496.00
2013/01/17	6.42	6.48	6.24	6.26	20140032	213055520.00
2013/01/18	6.27	6.34	6.10	6.27	29005020	300889984.00
2013/01/21	6.23	6.52	6.15	6.48	26782872	284232512.00
2013/01/22	6.39	6.54	6.26	6.43	21179752	225923600.00
2013/01/23	6.40	6.50	6.21	6.33	15051504	159430704.00
2013/01/24	6.33	6.36	6.09	6.16	15754859	163343936.00
2013/01/25	6.17	6.38	6.11	6.29	15189474	158739056.00
2013/01/28	6.04	6.13	5.95	6.09	30114644	303023392.00
2013/01/29	6.07	6.16	6.00	6.04	17977532	182560208.00
2013/01/30	6.04	6.07	5.79	5.84	26917387	265414176.00
2013/01/31	5.84	5.91	5.76	5.89	14444682	141522976.00
2013/02/01	6.03	6.18	5.98	6.12	28120834	286105632.00
2013/02/04	6.11	6.14	5.99	6.05	12410638	125317624.00
2013/02/05	6.03	6.08	5.92	6.06	13901790	139095360.00
2013/02/06	6.10	6.21	6.08	6.17	14312135	147350544.00
2013/02/07	6.22	6.23	6.03	6.07	16312890	165687648.00
2013/02/08	6.09	6.26	6.08	6.21	13858947	142946336.00
2013/02/18	6.24	6.39	6.19	6.33	13724631	144354496.00
2013/02/19	6.30	6.49	6.21	6.38	19164337	203336304.00
2013/02/20	6.36	6.68	6.33	6.64	33034031	361220256.00
2013/02/21	6.59	6.78	6.49	6.54	30384616	335672800.00
2013/02/22	6.54	6.79	6.54	6.73	24491197	273773184.00
2013/02/25	6.73	6.76	6.56	6.60	17978369	198588016.00
2013/02/26	6.58	6.78	6.43	6.57	24035639	265566528.00
2013/02/27	6.69	6.76	6.47	6.58	14198218	156188448.00
2013/02/28	6.65	6.86	6.54	6.83	26573223	298857312.00
2013/03/01	6.86	6.89	6.61	6.76	32505306	364818080.00
2013/03/04	6.72	6.72	6.27	6.37	19861972	215220960.00
2013/03/05	6.43	6.51	6.32	6.48	15407798	164849904.00
2013/03/06	6.51	6.68	6.36	6.67	18457082	202159920.00
2013/03/07	6.61	6.64	6.43	6.48	12427227	135178816.00
2013/03/08	6.49	6.63	6.44	6.48	10829546	117887240.00
2013/03/11	6.49	6.51	6.25	6.29	11925235	126615856.00
2013/03/12	6.29	6.34	5.92	6.03	15652509	159323824.00
2013/03/13	6.03	6.04	5.91	6.00	7373337	73598832.00
2013/03/14	6.06	6.18	5.98	6.08	8354029	85296888.00
2013/03/15	6.14	6.23	6.01	6.06	9639183	98893832.00
2013/03/18	6.06	6.11	5.98	6.05	5669199	57228828.00
2013/03/19	6.02	6.09	5.91	5.98	8234909	82055336.00
2013/03/20	5.98	6.14	5.96	6.13	8268727	83813328.00
2013/03/21	6.14	6.29	6.13	6.21	10563207	109697264.00
2013/03/22	6.21	6.26	6.11	6.19	6870433	70740704.00
2013/03/25	6.19	6.21	6.02	6.14	7402393	75390536.00
2013/03/26	6.11	6.11	5.99	6.01	5698731	57469528.00
2013/03/27	6.05	6.09	5.99	6.03	4283766	43257344.00
2013/03/28	5.98	5.98	5.82	5.83	7328519	72255376.00
2013/03/29	5.85	5.95	5.79	5.86	3506393	34380572.00
2013/04/01	5.86	5.90	5.81	5.82	3802693	37247352.00
2013/04/02	5.81	5.89	5.67	5.69	5840195	56284528.00
2013/04/03	5.75	5.75	5.53	5.58	6310317	57840984.00
2013/04/08	5.50	5.51	5.42	5.46	10024843	89562752.00
2013/04/09	5.47	5.73	5.47	5.66	10351946	94859264.00
2013/04/10	5.66	5.70	5.57	5.62	6074764	55981156.00
2013/04/11	5.64	5.67	5.53	5.53	4779168	43581364.00
2013/04/12	5.51	5.59	5.51	5.58	2851493	25851436.00
2013/04/15	5.58	5.58	5.36	5.41	6551303	58352152.00
2013/04/16	5.40	5.56	5.40	5.54	5477815	48986516.00
2013/04/17	5.55	5.78	5.54	5.74	10366312	96567888.00
2013/04/18	5.77	6.27	5.69	6.19	26513757	261717088.00
2013/04/19	6.14	6.24	6.10	6.20	19451072	195786784.00
2013/04/22	6.19	6.62	6.14	6.33	24323783	253876976.00
2013/04/23	6.31	6.43	6.18	6.28	18878795	194661792.00
2013/04/24	6.28	6.58	6.24	6.53	26267508	276974656.00
2013/04/25	6.45	6.74	6.38	6.40	21410254	229249952.00
2013/04/26	6.48	6.58	6.25	6.31	15810889	164383200.00
2013/05/02	6.30	6.52	6.27	6.44	12638644	132172512.00
2013/05/03	6.47	6.59	6.43	6.55	15894113	168732272.00
2013/05/06	6.55	7.20	6.53	7.04	44329076	501967328.00
2013/05/07	6.94	6.99	6.82	6.93	19840447	222977648.00
2013/05/08	7.07	7.34	6.99	7.19	37961464	444840288.00
2013/05/09	7.24	7.36	7.04	7.26	39906297	467773440.00
2013/05/10	7.24	7.39	7.11	7.18	23381238	274573952.00
2013/05/13	7.15	7.25	6.98	7.19	24682154	285110752.00
2013/05/14	7.24	7.28	6.79	6.84	29650705	336139136.00
2013/05/15	6.84	7.07	6.83	7.05	25398605	287922304.00
2013/05/16	7.00	7.26	6.95	7.08	29658374	344199264.00
2013/05/17	7.07	7.79	7.06	7.79	66744293	825910976.00
2013/05/20	7.94	8.23	7.82	8.01	74005607	964030144.00
2013/05/21	8.00	8.82	7.98	8.82	74286994	1035427392.00
2013/05/22	9.01	9.18	8.63	8.92	74437693	1076958976.00
2013/05/23	8.81	9.12	8.60	8.74	55667937	803505792.00
2013/05/24	8.81	9.29	8.64	9.01	55989925	821009280.00
2013/05/27	8.93	9.46	8.78	9.13	50448089	745345536.00
2013/05/28	9.03	9.22	8.63	8.74	40791255	583061824.00
2013/05/29	8.77	9.03	8.71	8.93	34789674	501411104.00
2013/05/30	9.00	9.79	8.91	9.56	59451977	907292992.00
2013/05/31	9.44	10.01	9.32	9.79	42313316	665310528.00
2013/06/03	9.63	9.88	9.44	9.54	26661698	416352128.00
2013/06/04	9.54	10.09	9.01	9.18	37177169	573611200.00
2013/06/05	9.19	9.97	9.11	9.93	43895104	684722752.00
2013/06/06	9.88	10.04	9.56	9.64	28070560	443996224.00
2013/06/07	9.70	9.77	8.79	9.13	39036351	582605760.00
2013/06/13	8.81	9.01	8.38	8.86	31871030	450683264.00
2013/06/14	8.94	9.76	8.89	9.76	53360374	825263168.00
2013/06/17	9.69	10.40	9.69	9.86	76840744	1240497408.00
2013/06/18	9.84	10.26	9.56	10.04	42669903	686879936.00
2013/06/19	9.88	10.17	9.72	9.99	25942929	417006912.00
2013/06/20	9.94	10.32	9.48	9.58	39556487	637246656.00
2013/06/21	9.19	9.86	8.82	9.53	36098297	545530432.00
2013/06/24	9.44	9.47	8.56	8.56	38111318	549977536.00
2013/06/25	8.36	9.04	7.74	8.85	49337408	679681024.00
2013/06/26	8.86	9.75	8.86	9.75	53192506	810344512.00
2013/06/27	10.26	10.61	9.66	10.01	75911577	1247532672.00
2013/06/28	10.24	11.02	9.89	10.89	84475134	1459361408.00
2013/07/10	11.99	11.99	11.99	11.99	2766927	53650716.00
2013/07/11	12.38	13.21	12.02	13.21	86245830	1769470208.00
2013/07/12	13.63	14.54	13.38	13.84	77170160	1742457856.00
2013/07/15	13.81	14.79	13.50	14.59	62256333	1428677760.00
2013/07/16	14.25	14.61	13.72	14.07	50426753	1146699520.00
2013/07/17	14.00	15.44	14.00	14.89	64722310	1532178176.00
2013/07/18	14.75	14.81	14.37	14.41	38060384	893481600.00
2013/07/19	14.32	15.34	13.53	13.69	52122447	1225833088.00
2013/07/22	13.76	15.08	13.76	15.08	64629871	1538167808.00
2013/07/23	15.36	15.36	14.63	15.03	40878150	982923904.00
2013/07/24	15.30	15.67	14.75	15.16	48687320	1192179072.00
2013/07/25	14.93	14.96	13.63	13.63	60754965	1373621248.00
2013/07/26	13.54	13.89	12.86	13.51	58113785	1254038144.00
2013/07/29	13.22	13.34	12.71	12.96	37623494	792970368.00
2013/07/30	12.97	13.11	11.79	12.29	55315875	1099118336.00
2013/07/31	12.50	12.61	12.15	12.18	35538966	712764224.00
2013/08/01	12.24	13.16	12.14	13.04	56959566	1180211968.00
2013/08/02	13.00	13.05	12.61	12.68	41617785	862508736.00
2013/08/05	12.75	13.04	12.58	12.92	24094327	500850112.00
2013/08/06	13.31	14.23	13.31	14.23	41563669	937517888.00
2013/08/07	14.56	14.80	13.91	14.58	72228873	1680663936.00
2013/08/08	14.33	14.64	14.11	14.33	32732593	759157376.00
2013/08/09	14.45	14.76	13.31	13.73	48730233	1094466176.00
2013/08/12	14.13	14.23	12.91	13.39	44489422	969781376.00
2013/08/13	13.27	14.42	13.09	13.91	54696242	1231717888.00
2013/08/14	13.75	14.10	13.19	13.78	38952072	856639488.00
2013/08/15	13.79	14.34	13.43	13.87	48193495	1086103424.00
2013/08/16	13.62	13.91	12.61	12.63	50640218	1083661696.00
2013/08/19	12.45	13.14	12.39	12.99	27148512	563459456.00
2013/08/20	13.28	14.09	13.28	13.62	51925661	1152045568.00
2013/08/21	13.61	13.96	13.47	13.67	30325265	671139264.00
2013/08/22	13.73	14.72	13.58	14.34	59235727	1361197312.00
2013/08/23	14.34	14.82	14.06	14.44	61555313	1436256768.00
2013/08/26	14.50	15.23	14.26	14.99	50190483	1195596032.00
2013/08/27	14.88	15.25	14.48	15.15	51086706	1227758080.00
2013/08/28	14.88	15.55	14.31	14.35	52148192	1261311232.00
2013/08/29	14.18	15.74	14.13	15.41	70056640	1716736000.00
2013/08/30	15.25	15.27	13.86	13.86	62424891	1444129280.00
2013/09/02	13.32	14.31	13.23	13.89	34472685	767260928.00
2013/09/03	13.78	14.37	13.74	14.09	35810183	813059392.00
2013/09/04	13.94	14.03	13.31	13.66	41945883	925608448.00
2013/09/05	13.50	15.04	13.44	15.04	87677931	2070064384.00
2013/09/06	15.81	16.56	15.43	16.56	79439953	2061357056.00
2013/09/09	16.72	16.89	15.88	16.42	68915762	1817602432.00
2013/09/10	16.49	17.01	15.51	16.13	57275176	1494930304.00
2013/09/11	15.75	15.80	14.55	14.87	47431781	1148352384.00
2013/09/12	14.74	15.31	14.57	14.78	32267268	775940672.00
2013/09/13	14.76	15.81	14.13	15.46	44019050	1073515840.00
2013/09/16	15.26	16.27	15.14	15.64	46283844	1176421760.00
2013/09/17	15.64	15.79	14.80	14.89	29690940	728598144.00
2013/09/18	14.88	16.31	14.75	16.06	50427794	1288145664.00
2013/09/23	16.05	17.22	15.80	16.80	51300418	1354087552.00
2013/09/24	16.56	16.75	16.06	16.28	39912384	1056681216.00
2013/09/25	16.16	17.76	16.16	16.93	47750286	1326319872.00
2013/09/26	17.57	18.44	17.13	17.41	50740164	1454110080.00
2013/09/27	17.38	18.09	16.64	17.61	38595708	1081871104.00
2013/09/30	17.56	18.83	17.42	18.13	37691044	1110830208.00
2013/10/08	18.32	18.81	17.43	17.82	38443671	1113850240.00
2013/10/09	17.63	18.47	17.27	18.28	36309205	1046518528.00
2013/10/10	18.68	18.69	16.84	17.19	39489324	1124885504.00
2013/10/11	17.16	17.38	15.88	16.69	43010339	1144676480.00
2013/10/14	16.56	16.93	16.13	16.80	23644046	631017600.00
2013/10/15	16.75	17.02	16.13	16.39	27086997	727828608.00
2013/10/16	16.51	16.66	14.74	14.75	45011923	1094213376.00
2013/10/17	14.75	14.99	14.06	14.20	27733669	643436352.00
2013/10/18	14.21	14.74	14.21	14.68	17940918	421688448.00
2013/10/21	14.80	14.94	14.37	14.75	24970497	594704896.00
2013/10/22	14.68	14.73	13.26	13.26	45195256	1006459264.00
2013/10/23	13.11	13.58	12.88	13.38	28699613	616398464.00
2013/10/24	13.44	13.45	12.91	13.02	16818726	356742240.00
2013/10/25	13.13	13.18	12.05	12.61	36221332	731752768.00
2013/10/28	12.41	13.03	12.41	12.84	23648214	487914656.00
2013/10/29	12.89	12.97	11.68	12.41	29169805	581247936.00
2013/10/30	12.31	13.10	12.25	12.81	25520742	528825312.00
2013/10/31	12.66	13.00	12.45	12.70	18382064	380103520.00
2013/11/01	12.58	12.79	11.99	12.46	18620012	373339392.00
2013/11/04	12.31	12.59	12.14	12.23	13430144	268103776.00
2013/11/05	12.09	12.67	11.95	12.65	19298095	386981408.00
2013/11/06	12.50	12.57	12.13	12.15	17925037	358644544.00
2013/11/07	11.99	12.25	11.63	11.72	17605287	338676384.00
2013/11/08	11.74	11.82	11.31	11.44	18136924	338998688.00
2013/11/11	11.48	11.56	11.06	11.14	17568226	319970240.00
2013/11/12	11.14	11.59	11.04	11.42	19304930	353283904.00
2013/11/13	11.37	11.73	11.26	11.27	18271280	340864448.00
2013/11/14	11.19	11.89	11.05	11.69	24573776	461170592.00
2013/11/15	11.59	12.22	11.59	11.86	28974393	558914752.00
2013/11/18	11.91	12.16	11.80	12.11	22069632	427335840.00
2013/11/19	12.18	12.58	12.13	12.24	27659060	551314880.00
2013/11/20	12.25	12.31	11.92	12.18	15921198	310783200.00
2013/11/21	12.09	12.38	11.97	12.28	22269746	440767712.00
2013/11/22	12.28	12.53	11.91	12.30	29589899	585961344.00
2013/11/25	12.15	12.61	12.04	12.31	23282725	464584864.00
2013/11/26	12.25	12.44	12.06	12.08	18369083	362156960.00
2013/11/27	12.18	13.15	12.06	12.76	44044725	900225856.00
2013/11/28	12.69	12.79	12.55	12.62	20477259	418704672.00
2013/11/29	12.62	12.79	12.57	12.72	21715510	445218400.00
2013/12/02	12.19	12.23	11.44	11.44	30997989	589872256.00
2013/12/03	11.13	11.31	10.50	11.05	28680538	505250656.00
2013/12/04	10.99	11.43	10.94	11.14	16535249	300891776.00
2013/12/05	11.13	11.23	10.94	11.00	14309768	256180112.00
2013/12/06	11.00	11.25	10.94	11.16	11044987	198271824.00
2013/12/09	11.14	11.34	11.13	11.28	11241648	204224944.00
2013/12/10	11.33	11.33	10.99	11.05	12471086	223995040.00
2013/12/11	11.12	11.24	10.86	11.01	13279571	237392704.00
2013/12/12	10.94	11.53	10.91	11.37	25214750	462341312.00
2013/12/13	11.22	11.45	11.13	11.24	12868018	234794208.00
2013/12/16	11.28	11.53	11.21	11.23	16121512	296296896.00
2013/12/17	11.27	11.30	10.51	10.83	22351961	391087232.00
2013/12/18	10.75	10.91	10.47	10.68	12117856	209863520.00
2013/12/19	10.58	10.87	10.32	10.39	16423673	281846464.00
2013/12/20	10.38	10.74	10.22	10.55	17631194	299979520.00
2013/12/23	10.51	10.68	10.16	10.21	13837343	231727072.00
2013/12/24	10.24	10.46	10.14	10.37	12225346	204078576.00
2013/12/25	10.31	11.06	10.29	10.85	24669415	429234272.00
2013/12/26	10.81	10.81	10.34	10.36	17179251	294171456.00
2013/12/27	10.41	10.67	10.32	10.58	12718648	216876288.00
2013/12/30	10.69	10.73	10.53	10.56	11037193	189654880.00
2013/12/31	10.50	10.58	10.33	10.49	9753860	165283280.00
2014/01/02	10.50	10.70	10.44	10.59	11249220	193253952.00
2014/01/03	10.56	11.12	10.53	10.93	28893269	510429888.00
2014/01/06	10.86	10.93	10.59	10.65	13658248	237471776.00
2014/01/07	10.62	10.93	10.51	10.89	12691164	221180096.00
2014/01/08	11.01	11.44	10.91	11.26	31703307	575078848.00
2014/01/09	11.37	12.31	11.37	11.69	50064979	962196288.00
2014/01/10	11.56	11.98	11.39	11.55	28099832	527777760.00
2014/01/13	11.73	11.80	11.41	11.66	18400135	345053696.00
2014/01/14	11.68	11.68	11.27	11.59	16313115	301625984.00
2014/01/15	11.46	11.75	11.35	11.48	19554228	365080032.00
2014/01/16	11.53	11.72	11.32	11.38	15647488	290721472.00
2014/01/17	11.38	11.51	11.10	11.12	13315452	243276880.00
2014/01/20	11.06	11.09	10.88	11.03	11185528	198605168.00
2014/01/21	11.34	11.81	11.19	11.78	31803013	593476288.00
2014/01/22	11.81	12.11	11.68	12.06	33468316	647324032.00
2014/01/23	12.13	13.13	11.96	13.01	57560593	1167238144.00
2014/01/24	13.00	13.24	12.68	12.96	38977284	816690496.00
2014/01/27	12.99	14.26	12.99	13.94	67516634	1509852544.00
2014/01/28	13.75	14.19	13.56	14.16	38602139	862074176.00
2014/01/29	14.34	14.72	14.00	14.04	34423254	794941824.00
2014/01/30	13.95	14.60	13.94	14.35	33416951	771717312.00
2014/02/07	14.35	15.04	14.19	14.88	27051052	642271488.00
2014/02/10	15.66	16.13	15.13	15.34	45010327	1127962752.00
2014/02/11	15.19	15.49	14.24	14.63	32752769	786372224.00
2014/02/12	14.53	14.94	14.27	14.55	21168895	497648992.00
2014/02/13	14.46	14.88	14.03	14.07	22316613	521044320.00
2014/02/14	14.08	14.75	13.86	14.74	21331927	492928448.00
2014/02/17	15.19	15.24	14.61	14.76	32392879	776989056.00
2014/02/18	15.16	15.94	14.94	15.19	57539956	1435026944.00
2014/02/19	15.04	15.04	14.19	14.49	38528208	903141056.00
2014/02/20	14.56	14.63	13.94	14.02	21532718	491938944.00
2014/02/21	14.00	14.00	13.50	13.78	22816717	504045632.00
2014/02/24	13.78	13.95	13.56	13.79	17378174	387229504.00
2014/02/25	13.81	14.49	13.13	13.26	30796891	695261440.00
2014/02/26	13.12	13.12	12.40	12.89	19790583	407850304.00
2014/02/27	12.91	13.50	12.63	12.89	17812038	376948576.00
2014/02/28	12.56	13.14	12.03	12.90	27299404	551174272.00
2014/03/03	12.83	12.97	12.49	12.96	14440376	297664192.00
2014/03/04	12.81	12.97	12.63	12.74	10556234	217972016.00
2014/03/05	12.84	13.10	12.74	12.86	15587718	325900128.00
2014/03/06	12.99	13.02	12.53	12.88	12060774	250208096.00
2014/03/07	12.91	13.34	12.88	13.17	19236823	408393728.00
2014/03/10	13.13	13.13	12.30	12.37	16327089	334036576.00
2014/03/11	12.36	12.54	12.18	12.28	8418958	168234384.00
2014/03/12	12.19	12.61	12.14	12.36	11484768	229791232.00
2014/03/13	12.38	12.52	12.22	12.43	8908194	178362688.00
2014/03/14	12.41	12.94	12.26	12.71	13737015	280672480.00
2014/03/17	12.78	13.37	12.69	13.23	17127394	363403904.00
2014/03/18	13.31	13.36	12.96	13.06	15200552	321977696.00
2014/03/19	12.98	13.43	12.73	12.88	19307135	407500544.00
2014/03/20	12.58	12.58	11.58	11.58	44875439	865140800.00
2014/03/21	11.06	11.25	10.53	11.14	38466721	678461440.00
2014/03/24	11.21	11.66	11.21	11.29	26087285	481766976.00
2014/03/25	11.44	11.59	11.27	11.42	13762683	254244816.00
2014/03/26	11.44	11.78	11.39	11.70	15700404	295633824.00
2014/03/27	11.74	11.74	11.06	11.12	18133214	331642432.00
2014/03/28	11.06	11.19	10.51	10.76	18201301	316250176.00
2014/03/31	10.90	11.47	10.79	10.97	14454365	161668288.00
2014/04/01	10.80	11.09	10.66	10.99	16014872	174155904.00
2014/04/02	11.00	11.05	10.65	10.70	17344027	187326144.00
2014/04/03	10.69	11.06	10.55	10.87	18792724	203512368.00
2014/04/04	10.83	11.67	10.75	11.56	39191632	440656288.00
2014/04/08	11.46	11.88	11.35	11.69	34017046	394251008.00
2014/04/09	11.65	12.11	11.61	11.78	34558662	411097632.00
2014/04/10	11.92	11.98	11.71	11.87	26171321	310307456.00
2014/04/11	11.77	11.79	11.53	11.66	27651466	321875328.00
2014/04/14	11.81	11.93	11.64	11.70	18454473	216740896.00
2014/04/15	11.60	11.65	11.46	11.52	15822654	182436432.00
2014/04/16	11.51	11.65	11.36	11.59	13608047	156676384.00
2014/04/17	11.64	11.67	11.34	11.35	14564370	167774368.00
2014/04/18	11.39	11.54	11.23	11.33	13600857	154449168.00
2014/04/21	11.20	11.27	10.93	10.94	19538827	216565792.00
2014/04/22	10.98	11.13	10.68	11.10	15031957	163941408.00
2014/04/23	11.08	11.08	10.78	10.83	10430988	113761688.00
2014/04/24	10.85	11.16	10.72	11.01	16316025	178684912.00
2014/04/25	11.00	11.17	10.74	10.80	13775336	151307120.00
2014/04/28	10.63	10.71	10.02	10.06	23003978	238423328.00
2014/04/29	10.11	10.17	9.50	9.79	30786609	302325728.00
2014/04/30	9.82	10.07	9.73	9.94	19501795	193453872.00
2014/05/05	9.88	9.99	9.69	9.96	20288410	199028672.00
2014/05/06	10.01	10.39	9.96	10.38	33261577	338198080.00
2014/05/07	10.22	10.25	9.95	9.96	20258932	204363872.00
2014/05/08	9.88	10.24	9.85	10.01	18390854	185303328.00
2014/05/09	10.00	10.07	9.68	9.83	13978061	137612192.00
2014/05/12	9.97	10.20	9.88	10.10	16363262	164751264.00
2014/05/13	10.08	10.30	10.01	10.13	15116873	153340080.00
2014/05/14	10.16	10.30	10.03	10.21	14141234	143790224.00
2014/05/15	10.35	10.38	9.98	9.99	21661398	221129648.00
2014/05/16	9.96	10.05	9.68	9.81	15974272	157030544.00
2014/05/19	9.88	9.99	9.79	9.90	10392293	102761720.00
2014/05/20	9.97	10.25	9.95	10.19	22965971	233092576.00
2014/05/21	10.18	10.26	10.05	10.23	13493150	137261712.00
2014/05/22	10.46	10.66	10.35	10.43	40327252	424277472.00
2014/05/23	10.40	10.59	10.25	10.57	22711352	236335984.00
2014/05/26	10.57	10.93	10.54	10.84	35154183	378084544.00
2014/05/27	10.78	10.94	10.56	10.61	27216908	292428640.00
2014/05/28	10.68	10.80	10.45	10.78	21472530	229044832.00
2014/05/29	10.80	10.84	10.46	10.57	22430701	238627552.00
2014/05/30	10.60	10.78	10.50	10.63	18306368	194993696.00
2014/06/03	10.66	10.84	10.58	10.65	18637405	199492080.00
2014/06/04	10.61	10.65	10.39	10.55	14356265	150681584.00
2014/06/05	10.66	11.61	10.53	11.61	78387209	878956288.00
2014/06/06	11.68	12.17	11.52	11.84	112554615	1332770048.00
2014/06/09	11.80	12.74	11.63	12.58	99788499	1221741568.00
2014/06/10	12.41	12.74	12.18	12.61	68868619	857528128.00
2014/06/11	12.48	12.67	12.18	12.32	55953920	692076096.00
2014/06/12	12.22	12.58	11.97	12.47	59673755	731808448.00
2014/06/13	12.44	12.47	12.19	12.28	41014520	505206688.00
2014/06/16	12.31	12.61	12.13	12.54	55141842	681580992.00
2014/06/17	12.60	12.60	12.25	12.39	32229711	398775520.00
2014/06/18	12.51	12.59	12.00	12.08	31492432	387052576.00
2014/06/19	12.01	12.12	11.22	11.34	44271386	516177248.00
2014/06/20	11.36	11.49	11.13	11.47	27000087	305502336.00
2014/06/23	11.50	11.78	11.35	11.65	27565565	320645280.00
2014/06/24	11.50	11.94	11.50	11.89	38376200	452034240.00
2014/06/25	11.80	11.80	11.35	11.42	32125687	369327872.00
2014/06/26	11.42	11.74	11.41	11.62	23066468	267252224.00
2014/06/27	11.70	11.80	11.45	11.62	20904430	242938768.00
2014/06/30	11.67	11.85	11.57	11.84	23338407	274018944.00
2014/07/01	11.97	12.14	11.78	12.06	36845615	440925184.00
2014/07/02	12.09	12.19	11.80	11.95	25577910	305897792.00
2014/07/03	11.95	11.97	11.67	11.75	25994274	305495296.00
2014/07/04	11.77	11.77	11.43	11.59	26156284	302444416.00
2014/07/07	11.67	11.68	11.40	11.63	16292806	188294496.00
2014/07/08	11.65	11.74	11.48	11.68	16025189	186419296.00
2014/07/09	11.65	11.65	11.20	11.21	21782591	248400272.00
2014/07/10	11.15	11.26	10.82	10.96	22020224	243759184.00
2014/07/11	11.06	11.33	11.00	11.13	15974965	178439968.00
2014/07/14	11.17	11.20	10.89	11.15	15491546	171052032.00
2014/07/15	11.11	11.14	10.86	10.94	16514274	181130656.00
2014/07/16	10.96	10.99	10.55	10.61	19576850	209977376.00
2014/07/17	10.58	10.72	10.48	10.60	12410372	131110520.00
2014/07/18	10.59	10.65	10.45	10.47	10482988	110444552.00
2014/07/21	10.46	10.57	10.34	10.53	10330635	108355792.00
2014/07/22	10.39	10.41	10.22	10.37	20923528	216112272.00
2014/07/23	10.35	10.35	9.89	9.94	28148748	283730400.00
2014/07/24	9.96	10.07	9.75	10.04	21618746	214602128.00
2014/07/25	10.04	10.20	9.98	10.14	15478950	156531792.00
2014/07/28	10.20	10.44	10.11	10.35	21477142	221233968.00
2014/07/29	10.39	10.56	10.31	10.51	21438469	224636464.00
2014/07/30	10.63	10.74	10.38	10.55	19119388	200810336.00
2014/07/31	10.53	10.82	10.45	10.74	25987126	277374080.00
2014/08/01	10.67	10.70	10.40	10.41	26881127	284332800.00
2014/08/04	10.45	10.58	10.42	10.53	14141561	148459376.00
2014/08/05	10.53	11.01	10.48	10.93	37258821	402815776.00
2014/08/06	10.80	10.89	10.73	10.85	21308588	230232464.00
2014/08/07	10.85	10.94	10.65	10.69	20351907	219911360.00
2014/08/08	10.68	10.80	10.55	10.63	18281197	194711840.00
2014/08/11	10.64	10.78	10.61	10.76	15992149	171371040.00
2014/08/12	10.75	10.97	10.63	10.89	24068797	260246656.00
2014/08/13	10.83	11.07	10.77	10.94	26994474	294572160.00
2014/08/14	11.04	11.26	10.96	10.99	42290442	470659392.00
2014/08/15	10.98	11.25	10.93	11.19	30958869	344602880.00
2014/08/18	11.21	11.93	11.18	11.77	71727501	832458048.00
2014/08/19	12.26	12.40	11.61	11.78	82978888	992889024.00
2014/08/20	11.90	11.93	11.50	11.55	43402753	504031168.00
2014/08/21	11.54	12.57	11.52	12.37	93528616	1125240704.00
2014/08/22	12.20	12.55	12.02	12.15	82912269	1018787264.00
2014/08/25	12.15	13.32	12.02	12.83	111951908	1418561280.00
2014/08/26	12.70	12.76	12.28	12.39	72269191	900399424.00
2014/08/27	12.48	12.53	12.10	12.20	39003984	477691968.00
2014/08/28	12.21	12.49	12.05	12.06	40240546	493754368.00
2014/08/29	12.13	12.16	11.51	11.88	36263884	426978976.00
2014/09/01	11.89	12.35	11.70	12.17	38778012	470655872.00
2014/09/02	12.26	12.78	12.16	12.52	66550583	832510144.00
2014/09/03	12.54	13.00	12.40	12.79	76997064	981028928.00
2014/09/04	12.76	12.80	12.55	12.67	43962739	556541120.00
2014/09/05	12.70	12.83	12.42	12.49	36969323	464133696.00
2014/09/09	12.60	13.32	12.45	13.19	81105048	1055436416.00
2014/09/17	13.00	14.25	12.80	13.44	113432792	1540254080.00
2014/09/18	13.29	13.39	12.86	13.01	49764656	649837824.00
2014/09/19	13.04	13.29	12.86	13.12	33182744	433596736.00
2014/09/22	13.10	13.12	12.53	12.55	36656121	464892352.00
2014/09/23	12.58	12.70	12.51	12.60	24886092	313649312.00
2014/09/24	12.60	12.79	12.42	12.75	32863016	414915072.00
2014/09/25	12.98	13.25	12.86	12.94	48709995	636520896.00
2014/09/26	12.80	12.96	12.75	12.85	23627529	303374016.00
2014/09/29	12.83	13.09	12.80	12.95	29873901	387022752.00
2014/09/30	13.01	13.28	12.97	13.04	36110744	473182144.00
2014/10/08	13.16	13.16	12.90	13.09	27408017	356433824.00
2014/10/09	13.36	13.43	13.00	13.12	41921120	553268672.00
2014/10/10	13.02	13.05	12.68	12.70	40349062	517695520.00
2014/10/13	12.67	12.82	12.62	12.81	23551887	299371552.00
2014/10/14	12.75	12.81	12.45	12.49	23512590	297552224.00
2014/10/15	12.50	12.69	12.17	12.64	30430428	377911808.00
2014/10/16	12.50	12.74	12.40	12.42	22298033	280681344.00
2014/10/17	12.38	12.43	11.99	12.10	24659222	299424384.00
2014/10/20	12.41	12.57	12.25	12.50	20101947	249856640.00
2014/10/21	12.55	12.58	12.21	12.24	17410764	215256816.00
2014/10/22	12.26	12.30	12.01	12.06	13672852	166083648.00
2014/10/23	12.09	12.14	11.63	11.68	18399016	217572592.00
2014/10/24	11.76	11.98	11.65	11.77	14537542	172078656.00
2014/10/27	11.71	11.79	11.57	11.71	9764348	114197416.00
2014/10/28	11.73	12.03	11.73	12.01	15443842	183903104.00
2014/10/29	12.00	12.19	11.83	12.14	31515718	378383520.00
2014/10/30	12.06	12.14	11.94	11.97	21298840	255968192.00
2014/10/31	12.05	12.05	11.75	11.85	21118608	250394000.00
2014/11/03	11.85	12.06	11.84	11.99	17358600	208170336.00
2014/11/04	11.95	11.99	11.67	11.74	22409275	264468192.00
2014/11/05	11.73	11.73	11.44	11.50	23847896	275154496.00
2014/11/06	11.56	11.75	11.49	11.74	21066354	245506656.00
2014/11/07	11.90	11.90	11.52	11.60	18489068	216597648.00
2014/11/10	11.65	11.94	11.56	11.90	21522147	253849872.00
2014/11/11	11.88	11.89	11.22	11.30	30561791	352971040.00
2014/11/12	11.30	11.41	11.23	11.38	13337966	151048208.00
2014/11/13	11.37	11.37	10.84	10.95	27535999	303448800.00
2014/11/14	10.90	11.08	10.87	11.00	11881797	130353440.00
2014/11/17	11.00	11.46	10.78	11.31	20885652	235237808.00
2014/11/18	11.19	11.39	11.17	11.28	11499330	129840240.00
2014/11/19	11.44	11.63	11.42	11.49	23559751	271498944.00
2014/11/20	11.42	11.47	11.33	11.37	13379745	152350688.00
2014/11/21	11.40	11.85	11.39	11.74	32778128	382526976.00
2014/11/24	11.87	11.93	11.60	11.73	30029792	351499872.00
2014/11/25	11.79	11.82	11.67	11.79	27051727	317818624.00
2014/11/26	11.96	11.97	11.65	11.72	24902638	293042496.00
2014/11/27	11.74	11.88	11.60	11.78	27576646	323714272.00
2014/11/28	11.78	12.12	11.64	11.88	41793528	496487200.00
2014/12/01	11.88	11.90	11.62	11.66	23426556	274747744.00
2014/12/02	11.70	11.88	11.62	11.71	27545023	323031680.00
2014/12/03	11.75	12.31	11.66	12.26	73784264	888926400.00
2014/12/04	12.30	12.44	12.16	12.35	53617919	659921856.00
2014/12/05	12.36	12.44	11.52	11.82	44830134	537527104.00
2014/12/08	11.79	12.13	11.50	11.85	40875469	484687040.00
2014/12/09	11.80	12.51	11.62	12.18	94913402	1160006144.00
2014/12/10	12.32	13.22	12.18	13.06	123885774	1580054528.00
2014/12/11	12.85	12.96	12.51	12.74	72314623	920009472.00
2014/12/12	12.73	12.94	12.58	12.78	42927645	547941888.00
2014/12/15	12.72	12.98	12.61	12.79	41830613	535684672.00
2014/12/16	12.87	12.92	12.48	12.57	46267525	583197120.00
2014/12/17	12.50	12.50	12.11	12.23	41976426	515284832.00
2014/12/18	12.21	12.48	12.10	12.12	31724715	389500256.00
2014/12/19	12.32	12.33	11.55	11.73	38706958	458545760.00
2014/12/22	11.67	11.67	10.98	11.19	36277840	409821792.00
2014/12/23	11.19	11.48	11.15	11.19	21796883	246013504.00
2014/12/24	11.23	11.44	11.19	11.42	19307536	218081632.00
2014/12/25	11.40	11.44	11.20	11.36	17418042	197004432.00
2014/12/26	11.36	11.63	11.30	11.57	23606351	270898336.00
2014/12/29	11.50	11.75	11.32	11.35	28359631	325877920.00
2014/12/30	11.23	11.38	10.72	10.76	30961079	340663520.00
2014/12/31	10.72	10.86	10.60	10.75	17975707	192920224.00
2015/01/05	10.76	11.32	10.55	11.18	29170656	317881216.00
2015/01/06	11.06	11.49	11.00	11.35	27456061	308779360.00
2015/01/07	11.30	11.41	11.06	11.11	19224326	215241760.00
2015/01/08	11.16	11.32	11.09	11.17	19252808	215941024.00
2015/01/09	11.19	11.31	10.85	10.94	23556613	263068160.00
2015/01/12	10.80	11.05	10.66	10.79	19508241	210412288.00
2015/01/13	10.80	11.26	10.71	11.05	21800965	240350352.00
2015/01/14	11.06	11.16	10.96	11.10	15440827	170842432.00
2015/01/15	11.11	11.16	11.03	11.14	12273860	136101120.00
2015/01/16	11.17	11.66	11.10	11.47	39187166	446211648.00
2015/01/19	11.11	11.88	11.04	11.33	41797559	481443552.00
2015/01/20	11.55	12.05	11.40	11.98	61231830	719670784.00
2015/01/21	11.99	12.17	11.79	12.01	60719598	727307712.00
2015/01/22	12.01	12.14	11.88	12.11	42219631	507375328.00
2015/01/23	12.11	12.11	11.73	11.79	31471079	374374304.00
2015/01/26	11.73	12.08	11.72	12.05	28746356	344203104.00
2015/01/27	12.06	12.40	11.90	12.08	39565411	480103200.00
2015/01/28	12.18	12.71	12.11	12.44	82496628	1031213120.00
2015/01/29	12.20	12.30	11.91	12.05	35989794	435287168.00
2015/01/30	12.09	12.25	11.74	11.76	33576227	404244416.00
2015/02/02	11.70	11.96	11.56	11.81	16537788	195177136.00
2015/02/03	11.94	12.15	11.72	12.05	24566478	294625600.00
2015/02/04	12.02	12.10	11.73	11.77	24585961	292130848.00
2015/02/05	11.87	12.84	11.80	12.47	103200465	1284229120.00
2015/02/06	12.41	12.65	12.24	12.62	70366518	877390400.00
2015/02/09	12.65	12.81	12.13	12.24	51021310	635317440.00
2015/02/10	12.12	12.57	11.96	12.55	38390166	470055904.00
2015/02/11	12.64	12.77	12.43	12.55	50447448	635417536.00
2015/02/12	12.55	12.99	12.45	12.79	72332756	924161792.00
2015/02/13	12.73	12.98	12.61	12.95	66732478	853510848.00
2015/02/16	13.10	13.50	13.00	13.15	106637861	1415376896.00
2015/02/17	13.15	13.19	12.87	12.93	56131201	729836096.00
2015/02/25	12.90	12.94	12.50	12.53	46688164	592724160.00
2015/02/26	12.51	12.73	12.45	12.72	36124454	455309792.00
2015/02/27	12.71	13.15	12.68	12.88	53283695	688223680.00
2015/03/02	12.88	13.58	12.77	13.40	81380833	1073642496.00
2015/03/03	13.28	13.63	12.96	13.13	82825798	1104368256.00
2015/03/04	13.22	13.85	13.16	13.69	82038230	1118478720.00
2015/03/05	13.64	13.78	13.36	13.60	54117297	730932736.00
2015/03/06	13.73	13.76	12.90	12.96	67869108	895177984.00
2015/03/09	12.89	13.30	12.78	13.19	40422443	529892416.00
2015/03/10	13.22	13.53	13.15	13.26	39925666	532850496.00
2015/03/11	13.26	14.59	13.01	14.18	165061168	2311074816.00
2015/03/12	14.11	14.28	13.78	13.89	100377712	1403303168.00
2015/03/13	13.93	14.21	13.73	14.16	66820968	938101632.00
2015/03/16	14.23	14.48	14.07	14.29	73612353	1050526272.00
2015/03/17	14.38	14.83	14.13	14.37	84268165	1216977280.00
2015/03/18	14.38	14.54	14.15	14.40	74263570	1062885760.00
2015/03/19	14.41	14.43	14.02	14.40	74490739	1058817664.00
2015/03/20	14.39	14.64	14.24	14.47	81831308	1182909952.00
2015/03/23	14.51	15.13	14.47	14.95	90721481	1341308288.00
2015/03/24	14.96	15.13	14.36	14.66	91160637	1345077376.00
2015/03/25	14.75	15.19	14.45	15.10	86065676	1272014208.00
2015/03/26	14.98	15.08	14.62	14.72	61495658	910928704.00
2015/03/27	14.66	14.75	14.39	14.56	45416125	660911872.00
2015/03/30	14.70	14.80	14.45	14.67	50625604	739192832.00
2015/03/31	14.75	15.18	14.60	14.88	92376787	1381342848.00
2015/04/01	15.10	15.17	14.78	15.07	72450773	1087152896.00
2015/04/02	15.21	15.78	14.94	15.64	95044390	1455892224.00
2015/04/03	15.50	16.08	15.38	15.83	87419710	1378231680.00
2015/04/07	15.99	16.15	15.58	15.91	75614208	1198594304.00
2015/04/08	15.94	16.00	15.25	15.57	59576994	928334720.00
2015/04/09	15.59	15.59	14.79	15.22	57111069	862366720.00
2015/04/10	15.40	15.80	15.27	15.67	57492006	897877312.00
2015/04/13	15.67	15.98	15.40	15.82	55951647	878032448.00
2015/04/14	15.85	15.85	15.24	15.40	50296010	782382272.00
2015/04/15	15.10	15.10	14.02	14.13	75620656	1099681536.00
2015/04/16	14.00	14.44	13.88	14.32	38664242	550410304.00
2015/04/17	14.33	14.59	14.28	14.33	50278562	723811072.00
2015/04/20	14.19	14.33	13.75	13.81	51660021	725447936.00
2015/04/21	13.93	14.50	13.93	14.44	44129764	629266496.00
2015/04/22	14.74	14.86	14.53	14.75	59535805	874733376.00
2015/04/23	14.75	14.94	14.63	14.89	53053219	785119616.00
2015/04/24	14.65	14.86	14.44	14.61	42166989	617074112.00
2015/04/27	14.66	15.13	14.50	14.98	66365488	986196480.00
2015/04/28	14.98	15.07	14.10	14.33	48933437	712403584.00
2015/04/29	14.20	14.67	14.15	14.55	31546237	457984832.00
2015/04/30	14.58	14.86	14.45	14.53	35090441	515862592.00
2015/05/05	14.69	14.69	14.69	14.69	0	0.00
数据来源:通达信
